Date,Open,Buy,Sell,Total
2007/04/23,0,397000,-321000,76000
2007/04/24,0,785000,-73000,712000
2007/04/25,0,117000,-18000,99000
2007/04/26,0,490000,-69000,421000
2007/04/27,0,414000,-293000,121000
2007/04/30,0,22000,-527000,-505000
2007/05/01,0,0,0,0
2007/05/02,0,71000,-281000,-210000
2007/05/03,0,161000,-589000,-428000
2007/05/04,0,290000,-122285,167715
2007/05/07,0,507000,-506000,1000
2007/05/08,0,356000,-340000,16000
2007/05/09,0,153000,-72000,81000
2007/05/10,0,115000,-50000,65000
2007/05/11,0,37000,-27000,10000
2007/05/14,0,157000,-99000,58000
2007/05/15,0,274000,-514000,-240000
2007/05/16,0,68000,-64000,4000
2007/05/17,0,498000,-89000,409000
2007/05/18,0,182000,-137000,45000
2007/05/21,0,54000,-71000,-17000
2007/05/22,0,104000,-245000,-141000
2007/05/23,0,83000,-145000,-62000
2007/05/24,0,69000,-75000,-6000
2007/05/25,0,536000,-90000,446000
2007/05/28,0,269000,-79000,190000
2007/05/29,0,38000,-73000,-35000
2007/05/30,0,22000,-118000,-96000
2007/05/31,0,655000,-341000,314000
2007/06/01,0,127000,-78000,49000
2007/06/04,0,64000,-58000,6000
2007/06/05,0,215000,-73000,142000
2007/06/06,0,379000,-795000,-416000
2007/06/07,0,439000,-114432,324568
2007/06/08,0,279000,-95000,184000
2007/06/11,0,763000,-167000,596000
2007/06/12,0,112000,-531000,-419000
2007/06/13,0,320000,-87000,233000
2007/06/14,0,455000,-490000,-35000
2007/06/15,0,265000,-133000,132000
2007/06/18,0,0,0,0
2007/06/19,0,0,0,0
2007/06/20,0,94000,-451000,-357000
2007/06/21,0,215000,-159000,56000
2007/06/22,0,281000,-418000,-137000
2007/06/25,0,80000,-356000,-276000
2007/06/26,0,123000,-684000,-561000
2007/06/27,0,69000,-36000,33000
2007/06/28,0,339000,-881000,-542000
2007/06/29,0,166000,-17000,149000
2007/07/02,0,290000,-371000,-81000
2007/07/03,0,238000,-455000,-217000
2007/07/04,0,136000,-414000,-278000
2007/07/05,0,11000,-163000,-152000
2007/07/06,0,71000,-129000,-58000
2007/07/09,0,140000,-131000,9000
2007/07/10,0,55000,-54000,1000
2007/07/11,0,65000,-109656,-44656
2007/07/12,0,90000,-60000,30000
2007/07/13,0,26000,-53654,-27654
2007/07/16,0,54000,-265795,-211795
2007/07/17,0,32000,-100000,-68000
2007/07/18,0,70000,-25000,45000
2007/07/19,0,1292000,-30652,1261348
2007/07/20,0,234000,-852000,-618000
2007/07/23,0,42000,-323068,-281068
2007/07/24,0,48601,-297000,-248399
2007/07/25,0,461000,-63000,398000
2007/07/26,0,397000,-100000,297000
2007/07/27,0,955000,-818000,137000
2007/07/30,0,72000,-727000,-655000
2007/07/31,0,136000,-208000,-72000
2007/08/01,0,59000,-88000,-29000
2007/08/02,0,247000,-323566,-76566
2007/08/03,0,231501,-83000,148501
2007/08/06,0,75000,-132000,-57000
2007/08/07,0,158000,-74000,84000
2007/08/08,0,192000,-65000,127000
2007/08/09,0,98000,-45552,52448
2007/08/10,0,22000,-211000,-189000
2007/08/13,0,19000,-14000,5000
2007/08/14,0,23000,-98000,-75000
2007/08/15,0,134000,-165000,-31000
2007/08/16,0,29000,-176000,-147000
2007/08/17,0,43000,-310000,-267000
2007/08/20,0,71000,-66000,5000
2007/08/21,0,114000,-214000,-100000
2007/08/22,0,221000,-180000,41000
2007/08/23,0,28000,-166000,-138000
2007/08/24,0,69000,-19000,50000
2007/08/27,0,210000,-156000,54000
2007/08/28,0,26000,0,26000
2007/08/29,0,10000,-131019,-121019
2007/08/30,0,96401,-249636,-153235
2007/08/31,0,151000,-35000,116000
2007/09/03,0,29000,-151939,-122939
2007/09/04,0,24000,-122099,-98099
2007/09/05,0,120000,-46466,73534
2007/09/06,0,28000,-45001,-17001
2007/09/07,0,153000,-77000,76000
2007/09/10,0,34000,-23000,11000
2007/09/11,0,47000,-33000,14000
2007/09/12,0,39000,-33000,6000
2007/09/13,0,127000,-20280,106720
2007/09/14,0,156000,-40000,116000
2007/09/17,0,46000,-205400,-159400
2007/09/18,0,0,0,0
2007/09/19,0,67000,-131000,-64000
2007/09/20,0,375000,-40000,335000
2007/09/21,0,209000,-68339,140661
2007/09/24,0,0,0,0
2007/09/25,0,0,0,0
2007/09/26,0,438000,-78000,360000
2007/09/27,0,23000,-23030,-30
2007/09/28,0,362000,-225000,137000
2007/10/01,0,177000,-138000,39000
2007/10/02,0,32000,-29000,3000
2007/10/03,0,39000,-258000,-219000
2007/10/04,0,75000,-46800,28200
2007/10/05,0,32000,-67000,-35000
2007/10/08,0,22000,-2000,20000
2007/10/09,0,195000,-245000,-50000
2007/10/10,0,0,0,0
2007/10/11,0,3000,-4000,-1000
2007/10/12,0,145000,-59539,85461
2007/10/15,0,222000,-182000,40000
2007/10/16,0,75000,-124000,-49000
2007/10/17,0,114000,-172000,-58000
2007/10/18,0,433000,-162000,271000
2007/10/19,0,439000,-383000,56000
2007/10/22,0,68000,-527000,-459000
2007/10/23,0,253000,-127000,126000
2007/10/24,0,380000,-144000,236000
2007/10/25,0,34000,-65000,-31000
2007/10/26,0,106000,-275000,-169000
2007/10/29,0,39000,-20000,19000
2007/10/30,0,433000,-31000,402000
2007/10/31,0,86000,-21000,65000
2007/11/01,0,62000,-18000,44000
2007/11/02,0,24000,-503000,-479000
2007/11/05,0,70000,-104000,-34000
2007/11/06,0,23000,-67000,-44000
2007/11/07,0,508000,-64000,444000
2007/11/08,0,425000,-966000,-541000
2007/11/09,0,324000,-378000,-54000
2007/11/12,0,60000,-58000,2000
2007/11/13,0,115000,-1000,114000
2007/11/14,0,128000,-56000,72000
2007/11/15,0,34000,-51000,-17000
2007/11/16,0,101000,-106000,-5000
2007/11/19,0,1000,-15000,-14000
2007/11/20,0,24000,-190000,-166000
2007/11/21,0,6000,-10539,-4539
2007/11/22,0,44000,-35000,9000
2007/11/23,0,17000,-77000,-60000
2007/11/26,0,16000,-80000,-64000
2007/11/27,0,22000,-222000,-200000
2007/11/28,0,4000,-146000,-142000
2007/11/29,0,30000,-119000,-89000
2007/11/30,0,18000,-673000,-655000
2007/12/03,0,524000,-12000,512000
2007/12/04,0,341000,0,341000
2007/12/05,0,145000,-34000,111000
2007/12/06,0,108000,-62000,46000
2007/12/07,0,5000,-2000,3000
2007/12/10,0,13000,-27000,-14000
2007/12/11,0,13000,-31000,-18000
2007/12/12,0,17000,-211000,-194000
2007/12/13,0,10000,-18000,-8000
2007/12/14,0,53000,-301000,-248000
2007/12/17,0,37000,-88000,-51000
2007/12/18,0,133000,-184000,-51000
2007/12/19,0,73000,-39000,34000
2007/12/20,0,35000,-26000,9000
2007/12/21,0,172000,-13799,158201
2007/12/24,0,43000,-26824,16176
2007/12/25,0,81295,-4000,77295
2007/12/26,0,20000,-46000,-26000
2007/12/27,0,143000,-23000,120000
2007/12/28,0,8000,-45000,-37000
2007/12/31,0,24000,-37000,-13000
2008/01/01,0,0,0,0
2008/01/02,0,6000,-147000,-141000
2008/01/03,0,23000,-119000,-96000
2008/01/04,0,35000,-67000,-32000
2008/01/07,0,61000,-418000,-357000
2008/01/08,0,38000,-176000,-138000
2008/01/09,0,28000,-1406,26594
2008/01/10,0,25000,-34000,-9000
2008/01/11,0,101000,-24912,76088
2008/01/14,0,29000,-19000,10000
2008/01/15,0,85000,-22000,63000
2008/01/16,0,44000,-53000,-9000
2008/01/17,0,103000,-85000,18000
2008/01/18,0,67000,-44000,23000
2008/01/21,0,42000,-11000,31000
2008/01/22,0,14000,-73000,-59000
2008/01/23,0,29000,-176000,-147000
2008/01/24,0,41000,-50000,-9000
2008/01/25,0,28000,-173000,-145000
2008/01/28,0,28000,-22000,6000
2008/01/29,0,44000,-1000,43000
2008/01/30,0,14000,-17000,-3000
2008/01/31,0,117000,-6000,111000
2008/02/01,0,184000,-48000,136000
2008/02/04,0,0,0,0
2008/02/05,0,0,0,0
2008/02/06,0,0,0,0
2008/02/07,0,0,0,0
2008/02/08,0,0,0,0
2008/02/11,0,0,0,0
2008/02/12,0,4000,-104000,-100000
2008/02/13,0,27000,-25000,2000
2008/02/14,0,168000,-6000,162000
2008/02/15,0,118000,-14892,103108
2008/02/18,0,9000,-224000,-215000
2008/02/19,0,13000,-56000,-43000
2008/02/20,0,8000,-19000,-11000
2008/02/21,0,41000,-2000,39000
2008/02/22,0,42000,-5000,37000
2008/02/25,0,11000,-109080,-98080
2008/02/26,0,147000,-151448,-4448
2008/02/27,0,39000,-70632,-31632
2008/02/28,0,0,0,0
2008/02/29,0,7000,-436000,-429000
2008/03/03,0,15000,-13227,1773
2008/03/04,0,38000,-27000,11000
2008/03/05,0,18000,-15000,3000
2008/03/06,0,39000,-18840,20160
2008/03/07,0,25000,-14000,11000
2008/03/10,0,19000,-30000,-11000
2008/03/11,0,19000,-4000,15000
2008/03/12,0,199000,-117940,81060
2008/03/13,0,25000,-123468,-98468
2008/03/14,0,65000,-32000,33000
2008/03/17,0,142000,-25000,117000
2008/03/18,0,62000,-61000,1000
2008/03/19,0,20000,-49000,-29000
2008/03/20,0,68000,-8000,60000
2008/03/21,0,14000,-21000,-7000
2008/03/24,0,47000,-35000,12000
2008/03/25,0,57000,-20000,37000
2008/03/26,0,12000,-72000,-60000
2008/03/27,0,11000,-5784,5216
2008/03/28,0,52000,-28000,24000
2008/03/31,0,32000,-56000,-24000
2008/04/01,0,10000,-6000,4000
2008/04/02,0,36035,0,36035
2008/04/03,0,15000,-6000,9000
2008/04/04,0,0,0,0
2008/04/07,0,11000,-1000,10000
2008/04/08,0,6000,-55000,-49000
2008/04/09,0,7000,-34000,-27000
2008/04/10,0,16000,-23000,-7000
2008/04/11,0,0,-45000,-45000
2008/04/14,0,7000,-25928,-18928
2008/04/15,0,90000,-10000,80000
2008/04/16,0,5000,-15000,-10000
2008/04/17,0,211000,-14000,197000
2008/04/18,0,217000,-14878,202122
2008/04/21,0,52000,-1000,51000
2008/04/22,0,22000,-100000,-78000
2008/04/23,0,41000,-244000,-203000
2008/04/24,0,30000,-114000,-84000
2008/04/25,0,0,-6000,-6000
2008/04/28,0,28000,-8000,20000
2008/04/29,0,15000,-22000,-7000
2008/04/30,0,18000,-2000,16000
2008/05/01,0,0,0,0
2008/05/02,0,47000,-5000,42000
2008/05/05,0,13000,-8000,5000
2008/05/06,0,105000,-3000,102000
2008/05/07,0,10000,-54000,-44000
2008/05/08,0,6000,-20000,-14000
2008/05/09,0,9000,-25000,-16000
2008/05/12,0,21000,-42000,-21000
2008/05/13,0,18000,-10598,7402
2008/05/14,0,110000,-35000,75000
2008/05/15,0,22000,-11000,11000
2008/05/16,0,29000,-6000,23000
2008/05/19,0,8000,-1000,7000
2008/05/20,0,13000,-40000,-27000
2008/05/21,0,1000,-38000,-37000
2008/05/22,0,3000,-12000,-9000
2008/05/23,0,1000,-42000,-41000
2008/05/26,0,4000,-41000,-37000
2008/05/27,0,2000,-19000,-17000
2008/05/28,0,1000,-9000,-8000
2008/05/29,0,10000,-11000,-1000
2008/05/30,0,12000,-14000,-2000
2008/06/02,0,10000,0,10000
2008/06/03,0,9000,-13333,-4333
2008/06/04,0,4000,-3000,1000
2008/06/05,0,30000,-13000,17000
2008/06/06,0,5000,-28000,-23000
2008/06/09,0,0,-5000,-5000
2008/06/10,0,3000,-33000,-30000
2008/06/11,0,20000,-9000,11000
2008/06/12,0,130000,-42000,88000
2008/06/13,0,15000,-19000,-4000
2008/06/16,0,21000,-3000,18000
2008/06/17,0,11000,-1000,10000
2008/06/18,0,150000,-6000,144000
2008/06/19,0,14000,-12000,2000
2008/06/20,0,10000,-67000,-57000
2008/06/23,0,24000,-3000,21000
2008/06/24,0,9000,-14000,-5000
2008/06/25,0,34000,-167000,-133000
2008/06/26,0,4000,-12000,-8000
2008/06/27,0,6000,-16000,-10000
2008/06/30,0,86000,-64000,22000
2008/07/01,0,57000,-8000,49000
2008/07/02,0,117000,-10000,107000
2008/07/03,0,103000,-2000,101000
2008/07/04,0,7000,-70000,-63000
2008/07/07,0,106000,-1000,105000
2008/07/08,0,10000,-18000,-8000
2008/07/09,0,257000,-69000,188000
2008/07/10,0,38000,-25000,13000
2008/07/11,0,49000,-45000,4000
2008/07/14,0,4000,-21000,-17000
2008/07/15,0,205000,-4000,201000
2008/07/16,0,230000,-26025,203975
2008/07/17,0,40000,-25000,15000
2008/07/18,0,119000,-24000,95000
2008/07/21,0,175000,0,175000
2008/07/22,0,127000,-10000,117000
2008/07/23,0,27000,-3856,23144
2008/07/24,0,374000,0,374000
2008/07/25,0,58000,-414000,-356000
2008/07/28,0,0,0,0
2008/07/29,0,11000,-283000,-272000
2008/07/30,0,20000,-152000,-132000
2008/07/31,0,63000,0,63000
2008/08/01,0,62000,-408000,-346000
2008/08/04,0,57000,0,57000
2008/08/05,0,289000,-28000,261000
2008/08/06,0,45000,-134000,-89000
2008/08/07,0,163000,-104000,59000
2008/08/08,0,718000,-164000,554000
2008/08/11,0,456000,-11000,445000
2008/08/12,0,144000,-89000,55000
2008/08/13,0,74000,-38000,36000
2008/08/14,0,94000,-20000,74000
2008/08/15,0,251000,-215000,36000
2008/08/18,0,3000,-44000,-41000
2008/08/19,0,2000,-119000,-117000
2008/08/20,0,2000,-363000,-361000
2008/08/21,0,39000,-14000,25000
2008/08/22,0,163000,-405000,-242000
2008/08/25,0,6000,-1000,5000
2008/08/26,0,15000,-266000,-251000
2008/08/27,0,118000,-156000,-38000
2008/08/28,0,23000,-30000,-7000
2008/08/29,0,70000,-27000,43000
2008/09/01,0,2000,-16000,-14000
2008/09/02,0,12000,-57000,-45000
2008/09/03,0,58000,-262000,-204000
2008/09/04,0,17000,-45000,-28000
2008/09/05,0,8000,-35000,-27000
2008/09/08,0,41000,-9000,32000
2008/09/09,0,5000,-39000,-34000
2008/09/10,0,3000,-13000,-10000
2008/09/11,0,121000,-22000,99000
2008/09/12,0,98000,-94000,4000
2008/09/15,0,13000,-30000,-17000
2008/09/16,0,14000,-57000,-43000
2008/09/17,0,29000,-254000,-225000
2008/09/18,0,3000,-35000,-32000
2008/09/19,0,178000,-30466,147534
2008/09/22,0,176000,-407369,-231369
2008/09/23,0,269000,-19078,249922
2008/09/24,0,101000,-35000,66000
2008/09/25,0,123000,-14166,108834
2008/09/26,0,18000,-114000,-96000
2008/09/29,0,0,0,0
2008/09/30,0,0,-22000,-22000
2008/10/01,0,38000,-378000,-340000
2008/10/02,0,4000,-94737,-90737
2008/10/03,0,21000,-17000,4000
2008/10/06,0,23000,-17833,5167
2008/10/07,0,37000,-14000,23000
2008/10/08,0,33000,-19000,14000
2008/10/09,0,7000,-22952,-15952
2008/10/10,0,0,0,0
2008/10/13,0,5000,-11000,-6000
2008/10/14,0,10000,-7000,3000
2008/10/15,0,3000,-60076,-57076
2008/10/16,0,0,-1000,-1000
2008/10/17,0,40000,-16000,24000
2008/10/20,0,36000,-16899,19101
2008/10/21,0,29000,-2735,26265
2008/10/22,0,3000,-42000,-39000
2008/10/23,0,0,-1897,-1897
2008/10/24,0,0,-6369,-6369
2008/10/27,0,17000,-16000,1000
2008/10/28,0,76000,-68000,8000
2008/10/29,0,0,-2552,-2552
2008/10/30,0,0,-25000,-25000
2008/10/31,0,9000,-15000,-6000
2008/11/03,0,30000,-89000,-59000
2008/11/04,0,1000,-15416,-14416
2008/11/05,0,2000,-5000,-3000
2008/11/06,0,0,-8000,-8000
2008/11/07,0,16000,-107000,-91000
2008/11/10,0,6000,-25000,-19000
2008/11/11,0,1000,-4000,-3000
2008/11/12,0,6000,-1948,4052
2008/11/13,0,2000,-211000,-209000
2008/11/14,0,1000,-1000,0
2008/11/17,0,0,-4881,-4881
2008/11/18,0,0,-6000,-6000
2008/11/19,0,81000,-18802,62198
2008/11/20,0,0,-3009,-3009
2008/11/21,0,5000,-4000,1000
2008/11/24,0,4000,-6000,-2000
2008/11/25,0,58000,-3000,55000
2008/11/26,0,131000,-20000,111000
2008/11/27,0,447000,-26000,421000
2008/11/28,0,23000,-17000,6000
2008/12/01,0,16000,-44000,-28000
2008/12/02,0,131000,-378000,-247000
2008/12/03,0,131000,-41000,90000
2008/12/04,0,1000,-61000,-60000
2008/12/05,0,2000,-7000,-5000
2008/12/08,0,145000,-160000,-15000
2008/12/09,0,211000,-8000,203000
2008/12/10,0,324000,-205000,119000
2008/12/11,0,79000,-332000,-253000
2008/12/12,0,359000,-91000,268000
2008/12/15,0,236000,-258000,-22000
2008/12/16,0,65000,-67000,-2000
2008/12/17,0,91000,-603000,-512000
2008/12/18,0,4000,-94000,-90000
2008/12/19,0,9000,-14000,-5000
2008/12/22,0,44000,-11000,33000
2008/12/23,0,9000,-20000,-11000
2008/12/24,0,1000,-3000,-2000
2008/12/25,0,0,-5000,-5000
2008/12/26,0,60000,0,60000
2008/12/29,0,4000,-2000,2000
2008/12/30,0,97000,-17393,79607
2008/12/31,0,37000,-150000,-113000
2009/01/01,0,0,0,0
2009/01/02,0,0,0,0
2009/01/05,0,131000,-37416,93584
2009/01/06,0,86000,-104000,-18000
2009/01/07,0,134000,-67000,67000
2009/01/08,0,60000,-92000,-32000
2009/01/09,0,8000,-52000,-44000
2009/01/12,0,105000,-34000,71000
2009/01/13,0,117000,-35000,82000
2009/01/14,0,107000,-165000,-58000
2009/01/15,0,7000,-80000,-73000
2009/01/16,0,207000,-77000,130000
2009/01/19,0,7000,-4000,3000
2009/01/20,0,28000,-55000,-27000
2009/01/21,0,16000,-6000,10000
2009/01/22,0,0,0,0
2009/01/23,0,0,0,0
2009/01/26,0,0,0,0
2009/01/27,0,0,0,0
2009/01/28,0,0,0,0
2009/01/29,0,0,0,0
2009/01/30,0,0,0,0
2009/02/02,0,9000,-2000,7000
2009/02/03,0,24000,-15000,9000
2009/02/04,0,110000,-15000,95000
2009/02/05,0,60000,-8000,52000
2009/02/06,0,41000,-5000,36000
2009/02/09,0,666000,-323000,343000
2009/02/10,0,192000,-289000,-97000
2009/02/11,0,68000,-27000,41000
2009/02/12,0,49000,-88433,-39433
2009/02/13,0,292000,-38000,254000
2009/02/16,0,70000,-180000,-110000
2009/02/17,0,103000,-674000,-571000
2009/02/18,0,78000,-58000,20000
2009/02/19,0,1056000,-141000,915000
2009/02/20,0,394000,-190000,204000
2009/02/23,0,439000,-39000,400000
2009/02/24,0,173000,-406000,-233000
2009/02/25,0,214000,-285000,-71000
2009/02/26,0,25000,-117000,-92000
2009/02/27,0,73000,-94000,-21000
2009/03/02,0,55000,-214000,-159000
2009/03/03,0,168000,-128000,40000
2009/03/04,0,618000,-194000,424000
2009/03/05,0,314000,-32000,282000
2009/03/06,0,62000,-47000,15000
2009/03/09,0,61000,-91000,-30000
2009/03/10,0,278000,-80000,198000
2009/03/11,0,105000,-72000,33000
2009/03/12,0,133000,-146000,-13000
2009/03/13,0,68000,-1569160,-1501160
2009/03/16,0,88000,-217000,-129000
2009/03/17,0,208000,-302000,-94000
2009/03/18,0,23000,-322000,-299000
2009/03/19,0,31000,-90000,-59000
2009/03/20,0,20000,-447000,-427000
2009/03/23,0,23000,-33000,-10000
2009/03/24,0,8000,-34000,-26000
2009/03/25,0,62000,-30282,31718
2009/03/26,0,22000,-42000,-20000
2009/03/27,0,59000,-87000,-28000
2009/03/30,0,12000,-48000,-36000
2009/03/31,0,44000,-36000,8000
2009/04/01,0,115000,-254000,-139000
2009/04/02,0,335000,-1093,333907
2009/04/03,0,76000,-258000,-182000
2009/04/06,0,12000,-252660,-240660
2009/04/07,0,58000,-52000,6000
2009/04/08,0,632000,-136000,496000
2009/04/09,0,50000,-2000,48000
2009/04/10,0,613000,-68846,544154
2009/04/13,0,432000,-466000,-34000
2009/04/14,0,392000,-56000,336000
2009/04/15,0,168000,-115000,53000
2009/04/16,0,39000,-117000,-78000
2009/04/17,0,99000,-495000,-396000
2009/04/20,0,99000,-35000,64000
2009/04/21,0,194000,-41000,153000
2009/04/22,0,198000,-989000,-791000
2009/04/23,0,43000,-70000,-27000
2009/04/24,0,253000,-289000,-36000
2009/04/27,0,132000,-168000,-36000
2009/04/28,0,102000,-224245,-122245
2009/04/29,0,278000,-82000,196000
2009/04/30,0,176000,-16000,160000
2009/05/01,0,0,0,0
2009/05/04,0,89000,-54000,35000
2009/05/05,0,287000,-75000,212000
2009/05/06,0,178000,-58000,120000
2009/05/07,0,102000,-139145,-37145
2009/05/08,0,89000,-225000,-136000
2009/05/11,0,78000,-242022,-164022
2009/05/12,0,190000,-325000,-135000
2009/05/13,0,131000,-84000,47000
2009/05/14,0,36000,-158000,-122000
2009/05/15,0,177000,-65000,112000
2009/05/18,0,57000,-34000,23000
2009/05/19,0,64000,-217000,-153000
2009/05/20,0,366000,-42363,323637
2009/05/21,0,378000,-156000,222000
2009/05/22,0,81000,-236000,-155000
2009/05/25,0,86000,-223402,-137402
2009/05/26,0,53000,-501000,-448000
2009/05/27,0,158000,-55000,103000
2009/05/28,0,0,0,0
2009/05/29,0,0,0,0
2009/06/01,0,121000,-131000,-10000
2009/06/02,0,245000,-151529,93471
2009/06/03,0,193000,-93000,100000
2009/06/04,0,65000,-136604,-71604
2009/06/05,0,96000,-72000,24000
2009/06/08,0,379000,-128000,251000
2009/06/09,0,407000,-258000,149000
2009/06/10,0,102000,-443424,-341424
2009/06/11,0,417000,-258000,159000
2009/06/12,0,41000,-347010,-306010
2009/06/15,0,401000,-56000,345000
2009/06/16,0,75000,-223453,-148453
2009/06/17,0,109000,-71000,38000
2009/06/18,0,248000,-184000,64000
2009/06/19,0,632000,-208000,424000
2009/06/22,0,374000,-380000,-6000
2009/06/23,0,186000,-214000,-28000
2009/06/24,0,164000,-308450,-144450
2009/06/25,0,53000,-227000,-174000
2009/06/26,0,99000,-278000,-179000
2009/06/29,0,95000,-195000,-100000
2009/06/30,0,134000,-236000,-102000
2009/07/01,0,373000,-195000,178000
2009/07/02,0,454000,-407000,47000
2009/07/03,0,140000,-109000,31000
2009/07/06,0,170000,-108000,62000
2009/07/07,0,62440,-340000,-277560
2009/07/08,0,20000,-68000,-48000
2009/07/09,0,115000,-77000,38000
2009/07/10,0,73000,-19000,54000
2009/07/13,0,52000,-166370,-114370
2009/07/14,0,113000,-169445,-56445
2009/07/15,0,447000,-88000,359000
2009/07/16,0,388000,-89000,299000
2009/07/17,0,1195000,-15140,1179860
2009/07/20,0,586000,-381000,205000
2009/07/21,0,466000,-352000,114000
2009/07/22,0,439000,-403000,36000
2009/07/23,0,263000,-253000,10000
2009/07/24,0,302502,-317000,-14498
2009/07/27,0,160000,-323000,-163000
2009/07/28,0,191000,-190000,1000
2009/07/29,0,68000,-131000,-63000
2009/07/30,0,273000,-207000,66000
2009/07/31,0,436000,-438000,-2000
2009/08/03,0,165667,-165000,667
2009/08/04,0,805000,-98000,707000
2009/08/05,0,451000,-776000,-325000
2009/08/06,0,104000,-250000,-146000
2009/08/07,0,0,0,0
2009/08/10,0,24000,-12000,12000
2009/08/11,0,29000,-181000,-152000
2009/08/12,0,271000,-246000,25000
2009/08/13,0,294000,-157000,137000
2009/08/14,0,231000,-235000,-4000
2009/08/17,0,193000,-171000,22000
2009/08/18,0,130000,-391000,-261000
2009/08/19,0,166000,-43000,123000
2009/08/20,0,81000,-251000,-170000
2009/08/21,0,84000,-143000,-59000
2009/08/24,0,57000,-23265,33735
2009/08/25,0,14000,-70000,-56000
2009/08/26,0,126000,-104128,21872
2009/08/27,0,160000,-82299,77701
2009/08/28,0,46000,-238000,-192000
2009/08/31,0,39000,-6000,33000
2009/09/01,0,357000,-56000,301000
2009/09/02,0,102000,-147000,-45000
2009/09/03,0,166000,-163000,3000
2009/09/04,0,269000,-132000,137000
2009/09/07,0,121000,-301800,-180800
2009/09/08,0,153000,-301000,-148000
2009/09/09,0,64000,-80000,-16000
2009/09/10,0,61000,-139000,-78000
2009/09/11,0,17000,-71000,-54000
2009/09/14,0,27000,-82000,-55000
2009/09/15,0,20000,-120000,-100000
2009/09/16,0,78000,-38000,40000
2009/09/17,0,83000,-48000,35000
2009/09/18,0,34900,-90555,-55655
2009/09/21,0,44000,-97810,-53810
2009/09/22,0,97000,-45000,52000
2009/09/23,0,227000,-44020,182980
2009/09/24,0,46000,-106000,-60000
2009/09/25,0,8000,-156000,-148000
2009/09/28,0,10000,-123552,-113552
2009/09/29,0,61000,-178000,-117000
2009/09/30,0,9000,-65000,-56000
2009/10/01,0,8000,-27000,-19000
2009/10/02,0,84000,-52200,31800
2009/10/05,0,1000,-327000,-326000
2009/10/06,0,40000,-30050,9950
2009/10/07,0,3000,-28060,-25060
2009/10/08,0,99000,-8000,91000
2009/10/09,0,420000,-98000,322000
2009/10/12,0,64000,-14000,50000
2009/10/13,0,361000,-20000,341000
2009/10/14,0,17000,-51600,-34600
2009/10/15,0,42000,-50000,-8000
2009/10/16,0,100000,-76000,24000
2009/10/19,0,57000,-29000,28000
2009/10/20,0,55000,-126000,-71000
2009/10/21,0,5000,-22505,-17505
2009/10/22,0,49000,-139000,-90000
2009/10/23,0,38000,-21000,17000
2009/10/26,0,20000,-39000,-19000
2009/10/27,0,9000,-11000,-2000
2009/10/28,0,423000,-37000,386000
2009/10/29,0,24000,-532000,-508000
2009/10/30,0,11000,-38000,-27000
2009/11/02,0,3000,-125000,-122000
2009/11/03,0,7000,-53000,-46000
2009/11/04,0,23000,-6169,16831
2009/11/05,0,19000,-13000,6000
2009/11/06,0,15000,-458000,-443000
2009/11/09,0,15000,-11000,4000
2009/11/10,0,23000,-91500,-68500
2009/11/11,0,112000,-16000,96000
2009/11/12,0,20000,-11000,9000
2009/11/13,0,86000,-22000,64000
2009/11/16,0,374000,-43000,331000
2009/11/17,0,169000,-254200,-85200
2009/11/18,0,390000,-27205,362795
2009/11/19,0,1043000,-434000,609000
2009/11/20,0,319000,-441000,-122000
2009/11/23,0,996000,-333000,663000
2009/11/24,0,301000,-216000,85000
2009/11/25,0,210000,-454000,-244000
2009/11/26,0,240000,-310000,-70000
2009/11/27,0,233000,-127000,106000
2009/11/30,0,506000,-106000,400000
2009/12/01,0,160000,-275000,-115000
2009/12/02,0,135000,-242000,-107000
2009/12/03,0,36000,-251000,-215000
2009/12/04,0,6000,-130000,-124000
2009/12/07,0,394000,-38000,356000
2009/12/08,0,164000,-63000,101000
2009/12/09,0,120000,-48000,72000
2009/12/10,0,344000,-433000,-89000
2009/12/11,0,114000,-371000,-257000
2009/12/14,0,523000,-161000,362000
2009/12/15,0,35000,-269000,-234000
2009/12/16,0,162000,-207000,-45000
2009/12/17,0,23000,-299000,-276000
2009/12/18,0,23000,-189000,-166000
2009/12/21,0,358000,-307000,51000
2009/12/22,0,41000,-173000,-132000
2009/12/23,0,24000,-193000,-169000
2009/12/24,0,89000,-101000,-12000
2009/12/25,0,45000,-65000,-20000
2009/12/28,0,27000,-19000,8000
2009/12/29,0,4000,-13000,-9000
2009/12/30,0,25000,-69000,-44000
2009/12/31,0,27000,-670315,-643315
2010/01/01,0,0,0,0
2010/01/04,0,119000,-60000,59000
2010/01/05,0,109000,-107000,2000
2010/01/06,0,115000,-1446000,-1331000
2010/01/07,0,402000,-589000,-187000
2010/01/08,0,69000,-34000,35000
2010/01/11,0,171000,-90000,81000
2010/01/12,0,161000,-184000,-23000
2010/01/13,0,204000,-46000,158000
2010/01/14,0,96000,-76000,20000
2010/01/15,0,769000,-219000,550000
2010/01/18,0,288000,-40000,248000
2010/01/19,0,163000,-176000,-13000
2010/01/20,0,45779,-850000,-804221
2010/01/21,0,90000,-257000,-167000
2010/01/22,0,141000,-68000,73000
2010/01/25,0,42000,-141000,-99000
2010/01/26,0,137000,-105000,32000
2010/01/27,0,39000,-241000,-202000
2010/01/28,0,185000,-156000,29000
2010/01/29,0,43000,-289000,-246000
2010/02/01,0,52000,-85000,-33000
2010/02/02,0,101000,-24000,77000
2010/02/03,0,162000,-57000,105000
2010/02/04,0,742000,-53000,689000
2010/02/05,0,231000,-223000,8000
2010/02/08,0,378000,-39000,339000
2010/02/09,0,336000,-186617,149383
2010/02/10,0,185000,-308383,-123383
2010/02/11,0,0,0,0
2010/02/12,0,0,0,0
2010/02/15,0,0,0,0
2010/02/16,0,0,0,0
2010/02/17,0,0,0,0
2010/02/18,0,0,0,0
2010/02/19,0,0,0,0
2010/02/22,0,156000,-187000,-31000
2010/02/23,0,417000,-159000,258000
2010/02/24,0,151000,-155000,-4000
2010/02/25,0,57000,-151000,-94000
2010/02/26,0,85000,-86000,-1000
2010/03/01,0,233000,-97000,136000
2010/03/02,0,132000,-196824,-64824
2010/03/03,0,63000,-18000,45000
2010/03/04,0,31000,-144000,-113000
2010/03/05,0,26000,-127000,-101000
2010/03/08,0,180000,-19000,161000
2010/03/09,0,387000,-146000,241000
2010/03/10,0,141000,-16000,125000
2010/03/11,0,244000,-475000,-231000
2010/03/12,0,902000,-400000,502000
2010/03/15,0,440000,-317000,123000
2010/03/16,0,58000,-95000,-37000
2010/03/17,0,670000,-107850,562150
2010/03/18,0,265000,-114000,151000
2010/03/19,0,25000,-230000,-205000
2010/03/22,0,137000,-79000,58000
2010/03/23,0,201000,-114000,87000
2010/03/24,0,112000,-127000,-15000
2010/03/25,0,249000,-64000,185000
2010/03/26,0,77000,-23000,54000
2010/03/29,0,110000,-176000,-66000
2010/03/30,0,68000,-107000,-39000
2010/03/31,0,70000,-37000,33000
2010/04/01,0,161000,-645000,-484000
2010/04/02,0,356650,-346000,10650
2010/04/05,0,0,0,0
2010/04/06,0,218000,-254000,-36000
2010/04/07,0,23000,-114000,-91000
2010/04/08,0,23000,-141000,-118000
2010/04/09,0,13000,-74000,-61000
2010/04/12,0,206000,-265000,-59000
2010/04/13,0,71000,-75000,-4000
2010/04/14,0,121000,-9000,112000
2010/04/15,0,89000,-162000,-73000
2010/04/16,0,152000,-18050,133950
2010/04/19,0,154000,-81000,73000
2010/04/20,0,82000,-436000,-354000
2010/04/21,0,125000,-311050,-186050
2010/04/22,0,44000,-162000,-118000
2010/04/23,0,129000,-369000,-240000
2010/04/26,0,187000,-165000,22000
2010/04/27,0,35000,-33000,2000
2010/04/28,0,52000,-45000,7000
2010/04/29,0,36000,-310000,-274000
2010/04/30,0,118000,-343000,-225000
2010/05/03,0,119000,-89000,30000
2010/05/04,0,237000,-89000,148000
2010/05/05,0,155000,-92000,63000
2010/05/06,0,168000,-119000,49000
2010/05/07,0,183000,-174000,9000
2010/05/10,0,64000,-126102,-62102
2010/05/11,0,76000,-209329,-133329
2010/05/12,0,115000,-70000,45000
2010/05/13,0,117000,-247000,-130000
2010/05/14,0,51000,-28000,23000
2010/05/17,0,51000,-222000,-171000
2010/05/18,0,133000,-206000,-73000
2010/05/19,0,218000,-83000,135000
2010/05/20,0,38000,-217000,-179000
2010/05/21,0,106000,-57000,49000
2010/05/24,0,91000,-24000,67000
2010/05/25,0,67000,-246000,-179000
2010/05/26,0,162000,-114000,48000
2010/05/27,0,124000,-111000,13000
2010/05/28,0,50000,-180000,-130000
2010/05/31,0,5000,-27000,-22000
2010/06/01,0,123000,-41000,82000
2010/06/02,0,67000,-92000,-25000
2010/06/03,0,53000,-2000,51000
2010/06/04,0,45000,-33000,12000
2010/06/07,0,5000,-31000,-26000
2010/06/08,0,26000,-23000,3000
2010/06/09,0,17000,-329000,-312000
2010/06/10,0,162000,-21000,141000
2010/06/11,0,102000,-78000,24000
2010/06/14,0,27000,-58000,-31000
2010/06/15,0,93000,-10000,83000
2010/06/16,0,0,0,0
2010/06/17,0,243000,-55045,187955
2010/06/18,0,113000,-52000,61000
2010/06/21,0,26000,-55000,-29000
2010/06/22,0,35000,0,35000
2010/06/23,0,79000,-56000,23000
2010/06/24,0,109000,-71773,37227
2010/06/25,0,20000,-107000,-87000
2010/06/28,0,32000,-9000,23000
2010/06/29,0,162000,-43000,119000
2010/06/30,0,77000,-56000,21000
2010/07/01,0,71000,-13000,58000
2010/07/02,0,17000,-1000,16000
2010/07/05,0,145000,-30000,115000
2010/07/06,0,89000,-185000,-96000
2010/07/07,0,301000,-57000,244000
2010/07/08,0,608000,-262000,346000
2010/07/09,0,280000,-42000,238000
2010/07/12,0,61000,-171000,-110000
2010/07/13,0,95000,-134000,-39000
2010/07/14,0,160000,-11000,149000
2010/07/15,0,0,-14000,-14000
2010/07/16,0,181000,-19000,162000
2010/07/19,0,28000,-755000,-727000
2010/07/20,0,330000,-59000,271000
2010/07/21,0,96000,-205000,-109000
2010/07/22,0,129000,-29000,100000
2010/07/23,0,244000,-35291,208709
2010/07/26,0,79000,-6000,73000
2010/07/27,0,1185000,-56000,1129000
2010/07/28,0,6000,-1043000,-1037000
2010/07/29,0,385000,-40000,345000
2010/07/30,0,81000,-81650,-650
2010/08/02,0,92000,-1000,91000
2010/08/03,0,21000,-51000,-30000
2010/08/04,0,15000,-57000,-42000
2010/08/05,0,56000,-380000,-324000
2010/08/06,0,75000,-13000,62000
2010/08/09,0,250000,-270000,-20000
2010/08/10,0,104000,-33000,71000
2010/08/11,0,39000,-39000,0
2010/08/12,0,45000,-364000,-319000
2010/08/13,0,65000,-32000,33000
2010/08/16,0,76000,-12000,64000
2010/08/17,0,8000,-6000,2000
2010/08/18,0,31000,-119000,-88000
2010/08/19,0,445000,-29000,416000
2010/08/20,0,59000,-53323,5677
2010/08/23,0,98000,-28000,70000
2010/08/24,0,61000,-116000,-55000
2010/08/25,0,154000,-133000,21000
2010/08/26,0,1000,-128000,-127000
2010/08/27,0,30000,-77000,-47000
2010/08/30,0,12000,-17000,-5000
2010/08/31,0,260000,-371000,-111000
2010/09/01,0,120000,-447040,-327040
2010/09/02,0,33000,-106000,-73000
2010/09/03,0,170000,-68000,102000
2010/09/06,0,59000,-17000,42000
2010/09/07,0,257000,-54000,203000
2010/09/08,0,18000,-11000,7000
2010/09/09,0,79000,-16000,63000
2010/09/10,0,460000,-147000,313000
2010/09/13,0,601000,-188000,413000
2010/09/14,0,304200,-287000,17200
2010/09/15,0,369000,-126200,242800
2010/09/16,0,101000,-261000,-160000
2010/09/17,0,123000,-100000,23000
2010/09/20,0,22000,-411000,-389000
2010/09/21,0,25000,-44000,-19000
2010/09/22,0,0,0,0
2010/09/23,0,34000,-23000,11000
2010/09/24,0,65000,-166000,-101000
2010/09/27,0,88000,-323000,-235000
2010/09/28,0,210000,-66000,144000
2010/09/29,0,408000,-75000,333000
2010/09/30,0,50000,-417000,-367000
2010/10/01,0,75000,-61000,14000
2010/10/04,0,57000,-116000,-59000
2010/10/05,0,67000,-49000,18000
2010/10/06,0,152000,-42000,110000
2010/10/07,0,54000,-76318,-22318
2010/10/08,0,12000,-220000,-208000
2010/10/11,0,3000,-47000,-44000
2010/10/12,0,0,-93000,-93000
2010/10/13,0,49000,-34000,15000
2010/10/14,0,22000,-11000,11000
2010/10/15,0,36000,-19000,17000
2010/10/18,0,273000,-64000,209000
2010/10/19,0,70000,-276000,-206000
2010/10/20,0,476000,-148000,328000
2010/10/21,0,70000,-236000,-166000
2010/10/22,0,140000,-119000,21000
2010/10/25,0,201000,-34000,167000
2010/10/26,0,28000,-91000,-63000
2010/10/27,0,62000,-2000,60000
2010/10/28,0,128000,-58000,70000
2010/10/29,0,35000,-94000,-59000
2010/11/01,0,105000,-57000,48000
2010/11/02,0,24000,-25000,-1000
2010/11/03,0,13000,-810000,-797000
2010/11/04,0,35000,-76000,-41000
2010/11/05,0,80000,-64000,16000
2010/11/08,0,60000,-78000,-18000
2010/11/09,0,54000,-91000,-37000
2010/11/10,0,8000,-300000,-292000
2010/11/11,0,24000,-214000,-190000
2010/11/12,0,21000,-48000,-27000
2010/11/15,0,80000,-38000,42000
2010/11/16,0,187000,-21000,166000
2010/11/17,0,14000,-10000,4000
2010/11/18,0,74000,0,74000
2010/11/19,0,667000,-185000,482000
2010/11/22,0,458000,-364000,94000
2010/11/23,0,718000,-120000,598000
2010/11/24,0,438000,-100000,338000
2010/11/25,0,1013000,-133000,880000
2010/11/26,0,174000,-234000,-60000
2010/11/29,0,100000,-201000,-101000
2010/11/30,0,457000,-282000,175000
2010/12/01,0,114000,-347000,-233000
2010/12/02,0,237000,-716000,-479000
2010/12/03,0,464000,-59000,405000
2010/12/06,0,156000,-164000,-8000
2010/12/07,0,253000,-106000,147000
2010/12/08,0,222000,-312000,-90000
2010/12/09,0,504000,-126000,378000
2010/12/10,0,206000,-61000,145000
2010/12/13,0,421000,-214000,207000
2010/12/14,0,116000,-303000,-187000
2010/12/15,0,645000,-165000,480000
2010/12/16,0,131000,-85000,46000
2010/12/17,0,377000,-146000,231000
2010/12/20,0,251000,-161000,90000
2010/12/21,0,466000,-175000,291000
2010/12/22,0,136000,-950000,-814000
2010/12/23,0,59000,-49000,10000
2010/12/24,0,58000,-145000,-87000
2010/12/27,0,269000,-99000,170000
2010/12/28,0,296000,-307000,-11000
2010/12/29,0,175000,-407000,-232000
2010/12/30,0,47000,-72000,-25000
2010/12/31,0,249000,-32000,217000
2011/01/03,0,133000,-93000,40000
2011/01/04,0,426000,-157000,269000
2011/01/05,0,239000,-139000,100000
2011/01/06,0,22000,-41000,-19000
2011/01/07,0,113000,-266000,-153000
2011/01/10,0,42000,-112000,-70000
2011/01/11,0,251000,-181000,70000
2011/01/12,0,169000,-574000,-405000
2011/01/13,0,398000,-386000,12000
2011/01/14,0,82000,-48000,34000
2011/01/17,0,118000,-278000,-160000
2011/01/18,0,72000,-89000,-17000
2011/01/19,0,89000,-289000,-200000
2011/01/20,0,1000,-36000,-35000
2011/01/21,0,71000,-72000,-1000
2011/01/24,0,178000,-32000,146000
2011/01/25,0,67000,-77000,-10000
2011/01/26,0,129000,-20000,109000
2011/01/27,0,490000,-66000,424000
2011/01/28,0,147000,-194000,-47000
2011/01/31,0,0,0,0
2011/02/01,0,0,0,0
2011/02/02,0,0,0,0
2011/02/03,0,0,0,0
2011/02/04,0,0,0,0
2011/02/07,0,0,0,0
2011/02/08,0,56000,-69000,-13000
2011/02/09,0,196000,-229000,-33000
2011/02/10,0,66000,-215000,-149000
2011/02/11,0,32000,-210000,-178000
2011/02/14,0,223000,-132000,91000
2011/02/15,0,386000,-47000,339000
2011/02/16,0,300000,-358000,-58000
2011/02/17,0,131000,-293000,-162000
2011/02/18,0,58000,-472000,-414000
2011/02/21,0,68000,-242000,-174000
2011/02/22,0,225000,-202000,23000
2011/02/23,0,287000,-131000,156000
2011/02/24,0,103000,-124600,-21600
2011/02/25,0,203000,-110000,93000
2011/02/28,0,0,0,0
2011/03/01,0,19000,-148000,-129000
2011/03/02,0,104000,-290000,-186000
2011/03/03,0,110600,-295000,-184400
2011/03/04,0,10000,-177000,-167000
2011/03/07,0,7000,-58000,-51000
2011/03/08,0,11000,-270000,-259000
2011/03/09,0,0,-72000,-72000
2011/03/10,0,0,-292000,-292000
2011/03/11,0,76000,-207000,-131000
2011/03/14,0,321000,-243300,77700
2011/03/15,0,59000,-486700,-427700
2011/03/16,0,68000,-304000,-236000
2011/03/17,0,284000,-171000,113000
2011/03/18,0,139000,-602000,-463000
2011/03/21,0,19000,-8000,11000
2011/03/22,0,145000,-8000,137000
2011/03/23,0,182000,-3000,179000
2011/03/24,0,25000,-256000,-231000
2011/03/25,0,47000,-6000,41000
2011/03/28,0,13000,-7000,6000
2011/03/29,0,1000,-21000,-20000
2011/03/30,0,1000,-20000,-19000
2011/03/31,0,5000,-20000,-15000
2011/04/01,0,20000,-7000,13000
2011/04/04,0,0,0,0
2011/04/05,0,0,0,0
2011/04/06,0,20000,-44000,-24000
2011/04/07,0,61000,-4000,57000
2011/04/08,0,36000,-21000,15000
2011/04/11,0,7000,-43000,-36000
2011/04/12,0,45000,-211000,-166000
2011/04/13,0,28000,-32300,-4300
2011/04/14,0,20000,-31434,-11434
2011/04/15,0,8000,-80000,-72000
2011/04/18,0,16000,-16000,0
2011/04/19,0,35000,-29000,6000
2011/04/20,0,28000,-30000,-2000
2011/04/21,0,52300,-19000,33300
2011/04/22,0,15000,0,15000
2011/04/25,0,71000,-30200,40800
2011/04/26,0,155000,-11000,144000
2011/04/27,0,96000,-175000,-79000
2011/04/28,0,20000,-129000,-109000
2011/04/29,0,384000,-32000,352000
2011/05/02,0,0,0,0
2011/05/03,0,11000,-59000,-48000
2011/05/04,0,4000,-31000,-27000
2011/05/05,0,14000,-302000,-288000
2011/05/06,0,38000,-33000,5000
2011/05/09,0,45000,-17000,28000
2011/05/10,0,22000,-45000,-23000
2011/05/11,0,7000,-6778,222
2011/05/12,0,7000,-12000,-5000
2011/05/13,0,327000,-87000,240000
2011/05/16,0,226000,-107000,119000
2011/05/17,0,192000,-162000,30000
2011/05/18,0,124000,-138000,-14000
2011/05/19,0,93000,-94148,-1148
2011/05/20,0,63000,-158000,-95000
2011/05/23,0,200000,-62000,138000
2011/05/24,0,421000,-80000,341000
2011/05/25,0,439000,-227000,212000
2011/05/26,0,177000,-334000,-157000
2011/05/27,0,466000,-149000,317000
2011/05/30,0,496000,-314000,182000
2011/05/31,0,70000,-497000,-427000
2011/06/01,0,291000,-167000,124000
2011/06/02,0,158000,-122000,36000
2011/06/03,0,51000,-101000,-50000
2011/06/06,0,0,0,0
2011/06/07,0,209000,-67000,142000
2011/06/08,0,62000,-167000,-105000
2011/06/09,0,314000,-121000,193000
2011/06/10,0,393000,-239000,154000
2011/06/13,0,198000,-288000,-90000
2011/06/14,0,97000,-164000,-67000
2011/06/15,0,199000,-218000,-19000
2011/06/16,0,128000,-258700,-130700
2011/06/17,0,50000,-47000,3000
2011/06/20,0,138000,-181000,-43000
2011/06/21,0,221000,-308000,-87000
2011/06/22,0,80000,-245000,-165000
2011/06/23,0,50000,-21000,29000
2011/06/24,0,82000,-56000,26000
2011/06/27,0,214000,-51000,163000
2011/06/28,0,220000,-76000,144000
2011/06/29,0,66000,-145000,-79000
2011/06/30,0,91000,-75000,16000
2011/07/01,0,144000,-148000,-4000
2011/07/04,0,170000,-85000,85000
2011/07/05,0,69000,-118612,-49612
2011/07/06,0,82000,-113000,-31000
2011/07/07,0,69000,-38000,31000
2011/07/08,0,75000,-33000,42000
2011/07/11,0,338000,-77000,261000
2011/07/12,0,41000,-263000,-222000
2011/07/13,0,1699000,-292000,1407000
2011/07/14,0,82000,-644000,-562000
2011/07/15,0,35000,-205000,-170000
2011/07/18,0,2000,-841000,-839000
2011/07/19,0,34000,-176000,-142000
2011/07/20,0,363000,-37000,326000
2011/07/21,0,139000,-440000,-301000
2011/07/22,0,160000,-46000,114000
2011/07/25,0,28000,-53000,-25000
2011/07/26,0,59000,-151000,-92000
2011/07/27,0,129000,-47000,82000
2011/07/28,0,19000,-33000,-14000
2011/07/29,0,202000,-112000,90000
2011/08/01,0,110000,-107000,3000
2011/08/02,0,38000,-10000,28000
2011/08/03,0,69000,-76346,-7346
2011/08/04,0,496000,-412000,84000
2011/08/05,0,134000,-377000,-243000
2011/08/08,0,39000,-965000,-926000
2011/08/09,0,103000,-74000,29000
2011/08/10,0,70000,-24000,46000
2011/08/11,0,241000,-69000,172000
2011/08/12,0,30000,-66000,-36000
2011/08/15,0,33000,-37000,-4000
2011/08/16,0,27000,-76000,-49000
2011/08/17,0,12000,-53000,-41000
2011/08/18,0,149000,-96000,53000
2011/08/19,0,17000,-94000,-77000
2011/08/22,0,45000,-24000,21000
2011/08/23,0,54000,-20000,34000
2011/08/24,0,617000,-94000,523000
2011/08/25,0,64000,-162000,-98000
2011/08/26,0,35000,-363000,-328000
2011/08/29,0,52000,-13000,39000
2011/08/30,0,185000,-221000,-36000
2011/08/31,0,452000,-300000,152000
2011/09/01,0,295000,-346000,-51000
2011/09/02,0,177000,-136000,41000
2011/09/05,0,156000,-206500,-50500
2011/09/06,0,56000,-240000,-184000
2011/09/07,0,372000,-187000,185000
2011/09/08,0,186000,-153000,33000
2011/09/09,0,140000,-123000,17000
2011/09/12,0,0,0,0
2011/09/13,0,129000,-121000,8000
2011/09/14,0,152000,-194000,-42000
2011/09/15,0,613000,-217000,396000
2011/09/16,0,300000,-76000,224000
2011/09/19,0,72000,-170000,-98000
2011/09/20,0,211000,-362000,-151000
2011/09/21,0,174000,-120000,54000
2011/09/22,0,54000,-100000,-46000
2011/09/23,0,60000,-644000,-584000
2011/09/26,0,74000,-57000,17000
2011/09/27,0,289000,-109000,180000
2011/09/28,0,151000,-94000,57000
2011/09/29,0,168000,-49000,119000
2011/09/30,0,108000,-298000,-190000
2011/10/03,0,106000,-100000,6000
2011/10/04,0,79000,-71000,8000
2011/10/05,0,7000,-30000,-23000
2011/10/06,0,46000,-70519,-24519
2011/10/07,0,4000,-59000,-55000
2011/10/10,0,0,0,0
2011/10/11,0,164000,-36000,128000
2011/10/12,0,305000,-207000,98000
2011/10/13,0,145000,-205000,-60000
2011/10/14,0,183000,-82000,101000
2011/10/17,0,106000,-128000,-22000
2011/10/18,0,120000,-161000,-41000
2011/10/19,0,169000,-105000,64000
2011/10/20,0,66000,-148000,-82000
2011/10/21,0,67000,-7997,59003
2011/10/24,0,127000,-145000,-18000
2011/10/25,0,47000,-82000,-35000
2011/10/26,0,22000,-14000,8000
2011/10/27,0,10000,-9000,1000
2011/10/28,0,20000,-137000,-117000
2011/10/31,0,25000,-11312,13688
2011/11/01,0,95000,-32089,62911
2011/11/02,0,588000,-80000,508000
2011/11/03,0,305000,-295000,10000
2011/11/04,0,594000,-191000,403000
2011/11/07,0,136000,-364000,-228000
2011/11/08,0,349000,-381000,-32000
2011/11/09,0,14000,-329000,-315000
2011/11/10,0,38000,-310000,-272000
2011/11/11,0,62000,-44000,18000
2011/11/14,0,148000,-84000,64000
2011/11/15,0,28000,-13000,15000
2011/11/16,0,48000,-61000,-13000
2011/11/17,0,150000,-23000,127000
2011/11/18,0,375000,-153000,222000
2011/11/21,0,43000,-88000,-45000
2011/11/22,0,90000,-41000,49000
2011/11/23,0,121000,-239000,-118000
2011/11/24,0,38000,-14000,24000
2011/11/25,0,44000,-393000,-349000
2011/11/28,0,149000,-66046,82954
2011/11/29,0,77000,-112000,-35000
2011/11/30,0,59000,-50000,9000
2011/12/01,0,140000,-59000,81000
2011/12/02,0,18000,-190000,-172000
2011/12/05,0,128000,-9000,119000
2011/12/06,0,2000,-134000,-132000
2011/12/07,0,17000,-42000,-25000
2011/12/08,0,10000,-83000,-73000
2011/12/09,0,27000,-56000,-29000
2011/12/12,0,15000,-13000,2000
2011/12/13,0,10000,-14000,-4000
2011/12/14,0,38000,-7000,31000
2011/12/15,0,33000,-10000,23000
2011/12/16,0,5000,-35000,-30000
2011/12/19,0,13000,-38000,-25000
2011/12/20,0,44000,-67000,-23000
2011/12/21,0,59704,-100000,-40296
2011/12/22,0,21000,-5000,16000
2011/12/23,0,81000,-93000,-12000
2011/12/26,0,11000,-68000,-57000
2011/12/27,0,28000,-23000,5000
2011/12/28,0,22000,-14000,8000
2011/12/29,0,40000,-14000,26000
2011/12/30,0,26000,-89000,-63000
2012/01/02,0,17000,-10600,6400
2012/01/03,0,13000,-5000,8000
2012/01/04,0,400000,-11000,389000
2012/01/05,0,88000,-4673,83327
2012/01/06,0,21000,-26000,-5000
2012/01/09,0,15000,-12060,2940
2012/01/10,0,160000,-40000,120000
2012/01/11,0,84000,-100000,-16000
2012/01/12,0,91000,-515000,-424000
2012/01/13,0,48000,-27000,21000
2012/01/16,0,28000,-43000,-15000
2012/01/17,0,152000,-43000,109000
2012/01/18,0,382000,-66000,316000
2012/01/19,0,0,0,0
2012/01/20,0,0,0,0
2012/01/23,0,0,0,0
2012/01/24,0,0,0,0
2012/01/25,0,0,0,0
2012/01/26,0,0,0,0
2012/01/27,0,0,0,0
2012/01/30,0,280000,-176000,104000
2012/01/31,0,254000,-271000,-17000
2012/02/01,0,293000,-178000,115000
2012/02/02,0,355000,-63000,292000
2012/02/03,0,204000,-137000,67000
2012/02/06,0,83000,-167000,-84000
2012/02/07,0,136000,-50000,86000
2012/02/08,0,42000,-52000,-10000
2012/02/09,0,254000,-125000,129000
2012/02/10,0,898000,-503000,395000
2012/02/13,0,264000,-111000,153000
2012/02/14,0,436000,-947000,-511000
2012/02/15,0,1100000,-369000,731000
2012/02/16,0,69000,-161000,-92000
2012/02/17,0,134000,-160000,-26000
2012/02/20,0,125000,-144000,-19000
2012/02/21,0,35100,-76000,-40900
2012/02/22,0,183000,-1184000,-1001000
2012/02/23,0,119000,-43000,76000
2012/02/24,0,47000,-84000,-37000
2012/02/27,0,0,0,0
2012/02/28,0,0,0,0
2012/02/29,0,167600,-50000,117600
2012/03/01,0,434000,-176000,258000
2012/03/02,0,136000,-210000,-74000
2012/03/05,0,14000,-83000,-69000
2012/03/06,0,24000,-150000,-126000
2012/03/07,0,35000,-194000,-159000
2012/03/08,0,179000,-150000,29000
2012/03/09,0,190000,-190000,0
2012/03/12,0,29000,-30000,-1000
2012/03/13,0,127000,-209000,-82000
2012/03/14,0,378000,-55000,323000
2012/03/15,0,157000,-239000,-82000
2012/03/16,0,214000,-391000,-177000
2012/03/19,0,50000,-46000,4000
2012/03/20,0,199000,-309000,-110000
2012/03/21,0,187000,-106000,81000
2012/03/22,0,49000,-146000,-97000
2012/03/23,0,16000,-16000,0
2012/03/26,0,7000,-51000,-44000
2012/03/27,0,15000,-97000,-82000
2012/03/28,0,4000,-83000,-79000
2012/03/29,0,16000,-113061,-97061
2012/03/30,0,4000,-12000,-8000
2012/04/02,0,2000,-18000,-16000
2012/04/03,0,32000,-13000,19000
2012/04/04,0,0,0,0
2012/04/05,0,16000,-44000,-28000
2012/04/06,0,113000,-140000,-27000
2012/04/09,0,17000,-78000,-61000
2012/04/10,0,51000,-26000,25000
2012/04/11,0,31000,-3000,28000
2012/04/12,0,21000,-10000,11000
2012/04/13,0,78000,-37000,41000
2012/04/16,0,7000,-121000,-114000
2012/04/17,0,26000,-174000,-148000
2012/04/18,0,14000,-99000,-85000
2012/04/19,0,14000,-34446,-20446
2012/04/20,0,8000,-28000,-20000
2012/04/23,0,6000,-134000,-128000
2012/04/24,0,24000,-26000,-2000
2012/04/25,0,85000,-9000,76000
2012/04/26,0,82002,-90000,-7998
2012/04/27,0,2000,-52264,-50264
2012/04/30,0,31000,-62000,-31000
2012/05/01,0,0,0,0
2012/05/02,0,33000,-8000,25000
2012/05/03,0,7000,-122000,-115000
2012/05/04,0,36000,-27000,9000
2012/05/07,0,108000,-31000,77000
2012/05/08,0,28000,-28000,0
2012/05/09,0,24000,-40000,-16000
2012/05/10,0,35000,-104000,-69000
2012/05/11,0,11000,-21000,-10000
2012/05/14,0,5000,-21000,-16000
2012/05/15,0,22000,-7000,15000
2012/05/16,0,28000,-21000,7000
2012/05/17,0,24000,-23000,1000
2012/05/18,0,18000,-43700,-25700
2012/05/21,0,6000,-4000,2000
2012/05/22,0,11000,-4000,7000
2012/05/23,0,32000,-98000,-66000
2012/05/24,0,15000,-14000,1000
2012/05/25,0,34000,-30000,4000
2012/05/28,0,61000,0,61000
2012/05/29,0,86000,-39000,47000
2012/05/30,0,24000,-51000,-27000
2012/05/31,0,65000,-17000,48000
2012/06/01,0,50000,-17000,33000
2012/06/04,0,14000,-87000,-73000
2012/06/05,0,29000,-71000,-42000
2012/06/06,0,5000,-35000,-30000
2012/06/07,0,5000,-5000,0
2012/06/08,0,6000,-20155,-14155
2012/06/11,0,23000,-6000,17000
2012/06/12,0,15000,-2000,13000
2012/06/13,0,42000,-9000,33000
2012/06/14,0,25000,-7000,18000
2012/06/15,0,41000,-20000,21000
2012/06/18,0,298000,-16000,282000
2012/06/19,0,76000,-40000,36000
2012/06/20,0,207000,-27000,180000
2012/06/21,0,51000,-3000,48000
2012/06/22,0,82000,-10000,72000
2012/06/25,0,27000,-133000,-106000
2012/06/26,0,2000,-60000,-58000
2012/06/27,0,112000,-18000,94000
2012/06/28,0,21000,-95000,-74000
2012/06/29,0,1000,-61000,-60000
2012/07/02,0,102000,-95000,7000
2012/07/03,0,85000,-61000,24000
2012/07/04,0,26000,-26000,0
2012/07/05,0,5000,-10000,-5000
2012/07/06,0,55000,-163000,-108000
2012/07/09,0,299000,-41000,258000
2012/07/10,0,249000,-57000,192000
2012/07/11,0,28000,-429000,-401000
2012/07/12,0,285000,-143000,142000
2012/07/13,0,196000,-55000,141000
2012/07/16,0,10000,-96169,-86169
2012/07/17,0,28000,-10000,18000
2012/07/18,0,174000,-40000,134000
2012/07/19,0,11000,-8000,3000
2012/07/20,0,29000,-9000,20000
2012/07/23,0,21000,-165000,-144000
2012/07/24,0,15000,-11000,4000
2012/07/25,0,15000,-15000,0
2012/07/26,0,14000,-20000,-6000
2012/07/27,0,18000,-75000,-57000
2012/07/30,0,16000,-362000,-346000
2012/07/31,0,49000,-101000,-52000
2012/08/01,0,23000,-14000,9000
2012/08/02,0,0,0,0
2012/08/03,0,47000,-61000,-14000
2012/08/06,0,57000,-64000,-7000
2012/08/07,0,34000,-39000,-5000
2012/08/08,0,309000,-147000,162000
2012/08/09,0,84000,-137000,-53000
2012/08/10,0,41000,-24000,17000
2012/08/13,0,121000,-19000,102000
2012/08/14,0,43000,-32000,11000
2012/08/15,0,23000,-31000,-8000
2012/08/16,0,187000,-49000,138000
2012/08/17,0,668000,-88000,580000
2012/08/20,0,310000,-37000,273000
2012/08/21,0,119000,-99000,20000
2012/08/22,0,160000,-44000,116000
2012/08/23,0,504000,-85000,419000
2012/08/24,0,111000,-197000,-86000
2012/08/27,0,37000,-48000,-11000
2012/08/28,0,38000,-135000,-97000
2012/08/29,0,34000,-60000,-26000
2012/08/30,0,71000,-59000,12000
2012/08/31,0,390000,-1001468,-611468
2012/09/03,0,290000,-225000,65000
2012/09/04,0,158000,-251000,-93000
2012/09/05,0,98000,-172000,-74000
2012/09/06,0,61000,-111000,-50000
2012/09/07,0,509000,-174000,335000
2012/09/10,0,524000,-59000,465000
2012/09/11,0,273000,-247000,26000
2012/09/12,0,396000,-320000,76000
2012/09/13,0,343000,-132000,211000
2012/09/14,0,387000,-94000,293000
2012/09/17,0,186000,-52000,134000
2012/09/18,0,219000,-118000,101000
2012/09/19,0,208000,-246000,-38000
2012/09/20,0,180000,-136000,44000
2012/09/21,0,33000,-267000,-234000
2012/09/24,0,559000,-154000,405000
2012/09/25,0,197000,-279000,-82000
2012/09/26,0,114000,-426000,-312000
2012/09/27,0,128000,-128000,0
2012/09/28,0,157000,-288000,-131000
2012/10/01,0,108000,-150000,-42000
2012/10/02,0,240000,-346000,-106000
2012/10/03,0,57000,-131000,-74000
2012/10/04,0,102000,-120000,-18000
2012/10/05,0,115000,-140000,-25000
2012/10/08,0,184000,-447000,-263000
2012/10/09,0,147000,-365000,-218000
2012/10/10,0,0,0,0
2012/10/11,0,67000,-267000,-200000
2012/10/12,0,94000,-83000,11000
2012/10/15,0,82000,-132000,-50000
2012/10/16,0,269000,-121000,148000
2012/10/17,0,403000,-384000,19000
2012/10/18,0,90000,-182000,-92000
2012/10/19,0,164000,-178000,-14000
2012/10/22,0,81000,-88000,-7000
2012/10/23,0,157000,-86000,71000
2012/10/24,0,604000,-439000,165000
2012/10/25,0,310000,-264000,46000
2012/10/26,0,564000,-308000,256000
2012/10/29,0,235000,-269000,-34000
2012/10/30,0,402000,-188000,214000
2012/10/31,0,105000,-322000,-217000
2012/11/01,0,422000,-386000,36000
2012/11/02,0,294000,-277000,17000
2012/11/05,0,324000,-207000,117000
2012/11/06,0,366000,-192000,174000
2012/11/07,0,293000,-730000,-437000
2012/11/08,0,233000,-297000,-64000
2012/11/09,0,88000,-185000,-97000
2012/11/12,0,67000,-212000,-145000
2012/11/13,0,83000,-56000,27000
2012/11/14,0,53000,-93000,-40000
2012/11/15,0,118000,-86000,32000
2012/11/16,0,120000,-194000,-74000
2012/11/19,0,107000,-119000,-12000
2012/11/20,0,22000,-80000,-58000
2012/11/21,0,36000,-39000,-3000
2012/11/22,0,65000,-73000,-8000
2012/11/23,0,728000,-146000,582000
2012/11/26,0,260000,-85000,175000
2012/11/27,0,141000,-102000,39000
2012/11/28,0,287000,-77000,210000
2012/11/29,0,245000,-339000,-94000
2012/11/30,0,319000,-365000,-46000
2012/12/03,0,64000,-33000,31000
2012/12/04,0,82000,-103000,-21000
2012/12/05,0,123000,-51000,72000
2012/12/06,0,140000,-162000,-22000
2012/12/07,0,134000,-163000,-29000
2012/12/10,0,55000,-93000,-38000
2012/12/11,0,87000,-225000,-138000
2012/12/12,0,163000,-42000,121000
2012/12/13,0,77000,-22000,55000
2012/12/14,0,56000,-59000,-3000
2012/12/17,0,22000,-166000,-144000
2012/12/18,0,17000,-19000,-2000
2012/12/19,0,51000,-64000,-13000
2012/12/20,0,77000,-123000,-46000
2012/12/21,0,23000,-254000,-231000
2012/12/24,0,39000,-69000,-30000
2012/12/25,0,102000,-64000,38000
2012/12/26,0,96000,-130000,-34000
2012/12/27,0,23000,-282000,-259000
2012/12/28,0,130000,-110000,20000
2012/12/31,0,0,0,0
2013/01/01,0,0,0,0
2013/01/02,0,457000,-66000,391000
2013/01/03,0,544000,-110000,434000
2013/01/04,0,79000,-98733,-19733
2013/01/07,0,40000,-32000,8000
2013/01/08,0,42000,-44000,-2000
2013/01/09,0,51000,-143000,-92000
2013/01/10,0,34000,-77000,-43000
2013/01/11,0,47000,-5000,42000
2013/01/14,0,173000,-41000,132000
2013/01/15,0,103000,-1193000,-1090000
2013/01/16,0,323000,-377000,-54000
2013/01/17,0,44000,-302000,-258000
2013/01/18,0,317000,-192000,125000
2013/01/21,0,159000,-84000,75000
2013/01/22,0,53000,-125000,-72000
2013/01/23,0,97000,-65000,32000
2013/01/24,0,67000,-55000,12000
2013/01/25,0,66000,-53000,13000
2013/01/28,0,91000,-34000,57000
2013/01/29,0,130000,-41000,89000
2013/01/30,0,80000,-55000,25000
2013/01/31,0,86000,-55000,31000
2013/02/01,0,151000,-212000,-61000
2013/02/04,0,35000,-66000,-31000
2013/02/05,0,37000,-41000,-4000
2013/02/06,0,49000,-27000,22000
2013/02/07,0,0,0,0
2013/02/08,0,0,0,0
2013/02/11,0,0,0,0
2013/02/12,0,0,0,0
2013/02/13,0,0,0,0
2013/02/14,0,0,0,0
2013/02/15,0,0,0,0
2013/02/18,0,87000,-28000,59000
2013/02/19,0,249000,-50000,199000
2013/02/20,0,290000,-195000,95000
2013/02/21,0,90000,-121000,-31000
2013/02/22,0,47000,-117000,-70000
2013/02/25,0,180000,-103000,77000
2013/02/26,0,101000,-45000,56000
2013/02/27,0,307000,-134000,173000
2013/02/28,0,0,0,0
2013/03/01,0,128000,-231000,-103000
2013/03/04,0,10000,-73000,-63000
2013/03/05,0,234000,-142000,92000
2013/03/06,0,295000,-236000,59000
2013/03/07,0,268000,-78000,190000
2013/03/08,0,142000,-68000,74000
2013/03/11,0,315000,-20000,295000
2013/03/12,0,283000,-325000,-42000
2013/03/13,0,139000,-358000,-219000
2013/03/14,0,111000,-236000,-125000
2013/03/15,0,146000,-159000,-13000
2013/03/18,0,101000,-141000,-40000
2013/03/19,0,31000,-67000,-36000
2013/03/20,0,102000,-180000,-78000
2013/03/21,0,57000,-119000,-62000
2013/03/22,0,67000,-30000,37000
2013/03/25,0,22000,-40000,-18000
2013/03/26,0,89000,-41000,48000
2013/03/27,0,67000,-121000,-54000
2013/03/28,0,11000,-82000,-71000
2013/03/29,0,57000,-46000,11000
2013/04/01,0,122000,-84000,38000
2013/04/02,0,87998,-60000,27998
2013/04/03,0,286000,-111000,175000
2013/04/04,0,0,0,0
2013/04/05,0,0,0,0
2013/04/08,0,265533,-61000,204533
2013/04/09,0,228000,-272000,-44000
2013/04/10,0,313000,-71000,242000
2013/04/11,0,266000,-274000,-8000
2013/04/12,0,30000,-84000,-54000
2013/04/15,0,21000,-74000,-53000
2013/04/16,0,196000,-166000,30000
2013/04/17,0,101000,-168000,-67000
2013/04/18,0,106000,-224000,-118000
2013/04/19,0,278000,-363000,-85000
2013/04/22,0,117000,-169000,-52000
2013/04/23,0,19000,-32000,-13000
2013/04/24,0,436000,-76000,360000
2013/04/25,0,169000,-134000,35000
2013/04/26,0,156000,-117000,39000
2013/04/29,0,10000,-147000,-137000
2013/04/30,0,294000,-194000,100000
2013/05/01,0,0,0,0
2013/05/02,0,198000,-272000,-74000
2013/05/03,0,160000,-161000,-1000
2013/05/06,0,82000,-233000,-151000
2013/05/07,0,345000,-125000,220000
2013/05/08,0,297000,-87000,210000
2013/05/09,0,310000,-690000,-380000
2013/05/10,0,754000,-214000,540000
2013/05/13,0,348000,-334000,14000
2013/05/14,0,241000,-265000,-24000
2013/05/15,0,272000,-33000,239000
2013/05/16,0,611000,-133000,478000
2013/05/17,0,178000,-365000,-187000
2013/05/20,0,139000,-236000,-97000
2013/05/21,0,81000,-324000,-243000
2013/05/22,0,132000,-222000,-90000
2013/05/23,0,80000,-209000,-129000
2013/05/24,0,67000,-138000,-71000
2013/05/27,0,97000,-68000,29000
2013/05/28,0,69000,-96000,-27000
2013/05/29,0,41000,-20000,21000
2013/05/30,0,20000,-57000,-37000
2013/05/31,0,82000,-28000,54000
2013/06/03,0,71000,-24000,47000
2013/06/04,0,91000,-314000,-223000
2013/06/05,0,10000,-86000,-76000
2013/06/06,0,60000,-44000,16000
2013/06/07,0,68000,-139000,-71000
2013/06/10,0,13000,-44000,-31000
2013/06/11,0,87000,-49000,38000
2013/06/12,0,0,0,0
2013/06/13,0,63000,-166000,-103000
2013/06/14,0,76000,-51000,25000
2013/06/17,0,107000,-36000,71000
2013/06/18,0,34000,-61000,-27000
2013/06/19,0,10000,-56000,-46000
2013/06/20,0,117000,-68000,49000
2013/06/21,0,135000,-136000,-1000
2013/06/24,0,40000,-333000,-293000
2013/06/25,0,110000,-522000,-412000
2013/06/26,0,89000,-70000,19000
2013/06/27,0,79000,-159531,-80531
2013/06/28,0,39000,-209000,-170000
2013/07/01,0,87000,-89000,-2000
2013/07/02,0,25000,-48000,-23000
2013/07/03,0,1000,-30000,-29000
2013/07/04,0,30000,-113000,-83000
2013/07/05,0,75000,-46000,29000
2013/07/08,0,32000,-64000,-32000
2013/07/09,0,121000,-94000,27000
2013/07/10,0,176000,-114000,62000
2013/07/11,0,153000,-23000,130000
2013/07/12,0,90000,-133000,-43000
2013/07/15,0,86000,-11000,75000
2013/07/16,0,125297,-75000,50297
2013/07/17,0,607000,-199000,408000
2013/07/18,0,261000,-212000,49000
2013/07/19,0,172000,-133000,39000
2013/07/22,0,24000,-57000,-33000
2013/07/23,0,311000,-7000,304000
2013/07/24,0,74000,-105000,-31000
2013/07/25,0,52000,-79000,-27000
2013/07/26,0,104000,-133000,-29000
2013/07/29,0,24000,-85000,-61000
2013/07/30,0,112000,-178000,-66000
2013/07/31,0,52000,-131000,-79000
2013/08/01,0,171000,-176375,-5375
2013/08/02,0,23000,-93000,-70000
2013/08/05,0,521000,-277000,244000
2013/08/06,0,37000,-97000,-60000
2013/08/07,0,648000,-280995,367005
2013/08/08,0,90000,-368000,-278000
2013/08/09,0,54000,-422000,-368000
2013/08/12,0,136000,-126000,10000
2013/08/13,0,190000,-313000,-123000
2013/08/14,0,221000,-62000,159000
2013/08/15,0,136000,-1123640,-987640
2013/08/16,0,138000,-36000,102000
2013/08/19,0,106000,-84000,22000
2013/08/20,0,57000,-229000,-172000
2013/08/21,0,0,0,0
2013/08/22,0,149000,-106000,43000
2013/08/23,0,570000,-23000,547000
2013/08/26,0,81000,-53000,28000
2013/08/27,0,30000,-73000,-43000
2013/08/28,0,139000,-18000,121000
2013/08/29,0,32000,-51000,-19000
2013/08/30,0,106000,-83287,22713
2013/09/02,0,126000,-89000,37000
2013/09/03,0,181000,-219000,-38000
2013/09/04,0,135000,-169000,-34000
2013/09/05,0,230000,-299000,-69000
2013/09/06,0,85000,-449000,-364000
2013/09/09,0,17000,-144000,-127000
2013/09/10,0,34000,-178000,-144000
2013/09/11,0,76000,-52000,24000
2013/09/12,0,125000,-101000,24000
2013/09/13,0,59000,-78000,-19000
2013/09/16,0,59000,-44000,15000
2013/09/17,0,72000,-3000,69000
2013/09/18,0,115000,-25000,90000
2013/09/19,0,0,0,0
2013/09/20,0,0,0,0
2013/09/23,0,62000,-19000,43000
2013/09/24,0,82000,-48000,34000
2013/09/25,0,59000,-19000,40000
2013/09/26,0,59000,-39000,20000
2013/09/27,0,91000,-105000,-14000
2013/09/30,0,55000,-9000,46000
2013/10/01,0,81000,-28000,53000
2013/10/02,0,31000,-140000,-109000
2013/10/03,0,31000,-58000,-27000
2013/10/04,0,422000,-3000,419000
2013/10/07,0,51000,-133000,-82000
2013/10/08,0,73000,-146000,-73000
2013/10/09,0,33000,-99000,-66000
2013/10/10,0,0,0,0
2013/10/11,0,74000,-22000,52000
2013/10/14,0,38000,-176000,-138000
2013/10/15,0,42000,-4000,38000
2013/10/16,0,122000,-285000,-163000
2013/10/17,0,255000,-70000,185000
2013/10/18,0,382000,-31000,351000
2013/10/21,0,201000,-59000,142000
2013/10/22,0,127000,-20000,107000
2013/10/23,0,128000,-380000,-252000
2013/10/24,0,34000,-97000,-63000
2013/10/25,0,67000,-175000,-108000
2013/10/28,0,165000,-15000,150000
2013/10/29,0,139000,-1000,138000
2013/10/30,0,305000,-451000,-146000
2013/10/31,0,100000,-211000,-111000
2013/11/01,0,149000,-52000,97000
2013/11/04,0,30000,-139000,-109000
2013/11/05,0,83000,-36000,47000
2013/11/06,0,156000,-158000,-2000
2013/11/07,0,461000,-24000,437000
2013/11/08,0,84000,-31000,53000
2013/11/11,0,160000,-37000,123000
2013/11/12,0,829000,-25000,804000
2013/11/13,0,38000,-70000,-32000
2013/11/14,0,440000,-81000,359000
2013/11/15,0,790000,-20000,770000
2013/11/18,0,215000,-338000,-123000
2013/11/19,0,274000,-77000,197000
2013/11/20,0,282000,-239000,43000
2013/11/21,0,85000,-69000,16000
2013/11/22,0,58000,-31000,27000
2013/11/25,0,128000,-16000,112000
2013/11/26,0,314000,-107000,207000
2013/11/27,0,568000,-363000,205000
2013/11/28,0,354000,-326000,28000
2013/11/29,0,118000,-47000,71000
2013/12/02,0,84000,-58000,26000
2013/12/03,0,164000,-37000,127000
2013/12/04,0,113000,-190000,-77000
2013/12/05,0,50000,-150000,-100000
2013/12/06,0,10000,-150000,-140000
2013/12/09,0,255000,-100000,155000
2013/12/10,0,63000,-384000,-321000
2013/12/11,0,130000,-150000,-20000
2013/12/12,0,291000,-161000,130000
2013/12/13,0,169000,-205000,-36000
2013/12/16,0,35000,-240000,-205000
2013/12/17,0,30000,-19000,11000
2013/12/18,0,315000,-108000,207000
2013/12/19,0,59000,-360000,-301000
2013/12/20,0,120000,-45000,75000
2013/12/23,0,132000,-238000,-106000
2013/12/24,0,56000,-1000,55000
2013/12/25,0,174000,-34000,140000
2013/12/26,0,49000,-36000,13000
2013/12/27,0,46000,-93000,-47000
2013/12/30,0,78000,-8000,70000
2013/12/31,0,186000,-53000,133000
2014/01/02,0,468000,-35000,433000
2014/01/03,0,387000,-116000,271000
2014/01/06,0,130000,-545000,-415000
2014/01/07,0,438000,-142000,296000
2014/01/08,0,1128000,-111000,1017000
2014/01/09,0,127000,-334765,-207765
2014/01/10,0,102000,-123000,-21000
2014/01/13,0,86000,-770000,-684000
2014/01/14,0,146000,-60000,86000
2014/01/15,0,376000,-597000,-221000
2014/01/16,0,569002,-345000,224002
2014/01/17,0,610000,-184000,426000
2014/01/20,0,582000,-29000,553000
2014/01/21,0,268000,-273000,-5000
2014/01/22,0,158000,-326000,-168000
2014/01/23,0,212000,-244000,-32000
2014/01/24,0,57000,-51000,6000
2014/01/27,0,217000,-113000,104000
2014/02/05,0,326000,-41000,285000
2014/02/06,0,343000,-103000,240000
2014/02/07,0,328000,-765000,-437000
2014/02/10,0,96000,-344000,-248000
2014/02/11,0,71000,-463000,-392000
2014/02/12,0,509000,-63000,446000
2014/02/13,0,348000,-457386,-109386
2014/02/14,0,242000,-571000,-329000
2014/02/17,0,41000,-175000,-134000
2014/02/18,0,128000,-205000,-77000
2014/02/19,0,277000,-332000,-55000
2014/02/20,0,143000,-220000,-77000
2014/02/21,0,108000,-249000,-141000
2014/02/24,0,200000,-241000,-41000
2014/02/25,0,7000,-77000,-70000
2014/02/26,0,42000,-152000,-110000
2014/02/27,0,111998,-766000,-654002
2014/03/03,0,333000,-748000,-415000
2014/03/04,0,265153,-326000,-60847
2014/03/05,0,165999,-91000,74999
2014/03/06,0,433000,-102000,331000
2014/03/07,0,164000,-57000,107000
2014/03/10,0,232000,-104000,128000
2014/03/11,0,193000,-27000,166000
2014/03/12,0,140000,-125000,15000
2014/03/13,0,127000,-18000,109000
2014/03/14,0,180000,-61000,119000
2014/03/17,0,187000,-112000,75000
2014/03/18,0,193000,-594000,-401000
2014/03/19,0,84000,-327000,-243000
2014/03/20,0,171000,-43000,128000
2014/03/21,0,156000,-89000,67000
2014/03/24,0,115000,-57000,58000
2014/03/25,0,408000,-60000,348000
2014/03/26,0,365000,-96000,269000
2014/03/27,0,116000,-100000,16000
2014/03/28,0,577604,-207000,370604
2014/03/31,0,756000,-52000,704000
2014/04/01,0,1187000,-890000,297000
2014/04/02,0,414000,-446000,-32000
2014/04/03,0,228000,-478000,-250000
2014/04/07,0,291712,-240000,51712
2014/04/08,0,274999,-199000,75999
2014/04/09,0,144000,-121000,23000
2014/04/10,0,75000,-221000,-146000
2014/04/11,0,90000,-216000,-126000
2014/04/14,0,175000,-129000,46000
2014/04/15,0,120000,-338000,-218000
2014/04/16,0,116000,-1455000,-1339000
2014/04/17,0,870000,-397000,473000
2014/04/18,0,883000,-310000,573000
2014/04/21,0,670000,-248000,422000
2014/04/22,0,796000,-325000,471000
2014/04/23,0,1331000,-606000,725000
2014/04/24,0,274000,-521000,-247000
2014/04/25,0,423000,-354000,69000
2014/04/28,0,126000,-104000,22000
2014/04/29,0,295000,-166000,129000
2014/04/30,0,252000,-738000,-486000
2014/05/02,0,480000,-798000,-318000
2014/05/05,0,599000,-629000,-30000
2014/05/06,0,1193000,-1107000,86000
2014/05/07,0,418000,-1399999,-981999
2014/05/08,0,123000,-296420,-173420
2014/05/09,0,40000,-496000,-456000
2014/05/12,0,139000,-264000,-125000
2014/05/13,0,152000,-657000,-505000
2014/05/14,0,211997,-55359,156638
2014/05/15,0,98000,-157000,-59000
2014/05/16,0,321000,-660000,-339000
2014/05/19,0,150000,-760000,-610000
2014/05/20,0,125000,-190000,-65000
2014/05/21,0,117000,-168000,-51000
2014/05/22,0,174000,-120000,54000
2014/05/23,0,335000,-46000,289000
2014/05/26,0,132000,-265000,-133000
2014/05/27,0,291000,-390000,-99000
2014/05/28,0,73000,-517000,-444000
2014/05/29,0,26000,-174000,-148000
2014/05/30,0,36000,-53000,-17000
2014/06/03,0,300000,-276000,24000
2014/06/04,0,495000,-31000,464000
2014/06/05,0,271000,-113000,158000
2014/06/06,0,347000,-150000,197000
2014/06/09,0,36000,-564000,-528000
2014/06/10,0,89000,-190000,-101000
2014/06/11,0,9000,-109000,-100000
2014/06/12,0,243000,-79000,164000
2014/06/13,0,240000,-276000,-36000
2014/06/16,0,152000,-107000,45000
2014/06/17,0,64000,-130000,-66000
2014/06/18,0,77000,-116000,-39000
2014/06/19,0,98000,-111000,-13000
2014/06/20,0,49000,-180000,-131000
2014/06/23,0,87000,-115000,-28000
2014/06/24,0,77000,-155000,-78000
2014/06/25,0,157000,-94000,63000
2014/06/26,0,104000,-55000,49000
2014/06/27,0,87000,-53000,34000
2014/06/30,0,119999,-57000,62999
2014/07/01,0,1006000,-31000,975000
2014/07/02,0,525000,-95000,430000
2014/07/03,0,278000,-49000,229000
2014/07/04,0,176000,-272000,-96000
2014/07/07,0,269000,-74000,195000
2014/07/08,0,236000,-442000,-206000
2014/07/09,0,140000,-177000,-37000
2014/07/10,0,226000,-247000,-21000
2014/07/11,0,324000,-459000,-135000
2014/07/14,0,162000,-162000,0
2014/07/15,0,22000,-75000,-53000
2014/07/16,0,145000,-489000,-344000
2014/07/17,0,48000,-192000,-144000
2014/07/18,0,137000,-64000,73000
2014/07/21,0,100000,-109000,-9000
2014/07/22,0,219000,-9000,210000
2014/07/23,0,0,0,0
2014/07/24,0,30000,-8000,22000
2014/07/25,0,71000,-449000,-378000
2014/07/28,0,692000,-769000,-77000
2014/07/29,0,28000,-319000,-291000
2014/07/30,0,150000,-33000,117000
2014/07/31,0,613000,-226000,387000
2014/08/01,0,305000,-339000,-34000
2014/08/04,0,85000,-65000,20000
2014/08/05,0,459000,-162000,297000
2014/08/06,0,517000,-214000,303000
2014/08/07,0,168000,-497000,-329000
2014/08/08,0,75000,-206000,-131000
2014/08/11,0,379000,-29000,350000
2014/08/12,0,75000,-205000,-130000
2014/08/13,0,432000,-196000,236000
2014/08/14,0,80000,-1106000,-1026000
2014/08/15,0,72000,-277000,-205000
2014/08/18,0,64000,-90000,-26000
2014/08/19,0,112000,-20000,92000
2014/08/20,0,337000,-119000,218000
2014/08/21,0,630000,-259000,371000
2014/08/22,0,118000,-608000,-490000
2014/08/25,0,23000,-60000,-37000
2014/08/26,0,25000,-100000,-75000
2014/08/27,0,25000,-98000,-73000
2014/08/28,0,99000,-20000,79000
2014/08/29,0,481000,-101000,380000
2014/09/01,0,197000,-128000,69000
2014/09/02,0,19000,-344000,-325000
2014/09/03,0,98000,-18000,80000
2014/09/04,0,185000,-206000,-21000
2014/09/05,0,88000,-80000,8000
2014/09/09,0,183000,-87000,96000
2014/09/10,0,88000,-54000,34000
2014/09/11,0,59000,-28000,31000
2014/09/12,0,59000,-439000,-380000
2014/09/15,0,34000,-52000,-18000
2014/09/16,0,49000,-149000,-100000
2014/09/17,0,310000,-379000,-69000
2014/09/18,0,27000,-44000,-17000
2014/09/19,0,230000,-138000,92000
2014/09/22,0,18000,-69000,-51000
2014/09/23,0,38000,-32781,5219
2014/09/24,0,24000,-35000,-11000
2014/09/25,0,32000,-107000,-75000
2014/09/26,0,35000,-67000,-32000
2014/09/29,0,46000,-59000,-13000
2014/09/30,0,228000,-73000,155000
2014/10/01,0,165000,-178000,-13000
2014/10/02,0,81000,-276000,-195000
2014/10/03,0,88000,-90000,-2000
2014/10/06,0,176000,-41000,135000
2014/10/07,0,64000,-137000,-73000
2014/10/08,0,103000,-85000,18000
2014/10/09,0,118000,-143000,-25000
2014/10/13,0,108000,-345000,-237000
2014/10/14,0,109000,-74000,35000
2014/10/15,0,101000,-289000,-188000
2014/10/16,0,250000,-484000,-234000
2014/10/17,0,80000,-248000,-168000
2014/10/20,0,64000,-39000,25000
2014/10/21,0,63000,-54000,9000
2014/10/22,0,126000,-55000,71000
2014/10/23,0,231000,-36000,195000
2014/10/24,0,113000,-119000,-6000
2014/10/27,0,133000,-90000,43000
2014/10/28,0,74000,-54000,20000
2014/10/29,0,130000,-29000,101000
2014/10/30,0,19000,-59000,-40000
2014/10/31,0,98000,-49000,49000
2014/11/03,0,624000,-216000,408000
2014/11/04,0,151000,-281000,-130000
2014/11/05,0,141000,-159000,-18000
2014/11/06,0,194000,-281000,-87000
2014/11/07,0,192000,-425000,-233000
2014/11/10,0,97000,-278000,-181000
2014/11/11,0,169000,-322000,-153000
2014/11/12,0,63000,-114000,-51000
2014/11/13,0,43000,-29000,14000
2014/11/14,0,150000,-41000,109000
2014/11/17,0,24000,-58000,-34000
2014/11/18,0,53000,-98000,-45000
2014/11/19,0,239000,-103000,136000
2014/11/20,0,81000,-6000,75000
2014/11/21,0,245000,-112000,133000
2014/11/24,0,150000,-168000,-18000
2014/11/25,0,11000,-7000,4000
2014/11/26,0,38000,-26000,12000
2014/11/27,0,321000,-47000,274000
2014/11/28,0,79000,-308000,-229000
2014/12/01,0,78000,-157000,-79000
2014/12/02,0,15000,-91534,-76534
2014/12/03,0,149000,-11000,138000
2014/12/04,0,79000,-126000,-47000
2014/12/05,0,31000,-67000,-36000
2014/12/08,0,7000,-57000,-50000
2014/12/09,0,14000,-15000,-1000
2014/12/10,0,55000,-31000,24000
2014/12/11,0,4000,-17000,-13000
2014/12/12,0,9000,-48000,-39000
2014/12/15,0,51000,-34000,17000
2014/12/16,0,31000,-109000,-78000
2014/12/17,0,57000,-125000,-68000
2014/12/18,0,45000,-15000,30000
2014/12/19,0,33000,-55000,-22000
2014/12/22,0,69000,-56000,13000
2014/12/23,0,152000,-18000,134000
2014/12/24,0,0,-103000,-103000
2014/12/25,0,24000,-34000,-10000
2014/12/26,0,41000,-8000,33000
2014/12/29,0,323000,-512000,-189000
2014/12/30,0,793000,-427000,366000
2014/12/31,0,260000,-251000,9000
2015/01/01,0,0,0,0
2015/01/02,0,0,0,0
2015/01/05,0,117000,-329000,-212000
2015/01/06,0,42000,-139000,-97000
2015/01/07,0,39000,-268000,-229000
2015/01/08,0,153000,-114000,39000
2015/01/09,0,384000,-154000,230000
2015/01/12,0,42000,-252000,-210000
2015/01/13,0,76000,-148000,-72000
2015/01/14,0,236000,-189000,47000
2015/01/15,0,152000,-191000,-39000
2015/01/16,0,34000,-116053,-82053
2015/01/19,0,113000,-48311,64689
2015/01/20,0,36000,-21000,15000
2015/01/21,0,161000,-82032,78968
2015/01/22,0,247000,-268000,-21000
2015/01/23,0,124000,-363000,-239000
2015/01/26,0,35000,-120000,-85000
2015/01/27,0,442000,-45000,397000
2015/01/28,0,388000,-133000,255000
2015/01/29,0,452000,-226000,226000
2015/01/30,0,150000,-71000,79000
2015/02/02,0,457000,-410000,47000
2015/02/03,0,253000,-158000,95000
2015/02/04,0,80000,-196032,-116032
2015/02/05,0,231000,-311032,-80032
2015/02/06,0,261000,-438000,-177000
2015/02/09,0,177000,-101000,76000
2015/02/10,0,19000,-239000,-220000
2015/02/11,0,175000,-94000,81000
2015/02/12,0,54000,-179000,-125000
2015/02/13,0,25000,-82000,-57000
2015/02/16,0,0,0,0
2015/02/17,0,0,0,0
2015/02/18,0,0,0,0
2015/02/19,0,0,0,0
2015/02/20,0,0,0,0
2015/02/23,0,0,0,0
2015/02/24,0,62000,-120000,-58000
2015/02/25,0,9000,-82021,-73021
2015/02/26,0,60000,-85000,-25000
2015/02/27,0,0,0,0
2015/03/02,0,639000,-129551,509449
2015/03/03,0,47000,-157000,-110000
2015/03/04,0,312000,-32000,280000
2015/03/05,0,83000,-170755,-87755
2015/03/06,0,146000,-74000,72000
2015/03/09,0,48000,-95000,-47000
2015/03/10,0,326000,-143814,182186
2015/03/11,0,41000,-118000,-77000
2015/03/12,0,79000,-62000,17000
2015/03/13,0,50000,-174000,-124000
2015/03/16,0,78000,-91000,-13000
2015/03/17,0,99000,-730022,-631022
2015/03/18,0,187000,-35000,152000
2015/03/19,0,349000,-182000,167000
2015/03/20,0,63000,-208000,-145000
2015/03/23,0,57000,-262000,-205000
2015/03/24,0,82000,-48000,34000
2015/03/25,0,66000,-438000,-372000
2015/03/26,0,73000,-290000,-217000
2015/03/27,0,385000,-288000,97000
2015/03/30,0,269000,-69000,200000
2015/03/31,0,323000,-135000,188000
2015/04/01,0,41000,-148000,-107000
2015/04/02,0,76000,-79000,-3000
2015/04/03,0,0,0,0
2015/04/06,0,0,0,0
2015/04/07,0,4000,-63000,-59000
2015/04/08,0,50000,-241000,-191000
2015/04/09,0,409000,-99000,310000
2015/04/10,0,102000,-92000,10000
2015/04/13,0,271000,-85000,186000
2015/04/14,0,41000,-110000,-69000
2015/04/15,0,30000,-276000,-246000
2015/04/16,0,131000,-11000,120000
2015/04/17,0,81000,-92000,-11000
2015/04/20,0,30000,-97000,-67000
2015/04/21,0,22000,-180000,-158000
2015/04/22,0,149000,-228000,-79000
2015/04/23,0,508000,-179000,329000
2015/04/24,0,32000,-300000,-268000
2015/04/27,0,20000,-116000,-96000
2015/04/28,0,85000,-92000,-7000
2015/04/29,0,108000,-120000,-12000
2015/04/30,0,474000,-43000,431000
2015/05/01,0,0,0,0
2015/05/04,0,68000,-473000,-405000
2015/05/05,0,161000,-90000,71000
2015/05/06,0,706000,-364000,342000
2015/05/07,0,220000,-343000,-123000
2015/05/08,0,135000,-137000,-2000
2015/05/11,0,11000,-168000,-157000
2015/05/12,0,302000,-104000,198000
2015/05/13,0,232000,-197000,35000
2015/05/14,0,26000,-229000,-203000
2015/05/15,0,123000,-76000,47000
2015/05/18,0,42000,-98000,-56000
2015/05/19,0,168000,-9000,159000
2015/05/20,0,71000,-281000,-210000
2015/05/21,0,22000,-109000,-87000
2015/05/22,0,85000,-112000,-27000
2015/05/25,0,17000,-76000,-59000
2015/05/26,0,549000,-37000,512000
2015/05/27,0,160000,-120000,40000
2015/05/28,0,8000,-147000,-139000
2015/05/29,0,169000,-8000,161000
2015/06/01,0,100000,-478000,-378000
2015/06/02,0,71000,-54000,17000
2015/06/03,0,1000,-104000,-103000
2015/06/04,0,41000,-43000,-2000
2015/06/05,0,65000,-185000,-120000
2015/06/08,0,163000,-24000,139000
2015/06/09,0,137000,-205000,-68000
2015/06/10,0,171000,-63000,108000
2015/06/11,0,192000,-23000,169000
2015/06/12,0,37000,-36000,1000
2015/06/15,0,4000,-63000,-59000
2015/06/16,0,37000,-191000,-154000
2015/06/17,0,245000,-81000,164000
2015/06/18,0,121000,-110000,11000
2015/06/19,0,0,0,0
2015/06/22,0,221000,-50000,171000
2015/06/23,0,26000,-43000,-17000
2015/06/24,0,20000,-14000,6000
2015/06/25,0,68000,-47000,21000
2015/06/26,0,48000,-20000,28000
2015/06/29,0,19000,-48000,-29000
2015/06/30,0,26000,-21000,5000
2015/07/01,0,88000,-423000,-335000
2015/07/02,0,56000,-58000,-2000
2015/07/03,0,11000,-11000,0
2015/07/06,0,70000,-26000,44000
2015/07/07,0,32000,-7000,25000
2015/07/08,0,35000,-252000,-217000
2015/07/09,0,167000,-49000,118000
2015/07/10,0,0,0,0
2015/07/13,0,441000,-46000,395000
2015/07/14,0,110000,-237000,-127000
2015/07/15,0,184000,-96000,88000
2015/07/16,0,188000,-58000,130000
2015/07/17,0,193000,-218000,-25000
2015/07/20,0,43000,-191000,-148000
2015/07/21,0,31000,-26000,5000
2015/07/22,0,73000,-124000,-51000
2015/07/23,0,136000,-93000,43000
2015/07/24,0,76000,-238000,-162000
2015/07/27,0,208000,-142000,66000
2015/07/28,0,253000,-64000,189000
2015/07/29,0,73000,-128000,-55000
2015/07/30,0,117000,-27000,90000
2015/07/31,0,246000,-205000,41000
2015/08/03,0,40000,-307000,-267000
2015/08/04,0,151000,-101000,50000
2015/08/05,0,181000,-33000,148000
2015/08/06,0,201000,-189000,12000
2015/08/07,0,79000,-404000,-325000
2015/08/10,0,356000,-76000,280000
2015/08/11,0,85000,-274000,-189000
2015/08/12,0,268000,-239000,29000
2015/08/13,0,212000,-46000,166000
2015/08/14,0,164000,-358000,-194000
2015/08/17,0,45000,-60000,-15000
2015/08/18,0,86000,-57000,29000
2015/08/19,0,121000,-66000,55000
2015/08/20,0,178000,-57000,121000
2015/08/21,0,103000,-97000,6000
2015/08/24,0,267000,-122000,145000
2015/08/25,0,153000,-37000,116000
2015/08/26,0,73000,-36000,37000
2015/08/27,0,151000,-67000,84000
2015/08/28,0,120000,-86000,34000
2015/08/31,0,81000,-66000,15000
2015/09/01,0,26000,-80000,-54000
2015/09/02,0,101000,-18000,83000
2015/09/03,0,59000,-38000,21000
2015/09/04,0,239000,-83000,156000
2015/09/07,0,31000,-342000,-311000
2015/09/08,0,233000,-257000,-24000
2015/09/09,0,331000,-220000,111000
2015/09/10,0,2000,-276000,-274000
2015/09/11,0,3000,-63000,-60000
2015/09/14,0,100000,-46000,54000
2015/09/15,0,4000,-166000,-162000
2015/09/16,0,90000,-95000,-5000
2015/09/17,0,206000,-26000,180000
2015/09/18,0,15000,-179000,-164000
2015/09/21,0,15000,-34000,-19000
2015/09/22,0,23000,-25000,-2000
2015/09/23,0,14000,-61000,-47000
2015/09/24,0,27000,-48000,-21000
2015/09/25,0,49000,-19000,30000
2015/09/28,0,0,0,0
2015/09/29,0,0,0,0
2015/09/30,0,52000,-22000,30000
2015/10/01,0,360000,-12000,348000
2015/10/02,0,59000,-197000,-138000
2015/10/05,0,141000,-303000,-162000
2015/10/06,0,7000,-61000,-54000
2015/10/07,0,45000,-71000,-26000
2015/10/08,0,207000,-128000,79000
2015/10/09,0,0,0,0
2015/10/12,0,315000,-20000,295000
2015/10/13,0,24000,-251000,-227000
2015/10/14,0,15000,-34000,-19000
2015/10/15,0,40000,-39000,1000
2015/10/16,0,9000,-73000,-64000
2015/10/19,0,22000,-32000,-10000
2015/10/20,0,17000,-25000,-8000
2015/10/21,0,227000,-60000,167000
2015/10/22,0,20000,-115000,-95000
2015/10/23,0,61000,-33000,28000
2015/10/26,0,57000,-2000,55000
2015/10/27,0,36000,-62000,-26000
2015/10/28,0,31000,-64000,-33000
2015/10/29,0,49000,-36000,13000
2015/10/30,0,23000,-69000,-46000
2015/11/02,0,234000,-21000,213000
2015/11/03,0,204000,-175000,29000
2015/11/04,0,571000,-116000,455000
2015/11/05,0,197000,-324000,-127000
2015/11/06,0,145000,-287000,-142000
2015/11/09,0,166000,-132000,34000
2015/11/10,0,297000,-13000,284000
2015/11/11,0,62000,-212000,-150000
2015/11/12,0,68000,-82000,-14000
2015/11/13,0,152000,-44000,108000
2015/11/16,0,52000,-63000,-11000
2015/11/17,0,41000,-100000,-59000
2015/11/18,0,62000,-83000,-21000
2015/11/19,0,178000,-88000,90000
2015/11/20,0,42000,-161000,-119000
2015/11/23,0,304000,-14000,290000
2015/11/24,0,435000,-237000,198000
2015/11/25,0,42000,-456000,-414000
2015/11/26,0,99000,-82000,17000
2015/11/27,0,3000,-111000,-108000
2015/11/30,0,67000,-108000,-41000
2015/12/01,0,286000,-33000,253000
2015/12/02,0,421000,-240000,181000
2015/12/03,0,459000,-256000,203000
2015/12/04,0,89000,-446000,-357000
2015/12/07,0,159000,-185000,-26000
2015/12/08,0,87000,-106000,-19000
2015/12/09,0,93000,-149000,-56000
2015/12/10,0,280000,-150000,130000
2015/12/11,0,34000,-239000,-205000
2015/12/14,0,85000,-86000,-1000
2015/12/15,0,74000,-60000,14000
2015/12/16,0,49000,-113000,-64000
2015/12/17,0,325000,-44000,281000
2015/12/18,0,187000,-204000,-17000
2015/12/21,0,352000,-186000,166000
2015/12/22,0,22000,-285000,-263000
2015/12/23,0,10000,-59000,-49000
2015/12/24,0,57000,-62000,-5000
2015/12/25,0,18000,-115000,-97000
2015/12/28,0,21000,-27000,-6000
2015/12/29,0,31000,-129000,-98000
2015/12/30,0,45000,-43000,2000
2015/12/31,0,39000,-39000,0
2016/01/01,0,0,0,0
2016/01/04,0,52000,-112000,-60000
2016/01/05,0,46000,-60000,-14000
2016/01/06,0,76000,-59000,17000
2016/01/07,0,165000,-135000,30000
2016/01/08,0,150000,-73000,77000
2016/01/11,0,49000,-87000,-38000
2016/01/12,0,41000,-58000,-17000
2016/01/13,0,75000,-16000,59000
2016/01/14,0,139000,-58000,81000
2016/01/15,0,70000,-141000,-71000
2016/01/18,0,217000,-28000,189000
2016/01/19,0,68000,-175000,-107000
2016/01/20,0,45000,-141000,-96000
2016/01/21,0,63000,-88000,-25000
2016/01/22,0,128000,-27000,101000
2016/01/25,0,57000,-78000,-21000
2016/01/26,0,43000,-111000,-68000
2016/01/27,0,104000,-23000,81000
2016/01/28,0,210000,-108000,102000
2016/01/29,0,270000,-215000,55000
2016/02/01,0,89000,-116000,-27000
2016/02/02,0,41000,-109000,-68000
2016/02/03,0,84000,-220000,-136000
2016/02/04,0,0,0,0
2016/02/05,0,0,0,0
2016/02/08,0,0,0,0
2016/02/09,0,0,0,0
2016/02/10,0,0,0,0
2016/02/11,0,0,0,0
2016/02/12,0,0,0,0
2016/02/15,0,161000,-92000,69000
2016/02/16,0,171000,-80000,91000
2016/02/17,0,139000,-105000,34000
2016/02/18,0,177000,-93000,84000
2016/02/19,0,112000,-207000,-95000
2016/02/22,0,101000,-78000,23000
2016/02/23,0,52000,-32000,20000
2016/02/24,0,22000,-50000,-28000
2016/02/25,0,92000,-15000,77000
2016/02/26,0,133000,-98000,35000
2016/02/29,0,0,0,0
2016/03/01,0,198000,-76000,122000
2016/03/02,0,109000,-233000,-124000
2016/03/03,0,69000,-132000,-63000
2016/03/04,0,43000,-46000,-3000
2016/03/07,0,112000,-101000,11000
2016/03/08,0,41000,-46000,-5000
2016/03/09,0,10000,-60000,-50000
2016/03/10,0,66000,-53000,13000
2016/03/11,0,71000,-60000,11000
2016/03/14,0,78000,-16000,62000
2016/03/15,0,25000,-88000,-63000
2016/03/16,0,160000,-44000,116000
2016/03/17,0,84000,-53000,31000
2016/03/18,0,36000,-68000,-32000
2016/03/21,0,43000,-149000,-106000
2016/03/22,0,38000,-166000,-128000
2016/03/23,0,172000,-97000,75000
2016/03/24,0,139000,-20000,119000
2016/03/25,0,28000,-39000,-11000
2016/03/28,0,52000,-84000,-32000
2016/03/29,0,64000,-160000,-96000
2016/03/30,0,30000,-19000,11000
2016/03/31,0,42000,-198000,-156000
2016/04/01,0,48000,-41000,7000
2016/04/04,0,0,0,0
2016/04/05,0,0,0,0
2016/04/06,0,99000,-19000,80000
2016/04/07,0,103000,-33000,70000
2016/04/08,0,62000,-27000,35000
2016/04/11,0,11000,-19000,-8000
2016/04/12,0,36000,-54000,-18000
2016/04/13,0,36000,-85000,-49000
2016/04/14,0,171000,-22000,149000
2016/04/15,0,92000,-159000,-67000
2016/04/18,0,110000,-13000,97000
2016/04/19,0,209000,-191000,18000
2016/04/20,0,284000,-59000,225000
2016/04/21,0,166000,-275000,-109000
2016/04/22,0,98000,-45000,53000
2016/04/25,0,6000,-103000,-97000
2016/04/26,0,64000,-46000,18000
2016/04/27,0,268000,-32000,236000
2016/04/28,0,108000,-87000,21000
2016/04/29,0,60000,-8000,52000
2016/05/02,0,0,0,0
2016/05/03,0,111000,-10000,101000
2016/05/04,0,198000,-44000,154000
2016/05/05,0,140000,-48000,92000
2016/05/06,0,354000,-18000,336000
2016/05/09,0,159000,-12000,147000
2016/05/10,0,105000,-129000,-24000
2016/05/11,0,104000,-47000,57000
2016/05/12,0,149000,-18000,131000
2016/05/13,0,582000,-266000,316000
2016/05/16,0,181000,-36000,145000
2016/05/17,0,164000,-35000,129000
2016/05/18,0,128000,-105000,23000
2016/05/19,0,99000,-32000,67000
2016/05/20,0,126000,-42000,84000
2016/05/23,0,257000,-12000,245000
2016/05/24,0,201000,-124000,77000
2016/05/25,0,96000,-384000,-288000
2016/05/26,0,151000,-185000,-34000
2016/05/27,0,76000,-86000,-10000
2016/05/30,0,25000,-56000,-31000
2016/05/31,0,87000,-65000,22000
2016/06/01,0,137000,-23000,114000
2016/06/02,0,16000,-220000,-204000
2016/06/03,0,21000,-175000,-154000
2016/06/06,0,59000,-28000,31000
2016/06/07,0,40000,-50000,-10000
2016/06/08,0,16000,-26000,-10000
2016/06/09,0,0,0,0
2016/06/10,0,0,0,0
2016/06/13,0,82000,-42000,40000
2016/06/14,0,43000,-39000,4000
2016/06/15,0,64000,-54000,10000
2016/06/16,0,58000,-89000,-31000
2016/06/17,0,154000,-63000,91000
2016/06/20,0,82000,-209000,-127000
2016/06/21,0,59000,-439000,-380000
2016/06/22,0,21000,-188000,-167000
2016/06/23,0,29000,-168000,-139000
2016/06/24,0,328000,-109000,219000
2016/06/27,0,80000,-45000,35000
2016/06/28,0,13000,-98000,-85000
2016/06/29,0,78000,-277000,-199000
2016/06/30,0,322000,-1351000,-1029000
2016/07/01,0,178000,-176000,2000
2016/07/04,0,13000,-69000,-56000
2016/07/05,0,106000,-47000,59000
2016/07/06,0,84000,-162000,-78000
2016/07/07,0,173000,-46000,127000
2016/07/08,0,0,0,0
2016/07/11,0,1096000,-160000,936000
2016/07/12,0,25000,-1000000,-975000
2016/07/13,0,99000,-259000,-160000
2016/07/14,0,130000,-95000,35000
2016/07/15,0,263000,-62000,201000
2016/07/18,0,10000,-270000,-260000
2016/07/19,0,153000,-49000,104000
2016/07/20,0,76000,-234000,-158000
2016/07/21,0,32000,-207000,-175000
2016/07/22,0,129000,-41000,88000
2016/07/25,0,90000,-153000,-63000
2016/07/26,0,284000,-30000,254000
2016/07/27,0,211000,-159000,52000
2016/07/28,0,46000,-380000,-334000
2016/07/29,0,36000,-115000,-79000
2016/08/01,0,32000,-215000,-183000
2016/08/02,0,56000,-70000,-14000
2016/08/03,0,24000,-144000,-120000
2016/08/04,0,126000,-77000,49000
2016/08/05,0,16000,-23000,-7000
2016/08/08,0,9000,-19000,-10000
2016/08/09,0,73000,-127000,-54000
2016/08/10,0,74000,-47000,27000
2016/08/11,0,15000,-45000,-30000
2016/08/12,0,18000,-13000,5000
2016/08/15,0,87000,-68000,19000
2016/08/16,0,70000,-28000,42000
2016/08/17,0,32000,-145000,-113000
2016/08/18,0,2000,-34000,-32000
2016/08/19,0,9000,-28000,-19000
2016/08/22,0,13000,-18000,-5000
2016/08/23,0,156000,-14000,142000
2016/08/24,0,9000,-83000,-74000
2016/08/25,0,144000,-13000,131000
2016/08/26,0,1000,-108000,-107000
2016/08/29,0,22000,-60000,-38000
2016/08/30,0,4000,-39000,-35000
2016/08/31,0,48000,-54000,-6000
2016/09/01,0,15000,-36000,-21000
2016/09/02,0,39000,-28000,11000
2016/09/05,0,79000,-9000,70000
2016/09/06,0,12000,-81000,-69000
2016/09/07,0,135000,-31000,104000
2016/09/08,0,29000,-57000,-28000
2016/09/09,0,13000,-50000,-37000
2016/09/12,0,624000,-22000,602000
2016/09/13,0,479000,-77000,402000
2016/09/14,0,19000,-9000,10000
2016/09/15,0,0,0,0
2016/09/16,0,0,0,0
2016/09/19,0,129000,-27000,102000
2016/09/20,0,498000,-470000,28000
2016/09/21,0,226000,-152000,74000
2016/09/22,0,26000,-189000,-163000
2016/09/23,0,23000,-106000,-83000
2016/09/26,0,9000,-92000,-83000
2016/09/27,0,0,0,0
2016/09/28,0,0,0,0
2016/09/29,0,52000,-892000,-840000
2016/09/30,0,113000,-29000,84000
2016/10/03,0,11000,-18000,-7000
2016/10/04,0,3000,-17000,-14000
2016/10/05,0,10000,-21000,-11000
2016/10/06,0,136000,-1000,135000
2016/10/07,0,25000,-143000,-118000
2016/10/10,0,0,0,0
2016/10/11,0,84000,-102000,-18000
2016/10/12,0,336000,-25000,311000
2016/10/13,0,94000,-35000,59000
2016/10/14,0,148000,-147000,1000
2016/10/17,0,160000,-41000,119000
2016/10/18,0,20000,-105000,-85000
2016/10/19,0,72000,-51000,21000
2016/10/20,0,26000,-35000,-9000
2016/10/21,0,68000,-20000,48000
2016/10/24,0,37000,-27000,10000
2016/10/25,0,97000,-88000,9000
2016/10/26,0,76000,-29000,47000
2016/10/27,0,107000,-138000,-31000
2016/10/28,0,20000,-56000,-36000
2016/10/31,0,25000,-15000,10000
2016/11/01,0,20000,-24000,-4000
2016/11/02,0,44000,-45000,-1000
2016/11/03,0,27000,-9000,18000
2016/11/04,0,30000,-8000,22000
2016/11/07,0,61000,-17000,44000
2016/11/08,0,30000,-38000,-8000
2016/11/09,0,201000,-143000,58000
2016/11/10,0,90000,-47000,43000
2016/11/11,0,186000,-37000,149000
2016/11/14,0,104000,-24000,80000
2016/11/15,0,98000,-40000,58000
2016/11/16,0,57000,-27000,30000
2016/11/17,0,37000,-85000,-48000
2016/11/18,0,34000,-19000,15000
2016/11/21,0,10000,-15000,-5000
2016/11/22,0,98000,-107000,-9000
2016/11/23,0,48000,-141000,-93000
2016/11/24,0,35000,-3000,32000
2016/11/25,0,2000,-24000,-22000
2016/11/28,0,28000,-10568,17432
2016/11/29,0,33000,-10000,23000
2016/11/30,0,20000,-52000,-32000
2016/12/01,0,61000,-10000,51000
2016/12/02,0,21000,-62000,-41000
2016/12/05,0,27000,-6000,21000
2016/12/06,0,10000,-23000,-13000
2016/12/07,0,16000,-1000,15000
2016/12/08,0,13000,-30000,-17000
2016/12/09,0,27000,-5000,22000
2016/12/12,0,10000,-132000,-122000
2016/12/13,0,39000,-8000,31000
2016/12/14,0,0,-4000,-4000
2016/12/15,0,28000,-1000,27000
2016/12/16,0,153000,-21000,132000
2016/12/19,0,27000,-100000,-73000
2016/12/20,0,41000,-6000,35000
2016/12/21,0,104000,-7000,97000
2016/12/22,0,26000,-29000,-3000
2016/12/23,0,68000,-77000,-9000
2016/12/26,0,30000,-10000,20000
2016/12/27,0,13000,-4000,9000
2016/12/28,0,21000,-39000,-18000
2016/12/29,0,22000,-16000,6000
2016/12/30,0,3000,-26000,-23000
2017/01/02,0,0,0,0
2017/01/03,0,14000,-7000,7000
2017/01/04,0,19000,-11000,8000
2017/01/05,0,25000,-37000,-12000
2017/01/06,0,22000,-17000,5000
2017/01/09,0,17000,-29000,-12000
2017/01/10,0,42000,-11000,31000
2017/01/11,0,20000,-50000,-30000
2017/01/12,0,35000,-38000,-3000
2017/01/13,0,9000,-70000,-61000
2017/01/16,0,3000,-11000,-8000
2017/01/17,0,10000,-4000,6000
2017/01/18,0,46000,-21000,25000
2017/01/19,0,36000,-23000,13000
2017/01/20,0,19000,-6000,13000
2017/01/23,0,7000,-20000,-13000
2017/01/24,0,4000,-53000,-49000
2017/01/25,0,0,0,0
2017/01/26,0,0,0,0
2017/01/27,0,0,0,0
2017/01/30,0,0,0,0
2017/01/31,0,0,0,0
2017/02/01,0,0,0,0
2017/02/02,0,8000,-13000,-5000
2017/02/03,0,36000,-30000,6000
2017/02/06,0,328000,-45000,283000
2017/02/07,0,120000,-158000,-38000
2017/02/08,0,56000,-203000,-147000
2017/02/09,0,16000,-66000,-50000
2017/02/10,0,23000,-40000,-17000
2017/02/13,0,73000,-22000,51000
2017/02/14,0,22000,-78000,-56000
2017/02/15,0,130000,-74000,56000
2017/02/16,0,96000,-170000,-74000
2017/02/17,0,50000,-70000,-20000
2017/02/20,0,5000,-24000,-19000
2017/02/21,0,11000,-36000,-25000
2017/02/22,0,17000,-20000,-3000
2017/02/23,0,24000,-16000,8000
2017/02/24,0,62000,-7000,55000
2017/02/27,0,0,0,0
2017/02/28,0,0,0,0
2017/03/01,0,45000,-25000,20000
2017/03/02,0,14000,-83000,-69000
2017/03/03,0,34000,-18000,16000
2017/03/06,0,18000,-3000,15000
2017/03/07,0,28000,-51000,-23000
2017/03/08,0,23000,-20000,3000
2017/03/09,0,16000,-34000,-18000
2017/03/10,0,27000,-34000,-7000
2017/03/13,0,21000,-28000,-7000
2017/03/14,0,95000,-59000,36000
2017/03/15,0,15000,-149000,-134000
2017/03/16,0,15000,-35000,-20000
2017/03/17,0,11000,-5000,6000
2017/03/20,0,98000,-17000,81000
2017/03/21,0,22000,-172000,-150000
2017/03/22,0,10000,-11000,-1000
2017/03/23,0,26000,-7000,19000
2017/03/24,0,1000,-32000,-31000
2017/03/27,0,5000,0,5000
2017/03/28,0,79000,-9000,70000
2017/03/29,0,17000,-57000,-40000
2017/03/30,0,0,-18000,-18000
2017/03/31,0,24000,-15000,9000
2017/04/03,0,0,0,0
2017/04/04,0,0,0,0
2017/04/05,0,35000,-32000,3000
2017/04/06,0,30000,-30000,0
2017/04/07,0,11000,-27000,-16000
2017/04/10,0,0,0,0
2017/04/11,0,14000,-1000,13000
2017/04/12,0,21000,-25631,-4631
2017/04/13,0,55000,-3000,52000
2017/04/14,0,49000,-56000,-7000
2017/04/17,0,88000,0,88000
2017/04/18,0,17000,-23000,-6000
2017/04/19,0,30000,-19000,11000
2017/04/20,0,47000,-12000,35000
2017/04/21,0,24000,-4000,20000
2017/04/24,0,14000,-2000,12000
2017/04/25,0,25000,-33000,-8000
2017/04/26,0,10000,-30000,-20000
2017/04/27,0,0,-16000,-16000
2017/04/28,0,1000,-14000,-13000
2017/05/01,0,0,0,0
2017/05/02,0,11000,-18000,-7000
2017/05/03,0,0,0,0
2017/05/04,0,126000,-30000,96000
2017/05/05,0,365000,-92000,273000
2017/05/08,0,514000,-84000,430000
2017/05/09,0,206000,-191291,14709
2017/05/10,0,178000,-76000,102000
2017/05/11,0,154000,-209000,-55000
2017/05/12,0,29000,-61000,-32000
2017/05/15,0,61000,-38000,23000
2017/05/16,0,44000,-16000,28000
2017/05/17,0,136000,-54000,82000
2017/05/18,0,11000,-12000,-1000
2017/05/19,0,44000,-11000,33000
2017/05/22,0,123000,-3000,120000
2017/05/23,0,2000,-85000,-83000
2017/05/24,0,129000,-14000,115000
2017/05/25,0,115000,-19000,96000
2017/05/26,0,230000,-30000,200000
2017/05/29,0,0,0,0
2017/05/30,0,0,0,0
2017/05/31,0,90000,-43000,47000
2017/06/01,0,106000,-23000,83000
2017/06/02,0,113000,-6000,107000
2017/06/05,0,88000,-45000,43000
2017/06/06,0,167000,-40689,126311
2017/06/07,0,226000,-32000,194000
2017/06/08,0,302000,-22000,280000
2017/06/09,0,200000,-31000,169000
2017/06/12,0,196000,-41000,155000
2017/06/13,0,306000,-23000,283000
2017/06/14,0,159000,-78000,81000
2017/06/15,0,129000,-35000,94000
2017/06/16,0,155000,-9000,146000
2017/06/19,0,155000,-37000,118000
2017/06/20,0,95000,-37000,58000
2017/06/21,0,274000,-84000,190000
2017/06/22,0,186000,-45000,141000
2017/06/23,0,100000,-23000,77000
2017/06/26,0,125000,-113000,12000
2017/06/27,0,111000,-10000,101000
2017/06/28,0,138000,-54000,84000
2017/06/29,0,80000,-31000,49000
2017/06/30,0,91000,-65000,26000
2017/07/03,0,195000,-65000,130000
2017/07/04,0,95000,-134000,-39000
2017/07/05,0,35000,-16000,19000
2017/07/06,0,53000,-6000,47000
2017/07/07,0,20000,-60000,-40000
2017/07/10,0,232000,-5000,227000
2017/07/11,0,9000,-255000,-246000
2017/07/12,0,8000,-80000,-72000
2017/07/13,0,66000,-45000,21000
2017/07/14,0,6000,-63000,-57000
2017/07/17,0,51000,-8000,43000
2017/07/18,0,15000,-65000,-50000
2017/07/19,0,108000,-73000,35000
2017/07/20,0,130000,-4000,126000
2017/07/21,0,18000,-68000,-50000
2017/07/24,0,36000,-58000,-22000
2017/07/25,0,7000,-29000,-22000
2017/07/26,0,1000,-41000,-40000
2017/07/27,0,82000,-42000,40000
2017/07/28,0,45000,-383000,-338000
2017/07/31,0,88000,-3000,85000
2017/08/01,0,83000,-58000,25000
2017/08/02,0,42000,-12000,30000
2017/08/03,0,66000,-39000,27000
2017/08/04,0,1000,-61000,-60000
2017/08/07,0,23000,-6000,17000
2017/08/08,0,4000,-207000,-203000
2017/08/09,0,20000,-58000,-38000
2017/08/10,0,38000,-65000,-27000
2017/08/11,0,23000,-4000,19000
2017/08/14,0,48000,-5000,43000
2017/08/15,0,9000,-20000,-11000
2017/08/16,0,86000,-104000,-18000
2017/08/17,0,17000,-50000,-33000
2017/08/18,0,14000,-37000,-23000
