Date,Open,Buy,Sell,Total
2007/01/02,0,477000,0,477000
2007/01/03,0,745000,-13723,731277
2007/01/04,0,1648000,-436000,1212000
2007/01/05,0,761000,-248000,513000
2007/01/08,0,521000,-100000,421000
2007/01/09,0,1392000,0,1392000
2007/01/10,0,281000,0,281000
2007/01/11,0,571000,0,571000
2007/01/12,0,34000,0,34000
2007/01/15,0,141000,0,141000
2007/01/16,0,411000,-7000,404000
2007/01/17,0,483000,0,483000
2007/01/18,0,370000,-1000,369000
2007/01/19,0,74000,-26000,48000
2007/01/22,0,38000,0,38000
2007/01/23,0,229000,-82000,147000
2007/01/24,0,84000,-210000,-126000
2007/01/25,0,194000,-30000,164000
2007/01/26,0,0,-20000,-20000
2007/01/29,0,40000,0,40000
2007/01/30,0,115000,-23000,92000
2007/01/31,0,759000,-44000,715000
2007/02/01,0,290000,-45000,245000
2007/02/02,0,411000,0,411000
2007/02/05,0,86000,-72000,14000
2007/02/06,0,12000,-71450,-59450
2007/02/07,0,0,-342000,-342000
2007/02/08,0,51000,-160000,-109000
2007/02/09,0,191000,-2251000,-2060000
2007/02/12,0,176000,0,176000
2007/02/13,0,668000,-23977,644023
2007/02/14,0,77000,0,77000
2007/02/15,0,0,0,0
2007/02/16,0,0,0,0
2007/02/19,0,0,0,0
2007/02/20,0,0,0,0
2007/02/21,0,0,0,0
2007/02/22,0,0,0,0
2007/02/23,0,0,0,0
2007/02/26,0,235000,0,235000
2007/02/27,0,50000,-122000,-72000
2007/02/28,0,0,0,0
2007/03/01,0,1000,-190000,-189000
2007/03/02,0,0,-403000,-403000
2007/03/05,0,0,-1103000,-1103000
2007/03/06,0,174000,-160000,14000
2007/03/07,0,10000,-175000,-165000
2007/03/08,0,0,-129000,-129000
2007/03/09,0,150000,0,150000
2007/03/12,0,3000,0,3000
2007/03/13,0,0,-218000,-218000
2007/03/14,0,0,-1597000,-1597000
2007/03/15,0,0,-390329,-390329
2007/03/16,0,20000,-220000,-200000
2007/03/19,0,10000,-910,9090
2007/03/20,0,271000,-9000,262000
2007/03/21,0,10000,-315000,-305000
2007/03/22,0,0,-1000,-1000
2007/03/23,0,0,-933000,-933000
2007/03/26,0,0,-365559,-365559
2007/03/27,0,0,-264000,-264000
2007/03/28,0,0,0,0
2007/03/29,0,0,-2000,-2000
2007/03/30,0,404000,-1000,403000
2007/04/02,0,195000,-125000,70000
2007/04/03,0,750000,-54000,696000
2007/04/04,0,410000,-2000,408000
2007/04/05,0,0,0,0
2007/04/06,0,0,0,0
2007/04/09,0,30000,0,30000
2007/04/10,0,40000,-2000,38000
2007/04/11,0,661000,-92000,569000
2007/04/12,0,0,-80000,-80000
2007/04/13,0,20000,-616000,-596000
2007/04/16,0,0,-12000,-12000
2007/04/17,0,181000,-76690,104310
2007/04/18,0,0,0,0
2007/04/19,0,0,-63000,-63000
2007/04/20,0,111000,-40000,71000
2007/04/23,0,175000,-590000,-415000
2007/04/24,0,100000,-19149,80851
2007/04/25,0,496000,0,496000
2007/04/26,0,75000,0,75000
2007/04/27,0,155000,-82000,73000
2007/04/30,0,145000,-135000,10000
2007/05/01,0,0,0,0
2007/05/02,0,282000,0,282000
2007/05/03,0,28000,-107000,-79000
2007/05/04,0,0,-356000,-356000
2007/05/07,0,125000,0,125000
2007/05/08,0,160000,0,160000
2007/05/09,0,0,0,0
2007/05/10,0,40000,-1000,39000
2007/05/11,0,75000,-4000,71000
2007/05/14,0,2000,-116000,-114000
2007/05/15,0,44000,-461000,-417000
2007/05/16,0,38000,-156000,-118000
2007/05/17,0,116000,0,116000
2007/05/18,0,2000,-270000,-268000
2007/05/21,0,0,-121000,-121000
2007/05/22,0,20000,0,20000
2007/05/23,0,180000,-10000,170000
2007/05/24,0,267000,-195000,72000
2007/05/25,0,25000,0,25000
2007/05/28,0,200000,-460000,-260000
2007/05/29,0,55000,-2000,53000
2007/05/30,0,90000,-149000,-59000
2007/05/31,0,28000,-30000,-2000
2007/06/01,0,0,-95000,-95000
2007/06/04,0,0,0,0
2007/06/05,0,0,-18000,-18000
2007/06/06,0,71000,0,71000
2007/06/07,0,201000,0,201000
2007/06/08,0,160000,0,160000
2007/06/11,0,0,-58000,-58000
2007/06/12,0,336000,0,336000
2007/06/13,0,432000,-2000,430000
2007/06/14,0,0,-3000,-3000
2007/06/15,0,107000,-47775,59225
2007/06/18,0,0,0,0
2007/06/19,0,0,0,0
2007/06/20,0,0,-130000,-130000
2007/06/21,0,20000,-241000,-221000
2007/06/22,0,150000,-65000,85000
2007/06/25,0,0,-67000,-67000
2007/06/26,0,0,0,0
2007/06/27,0,0,-435000,-435000
2007/06/28,0,0,-826000,-826000
2007/06/29,0,0,-75000,-75000
2007/07/02,0,404000,-283000,121000
2007/07/03,0,279000,-260000,19000
2007/07/04,0,126000,-200000,-74000
2007/07/05,0,260000,-113000,147000
2007/07/06,0,202000,-90000,112000
2007/07/09,0,73000,-80218,-7218
2007/07/10,0,50000,0,50000
2007/07/11,0,250000,0,250000
2007/07/12,0,101000,-183000,-82000
2007/07/13,0,240000,-459076,-219076
2007/07/16,0,300000,-190000,110000
2007/07/17,0,110000,-401549,-291549
2007/07/18,0,11000,0,11000
2007/07/19,0,156000,0,156000
2007/07/20,0,101000,-360000,-259000
2007/07/23,0,0,-320000,-320000
2007/07/24,0,800000,-83000,717000
2007/07/25,0,250000,-245000,5000
2007/07/26,0,219000,-16000,203000
2007/07/27,0,122000,-412000,-290000
2007/07/30,0,0,-68000,-68000
2007/07/31,0,102000,-132000,-30000
2007/08/01,0,1531000,-154000,1377000
2007/08/02,0,0,-176939,-176939
2007/08/03,0,101000,-132000,-31000
2007/08/06,0,1000,0,1000
2007/08/07,0,2000,-40000,-38000
2007/08/08,0,4000,-20000,-16000
2007/08/09,0,435000,0,435000
2007/08/10,0,3000,-4000,-1000
2007/08/13,0,3000,-5000,-2000
2007/08/14,0,3000,0,3000
2007/08/15,0,24000,-24000,0
2007/08/16,0,2000,-2000,0
2007/08/17,0,2000,-24000,-22000
2007/08/20,0,2000,-40000,-38000
2007/08/21,0,0,-200000,-200000
2007/08/22,0,6000,-300000,-294000
2007/08/23,0,1000,0,1000
2007/08/24,0,0,-100000,-100000
2007/08/27,0,0,-1000,-1000
2007/08/28,0,0,0,0
2007/08/29,0,10000,-7000,3000
2007/08/30,0,0,-253395,-253395
2007/08/31,0,0,-4186,-4186
2007/09/03,0,4000,-12999,-8999
2007/09/04,0,5000,0,5000
2007/09/05,0,0,-167694,-167694
2007/09/06,0,0,-99,-99
2007/09/07,0,0,-3000,-3000
2007/09/10,0,0,-1499,-1499
2007/09/11,0,0,-330000,-330000
2007/09/12,0,7000,-107599,-100599
2007/09/13,0,0,0,0
2007/09/14,0,0,0,0
2007/09/17,0,0,0,0
2007/09/18,0,0,0,0
2007/09/19,0,1000,0,1000
2007/09/20,0,1000,-7000,-6000
2007/09/21,0,7000,-3999,3001
2007/09/24,0,0,0,0
2007/09/25,0,0,0,0
2007/09/26,0,780000,0,780000
2007/09/27,0,116000,0,116000
2007/09/28,0,2824000,-21000,2803000
2007/10/01,0,2557000,-167000,2390000
2007/10/02,0,278000,-2159,275841
2007/10/03,0,550000,0,550000
2007/10/04,0,300000,0,300000
2007/10/05,0,100000,-15000,85000
2007/10/08,0,244000,-2000,242000
2007/10/09,0,411000,-1456199,-1045199
2007/10/10,0,0,0,0
2007/10/11,0,72000,-140499,-68499
2007/10/12,0,0,-100000,-100000
2007/10/15,0,385000,-28639,356361
2007/10/16,0,207000,-350000,-143000
2007/10/17,0,226000,0,226000
2007/10/18,0,605000,0,605000
2007/10/19,0,16000,-5000,11000
2007/10/22,0,40000,0,40000
2007/10/23,0,204000,-60000,144000
2007/10/24,0,242000,0,242000
2007/10/25,0,0,-200000,-200000
2007/10/26,0,0,-50000,-50000
2007/10/29,0,1000,0,1000
2007/10/30,0,20000,-202000,-182000
2007/10/31,0,293000,-520000,-227000
2007/11/01,0,586000,0,586000
2007/11/02,0,61000,0,61000
2007/11/05,0,1000,-380000,-379000
2007/11/06,0,0,-98000,-98000
2007/11/07,0,0,-744000,-744000
2007/11/08,0,0,-2522000,-2522000
2007/11/09,0,1000,-20000,-19000
2007/11/12,0,1000,0,1000
2007/11/13,0,19000,0,19000
2007/11/14,0,6000,-202000,-196000
2007/11/15,0,0,-120000,-120000
2007/11/16,0,0,-21000,-21000
2007/11/19,0,0,-324000,-324000
2007/11/20,0,1000,-350000,-349000
2007/11/21,0,9000,0,9000
2007/11/22,0,120000,0,120000
2007/11/23,0,2000,-559000,-557000
2007/11/26,0,0,-118000,-118000
2007/11/27,0,31000,-250000,-219000
2007/11/28,0,0,-627000,-627000
2007/11/29,0,1000,-866000,-865000
2007/11/30,0,81000,-1780799,-1699799
2007/12/03,0,1000,-115000,-114000
2007/12/04,0,2000,-875499,-873499
2007/12/05,0,2000,0,2000
2007/12/06,0,0,-410000,-410000
2007/12/07,0,0,-416000,-416000
2007/12/10,0,0,-115000,-115000
2007/12/11,0,0,0,0
2007/12/12,0,0,-545000,-545000
2007/12/13,0,4000,0,4000
2007/12/14,0,141000,-2749000,-2608000
2007/12/17,0,140000,-32000,108000
2007/12/18,0,161000,-218000,-57000
2007/12/19,0,350000,-115000,235000
2007/12/20,0,0,-8000,-8000
2007/12/21,0,1000,-40000,-39000
2007/12/24,0,803000,-154000,649000
2007/12/25,0,68000,-12000,56000
2007/12/26,0,30000,-30000,0
2007/12/27,0,460000,-9000,451000
2007/12/28,0,20000,-11000,9000
2007/12/31,0,20000,0,20000
2008/01/01,0,0,0,0
2008/01/02,0,30000,-50000,-20000
2008/01/03,0,528000,-450000,78000
2008/01/04,0,0,-1000,-1000
2008/01/07,0,0,-1250000,-1250000
2008/01/08,0,1000,-163599,-162599
2008/01/09,0,4000,-202000,-198000
2008/01/10,0,7000,-8000,-1000
2008/01/11,0,0,-2000,-2000
2008/01/14,0,0,-1000,-1000
2008/01/15,0,150000,-2000,148000
2008/01/16,0,0,0,0
2008/01/17,0,18000,-2000,16000
2008/01/18,0,210000,0,210000
2008/01/21,0,1000,-1000,0
2008/01/22,0,0,-16000,-16000
2008/01/23,0,5000,0,5000
2008/01/24,0,160000,0,160000
2008/01/25,0,3000,-42000,-39000
2008/01/28,0,16000,0,16000
2008/01/29,0,1000,-18000,-17000
2008/01/30,0,1000,-305000,-304000
2008/01/31,0,200000,-578,199422
2008/02/01,0,61000,0,61000
2008/02/04,0,0,0,0
2008/02/05,0,0,0,0
2008/02/06,0,0,0,0
2008/02/07,0,0,0,0
2008/02/08,0,0,0,0
2008/02/11,0,0,0,0
2008/02/12,0,2000,-119000,-117000
2008/02/13,0,10000,-101000,-91000
2008/02/14,0,0,0,0
2008/02/15,0,0,0,0
2008/02/18,0,8000,0,8000
2008/02/19,0,211000,-582895,-371895
2008/02/20,0,201000,-1000,200000
2008/02/21,0,806000,0,806000
2008/02/22,0,0,0,0
2008/02/25,0,200000,-14000,186000
2008/02/26,0,25000,-230,24770
2008/02/27,0,17000,-2000,15000
2008/02/28,0,0,0,0
2008/02/29,0,1573000,0,1573000
2008/03/03,0,0,-15000,-15000
2008/03/04,0,201000,-4000,197000
2008/03/05,0,0,-1000,-1000
2008/03/06,0,0,0,0
2008/03/07,0,0,0,0
2008/03/10,0,16000,0,16000
2008/03/11,0,2000,0,2000
2008/03/12,0,458000,-17000,441000
2008/03/13,0,0,0,0
2008/03/14,0,7000,0,7000
2008/03/17,0,1000,-1601000,-1600000
2008/03/18,0,1000,0,1000
2008/03/19,0,1000,0,1000
2008/03/20,0,1000,0,1000
2008/03/21,0,2000,0,2000
2008/03/24,0,1000,-436000,-435000
2008/03/25,0,0,-583000,-583000
2008/03/26,0,1000,-29000,-28000
2008/03/27,0,1000,-1000,0
2008/03/28,0,1000,-207,793
2008/03/31,0,1000,-1000,0
2008/04/01,0,0,0,0
2008/04/02,0,0,-36000,-36000
2008/04/03,0,0,0,0
2008/04/04,0,0,0,0
2008/04/07,0,0,0,0
2008/04/08,0,0,-240000,-240000
2008/04/09,0,1000,-143000,-142000
2008/04/10,0,0,-449000,-449000
2008/04/11,0,0,-231337,-231337
2008/04/14,0,193000,0,193000
2008/04/15,0,193000,-571696,-378696
2008/04/16,0,0,-2000,-2000
2008/04/17,0,10000,-696000,-686000
2008/04/18,0,215000,-665000,-450000
2008/04/21,0,23000,-45058,-22058
2008/04/22,0,0,-7000,-7000
2008/04/23,0,0,0,0
2008/04/24,0,330000,0,330000
2008/04/25,0,0,0,0
2008/04/28,0,17000,-289938,-272938
2008/04/29,0,0,0,0
2008/04/30,0,1000,-4000,-3000
2008/05/01,0,0,0,0
2008/05/02,0,284000,0,284000
2008/05/05,0,0,-20000,-20000
2008/05/06,0,0,0,0
2008/05/07,0,4000,-393000,-389000
2008/05/08,0,3000,-308000,-305000
2008/05/09,0,1000,-18000,-17000
2008/05/12,0,1000,0,1000
2008/05/13,0,103000,-6000,97000
2008/05/14,0,1000,0,1000
2008/05/15,0,10000,0,10000
2008/05/16,0,0,0,0
2008/05/19,0,4000,-8000,-4000
2008/05/20,0,0,-1000,-1000
2008/05/21,0,0,-45000,-45000
2008/05/22,0,1000,-27000,-26000
2008/05/23,0,0,-473000,-473000
2008/05/26,0,0,0,0
2008/05/27,0,0,0,0
2008/05/28,0,1000,0,1000
2008/05/29,0,1000,-24000,-23000
2008/05/30,0,0,-4000,-4000
2008/06/02,0,1000,-18499,-17499
2008/06/03,0,394000,0,394000
2008/06/04,0,0,0,0
2008/06/05,0,0,0,0
2008/06/06,0,0,0,0
2008/06/09,0,1000,0,1000
2008/06/10,0,0,0,0
2008/06/11,0,0,0,0
2008/06/12,0,0,0,0
2008/06/13,0,1000,0,1000
2008/06/16,0,20000,0,20000
2008/06/17,0,0,0,0
2008/06/18,0,0,0,0
2008/06/19,0,0,0,0
2008/06/20,0,1000,-2000,-1000
2008/06/23,0,3000,0,3000
2008/06/24,0,5000,-50000,-45000
2008/06/25,0,0,0,0
2008/06/26,0,0,0,0
2008/06/27,0,0,-112797,-112797
2008/06/30,0,1000,-398000,-397000
2008/07/01,0,1000,-32000,-31000
2008/07/02,0,104000,-1000,103000
2008/07/03,0,1000,-86579,-85579
2008/07/04,0,1000,0,1000
2008/07/07,0,2000,0,2000
2008/07/08,0,0,0,0
2008/07/09,0,0,-650533,-650533
2008/07/10,0,0,-1120000,-1120000
2008/07/11,0,2000,-44000,-42000
2008/07/14,0,5000,0,5000
2008/07/15,0,0,0,0
2008/07/16,0,2000,-92000,-90000
2008/07/17,0,1000,0,1000
2008/07/18,0,495000,-6000,489000
2008/07/21,0,63000,-13000,50000
2008/07/22,0,1000,-55000,-54000
2008/07/23,0,1011000,-227585,783415
2008/07/24,0,400000,-2000,398000
2008/07/25,0,0,0,0
2008/07/28,0,0,0,0
2008/07/29,0,0,-6000,-6000
2008/07/30,0,209000,-2000,207000
2008/07/31,0,88000,-300333,-212333
2008/08/01,0,200000,-107079,92921
2008/08/04,0,0,-100000,-100000
2008/08/05,0,0,-10000,-10000
2008/08/06,0,5000,0,5000
2008/08/07,0,0,0,0
2008/08/08,0,477000,0,477000
2008/08/11,0,365000,0,365000
2008/08/12,0,400000,-38000,362000
2008/08/13,0,0,0,0
2008/08/14,0,810000,-3000,807000
2008/08/15,0,0,0,0
2008/08/18,0,0,-51000,-51000
2008/08/19,0,1000,-3000,-2000
2008/08/20,0,1000,-87000,-86000
2008/08/21,0,51000,-2000,49000
2008/08/22,0,0,-74000,-74000
2008/08/25,0,0,-155000,-155000
2008/08/26,0,0,-1000,-1000
2008/08/27,0,0,0,0
2008/08/28,0,0,0,0
2008/08/29,0,6000,0,6000
2008/09/01,0,0,0,0
2008/09/02,0,0,-3000,-3000
2008/09/03,0,12000,-765000,-753000
2008/09/04,0,5000,-1001000,-996000
2008/09/05,0,0,0,0
2008/09/08,0,2000,-50000,-48000
2008/09/09,0,1000,0,1000
2008/09/10,0,1000,-285000,-284000
2008/09/11,0,0,-401000,-401000
2008/09/12,0,0,0,0
2008/09/15,0,0,-702000,-702000
2008/09/16,0,17000,-300000,-283000
2008/09/17,0,3000,0,3000
2008/09/18,0,1000,0,1000
2008/09/19,0,0,0,0
2008/09/22,0,106000,-45328,60672
2008/09/23,0,18000,-1426,16574
2008/09/24,0,1100000,-1000,1099000
2008/09/25,0,36000,-11510,24490
2008/09/26,0,4000,0,4000
2008/09/29,0,0,0,0
2008/09/30,0,0,0,0
2008/10/01,0,0,-12000,-12000
2008/10/02,0,0,-2000,-2000
2008/10/03,0,0,-5055,-5055
2008/10/06,0,2000,-2000,0
2008/10/07,0,0,-2000,-2000
2008/10/08,0,0,-1047,-1047
2008/10/09,0,8000,-1000,7000
2008/10/10,0,0,0,0
2008/10/13,0,0,0,0
2008/10/14,0,0,-79,-79
2008/10/15,0,2000,-3718,-1718
2008/10/16,0,3000,0,3000
2008/10/17,0,75000,-3000,72000
2008/10/20,0,0,-3000,-3000
2008/10/21,0,0,0,0
2008/10/22,0,0,0,0
2008/10/23,0,0,0,0
2008/10/24,0,0,-117,-117
2008/10/27,0,0,-13000,-13000
2008/10/28,0,0,-12000,-12000
2008/10/29,0,0,-1361,-1361
2008/10/30,0,319000,-1000,318000
2008/10/31,0,55000,0,55000
2008/11/03,0,1000,0,1000
2008/11/04,0,34000,0,34000
2008/11/05,0,0,-95,-95
2008/11/06,0,1000,-350000,-349000
2008/11/07,0,0,0,0
2008/11/10,0,0,0,0
2008/11/11,0,9000,0,9000
2008/11/12,0,0,-2000,-2000
2008/11/13,0,0,-2000,-2000
2008/11/14,0,0,0,0
2008/11/17,0,8000,-4000,4000
2008/11/18,0,112000,0,112000
2008/11/19,0,0,-7000,-7000
2008/11/20,0,3000000,0,3000000
2008/11/21,0,3468000,0,3468000
2008/11/24,0,501000,0,501000
2008/11/25,0,301000,0,301000
2008/11/26,0,506000,0,506000
2008/11/27,0,452000,-5375000,-4923000
2008/11/28,0,0,-150000,-150000
2008/12/01,0,1000,-393000,-392000
2008/12/02,0,0,0,0
2008/12/03,0,17000,-250000,-233000
2008/12/04,0,1624000,0,1624000
2008/12/05,0,2484000,0,2484000
2008/12/08,0,139000,0,139000
2008/12/09,0,6000,-280000,-274000
2008/12/10,0,1070000,0,1070000
2008/12/11,0,432000,0,432000
2008/12/12,0,600000,-303000,297000
2008/12/15,0,262000,-1000,261000
2008/12/16,0,0,-250000,-250000
2008/12/17,0,1000,-300000,-299000
2008/12/18,0,101000,-627000,-526000
2008/12/19,0,9000,-47000,-38000
2008/12/22,0,33000,0,33000
2008/12/23,0,215000,0,215000
2008/12/24,0,70000,0,70000
2008/12/25,0,100000,0,100000
2008/12/26,0,0,-2000,-2000
2008/12/29,0,70000,0,70000
2008/12/30,0,226000,0,226000
2008/12/31,0,100000,0,100000
2009/01/01,0,0,0,0
2009/01/02,0,0,0,0
2009/01/05,0,1155000,0,1155000
2009/01/06,0,1470000,0,1470000
2009/01/07,0,3220000,-1000000,2220000
2009/01/08,0,0,-603000,-603000
2009/01/09,0,301000,0,301000
2009/01/12,0,1000,-1000,0
2009/01/13,0,370000,-1474463,-1104463
2009/01/14,0,201000,-200000,1000
2009/01/15,0,215000,-10000,205000
2009/01/16,0,1020000,0,1020000
2009/01/19,0,1178000,-229000,949000
2009/01/20,0,0,-691000,-691000
2009/01/21,0,250000,-100000,150000
2009/01/22,0,0,0,0
2009/01/23,0,0,0,0
2009/01/26,0,0,0,0
2009/01/27,0,0,0,0
2009/01/28,0,0,0,0
2009/01/29,0,0,0,0
2009/01/30,0,0,0,0
2009/02/02,0,0,-750000,-750000
2009/02/03,0,187000,-432000,-245000
2009/02/04,0,0,-281171,-281171
2009/02/05,0,336000,-200000,136000
2009/02/06,0,0,0,0
2009/02/09,0,1284000,-401000,883000
2009/02/10,0,978000,0,978000
2009/02/11,0,200000,-1000,199000
2009/02/12,0,0,-392000,-392000
2009/02/13,0,200000,-144000,56000
2009/02/16,0,1000000,-200000,800000
2009/02/17,0,532000,0,532000
2009/02/18,0,31000,0,31000
2009/02/19,0,1658000,-650000,1008000
2009/02/20,0,53000,-1194000,-1141000
2009/02/23,0,13000,-1120000,-1107000
2009/02/24,0,190000,-40000,150000
2009/02/25,0,1177000,-186000,991000
2009/02/26,0,0,-663000,-663000
2009/02/27,0,475000,0,475000
2009/03/02,0,1461000,0,1461000
2009/03/03,0,120000,-160000,-40000
2009/03/04,0,55000,-503000,-448000
2009/03/05,0,805000,-242000,563000
2009/03/06,0,0,-3000,-3000
2009/03/09,0,60000,-35000,25000
2009/03/10,0,452000,-120000,332000
2009/03/11,0,0,-29000,-29000
2009/03/12,0,33000,-31000,2000
2009/03/13,0,3152000,-254000,2898000
2009/03/16,0,544000,-331000,213000
2009/03/17,0,1165000,-126000,1039000
2009/03/18,0,450000,-230000,220000
2009/03/19,0,0,-358000,-358000
2009/03/20,0,68000,-625000,-557000
2009/03/23,0,771000,-165000,606000
2009/03/24,0,346000,-221000,125000
2009/03/25,0,2093000,-5000,2088000
2009/03/26,0,246000,-152000,94000
2009/03/27,0,620000,-340000,280000
2009/03/30,0,1140000,-2241000,-1101000
2009/03/31,0,420000,-418000,2000
2009/04/01,0,728000,-107000,621000
2009/04/02,0,50000,-1732000,-1682000
2009/04/03,0,80000,-118000,-38000
2009/04/06,0,759000,-61000,698000
2009/04/07,0,141000,-500000,-359000
2009/04/08,0,70000,-797000,-727000
2009/04/09,0,0,-760000,-760000
2009/04/10,0,561000,-1042747,-481747
2009/04/13,0,1200000,-13000,1187000
2009/04/14,0,285000,-1000,284000
2009/04/15,0,3700000,-63000,3637000
2009/04/16,0,1216000,-191000,1025000
2009/04/17,0,0,-111000,-111000
2009/04/20,0,137000,-18000,119000
2009/04/21,0,1528000,0,1528000
2009/04/22,0,3012000,0,3012000
2009/04/23,0,1312000,0,1312000
2009/04/24,0,998000,-300000,698000
2009/04/27,0,1080000,-133000,947000
2009/04/28,0,871000,-154000,717000
2009/04/29,0,50000,-410000,-360000
2009/04/30,0,96000,-17000,79000
2009/05/01,0,0,0,0
2009/05/04,0,2033000,0,2033000
2009/05/05,0,897000,-137000,760000
2009/05/06,0,73000,-60000,13000
2009/05/07,0,75000,-1000,74000
2009/05/08,0,24000,-179000,-155000
2009/05/11,0,252000,-53000,199000
2009/05/12,0,5000,-852000,-847000
2009/05/13,0,553000,-470000,83000
2009/05/14,0,454000,-150000,304000
2009/05/15,0,1516000,0,1516000
2009/05/18,0,589000,-1759000,-1170000
2009/05/19,0,396000,-260000,136000
2009/05/20,0,249000,-67000,182000
2009/05/21,0,50000,-37000,13000
2009/05/22,0,1832000,-35000,1797000
2009/05/25,0,74000,-84000,-10000
2009/05/26,0,34000,-1977000,-1943000
2009/05/27,0,207000,-882000,-675000
2009/05/28,0,0,0,0
2009/05/29,0,0,0,0
2009/06/01,0,78000,-2003000,-1925000
2009/06/02,0,1785000,-401000,1384000
2009/06/03,0,0,-691000,-691000
2009/06/04,0,0,-310000,-310000
2009/06/05,0,0,-5000,-5000
2009/06/08,0,554000,-94000,460000
2009/06/09,0,1493000,-828000,665000
2009/06/10,0,263000,-66000,197000
2009/06/11,0,51000,-22000,29000
2009/06/12,0,0,-1000,-1000
2009/06/15,0,2000,-1264000,-1262000
2009/06/16,0,2000,-2139000,-2137000
2009/06/17,0,2000,-116000,-114000
2009/06/18,0,51000,0,51000
2009/06/19,0,71000,-35000,36000
2009/06/22,0,558000,-80000,478000
2009/06/23,0,790000,-2034000,-1244000
2009/06/24,0,385000,-296000,89000
2009/06/25,0,1701000,0,1701000
2009/06/26,0,2451000,-19000,2432000
2009/06/29,0,18000,-100000,-82000
2009/06/30,0,0,-328000,-328000
2009/07/01,0,1192000,-20000,1172000
2009/07/02,0,723000,0,723000
2009/07/03,0,0,-81000,-81000
2009/07/06,0,232000,0,232000
2009/07/07,0,880000,-330000,550000
2009/07/08,0,0,-1000,-1000
2009/07/09,0,172000,0,172000
2009/07/10,0,0,-1000,-1000
2009/07/13,0,55000,-90000,-35000
2009/07/14,0,170000,-406000,-236000
2009/07/15,0,100000,-5000,95000
2009/07/16,0,431000,-14000,417000
2009/07/17,0,1619000,-1187000,432000
2009/07/20,0,822000,-75000,747000
2009/07/21,0,55000,-260000,-205000
2009/07/22,0,375000,-586000,-211000
2009/07/23,0,539000,-5000,534000
2009/07/24,0,280000,-581000,-301000
2009/07/27,0,0,-1000,-1000
2009/07/28,0,0,-301000,-301000
2009/07/29,0,470000,-607000,-137000
2009/07/30,0,252000,-4900000,-4648000
2009/07/31,0,120000,-1883085,-1763085
2009/08/03,0,0,-12000,-12000
2009/08/04,0,100000,-1477000,-1377000
2009/08/05,0,494000,-130000,364000
2009/08/06,0,147000,-452000,-305000
2009/08/07,0,0,0,0
2009/08/10,0,258000,-2000,256000
2009/08/11,0,101000,-653000,-552000
2009/08/12,0,17000,-1306000,-1289000
2009/08/13,0,295000,-1000,294000
2009/08/14,0,70000,-387000,-317000
2009/08/17,0,0,-136000,-136000
2009/08/18,0,1000,-1878000,-1877000
2009/08/19,0,0,-600000,-600000
2009/08/20,0,1000,-120000,-119000
2009/08/21,0,280000,-1000,279000
2009/08/24,0,320000,-120000,200000
2009/08/25,0,0,-869000,-869000
2009/08/26,0,0,-2135000,-2135000
2009/08/27,0,2000,-1729000,-1727000
2009/08/28,0,10000,-223000,-213000
2009/08/31,0,3000,-503000,-500000
2009/09/01,0,30000,-1624000,-1594000
2009/09/02,0,0,-1063000,-1063000
2009/09/03,0,0,-2117000,-2117000
2009/09/04,0,0,-432000,-432000
2009/09/07,0,0,-1342000,-1342000
2009/09/08,0,130000,-851000,-721000
2009/09/09,0,10000,-213000,-203000
2009/09/10,0,4000,-100000,-96000
2009/09/11,0,0,-1388000,-1388000
2009/09/14,0,0,-352000,-352000
2009/09/15,0,1000,-770000,-769000
2009/09/16,0,0,-90000,-90000
2009/09/17,0,0,-2298000,-2298000
2009/09/18,0,103000,-141000,-38000
2009/09/21,0,20000,-544600,-524600
2009/09/22,0,0,-155265,-155265
2009/09/23,0,271000,-275100,-4100
2009/09/24,0,0,-409760,-409760
2009/09/25,0,0,-103175,-103175
2009/09/28,0,0,-179135,-179135
2009/09/29,0,1000,-1500060,-1499060
2009/09/30,0,0,-1034000,-1034000
2009/10/01,0,0,-43610,-43610
2009/10/02,0,25000,-44100,-19100
2009/10/05,0,0,-93480,-93480
2009/10/06,0,0,-80000,-80000
2009/10/07,0,0,-77000,-77000
2009/10/08,0,0,0,0
2009/10/09,0,92000,-78000,14000
2009/10/12,0,7000,-100200,-93200
2009/10/13,0,501000,0,501000
2009/10/14,0,1000,-1000,0
2009/10/15,0,0,-40500,-40500
2009/10/16,0,43000,-53000,-10000
2009/10/19,0,4000,-50000,-46000
2009/10/20,0,0,0,0
2009/10/21,0,4000,-1625,2375
2009/10/22,0,888000,-34000,854000
2009/10/23,0,372000,0,372000
2009/10/26,0,210000,0,210000
2009/10/27,0,207000,0,207000
2009/10/28,0,902000,-1000,901000
2009/10/29,0,794000,-76145,717855
2009/10/30,0,84000,0,84000
2009/11/02,0,70000,0,70000
2009/11/03,0,0,0,0
2009/11/04,0,661000,0,661000
2009/11/05,0,1000,-25000,-24000
2009/11/06,0,103000,-465,102535
2009/11/09,0,68000,0,68000
2009/11/10,0,177000,0,177000
2009/11/11,0,266000,0,266000
2009/11/12,0,108000,-1000,107000
2009/11/13,0,5000,-1000,4000
2009/11/16,0,6431000,-1000,6430000
2009/11/17,0,5434000,-879370,4554630
2009/11/18,0,3636000,-2000,3634000
2009/11/19,0,3151000,0,3151000
2009/11/20,0,2672000,-1000,2671000
2009/11/23,0,1698000,-64000,1634000
2009/11/24,0,2847000,-1000,2846000
2009/11/25,0,2873000,0,2873000
2009/11/26,0,3367000,-235000,3132000
2009/11/27,0,0,0,0
2009/11/30,0,2368000,-2000,2366000
2009/12/01,0,3389000,0,3389000
2009/12/02,0,2399000,-87125,2311875
2009/12/03,0,963000,-167000,796000
2009/12/04,0,1138000,-886000,252000
2009/12/07,0,284000,-400000,-116000
2009/12/08,0,100000,-677000,-577000
2009/12/09,0,50000,-540000,-490000
2009/12/10,0,500000,-3000,497000
2009/12/11,0,205000,0,205000
2009/12/14,0,981000,-4000,977000
2009/12/15,0,0,-1040000,-1040000
2009/12/16,0,380000,-303000,77000
2009/12/17,0,470000,-400000,70000
2009/12/18,0,1000,-991000,-990000
2009/12/21,0,145000,-56075,88925
2009/12/22,0,1037000,-156000,881000
2009/12/23,0,100000,-317000,-217000
2009/12/24,0,733000,-181000,552000
2009/12/25,0,430000,-118000,312000
2009/12/28,0,18000,-538000,-520000
2009/12/29,0,10000,-218000,-208000
2009/12/30,0,125000,-23000,102000
2009/12/31,0,800000,-273000,527000
2010/01/01,0,0,0,0
2010/01/04,0,1000,-3000,-2000
2010/01/05,0,800000,-1455000,-655000
2010/01/06,0,590000,-2295000,-1705000
2010/01/07,0,591000,-501000,90000
2010/01/08,0,393000,-181000,212000
2010/01/11,0,27000,-133000,-106000
2010/01/12,0,20000,-713000,-693000
2010/01/13,0,10000,-2140000,-2130000
2010/01/14,0,0,-1063375,-1063375
2010/01/15,0,1084000,-1009000,75000
2010/01/18,0,135000,-543000,-408000
2010/01/19,0,545000,-618445,-73445
2010/01/20,0,69000,-624000,-555000
2010/01/21,0,400000,-388000,12000
2010/01/22,0,62000,-281000,-219000
2010/01/25,0,16000,-193000,-177000
2010/01/26,0,0,-522000,-522000
2010/01/27,0,215000,-455000,-240000
2010/01/28,0,296000,-505000,-209000
2010/01/29,0,256000,-678000,-422000
2010/02/01,0,118000,-203000,-85000
2010/02/02,0,797000,-578000,219000
2010/02/03,0,788000,-1000,787000
2010/02/04,0,357000,-188705,168295
2010/02/05,0,302000,-105000,197000
2010/02/08,0,1520000,-150000,1370000
2010/02/09,0,380000,-183000,197000
2010/02/10,0,40000,-424000,-384000
2010/02/11,0,0,0,0
2010/02/12,0,0,0,0
2010/02/15,0,0,0,0
2010/02/16,0,0,0,0
2010/02/17,0,0,0,0
2010/02/18,0,0,0,0
2010/02/19,0,0,0,0
2010/02/22,0,82000,-374000,-292000
2010/02/23,0,73000,-470000,-397000
2010/02/24,0,254000,0,254000
2010/02/25,0,80000,-588000,-508000
2010/02/26,0,32000,-380000,-348000
2010/03/01,0,0,-4025,-4025
2010/03/02,0,220000,0,220000
2010/03/03,0,0,-169000,-169000
2010/03/04,0,140000,-110000,30000
2010/03/05,0,100000,-190000,-90000
2010/03/08,0,290000,0,290000
2010/03/09,0,309000,-157000,152000
2010/03/10,0,150000,-91000,59000
2010/03/11,0,144000,-272000,-128000
2010/03/12,0,498000,-1133000,-635000
2010/03/15,0,65000,-229000,-164000
2010/03/16,0,1193000,-1000,1192000
2010/03/17,0,154000,-30000,124000
2010/03/18,0,648000,-394000,254000
2010/03/19,0,0,-101000,-101000
2010/03/22,0,0,-999000,-999000
2010/03/23,0,330000,-578000,-248000
2010/03/24,0,0,-595000,-595000
2010/03/25,0,20000,-247000,-227000
2010/03/26,0,200000,-890790,-690790
2010/03/29,0,85000,-349000,-264000
2010/03/30,0,0,-699000,-699000
2010/03/31,0,0,-220000,-220000
2010/04/01,0,347000,-548000,-201000
2010/04/02,0,141000,-41000,100000
2010/04/05,0,0,0,0
2010/04/06,0,163000,-390000,-227000
2010/04/07,0,0,-185000,-185000
2010/04/08,0,107000,-426000,-319000
2010/04/09,0,367000,0,367000
2010/04/12,0,2555000,-816000,1739000
2010/04/13,0,2028000,-40000,1988000
2010/04/14,0,300000,0,300000
2010/04/15,0,1774000,0,1774000
2010/04/16,0,0,-172000,-172000
2010/04/19,0,550000,-616,549384
2010/04/20,0,1285000,-18000,1267000
2010/04/21,0,93000,0,93000
2010/04/22,0,0,0,0
2010/04/23,0,30000,0,30000
2010/04/26,0,100000,0,100000
2010/04/27,0,0,-41000,-41000
2010/04/28,0,71000,0,71000
2010/04/29,0,651000,-653000,-2000
2010/04/30,0,0,-77000,-77000
2010/05/03,0,0,-160000,-160000
2010/05/04,0,0,-50000,-50000
2010/05/05,0,1022000,-640000,382000
2010/05/06,0,106000,-1000,105000
2010/05/07,0,105000,0,105000
2010/05/10,0,205000,-638000,-433000
2010/05/11,0,0,-1032000,-1032000
2010/05/12,0,0,-215000,-215000
2010/05/13,0,0,-1072000,-1072000
2010/05/14,0,72000,-1100000,-1028000
2010/05/17,0,219000,-967000,-748000
2010/05/18,0,0,-2861815,-2861815
2010/05/19,0,186000,-850000,-664000
2010/05/20,0,78000,-1726390,-1648390
2010/05/21,0,0,-240000,-240000
2010/05/24,0,0,-149170,-149170
2010/05/25,0,28000,0,28000
2010/05/26,0,181000,0,181000
2010/05/27,0,104000,0,104000
2010/05/28,0,18000,-1000,17000
2010/05/31,0,507000,0,507000
2010/06/01,0,433000,0,433000
2010/06/02,0,0,-400000,-400000
2010/06/03,0,100000,-79000,21000
2010/06/04,0,0,-283000,-283000
2010/06/07,0,0,-469000,-469000
2010/06/08,0,101000,-162,100838
2010/06/09,0,200000,-42000,158000
2010/06/10,0,400000,0,400000
2010/06/11,0,175000,-93000,82000
2010/06/14,0,152000,-1000,151000
2010/06/15,0,0,-4000,-4000
2010/06/16,0,0,0,0
2010/06/17,0,10000,0,10000
2010/06/18,0,0,-191000,-191000
2010/06/21,0,0,-232000,-232000
2010/06/22,0,0,-380000,-380000
2010/06/23,0,94000,-300000,-206000
2010/06/24,0,504000,-69000,435000
2010/06/25,0,204000,-107165,96835
2010/06/28,0,0,-3000,-3000
2010/06/29,0,251000,-565000,-314000
2010/06/30,0,70000,0,70000
2010/07/01,0,310000,0,310000
2010/07/02,0,64000,0,64000
2010/07/05,0,0,-600000,-600000
2010/07/06,0,91000,-200000,-109000
2010/07/07,0,0,-130000,-130000
2010/07/08,0,19000,-100000,-81000
2010/07/09,0,0,-50000,-50000
2010/07/12,0,1193000,0,1193000
2010/07/13,0,30000,-60000,-30000
2010/07/14,0,198000,0,198000
2010/07/15,0,0,-143000,-143000
2010/07/16,0,141000,-2000,139000
2010/07/19,0,0,-1850000,-1850000
2010/07/20,0,0,0,0
2010/07/21,0,2000,-1220000,-1218000
2010/07/22,0,0,-2244000,-2244000
2010/07/23,0,1000,-1517000,-1516000
2010/07/26,0,0,-476000,-476000
2010/07/27,0,6000,-1031000,-1025000
2010/07/28,0,0,-90000,-90000
2010/07/29,0,516000,-242000,274000
2010/07/30,0,0,-161000,-161000
2010/08/02,0,14000,-95000,-81000
2010/08/03,0,0,-248000,-248000
2010/08/04,0,0,-101000,-101000
2010/08/05,0,0,-1226000,-1226000
2010/08/06,0,0,-71000,-71000
2010/08/09,0,505000,0,505000
2010/08/10,0,0,0,0
2010/08/11,0,0,0,0
2010/08/12,0,1000,-1000,0
2010/08/13,0,0,-13000,-13000
2010/08/16,0,0,0,0
2010/08/17,0,0,-836000,-836000
2010/08/18,0,1000,0,1000
2010/08/19,0,603000,-47000,556000
2010/08/20,0,0,0,0
2010/08/23,0,0,0,0
2010/08/24,0,50000,-1000,49000
2010/08/25,0,4000,0,4000
2010/08/26,0,40000,-238000,-198000
2010/08/27,0,15000,-118000,-103000
2010/08/30,0,1000,-3025,-2025
2010/08/31,0,0,-672000,-672000
2010/09/01,0,25000,-620000,-595000
2010/09/02,0,151000,-795000,-644000
2010/09/03,0,11000,0,11000
2010/09/06,0,0,-977000,-977000
2010/09/07,0,6000,-500000,-494000
2010/09/08,0,0,0,0
2010/09/09,0,650000,0,650000
2010/09/10,0,659000,0,659000
2010/09/13,0,250000,0,250000
2010/09/14,0,450000,0,450000
2010/09/15,0,2672000,-47000,2625000
2010/09/16,0,2500000,-1000,2499000
2010/09/17,0,390000,0,390000
2010/09/20,0,0,-1000,-1000
2010/09/21,0,25000,-1100000,-1075000
2010/09/22,0,0,0,0
2010/09/23,0,50000,-400000,-350000
2010/09/24,0,136000,-485890,-349890
2010/09/27,0,184000,-300000,-116000
2010/09/28,0,664000,0,664000
2010/09/29,0,1389000,-200000,1189000
2010/09/30,0,2696000,-167000,2529000
2010/10/01,0,754000,-30000,724000
2010/10/04,0,0,-406000,-406000
2010/10/05,0,0,-50000,-50000
2010/10/06,0,209000,-300000,-91000
2010/10/07,0,75000,0,75000
2010/10/08,0,184000,-370000,-186000
2010/10/11,0,0,0,0
2010/10/12,0,0,0,0
2010/10/13,0,310000,-150000,160000
2010/10/14,0,330000,0,330000
2010/10/15,0,14000,-270000,-256000
2010/10/18,0,25000,-964000,-939000
2010/10/19,0,19000,-300000,-281000
2010/10/20,0,80000,0,80000
2010/10/21,0,100000,0,100000
2010/10/22,0,735000,0,735000
2010/10/25,0,303000,0,303000
2010/10/26,0,710000,-216000,494000
2010/10/27,0,66000,0,66000
2010/10/28,0,73000,-209000,-136000
2010/10/29,0,400000,-1299000,-899000
2010/11/01,0,120000,-534000,-414000
2010/11/02,0,0,-26000,-26000
2010/11/03,0,70000,-2437000,-2367000
2010/11/04,0,0,-550000,-550000
2010/11/05,0,55000,-600000,-545000
2010/11/08,0,129000,0,129000
2010/11/09,0,130000,-1323000,-1193000
2010/11/10,0,0,0,0
2010/11/11,0,42000,-450000,-408000
2010/11/12,0,0,-2000,-2000
2010/11/15,0,0,-95000,-95000
2010/11/16,0,400000,-637000,-237000
2010/11/17,0,192000,-800000,-608000
2010/11/18,0,0,-433000,-433000
2010/11/19,0,1341000,-143000,1198000
2010/11/22,0,412000,-1000,411000
2010/11/23,0,1306000,-1000,1305000
2010/11/24,0,0,0,0
2010/11/25,0,1507000,0,1507000
2010/11/26,0,501000,-45000,456000
2010/11/29,0,608000,-650000,-42000
2010/11/30,0,786000,-1000,785000
2010/12/01,0,1149000,-1000,1148000
2010/12/02,0,1118000,0,1118000
2010/12/03,0,110000,-1000,109000
2010/12/06,0,300000,-101000,199000
2010/12/07,0,65000,-150000,-85000
2010/12/08,0,0,-926000,-926000
2010/12/09,0,0,-2935000,-2935000
2010/12/10,0,100000,0,100000
2010/12/13,0,60000,-1952000,-1892000
2010/12/14,0,483000,-467000,16000
2010/12/15,0,0,-1154000,-1154000
2010/12/16,0,30000,-962000,-932000
2010/12/17,0,14000,-1023000,-1009000
2010/12/20,0,0,-1417000,-1417000
2010/12/21,0,500000,-598000,-98000
2010/12/22,0,31000,-400000,-369000
2010/12/23,0,0,-29000,-29000
2010/12/24,0,0,-500000,-500000
2010/12/27,0,0,-166000,-166000
2010/12/28,0,0,-482000,-482000
2010/12/29,0,0,-673000,-673000
2010/12/30,0,0,-150000,-150000
2010/12/31,0,0,-157000,-157000
2011/01/03,0,0,-203000,-203000
2011/01/04,0,60000,-219000,-159000
2011/01/05,0,71000,-239000,-168000
2011/01/06,0,368000,-200000,168000
2011/01/07,0,250000,-75000,175000
2011/01/10,0,30000,-566000,-536000
2011/01/11,0,200000,-479000,-279000
2011/01/12,0,0,-247000,-247000
2011/01/13,0,259000,0,259000
2011/01/14,0,350000,-20000,330000
2011/01/17,0,200000,0,200000
2011/01/18,0,0,-200000,-200000
2011/01/19,0,200000,-563000,-363000
2011/01/20,0,0,0,0
2011/01/21,0,0,-407000,-407000
2011/01/24,0,0,-1000,-1000
2011/01/25,0,1000,0,1000
2011/01/26,0,127000,-100000,27000
2011/01/27,0,79000,-279000,-200000
2011/01/28,0,434000,-452000,-18000
2011/01/31,0,0,0,0
2011/02/01,0,0,0,0
2011/02/02,0,0,0,0
2011/02/03,0,0,0,0
2011/02/04,0,0,0,0
2011/02/07,0,0,0,0
2011/02/08,0,0,-442000,-442000
2011/02/09,0,274000,-1601000,-1327000
2011/02/10,0,80000,-442000,-362000
2011/02/11,0,221000,0,221000
2011/02/14,0,0,-1000000,-1000000
2011/02/15,0,1000,-304000,-303000
2011/02/16,0,0,-52000,-52000
2011/02/17,0,628000,-1508000,-880000
2011/02/18,0,0,-579000,-579000
2011/02/21,0,1469000,-1514000,-45000
2011/02/22,0,70000,-1295000,-1225000
2011/02/23,0,8000,-866000,-858000
2011/02/24,0,1000,-200000,-199000
2011/02/25,0,300000,-115000,185000
2011/02/28,0,0,0,0
2011/03/01,0,0,0,0
2011/03/02,0,271000,-1000000,-729000
2011/03/03,0,275000,-70000,205000
2011/03/04,0,397000,-235000,162000
2011/03/07,0,9000,0,9000
2011/03/08,0,0,-114000,-114000
2011/03/09,0,1000,0,1000
2011/03/10,0,0,-101000,-101000
2011/03/11,0,0,-171000,-171000
2011/03/14,0,0,0,0
2011/03/15,0,0,-105000,-105000
2011/03/16,0,0,-800000,-800000
2011/03/17,0,5000,-175670,-170670
2011/03/18,0,0,-2000,-2000
2011/03/21,0,0,0,0
2011/03/22,0,0,0,0
2011/03/23,0,0,-692000,-692000
2011/03/24,0,0,-76000,-76000
2011/03/25,0,0,-879000,-879000
2011/03/28,0,0,0,0
2011/03/29,0,0,-146000,-146000
2011/03/30,0,0,-129000,-129000
2011/03/31,0,0,-2000,-2000
2011/04/01,0,0,-17000,-17000
2011/04/04,0,0,0,0
2011/04/05,0,0,0,0
2011/04/06,0,0,0,0
2011/04/07,0,100000,-677000,-577000
2011/04/08,0,0,-412000,-412000
2011/04/11,0,1000,0,1000
2011/04/12,0,0,-1000,-1000
2011/04/13,0,0,0,0
2011/04/14,0,0,-161000,-161000
2011/04/15,0,0,-400000,-400000
2011/04/18,0,0,0,0
2011/04/19,0,1000,0,1000
2011/04/20,0,0,0,0
2011/04/21,0,0,0,0
2011/04/22,0,0,0,0
2011/04/25,0,0,0,0
2011/04/26,0,0,-1000,-1000
2011/04/27,0,66000,0,66000
2011/04/28,0,0,-150000,-150000
2011/04/29,0,0,-100000,-100000
2011/05/02,0,0,0,0
2011/05/03,0,6000,-3000,3000
2011/05/04,0,6000,0,6000
2011/05/05,0,6000,0,6000
2011/05/06,0,7000,-400000,-393000
2011/05/09,0,20000,-350000,-330000
2011/05/10,0,0,-338000,-338000
2011/05/11,0,0,-385000,-385000
2011/05/12,0,0,-200000,-200000
2011/05/13,0,125000,0,125000
2011/05/16,0,246000,0,246000
2011/05/17,0,0,0,0
2011/05/18,0,0,0,0
2011/05/19,0,243000,0,243000
2011/05/20,0,0,0,0
2011/05/23,0,30000,0,30000
2011/05/24,0,470000,0,470000
2011/05/25,0,2836000,0,2836000
2011/05/26,0,983000,0,983000
2011/05/27,0,1587000,-40000,1547000
2011/05/30,0,1386000,0,1386000
2011/05/31,0,206000,0,206000
2011/06/01,0,1228000,0,1228000
2011/06/02,0,385000,0,385000
2011/06/03,0,591000,-10000,581000
2011/06/06,0,0,0,0
2011/06/07,0,49000,-396000,-347000
2011/06/08,0,960000,0,960000
2011/06/09,0,100000,0,100000
2011/06/10,0,655000,-247000,408000
2011/06/13,0,353000,-302000,51000
2011/06/14,0,277000,0,277000
2011/06/15,0,79000,0,79000
2011/06/16,0,1453000,0,1453000
2011/06/17,0,355000,-4000,351000
2011/06/20,0,590000,0,590000
2011/06/21,0,108000,-429000,-321000
2011/06/22,0,0,-1000000,-1000000
2011/06/23,0,157000,-12000,145000
2011/06/24,0,281000,-505000,-224000
2011/06/27,0,52000,0,52000
2011/06/28,0,301000,-15720,285280
2011/06/29,0,263000,-505000,-242000
2011/06/30,0,61000,-63000,-2000
2011/07/01,0,325000,-780000,-455000
2011/07/04,0,425000,-464000,-39000
2011/07/05,0,170000,-640000,-470000
2011/07/06,0,315000,-503000,-188000
2011/07/07,0,20000,-492000,-472000
2011/07/08,0,0,-11000,-11000
2011/07/11,0,105000,-319000,-214000
2011/07/12,0,1000,-579000,-578000
2011/07/13,0,0,-730000,-730000
2011/07/14,0,17000,-760000,-743000
2011/07/15,0,6000,0,6000
2011/07/18,0,0,0,0
2011/07/19,0,1000,-748000,-747000
2011/07/20,0,1000,-904000,-903000
2011/07/21,0,60000,-60000,0
2011/07/22,0,0,-1000,-1000
2011/07/25,0,0,-101000,-101000
2011/07/26,0,240000,-170000,70000
2011/07/27,0,201000,-1000,200000
2011/07/28,0,487000,-2000,485000
2011/07/29,0,130000,-969000,-839000
2011/08/01,0,1000,-482000,-481000
2011/08/02,0,0,0,0
2011/08/03,0,2000,-2000,0
2011/08/04,0,5000,-845000,-840000
2011/08/05,0,6000,-1326000,-1320000
2011/08/08,0,790000,-387000,403000
2011/08/09,0,341000,-430000,-89000
2011/08/10,0,9000,-645000,-636000
2011/08/11,0,7000,-245000,-238000
2011/08/12,0,0,0,0
2011/08/15,0,441000,0,441000
2011/08/16,0,7000,0,7000
2011/08/17,0,1000,0,1000
2011/08/18,0,13000,-10000,3000
2011/08/19,0,60000,-1000,59000
2011/08/22,0,389000,-120000,269000
2011/08/23,0,60000,0,60000
2011/08/24,0,0,0,0
2011/08/25,0,0,-154000,-154000
2011/08/26,0,6000,-1150000,-1144000
2011/08/29,0,1364000,0,1364000
2011/08/30,0,1500000,0,1500000
2011/08/31,0,117000,0,117000
2011/09/01,0,461000,0,461000
2011/09/02,0,77000,-1001000,-924000
2011/09/05,0,0,-1309000,-1309000
2011/09/06,0,121000,-74000,47000
2011/09/07,0,1047000,-196000,851000
2011/09/08,0,500000,0,500000
2011/09/09,0,253000,0,253000
2011/09/12,0,0,0,0
2011/09/13,0,5000,-763,4237
2011/09/14,0,101000,-160000,-59000
2011/09/15,0,201000,-13000,188000
2011/09/16,0,375000,0,375000
2011/09/19,0,40000,0,40000
2011/09/20,0,65000,-63000,2000
2011/09/21,0,120000,-509034,-389034
2011/09/22,0,0,-71000,-71000
2011/09/23,0,122000,0,122000
2011/09/26,0,276000,-83000,193000
2011/09/27,0,451000,-417000,34000
2011/09/28,0,241000,0,241000
2011/09/29,0,158000,-900000,-742000
2011/09/30,0,596000,-801000,-205000
2011/10/03,0,346000,0,346000
2011/10/04,0,401000,0,401000
2011/10/05,0,1004000,-420000,584000
2011/10/06,0,796000,-210000,586000
2011/10/07,0,50000,0,50000
2011/10/10,0,0,0,0
2011/10/11,0,525000,0,525000
2011/10/12,0,225000,-380000,-155000
2011/10/13,0,694000,-74000,620000
2011/10/14,0,3000,-500000,-497000
2011/10/17,0,30000,-700,29300
2011/10/18,0,100000,-904,99096
2011/10/19,0,218000,0,218000
2011/10/20,0,70000,-210000,-140000
2011/10/21,0,183000,-250000,-67000
2011/10/24,0,106000,-266000,-160000
2011/10/25,0,0,-54000,-54000
2011/10/26,0,0,-328000,-328000
2011/10/27,0,1000,0,1000
2011/10/28,0,171000,0,171000
2011/10/31,0,0,-1000,-1000
2011/11/01,0,957000,-2000,955000
2011/11/02,0,1302000,-50000,1252000
2011/11/03,0,1262000,0,1262000
2011/11/04,0,1506000,-151000,1355000
2011/11/07,0,580000,-72000,508000
2011/11/08,0,359000,-436000,-77000
2011/11/09,0,155000,-384000,-229000
2011/11/10,0,413000,0,413000
2011/11/11,0,1068000,-151000,917000
2011/11/14,0,662000,-55449,606551
2011/11/15,0,1023000,0,1023000
2011/11/16,0,650000,-85000,565000
2011/11/17,0,641000,-30000,611000
2011/11/18,0,660000,0,660000
2011/11/21,0,101000,0,101000
2011/11/22,0,184000,-1000,183000
2011/11/23,0,136000,-95000,41000
2011/11/24,0,684000,0,684000
2011/11/25,0,113000,-1000,112000
2011/11/28,0,478000,0,478000
2011/11/29,0,808000,0,808000
2011/11/30,0,50000,0,50000
2011/12/01,0,376000,-4000,372000
2011/12/02,0,16000,0,16000
2011/12/05,0,2000,0,2000
2011/12/06,0,50000,0,50000
2011/12/07,0,33000,0,33000
2011/12/08,0,30000,0,30000
2011/12/09,0,356000,-389,355611
2011/12/12,0,127000,0,127000
2011/12/13,0,240000,0,240000
2011/12/14,0,327000,-15000,312000
2011/12/15,0,64000,-15000,49000
2011/12/16,0,0,-2000,-2000
2011/12/19,0,131000,0,131000
2011/12/20,0,15000,-65000,-50000
2011/12/21,0,74000,0,74000
2011/12/22,0,71000,0,71000
2011/12/23,0,16000,-1000,15000
2011/12/26,0,350000,-200000,150000
2011/12/27,0,370000,0,370000
2011/12/28,0,29000,0,29000
2011/12/29,0,0,-157000,-157000
2011/12/30,0,313000,-1000,312000
2012/01/02,0,1000,0,1000
2012/01/03,0,190000,-1000,189000
2012/01/04,0,465000,0,465000
2012/01/05,0,33812,-38000,-4188
2012/01/06,0,400000,-350000,50000
2012/01/09,0,300000,-226000,74000
2012/01/10,0,420000,0,420000
2012/01/11,0,478000,-50000,428000
2012/01/12,0,1398000,-285000,1113000
2012/01/13,0,60000,-231000,-171000
2012/01/16,0,0,-45000,-45000
2012/01/17,0,1159000,-2000,1157000
2012/01/18,0,897000,-99000,798000
2012/01/19,0,0,0,0
2012/01/20,0,0,0,0
2012/01/23,0,0,0,0
2012/01/24,0,0,0,0
2012/01/25,0,0,0,0
2012/01/26,0,0,0,0
2012/01/27,0,0,0,0
2012/01/30,0,349000,-343000,6000
2012/01/31,0,100000,-497000,-397000
2012/02/01,0,0,-1516000,-1516000
2012/02/02,0,1579000,-73000,1506000
2012/02/03,0,315000,-266000,49000
2012/02/06,0,685000,-502000,183000
2012/02/07,0,80000,-344000,-264000
2012/02/08,0,634000,-782000,-148000
2012/02/09,0,50000,-963185,-913185
2012/02/10,0,0,-2211000,-2211000
2012/02/13,0,30000,-2085000,-2055000
2012/02/14,0,1000,-782000,-781000
2012/02/15,0,238000,-269000,-31000
2012/02/16,0,0,-412000,-412000
2012/02/17,0,1000,-982000,-981000
2012/02/20,0,0,-90000,-90000
2012/02/21,0,0,-440000,-440000
2012/02/22,0,10000,-170000,-160000
2012/02/23,0,0,-711000,-711000
2012/02/24,0,0,-755000,-755000
2012/02/27,0,0,0,0
2012/02/28,0,0,0,0
2012/02/29,0,2000,-477000,-475000
2012/03/01,0,150000,-502000,-352000
2012/03/02,0,0,-77000,-77000
2012/03/05,0,81000,-401000,-320000
2012/03/06,0,322000,0,322000
2012/03/07,0,0,-61000,-61000
2012/03/08,0,0,-5465,-5465
2012/03/09,0,0,0,0
2012/03/12,0,0,-25000,-25000
2012/03/13,0,0,-1000,-1000
2012/03/14,0,0,-4000,-4000
2012/03/15,0,0,-7000,-7000
2012/03/16,0,0,-64000,-64000
2012/03/19,0,320000,-5000,315000
2012/03/20,0,662000,-82000,580000
2012/03/21,0,450000,-280000,170000
2012/03/22,0,245000,-168000,77000
2012/03/23,0,55000,0,55000
2012/03/26,0,10000,-336000,-326000
2012/03/27,0,270000,-524000,-254000
2012/03/28,0,60000,-202000,-142000
2012/03/29,0,0,-144000,-144000
2012/03/30,0,35000,-176000,-141000
2012/04/02,0,0,-246000,-246000
2012/04/03,0,0,-210000,-210000
2012/04/04,0,0,0,0
2012/04/05,0,461,0,461
2012/04/06,0,50000,-264000,-214000
2012/04/09,0,0,-646000,-646000
2012/04/10,0,0,0,0
2012/04/11,0,700000,-140000,560000
2012/04/12,0,0,-200000,-200000
2012/04/13,0,50000,0,50000
2012/04/16,0,51000,0,51000
2012/04/17,0,100000,-25000,75000
2012/04/18,0,0,-164000,-164000
2012/04/19,0,0,-935000,-935000
2012/04/20,0,0,-469000,-469000
2012/04/23,0,0,-300000,-300000
2012/04/24,0,1000,-40000,-39000
2012/04/25,0,10000,-20000,-10000
2012/04/26,0,100000,0,100000
2012/04/27,0,549000,0,549000
2012/04/30,0,207000,0,207000
2012/05/01,0,0,0,0
2012/05/02,0,231000,0,231000
2012/05/03,0,63224,0,63224
2012/05/04,0,254000,-3000,251000
2012/05/07,0,175000,0,175000
2012/05/08,0,100000,0,100000
2012/05/09,0,0,0,0
2012/05/10,0,50000,-63000,-13000
2012/05/11,0,37000,-20000,17000
2012/05/14,0,119000,0,119000
2012/05/15,0,166000,0,166000
2012/05/16,0,51000,-220000,-169000
2012/05/17,0,258000,-610000,-352000
2012/05/18,0,1107000,-50000,1057000
2012/05/21,0,0,-70000,-70000
2012/05/22,0,200000,-145000,55000
2012/05/23,0,0,-102000,-102000
2012/05/24,0,27000,-100000,-73000
2012/05/25,0,1000,-200000,-199000
2012/05/28,0,231000,-280000,-49000
2012/05/29,0,0,-440120,-440120
2012/05/30,0,326000,-213642,112358
2012/05/31,0,68000,-150000,-82000
2012/06/01,0,0,-150,-150
2012/06/04,0,2000,-633000,-631000
2012/06/05,0,505000,-376000,129000
2012/06/06,0,0,-60000,-60000
2012/06/07,0,300000,-720000,-420000
2012/06/08,0,192000,-138000,54000
2012/06/11,0,7000,0,7000
2012/06/12,0,20000,-350000,-330000
2012/06/13,0,11000,-2000,9000
2012/06/14,0,15000,-1000,14000
2012/06/15,0,8000,0,8000
2012/06/18,0,0,-80,-80
2012/06/19,0,0,-200000,-200000
2012/06/20,0,0,0,0
2012/06/21,0,32000,0,32000
2012/06/22,0,4000,0,4000
2012/06/25,0,110000,-55000,55000
2012/06/26,0,3205,-1000,2205
2012/06/27,0,26000,0,26000
2012/06/28,0,0,-2000,-2000
2012/06/29,0,59000,-50000,9000
2012/07/02,0,945000,-1000,944000
2012/07/03,0,100000,0,100000
2012/07/04,0,180000,-45000,135000
2012/07/05,0,0,-1000,-1000
2012/07/06,0,0,-64000,-64000
2012/07/09,0,181000,-13000,168000
2012/07/10,0,92000,-73000,19000
2012/07/11,0,245000,-5000,240000
2012/07/12,0,270000,0,270000
2012/07/13,0,100000,-459000,-359000
2012/07/16,0,0,0,0
2012/07/17,0,312000,-367000,-55000
2012/07/18,0,35000,0,35000
2012/07/19,0,0,0,0
2012/07/20,0,60000,0,60000
2012/07/23,0,125000,-172000,-47000
2012/07/24,0,40000,-442000,-402000
2012/07/25,0,165000,-351000,-186000
2012/07/26,0,103000,0,103000
2012/07/27,0,181000,0,181000
2012/07/30,0,120000,0,120000
2012/07/31,0,75000,0,75000
2012/08/01,0,0,0,0
2012/08/02,0,0,0,0
2012/08/03,0,0,0,0
2012/08/06,0,102000,-1000,101000
2012/08/07,0,31000,-26000,5000
2012/08/08,0,925000,-46000,879000
2012/08/09,0,211000,-6000,205000
2012/08/10,0,100000,-2000,98000
2012/08/13,0,166000,0,166000
2012/08/14,0,260000,-1000,259000
2012/08/15,0,21000,-3000,18000
2012/08/16,0,160000,-2000,158000
2012/08/17,0,80000,-1102,78898
2012/08/20,0,135000,-222000,-87000
2012/08/21,0,0,-30000,-30000
2012/08/22,0,152000,-1000,151000
2012/08/23,0,347000,0,347000
2012/08/24,0,180000,0,180000
2012/08/27,0,127000,0,127000
2012/08/28,0,30000,0,30000
2012/08/29,0,891000,-4000,887000
2012/08/30,0,569000,-1000,568000
2012/08/31,0,324000,-2000,322000
2012/09/03,0,75000,0,75000
2012/09/04,0,693000,0,693000
2012/09/05,0,1090000,-1000,1089000
2012/09/06,0,1183000,0,1183000
2012/09/07,0,939000,-1000,938000
2012/09/10,0,48000,-890000,-842000
2012/09/11,0,963000,0,963000
2012/09/12,0,1040000,-3000,1037000
2012/09/13,0,710000,-126000,584000
2012/09/14,0,153000,-17000,136000
2012/09/17,0,109000,0,109000
2012/09/18,0,0,-47000,-47000
2012/09/19,0,0,-24000,-24000
2012/09/20,0,40000,0,40000
2012/09/21,0,52000,-195000,-143000
2012/09/24,0,942000,0,942000
2012/09/25,0,781000,0,781000
2012/09/26,0,480000,-2000,478000
2012/09/27,0,21000,-33000,-12000
2012/09/28,0,157000,0,157000
2012/10/01,0,308000,0,308000
2012/10/02,0,122000,0,122000
2012/10/03,0,72000,-525000,-453000
2012/10/04,0,57000,-535000,-478000
2012/10/05,0,350000,-588000,-238000
2012/10/08,0,92000,0,92000
2012/10/09,0,358000,-246000,112000
2012/10/10,0,0,0,0
2012/10/11,0,20000,-250000,-230000
2012/10/12,0,150000,-225000,-75000
2012/10/15,0,484000,-200000,284000
2012/10/16,0,109000,0,109000
2012/10/17,0,888000,0,888000
2012/10/18,0,0,-19000,-19000
2012/10/19,0,0,-30000,-30000
2012/10/22,0,0,-260000,-260000
2012/10/23,0,0,-579000,-579000
2012/10/24,0,251000,-840000,-589000
2012/10/25,0,245000,-153000,92000
2012/10/26,0,172000,-240000,-68000
2012/10/29,0,262000,-5611,256389
2012/10/30,0,764000,-14000,750000
2012/10/31,0,1231000,-216000,1015000
2012/11/01,0,316000,-11000,305000
2012/11/02,0,1288000,-109000,1179000
2012/11/05,0,427000,0,427000
2012/11/06,0,40000,-123000,-83000
2012/11/07,0,0,-874000,-874000
2012/11/08,0,123000,-1540000,-1417000
2012/11/09,0,195000,-28000,167000
2012/11/12,0,150000,-13000,137000
2012/11/13,0,296000,0,296000
2012/11/14,0,130000,0,130000
2012/11/15,0,68000,-513000,-445000
2012/11/16,0,168000,-965000,-797000
2012/11/19,0,115000,-381000,-266000
2012/11/20,0,204000,0,204000
2012/11/21,0,80000,-13000,67000
2012/11/22,0,50000,-906000,-856000
2012/11/23,0,1506000,-500000,1006000
2012/11/26,0,735000,-86000,649000
2012/11/27,0,401000,-161000,240000
2012/11/28,0,173000,-401000,-228000
2012/11/29,0,207000,0,207000
2012/11/30,0,496000,0,496000
2012/12/03,0,0,0,0
2012/12/04,0,216000,-1000,215000
2012/12/05,0,369000,-216000,153000
2012/12/06,0,164000,-172000,-8000
2012/12/07,0,50000,-75000,-25000
2012/12/10,0,40000,-140000,-100000
2012/12/11,0,90000,-50000,40000
2012/12/12,0,140000,-23000,117000
2012/12/13,0,65000,-18000,47000
2012/12/14,0,81000,-110000,-29000
2012/12/17,0,121000,-11000,110000
2012/12/18,0,136000,-135000,1000
2012/12/19,0,127000,-41000,86000
2012/12/20,0,185000,-80000,105000
2012/12/21,0,87000,-7000,80000
2012/12/24,0,0,-13000,-13000
2012/12/25,0,0,-205000,-205000
2012/12/26,0,181000,-111000,70000
2012/12/27,0,83000,-90000,-7000
2012/12/28,0,225000,-364000,-139000
2012/12/31,0,0,0,0
2013/01/01,0,0,0,0
2013/01/02,0,0,-100000,-100000
2013/01/03,0,525000,-1000,524000
2013/01/04,0,185000,-157000,28000
2013/01/07,0,189000,-355000,-166000
2013/01/08,0,210000,-329000,-119000
2013/01/09,0,40000,-190000,-150000
2013/01/10,0,147000,-150000,-3000
2013/01/11,0,118000,-203000,-85000
2013/01/14,0,125000,-253000,-128000
2013/01/15,0,64000,-681000,-617000
2013/01/16,0,1269000,-1984000,-715000
2013/01/17,0,2566,-161000,-158434
2013/01/18,0,1205000,-18000,1187000
2013/01/21,0,133000,-5000,128000
2013/01/22,0,0,-149000,-149000
2013/01/23,0,300000,0,300000
2013/01/24,0,0,-126000,-126000
2013/01/25,0,55000,-1000,54000
2013/01/28,0,70000,-23000,47000
2013/01/29,0,264000,-22000,242000
2013/01/30,0,0,0,0
2013/01/31,0,35000,-21000,14000
2013/02/01,0,314000,-669000,-355000
2013/02/04,0,325000,-361000,-36000
2013/02/05,0,110000,-99000,11000
2013/02/06,0,344000,-328000,16000
2013/02/07,0,0,0,0
2013/02/08,0,0,0,0
2013/02/11,0,0,0,0
2013/02/12,0,0,0,0
2013/02/13,0,0,0,0
2013/02/14,0,0,0,0
2013/02/15,0,0,0,0
2013/02/18,0,0,-82000,-82000
2013/02/19,0,280000,-1000,279000
2013/02/20,0,430000,-20000,410000
2013/02/21,0,0,-1000,-1000
2013/02/22,0,480000,-34000,446000
2013/02/25,0,25000,0,25000
2013/02/26,0,100000,0,100000
2013/02/27,0,836000,-52000,784000
2013/02/28,0,0,0,0
2013/03/01,0,563000,-12000,551000
2013/03/04,0,183000,0,183000
2013/03/05,0,662000,0,662000
2013/03/06,0,1867000,-1000,1866000
2013/03/07,0,1389000,-3000,1386000
2013/03/08,0,251000,-51000,200000
2013/03/11,0,1897000,-13000,1884000
2013/03/12,0,527000,-1000,526000
2013/03/13,0,453000,-65000,388000
2013/03/14,0,237000,-10000,227000
2013/03/15,0,284000,-229000,55000
2013/03/18,0,27000,-40000,-13000
2013/03/19,0,389000,-88000,301000
2013/03/20,0,149000,0,149000
2013/03/21,0,76000,-200000,-124000
2013/03/22,0,18000,-14000,4000
2013/03/25,0,296000,0,296000
2013/03/26,0,108000,-185000,-77000
2013/03/27,0,63000,-26000,37000
2013/03/28,0,220000,0,220000
2013/03/29,0,100000,-13000,87000
2013/04/01,0,143000,0,143000
2013/04/02,0,0,0,0
2013/04/03,0,525000,0,525000
2013/04/04,0,0,0,0
2013/04/05,0,0,0,0
2013/04/08,0,0,-185000,-185000
2013/04/09,0,109000,-50000,59000
2013/04/10,0,186000,-50000,136000
2013/04/11,0,211000,0,211000
2013/04/12,0,207000,-100000,107000
2013/04/15,0,272000,-1000,271000
2013/04/16,0,160000,-48000,112000
2013/04/17,0,478000,-9000,469000
2013/04/18,0,334000,0,334000
2013/04/19,0,428000,-714,427286
2013/04/22,0,327000,-1000,326000
2013/04/23,0,15000,-2000,13000
2013/04/24,0,203000,-123000,80000
2013/04/25,0,133000,-102000,31000
2013/04/26,0,0,-71000,-71000
2013/04/29,0,0,-260000,-260000
2013/04/30,0,493000,-50000,443000
2013/05/01,0,0,0,0
2013/05/02,0,527000,-133000,394000
2013/05/03,0,794000,-235000,559000
2013/05/06,0,152000,-86000,66000
2013/05/07,0,345000,-234000,111000
2013/05/08,0,53000,-35000,18000
2013/05/09,0,475000,-230000,245000
2013/05/10,0,1052000,-11000,1041000
2013/05/13,0,314000,-357000,-43000
2013/05/14,0,0,-41000,-41000
2013/05/15,0,286000,-359000,-73000
2013/05/16,0,691000,-55000,636000
2013/05/17,0,494000,-251000,243000
2013/05/20,0,57000,-151000,-94000
2013/05/21,0,509000,-596000,-87000
2013/05/22,0,30000,-505000,-475000
2013/05/23,0,0,-380000,-380000
2013/05/24,0,0,-628000,-628000
2013/05/27,0,416000,-55000,361000
2013/05/28,0,500000,-23000,477000
2013/05/29,0,465000,-41000,424000
2013/05/30,0,0,-24000,-24000
2013/05/31,0,124000,0,124000
2013/06/03,0,10000,0,10000
2013/06/04,0,2000,-89000,-87000
2013/06/05,0,8000,-100000,-92000
2013/06/06,0,118000,-468000,-350000
2013/06/07,0,30000,-546000,-516000
2013/06/10,0,60000,-282000,-222000
2013/06/11,0,13000,-333000,-320000
2013/06/12,0,0,0,0
2013/06/13,0,68000,-356000,-288000
2013/06/14,0,23000,-581000,-558000
2013/06/17,0,288000,-490000,-202000
2013/06/18,0,119000,-406000,-287000
2013/06/19,0,217000,-61000,156000
2013/06/20,0,213000,0,213000
2013/06/21,0,54000,-12000,42000
2013/06/24,0,667000,-768000,-101000
2013/06/25,0,15000,0,15000
2013/06/26,0,511000,-75000,436000
2013/06/27,0,420000,0,420000
2013/06/28,0,220000,-178000,42000
2013/07/01,0,694000,-20000,674000
2013/07/02,0,144000,-95000,49000
2013/07/03,0,264000,0,264000
2013/07/04,0,177000,-707000,-530000
2013/07/05,0,83000,0,83000
2013/07/08,0,0,-906000,-906000
2013/07/09,0,203000,-996000,-793000
2013/07/10,0,74000,-1680000,-1606000
2013/07/11,0,202304,-275000,-72696
2013/07/12,0,0,-1492000,-1492000
2013/07/15,0,21000,0,21000
2013/07/16,0,0,-1516000,-1516000
2013/07/17,0,0,-997000,-997000
2013/07/18,0,126000,-3888000,-3762000
2013/07/19,0,216000,-106000,110000
2013/07/22,0,0,-1018000,-1018000
2013/07/23,0,226000,-225000,1000
2013/07/24,0,0,-10000,-10000
2013/07/25,0,85000,0,85000
2013/07/26,0,0,-145000,-145000
2013/07/29,0,0,0,0
2013/07/30,0,6000,-281000,-275000
2013/07/31,0,1000,-101000,-100000
2013/08/01,0,4000,-34000,-30000
2013/08/02,0,0,-100000,-100000
2013/08/05,0,160000,-1954000,-1794000
2013/08/06,0,0,-1283000,-1283000
2013/08/07,0,0,-680000,-680000
2013/08/08,0,205000,-370000,-165000
2013/08/09,0,110000,-30000,80000
2013/08/12,0,0,-31000,-31000
2013/08/13,0,385000,-47000,338000
2013/08/14,0,351000,0,351000
2013/08/15,0,225000,-15000,210000
2013/08/16,0,154000,-58000,96000
2013/08/19,0,229000,-120000,109000
2013/08/20,0,244000,-75000,169000
2013/08/21,0,0,0,0
2013/08/22,0,517000,-68000,449000
2013/08/23,0,401000,0,401000
2013/08/26,0,131000,0,131000
2013/08/27,0,872000,0,872000
2013/08/28,0,499000,0,499000
2013/08/29,0,665000,0,665000
2013/08/30,0,201000,-2000,199000
2013/09/02,0,101000,-63000,38000
2013/09/03,0,0,-230134,-230134
2013/09/04,0,0,-244000,-244000
2013/09/05,0,2000,-212000,-210000
2013/09/06,0,1000,-350000,-349000
2013/09/09,0,0,-100000,-100000
2013/09/10,0,0,-140000,-140000
2013/09/11,0,3000,0,3000
2013/09/12,0,0,-624000,-624000
2013/09/13,0,16000,-785000,-769000
2013/09/16,0,1000,-364000,-363000
2013/09/17,0,0,-396000,-396000
2013/09/18,0,3000,-440000,-437000
2013/09/19,0,0,0,0
2013/09/20,0,0,0,0
2013/09/23,0,0,-199000,-199000
2013/09/24,0,0,-219000,-219000
2013/09/25,0,800000,-100000,700000
2013/09/26,0,200000,-370000,-170000
2013/09/27,0,0,-85000,-85000
2013/09/30,0,0,-55000,-55000
2013/10/01,0,1000,-166000,-165000
2013/10/02,0,3000,-92000,-89000
2013/10/03,0,0,-140000,-140000
2013/10/04,0,0,-539000,-539000
2013/10/07,0,0,-202000,-202000
2013/10/08,0,0,-2243000,-2243000
2013/10/09,0,0,-521000,-521000
2013/10/10,0,0,0,0
2013/10/11,0,214000,0,214000
2013/10/14,0,254000,-672000,-418000
2013/10/15,0,0,0,0
2013/10/16,0,47000,-1163000,-1116000
2013/10/17,0,160000,-1224000,-1064000
2013/10/18,0,286000,-739000,-453000
2013/10/21,0,340000,0,340000
2013/10/22,0,50000,-84000,-34000
2013/10/23,0,60000,-201000,-141000
2013/10/24,0,0,0,0
2013/10/25,0,0,-770000,-770000
2013/10/28,0,75000,-1610000,-1535000
2013/10/29,0,34000,-1228000,-1194000
2013/10/30,0,78000,-1045000,-967000
2013/10/31,0,60000,-778000,-718000
2013/11/01,0,0,-302000,-302000
2013/11/04,0,76000,-410000,-334000
2013/11/05,0,0,0,0
2013/11/06,0,0,-1975000,-1975000
2013/11/07,0,270000,-195000,75000
2013/11/08,0,100000,0,100000
2013/11/11,0,0,0,0
2013/11/12,0,0,0,0
2013/11/13,0,1000,0,1000
2013/11/14,0,40000,0,40000
2013/11/15,0,209000,-31000,178000
2013/11/18,0,0,-144000,-144000
2013/11/19,0,0,-245000,-245000
2013/11/20,0,80000,-187000,-107000
2013/11/21,0,32000,-49000,-17000
2013/11/22,0,21000,-220000,-199000
2013/11/25,0,112853,-200000,-87147
2013/11/26,0,139000,0,139000
2013/11/27,0,272000,-283000,-11000
2013/11/28,0,629000,-215000,414000
2013/11/29,0,287000,-1000,286000
2013/12/02,0,16000,0,16000
2013/12/03,0,0,0,0
2013/12/04,0,0,0,0
2013/12/05,0,120000,0,120000
2013/12/06,0,0,-50000,-50000
2013/12/09,0,629000,0,629000
2013/12/10,0,303000,-1346000,-1043000
2013/12/11,0,128000,-230000,-102000
2013/12/12,0,167000,-969000,-802000
2013/12/13,0,141000,-805000,-664000
2013/12/16,0,311000,-300000,11000
2013/12/17,0,0,-305000,-305000
2013/12/18,0,779000,-120000,659000
2013/12/19,0,53000,0,53000
2013/12/20,0,35000,-121000,-86000
2013/12/23,0,1000,-283000,-282000
2013/12/24,0,9000,-432000,-423000
2013/12/25,0,0,-403000,-403000
2013/12/26,0,0,-210000,-210000
2013/12/27,0,2000,-150000,-148000
2013/12/30,0,0,-86000,-86000
2013/12/31,0,390000,-380000,10000
2014/01/02,0,157000,-315000,-158000
2014/01/03,0,34000,-277000,-243000
2014/01/06,0,5000,-312000,-307000
2014/01/07,0,531000,0,531000
2014/01/08,0,914000,0,914000
2014/01/09,0,330000,0,330000
2014/01/10,0,292000,0,292000
2014/01/13,0,140000,0,140000
2014/01/14,0,131000,0,131000
2014/01/15,0,51000,-1000,50000
2014/01/16,0,0,-498000,-498000
2014/01/17,0,272000,-90000,182000
2014/01/20,0,0,-907000,-907000
2014/01/21,0,199000,-1000,198000
2014/01/22,0,1086000,0,1086000
2014/01/23,0,414000,-400000,14000
2014/01/24,0,36000,-398000,-362000
2014/01/27,0,20000,-409000,-389000
2014/02/05,0,0,-28000,-28000
2014/02/06,0,388000,-69000,319000
2014/02/07,0,565000,-100000,465000
2014/02/10,0,45000,0,45000
2014/02/11,0,881000,-70000,811000
2014/02/12,0,1851000,0,1851000
2014/02/13,0,213000,-255842,-42842
2014/02/14,0,152000,-176000,-24000
2014/02/17,0,1346000,0,1346000
2014/02/18,0,614000,-490000,124000
2014/02/19,0,25000,-113000,-88000
2014/02/20,0,14000,-99000,-85000
2014/02/21,0,10000,-270000,-260000
2014/02/24,0,0,-267000,-267000
2014/02/25,0,0,-100000,-100000
2014/02/26,0,0,-249000,-249000
2014/02/27,0,1373000,-32000,1341000
2014/03/03,0,340000,-171000,169000
2014/03/04,0,13000,-274000,-261000
2014/03/05,0,118000,-15000,103000
2014/03/06,0,2000,-405000,-403000
2014/03/07,0,25000,-23000,2000
2014/03/10,0,0,-253000,-253000
2014/03/11,0,0,-108000,-108000
2014/03/12,0,0,-10000,-10000
2014/03/13,0,120000,-832000,-712000
2014/03/14,0,1000,-279000,-278000
2014/03/17,0,0,-100000,-100000
2014/03/18,0,159000,-16000,143000
2014/03/19,0,300000,-22000,278000
2014/03/20,0,0,0,0
2014/03/21,0,11000,-170000,-159000
2014/03/24,0,0,-49000,-49000
2014/03/25,0,0,-35000,-35000
2014/03/26,0,0,0,0
2014/03/27,0,0,-180000,-180000
2014/03/28,0,709000,-255000,454000
2014/03/31,0,0,0,0
2014/04/01,0,698000,0,698000
2014/04/02,0,389000,0,389000
2014/04/03,0,72000,-7000,65000
2014/04/07,0,0,-3000,-3000
2014/04/08,0,40000,-174000,-134000
2014/04/09,0,87000,-79000,8000
2014/04/10,0,74937,-152000,-77063
2014/04/11,0,0,-150000,-150000
2014/04/14,0,8000,-114000,-106000
2014/04/15,0,1000,-332000,-331000
2014/04/16,0,0,-189000,-189000
2014/04/17,0,0,0,0
2014/04/18,0,0,-198000,-198000
2014/04/21,0,0,-1173000,-1173000
2014/04/22,0,0,-1510000,-1510000
2014/04/23,0,50000,-3023000,-2973000
2014/04/24,0,105000,-229000,-124000
2014/04/25,0,63000,-428000,-365000
2014/04/28,0,20000,-225000,-205000
2014/04/29,0,0,-296000,-296000
2014/04/30,0,16000,-202000,-186000
2014/05/02,0,139000,-84000,55000
2014/05/05,0,90000,-2000,88000
2014/05/06,0,717000,-152000,565000
2014/05/07,0,218000,-20000,198000
2014/05/08,0,42000,0,42000
2014/05/09,0,18000,0,18000
2014/05/12,0,30000,-370000,-340000
2014/05/13,0,108000,-33000,75000
2014/05/14,0,25000,-263000,-238000
2014/05/15,0,28000,-68000,-40000
2014/05/16,0,270000,-476000,-206000
2014/05/19,0,157000,-548000,-391000
2014/05/20,0,96000,-246000,-150000
2014/05/21,0,29000,-63000,-34000
2014/05/22,0,15000,-214000,-199000
2014/05/23,0,25000,-832000,-807000
2014/05/26,0,0,-73000,-73000
2014/05/27,0,10000,-1000,9000
2014/05/28,0,0,0,0
2014/05/29,0,0,-146000,-146000
2014/05/30,0,2000,-30000,-28000
2014/06/03,0,10000,-439000,-429000
2014/06/04,0,0,-122000,-122000
2014/06/05,0,0,-447000,-447000
2014/06/06,0,0,-101000,-101000
2014/06/09,0,0,-70000,-70000
2014/06/10,0,0,-12000,-12000
2014/06/11,0,0,-375000,-375000
2014/06/12,0,2000,-479000,-477000
2014/06/13,0,0,-511000,-511000
2014/06/16,0,0,-173000,-173000
2014/06/17,0,0,-164000,-164000
2014/06/18,0,0,-320000,-320000
2014/06/19,0,0,0,0
2014/06/20,0,6000,-17000,-11000
2014/06/23,0,0,-9000,-9000
2014/06/24,0,1000,-14000,-13000
2014/06/25,0,20000,-335000,-315000
2014/06/26,0,0,-114000,-114000
2014/06/27,0,0,-444000,-444000
2014/06/30,0,0,-281000,-281000
2014/07/01,0,28000,-20000,8000
2014/07/02,0,290000,-70161,219839
2014/07/03,0,173000,-355000,-182000
2014/07/04,0,37000,-8000,29000
2014/07/07,0,0,0,0
2014/07/08,0,481000,-4000,477000
2014/07/09,0,0,0,0
2014/07/10,0,263000,0,263000
2014/07/11,0,0,-412000,-412000
2014/07/14,0,128000,0,128000
2014/07/15,0,0,-499000,-499000
2014/07/16,0,14000,-20000,-6000
2014/07/17,0,4000,-140000,-136000
2014/07/18,0,26000,-82000,-56000
2014/07/21,0,0,-571000,-571000
2014/07/22,0,22000,0,22000
2014/07/23,0,0,0,0
2014/07/24,0,130000,0,130000
2014/07/25,0,43000,0,43000
2014/07/28,0,270000,-250000,20000
2014/07/29,0,891000,0,891000
2014/07/30,0,330000,0,330000
2014/07/31,0,165000,-32000,133000
2014/08/01,0,206000,-2000,204000
2014/08/04,0,260000,-59000,201000
2014/08/05,0,984000,-80000,904000
2014/08/06,0,184000,-468000,-284000
2014/08/07,0,352000,0,352000
2014/08/08,0,157000,-210000,-53000
2014/08/11,0,294000,-29000,265000
2014/08/12,0,330000,-150000,180000
2014/08/13,0,453000,0,453000
2014/08/14,0,351000,0,351000
2014/08/15,0,199000,-10000,189000
2014/08/18,0,171000,0,171000
2014/08/19,0,180000,-21000,159000
2014/08/20,0,91000,0,91000
2014/08/21,0,152000,-3000,149000
2014/08/22,0,141000,0,141000
2014/08/25,0,61000,-80000,-19000
2014/08/26,0,23000,0,23000
2014/08/27,0,0,0,0
2014/08/28,0,37000,-47000,-10000
2014/08/29,0,50000,-9000,41000
2014/09/01,0,60000,0,60000
2014/09/02,0,50000,0,50000
2014/09/03,0,43000,0,43000
2014/09/04,0,2000,0,2000
2014/09/05,0,33000,0,33000
2014/09/09,0,157000,-84000,73000
2014/09/10,0,171000,-26000,145000
2014/09/11,0,35000,-60000,-25000
2014/09/12,0,96000,-25000,71000
2014/09/15,0,20000,-37000,-17000
2014/09/16,0,6000,-8000,-2000
2014/09/17,0,27000,0,27000
2014/09/18,0,42000,0,42000
2014/09/19,0,13000,-67000,-54000
2014/09/22,0,4462,-7000,-2538
2014/09/23,0,130000,-1000,129000
2014/09/24,0,32000,0,32000
2014/09/25,0,3000,0,3000
2014/09/26,0,30000,0,30000
2014/09/29,0,0,0,0
2014/09/30,0,4000,0,4000
2014/10/01,0,263000,-4000,259000
2014/10/02,0,51000,0,51000
2014/10/03,0,148000,0,148000
2014/10/06,0,223000,0,223000
2014/10/07,0,69000,0,69000
2014/10/08,0,0,-101000,-101000
2014/10/09,0,16000,-129000,-113000
2014/10/13,0,249000,-614000,-365000
2014/10/14,0,355000,0,355000
2014/10/15,0,306000,0,306000
2014/10/16,0,858000,0,858000
2014/10/17,0,304000,-140000,164000
2014/10/20,0,0,0,0
2014/10/21,0,1000,-50000,-49000
2014/10/22,0,555000,-45000,510000
2014/10/23,0,937000,0,937000
2014/10/24,0,545000,-35000,510000
2014/10/27,0,554000,0,554000
2014/10/28,0,95000,0,95000
2014/10/29,0,194000,0,194000
2014/10/30,0,169000,0,169000
2014/10/31,0,0,-48000,-48000
2014/11/03,0,984000,0,984000
2014/11/04,0,38000,-60000,-22000
2014/11/05,0,72000,0,72000
2014/11/06,0,73000,-20000,53000
2014/11/07,0,1478000,-228000,1250000
2014/11/10,0,400000,-456000,-56000
2014/11/11,0,164000,-238000,-74000
2014/11/12,0,198000,-209000,-11000
2014/11/13,0,92000,-25000,67000
2014/11/14,0,63000,-232000,-169000
2014/11/17,0,50000,-51000,-1000
2014/11/18,0,28000,0,28000
2014/11/19,0,146000,-115000,31000
2014/11/20,0,22000,-50000,-28000
2014/11/21,0,65000,0,65000
2014/11/24,0,10000,-180000,-170000
2014/11/25,0,0,-70000,-70000
2014/11/26,0,0,-21000,-21000
2014/11/27,0,177000,-30000,147000
2014/11/28,0,153000,-25000,128000
2014/12/01,0,16000,0,16000
2014/12/02,0,10000,0,10000
2014/12/03,0,1000,-9000,-8000
2014/12/04,0,0,-40000,-40000
2014/12/05,0,11000,-289000,-278000
2014/12/08,0,0,-75000,-75000
2014/12/09,0,0,0,0
2014/12/10,0,67000,-101000,-34000
2014/12/11,0,99,0,99
2014/12/12,0,0,-15000,-15000
2014/12/15,0,17000,-15000,2000
2014/12/16,0,0,-8000,-8000
2014/12/17,0,0,-231000,-231000
2014/12/18,0,50000,0,50000
2014/12/19,0,45000,-13000,32000
2014/12/22,0,25000,-20000,5000
2014/12/23,0,0,-67000,-67000
2014/12/24,0,0,0,0
2014/12/25,0,0,-5000,-5000
2014/12/26,0,0,-163000,-163000
2014/12/29,0,0,-156000,-156000
2014/12/30,0,42000,-61000,-19000
2014/12/31,0,10000,-335000,-325000
2015/01/01,0,0,0,0
2015/01/02,0,0,0,0
2015/01/05,0,0,-16000,-16000
2015/01/06,0,7000,-278000,-271000
2015/01/07,0,7000,-202000,-195000
2015/01/08,0,45000,0,45000
2015/01/09,0,557000,-50000,507000
2015/01/12,0,108000,-75000,33000
2015/01/13,0,90000,-8000,82000
2015/01/14,0,100000,-18000,82000
2015/01/15,0,5000,-47000,-42000
2015/01/16,0,99000,0,99000
2015/01/19,0,21000,-2000,19000
2015/01/20,0,70000,-12000,58000
2015/01/21,0,0,-254000,-254000
2015/01/22,0,436000,-573000,-137000
2015/01/23,0,20000,-429000,-409000
2015/01/26,0,0,-80000,-80000
2015/01/27,0,85000,-1417000,-1332000
2015/01/28,0,40000,-561000,-521000
2015/01/29,0,105000,-1679000,-1574000
2015/01/30,0,0,-407000,-407000
2015/02/02,0,8000,-928000,-920000
2015/02/03,0,120000,-717000,-597000
2015/02/04,0,135000,-46000,89000
2015/02/05,0,77000,-210000,-133000
2015/02/06,0,55000,-222000,-167000
2015/02/09,0,122000,-44000,78000
2015/02/10,0,112000,-120000,-8000
2015/02/11,0,182000,-20000,162000
2015/02/12,0,35000,-788000,-753000
2015/02/13,0,0,-101000,-101000
2015/02/16,0,0,0,0
2015/02/17,0,0,0,0
2015/02/18,0,0,0,0
2015/02/19,0,0,0,0
2015/02/20,0,0,0,0
2015/02/23,0,0,0,0
2015/02/24,0,1000,-214000,-213000
2015/02/25,0,0,-120000,-120000
2015/02/26,0,0,-295000,-295000
2015/02/27,0,0,0,0
2015/03/02,0,0,-323000,-323000
2015/03/03,0,31000,-523000,-492000
2015/03/04,0,0,-17000,-17000
2015/03/05,0,0,-157000,-157000
2015/03/06,0,0,-321000,-321000
2015/03/09,0,0,-202000,-202000
2015/03/10,0,0,-38000,-38000
2015/03/11,0,232000,0,232000
2015/03/12,0,0,-81074,-81074
2015/03/13,0,0,-279000,-279000
2015/03/16,0,0,-752000,-752000
2015/03/17,0,1000,-594000,-593000
2015/03/18,0,0,-682000,-682000
2015/03/19,0,0,-380000,-380000
2015/03/20,0,0,-452000,-452000
2015/03/23,0,0,-605000,-605000
2015/03/24,0,0,-466000,-466000
2015/03/25,0,12000,-119000,-107000
2015/03/26,0,8000,-912000,-904000
2015/03/27,0,0,-315000,-315000
2015/03/30,0,8000,-46000,-38000
2015/03/31,0,0,-38000,-38000
2015/04/01,0,0,-60000,-60000
2015/04/02,0,10000,0,10000
2015/04/03,0,0,0,0
2015/04/06,0,0,0,0
2015/04/07,0,0,0,0
2015/04/08,0,6000,-111000,-105000
2015/04/09,0,0,-309000,-309000
2015/04/10,0,80000,-238000,-158000
2015/04/13,0,0,0,0
2015/04/14,0,360000,0,360000
2015/04/15,0,0,-42000,-42000
2015/04/16,0,114000,-22000,92000
2015/04/17,0,210000,-230000,-20000
2015/04/20,0,35000,-16000,19000
2015/04/21,0,15000,-113000,-98000
2015/04/22,0,8000,-474000,-466000
2015/04/23,0,8000,-211000,-203000
2015/04/24,0,5000,0,5000
2015/04/27,0,60000,0,60000
2015/04/28,0,220000,-1000,219000
2015/04/29,0,0,0,0
2015/04/30,0,0,-19000,-19000
2015/05/01,0,0,0,0
2015/05/04,0,232000,-62000,170000
2015/05/05,0,5000,-536000,-531000
2015/05/06,0,0,0,0
2015/05/07,0,85000,-52000,33000
2015/05/08,0,122000,-42000,80000
2015/05/11,0,50000,0,50000
2015/05/12,0,50000,-33000,17000
2015/05/13,0,114000,0,114000
2015/05/14,0,0,0,0
2015/05/15,0,0,0,0
2015/05/18,0,20000,0,20000
2015/05/19,0,23000,0,23000
2015/05/20,0,0,0,0
2015/05/21,0,10000,-56000,-46000
2015/05/22,0,113000,-25000,88000
2015/05/25,0,0,-5000,-5000
2015/05/26,0,20000,0,20000
2015/05/27,0,88000,-162000,-74000
2015/05/28,0,57000,-58000,-1000
2015/05/29,0,179000,0,179000
2015/06/01,0,0,0,0
2015/06/02,0,5000,-37000,-32000
2015/06/03,0,12000,-1000,11000
2015/06/04,0,0,-109014,-109014
2015/06/05,0,15000,-731000,-716000
2015/06/08,0,15000,-322000,-307000
2015/06/09,0,0,-379000,-379000
2015/06/10,0,39000,-307000,-268000
2015/06/11,0,0,-100000,-100000
2015/06/12,0,0,-169000,-169000
2015/06/15,0,0,-212000,-212000
2015/06/16,0,0,0,0
2015/06/17,0,18000,0,18000
2015/06/18,0,18000,-261000,-243000
2015/06/19,0,0,0,0
2015/06/22,0,14000,0,14000
2015/06/23,0,0,0,0
2015/06/24,0,0,0,0
2015/06/25,0,8000,-32000,-24000
2015/06/26,0,0,0,0
2015/06/29,0,0,0,0
2015/06/30,0,387000,0,387000
2015/07/01,0,0,-15000,-15000
2015/07/02,0,2000,0,2000
2015/07/03,0,30000,-35000,-5000
2015/07/06,0,0,-170000,-170000
2015/07/07,0,0,-170000,-170000
2015/07/08,0,0,0,0
2015/07/09,0,13000,-21000,-8000
2015/07/10,0,0,0,0
2015/07/13,0,0,-5000,-5000
2015/07/14,0,0,-250000,-250000
2015/07/15,0,199000,0,199000
2015/07/16,0,0,0,0
2015/07/17,0,14000,-75000,-61000
2015/07/20,0,40000,-15000,25000
2015/07/21,0,0,-2000,-2000
2015/07/22,0,0,0,0
2015/07/23,0,191000,0,191000
2015/07/24,0,194000,-20000,174000
2015/07/27,0,59000,0,59000
2015/07/28,0,535000,-958000,-423000
2015/07/29,0,354000,0,354000
2015/07/30,0,103000,-370000,-267000
2015/07/31,0,0,0,0
2015/08/03,0,12000,-112000,-100000
2015/08/04,0,10000,-20000,-10000
2015/08/05,0,55000,0,55000
2015/08/06,0,291000,-184000,107000
2015/08/07,0,208000,0,208000
2015/08/10,0,265000,-10000,255000
2015/08/11,0,626000,-29000,597000
2015/08/12,0,12000,-245000,-233000
2015/08/13,0,32000,0,32000
2015/08/14,0,115000,0,115000
2015/08/17,0,0,0,0
2015/08/18,0,0,0,0
2015/08/19,0,0,0,0
2015/08/20,0,25000,-60000,-35000
2015/08/21,0,40000,-165000,-125000
2015/08/24,0,6000,0,6000
2015/08/25,0,328,-38000,-37672
2015/08/26,0,78000,-195000,-117000
2015/08/27,0,236000,-82000,154000
2015/08/28,0,49000,0,49000
2015/08/31,0,4000,-6000,-2000
2015/09/01,0,10000,-38000,-28000
2015/09/02,0,0,0,0
2015/09/03,0,6000,-89000,-83000
2015/09/04,0,230000,-176000,54000
2015/09/07,0,4000,0,4000
2015/09/08,0,68000,-25000,43000
2015/09/09,0,786000,0,786000
2015/09/10,0,40000,0,40000
2015/09/11,0,47000,0,47000
2015/09/14,0,1000,0,1000
2015/09/15,0,1000,0,1000
2015/09/16,0,0,-62000,-62000
2015/09/17,0,0,0,0
2015/09/18,0,382000,-568000,-186000
2015/09/21,0,3000,-241000,-238000
2015/09/22,0,15515,-26000,-10485
2015/09/23,0,0,-135000,-135000
2015/09/24,0,0,-57000,-57000
2015/09/25,0,0,0,0
2015/09/28,0,0,0,0
2015/09/29,0,0,0,0
2015/09/30,0,0,-924000,-924000
2015/10/01,0,1000,0,1000
2015/10/02,0,5000,0,5000
2015/10/05,0,1000,0,1000
2015/10/06,0,0,-56000,-56000
2015/10/07,0,1000,-440000,-439000
2015/10/08,0,0,0,0
2015/10/09,0,0,0,0
2015/10/12,0,0,0,0
2015/10/13,0,0,-150000,-150000
2015/10/14,0,0,-196000,-196000
2015/10/15,0,0,-138000,-138000
2015/10/16,0,1000,0,1000
2015/10/19,0,0,-100000,-100000
2015/10/20,0,0,0,0
2015/10/21,0,0,0,0
2015/10/22,0,23000,-200000,-177000
2015/10/23,0,0,-56000,-56000
2015/10/26,0,0,0,0
2015/10/27,0,0,0,0
2015/10/28,0,0,-340000,-340000
2015/10/29,0,0,0,0
2015/10/30,0,0,0,0
2015/11/02,0,73000,0,73000
2015/11/03,0,1000,-471000,-470000
2015/11/04,0,410000,-1000,409000
2015/11/05,0,292000,-25000,267000
2015/11/06,0,0,-23000,-23000
2015/11/09,0,11000,-20000,-9000
2015/11/10,0,14000,-214000,-200000
2015/11/11,0,0,0,0
2015/11/12,0,0,-180000,-180000
2015/11/13,0,0,0,0
2015/11/16,0,0,0,0
2015/11/17,0,0,-55000,-55000
2015/11/18,0,0,-100000,-100000
2015/11/19,0,0,-165000,-165000
2015/11/20,0,0,-414000,-414000
2015/11/23,0,0,-390000,-390000
2015/11/24,0,158000,0,158000
2015/11/25,0,32000,0,32000
2015/11/26,0,0,0,0
2015/11/27,0,0,0,0
2015/11/30,0,0,0,0
2015/12/01,0,0,-162000,-162000
2015/12/02,0,0,0,0
2015/12/03,0,201000,0,201000
2015/12/04,0,0,0,0
2015/12/07,0,9000,0,9000
2015/12/08,0,20000,-10000,10000
2015/12/09,0,0,0,0
2015/12/10,0,0,-86000,-86000
2015/12/11,0,0,-369000,-369000
2015/12/14,0,0,-631,-631
2015/12/15,0,0,-20000,-20000
2015/12/16,0,19000,0,19000
2015/12/17,0,259000,0,259000
2015/12/18,0,217000,-105000,112000
2015/12/21,0,10000,-230000,-220000
2015/12/22,0,0,0,0
2015/12/23,0,0,0,0
2015/12/24,0,0,0,0
2015/12/25,0,21000,0,21000
2015/12/28,0,57000,0,57000
2015/12/29,0,0,-131000,-131000
2015/12/30,0,12000,-154000,-142000
2015/12/31,0,0,-25000,-25000
2016/01/01,0,0,0,0
2016/01/04,0,0,-18000,-18000
2016/01/05,0,0,-400000,-400000
2016/01/06,0,50000,-500000,-450000
2016/01/07,0,0,-22000,-22000
2016/01/08,0,112000,-38000,74000
2016/01/11,0,46000,0,46000
2016/01/12,0,0,-40000,-40000
2016/01/13,0,0,0,0
2016/01/14,0,0,-25000,-25000
2016/01/15,0,116000,-14000,102000
2016/01/18,0,0,0,0
2016/01/19,0,0,-1000,-1000
2016/01/20,0,0,-24000,-24000
2016/01/21,0,0,-9000,-9000
2016/01/22,0,0,0,0
2016/01/25,0,78000,0,78000
2016/01/26,0,8000,0,8000
2016/01/27,0,0,0,0
2016/01/28,0,97000,-8000,89000
2016/01/29,0,384000,-7000,377000
2016/02/01,0,50000,0,50000
2016/02/02,0,2000,-40000,-38000
2016/02/03,0,0,-193000,-193000
2016/02/04,0,0,0,0
2016/02/05,0,0,0,0
2016/02/08,0,0,0,0
2016/02/09,0,0,0,0
2016/02/10,0,0,0,0
2016/02/11,0,0,0,0
2016/02/12,0,0,0,0
2016/02/15,0,25000,-46041,-21041
2016/02/16,0,0,0,0
2016/02/17,0,322000,0,322000
2016/02/18,0,20000,-16000,4000
2016/02/19,0,0,0,0
2016/02/22,0,20000,-46000,-26000
2016/02/23,0,0,-40000,-40000
2016/02/24,0,10000,-50000,-40000
2016/02/25,0,0,0,0
2016/02/26,0,0,0,0
2016/02/29,0,0,0,0
2016/03/01,0,0,-24000,-24000
2016/03/02,0,0,-1000,-1000
2016/03/03,0,256000,0,256000
2016/03/04,0,0,0,0
2016/03/07,0,0,-47000,-47000
2016/03/08,0,5000,-60000,-55000
2016/03/09,0,0,-32000,-32000
2016/03/10,0,0,-2000,-2000
2016/03/11,0,0,-3000,-3000
2016/03/14,0,0,0,0
2016/03/15,0,0,-236000,-236000
2016/03/16,0,0,-310000,-310000
2016/03/17,0,115000,-50000,65000
2016/03/18,0,0,-443000,-443000
2016/03/21,0,56000,0,56000
2016/03/22,0,12000,-229000,-217000
2016/03/23,0,0,-456000,-456000
2016/03/24,0,0,-145000,-145000
2016/03/25,0,50000,-410000,-360000
2016/03/28,0,0,-100000,-100000
2016/03/29,0,64000,0,64000
2016/03/30,0,25000,0,25000
2016/03/31,0,11000,0,11000
2016/04/01,0,0,-108000,-108000
2016/04/04,0,0,0,0
2016/04/05,0,0,0,0
2016/04/06,0,0,-3000,-3000
2016/04/07,0,0,-83000,-83000
2016/04/08,0,0,-28000,-28000
2016/04/11,0,0,-5000,-5000
2016/04/12,0,0,-3000,-3000
2016/04/13,0,4000,0,4000
2016/04/14,0,0,-31000,-31000
2016/04/15,0,36000,-45000,-9000
2016/04/18,0,0,-2000,-2000
2016/04/19,0,0,-110000,-110000
2016/04/20,0,13000,-6000,7000
2016/04/21,0,17000,0,17000
2016/04/22,0,0,0,0
2016/04/25,0,250000,-31000,219000
2016/04/26,0,0,-5000,-5000
2016/04/27,0,0,-43000,-43000
2016/04/28,0,57000,0,57000
2016/04/29,0,0,-1000,-1000
2016/05/02,0,0,0,0
2016/05/03,0,0,-2000,-2000
2016/05/04,0,0,0,0
2016/05/05,0,0,0,0
2016/05/06,0,0,0,0
2016/05/09,0,100000,0,100000
2016/05/10,0,70000,-280,69720
2016/05/11,0,20000,-1000,19000
2016/05/12,0,0,-4000,-4000
2016/05/13,0,41000,-1000,40000
2016/05/16,0,0,0,0
2016/05/17,0,0,0,0
2016/05/18,0,0,0,0
2016/05/19,0,0,0,0
2016/05/20,0,52000,-11000,41000
2016/05/23,0,100000,0,100000
2016/05/24,0,20000,0,20000
2016/05/25,0,353000,0,353000
2016/05/26,0,31000,0,31000
2016/05/27,0,0,0,0
2016/05/30,0,0,0,0
2016/05/31,0,90000,0,90000
2016/06/01,0,80000,0,80000
2016/06/02,0,0,-18000,-18000
2016/06/03,0,69000,0,69000
2016/06/06,0,0,0,0
2016/06/07,0,82000,-1000,81000
2016/06/08,0,0,0,0
2016/06/09,0,0,0,0
2016/06/10,0,0,0,0
2016/06/13,0,177000,-6000,171000
2016/06/14,0,0,0,0
2016/06/15,0,0,-22000,-22000
2016/06/16,0,0,-12000,-12000
2016/06/17,0,113000,-1000,112000
2016/06/20,0,0,-27000,-27000
2016/06/21,0,0,0,0
2016/06/22,0,0,0,0
2016/06/23,0,106000,0,106000
2016/06/24,0,4000,0,4000
2016/06/27,0,0,-2000,-2000
2016/06/28,0,50000,-214000,-164000
2016/06/29,0,60000,-125000,-65000
2016/06/30,0,147000,-30000,117000
2016/07/01,0,121000,0,121000
2016/07/04,0,0,0,0
2016/07/05,0,16000,0,16000
2016/07/06,0,10000,0,10000
2016/07/07,0,0,0,0
2016/07/08,0,0,0,0
2016/07/11,0,80000,0,80000
2016/07/12,0,918000,0,918000
2016/07/13,0,0,-68000,-68000
2016/07/14,0,0,-15000,-15000
2016/07/15,0,0,-7000,-7000
2016/07/18,0,0,-285000,-285000
2016/07/19,0,30000,-160000,-130000
2016/07/20,0,0,-3000,-3000
2016/07/21,0,0,-4000,-4000
2016/07/22,0,0,-3000,-3000
2016/07/25,0,6000,-18000,-12000
2016/07/26,0,2000,-65000,-63000
2016/07/27,0,0,-92000,-92000
2016/07/28,0,52000,-14000,38000
2016/07/29,0,226,-182000,-181774
2016/08/01,0,0,-193000,-193000
2016/08/02,0,69000,-125000,-56000
2016/08/03,0,4000,-54000,-50000
2016/08/04,0,0,-25000,-25000
2016/08/05,0,0,-30000,-30000
2016/08/08,0,2000,-36000,-34000
2016/08/09,0,4000,-211000,-207000
2016/08/10,0,0,-61000,-61000
2016/08/11,0,0,-10000,-10000
2016/08/12,0,5000,-1000,4000
2016/08/15,0,6000,0,6000
2016/08/16,0,0,-38000,-38000
2016/08/17,0,2000,0,2000
2016/08/18,0,0,-1000,-1000
2016/08/19,0,0,0,0
2016/08/22,0,0,0,0
2016/08/23,0,2000,-8000,-6000
2016/08/24,0,0,-41000,-41000
2016/08/25,0,2000,0,2000
2016/08/26,0,1000,0,1000
2016/08/29,0,2000,-22000,-20000
2016/08/30,0,4000,0,4000
2016/08/31,0,0,0,0
2016/09/01,0,0,-472000,-472000
2016/09/02,0,0,0,0
2016/09/05,0,0,-12000,-12000
2016/09/06,0,0,0,0
2016/09/07,0,44000,0,44000
2016/09/08,0,75000,-143000,-68000
2016/09/09,0,61000,0,61000
2016/09/12,0,0,0,0
2016/09/13,0,0,-5000,-5000
2016/09/14,0,793000,-1000,792000
2016/09/15,0,0,0,0
2016/09/16,0,0,0,0
2016/09/19,0,0,0,0
2016/09/20,0,107000,-50000,57000
2016/09/21,0,22000,0,22000
2016/09/22,0,0,0,0
2016/09/23,0,0,-78000,-78000
2016/09/26,0,0,0,0
2016/09/27,0,0,0,0
2016/09/28,0,0,0,0
2016/09/29,0,8000,0,8000
2016/09/30,0,454,0,454
2016/10/03,0,0,0,0
2016/10/04,0,0,0,0
2016/10/05,0,0,0,0
2016/10/06,0,0,0,0
2016/10/07,0,0,0,0
2016/10/10,0,0,0,0
2016/10/11,0,0,0,0
2016/10/12,0,0,0,0
2016/10/13,0,0,-1000,-1000
2016/10/14,0,0,0,0
2016/10/17,0,0,0,0
2016/10/18,0,28000,0,28000
2016/10/19,0,0,0,0
2016/10/20,0,0,-18000,-18000
2016/10/21,0,0,-18000,-18000
2016/10/24,0,0,-12000,-12000
2016/10/25,0,16000,-20000,-4000
2016/10/26,0,0,0,0
2016/10/27,0,10000,0,10000
2016/10/28,0,0,0,0
2016/10/31,0,0,0,0
2016/11/01,0,0,0,0
2016/11/02,0,7,0,7
2016/11/03,0,0,-107000,-107000
2016/11/04,0,450,-260000,-259550
2016/11/07,0,0,-4000,-4000
2016/11/08,0,0,0,0
2016/11/09,0,0,0,0
2016/11/10,0,0,-50000,-50000
2016/11/11,0,0,0,0
2016/11/14,0,0,-136000,-136000
2016/11/15,0,0,0,0
2016/11/16,0,0,0,0
2016/11/17,0,0,-41000,-41000
2016/11/18,0,0,0,0
2016/11/21,0,0,0,0
2016/11/22,0,1000,-1000,0
2016/11/23,0,0,0,0
2016/11/24,0,0,-8000,-8000
2016/11/25,0,0,-18000,-18000
2016/11/28,0,0,-10000,-10000
2016/11/29,0,3400,0,3400
2016/11/30,0,0,0,0
2016/12/01,0,0,-16000,-16000
2016/12/02,0,0,-115000,-115000
2016/12/05,0,0,0,0
2016/12/06,0,0,-25000,-25000
2016/12/07,0,70000,-3000,67000
2016/12/08,0,0,-30000,-30000
2016/12/09,0,0,0,0
2016/12/12,0,0,0,0
2016/12/13,0,0,-1000,-1000
2016/12/14,0,0,-15000,-15000
2016/12/15,0,0,0,0
2016/12/16,0,0,-60000,-60000
2016/12/19,0,0,0,0
2016/12/20,0,0,-15000,-15000
2016/12/21,0,0,0,0
2016/12/22,0,0,-51000,-51000
2016/12/23,0,0,0,0
2016/12/26,0,0,-100000,-100000
2016/12/27,0,0,0,0
2016/12/28,0,0,0,0
2016/12/29,0,0,-40000,-40000
2016/12/30,0,0,0,0
2017/01/02,0,0,0,0
2017/01/03,0,0,0,0
2017/01/04,0,0,0,0
2017/01/05,0,1000,0,1000
2017/01/06,0,0,-4000,-4000
2017/01/09,0,0,0,0
2017/01/10,0,0,0,0
2017/01/11,0,0,-20000,-20000
2017/01/12,0,0,0,0
2017/01/13,0,0,0,0
2017/01/16,0,0,0,0
2017/01/17,0,0,0,0
2017/01/18,0,0,0,0
2017/01/19,0,0,-14000,-14000
2017/01/20,0,0,0,0
2017/01/23,0,107,-4000,-3893
2017/01/24,0,0,0,0
2017/01/25,0,0,0,0
2017/01/26,0,0,0,0
2017/01/27,0,0,0,0
2017/01/30,0,0,0,0
2017/01/31,0,0,0,0
2017/02/01,0,0,0,0
2017/02/02,0,0,0,0
2017/02/03,0,4000,0,4000
2017/02/06,0,0,0,0
2017/02/07,0,0,0,0
2017/02/08,0,69000,-400,68600
2017/02/09,0,206000,-11000,195000
2017/02/10,0,50000,0,50000
2017/02/13,0,0,0,0
2017/02/14,0,190000,0,190000
2017/02/15,0,0,0,0
2017/02/16,0,0,-54000,-54000
2017/02/17,0,0,0,0
2017/02/20,0,7000,0,7000
2017/02/21,0,0,0,0
2017/02/22,0,0,-20000,-20000
2017/02/23,0,0,-190000,-190000
2017/02/24,0,69000,0,69000
2017/02/27,0,0,0,0
2017/02/28,0,0,0,0
2017/03/01,0,0,-4000,-4000
2017/03/02,0,0,-24000,-24000
2017/03/03,0,0,0,0
2017/03/06,0,0,0,0
2017/03/07,0,0,0,0
2017/03/08,0,0,0,0
2017/03/09,0,0,0,0
2017/03/10,0,0,-3000,-3000
2017/03/13,0,100000,0,100000
2017/03/14,0,0,0,0
2017/03/15,0,11000,0,11000
2017/03/16,0,0,0,0
2017/03/17,0,36000,-2000,34000
2017/03/20,0,29000,0,29000
2017/03/21,0,56000,0,56000
2017/03/22,0,0,0,0
2017/03/23,0,0,0,0
2017/03/24,0,0,-27000,-27000
2017/03/27,0,0,0,0
2017/03/28,0,0,0,0
2017/03/29,0,24082,0,24082
2017/03/30,0,865,-14000,-13135
2017/03/31,0,1851,0,1851
2017/04/03,0,0,0,0
2017/04/04,0,0,0,0
2017/04/05,0,617,0,617
2017/04/06,0,9000,0,9000
2017/04/07,0,0,0,0
2017/04/10,0,0,0,0
2017/04/11,0,0,0,0
2017/04/12,0,0,-7000,-7000
2017/04/13,0,0,0,0
2017/04/14,0,0,-2000,-2000
2017/04/17,0,0,0,0
2017/04/18,0,0,0,0
2017/04/19,0,617,0,617
2017/04/20,0,1000,0,1000
2017/04/21,0,0,0,0
2017/04/24,0,0,0,0
2017/04/25,0,5,0,5
2017/04/26,0,0,0,0
2017/04/27,0,0,-8000,-8000
2017/04/28,0,0,0,0
2017/05/01,0,0,0,0
2017/05/02,0,0,0,0
2017/05/03,0,90000,0,90000
2017/05/04,0,324619,-1000,323619
2017/05/05,0,414475,0,414475
2017/05/08,0,942000,0,942000
2017/05/09,0,275000,0,275000
2017/05/10,0,424000,0,424000
2017/05/11,0,418000,0,418000
2017/05/12,0,0,0,0
2017/05/15,0,24000,0,24000
2017/05/16,0,70000,0,70000
2017/05/17,0,0,-11000,-11000
2017/05/18,0,0,-1000,-1000
2017/05/19,0,162000,0,162000
2017/05/22,0,70000,0,70000
2017/05/23,0,250000,0,250000
2017/05/24,0,0,0,0
2017/05/25,0,100000,0,100000
2017/05/26,0,0,-3000,-3000
2017/05/29,0,0,0,0
2017/05/30,0,0,0,0
2017/05/31,0,0,0,0
2017/06/01,0,0,0,0
2017/06/02,0,25000,-3000,22000
2017/06/05,0,34000,0,34000
2017/06/06,0,13000,0,13000
2017/06/07,0,113000,-35000,78000
2017/06/08,0,111000,0,111000
2017/06/09,0,0,-1000,-1000
2017/06/12,0,100000,0,100000
2017/06/13,0,0,0,0
2017/06/14,0,0,0,0
2017/06/15,0,0,-243000,-243000
2017/06/16,0,0,-585000,-585000
2017/06/19,0,26000,-1000,25000
2017/06/20,0,1000,-2691,-1691
2017/06/21,0,2000,-50000,-48000
2017/06/22,0,0,-6000,-6000
2017/06/23,0,0,-1000,-1000
2017/06/26,0,0,-26000,-26000
2017/06/27,0,0,-262000,-262000
2017/06/28,0,0,-14686,-14686
2017/06/29,0,0,-18000,-18000
2017/06/30,0,1000,-48000,-47000
2017/07/03,0,0,-60000,-60000
2017/07/04,0,0,-1000,-1000
2017/07/05,0,0,-2000,-2000
2017/07/06,0,0,-5000,-5000
2017/07/07,0,0,-7000,-7000
2017/07/10,0,0,-1000,-1000
2017/07/11,0,0,0,0
2017/07/12,0,0,-410700,-410700
2017/07/13,0,0,-301000,-301000
2017/07/14,0,0,-26000,-26000
2017/07/17,0,50,0,50
2017/07/18,0,2000,0,2000
2017/07/19,0,0,0,0
2017/07/20,0,1000,-470000,-469000
2017/07/21,0,0,-319000,-319000
2017/07/24,0,0,0,0
2017/07/25,0,55000,0,55000
2017/07/26,0,0,-69000,-69000
2017/07/27,0,85000,-385000,-300000
2017/07/28,0,0,-304000,-304000
2017/07/31,0,0,-61000,-61000
2017/08/01,0,0,-3000,-3000
2017/08/02,0,0,-987000,-987000
2017/08/03,0,0,-386000,-386000
2017/08/04,0,2000,-22000,-20000
2017/08/07,0,4000,0,4000
2017/08/08,0,0,-1000,-1000
2017/08/09,0,6000,0,6000
2017/08/10,0,4000,0,4000
2017/08/11,0,0,0,0
2017/08/14,0,0,0,0
2017/08/15,0,0,0,0
2017/08/16,0,39000,-9000,30000
2017/08/17,0,124000,0,124000
2017/08/18,0,0,0,0
