Date,Open,Buy,Sell,Total
2007/01/02,0,689000,-434142,254858
2007/01/03,0,380000,-806874,-426874
2007/01/04,0,4991000,-1757000,3234000
2007/01/05,0,12796197,-1817435,10978762
2007/01/08,0,315000,-1966376,-1651376
2007/01/09,0,1002000,-1277000,-275000
2007/01/10,0,1163000,-663000,500000
2007/01/11,0,1986348,-651857,1334491
2007/01/12,0,1477000,-175000,1302000
2007/01/15,0,2100164,-1086145,1014019
2007/01/16,0,3273000,-27000,3246000
2007/01/17,0,4765762,-1101001,3664761
2007/01/18,0,2919000,-227000,2692000
2007/01/19,0,5970124,-1623000,4347124
2007/01/22,0,3805841,-3766797,39044
2007/01/23,0,2326735,-1533600,793135
2007/01/24,0,509000,-2488000,-1979000
2007/01/25,0,1019381,-3090570,-2071189
2007/01/26,0,1286000,-2221494,-935494
2007/01/29,0,487566,-373538,114028
2007/01/30,0,895145,-1592866,-697721
2007/01/31,0,1500000,-508307,991693
2007/02/01,0,1115656,-330168,785488
2007/02/02,0,2545000,-2921000,-376000
2007/02/05,0,3812000,-972000,2840000
2007/02/06,0,1155000,-1132291,22709
2007/02/07,0,3223500,-1914000,1309500
2007/02/08,0,1753372,-1978878,-225506
2007/02/09,0,7889000,-5055000,2834000
2007/02/12,0,2066000,-2369225,-303225
2007/02/13,0,686685,-284830,401855
2007/02/14,0,1808000,-1348360,459640
2007/02/15,0,0,0,0
2007/02/16,0,0,0,0
2007/02/19,0,0,0,0
2007/02/20,0,0,0,0
2007/02/21,0,0,0,0
2007/02/22,0,0,0,0
2007/02/23,0,0,0,0
2007/02/26,0,2617263,-1322916,1294347
2007/02/27,0,2854000,-2089000,765000
2007/02/28,0,0,0,0
2007/03/01,0,3242101,-1219000,2023101
2007/03/02,0,1482000,-1464037,17963
2007/03/05,0,2174407,-2182567,-8160
2007/03/06,0,527000,-2298000,-1771000
2007/03/07,0,878000,-1344721,-466721
2007/03/08,0,2815001,-2557879,257122
2007/03/09,0,189000,-851469,-662469
2007/03/12,0,979000,-856846,122154
2007/03/13,0,369000,-2001168,-1632168
2007/03/14,0,258000,-4980198,-4722198
2007/03/15,0,580000,-1979000,-1399000
2007/03/16,0,2460000,-1748585,711415
2007/03/19,0,1050000,-922825,127175
2007/03/20,0,6984000,-810151,6173849
2007/03/21,0,1298000,-317400,980600
2007/03/22,0,1900000,-1442352,457648
2007/03/23,0,2528900,-3799883,-1270983
2007/03/26,0,1907000,-8805947,-6898947
2007/03/27,0,979000,-3421834,-2442834
2007/03/28,0,95000,-1320658,-1225658
2007/03/29,0,650884,-1686318,-1035434
2007/03/30,0,770348,-4109000,-3338652
2007/04/02,0,812000,-3788656,-2976656
2007/04/03,0,1414000,-2289431,-875431
2007/04/04,0,1433645,-541000,892645
2007/04/05,0,0,0,0
2007/04/06,0,0,0,0
2007/04/09,0,1469000,-301028,1167972
2007/04/10,0,719216,-73000,646216
2007/04/11,0,3344000,-1268832,2075168
2007/04/12,0,4198000,-2132789,2065211
2007/04/13,0,1241000,-149000,1092000
2007/04/16,0,1572000,-649000,923000
2007/04/17,0,2590000,-807566,1782434
2007/04/18,0,888000,-60000,828000
2007/04/19,0,3032000,-1064002,1967998
2007/04/20,0,3773200,-424294,3348906
2007/04/23,0,4589000,-195000,4394000
2007/04/24,0,4306000,-693000,3613000
2007/04/25,0,3911000,-1960224,1950776
2007/04/26,0,198000,-1189780,-991780
2007/04/27,0,2766604,-664109,2102495
2007/04/30,0,1122000,-519572,602428
2007/05/01,0,0,0,0
2007/05/02,0,434200,-302988,131212
2007/05/03,0,528126,-2098000,-1569874
2007/05/04,0,1115000,-2106667,-991667
2007/05/07,0,1678000,-391000,1287000
2007/05/08,0,780492,-342000,438492
2007/05/09,0,213000,-1848000,-1635000
2007/05/10,0,622423,-1116000,-493577
2007/05/11,0,365000,-960890,-595890
2007/05/14,0,714000,-1227332,-513332
2007/05/15,0,725000,-2393000,-1668000
2007/05/16,0,820500,-111000,709500
2007/05/17,0,1058000,-1491000,-433000
2007/05/18,0,191000,-162000,29000
2007/05/21,0,718000,-374033,343967
2007/05/22,0,3661000,-2115000,1546000
2007/05/23,0,1335000,-67000,1268000
2007/05/24,0,2018000,-1231733,786267
2007/05/25,0,1344300,-2341829,-997529
2007/05/28,0,434000,-300530,133470
2007/05/29,0,1588788,-502000,1086788
2007/05/30,0,1683000,-756187,926813
2007/05/31,0,2011689,-4390754,-2379065
2007/06/01,0,2062000,-525964,1536036
2007/06/04,0,325000,-405165,-80165
2007/06/05,0,1184150,-1072000,112150
2007/06/06,0,3907000,-1866428,2040572
2007/06/07,0,1283000,-1342000,-59000
2007/06/08,0,2264948,-2254024,10924
2007/06/11,0,5300000,-1116556,4183444
2007/06/12,0,505831,-302000,203831
2007/06/13,0,108134,-1350604,-1242470
2007/06/14,0,767000,-2804432,-2037432
2007/06/15,0,528000,-2426000,-1898000
2007/06/18,0,0,0,0
2007/06/19,0,0,0,0
2007/06/20,0,2521014,-419055,2101959
2007/06/21,0,1136000,-561109,574891
2007/06/22,0,1261000,-686093,574907
2007/06/25,0,708000,-957000,-249000
2007/06/26,0,334000,-423224,-89224
2007/06/27,0,136000,-56000,80000
2007/06/28,0,1302000,-2170387,-868387
2007/06/29,0,781459,-2617754,-1836295
2007/07/02,0,1064850,-3925582,-2860732
2007/07/03,0,6426000,-3352000,3074000
2007/07/04,0,302000,-1547000,-1245000
2007/07/05,0,2215000,-2171361,43639
2007/07/06,0,471000,-1204000,-733000
2007/07/09,0,2976000,-150000,2826000
2007/07/10,0,3101000,-3644631,-543631
2007/07/11,0,1018100,-450708,567392
2007/07/12,0,562000,-717000,-155000
2007/07/13,0,673000,-961842,-288842
2007/07/16,0,386000,-464850,-78850
2007/07/17,0,1520000,-2024400,-504400
2007/07/18,0,1124000,-501819,622181
2007/07/19,0,2180000,-476000,1704000
2007/07/20,0,1035000,-845000,190000
2007/07/23,0,802000,-1726000,-924000
2007/07/24,0,1186110,-6662049,-5475939
2007/07/25,0,388000,-3948900,-3560900
2007/07/26,0,858000,-875203,-17203
2007/07/27,0,2236661,-13583194,-11346533
2007/07/30,0,434000,-10431856,-9997856
2007/07/31,0,1230300,-3674000,-2443700
2007/08/01,0,5043999,-10707009,-5663010
2007/08/02,0,1256000,-3571000,-2315000
2007/08/03,0,2129000,-5002229,-2873229
2007/08/06,0,382000,-2212000,-1830000
2007/08/07,0,2577000,-2090000,487000
2007/08/08,0,4399100,-1779000,2620100
2007/08/09,0,786000,-4170111,-3384111
2007/08/10,0,636000,-1256022,-620022
2007/08/13,0,855000,-146000,709000
2007/08/14,0,672000,-758000,-86000
2007/08/15,0,342000,-2672199,-2330199
2007/08/16,0,790658,-2459578,-1668920
2007/08/17,0,1038000,-3280460,-2242460
2007/08/20,0,1636599,-84500,1552099
2007/08/21,0,3274000,-4833000,-1559000
2007/08/22,0,1344492,-5999570,-4655078
2007/08/23,0,7136000,-4717825,2418175
2007/08/24,0,1572000,-3299513,-1727513
2007/08/27,0,629000,-76000,553000
2007/08/28,0,464000,-996780,-532780
2007/08/29,0,582986,-2923579,-2340593
2007/08/30,0,818000,-3147513,-2329513
2007/08/31,0,2482000,-4649741,-2167741
2007/09/03,0,2141000,-3487996,-1346996
2007/09/04,0,1031000,-3294975,-2263975
2007/09/05,0,1826000,-2687035,-861035
2007/09/06,0,1652999,-362514,1290485
2007/09/07,0,612000,-335699,276301
2007/09/10,0,446000,-4170470,-3724470
2007/09/11,0,1618000,-532241,1085759
2007/09/12,0,162000,-585719,-423719
2007/09/13,0,1808000,-772226,1035774
2007/09/14,0,524000,-115931,408069
2007/09/17,0,3737036,-1898893,1838143
2007/09/18,0,0,0,0
2007/09/19,0,1930000,-1668509,261491
2007/09/20,0,826000,-144968,681032
2007/09/21,0,296275,-539000,-242725
2007/09/24,0,0,0,0
2007/09/25,0,0,0,0
2007/09/26,0,976000,-2615523,-1639523
2007/09/27,0,1437001,-2348068,-911067
2007/09/28,0,1168000,-3958477,-2790477
2007/10/01,0,665000,-270419,394581
2007/10/02,0,2196057,-299000,1897057
2007/10/03,0,1566000,-502246,1063754
2007/10/04,0,890000,-1464613,-574613
2007/10/05,0,1024000,-2763301,-1739301
2007/10/08,0,1670000,-2397817,-727817
2007/10/09,0,1370000,-808339,561661
2007/10/10,0,0,0,0
2007/10/11,0,3906000,-1309998,2596002
2007/10/12,0,2922000,-1075619,1846381
2007/10/15,0,250000,-122000,128000
2007/10/16,0,1079000,-148000,931000
2007/10/17,0,2108000,-686460,1421540
2007/10/18,0,1474000,-2575559,-1101559
2007/10/19,0,387000,-346862,40138
2007/10/22,0,411000,-861001,-450001
2007/10/23,0,1062000,-1247452,-185452
2007/10/24,0,2108124,-3390000,-1281876
2007/10/25,0,318492,-458827,-140335
2007/10/26,0,498048,-2459939,-1961891
2007/10/29,0,1521000,-3155547,-1634547
2007/10/30,0,1065000,-1287000,-222000
2007/10/31,0,2060000,-978082,1081918
2007/11/01,0,610000,-940834,-330834
2007/11/02,0,1260000,-980277,279723
2007/11/05,0,448000,-589000,-141000
2007/11/06,0,1388000,-303000,1085000
2007/11/07,0,6726476,-5201131,1525345
2007/11/08,0,1491000,-709300,781700
2007/11/09,0,1629000,-878000,751000
2007/11/12,0,1521000,-2086131,-565131
2007/11/13,0,764000,-1165154,-401154
2007/11/14,0,2520000,-418159,2101841
2007/11/15,0,1671000,-333257,1337743
2007/11/16,0,681807,-1313000,-631193
2007/11/19,0,784020,-670001,114019
2007/11/20,0,2611000,-2866337,-255337
2007/11/21,0,1817000,-832791,984209
2007/11/22,0,371000,-937841,-566841
2007/11/23,0,781000,-869000,-88000
2007/11/26,0,1452000,-252300,1199700
2007/11/27,0,537000,-609998,-72998
2007/11/28,0,784000,-458001,325999
2007/11/29,0,532000,-219468,312532
2007/11/30,0,3575000,-1473254,2101746
2007/12/03,0,3922494,-2978329,944165
2007/12/04,0,2243739,-468139,1775600
2007/12/05,0,1943000,-821561,1121439
2007/12/06,0,2527000,-729121,1797879
2007/12/07,0,1254000,-281327,972673
2007/12/10,0,786000,-500483,285517
2007/12/11,0,585000,-664927,-79927
2007/12/12,0,1488000,-599000,889000
2007/12/13,0,1023000,-500419,522581
2007/12/14,0,1863000,-1651395,211605
2007/12/17,0,686000,-374139,311861
2007/12/18,0,1070000,-415085,654915
2007/12/19,0,623000,-517209,105791
2007/12/20,0,408000,-170000,238000
2007/12/21,0,323000,-979375,-656375
2007/12/24,0,519000,-77919,441081
2007/12/25,0,255000,-674000,-419000
2007/12/26,0,187999,-249039,-61040
2007/12/27,0,773000,-367000,406000
2007/12/28,0,459000,-300000,159000
2007/12/31,0,1170000,-2171000,-1001000
2008/01/01,0,0,0,0
2008/01/02,0,191000,-911399,-720399
2008/01/03,0,931000,-705680,225320
2008/01/04,0,590000,-1584656,-994656
2008/01/07,0,67000,-1001839,-934839
2008/01/08,0,1367000,-1186568,180432
2008/01/09,0,934000,-790217,143783
2008/01/10,0,978000,-431172,546828
2008/01/11,0,443645,-446279,-2634
2008/01/14,0,1147000,-580917,566083
2008/01/15,0,1138000,-1860400,-722400
2008/01/16,0,1436000,-510199,925801
2008/01/17,0,1004000,-1134422,-130422
2008/01/18,0,355300,-434967,-79667
2008/01/21,0,97000,-1707355,-1610355
2008/01/22,0,1443000,-950000,493000
2008/01/23,0,565000,-244000,321000
2008/01/24,0,720000,-641000,79000
2008/01/25,0,1799000,-100962,1698038
2008/01/28,0,836817,-600535,236282
2008/01/29,0,549000,-79589,469411
2008/01/30,0,690287,-1110000,-419713
2008/01/31,0,2089000,-914000,1175000
2008/02/01,0,637000,-1541239,-904239
2008/02/04,0,0,0,0
2008/02/05,0,0,0,0
2008/02/06,0,0,0,0
2008/02/07,0,0,0,0
2008/02/08,0,0,0,0
2008/02/11,0,0,0,0
2008/02/12,0,707000,-2283140,-1576140
2008/02/13,0,959000,-833000,126000
2008/02/14,0,1112000,-968119,143881
2008/02/15,0,377000,-698000,-321000
2008/02/18,0,336000,-137000,199000
2008/02/19,0,794000,-674279,119721
2008/02/20,0,205000,-490000,-285000
2008/02/21,0,1105000,-85591,1019409
2008/02/22,0,260000,-1028179,-768179
2008/02/25,0,546000,-132000,414000
2008/02/26,0,595000,-623000,-28000
2008/02/27,0,1971000,-523000,1448000
2008/02/28,0,0,0,0
2008/02/29,0,479913,-1788671,-1308758
2008/03/03,0,247000,-1397000,-1150000
2008/03/04,0,553000,-1011000,-458000
2008/03/05,0,716000,-67000,649000
2008/03/06,0,1001000,-236996,764004
2008/03/07,0,245000,-806000,-561000
2008/03/10,0,2135000,-1790000,345000
2008/03/11,0,2012000,-1296000,716000
2008/03/12,0,2172873,-1468557,704316
2008/03/13,0,422000,-329000,93000
2008/03/14,0,142000,-731000,-589000
2008/03/17,0,157000,-804000,-647000
2008/03/18,0,393000,-581833,-188833
2008/03/19,0,1675000,-1944500,-269500
2008/03/20,0,299000,-592284,-293284
2008/03/21,0,861000,-26878,834122
2008/03/24,0,1432000,-1752000,-320000
2008/03/25,0,2952000,-1044709,1907291
2008/03/26,0,1300000,-1966246,-666246
2008/03/27,0,1434817,-1316899,117918
2008/03/28,0,2736110,-4248000,-1511890
2008/03/31,0,933292,-1529982,-596690
2008/04/01,0,1310780,-1254000,56780
2008/04/02,0,2560000,-2028400,531600
2008/04/03,0,1082000,-1200000,-118000
2008/04/04,0,0,0,0
2008/04/07,0,256000,-770000,-514000
2008/04/08,0,1706000,-1458223,247777
2008/04/09,0,595000,-792624,-197624
2008/04/10,0,1648500,-100478,1548022
2008/04/11,0,791000,-204187,586813
2008/04/14,0,639000,-108000,531000
2008/04/15,0,1760000,-732000,1028000
2008/04/16,0,500000,-826000,-326000
2008/04/17,0,2417500,-1420855,996645
2008/04/18,0,2100000,-1496021,603979
2008/04/21,0,304000,-507746,-203746
2008/04/22,0,28545,-230000,-201455
2008/04/23,0,974000,-255000,719000
2008/04/24,0,619000,-352000,267000
2008/04/25,0,515000,-120821,394179
2008/04/28,0,1444000,-205000,1239000
2008/04/29,0,518100,-922000,-403900
2008/04/30,0,1102000,-175000,927000
2008/05/01,0,0,0,0
2008/05/02,0,1133000,-185000,948000
2008/05/05,0,958000,-1537000,-579000
2008/05/06,0,1398500,-753000,645500
2008/05/07,0,395430,-98000,297430
2008/05/08,0,285000,-909000,-624000
2008/05/09,0,256000,-433000,-177000
2008/05/12,0,207000,-452721,-245721
2008/05/13,0,441000,-198000,243000
2008/05/14,0,1126332,-284778,841554
2008/05/15,0,1025001,-54100,970901
2008/05/16,0,1935000,-148999,1786001
2008/05/19,0,201000,-209000,-8000
2008/05/20,0,164000,-161000,3000
2008/05/21,0,143000,-417484,-274484
2008/05/22,0,1139000,-1861311,-722311
2008/05/23,0,1701000,-375000,1326000
2008/05/26,0,611000,-295000,316000
2008/05/27,0,343000,-195778,147222
2008/05/28,0,660000,-594000,66000
2008/05/29,0,231000,-479000,-248000
2008/05/30,0,1573799,-674603,899196
2008/06/02,0,1330000,-2757980,-1427980
2008/06/03,0,588000,-405621,182379
2008/06/04,0,94000,-427400,-333400
2008/06/05,0,508000,-348279,159721
2008/06/06,0,47000,-88000,-41000
2008/06/09,0,161000,-197000,-36000
2008/06/10,0,76000,-699000,-623000
2008/06/11,0,45000,-123166,-78166
2008/06/12,0,158000,-901924,-743924
2008/06/13,0,1116000,-869735,246265
2008/06/16,0,1943000,-2516074,-573074
2008/06/17,0,931070,-1887000,-955930
2008/06/18,0,357000,-704000,-347000
2008/06/19,0,194000,-912000,-718000
2008/06/20,0,440108,-246013,194095
2008/06/23,0,263000,-844968,-581968
2008/06/24,0,245000,-188000,57000
2008/06/25,0,968268,-240624,727644
2008/06/26,0,123000,-1149000,-1026000
2008/06/27,0,1329000,-769000,560000
2008/06/30,0,524000,-320000,204000
2008/07/01,0,941400,-550400,391000
2008/07/02,0,437000,-425000,12000
2008/07/03,0,338000,-1969000,-1631000
2008/07/04,0,132000,-426000,-294000
2008/07/07,0,583000,-181000,402000
2008/07/08,0,113000,-877000,-764000
2008/07/09,0,1225000,-2034000,-809000
2008/07/10,0,878000,-1500647,-622647
2008/07/11,0,545000,-2524000,-1979000
2008/07/14,0,1135000,-1808328,-673328
2008/07/15,0,1175000,-1060000,115000
2008/07/16,0,267000,-2882000,-2615000
2008/07/17,0,964000,-1621080,-657080
2008/07/18,0,589000,-4713000,-4124000
2008/07/21,0,652000,-3096000,-2444000
2008/07/22,0,789000,-6589693,-5800693
2008/07/23,0,1481000,-8108536,-6627536
2008/07/24,0,1828000,-9825000,-7997000
2008/07/25,0,196000,-4951000,-4755000
2008/07/28,0,0,0,0
2008/07/29,0,479000,-3344000,-2865000
2008/07/30,0,1360000,-3564000,-2204000
2008/07/31,0,1645000,-3672000,-2027000
2008/08/01,0,1274000,-818302,455698
2008/08/04,0,1125000,-2233982,-1108982
2008/08/05,0,3065000,-3299127,-234127
2008/08/06,0,1000000,-1370475,-370475
2008/08/07,0,520000,-3319262,-2799262
2008/08/08,0,1428000,-2001000,-573000
2008/08/11,0,659000,-1829000,-1170000
2008/08/12,0,867000,-3625000,-2758000
2008/08/13,0,157000,-1298839,-1141839
2008/08/14,0,411000,-1086000,-675000
2008/08/15,0,101000,-899000,-798000
2008/08/18,0,111000,-320000,-209000
2008/08/19,0,1271000,-954000,317000
2008/08/20,0,70000,-516000,-446000
2008/08/21,0,467000,-898000,-431000
2008/08/22,0,133000,-1240000,-1107000
2008/08/25,0,462000,-110299,351701
2008/08/26,0,67000,-171199,-104199
2008/08/27,0,749000,-144000,605000
2008/08/28,0,724000,-925000,-201000
2008/08/29,0,287000,-399830,-112830
2008/09/01,0,566000,-487000,79000
2008/09/02,0,168000,-236000,-68000
2008/09/03,0,426000,-148000,278000
2008/09/04,0,332000,-617579,-285579
2008/09/05,0,149000,-602000,-453000
2008/09/08,0,205000,-310000,-105000
2008/09/09,0,1446000,-20000,1426000
2008/09/10,0,344000,-534000,-190000
2008/09/11,0,420000,-720000,-300000
2008/09/12,0,1570000,-590000,980000
2008/09/15,0,98000,-1296000,-1198000
2008/09/16,0,303521,-67001,236520
2008/09/17,0,441000,-246000,195000
2008/09/18,0,510000,-501000,9000
2008/09/19,0,487000,-314589,172411
2008/09/22,0,1493000,-179900,1313100
2008/09/23,0,598000,-398825,199175
2008/09/24,0,490853,-819246,-328393
2008/09/25,0,170000,-802548,-632548
2008/09/26,0,93000,-424378,-331378
2008/09/29,0,0,0,0
2008/09/30,0,243000,-10389,232611
2008/10/01,0,503000,-763855,-260855
2008/10/02,0,26000,-309684,-283684
2008/10/03,0,693366,-921972,-228606
2008/10/06,0,12000,-863486,-851486
2008/10/07,0,341000,-95000,246000
2008/10/08,0,78000,-343718,-265718
2008/10/09,0,611155,-382902,228253
2008/10/10,0,0,0,0
2008/10/13,0,224000,-301470,-77470
2008/10/14,0,1101000,-1898845,-797845
2008/10/15,0,514000,-510838,3162
2008/10/16,0,170000,-109001,60999
2008/10/17,0,210000,-1021111,-811111
2008/10/20,0,416205,-595360,-179155
2008/10/21,0,362000,-2695323,-2333323
2008/10/22,0,2425000,-3849355,-1424355
2008/10/23,0,383000,-67718,315282
2008/10/24,0,281000,-453983,-172983
2008/10/27,0,66000,-1232000,-1166000
2008/10/28,0,363969,-738931,-374962
2008/10/29,0,1450341,-2327430,-877089
2008/10/30,0,450000,-963980,-513980
2008/10/31,0,501000,-591000,-90000
2008/11/03,0,370000,-1421001,-1051001
2008/11/04,0,562000,-2519487,-1957487
2008/11/05,0,458000,-1850000,-1392000
2008/11/06,0,235000,-602000,-367000
2008/11/07,0,426000,-502000,-76000
2008/11/10,0,298000,-461000,-163000
2008/11/11,0,730000,-2733109,-2003109
2008/11/12,0,1274000,-2614000,-1340000
2008/11/13,0,1330000,-3426240,-2096240
2008/11/14,0,387000,-1270000,-883000
2008/11/17,0,2021000,-3481234,-1460234
2008/11/18,0,675000,-1522000,-847000
2008/11/19,0,391000,-6761000,-6370000
2008/11/20,0,160000,-5024637,-4864637
2008/11/21,0,591000,-13318564,-12727564
2008/11/24,0,161000,-4578199,-4417199
2008/11/25,0,1170000,-1027823,142177
2008/11/26,0,763000,-1223112,-460112
2008/11/27,0,548000,-208000,340000
2008/11/28,0,551000,-203609,347391
2008/12/01,0,577000,-115000,462000
2008/12/02,0,426000,-554264,-128264
2008/12/03,0,570000,-1672000,-1102000
2008/12/04,0,1078000,-516000,562000
2008/12/05,0,516000,-2047555,-1531555
2008/12/08,0,1357000,-2417846,-1060846
2008/12/09,0,439000,-793104,-354104
2008/12/10,0,963000,-281000,682000
2008/12/11,0,2216304,-832000,1384304
2008/12/12,0,278000,-974485,-696485
2008/12/15,0,1043000,-283000,760000
2008/12/16,0,393000,-473000,-80000
2008/12/17,0,1036000,-338000,698000
2008/12/18,0,658000,-110255,547745
2008/12/19,0,719000,-550037,168963
2008/12/22,0,177000,-335164,-158164
2008/12/23,0,361000,-1461000,-1100000
2008/12/24,0,226694,-384000,-157306
2008/12/25,0,371000,-415000,-44000
2008/12/26,0,191000,-237002,-46002
2008/12/29,0,93000,-132000,-39000
2008/12/30,0,537000,-187065,349935
2008/12/31,0,1189000,-425000,764000
2009/01/01,0,0,0,0
2009/01/02,0,0,0,0
2009/01/05,0,2801000,-260000,2541000
2009/01/06,0,6070574,-945000,5125574
2009/01/07,0,6730724,-201000,6529724
2009/01/08,0,450000,-701000,-251000
2009/01/09,0,782654,-477000,305654
2009/01/12,0,713132,-5530001,-4816869
2009/01/13,0,2572000,-1111000,1461000
2009/01/14,0,8337269,-4102967,4234302
2009/01/15,0,1378000,-1282000,96000
2009/01/16,0,373000,-711000,-338000
2009/01/19,0,1186000,-473030,712970
2009/01/20,0,251000,-820000,-569000
2009/01/21,0,407000,-1517308,-1110308
2009/01/22,0,0,0,0
2009/01/23,0,0,0,0
2009/01/26,0,0,0,0
2009/01/27,0,0,0,0
2009/01/28,0,0,0,0
2009/01/29,0,0,0,0
2009/01/30,0,0,0,0
2009/02/02,0,158000,-359557,-201557
2009/02/03,0,1603000,-433220,1169780
2009/02/04,0,1007000,-680000,327000
2009/02/05,0,5133000,-304000,4829000
2009/02/06,0,3058000,-816000,2242000
2009/02/09,0,8140000,-1222000,6918000
2009/02/10,0,366000,-1407000,-1041000
2009/02/11,0,206000,-2276000,-2070000
2009/02/12,0,358000,-1332000,-974000
2009/02/13,0,2929000,-1206000,1723000
2009/02/16,0,2098000,-445000,1653000
2009/02/17,0,242000,-1166609,-924609
2009/02/18,0,2574000,-282998,2291002
2009/02/19,0,566209,-3881410,-3315201
2009/02/20,0,242000,-1596480,-1354480
2009/02/23,0,649000,-211000,438000
2009/02/24,0,813000,-766470,46530
2009/02/25,0,490000,-6413741,-5923741
2009/02/26,0,572037,-1394090,-822053
2009/02/27,0,1760000,-457142,1302858
2009/03/02,0,263179,-869000,-605821
2009/03/03,0,279000,-1863741,-1584741
2009/03/04,0,582000,-572000,10000
2009/03/05,0,438000,-3271598,-2833598
2009/03/06,0,537500,-3855000,-3317500
2009/03/09,0,371000,-916000,-545000
2009/03/10,0,1896000,-3757960,-1861960
2009/03/11,0,837536,-1729000,-891464
2009/03/12,0,846000,-110000,736000
2009/03/13,0,3878000,-3741830,136170
2009/03/16,0,12644000,-215000,12429000
2009/03/17,0,1509000,-916000,593000
2009/03/18,0,2841000,-606814,2234186
2009/03/19,0,940000,-439294,500706
2009/03/20,0,263000,-1046999,-783999
2009/03/23,0,766000,-4209000,-3443000
2009/03/24,0,509000,-2145000,-1636000
2009/03/25,0,2805000,-386000,2419000
2009/03/26,0,1332000,-2598000,-1266000
2009/03/27,0,947000,-4198000,-3251000
2009/03/30,0,629000,-4898000,-4269000
2009/03/31,0,984387,-556383,428004
2009/04/01,0,710000,-2149000,-1439000
2009/04/02,0,871000,-387000,484000
2009/04/03,0,14742000,-1794000,12948000
2009/04/06,0,8615000,-400000,8215000
2009/04/07,0,1614000,-961000,653000
2009/04/08,0,3381000,-4469713,-1088713
2009/04/09,0,1091000,-3193000,-2102000
2009/04/10,0,790000,-190477,599523
2009/04/13,0,1693878,-3216878,-1523000
2009/04/14,0,1359000,-318000,1041000
2009/04/15,0,1143000,-1077000,66000
2009/04/16,0,592000,-535000,57000
2009/04/17,0,1994249,-709000,1285249
2009/04/20,0,948000,-2682000,-1734000
2009/04/21,0,1381000,-3053000,-1672000
2009/04/22,0,1528000,-1256000,272000
2009/04/23,0,303000,-584000,-281000
2009/04/24,0,3307000,-1059000,2248000
2009/04/27,0,2879486,-410000,2469486
2009/04/28,0,1512735,-666577,846158
2009/04/29,0,1026000,-3418463,-2392463
2009/04/30,0,2001000,-1550000,451000
2009/05/01,0,0,0,0
2009/05/04,0,1450124,-169000,1281124
2009/05/05,0,3902000,-4140000,-238000
2009/05/06,0,720000,-750712,-30712
2009/05/07,0,3441000,-1207000,2234000
2009/05/08,0,5531000,-456000,5075000
2009/05/11,0,613000,-1291400,-678400
2009/05/12,0,2919519,-5915045,-2995526
2009/05/13,0,1546000,-4002409,-2456409
2009/05/14,0,1332000,-1423019,-91019
2009/05/15,0,1110000,-2522000,-1412000
2009/05/18,0,1670000,-1219000,451000
2009/05/19,0,1196000,-271206,924794
2009/05/20,0,1570000,-1717684,-147684
2009/05/21,0,3859000,-1061748,2797252
2009/05/22,0,1167000,-1652000,-485000
2009/05/25,0,2049000,-1251408,797592
2009/05/26,0,1039000,-992634,46366
2009/05/27,0,1218000,-3287388,-2069388
2009/05/28,0,0,0,0
2009/05/29,0,0,0,0
2009/06/01,0,1917000,-5044000,-3127000
2009/06/02,0,1398100,-2744100,-1346000
2009/06/03,0,1438369,-419369,1019000
2009/06/04,0,602000,-896000,-294000
2009/06/05,0,1330756,-510009,820747
2009/06/08,0,2282000,-857000,1425000
2009/06/09,0,421000,-1524000,-1103000
2009/06/10,0,377123,-637112,-259989
2009/06/11,0,560000,-2206000,-1646000
2009/06/12,0,516000,-566000,-50000
2009/06/15,0,3595369,-2702969,892400
2009/06/16,0,2671000,-295380,2375620
2009/06/17,0,478000,-699000,-221000
2009/06/18,0,1941000,-501000,1440000
2009/06/19,0,525003,-1050000,-524997
2009/06/22,0,190000,-1217000,-1027000
2009/06/23,0,1775568,-1923369,-147801
2009/06/24,0,1444000,-442666,1001334
2009/06/25,0,1980000,-272000,1708000
2009/06/26,0,1878000,-335000,1543000
2009/06/29,0,1188000,-1244000,-56000
2009/06/30,0,1224000,-774999,449001
2009/07/01,0,1613000,-221028,1391972
2009/07/02,0,1166000,-744000,422000
2009/07/03,0,2667961,-166047,2501914
2009/07/06,0,485000,-355000,130000
2009/07/07,0,1248796,-461836,786960
2009/07/08,0,905000,-600000,305000
2009/07/09,0,1043000,-305000,738000
2009/07/10,0,639000,-1156632,-517632
2009/07/13,0,608000,-2410000,-1802000
2009/07/14,0,426000,-246629,179371
2009/07/15,0,1429000,-201000,1228000
2009/07/16,0,273000,-438000,-165000
2009/07/17,0,1588281,-496340,1091941
2009/07/20,0,1341000,-466420,874580
2009/07/21,0,5766998,-688130,5078868
2009/07/22,0,2940000,-112000,2828000
2009/07/23,0,1665049,-422130,1242919
2009/07/24,0,3289200,-521210,2767990
2009/07/27,0,4477600,-2075000,2402600
2009/07/28,0,1067000,-906000,161000
2009/07/29,0,1687525,-1297000,390525
2009/07/30,0,1967000,-1652800,314200
2009/07/31,0,3903000,-2103000,1800000
2009/08/03,0,2187000,-1272000,915000
2009/08/04,0,2185773,-1001000,1184773
2009/08/05,0,3099183,-2837300,261883
2009/08/06,0,264000,-2593100,-2329100
2009/08/07,0,0,0,0
2009/08/10,0,397142,-567000,-169858
2009/08/11,0,316000,-1916000,-1600000
2009/08/12,0,753000,-951000,-198000
2009/08/13,0,1613000,-312355,1300645
2009/08/14,0,1981000,-1834146,146854
2009/08/17,0,1357000,-560806,796194
2009/08/18,0,655000,-561000,94000
2009/08/19,0,641000,-1499839,-858839
2009/08/20,0,833000,-780000,53000
2009/08/21,0,2912000,-1547380,1364620
2009/08/24,0,472000,-970000,-498000
2009/08/25,0,456000,-1413000,-957000
2009/08/26,0,1336000,-571000,765000
2009/08/27,0,807000,-367000,440000
2009/08/28,0,890000,-511000,379000
2009/08/31,0,349993,-790351,-440358
2009/09/01,0,419000,-446413,-27413
2009/09/02,0,200000,-1670000,-1470000
2009/09/03,0,1361060,-1677000,-315940
2009/09/04,0,2340000,-3622000,-1282000
2009/09/07,0,274000,-733000,-459000
2009/09/08,0,2383000,-744000,1639000
2009/09/09,0,431000,-3137000,-2706000
2009/09/10,0,1085000,-4812162,-3727162
2009/09/11,0,1097000,-993000,104000
2009/09/14,0,1771000,-539000,1232000
2009/09/15,0,1804000,-694000,1110000
2009/09/16,0,448000,-858270,-410270
2009/09/17,0,636000,-6816290,-6180290
2009/09/18,0,2051000,-1192072,858928
2009/09/21,0,794000,-474400,319600
2009/09/22,0,370000,-95560,274440
2009/09/23,0,707000,-516517,190483
2009/09/24,0,377000,-792000,-415000
2009/09/25,0,873000,-1294580,-421580
2009/09/28,0,151000,-1521004,-1370004
2009/09/29,0,1316000,-737345,578655
2009/09/30,0,1421000,-2009516,-588516
2009/10/01,0,964000,-523112,440888
2009/10/02,0,1684000,-1729009,-45009
2009/10/05,0,926141,-1469266,-543125
2009/10/06,0,2585000,-2690500,-105500
2009/10/07,0,1099000,-322310,776690
2009/10/08,0,677000,-880650,-203650
2009/10/09,0,3178000,-409240,2768760
2009/10/12,0,1440805,-333000,1107805
2009/10/13,0,3657760,-1449376,2208384
2009/10/14,0,520000,-3513685,-2993685
2009/10/15,0,993000,-1324346,-331346
2009/10/16,0,368000,-970384,-602384
2009/10/19,0,484985,-643045,-158060
2009/10/20,0,551310,-131000,420310
2009/10/21,0,707000,-681075,25925
2009/10/22,0,1332000,-999730,332270
2009/10/23,0,1042000,-297095,744905
2009/10/26,0,815000,-561085,253915
2009/10/27,0,249000,-441000,-192000
2009/10/28,0,1591000,-604000,987000
2009/10/29,0,113000,-1464485,-1351485
2009/10/30,0,680000,-1021000,-341000
2009/11/02,0,920000,-1731420,-811420
2009/11/03,0,169000,-664000,-495000
2009/11/04,0,836790,-3549494,-2712704
2009/11/05,0,25000,-1726000,-1701000
2009/11/06,0,390000,-145000,245000
2009/11/09,0,232000,-465000,-233000
2009/11/10,0,1868400,-946890,921510
2009/11/11,0,879240,-8025335,-7146095
2009/11/12,0,889000,-6949517,-6060517
2009/11/13,0,1083000,-894475,188525
2009/11/16,0,4613000,-412300,4200700
2009/11/17,0,5042160,-1013000,4029160
2009/11/18,0,5623000,-3337173,2285827
2009/11/19,0,1715494,-1228796,486698
2009/11/20,0,2223000,-520000,1703000
2009/11/23,0,2671000,-1911770,759230
2009/11/24,0,1496720,-1515685,-18965
2009/11/25,0,3212000,-1796000,1416000
2009/11/26,0,606160,-2220000,-1613840
2009/11/27,0,2190000,-1703990,486010
2009/11/30,0,481655,-985257,-503602
2009/12/01,0,2837000,-1651642,1185358
2009/12/02,0,5030500,-1719000,3311500
2009/12/03,0,2310995,-1769125,541870
2009/12/04,0,3522000,-943585,2578415
2009/12/07,0,1063000,-520000,543000
2009/12/08,0,3047000,-456000,2591000
2009/12/09,0,2258000,-1535868,722132
2009/12/10,0,5894000,-1705550,4188450
2009/12/11,0,5160000,-845000,4315000
2009/12/14,0,5675000,-530000,5145000
2009/12/15,0,2747000,-766265,1980735
2009/12/16,0,934000,-1965706,-1031706
2009/12/17,0,848230,-187000,661230
2009/12/18,0,4470000,-915000,3555000
2009/12/21,0,3303000,-1961000,1342000
2009/12/22,0,1102000,-314000,788000
2009/12/23,0,314000,-278762,35238
2009/12/24,0,521000,-432000,89000
2009/12/25,0,237000,-229000,8000
2009/12/28,0,478000,-131000,347000
2009/12/29,0,151000,-196000,-45000
2009/12/30,0,912000,-1592000,-680000
2009/12/31,0,644000,-972000,-328000
2010/01/01,0,0,0,0
2010/01/04,0,869775,-230005,639770
2010/01/05,0,1093000,-690294,402706
2010/01/06,0,2140000,-1246000,894000
2010/01/07,0,1080000,-556817,523183
2010/01/08,0,518710,-1501512,-982802
2010/01/11,0,383000,-277130,105870
2010/01/12,0,241000,-254000,-13000
2010/01/13,0,793000,-1479000,-686000
2010/01/14,0,2784814,-507260,2277554
2010/01/15,0,2732000,-351000,2381000
2010/01/18,0,43000,-184000,-141000
2010/01/19,0,1149000,-1232240,-83240
2010/01/20,0,1019375,-354000,665375
2010/01/21,0,570000,-105577,464423
2010/01/22,0,1265000,-1043000,222000
2010/01/25,0,409030,-486100,-77070
2010/01/26,0,587000,-1093000,-506000
2010/01/27,0,1141000,-1401535,-260535
2010/01/28,0,2048000,-1714620,333380
2010/01/29,0,626000,-1958315,-1332315
2010/02/01,0,727000,-899175,-172175
2010/02/02,0,836000,-524910,311090
2010/02/03,0,688070,-3133000,-2444930
2010/02/04,0,2237335,-1350150,887185
2010/02/05,0,716000,-1356870,-640870
2010/02/08,0,898000,-1871424,-973424
2010/02/09,0,486000,-665873,-179873
2010/02/10,0,1942000,-727526,1214474
2010/02/11,0,0,0,0
2010/02/12,0,0,0,0
2010/02/15,0,0,0,0
2010/02/16,0,0,0,0
2010/02/17,0,0,0,0
2010/02/18,0,0,0,0
2010/02/19,0,0,0,0
2010/02/22,0,1306000,-1372000,-66000
2010/02/23,0,688000,-1481000,-793000
2010/02/24,0,484000,-1253000,-769000
2010/02/25,0,538850,-879000,-340150
2010/02/26,0,1516371,-333000,1183371
2010/03/01,0,1068000,-491000,577000
2010/03/02,0,729000,-991000,-262000
2010/03/03,0,768000,-529000,239000
2010/03/04,0,372000,-522000,-150000
2010/03/05,0,627000,-77000,550000
2010/03/08,0,767000,-424694,342306
2010/03/09,0,2250470,-214040,2036430
2010/03/10,0,887790,-1815000,-927210
2010/03/11,0,678000,-1259000,-581000
2010/03/12,0,543400,-553400,-10000
2010/03/15,0,247000,-470000,-223000
2010/03/16,0,316000,-114000,202000
2010/03/17,0,1892000,-489000,1403000
2010/03/18,0,1153000,-180000,973000
2010/03/19,0,2315333,-816000,1499333
2010/03/22,0,778000,-1176439,-398439
2010/03/23,0,466000,-465784,216
2010/03/24,0,1134280,-567000,567280
2010/03/25,0,664588,-1007899,-343311
2010/03/26,0,2093000,-639685,1453315
2010/03/29,0,618000,-310000,308000
2010/03/30,0,488200,-1015000,-526800
2010/03/31,0,344000,-957146,-613146
2010/04/01,0,1579000,-258050,1320950
2010/04/02,0,2185000,-250000,1935000
2010/04/05,0,0,0,0
2010/04/06,0,726150,-371000,355150
2010/04/07,0,1205300,-660000,545300
2010/04/08,0,3198000,-237000,2961000
2010/04/09,0,1624000,-1424020,199980
2010/04/12,0,447030,-1075000,-627970
2010/04/13,0,147000,-1347000,-1200000
2010/04/14,0,691000,-565790,125210
2010/04/15,0,1531000,-695000,836000
2010/04/16,0,646530,-504100,142430
2010/04/19,0,564000,-528000,36000
2010/04/20,0,667000,-1181700,-514700
2010/04/21,0,2227000,-418040,1808960
2010/04/22,0,1070000,-987220,82780
2010/04/23,0,880000,-835000,45000
2010/04/26,0,1719720,-41040,1678680
2010/04/27,0,749471,-1371471,-622000
2010/04/28,0,206000,-635800,-429800
2010/04/29,0,1468000,-691000,777000
2010/04/30,0,6358000,-2963070,3394930
2010/05/03,0,1564000,-1350000,214000
2010/05/04,0,1511960,-1892597,-380637
2010/05/05,0,1750779,-2223530,-472751
2010/05/06,0,1128802,-2302000,-1173198
2010/05/07,0,485778,-1315260,-829482
2010/05/10,0,687970,-2499460,-1811490
2010/05/11,0,1649000,-1368000,281000
2010/05/12,0,796335,-1631000,-834665
2010/05/13,0,691000,-581000,110000
2010/05/14,0,1255000,-310000,945000
2010/05/17,0,920000,-2261535,-1341535
2010/05/18,0,1717000,-2262428,-545428
2010/05/19,0,2221000,-2010080,210920
2010/05/20,0,459000,-894000,-435000
2010/05/21,0,1341000,-2565635,-1224635
2010/05/24,0,454000,-1141000,-687000
2010/05/25,0,507000,-2883000,-2376000
2010/05/26,0,1037000,-2741835,-1704835
2010/05/27,0,1591000,-1388579,202421
2010/05/28,0,2343000,-2126000,217000
2010/05/31,0,1597000,-380000,1217000
2010/06/01,0,770000,-1283000,-513000
2010/06/02,0,890000,-4823000,-3933000
2010/06/03,0,1748000,-2960000,-1212000
2010/06/04,0,1147000,-2007195,-860195
2010/06/07,0,701000,-1008392,-307392
2010/06/08,0,412000,-1640000,-1228000
2010/06/09,0,1215000,-1538000,-323000
2010/06/10,0,428000,-598000,-170000
2010/06/11,0,1611608,-1741000,-129392
2010/06/14,0,510538,-591000,-80462
2010/06/15,0,1118526,-1352285,-233759
2010/06/16,0,0,0,0
2010/06/17,0,2179703,-3049813,-870110
2010/06/18,0,827216,-1167711,-340495
2010/06/21,0,1206635,-1526167,-319532
2010/06/22,0,347359,-281121,66238
2010/06/23,0,2210431,-1171365,1039066
2010/06/24,0,862155,-751462,110693
2010/06/25,0,101331,-411000,-309669
2010/06/28,0,719000,-828000,-109000
2010/06/29,0,1127000,-1467000,-340000
2010/06/30,0,1696000,-2876000,-1180000
2010/07/01,0,651000,-884180,-233180
2010/07/02,0,519000,-573790,-54790
2010/07/05,0,458635,-436000,22635
2010/07/06,0,576000,-393000,183000
2010/07/07,0,215002,-498000,-282998
2010/07/08,0,3835700,-905400,2930300
2010/07/09,0,811000,-1600339,-789339
2010/07/12,0,798965,-609232,189733
2010/07/13,0,884000,-1082000,-198000
2010/07/14,0,804101,-756000,48101
2010/07/15,0,481000,-501000,-20000
2010/07/16,0,494262,-460000,34262
2010/07/19,0,413000,-506000,-93000
2010/07/20,0,1011253,-725000,286253
2010/07/21,0,495000,-507005,-12005
2010/07/22,0,191000,-682013,-491013
2010/07/23,0,823000,-597000,226000
2010/07/26,0,757510,-627598,129912
2010/07/27,0,520212,-926000,-405788
2010/07/28,0,508000,-2206095,-1698095
2010/07/29,0,497000,-2386601,-1889601
2010/07/30,0,72643,-1365391,-1292748
2010/08/02,0,1261435,-1576435,-315000
2010/08/03,0,1812000,-5265521,-3453521
2010/08/04,0,402500,-1168635,-766135
2010/08/05,0,1036000,-4918647,-3882647
2010/08/06,0,728000,-5788341,-5060341
2010/08/09,0,1217000,-2652000,-1435000
2010/08/10,0,419000,-1439200,-1020200
2010/08/11,0,2429950,-2409715,20235
2010/08/12,0,228000,-1870775,-1642775
2010/08/13,0,447012,-2202984,-1755972
2010/08/16,0,68000,-2089000,-2021000
2010/08/17,0,193000,-1655000,-1462000
2010/08/18,0,254000,-786000,-532000
2010/08/19,0,597000,-1782000,-1185000
2010/08/20,0,746000,-836000,-90000
2010/08/23,0,275000,-277000,-2000
2010/08/24,0,78514,-604000,-525486
2010/08/25,0,865200,-2287000,-1421800
2010/08/26,0,21000,-838000,-817000
2010/08/27,0,255100,-1497536,-1242436
2010/08/30,0,255611,-1213000,-957389
2010/08/31,0,1374000,-3724721,-2350721
2010/09/01,0,881435,-4651300,-3769865
2010/09/02,0,718000,-372282,345718
2010/09/03,0,710000,-377000,333000
2010/09/06,0,1144000,-291000,853000
2010/09/07,0,638629,-1321205,-682576
2010/09/08,0,1309720,-2119017,-809297
2010/09/09,0,922000,-789000,133000
2010/09/10,0,1532870,-783999,748871
2010/09/13,0,1196000,-571414,624586
2010/09/14,0,636010,-396001,240009
2010/09/15,0,1591499,-331000,1260499
2010/09/16,0,828000,-1290237,-462237
2010/09/17,0,1660000,-1316000,344000
2010/09/20,0,311000,-292000,19000
2010/09/21,0,280000,-111000,169000
2010/09/22,0,0,0,0
2010/09/23,0,1487469,-336000,1151469
2010/09/24,0,2202600,-959000,1243600
2010/09/27,0,4550030,-159000,4391030
2010/09/28,0,137500,-1885028,-1747528
2010/09/29,0,3929000,-4219354,-290354
2010/09/30,0,4255000,-1870000,2385000
2010/10/01,0,1339030,-862000,477030
2010/10/04,0,2777950,-708000,2069950
2010/10/05,0,930980,-1122336,-191356
2010/10/06,0,1998744,-636000,1362744
2010/10/07,0,4365590,-1553200,2812390
2010/10/08,0,3733750,-581544,3152206
2010/10/11,0,801320,-620685,180635
2010/10/12,0,967610,-1306000,-338390
2010/10/13,0,840020,-165000,675020
2010/10/14,0,618030,-218000,400030
2010/10/15,0,1487230,-305000,1182230
2010/10/18,0,2030000,-839260,1190740
2010/10/19,0,2394000,-839260,1554740
2010/10/20,0,1886860,-1537000,349860
2010/10/21,0,2605000,-1366675,1238325
2010/10/22,0,1788190,-2121000,-332810
2010/10/25,0,1026105,-443700,582405
2010/10/26,0,716297,-592000,124297
2010/10/27,0,1906140,-203000,1703140
2010/10/28,0,1257095,-947000,310095
2010/10/29,0,2354000,-897000,1457000
2010/11/01,0,953000,-370000,583000
2010/11/02,0,852000,-68000,784000
2010/11/03,0,1482000,-1735000,-253000
2010/11/04,0,1193000,-606000,587000
2010/11/05,0,2315000,-228815,2086185
2010/11/08,0,1381000,-260000,1121000
2010/11/09,0,1042000,-65000,977000
2010/11/10,0,1443000,-278730,1164270
2010/11/11,0,1428000,-714446,713554
2010/11/12,0,1464000,-776000,688000
2010/11/15,0,287590,-300718,-13128
2010/11/16,0,139000,-697000,-558000
2010/11/17,0,1045000,-1341000,-296000
2010/11/18,0,473000,-508893,-35893
2010/11/19,0,2290910,-610000,1680910
2010/11/22,0,290570,-593000,-302430
2010/11/23,0,754280,-918000,-163720
2010/11/24,0,475000,-719400,-244400
2010/11/25,0,1047000,-4577720,-3530720
2010/11/26,0,2412000,-1571948,840052
2010/11/29,0,1372000,-526550,845450
2010/11/30,0,2251550,-2557878,-306328
2010/12/01,0,1640000,-1266000,374000
2010/12/02,0,2479000,-2286485,192515
2010/12/03,0,79000,-502000,-423000
2010/12/06,0,483000,-182133,300867
2010/12/07,0,1603530,-1984000,-380470
2010/12/08,0,904000,-249000,655000
2010/12/09,0,1577000,-39000,1538000
2010/12/10,0,1157000,-124400,1032600
2010/12/13,0,1694000,-447000,1247000
2010/12/14,0,2320000,-412000,1908000
2010/12/15,0,1282800,-316000,966800
2010/12/16,0,2034600,-488000,1546600
2010/12/17,0,1276300,-1956000,-679700
2010/12/20,0,768900,-2059000,-1290100
2010/12/21,0,1767000,-1954190,-187190
2010/12/22,0,541000,-434060,106940
2010/12/23,0,163000,-117000,46000
2010/12/24,0,143000,-83000,60000
2010/12/27,0,190000,-145000,45000
2010/12/28,0,313000,-632875,-319875
2010/12/29,0,468460,-255000,213460
2010/12/30,0,660000,-598000,62000
2010/12/31,0,311000,-133830,177170
2011/01/03,0,447000,-94000,353000
2011/01/04,0,442100,-42000,400100
2011/01/05,0,163000,-1226540,-1063540
2011/01/06,0,534000,-763000,-229000
2011/01/07,0,360000,-796000,-436000
2011/01/10,0,982000,-385000,597000
2011/01/11,0,1583000,-671913,911087
2011/01/12,0,2754000,-1241069,1512931
2011/01/13,0,2459980,-166100,2293880
2011/01/14,0,166000,-233000,-67000
2011/01/17,0,751496,-228000,523496
2011/01/18,0,1474000,-555940,918060
2011/01/19,0,2602000,-206000,2396000
2011/01/20,0,546000,-366000,180000
2011/01/21,0,537000,-273000,264000
2011/01/24,0,597000,-123000,474000
2011/01/25,0,601000,-125000,476000
2011/01/26,0,283000,-332458,-49458
2011/01/27,0,89000,-78710,10290
2011/01/28,0,358770,-1414414,-1055644
2011/01/31,0,0,0,0
2011/02/01,0,0,0,0
2011/02/02,0,0,0,0
2011/02/03,0,0,0,0
2011/02/04,0,0,0,0
2011/02/07,0,0,0,0
2011/02/08,0,2141000,-2692000,-551000
2011/02/09,0,1562894,-1063870,499024
2011/02/10,0,841100,-1466990,-625890
2011/02/11,0,371000,-733800,-362800
2011/02/14,0,2190000,-3497780,-1307780
2011/02/15,0,440000,-1816707,-1376707
2011/02/16,0,722198,-3228000,-2505802
2011/02/17,0,1596000,-1418540,177460
2011/02/18,0,1178000,-324986,853014
2011/02/21,0,663000,-2695014,-2032014
2011/02/22,0,1061000,-1496000,-435000
2011/02/23,0,540519,-700090,-159571
2011/02/24,0,253000,-1130000,-877000
2011/02/25,0,707000,-1582590,-875590
2011/02/28,0,0,0,0
2011/03/01,0,1945000,-2438000,-493000
2011/03/02,0,688000,-976758,-288758
2011/03/03,0,851000,-229500,621500
2011/03/04,0,1208000,-1079000,129000
2011/03/07,0,202000,-412095,-210095
2011/03/08,0,999000,-542000,457000
2011/03/09,0,152500,-1250214,-1097714
2011/03/10,0,1434000,-1949120,-515120
2011/03/11,0,70000,-1074090,-1004090
2011/03/14,0,2437000,-1364000,1073000
2011/03/15,0,2023000,-2286250,-263250
2011/03/16,0,1882000,-1012910,869090
2011/03/17,0,2283000,-3543480,-1260480
2011/03/18,0,767000,-875481,-108481
2011/03/21,0,1264000,-154000,1110000
2011/03/22,0,470416,-769000,-298584
2011/03/23,0,559000,-1610000,-1051000
2011/03/24,0,704000,-3443000,-2739000
2011/03/25,0,1709000,-1160785,548215
2011/03/28,0,902000,-1337000,-435000
2011/03/29,0,806000,-1478050,-672050
2011/03/30,0,2005000,-1925000,80000
2011/03/31,0,2424239,-2273624,150615
2011/04/01,0,1263190,-324545,938645
2011/04/04,0,0,0,0
2011/04/05,0,0,0,0
2011/04/06,0,2508461,-889487,1618974
2011/04/07,0,1033075,-453075,580000
2011/04/08,0,1780281,-129359,1650922
2011/04/11,0,2466000,-2222000,244000
2011/04/12,0,2239650,-1816000,423650
2011/04/13,0,284000,-425000,-141000
2011/04/14,0,792000,-2247000,-1455000
2011/04/15,0,816000,-610790,205210
2011/04/18,0,370000,-581881,-211881
2011/04/19,0,781000,-1730500,-949500
2011/04/20,0,541184,-444000,97184
2011/04/21,0,788877,-189000,599877
2011/04/22,0,311000,-696000,-385000
2011/04/25,0,1253000,-237000,1016000
2011/04/26,0,1112587,-100000,1012587
2011/04/27,0,2930000,-333000,2597000
2011/04/28,0,1969297,-855000,1114297
2011/04/29,0,374209,-504348,-130139
2011/05/02,0,0,0,0
2011/05/03,0,932246,-211986,720260
2011/05/04,0,705000,-665000,40000
2011/05/05,0,414000,-617000,-203000
2011/05/06,0,237026,-568000,-330974
2011/05/09,0,621000,-670000,-49000
2011/05/10,0,136000,-14000,122000
2011/05/11,0,431000,-416000,15000
2011/05/12,0,240000,-270039,-30039
2011/05/13,0,128000,-274000,-146000
2011/05/16,0,869000,-905195,-36195
2011/05/17,0,2951018,-388000,2563018
2011/05/18,0,310000,-657905,-347905
2011/05/19,0,580000,-1082000,-502000
2011/05/20,0,516000,-1043000,-527000
2011/05/23,0,217000,-694713,-477713
2011/05/24,0,1270000,-1059837,210163
2011/05/25,0,1791000,-1866000,-75000
2011/05/26,0,286011,-349218,-63207
2011/05/27,0,2260000,-655246,1604754
2011/05/30,0,1367000,-1317000,50000
2011/05/31,0,3022363,-1643000,1379363
2011/06/01,0,886300,-1210942,-324642
2011/06/02,0,731000,-1162000,-431000
2011/06/03,0,334000,-50320,283680
2011/06/06,0,0,0,0
2011/06/07,0,862000,-299000,563000
2011/06/08,0,947000,-1553895,-606895
2011/06/09,0,674516,-661000,13516
2011/06/10,0,408187,-1262365,-854178
2011/06/13,0,362000,-1164614,-802614
2011/06/14,0,494000,-116000,378000
2011/06/15,0,1750000,-1156635,593365
2011/06/16,0,850619,-924000,-73381
2011/06/17,0,456910,-744000,-287090
2011/06/20,0,268000,-583809,-315809
2011/06/21,0,1298000,-1453000,-155000
2011/06/22,0,666000,-1085000,-419000
2011/06/23,0,383641,-920803,-537162
2011/06/24,0,830000,-601878,228122
2011/06/27,0,460000,-549372,-89372
2011/06/28,0,519000,-1697036,-1178036
2011/06/29,0,1010000,-606000,404000
2011/06/30,0,1041000,-822000,219000
2011/07/01,0,249272,-339143,-89871
2011/07/04,0,140619,-224000,-83381
2011/07/05,0,192836,-291000,-98164
2011/07/06,0,294757,-374000,-79243
2011/07/07,0,1192636,-145102,1047534
2011/07/08,0,1763935,-658000,1105935
2011/07/11,0,1319541,-633000,686541
2011/07/12,0,2470484,-2051000,419484
2011/07/13,0,1643394,-1628000,15394
2011/07/14,0,2909842,-2971000,-61158
2011/07/15,0,583550,-1260000,-676450
2011/07/18,0,288142,-325490,-37348
2011/07/19,0,1978000,-2823700,-845700
2011/07/20,0,1747363,-2161000,-413637
2011/07/21,0,1558149,-1836000,-277851
2011/07/22,0,431175,-1320000,-888825
2011/07/25,0,360690,-1890000,-1529310
2011/07/26,0,1139263,-1401000,-261737
2011/07/27,0,949347,-1488000,-538653
2011/07/28,0,231871,-1529000,-1297129
2011/07/29,0,1069927,-767000,302927
2011/08/01,0,768040,-496000,272040
2011/08/02,0,141461,-215000,-73539
2011/08/03,0,360967,-892000,-531033
2011/08/04,0,808521,-937000,-128479
2011/08/05,0,3852215,-2954018,898197
2011/08/08,0,4104985,-1670453,2434532
2011/08/09,0,4316000,-2382416,1933584
2011/08/10,0,1321000,-3192970,-1871970
2011/08/11,0,2514000,-873000,1641000
2011/08/12,0,2164000,-1885627,278373
2011/08/15,0,367250,-352000,15250
2011/08/16,0,301000,-485000,-184000
2011/08/17,0,399534,-273000,126534
2011/08/18,0,688667,-1861705,-1173038
2011/08/19,0,629913,-1369000,-739087
2011/08/22,0,874501,-468000,406501
2011/08/23,0,414000,-528667,-114667
2011/08/24,0,363614,-1698000,-1334386
2011/08/25,0,1516341,-514318,1002023
2011/08/26,0,908309,-503000,405309
2011/08/29,0,402000,-268917,133083
2011/08/30,0,355429,-1369000,-1013571
2011/08/31,0,361369,-644000,-282631
2011/09/01,0,713753,-499207,214546
2011/09/02,0,120130,-455000,-334870
2011/09/05,0,551000,-1476831,-925831
2011/09/06,0,104349,-1295281,-1190932
2011/09/07,0,1486117,-868000,618117
2011/09/08,0,306420,-682000,-375580
2011/09/09,0,642000,-1581000,-939000
2011/09/12,0,0,0,0
2011/09/13,0,1330074,-1820000,-489926
2011/09/14,0,2638381,-1129989,1508392
2011/09/15,0,645000,-2514058,-1869058
2011/09/16,0,621000,-1351000,-730000
2011/09/19,0,1539374,-1179000,360374
2011/09/20,0,850401,-1235000,-384599
2011/09/21,0,1520220,-1362300,157920
2011/09/22,0,1007677,-969000,38677
2011/09/23,0,1601993,-1065090,536903
2011/09/26,0,1996926,-969000,1027926
2011/09/27,0,1731332,-1286970,444362
2011/09/28,0,1718219,-2749000,-1030781
2011/09/29,0,1367897,-782000,585897
2011/09/30,0,2713000,-1835000,878000
2011/10/03,0,393021,-1485000,-1091979
2011/10/04,0,2207000,-1313000,894000
2011/10/05,0,2365000,-1965000,400000
2011/10/06,0,1997000,-2014000,-17000
2011/10/07,0,1154000,-932000,222000
2011/10/10,0,0,0,0
2011/10/11,0,5792000,-4245000,1547000
2011/10/12,0,3142000,-1146200,1995800
2011/10/13,0,534749,-554000,-19251
2011/10/14,0,1908480,-439000,1469480
2011/10/17,0,3027992,-516000,2511992
2011/10/18,0,847472,-1490250,-642778
2011/10/19,0,1288692,-731000,557692
2011/10/20,0,512512,-2890000,-2377488
2011/10/21,0,470635,-27000,443635
2011/10/24,0,3183420,-1760000,1423420
2011/10/25,0,473210,-1085000,-611790
2011/10/26,0,329000,-49000,280000
2011/10/27,0,70736,-209000,-138264
2011/10/28,0,3318000,-228000,3090000
2011/10/31,0,721214,-155000,566214
2011/11/01,0,1035000,-352100,682900
2011/11/02,0,894000,-323000,571000
2011/11/03,0,3153000,-3371330,-218330
2011/11/04,0,1154000,-366000,788000
2011/11/07,0,198000,-242000,-44000
2011/11/08,0,131000,-407675,-276675
2011/11/09,0,336714,-516000,-179286
2011/11/10,0,711714,-2770294,-2058580
2011/11/11,0,1685000,-808000,877000
2011/11/14,0,3674000,-1077000,2597000
2011/11/15,0,1332000,-1288285,43715
2011/11/16,0,208000,-1044000,-836000
2011/11/17,0,314007,-124330,189677
2011/11/18,0,1053000,-806105,246895
2011/11/21,0,1004000,-595000,409000
2011/11/22,0,734000,-688000,46000
2011/11/23,0,525000,-1061150,-536150
2011/11/24,0,563000,-1305000,-742000
2011/11/25,0,510000,-1581000,-1071000
2011/11/28,0,828000,-228000,600000
2011/11/29,0,1510236,-525000,985236
2011/11/30,0,2033964,-2405000,-371036
2011/12/01,0,2174000,-188189,1985811
2011/12/02,0,1319000,-82000,1237000
2011/12/05,0,715000,-362000,353000
2011/12/06,0,700000,-190000,510000
2011/12/07,0,1650000,-794000,856000
2011/12/08,0,724000,-882000,-158000
2011/12/09,0,746000,-331000,415000
2011/12/12,0,664000,-271000,393000
2011/12/13,0,350509,-740000,-389491
2011/12/14,0,605000,-680530,-75530
2011/12/15,0,627000,-720800,-93800
2011/12/16,0,302000,-558287,-256287
2011/12/19,0,527000,-725000,-198000
2011/12/20,0,435000,-1877400,-1442400
2011/12/21,0,1937000,-465606,1471394
2011/12/22,0,971000,-434000,537000
2011/12/23,0,655000,-136000,519000
2011/12/26,0,110200,-554000,-443800
2011/12/27,0,521000,-62000,459000
2011/12/28,0,232200,-133000,99200
2011/12/29,0,866000,-167000,699000
2011/12/30,0,698795,-317000,381795
2012/01/02,0,241000,-196000,45000
2012/01/03,0,902000,-130394,771606
2012/01/04,0,150000,-433006,-283006
2012/01/05,0,192000,-513000,-321000
2012/01/06,0,328286,-199000,129286
2012/01/09,0,311100,-441837,-130737
2012/01/10,0,3444500,-614500,2830000
2012/01/11,0,6001479,-654000,5347479
2012/01/12,0,5442000,-567000,4875000
2012/01/13,0,2233000,-1102000,1131000
2012/01/16,0,1763000,-743000,1020000
2012/01/17,0,2497000,-1716000,781000
2012/01/18,0,961000,-380000,581000
2012/01/19,0,0,0,0
2012/01/20,0,0,0,0
2012/01/23,0,0,0,0
2012/01/24,0,0,0,0
2012/01/25,0,0,0,0
2012/01/26,0,0,0,0
2012/01/27,0,0,0,0
2012/01/30,0,2650434,-2610100,40334
2012/01/31,0,1722314,-3503400,-1781086
2012/02/01,0,2241000,-832000,1409000
2012/02/02,0,3461000,-1423034,2037966
2012/02/03,0,792000,-382860,409140
2012/02/06,0,1941000,-1693000,248000
2012/02/07,0,1407000,-2554020,-1147020
2012/02/08,0,1364000,-3107000,-1743000
2012/02/09,0,514000,-3082419,-2568419
2012/02/10,0,175000,-8473000,-8298000
2012/02/13,0,885000,-1857000,-972000
2012/02/14,0,697280,-516100,181180
2012/02/15,0,2132100,-113000,2019100
2012/02/16,0,401000,-788000,-387000
2012/02/17,0,1005000,-512000,493000
2012/02/20,0,1139000,-1139000,0
2012/02/21,0,1702000,-2776000,-1074000
2012/02/22,0,3340000,-554000,2786000
2012/02/23,0,713000,-1081000,-368000
2012/02/24,0,376000,-336000,40000
2012/02/27,0,0,0,0
2012/02/28,0,0,0,0
2012/02/29,0,1635764,-521000,1114764
2012/03/01,0,862174,-531000,331174
2012/03/02,0,1346905,-981000,365905
2012/03/05,0,116000,-472000,-356000
2012/03/06,0,493000,-487000,6000
2012/03/07,0,196000,-671000,-475000
2012/03/08,0,1099000,-446000,653000
2012/03/09,0,1962000,-734000,1228000
2012/03/12,0,210000,-300000,-90000
2012/03/13,0,586000,-168000,418000
2012/03/14,0,3474250,-1070245,2404005
2012/03/15,0,1510000,-625100,884900
2012/03/16,0,2462000,-1641110,820890
2012/03/19,0,928000,-397000,531000
2012/03/20,0,2032000,-626029,1405971
2012/03/21,0,2827200,-600200,2227000
2012/03/22,0,647000,-279000,368000
2012/03/23,0,284000,-258000,26000
2012/03/26,0,400143,-1069015,-668872
2012/03/27,0,513000,-372000,141000
2012/03/28,0,753109,-165000,588109
2012/03/29,0,791000,-1476000,-685000
2012/03/30,0,1521791,-973000,548791
2012/04/02,0,799000,-424000,375000
2012/04/03,0,858564,-291000,567564
2012/04/04,0,0,0,0
2012/04/05,0,457000,-1451000,-994000
2012/04/06,0,1635000,-745780,889220
2012/04/09,0,529000,-603000,-74000
2012/04/10,0,1082000,-703109,378891
2012/04/11,0,692000,-1027326,-335326
2012/04/12,0,808000,-670000,138000
2012/04/13,0,2933553,-534835,2398718
2012/04/16,0,453000,-1095000,-642000
2012/04/17,0,268000,-810000,-542000
2012/04/18,0,435000,-769200,-334200
2012/04/19,0,735500,-398000,337500
2012/04/20,0,337500,-802622,-465122
2012/04/23,0,412000,-518000,-106000
2012/04/24,0,330000,-1802000,-1472000
2012/04/25,0,667000,-1862000,-1195000
2012/04/26,0,713000,-538000,175000
2012/04/27,0,433379,-843000,-409621
2012/04/30,0,510000,-415449,94551
2012/05/01,0,0,0,0
2012/05/02,0,1472000,-156000,1316000
2012/05/03,0,898000,-233000,665000
2012/05/04,0,786000,-804000,-18000
2012/05/07,0,699000,-2725000,-2026000
2012/05/08,0,575000,-741000,-166000
2012/05/09,0,1506000,-1000000,506000
2012/05/10,0,365714,-983150,-617436
2012/05/11,0,275344,-1192000,-916656
2012/05/14,0,196000,-606000,-410000
2012/05/15,0,280000,-964780,-684780
2012/05/16,0,737857,-1606000,-868143
2012/05/17,0,862000,-370000,492000
2012/05/18,0,240000,-1085000,-845000
2012/05/21,0,1138000,-404000,734000
2012/05/22,0,604000,-309120,294880
2012/05/23,0,3025589,-442000,2583589
2012/05/24,0,405000,-728000,-323000
2012/05/25,0,523000,-687000,-164000
2012/05/28,0,672000,-384014,287986
2012/05/29,0,850000,-209000,641000
2012/05/30,0,1151000,-1190520,-39520
2012/05/31,0,1718636,-2224214,-505578
2012/06/01,0,322000,-892058,-570058
2012/06/04,0,1250848,-305000,945848
2012/06/05,0,500500,-1447000,-946500
2012/06/06,0,498000,-236000,262000
2012/06/07,0,783181,-337000,446181
2012/06/08,0,722143,-287000,435143
2012/06/11,0,1381858,-247000,1134858
2012/06/12,0,796000,-475000,321000
2012/06/13,0,1272082,-387000,885082
2012/06/14,0,2288989,-664476,1624513
2012/06/15,0,1417310,-565312,851998
2012/06/18,0,1731619,-445000,1286619
2012/06/19,0,2438634,-549000,1889634
2012/06/20,0,1562520,-1295000,267520
2012/06/21,0,870293,-1564000,-693707
2012/06/22,0,433721,-805000,-371279
2012/06/25,0,1851000,-2031000,-180000
2012/06/26,0,523000,-362000,161000
2012/06/27,0,1317000,-1884000,-567000
2012/06/28,0,847000,-431000,416000
2012/06/29,0,563000,-392000,171000
2012/07/02,0,768000,-738000,30000
2012/07/03,0,1143857,-487000,656857
2012/07/04,0,690104,-146010,544094
2012/07/05,0,712000,-152000,560000
2012/07/06,0,650000,-946000,-296000
2012/07/09,0,1167000,-762025,404975
2012/07/10,0,635260,-560000,75260
2012/07/11,0,431000,-1870000,-1439000
2012/07/12,0,803000,-2376000,-1573000
2012/07/13,0,669410,-2979803,-2310393
2012/07/16,0,279000,-84000,195000
2012/07/17,0,543000,-1176000,-633000
2012/07/18,0,977000,-982857,-5857
2012/07/19,0,551000,-656857,-105857
2012/07/20,0,838000,-195714,642286
2012/07/23,0,900000,-1929000,-1029000
2012/07/24,0,209000,-374857,-165857
2012/07/25,0,74000,-360000,-286000
2012/07/26,0,237000,-720710,-483710
2012/07/27,0,1029000,-1788000,-759000
2012/07/30,0,1034253,-488000,546253
2012/07/31,0,1587000,-681053,905947
2012/08/01,0,371000,-265000,106000
2012/08/02,0,0,0,0
2012/08/03,0,749309,-768857,-19548
2012/08/06,0,1085000,-1486000,-401000
2012/08/07,0,661000,-309000,352000
2012/08/08,0,5079436,-932537,4146899
2012/08/09,0,6412000,-2470000,3942000
2012/08/10,0,2275000,-1377000,898000
2012/08/13,0,868000,-566000,302000
2012/08/14,0,877000,-28005,848995
2012/08/15,0,1461188,-31000,1430188
2012/08/16,0,1596000,-543000,1053000
2012/08/17,0,2044000,-283000,1761000
2012/08/20,0,944000,-429000,515000
2012/08/21,0,2033740,-391000,1642740
2012/08/22,0,1363170,-1331000,32170
2012/08/23,0,3976723,-1912000,2064723
2012/08/24,0,1746000,-1740117,5883
2012/08/27,0,154000,-327000,-173000
2012/08/28,0,269596,-409000,-139404
2012/08/29,0,744000,-302000,442000
2012/08/30,0,894000,-1372000,-478000
2012/08/31,0,1893163,-566537,1326626
2012/09/03,0,1835000,-2349000,-514000
2012/09/04,0,1281000,-1655757,-374757
2012/09/05,0,2224000,-2160000,64000
2012/09/06,0,3159000,-4239000,-1080000
2012/09/07,0,3107741,-2254000,853741
2012/09/10,0,22202000,-3517000,18685000
2012/09/11,0,3470000,-2641000,829000
2012/09/12,0,7553150,-6452226,1100924
2012/09/13,0,1217000,-2784000,-1567000
2012/09/14,0,2040000,-879955,1160045
2012/09/17,0,1211000,-1483000,-272000
2012/09/18,0,727000,-274000,453000
2012/09/19,0,2834000,-1131000,1703000
2012/09/20,0,2993000,-503000,2490000
2012/09/21,0,2544818,-1309000,1235818
2012/09/24,0,6796000,-2511150,4284850
2012/09/25,0,1302000,-1062000,240000
2012/09/26,0,3185000,-2131000,1054000
2012/09/27,0,2125000,-1070326,1054674
2012/09/28,0,2978533,-1979459,999074
2012/10/01,0,1710000,-1292000,418000
2012/10/02,0,549000,-247000,302000
2012/10/03,0,1538000,-556000,982000
2012/10/04,0,875000,-590000,285000
2012/10/05,0,1289000,-274000,1015000
2012/10/08,0,9541100,-3699000,5842100
2012/10/09,0,4091000,-1007000,3084000
2012/10/10,0,0,0,0
2012/10/11,0,3331000,-2384057,946943
2012/10/12,0,1914000,-1078000,836000
2012/10/15,0,1379000,-292000,1087000
2012/10/16,0,3106000,-2077000,1029000
2012/10/17,0,1921000,-2394000,-473000
2012/10/18,0,1549000,-885000,664000
2012/10/19,0,3019000,-2559000,460000
2012/10/22,0,2692000,-2133011,558989
2012/10/23,0,3352700,-2482277,870423
2012/10/24,0,8464000,-1963774,6500226
2012/10/25,0,5054000,-1510000,3544000
2012/10/26,0,1691000,-762000,929000
2012/10/29,0,2666800,-475000,2191800
2012/10/30,0,3966000,-2298000,1668000
2012/10/31,0,4781000,-3625000,1156000
2012/11/01,0,5557000,-2448261,3108739
2012/11/02,0,2050000,-1308000,742000
2012/11/05,0,931000,-719000,212000
2012/11/06,0,2703000,-1065000,1638000
2012/11/07,0,3774000,-3273000,501000
2012/11/08,0,3526000,-1685000,1841000
2012/11/09,0,1840000,-1766000,74000
2012/11/12,0,1891000,-944000,947000
2012/11/13,0,1493000,-1061510,431490
2012/11/14,0,564000,-807000,-243000
2012/11/15,0,864000,-506000,358000
2012/11/16,0,1845000,-1776000,69000
2012/11/19,0,1859000,-1070800,788200
2012/11/20,0,726000,-638000,88000
2012/11/21,0,1305000,-654000,651000
2012/11/22,0,2181000,-969000,1212000
2012/11/23,0,2543000,-1820084,722916
2012/11/26,0,708000,-846000,-138000
2012/11/27,0,1597000,-1236594,360406
2012/11/28,0,1967000,-1210786,756214
2012/11/29,0,2058000,-1239000,819000
2012/11/30,0,2019000,-1265653,753347
2012/12/03,0,1061000,-788224,272776
2012/12/04,0,2047341,-341000,1706341
2012/12/05,0,1061000,-427713,633287
2012/12/06,0,3898000,-3659712,238288
2012/12/07,0,1915000,-753000,1162000
2012/12/10,0,1236000,-1296948,-60948
2012/12/11,0,1133874,-758000,375874
2012/12/12,0,2234000,-1195100,1038900
2012/12/13,0,764147,-614000,150147
2012/12/14,0,739993,-583000,156993
2012/12/17,0,754000,-719890,34110
2012/12/18,0,667000,-1271250,-604250
2012/12/19,0,749000,-1063300,-314300
2012/12/20,0,1548000,-2871000,-1323000
2012/12/21,0,870373,-946207,-75834
2012/12/24,0,265000,-233000,32000
2012/12/25,0,219000,-129000,90000
2012/12/26,0,279000,-321000,-42000
2012/12/27,0,1073330,-698000,375330
2012/12/28,0,1314000,-1261000,53000
2012/12/31,0,0,0,0
2013/01/01,0,0,0,0
2013/01/02,0,897000,-1487000,-590000
2013/01/03,0,1521000,-2988000,-1467000
2013/01/04,0,816000,-1258000,-442000
2013/01/07,0,798000,-869700,-71700
2013/01/08,0,777000,-1028000,-251000
2013/01/09,0,421000,-512000,-91000
2013/01/10,0,1487000,-1172000,315000
2013/01/11,0,443000,-736100,-293100
2013/01/14,0,174000,-890390,-716390
2013/01/15,0,2023956,-2483000,-459044
2013/01/16,0,1939000,-2263563,-324563
2013/01/17,0,2131850,-1421250,710600
2013/01/18,0,2738200,-2613200,125000
2013/01/21,0,812000,-567000,245000
2013/01/22,0,797000,-421302,375698
2013/01/23,0,368000,-1355982,-987982
2013/01/24,0,470000,-823861,-353861
2013/01/25,0,359000,-645747,-286747
2013/01/28,0,806000,-591000,215000
2013/01/29,0,1054500,-1138980,-84480
2013/01/30,0,840000,-297000,543000
2013/01/31,0,965000,-1054461,-89461
2013/02/01,0,681000,-1080461,-399461
2013/02/04,0,1051000,-710000,341000
2013/02/05,0,1746000,-939000,807000
2013/02/06,0,1889637,-309000,1580637
2013/02/07,0,0,0,0
2013/02/08,0,0,0,0
2013/02/11,0,0,0,0
2013/02/12,0,0,0,0
2013/02/13,0,0,0,0
2013/02/14,0,0,0,0
2013/02/15,0,0,0,0
2013/02/18,0,1944373,-335000,1609373
2013/02/19,0,2638373,-713633,1924740
2013/02/20,0,3627322,-1089784,2537538
2013/02/21,0,3980000,-1877000,2103000
2013/02/22,0,2315000,-1894000,421000
2013/02/25,0,2321000,-2608911,-287911
2013/02/26,0,1106000,-869669,236331
2013/02/27,0,2515000,-3565892,-1050892
2013/02/28,0,0,0,0
2013/03/01,0,1728000,-3194293,-1466293
2013/03/04,0,2356000,-2079000,277000
2013/03/05,0,2551500,-1219000,1332500
2013/03/06,0,1841000,-2781000,-940000
2013/03/07,0,1890000,-5263000,-3373000
2013/03/08,0,2939300,-5953000,-3013700
2013/03/11,0,2760000,-6069000,-3309000
2013/03/12,0,1962000,-5623761,-3661761
2013/03/13,0,1885000,-1010000,875000
2013/03/14,0,761000,-793726,-32726
2013/03/15,0,3113251,-797000,2316251
2013/03/18,0,221000,-1328000,-1107000
2013/03/19,0,904000,-2116000,-1212000
2013/03/20,0,461000,-1693569,-1232569
2013/03/21,0,2066000,-507500,1558500
2013/03/22,0,2555138,-1569300,985838
2013/03/25,0,540000,-568500,-28500
2013/03/26,0,881627,-800000,81627
2013/03/27,0,589000,-520000,69000
2013/03/28,0,890442,-1040000,-149558
2013/03/29,0,252000,-734000,-482000
2013/04/01,0,941397,-852741,88656
2013/04/02,0,1528168,-147000,1381168
2013/04/03,0,2256000,-1567000,689000
2013/04/04,0,0,0,0
2013/04/05,0,0,0,0
2013/04/08,0,1501672,-1737000,-235328
2013/04/09,0,441203,-1270130,-828927
2013/04/10,0,1496000,-4629000,-3133000
2013/04/11,0,1165740,-1666000,-500260
2013/04/12,0,1316300,-904000,412300
2013/04/15,0,1420140,-1510300,-90160
2013/04/16,0,3642070,-2811414,830656
2013/04/17,0,1239000,-2117000,-878000
2013/04/18,0,494000,-1366000,-872000
2013/04/19,0,2088000,-1747000,341000
2013/04/22,0,1415000,-330000,1085000
2013/04/23,0,1008000,-930000,78000
2013/04/24,0,1169000,-995000,174000
2013/04/25,0,1372385,-1390000,-17615
2013/04/26,0,1898000,-1444875,453125
2013/04/29,0,419000,-275000,144000
2013/04/30,0,1828000,-1562000,266000
2013/05/01,0,0,0,0
2013/05/02,0,2022412,-1365499,656913
2013/05/03,0,1294000,-1208000,86000
2013/05/06,0,856000,-749875,106125
2013/05/07,0,503277,-1165000,-661723
2013/05/08,0,841857,-1453485,-611628
2013/05/09,0,2264279,-3773296,-1509017
2013/05/10,0,1196000,-8807704,-7611704
2013/05/13,0,1192000,-950000,242000
2013/05/14,0,927439,-2674869,-1747430
2013/05/15,0,1928200,-4031000,-2102800
2013/05/16,0,2116000,-1972000,144000
2013/05/17,0,1670300,-1051816,618484
2013/05/20,0,974000,-1272000,-298000
2013/05/21,0,768000,-1661862,-893862
2013/05/22,0,882000,-1979000,-1097000
2013/05/23,0,1485000,-3051000,-1566000
2013/05/24,0,1903100,-3497278,-1594178
2013/05/27,0,1046046,-1664112,-618066
2013/05/28,0,1675000,-1611000,64000
2013/05/29,0,1473000,-2161000,-688000
2013/05/30,0,1340700,-1066700,274000
2013/05/31,0,3592138,-2538000,1054138
2013/06/03,0,1864000,-1497000,367000
2013/06/04,0,1471000,-2148000,-677000
2013/06/05,0,581951,-1434000,-852049
2013/06/06,0,753737,-1566000,-812263
2013/06/07,0,1086722,-1769584,-682862
2013/06/10,0,613700,-1292025,-678325
2013/06/11,0,713017,-1562000,-848983
2013/06/12,0,0,0,0
2013/06/13,0,1174000,-1473000,-299000
2013/06/14,0,605000,-1390000,-785000
2013/06/17,0,1057000,-1540121,-483121
2013/06/18,0,381000,-1837314,-1456314
2013/06/19,0,898000,-1893278,-995278
2013/06/20,0,1618000,-2495303,-877303
2013/06/21,0,6648000,-9722078,-3074078
2013/06/24,0,2750000,-2807615,-57615
2013/06/25,0,2045000,-1843216,201784
2013/06/26,0,1816000,-3651125,-1835125
2013/06/27,0,3238000,-1152000,2086000
2013/06/28,0,3813001,-1582000,2231001
2013/07/01,0,1182000,-2012000,-830000
2013/07/02,0,229714,-1853230,-1623516
2013/07/03,0,477177,-585000,-107823
2013/07/04,0,1472000,-2295000,-823000
2013/07/05,0,795000,-528000,267000
2013/07/08,0,705000,-1415000,-710000
2013/07/09,0,1309000,-5790259,-4481259
2013/07/10,0,3101000,-10222411,-7121411
2013/07/11,0,1985157,-3683000,-1697843
2013/07/12,0,670000,-2902000,-2232000
2013/07/15,0,2004000,-4310876,-2306876
2013/07/16,0,2737000,-5938658,-3201658
2013/07/17,0,1774000,-7542739,-5768739
2013/07/18,0,1477000,-6617000,-5140000
2013/07/19,0,2060309,-10242410,-8182101
2013/07/22,0,989302,-3204300,-2214998
2013/07/23,0,3363000,-1801000,1562000
2013/07/24,0,256000,-504000,-248000
2013/07/25,0,1835000,-325000,1510000
2013/07/26,0,2082000,-537000,1545000
2013/07/29,0,1447000,-2347000,-900000
2013/07/30,0,880000,-1283000,-403000
2013/07/31,0,906000,-500000,406000
2013/08/01,0,602796,-842796,-240000
2013/08/02,0,831269,-387000,444269
2013/08/05,0,432714,-887000,-454286
2013/08/06,0,1585000,-2247000,-662000
2013/08/07,0,606000,-2146000,-1540000
2013/08/08,0,4420000,-11821000,-7401000
2013/08/09,0,752000,-1924399,-1172399
2013/08/12,0,1246000,-941000,305000
2013/08/13,0,1715000,-828000,887000
2013/08/14,0,805243,-901000,-95757
2013/08/15,0,284000,-2556610,-2272610
2013/08/16,0,1326076,-4376036,-3049960
2013/08/19,0,782000,-4146000,-3364000
2013/08/20,0,2559319,-3403319,-844000
2013/08/21,0,0,0,0
2013/08/22,0,2026319,-5430718,-3404399
2013/08/23,0,1273000,-1427000,-154000
2013/08/26,0,2074000,-1897000,177000
2013/08/27,0,1889000,-1147000,742000
2013/08/28,0,1883000,-1512000,371000
2013/08/29,0,1816429,-1116000,700429
2013/08/30,0,2316614,-1479292,837322
2013/09/02,0,976000,-1166640,-190640
2013/09/03,0,3331974,-830560,2501414
2013/09/04,0,957000,-614000,343000
2013/09/05,0,3390440,-549000,2841440
2013/09/06,0,3074976,-718000,2356976
2013/09/09,0,3435000,-926000,2509000
2013/09/10,0,2658000,-427000,2231000
2013/09/11,0,1258000,-726638,531362
2013/09/12,0,1108181,-325000,783181
2013/09/13,0,2420000,-745000,1675000
2013/09/16,0,1454000,-1164000,290000
2013/09/17,0,1114000,-921000,193000
2013/09/18,0,1217754,-1358572,-140818
2013/09/19,0,0,0,0
2013/09/20,0,0,0,0
2013/09/23,0,1624750,-1327000,297750
2013/09/24,0,1106030,-516336,589694
2013/09/25,0,1129000,-1263000,-134000
2013/09/26,0,463000,-966000,-503000
2013/09/27,0,1889000,-1490094,398906
2013/09/30,0,999000,-844789,154211
2013/10/01,0,1574000,-606517,967483
2013/10/02,0,1433732,-1532568,-98836
2013/10/03,0,3115857,-1278000,1837857
2013/10/04,0,553000,-2239000,-1686000
2013/10/07,0,684800,-569215,115585
2013/10/08,0,2004000,-1348000,656000
2013/10/09,0,1084000,-2082000,-998000
2013/10/10,0,0,0,0
2013/10/11,0,2010000,-955000,1055000
2013/10/14,0,1904000,-442731,1461269
2013/10/15,0,305000,-1154000,-849000
2013/10/16,0,2045000,-3109000,-1064000
2013/10/17,0,1252000,-2763000,-1511000
2013/10/18,0,1079000,-1809651,-730651
2013/10/21,0,557000,-1176000,-619000
2013/10/22,0,700000,-1289299,-589299
2013/10/23,0,905784,-806000,99784
2013/10/24,0,285000,-656000,-371000
2013/10/25,0,1465000,-911400,553600
2013/10/28,0,1003000,-174000,829000
2013/10/29,0,684000,-232000,452000
2013/10/30,0,4090076,-934000,3156076
2013/10/31,0,3925000,-1402000,2523000
2013/11/01,0,2881000,-277000,2604000
2013/11/04,0,1260000,-686000,574000
2013/11/05,0,454000,-846916,-392916
2013/11/06,0,764000,-746962,17038
2013/11/07,0,860000,-2989270,-2129270
2013/11/08,0,534000,-776000,-242000
2013/11/11,0,160000,-784000,-624000
2013/11/12,0,797000,-1365000,-568000
2013/11/13,0,309086,-1419000,-1109914
2013/11/14,0,318405,-1065000,-746595
2013/11/15,0,1799000,-3544242,-1745242
2013/11/18,0,867000,-2629000,-1762000
2013/11/19,0,990000,-2754000,-1764000
2013/11/20,0,1201000,-2343081,-1142081
2013/11/21,0,1186005,-1162000,24005
2013/11/22,0,1275000,-1254000,21000
2013/11/25,0,660000,-1276000,-616000
2013/11/26,0,3422304,-3804507,-382203
2013/11/27,0,3660800,-1578000,2082800
2013/11/28,0,1119000,-4024780,-2905780
2013/11/29,0,2097000,-679000,1418000
2013/12/02,0,862300,-333000,529300
2013/12/03,0,335890,-432720,-96830
2013/12/04,0,1707000,-336557,1370443
2013/12/05,0,1864000,-814000,1050000
2013/12/06,0,1691000,-546000,1145000
2013/12/09,0,1207000,-499045,707955
2013/12/10,0,1582159,-542000,1040159
2013/12/11,0,854000,-1565000,-711000
2013/12/12,0,3071000,-4540614,-1469614
2013/12/13,0,3346171,-2051000,1295171
2013/12/16,0,2051000,-639906,1411094
2013/12/17,0,805000,-691000,114000
2013/12/18,0,1167000,-416000,751000
2013/12/19,0,1616000,-511000,1105000
2013/12/20,0,1472857,-1895154,-422297
2013/12/23,0,1151300,-399000,752300
2013/12/24,0,198000,-127336,70664
2013/12/25,0,199000,-24000,175000
2013/12/26,0,123000,-136000,-13000
2013/12/27,0,796000,-449000,347000
2013/12/30,0,389000,-31000,358000
2013/12/31,0,988001,-44000,944001
2014/01/02,0,1119657,-329224,790433
2014/01/03,0,1461000,-2311000,-850000
2014/01/06,0,934000,-1273014,-339014
2014/01/07,0,1988000,-1831000,157000
2014/01/08,0,2556000,-1324000,1232000
2014/01/09,0,4653000,-1453000,3200000
2014/01/10,0,1417000,-1381000,36000
2014/01/13,0,2157000,-1793970,363030
2014/01/14,0,843000,-859000,-16000
2014/01/15,0,3066000,-2971049,94951
2014/01/16,0,372000,-2689429,-2317429
2014/01/17,0,796800,-2334000,-1537200
2014/01/20,0,524000,-823029,-299029
2014/01/21,0,1261000,-723383,537617
2014/01/22,0,1093000,-1428000,-335000
2014/01/23,0,476000,-2231000,-1755000
2014/01/24,0,857000,-1373000,-516000
2014/01/27,0,1513000,-2271428,-758428
2014/02/05,0,3076720,-3728000,-651280
2014/02/06,0,886000,-4034400,-3148400
2014/02/07,0,983000,-1502000,-519000
2014/02/10,0,1129620,-323000,806620
2014/02/11,0,465269,-504040,-38771
2014/02/12,0,1252000,-1683185,-431185
2014/02/13,0,1162000,-1888000,-726000
2014/02/14,0,5135000,-661000,4474000
2014/02/17,0,1643000,-1064000,579000
2014/02/18,0,3230190,-1378000,1852190
2014/02/19,0,2589000,-617420,1971580
2014/02/20,0,2211421,-746677,1464744
2014/02/21,0,3168000,-243000,2925000
2014/02/24,0,1660501,-619000,1041501
2014/02/25,0,1497000,-609000,888000
2014/02/26,0,1359000,-362822,996178
2014/02/27,0,1338000,-1904976,-566976
2014/03/03,0,4292000,-1412000,2880000
2014/03/04,0,2120000,-3103170,-983170
2014/03/05,0,2301800,-339000,1962800
2014/03/06,0,1770000,-472000,1298000
2014/03/07,0,2532250,-1239000,1293250
2014/03/10,0,1526000,-1860714,-334714
2014/03/11,0,3674000,-3166000,508000
2014/03/12,0,1826000,-1636571,189429
2014/03/13,0,5032000,-2696983,2335017
2014/03/14,0,2617000,-840000,1777000
2014/03/17,0,1188700,-191224,997476
2014/03/18,0,2175000,-473000,1702000
2014/03/19,0,1703000,-460000,1243000
2014/03/20,0,4134000,-1217000,2917000
2014/03/21,0,3467000,-1513839,1953161
2014/03/24,0,4294633,-929215,3365418
2014/03/25,0,1632000,-655000,977000
2014/03/26,0,2190000,-675300,1514700
2014/03/27,0,3265000,-458000,2807000
2014/03/28,0,2431000,-603000,1828000
2014/03/31,0,2590806,-332600,2258206
2014/04/01,0,4246000,-2313429,1932571
2014/04/02,0,4251000,-695600,3555400
2014/04/03,0,2622000,-1331000,1291000
2014/04/07,0,3187000,-1844000,1343000
2014/04/08,0,2371714,-3277000,-905286
2014/04/09,0,4058000,-1423605,2634395
2014/04/10,0,2560665,-488295,2072370
2014/04/11,0,1576000,-1046000,530000
2014/04/14,0,1262000,-938000,324000
2014/04/15,0,1320000,-961000,359000
2014/04/16,0,2231000,-1474000,757000
2014/04/17,0,3176325,-2080000,1096325
2014/04/18,0,606000,-382000,224000
2014/04/21,0,459000,-80000,379000
2014/04/22,0,1768000,-2707000,-939000
2014/04/23,0,5722000,-7414000,-1692000
2014/04/24,0,4135000,-1221000,2914000
2014/04/25,0,2240000,-1311000,929000
2014/04/28,0,1895000,-1625000,270000
2014/04/29,0,1828450,-1009000,819450
2014/04/30,0,3131400,-3155000,-23600
2014/05/02,0,2642000,-2147294,494706
2014/05/05,0,3475658,-2673000,802658
2014/05/06,0,2490200,-2815908,-325708
2014/05/07,0,4651000,-2368000,2283000
2014/05/08,0,1302000,-218000,1084000
2014/05/09,0,2677325,-193069,2484256
2014/05/12,0,2469714,-1710827,758887
2014/05/13,0,1785000,-1811000,-26000
2014/05/14,0,1655614,-674000,981614
2014/05/15,0,788000,-348000,440000
2014/05/16,0,2303386,-3041000,-737614
2014/05/19,0,1861000,-245804,1615196
2014/05/20,0,1197255,-229000,968255
2014/05/21,0,1506875,-296885,1209990
2014/05/22,0,410000,-128000,282000
2014/05/23,0,1375000,-146000,1229000
2014/05/26,0,2198000,-440000,1758000
2014/05/27,0,2316000,-951000,1365000
2014/05/28,0,2956300,-3114000,-157700
2014/05/29,0,1487000,-1330224,156776
2014/05/30,0,2685887,-3533000,-847113
2014/06/03,0,1223000,-1279000,-56000
2014/06/04,0,1873000,-1988000,-115000
2014/06/05,0,1209000,-3801000,-2592000
2014/06/06,0,4246000,-4876300,-630300
2014/06/09,0,1735600,-2656000,-920400
2014/06/10,0,1013842,-1225000,-211158
2014/06/11,0,710300,-1511438,-801138
2014/06/12,0,598000,-3046000,-2448000
2014/06/13,0,2060300,-5743000,-3682700
2014/06/16,0,3210000,-2920049,289951
2014/06/17,0,947000,-1675000,-728000
2014/06/18,0,721000,-396000,325000
2014/06/19,0,888730,-479000,409730
2014/06/20,0,1122000,-332304,789696
2014/06/23,0,786375,-1376254,-589879
2014/06/24,0,919300,-1352288,-432988
2014/06/25,0,919000,-1589570,-670570
2014/06/26,0,396475,-537209,-140734
2014/06/27,0,1414000,-1195000,219000
2014/06/30,0,1740811,-443752,1297059
2014/07/01,0,1107689,-496000,611689
2014/07/02,0,2246878,-1282099,964779
2014/07/03,0,554000,-715000,-161000
2014/07/04,0,153000,-316000,-163000
2014/07/07,0,875000,-692000,183000
2014/07/08,0,3663671,-378100,3285571
2014/07/09,0,2044000,-1753000,291000
2014/07/10,0,3512633,-2328033,1184600
2014/07/11,0,2445426,-1711145,734281
2014/07/14,0,2958000,-1281000,1677000
2014/07/15,0,4266145,-2341000,1925145
2014/07/16,0,1787860,-711000,1076860
2014/07/17,0,1862506,-1870000,-7494
2014/07/18,0,2140000,-1125000,1015000
2014/07/21,0,1083000,-487040,595960
2014/07/22,0,898000,-530000,368000
2014/07/23,0,0,0,0
2014/07/24,0,695860,-705000,-9140
2014/07/25,0,2259000,-1405000,854000
2014/07/28,0,5717496,-985000,4732496
2014/07/29,0,5370000,-1776000,3594000
2014/07/30,0,3260000,-1785087,1474913
2014/07/31,0,2559000,-1164700,1394300
2014/08/01,0,2599860,-1235500,1364360
2014/08/04,0,2600000,-728000,1872000
2014/08/05,0,1637000,-1017000,620000
2014/08/06,0,1462288,-511080,951208
2014/08/07,0,2965000,-2902130,62870
2014/08/08,0,1277419,-2048016,-770597
2014/08/11,0,2041000,-1049000,992000
2014/08/12,0,1488046,-759389,728657
2014/08/13,0,1070000,-808000,262000
2014/08/14,0,1909000,-376000,1533000
2014/08/15,0,1311000,-994000,317000
2014/08/18,0,243000,-831000,-588000
2014/08/19,0,750420,-834000,-83580
2014/08/20,0,998420,-3377000,-2378580
2014/08/21,0,2965000,-5872000,-2907000
2014/08/22,0,2255908,-762000,1493908
2014/08/25,0,409200,-335000,74200
2014/08/26,0,963393,-341000,622393
2014/08/27,0,630000,-892000,-262000
2014/08/28,0,614300,-352000,262300
2014/08/29,0,824000,-673000,151000
2014/09/01,0,772000,-374000,398000
2014/09/02,0,1065000,-463000,602000
2014/09/03,0,1356104,-528887,827217
2014/09/04,0,596445,-1064700,-468255
2014/09/05,0,245000,-280000,-35000
2014/09/09,0,924576,-976000,-51424
2014/09/10,0,497500,-749000,-251500
2014/09/11,0,236000,-720357,-484357
2014/09/12,0,497294,-717000,-219706
2014/09/15,0,807070,-731000,76070
2014/09/16,0,415000,-521000,-106000
2014/09/17,0,1450000,-1586161,-136161
2014/09/18,0,578000,-520000,58000
2014/09/19,0,585598,-680500,-94902
2014/09/22,0,512061,-611878,-99817
2014/09/23,0,397000,-225000,172000
2014/09/24,0,286867,-367000,-80133
2014/09/25,0,766543,-1188000,-421457
2014/09/26,0,1363000,-877860,485140
2014/09/29,0,1406000,-1059000,347000
2014/09/30,0,1117000,-652576,464424
2014/10/01,0,694000,-1435830,-741830
2014/10/02,0,1338000,-558000,780000
2014/10/03,0,558489,-1003000,-444511
2014/10/06,0,727000,-555000,172000
2014/10/07,0,1384000,-396225,987775
2014/10/08,0,2065000,-1340000,725000
2014/10/09,0,1684000,-1035982,648018
2014/10/13,0,1230000,-2034000,-804000
2014/10/14,0,1266000,-2015000,-749000
2014/10/15,0,3096000,-2923000,173000
2014/10/16,0,1644000,-1459000,185000
2014/10/17,0,3575141,-3381000,194141
2014/10/20,0,1486000,-826073,659927
2014/10/21,0,1096000,-608000,488000
2014/10/22,0,925489,-469530,455959
2014/10/23,0,1386489,-314000,1072489
2014/10/24,0,1122000,-730000,392000
2014/10/27,0,1025000,-1127000,-102000
2014/10/28,0,1020000,-799000,221000
2014/10/29,0,702467,-384000,318467
2014/10/30,0,657000,-433000,224000
2014/10/31,0,874000,-172000,702000
2014/11/03,0,1549000,-1872000,-323000
2014/11/04,0,1599079,-972000,627079
2014/11/05,0,2415000,-176000,2239000
2014/11/06,0,1076000,-1415000,-339000
2014/11/07,0,3793000,-2042375,1750625
2014/11/10,0,4333307,-1757802,2575505
2014/11/11,0,2210174,-1538000,672174
2014/11/12,0,1422000,-750505,671495
2014/11/13,0,1126009,-278009,848000
2014/11/14,0,1203000,-909536,293464
2014/11/17,0,2119669,-326000,1793669
2014/11/18,0,2158845,-698441,1460404
2014/11/19,0,1966503,-1531003,435500
2014/11/20,0,1785000,-1367537,417463
2014/11/21,0,2286000,-1074000,1212000
2014/11/24,0,868000,-643000,225000
2014/11/25,0,1373000,-776166,596834
2014/11/26,0,1707006,-484006,1223000
2014/11/27,0,1192000,-311000,881000
2014/11/28,0,1797000,-823400,973600
2014/12/01,0,2027784,-1641784,386000
2014/12/02,0,1257000,-731500,525500
2014/12/03,0,973025,-1733025,-760000
2014/12/04,0,1739000,-1518000,221000
2014/12/05,0,809351,-1159000,-349649
2014/12/08,0,1464000,-1473000,-9000
2014/12/09,0,1161000,-603000,558000
2014/12/10,0,1440039,-1527446,-87407
2014/12/11,0,1671000,-757000,914000
2014/12/12,0,2164130,-1951582,212548
2014/12/15,0,1728221,-2529000,-800779
2014/12/16,0,2172087,-2755358,-583271
2014/12/17,0,1068103,-1175271,-107168
2014/12/18,0,1470000,-953779,516221
2014/12/19,0,1723929,-2022653,-298724
2014/12/22,0,1470000,-2599539,-1129539
2014/12/23,0,1396000,-144000,1252000
2014/12/24,0,587096,-224000,363096
2014/12/25,0,185000,-58000,127000
2014/12/26,0,265000,-198000,67000
2014/12/29,0,1231035,-122035,1109000
2014/12/30,0,1117817,-2016005,-898188
2014/12/31,0,557000,-2712000,-2155000
2015/01/01,0,0,0,0
2015/01/02,0,0,0,0
2015/01/05,0,1331001,-2565001,-1234000
2015/01/06,0,1294000,-1716000,-422000
2015/01/07,0,1284698,-853076,431622
2015/01/08,0,2998484,-2073443,925041
2015/01/09,0,2482000,-3029000,-547000
2015/01/12,0,1209000,-1494000,-285000
2015/01/13,0,2660763,-2452000,208763
2015/01/14,0,2077675,-860000,1217675
2015/01/15,0,1563000,-723000,840000
2015/01/16,0,1602342,-1115145,487197
2015/01/19,0,600370,-300000,300370
2015/01/20,0,1001370,-755918,245452
2015/01/21,0,1558371,-1188150,370221
2015/01/22,0,2905360,-292000,2613360
2015/01/23,0,4705000,-1021173,3683827
2015/01/26,0,2656187,-1971000,685187
2015/01/27,0,1615000,-3277000,-1662000
2015/01/28,0,1226720,-1129494,97226
2015/01/29,0,1195000,-3949000,-2754000
2015/01/30,0,1670101,-4075865,-2405764
2015/02/02,0,2651353,-3646068,-994715
2015/02/03,0,2276450,-2578374,-301924
2015/02/04,0,3369864,-1038000,2331864
2015/02/05,0,1221000,-2832000,-1611000
2015/02/06,0,2011000,-5631000,-3620000
2015/02/09,0,5144721,-3907185,1237536
2015/02/10,0,2794000,-2709000,85000
2015/02/11,0,3580608,-1711669,1868939
2015/02/12,0,2625000,-2243000,382000
2015/02/13,0,1934000,-1268000,666000
2015/02/16,0,0,0,0
2015/02/17,0,0,0,0
2015/02/18,0,0,0,0
2015/02/19,0,0,0,0
2015/02/20,0,0,0,0
2015/02/23,0,0,0,0
2015/02/24,0,2880000,-4758289,-1878289
2015/02/25,0,1440000,-3309350,-1869350
2015/02/26,0,1442000,-2189018,-747018
2015/02/27,0,0,0,0
2015/03/02,0,3142500,-2939919,202581
2015/03/03,0,2306707,-2727000,-420293
2015/03/04,0,1558000,-2442000,-884000
2015/03/05,0,1925209,-1992000,-66791
2015/03/06,0,2615000,-2460000,155000
2015/03/09,0,3637000,-4113700,-476700
2015/03/10,0,2130093,-3633000,-1502907
2015/03/11,0,444000,-2236000,-1792000
2015/03/12,0,1040338,-2003000,-962662
2015/03/13,0,1394484,-1561000,-166516
2015/03/16,0,2249501,-1194535,1054966
2015/03/17,0,3193000,-719000,2474000
2015/03/18,0,3181500,-2527587,653913
2015/03/19,0,2606704,-2045524,561180
2015/03/20,0,2407000,-2016000,391000
2015/03/23,0,1152000,-1011242,140758
2015/03/24,0,1396489,-1637000,-240511
2015/03/25,0,454439,-2821743,-2367304
2015/03/26,0,3374000,-3597226,-223226
2015/03/27,0,2594000,-5777600,-3183600
2015/03/30,0,1740200,-1752797,-12597
2015/03/31,0,4036000,-3277000,759000
2015/04/01,0,1388176,-1546464,-158288
2015/04/02,0,2799800,-2223817,575983
2015/04/03,0,0,0,0
2015/04/06,0,0,0,0
2015/04/07,0,1972387,-869000,1103387
2015/04/08,0,972000,-2879132,-1907132
2015/04/09,0,3018000,-6109000,-3091000
2015/04/10,0,1707000,-1470000,237000
2015/04/13,0,5435343,-4341140,1094203
2015/04/14,0,899000,-1559000,-660000
2015/04/15,0,1094000,-2094000,-1000000
2015/04/16,0,1795000,-2392000,-597000
2015/04/17,0,2065707,-2321193,-255486
2015/04/20,0,1678000,-2004000,-326000
2015/04/21,0,498000,-1090000,-592000
2015/04/22,0,2261000,-5425637,-3164637
2015/04/23,0,3778000,-778426,2999574
2015/04/24,0,2877250,-736000,2141250
2015/04/27,0,1745429,-1114000,631429
2015/04/28,0,2484000,-3002000,-518000
2015/04/29,0,1123100,-1411000,-287900
2015/04/30,0,1258999,-2415000,-1156001
2015/05/01,0,0,0,0
2015/05/04,0,2231000,-1952000,279000
2015/05/05,0,755000,-3648000,-2893000
2015/05/06,0,3727000,-6766000,-3039000
2015/05/07,0,2271000,-4634876,-2363876
2015/05/08,0,1626489,-1612000,14489
2015/05/11,0,2543000,-1598000,945000
2015/05/12,0,1204100,-3907165,-2703065
2015/05/13,0,5133000,-2173200,2959800
2015/05/14,0,2071100,-3004331,-933231
2015/05/15,0,1737000,-1030340,706660
2015/05/18,0,1872000,-2142000,-270000
2015/05/19,0,1170589,-986000,184589
2015/05/20,0,2460000,-1448947,1011053
2015/05/21,0,1724000,-2343000,-619000
2015/05/22,0,1767000,-1385000,382000
2015/05/25,0,1218000,-1215000,3000
2015/05/26,0,2856000,-474000,2382000
2015/05/27,0,1862000,-3236489,-1374489
2015/05/28,0,4849000,-4561653,287347
2015/05/29,0,3634832,-2255687,1379145
2015/06/01,0,3778900,-3041000,737900
2015/06/02,0,1399153,-1791000,-391847
2015/06/03,0,1475000,-985000,490000
2015/06/04,0,1807500,-1395000,412500
2015/06/05,0,1971073,-2224000,-252927
2015/06/08,0,3067000,-3202007,-135007
2015/06/09,0,1938000,-2806707,-868707
2015/06/10,0,1311525,-1216029,95496
2015/06/11,0,805000,-2537330,-1732330
2015/06/12,0,1260220,-1153000,107220
2015/06/15,0,302000,-1139000,-837000
2015/06/16,0,734000,-1942000,-1208000
2015/06/17,0,1279000,-2941819,-1662819
2015/06/18,0,2522000,-2462418,59582
2015/06/19,0,0,0,0
2015/06/22,0,3147111,-2338838,808273
2015/06/23,0,451000,-1719485,-1268485
2015/06/24,0,284190,-969508,-685318
2015/06/25,0,823507,-1370000,-546493
2015/06/26,0,421000,-515000,-94000
2015/06/29,0,432000,-1327890,-895890
2015/06/30,0,807000,-1364761,-557761
2015/07/01,0,694000,-1330538,-636538
2015/07/02,0,858076,-1126000,-267924
2015/07/03,0,322000,-1178000,-856000
2015/07/06,0,834000,-1755000,-921000
2015/07/07,0,972000,-2138800,-1166800
2015/07/08,0,1803000,-3170000,-1367000
2015/07/09,0,2967000,-3771779,-804779
2015/07/10,0,0,0,0
2015/07/13,0,2299542,-2737482,-437940
2015/07/14,0,1289000,-2905627,-1616627
2015/07/15,0,3805000,-1375592,2429408
2015/07/16,0,3040000,-1445625,1594375
2015/07/17,0,2360000,-1007646,1352354
2015/07/20,0,1279111,-1737000,-457889
2015/07/21,0,1150000,-1448090,-298090
2015/07/22,0,1450000,-1263655,186345
2015/07/23,0,1074972,-1137000,-62028
2015/07/24,0,1581800,-1792000,-210200
2015/07/27,0,2777000,-2378000,399000
2015/07/28,0,2439069,-1981000,458069
2015/07/29,0,2101000,-4338000,-2237000
2015/07/30,0,2728000,-2170000,558000
2015/07/31,0,5981252,-5176000,805252
2015/08/03,0,1911662,-2399000,-487338
2015/08/04,0,2227000,-3213478,-986478
2015/08/05,0,1613000,-1915000,-302000
2015/08/06,0,7613000,-4798000,2815000
2015/08/07,0,1388179,-3217510,-1829331
2015/08/10,0,1723000,-1494500,228500
2015/08/11,0,2250792,-2496000,-245208
2015/08/12,0,1782000,-1643588,138412
2015/08/13,0,1758000,-1747199,10801
2015/08/14,0,778111,-2200000,-1421889
2015/08/17,0,1466861,-1620000,-153139
2015/08/18,0,3027000,-2185000,842000
2015/08/19,0,1559111,-1332000,227111
2015/08/20,0,3415000,-2584000,831000
2015/08/21,0,1764000,-1823000,-59000
2015/08/24,0,2296000,-1967000,329000
2015/08/25,0,1785000,-1171220,613780
2015/08/26,0,2584000,-2582068,1932
2015/08/27,0,2333000,-3133000,-800000
2015/08/28,0,3064000,-2688060,375940
2015/08/31,0,3036157,-2349375,686782
2015/09/01,0,861000,-851000,10000
2015/09/02,0,1198000,-1477627,-279627
2015/09/03,0,1629000,-1600000,29000
2015/09/04,0,970688,-846958,123730
2015/09/07,0,1501000,-481000,1020000
2015/09/08,0,1117000,-783000,334000
2015/09/09,0,1903286,-734000,1169286
2015/09/10,0,2404993,-1622000,782993
2015/09/11,0,1610000,-1363000,247000
2015/09/14,0,862000,-1204000,-342000
2015/09/15,0,1982000,-1759000,223000
2015/09/16,0,1563000,-1981062,-418062
2015/09/17,0,1744000,-3242000,-1498000
2015/09/18,0,1229508,-1567349,-337841
2015/09/21,0,1126000,-2790712,-1664712
2015/09/22,0,2565000,-2259181,305819
2015/09/23,0,1432000,-1020128,411872
2015/09/24,0,1867000,-2548000,-681000
2015/09/25,0,693000,-1153000,-460000
2015/09/28,0,0,0,0
2015/09/29,0,0,0,0
2015/09/30,0,3213000,-4868000,-1655000
2015/10/01,0,2359040,-2189000,170040
2015/10/02,0,1849207,-1456000,393207
2015/10/05,0,1512000,-1576000,-64000
2015/10/06,0,1146000,-824000,322000
2015/10/07,0,1961000,-1722000,239000
2015/10/08,0,2766000,-281000,2485000
2015/10/09,0,0,0,0
2015/10/12,0,3267492,-1522028,1745464
2015/10/13,0,3834800,-874492,2960308
2015/10/14,0,1701000,-697000,1004000
2015/10/15,0,3147000,-1351000,1796000
2015/10/16,0,3741000,-2777872,963128
2015/10/19,0,2043000,-1829000,214000
2015/10/20,0,1868000,-1302000,566000
2015/10/21,0,2505000,-2825000,-320000
2015/10/22,0,2249000,-1506000,743000
2015/10/23,0,3447000,-775000,2672000
2015/10/26,0,1333000,-316000,1017000
2015/10/27,0,1225000,-1179225,45775
2015/10/28,0,876000,-647103,228897
2015/10/29,0,1034000,-1579751,-545751
2015/10/30,0,1523000,-1802000,-279000
2015/11/02,0,1876000,-2850014,-974014
2015/11/03,0,2985000,-1577155,1407845
2015/11/04,0,6462000,-2435112,4026888
2015/11/05,0,3199000,-1634492,1564508
2015/11/06,0,1717000,-3027023,-1310023
2015/11/09,0,2015538,-3145000,-1129462
2015/11/10,0,1707000,-2469000,-762000
2015/11/11,0,1319000,-1890000,-571000
2015/11/12,0,1566000,-960000,606000
2015/11/13,0,636015,-1027715,-391700
2015/11/16,0,815000,-1027000,-212000
2015/11/17,0,318000,-1390000,-1072000
2015/11/18,0,850000,-1069000,-219000
2015/11/19,0,589000,-675000,-86000
2015/11/20,0,577000,-739042,-162042
2015/11/23,0,856984,-1136000,-279016
2015/11/24,0,3169000,-2182082,986918
2015/11/25,0,2033000,-1931353,101647
2015/11/26,0,1622000,-450363,1171637
2015/11/27,0,854000,-947000,-93000
2015/11/30,0,2792223,-2885912,-93689
2015/12/01,0,2233000,-886400,1346600
2015/12/02,0,3511000,-1016139,2494861
2015/12/03,0,3531052,-3222092,308960
2015/12/04,0,1400000,-1806709,-406709
2015/12/07,0,1804000,-1109111,694889
2015/12/08,0,1801000,-5310659,-3509659
2015/12/09,0,1045000,-2335000,-1290000
2015/12/10,0,1381000,-3036075,-1655075
2015/12/11,0,965000,-1119176,-154176
2015/12/14,0,1044000,-1107162,-63162
2015/12/15,0,1491000,-1324410,166590
2015/12/16,0,1537000,-1602000,-65000
2015/12/17,0,2331000,-1490000,841000
2015/12/18,0,1760557,-1928000,-167443
2015/12/21,0,1465000,-1437000,28000
2015/12/22,0,2507649,-1995000,512649
2015/12/23,0,641000,-433000,208000
2015/12/24,0,576000,-359000,217000
2015/12/25,0,393000,-307000,86000
2015/12/28,0,760000,-256000,504000
2015/12/29,0,1468000,-1284610,183390
2015/12/30,0,1138000,-984074,153926
2015/12/31,0,589000,-611000,-22000
2016/01/01,0,0,0,0
2016/01/04,0,1042360,-1770000,-727640
2016/01/05,0,1197481,-1827000,-629519
2016/01/06,0,1202320,-1752000,-549680
2016/01/07,0,2038876,-2870902,-832026
2016/01/08,0,2017000,-2510368,-493368
2016/01/11,0,1283074,-2548000,-1264926
2016/01/12,0,992000,-1198000,-206000
2016/01/13,0,480000,-615526,-135526
2016/01/14,0,484800,-1410000,-925200
2016/01/15,0,1175000,-1300140,-125140
2016/01/18,0,1913508,-1388000,525508
2016/01/19,0,1073797,-1382769,-308972
2016/01/20,0,2431222,-2442000,-10778
2016/01/21,0,1286385,-2569000,-1282615
2016/01/22,0,1468000,-1492000,-24000
2016/01/25,0,1204000,-878000,326000
2016/01/26,0,1457000,-1036000,421000
2016/01/27,0,513000,-715258,-202258
2016/01/28,0,2072000,-804897,1267103
2016/01/29,0,5059600,-3297000,1762600
2016/02/01,0,2657289,-2054000,603289
2016/02/02,0,2310000,-1471884,838116
2016/02/03,0,2581000,-1812889,768111
2016/02/04,0,0,0,0
2016/02/05,0,0,0,0
2016/02/08,0,0,0,0
2016/02/09,0,0,0,0
2016/02/10,0,0,0,0
2016/02/11,0,0,0,0
2016/02/12,0,0,0,0
2016/02/15,0,5083800,-3381011,1702789
2016/02/16,0,2531000,-3251318,-720318
2016/02/17,0,2408600,-2896650,-488050
2016/02/18,0,2136000,-2642532,-506532
2016/02/19,0,1694222,-1223727,470495
2016/02/22,0,2153000,-2058000,95000
2016/02/23,0,697312,-331000,366312
2016/02/24,0,914938,-692053,222885
2016/02/25,0,2504890,-1885000,619890
2016/02/26,0,2095000,-1130294,964706
2016/02/29,0,0,0,0
2016/03/01,0,1853114,-3195196,-1342082
2016/03/02,0,2614037,-3237000,-622963
2016/03/03,0,2642032,-2285000,357032
2016/03/04,0,2565150,-2279000,286150
2016/03/07,0,2839000,-2013000,826000
2016/03/08,0,802055,-786352,15703
2016/03/09,0,1245866,-1453700,-207834
2016/03/10,0,1536234,-814000,722234
2016/03/11,0,1173000,-531000,642000
2016/03/14,0,1282000,-306000,976000
2016/03/15,0,1286000,-2461000,-1175000
2016/03/16,0,1215000,-1083000,132000
2016/03/17,0,2180440,-2154440,26000
2016/03/18,0,3021000,-1673794,1347206
2016/03/21,0,4620000,-2880096,1739904
2016/03/22,0,3065788,-5736277,-2670489
2016/03/23,0,2533000,-3409284,-876284
2016/03/24,0,953000,-2108900,-1155900
2016/03/25,0,1114000,-913000,201000
2016/03/28,0,1017000,-716000,301000
2016/03/29,0,2952000,-943000,2009000
2016/03/30,0,3394500,-2143623,1250877
2016/03/31,0,4145000,-2264176,1880824
2016/04/01,0,2328000,-2977573,-649573
2016/04/04,0,0,0,0
2016/04/05,0,0,0,0
2016/04/06,0,1584046,-2617306,-1033260
2016/04/07,0,2121000,-2065000,56000
2016/04/08,0,1329000,-1873000,-544000
2016/04/11,0,2170000,-2164770,5230
2016/04/12,0,893000,-1657000,-764000
2016/04/13,0,1016000,-3219000,-2203000
2016/04/14,0,851000,-2414674,-1563674
2016/04/15,0,1441000,-2337000,-896000
2016/04/18,0,1852000,-2369000,-517000
2016/04/19,0,1639000,-8281158,-6642158
2016/04/20,0,2536269,-4167000,-1630731
2016/04/21,0,2081000,-1865000,216000
2016/04/22,0,2456000,-929000,1527000
2016/04/25,0,1380000,-998000,382000
2016/04/26,0,1845292,-2528000,-682708
2016/04/27,0,649109,-1603000,-953891
2016/04/28,0,337507,-1372585,-1035078
2016/04/29,0,1189000,-980000,209000
2016/05/02,0,0,0,0
2016/05/03,0,1467000,-3101350,-1634350
2016/05/04,0,615000,-1583947,-968947
2016/05/05,0,867000,-1237000,-370000
2016/05/06,0,1582000,-2655350,-1073350
2016/05/09,0,2176000,-2532000,-356000
2016/05/10,0,1212000,-2252000,-1040000
2016/05/11,0,866500,-2585993,-1719493
2016/05/12,0,682000,-1593000,-911000
2016/05/13,0,2151000,-5491000,-3340000
2016/05/16,0,2056000,-2276000,-220000
2016/05/17,0,1178000,-2625045,-1447045
2016/05/18,0,1118013,-2130000,-1011987
2016/05/19,0,579000,-1152000,-573000
2016/05/20,0,598927,-1817114,-1218187
2016/05/23,0,2482655,-3777000,-1294345
2016/05/24,0,6028000,-4475631,1552369
2016/05/25,0,2150000,-3903000,-1753000
2016/05/26,0,5961000,-4504000,1457000
2016/05/27,0,2705772,-3952000,-1246228
2016/05/30,0,2361000,-3448000,-1087000
2016/05/31,0,3607000,-6008014,-2401014
2016/06/01,0,2388000,-3130000,-742000
2016/06/02,0,1715500,-1918576,-203076
2016/06/03,0,2138000,-4639000,-2501000
2016/06/06,0,1407000,-1714000,-307000
2016/06/07,0,4169000,-3713500,455500
2016/06/08,0,1361000,-958000,403000
2016/06/09,0,0,0,0
2016/06/10,0,0,0,0
2016/06/13,0,1172000,-1525275,-353275
2016/06/14,0,953000,-817000,136000
2016/06/15,0,705000,-752690,-47690
2016/06/16,0,1213580,-1261000,-47420
2016/06/17,0,4726000,-3114000,1612000
2016/06/20,0,1474000,-1723774,-249774
2016/06/21,0,2333000,-463000,1870000
2016/06/22,0,1635670,-717000,918670
2016/06/23,0,961002,-1042340,-81338
2016/06/24,0,794000,-1880000,-1086000
2016/06/27,0,738415,-1686000,-947585
2016/06/28,0,1271000,-2009000,-738000
2016/06/29,0,2456000,-2077000,379000
2016/06/30,0,3330576,-1102000,2228576
2016/07/01,0,1389000,-1895000,-506000
2016/07/04,0,434073,-1978000,-1543927
2016/07/05,0,837000,-1948000,-1111000
2016/07/06,0,547000,-2013000,-1466000
2016/07/07,0,2385000,-1590480,794520
2016/07/08,0,0,0,0
2016/07/11,0,5073100,-3333000,1740100
2016/07/12,0,4322000,-2572539,1749461
2016/07/13,0,2336000,-3486134,-1150134
2016/07/14,0,2649000,-4705850,-2056850
2016/07/15,0,2893002,-1968000,925002
2016/07/18,0,2124000,-1990000,134000
2016/07/19,0,1927082,-1541000,386082
2016/07/20,0,2440000,-1888000,552000
2016/07/21,0,2751000,-1200111,1550889
2016/07/22,0,1318000,-1719000,-401000
2016/07/25,0,516000,-1294000,-778000
2016/07/26,0,2445000,-1229000,1216000
2016/07/27,0,3025000,-813000,2212000
2016/07/28,0,3954000,-2119000,1835000
2016/07/29,0,2395000,-3218000,-823000
2016/08/01,0,1861120,-1083000,778120
2016/08/02,0,1318500,-1927000,-608500
2016/08/03,0,1046000,-1668000,-622000
2016/08/04,0,1206000,-1552000,-346000
2016/08/05,0,1285000,-623000,662000
2016/08/08,0,1642001,-2454000,-811999
2016/08/09,0,1293000,-1207000,86000
2016/08/10,0,1245530,-560800,684730
2016/08/11,0,1202000,-1669000,-467000
2016/08/12,0,929000,-1314001,-385001
2016/08/15,0,1455000,-2553000,-1098000
2016/08/16,0,1120000,-1121000,-1000
2016/08/17,0,1183190,-459000,724190
2016/08/18,0,408000,-770000,-362000
2016/08/19,0,4001567,-4138000,-136433
2016/08/22,0,1206000,-1084327,121673
2016/08/23,0,3538000,-3343000,195000
2016/08/24,0,409000,-927000,-518000
2016/08/25,0,10732799,-11167000,-434201
2016/08/26,0,649538,-465000,184538
2016/08/29,0,776000,-720000,56000
2016/08/30,0,415667,-456000,-40333
2016/08/31,0,1446275,-1422000,24275
2016/09/01,0,893025,-330126,562899
2016/09/02,0,619867,-749769,-129902
2016/09/05,0,920000,-1522000,-602000
2016/09/06,0,1119669,-652000,467669
2016/09/07,0,3558000,-4282000,-724000
2016/09/08,0,5587060,-4522328,1064732
2016/09/09,0,653000,-542000,111000
2016/09/12,0,725000,-1537508,-812508
2016/09/13,0,1657000,-1703000,-46000
2016/09/14,0,635538,-1294833,-659295
2016/09/15,0,0,0,0
2016/09/16,0,0,0,0
2016/09/19,0,2580456,-2841000,-260544
2016/09/20,0,3798000,-6135000,-2337000
2016/09/21,0,5972000,-6829867,-857867
2016/09/22,0,1033335,-1620369,-587034
2016/09/23,0,1031000,-1148586,-117586
2016/09/26,0,1066000,-1376380,-310380
2016/09/27,0,0,0,0
2016/09/28,0,0,0,0
2016/09/29,0,2975575,-3247951,-272376
2016/09/30,0,1001514,-1076184,-74670
2016/10/03,0,713000,-1297000,-584000
2016/10/04,0,902000,-1331656,-429656
2016/10/05,0,978000,-932000,46000
2016/10/06,0,1935050,-1535000,400050
2016/10/07,0,1285385,-324050,961335
2016/10/10,0,0,0,0
2016/10/11,0,5159000,-1756000,3403000
2016/10/12,0,502381,-567770,-65389
2016/10/13,0,2474881,-999000,1475881
2016/10/14,0,1932000,-428000,1504000
2016/10/17,0,2475000,-1406279,1068721
2016/10/18,0,2222484,-1021000,1201484
2016/10/19,0,3983800,-1826000,2157800
2016/10/20,0,2377000,-745971,1631029
2016/10/21,0,1872000,-971700,900300
2016/10/24,0,1551384,-1239000,312384
2016/10/25,0,1652713,-1380000,272713
2016/10/26,0,1101384,-362000,739384
2016/10/27,0,1151742,-639000,512742
2016/10/28,0,1604000,-1127249,476751
2016/10/31,0,1788876,-1497000,291876
2016/11/01,0,757383,-810000,-52617
2016/11/02,0,1666201,-1219111,447090
2016/11/03,0,1209000,-472000,737000
2016/11/04,0,1674000,-1414000,260000
2016/11/07,0,1705000,-1971508,-266508
2016/11/08,0,684871,-543000,141871
2016/11/09,0,1297000,-4125000,-2828000
2016/11/10,0,739000,-1375300,-636300
2016/11/11,0,768380,-1962831,-1194451
2016/11/14,0,729134,-1197000,-467866
2016/11/15,0,1082374,-2424000,-1341626
2016/11/16,0,1108900,-985508,123392
2016/11/17,0,1821131,-1748000,73131
2016/11/18,0,784754,-1082000,-297246
2016/11/21,0,299377,-399531,-100154
2016/11/22,0,2009493,-1705994,303499
2016/11/23,0,1065000,-1586355,-521355
2016/11/24,0,633000,-580000,53000
2016/11/25,0,174508,-203000,-28492
2016/11/28,0,814000,-457000,357000
2016/11/29,0,822000,-1124124,-302124
2016/11/30,0,1293031,-1833928,-540897
2016/12/01,0,974939,-421000,553939
2016/12/02,0,631137,-528000,103137
2016/12/05,0,294000,-410159,-116159
2016/12/06,0,571000,-505000,66000
2016/12/07,0,404000,-235382,168618
2016/12/08,0,1069200,-1527000,-457800
2016/12/09,0,517576,-533458,-15882
2016/12/12,0,434756,-692650,-257894
2016/12/13,0,3898071,-4120747,-222676
2016/12/14,0,424770,-152000,272770
2016/12/15,0,602000,-759000,-157000
2016/12/16,0,976069,-1419200,-443131
2016/12/19,0,234000,-1580000,-1346000
2016/12/20,0,359511,-406259,-46748
2016/12/21,0,248575,-1408000,-1159425
2016/12/22,0,441736,-929982,-488246
2016/12/23,0,348374,-833000,-484626
2016/12/26,0,332000,-315000,17000
2016/12/27,0,171000,-539000,-368000
2016/12/28,0,652000,-385000,267000
2016/12/29,0,784628,-770307,14321
2016/12/30,0,539100,-450113,88987
2017/01/02,0,0,0,0
2017/01/03,0,476000,-314000,162000
2017/01/04,0,874000,-621720,252280
2017/01/05,0,2008819,-919000,1089819
2017/01/06,0,1867000,-1285000,582000
2017/01/09,0,502401,-1224000,-721599
2017/01/10,0,1041000,-569000,472000
2017/01/11,0,897212,-264000,633212
2017/01/12,0,1096758,-521000,575758
2017/01/13,0,1114095,-627000,487095
2017/01/16,0,951000,-809949,141051
2017/01/17,0,863194,-808000,55194
2017/01/18,0,1412900,-1161981,250919
2017/01/19,0,2464892,-2907937,-443045
2017/01/20,0,825742,-936266,-110524
2017/01/23,0,1425879,-669768,756111
2017/01/24,0,1031512,-793780,237732
2017/01/25,0,0,0,0
2017/01/26,0,0,0,0
2017/01/27,0,0,0,0
2017/01/30,0,0,0,0
2017/01/31,0,0,0,0
2017/02/01,0,0,0,0
2017/02/02,0,2158166,-2219857,-61691
2017/02/03,0,1438000,-1295541,142459
2017/02/06,0,3081000,-1746275,1334725
2017/02/07,0,2271363,-1618056,653307
2017/02/08,0,3854382,-2358640,1495742
2017/02/09,0,2666098,-3041000,-374902
2017/02/10,0,3376000,-3276000,100000
2017/02/13,0,1250402,-481192,769210
2017/02/14,0,1757658,-1180474,577184
2017/02/15,0,1141000,-582000,559000
2017/02/16,0,1504000,-1750000,-246000
2017/02/17,0,1655000,-1250000,405000
2017/02/20,0,801000,-1071000,-270000
2017/02/21,0,1487000,-1277000,210000
2017/02/22,0,936792,-807000,129792
2017/02/23,0,1576000,-1821690,-245690
2017/02/24,0,893000,-2548524,-1655524
2017/02/27,0,0,0,0
2017/02/28,0,0,0,0
2017/03/01,0,1586470,-763728,822742
2017/03/02,0,1664000,-1909278,-245278
2017/03/03,0,549000,-513633,35367
2017/03/06,0,567399,-392076,175323
2017/03/07,0,1219185,-1039164,180021
2017/03/08,0,1402000,-1502469,-100469
2017/03/09,0,895792,-1206823,-311031
2017/03/10,0,275817,-670000,-394183
2017/03/13,0,1428939,-2342000,-913061
2017/03/14,0,2120321,-2057943,62378
2017/03/15,0,769000,-740469,28531
2017/03/16,0,706500,-614677,91823
2017/03/17,0,2224681,-1881533,343148
2017/03/20,0,553000,-180000,373000
2017/03/21,0,1523134,-628000,895134
2017/03/22,0,712438,-971084,-258646
2017/03/23,0,1641001,-871542,769459
2017/03/24,0,851156,-652335,198821
2017/03/27,0,791729,-419000,372729
2017/03/28,0,1292000,-1064482,227518
2017/03/29,0,874736,-639000,235736
2017/03/30,0,973001,-634876,338125
2017/03/31,0,922000,-720000,202000
2017/04/03,0,0,0,0
2017/04/04,0,0,0,0
2017/04/05,0,2461441,-3124400,-662959
2017/04/06,0,753520,-1114000,-360480
2017/04/07,0,527000,-322000,205000
2017/04/10,0,215000,-75000,140000
2017/04/11,0,517000,-387900,129100
2017/04/12,0,356000,-519000,-163000
2017/04/13,0,410000,-280000,130000
2017/04/14,0,31000,-148000,-117000
2017/04/17,0,121000,-172000,-51000
2017/04/18,0,124000,-365005,-241005
2017/04/19,0,226000,-1433880,-1207880
2017/04/20,0,702200,-496000,206200
2017/04/21,0,1077000,-955034,121966
2017/04/24,0,520057,-729000,-208943
2017/04/25,0,1052888,-605000,447888
2017/04/26,0,2139200,-1584000,555200
2017/04/27,0,678300,-915000,-236700
2017/04/28,0,1375000,-973000,402000
2017/05/01,0,0,0,0
2017/05/02,0,1453524,-497000,956524
2017/05/03,0,321000,-134000,187000
2017/05/04,0,2024000,-405000,1619000
2017/05/05,0,3183814,-1162000,2021814
2017/05/08,0,7550070,-3782000,3768070
2017/05/09,0,3255375,-2387800,867575
2017/05/10,0,1405154,-1881000,-475846
2017/05/11,0,2963190,-3088000,-124810
2017/05/12,0,1178000,-728000,450000
2017/05/15,0,1445809,-774000,671809
2017/05/16,0,1896000,-1410328,485672
2017/05/17,0,1796000,-1054000,742000
2017/05/18,0,1040474,-1280905,-240431
2017/05/19,0,458693,-706709,-248016
2017/05/22,0,1563345,-707500,855845
2017/05/23,0,1344340,-749068,595272
2017/05/24,0,968000,-2495000,-1527000
2017/05/25,0,1784020,-1272943,511077
2017/05/26,0,0,0,0
2017/05/29,0,0,0,0
2017/05/30,0,0,0,0
2017/05/31,0,2385901,-2274418,111483
2017/06/01,0,1174000,-1163000,11000
2017/06/02,0,1133000,-990000,143000
2017/06/05,0,618000,-363700,254300
2017/06/06,0,316000,-591000,-275000
2017/06/07,0,1514000,-1184000,330000
2017/06/08,0,941000,-652000,289000
2017/06/09,0,1217000,-794000,423000
2017/06/12,0,186140,-713050,-526910
2017/06/13,0,348000,-893300,-545300
2017/06/14,0,1120000,-1487489,-367489
2017/06/15,0,865000,-618000,247000
2017/06/16,0,1386000,-1157820,228180
2017/06/19,0,687402,-1121000,-433598
2017/06/20,0,1203000,-1585000,-382000
2017/06/21,0,1032000,-1275300,-243300
2017/06/22,0,611000,-673000,-62000
2017/06/23,0,258000,-287000,-29000
2017/06/26,0,837000,-199000,638000
2017/06/27,0,412110,-285000,127110
2017/06/28,0,1090000,-602983,487017
2017/06/29,0,1397000,-560000,837000
2017/06/30,0,196000,-601000,-405000
2017/07/03,0,253466,-231172,22294
2017/07/04,0,277000,-886000,-609000
2017/07/05,0,272000,-340070,-68070
2017/07/06,0,976734,-1639934,-663200
2017/07/07,0,74655,-458894,-384239
2017/07/10,0,507111,-1051068,-543957
2017/07/11,0,1393737,-542000,851737
2017/07/12,0,899000,-329421,569579
2017/07/13,0,1670859,-404000,1266859
2017/07/14,0,394000,-235000,159000
2017/07/17,0,550000,-329000,221000
2017/07/18,0,625000,-458800,166200
2017/07/19,0,432000,-861000,-429000
2017/07/20,0,1423441,-1180000,243441
2017/07/21,0,596074,-415000,181074
2017/07/24,0,2313695,-879496,1434199
2017/07/25,0,154690,-405742,-251052
2017/07/26,0,1232000,-804738,427262
2017/07/27,0,1126000,-3136600,-2010600
2017/07/28,0,437515,-3297029,-2859514
2017/07/31,0,696000,-1133107,-437107
2017/08/01,0,936657,-1374000,-437343
2017/08/02,0,1458000,-1979000,-521000
2017/08/03,0,2153000,-1642608,510392
2017/08/04,0,1246000,-940000,306000
2017/08/07,0,1205570,-1747668,-542098
2017/08/08,0,778000,-2423000,-1645000
2017/08/09,0,866603,-1341000,-474397
2017/08/10,0,924804,-959000,-34196
2017/08/11,0,71610,-516000,-444390
2017/08/14,0,439000,-411723,27277
2017/08/15,0,783000,-618000,165000
2017/08/16,0,844035,-845900,-1865
2017/08/17,0,712000,-688000,24000
2017/08/18,0,618000,-764000,-146000
