Date,Open,Buy,Sell,Total
2007/01/02,0,720000,-791000,-71000
2007/01/03,0,9187000,-600000,8587000
2007/01/04,0,3792000,0,3792000
2007/01/05,0,3014000,-120000,2894000
2007/01/08,0,1992000,0,1992000
2007/01/09,0,1454000,-1425000,29000
2007/01/10,0,420000,-421321,-1321
2007/01/11,0,5192000,-30000,5162000
2007/01/12,0,1317000,-1200000,117000
2007/01/15,0,638000,0,638000
2007/01/16,0,866000,-1339000,-473000
2007/01/17,0,202000,-1420000,-1218000
2007/01/18,0,0,-2040000,-2040000
2007/01/19,0,600000,-4120000,-3520000
2007/01/22,0,12000,-2791000,-2779000
2007/01/23,0,0,-260000,-260000
2007/01/24,0,496000,-3758000,-3262000
2007/01/25,0,6000,-2015000,-2009000
2007/01/26,0,0,-1966000,-1966000
2007/01/29,0,440000,-3725980,-3285980
2007/01/30,0,29000,-2319000,-2290000
2007/01/31,0,0,-1000000,-1000000
2007/02/01,0,0,-526000,-526000
2007/02/02,0,900000,0,900000
2007/02/05,0,114000,-1057000,-943000
2007/02/06,0,621000,-1700000,-1079000
2007/02/07,0,40000,-524000,-484000
2007/02/08,0,1000,-200000,-199000
2007/02/09,0,0,-101000,-101000
2007/02/12,0,120000,0,120000
2007/02/13,0,370000,-1600000,-1230000
2007/02/14,0,112000,-1250000,-1138000
2007/02/15,0,0,0,0
2007/02/16,0,0,0,0
2007/02/19,0,0,0,0
2007/02/20,0,0,0,0
2007/02/21,0,0,0,0
2007/02/22,0,0,0,0
2007/02/23,0,0,0,0
2007/02/26,0,680000,0,680000
2007/02/27,0,1007000,-1184500,-177500
2007/02/28,0,0,0,0
2007/03/01,0,2165000,-198000,1967000
2007/03/02,0,0,-876385,-876385
2007/03/05,0,0,-1433000,-1433000
2007/03/06,0,75000,-1311000,-1236000
2007/03/07,0,0,0,0
2007/03/08,0,50000,-850000,-800000
2007/03/09,0,500000,-1118000,-618000
2007/03/12,0,150000,-848000,-698000
2007/03/13,0,550000,-4000,546000
2007/03/14,0,200000,-150000,50000
2007/03/15,0,980000,-621000,359000
2007/03/16,0,42000,-103000,-61000
2007/03/19,0,411000,-100000,311000
2007/03/20,0,722000,-632000,90000
2007/03/21,0,243000,-600340,-357340
2007/03/22,0,0,-35000,-35000
2007/03/23,0,509000,-200000,309000
2007/03/26,0,1001000,-320000,681000
2007/03/27,0,0,-360000,-360000
2007/03/28,0,50000,-116000,-66000
2007/03/29,0,0,-900000,-900000
2007/03/30,0,1015000,-677000,338000
2007/04/02,0,50000,0,50000
2007/04/03,0,0,-154000,-154000
2007/04/04,0,0,-9000,-9000
2007/04/05,0,0,0,0
2007/04/06,0,0,0,0
2007/04/09,0,0,0,0
2007/04/10,0,0,-23000,-23000
2007/04/11,0,161000,-200000,-39000
2007/04/12,0,328000,-305000,23000
2007/04/13,0,1500000,-397000,1103000
2007/04/16,0,380000,-198284,181716
2007/04/17,0,302000,-2175000,-1873000
2007/04/18,0,380000,-1336000,-956000
2007/04/19,0,20000,-253000,-233000
2007/04/20,0,636000,0,636000
2007/04/23,0,300000,0,300000
2007/04/24,0,36000,0,36000
2007/04/25,0,0,0,0
2007/04/26,0,0,0,0
2007/04/27,0,0,-225000,-225000
2007/04/30,0,0,-266000,-266000
2007/05/01,0,0,0,0
2007/05/02,0,0,-1055000,-1055000
2007/05/03,0,0,-1442000,-1442000
2007/05/04,0,303000,0,303000
2007/05/07,0,0,-1695000,-1695000
2007/05/08,0,0,-750000,-750000
2007/05/09,0,0,0,0
2007/05/10,0,0,-33000,-33000
2007/05/11,0,0,0,0
2007/05/14,0,0,-11000,-11000
2007/05/15,0,8000,0,8000
2007/05/16,0,0,-1021000,-1021000
2007/05/17,0,200000,-1000,199000
2007/05/18,0,0,-30000,-30000
2007/05/21,0,0,0,0
2007/05/22,0,0,-231470,-231470
2007/05/23,0,15000,-442820,-427820
2007/05/24,0,0,-40000,-40000
2007/05/25,0,0,-1340000,-1340000
2007/05/28,0,0,-1550000,-1550000
2007/05/29,0,1000,-1350000,-1349000
2007/05/30,0,979000,0,979000
2007/05/31,0,692000,-500000,192000
2007/06/01,0,20000,-200000,-180000
2007/06/04,0,1000,-430000,-429000
2007/06/05,0,0,0,0
2007/06/06,0,81000,-200000,-119000
2007/06/07,0,1000000,0,1000000
2007/06/08,0,0,-200000,-200000
2007/06/11,0,1965000,0,1965000
2007/06/12,0,1901000,0,1901000
2007/06/13,0,2330000,-36000,2294000
2007/06/14,0,7310000,-1000,7309000
2007/06/15,0,110000,-1000,109000
2007/06/18,0,0,0,0
2007/06/19,0,0,0,0
2007/06/20,0,2250000,0,2250000
2007/06/21,0,150000,-4000,146000
2007/06/22,0,4475000,-200000,4275000
2007/06/25,0,4000,-333000,-329000
2007/06/26,0,0,0,0
2007/06/27,0,1000000,0,1000000
2007/06/28,0,815000,-560000,255000
2007/06/29,0,250000,-100000,150000
2007/07/02,0,405000,0,405000
2007/07/03,0,780000,-275000,505000
2007/07/04,0,1410000,0,1410000
2007/07/05,0,1362000,-672000,690000
2007/07/06,0,1597000,0,1597000
2007/07/09,0,644000,-187000,457000
2007/07/10,0,954000,0,954000
2007/07/11,0,311000,-1514000,-1203000
2007/07/12,0,200000,-102000,98000
2007/07/13,0,4432000,-994000,3438000
2007/07/16,0,789000,-55000,734000
2007/07/17,0,220000,-551000,-331000
2007/07/18,0,615000,-1215000,-600000
2007/07/19,0,1000,-630000,-629000
2007/07/20,0,21000,-2723000,-2702000
2007/07/23,0,435000,0,435000
2007/07/24,0,2000000,-2553000,-553000
2007/07/25,0,2000,-6623000,-6621000
2007/07/26,0,4556000,-223000,4333000
2007/07/27,0,1000,-1400000,-1399000
2007/07/30,0,200000,-320000,-120000
2007/07/31,0,2215000,-56000,2159000
2007/08/01,0,2589000,-2000,2587000
2007/08/02,0,550000,-31000,519000
2007/08/03,0,110000,-1000,109000
2007/08/06,0,1660000,-3700000,-2040000
2007/08/07,0,12000,0,12000
2007/08/08,0,2000,0,2000
2007/08/09,0,0,-300000,-300000
2007/08/10,0,203000,-143000,60000
2007/08/13,0,198000,-80000,118000
2007/08/14,0,0,-25000,-25000
2007/08/15,0,0,0,0
2007/08/16,0,462000,-12000,450000
2007/08/17,0,352000,-1000,351000
2007/08/20,0,542000,-2250000,-1708000
2007/08/21,0,0,-2459000,-2459000
2007/08/22,0,19000,0,19000
2007/08/23,0,251000,0,251000
2007/08/24,0,750000,0,750000
2007/08/27,0,2075000,0,2075000
2007/08/28,0,200000,0,200000
2007/08/29,0,500000,-112000,388000
2007/08/30,0,894000,0,894000
2007/08/31,0,4000,-5000,-1000
2007/09/03,0,0,-541000,-541000
2007/09/04,0,1003000,-211000,792000
2007/09/05,0,0,-309560,-309560
2007/09/06,0,4000,0,4000
2007/09/07,0,400000,-1300000,-900000
2007/09/10,0,389000,-550000,-161000
2007/09/11,0,439000,0,439000
2007/09/12,0,314000,0,314000
2007/09/13,0,374000,0,374000
2007/09/14,0,701000,0,701000
2007/09/17,0,6050000,0,6050000
2007/09/18,0,0,0,0
2007/09/19,0,1750000,0,1750000
2007/09/20,0,30000,0,30000
2007/09/21,0,1935000,0,1935000
2007/09/24,0,0,0,0
2007/09/25,0,0,0,0
2007/09/26,0,1610000,-1000,1609000
2007/09/27,0,4622000,-144000,4478000
2007/09/28,0,1845000,0,1845000
2007/10/01,0,500000,-21000,479000
2007/10/02,0,210000,-20000,190000
2007/10/03,0,1353000,-50000,1303000
2007/10/04,0,2350000,-30000,2320000
2007/10/05,0,2559000,-171000,2388000
2007/10/08,0,1000000,-3000,997000
2007/10/09,0,1092000,-65000,1027000
2007/10/10,0,0,0,0
2007/10/11,0,2558000,-900000,1658000
2007/10/12,0,500000,0,500000
2007/10/15,0,41000,-3520,37480
2007/10/16,0,22000,0,22000
2007/10/17,0,2197000,0,2197000
2007/10/18,0,1580000,0,1580000
2007/10/19,0,1358000,-381000,977000
2007/10/22,0,0,0,0
2007/10/23,0,460000,-177000,283000
2007/10/24,0,800000,-1288000,-488000
2007/10/25,0,832000,-294000,538000
2007/10/26,0,306000,-107000,199000
2007/10/29,0,1005000,0,1005000
2007/10/30,0,2988000,-1123000,1865000
2007/10/31,0,356000,-594000,-238000
2007/11/01,0,651000,-1060000,-409000
2007/11/02,0,1460000,-50000,1410000
2007/11/05,0,53000,0,53000
2007/11/06,0,0,-40000,-40000
2007/11/07,0,1220000,0,1220000
2007/11/08,0,472000,-250000,222000
2007/11/09,0,1000,-67000,-66000
2007/11/12,0,2000,-226000,-224000
2007/11/13,0,0,-20000,-20000
2007/11/14,0,873000,-1000,872000
2007/11/15,0,700000,-1586000,-886000
2007/11/16,0,39000,-1354000,-1315000
2007/11/19,0,68000,-300000,-232000
2007/11/20,0,0,0,0
2007/11/21,0,187000,-100000,87000
2007/11/22,0,451000,-3000,448000
2007/11/23,0,2000,-70000,-68000
2007/11/26,0,1000,0,1000
2007/11/27,0,0,-165000,-165000
2007/11/28,0,201000,0,201000
2007/11/29,0,0,0,0
2007/11/30,0,1990000,0,1990000
2007/12/03,0,2522000,0,2522000
2007/12/04,0,703000,0,703000
2007/12/05,0,176000,-116000,60000
2007/12/06,0,292000,0,292000
2007/12/07,0,0,0,0
2007/12/10,0,0,-86000,-86000
2007/12/11,0,0,-109000,-109000
2007/12/12,0,1172000,0,1172000
2007/12/13,0,562000,0,562000
2007/12/14,0,25000,-62000,-37000
2007/12/17,0,3000,0,3000
2007/12/18,0,482000,-559000,-77000
2007/12/19,0,261000,-2000,259000
2007/12/20,0,2001000,0,2001000
2007/12/21,0,483000,-3000,480000
2007/12/24,0,1343000,-50000,1293000
2007/12/25,0,200000,-1000,199000
2007/12/26,0,1230000,0,1230000
2007/12/27,0,347000,0,347000
2007/12/28,0,0,-1201000,-1201000
2007/12/31,0,0,-25000,-25000
2008/01/01,0,0,0,0
2008/01/02,0,23000,0,23000
2008/01/03,0,0,0,0
2008/01/04,0,1457000,-2673000,-1216000
2008/01/07,0,1000,-871280,-870280
2008/01/08,0,541000,-56000,485000
2008/01/09,0,1023000,-860200,162800
2008/01/10,0,1000,-637000,-636000
2008/01/11,0,103000,-90000,13000
2008/01/14,0,1000,-724000,-723000
2008/01/15,0,369000,-2126000,-1757000
2008/01/16,0,0,-5597000,-5597000
2008/01/17,0,9000,-799000,-790000
2008/01/18,0,9000,0,9000
2008/01/21,0,1028000,-880440,147560
2008/01/22,0,0,-290000,-290000
2008/01/23,0,753000,-1495000,-742000
2008/01/24,0,36000,-1228000,-1192000
2008/01/25,0,1829000,-1034000,795000
2008/01/28,0,102000,-757000,-655000
2008/01/29,0,1267000,0,1267000
2008/01/30,0,1000,0,1000
2008/01/31,0,0,-275000,-275000
2008/02/01,0,1067000,0,1067000
2008/02/04,0,0,0,0
2008/02/05,0,0,0,0
2008/02/06,0,0,0,0
2008/02/07,0,0,0,0
2008/02/08,0,0,0,0
2008/02/11,0,0,0,0
2008/02/12,0,0,-300000,-300000
2008/02/13,0,1000000,-570000,430000
2008/02/14,0,2153000,-1000000,1153000
2008/02/15,0,3535000,-99000,3436000
2008/02/18,0,232000,0,232000
2008/02/19,0,70000,-1909540,-1839540
2008/02/20,0,1500000,-1931000,-431000
2008/02/21,0,5817000,-1059000,4758000
2008/02/22,0,300000,0,300000
2008/02/25,0,0,-535000,-535000
2008/02/26,0,0,-600000,-600000
2008/02/27,0,0,-191000,-191000
2008/02/28,0,0,0,0
2008/02/29,0,1000,-50000,-49000
2008/03/03,0,0,-140000,-140000
2008/03/04,0,501000,-3082000,-2581000
2008/03/05,0,500000,-1844000,-1344000
2008/03/06,0,1000,-845000,-844000
2008/03/07,0,0,-3552000,-3552000
2008/03/10,0,162000,-2538000,-2376000
2008/03/11,0,986000,-3795000,-2809000
2008/03/12,0,3000,-2214000,-2211000
2008/03/13,0,0,-101000,-101000
2008/03/14,0,1000,-1421000,-1420000
2008/03/17,0,742000,-369000,373000
2008/03/18,0,1000,-2651000,-2650000
2008/03/19,0,123000,-922000,-799000
2008/03/20,0,190000,-952600,-762600
2008/03/21,0,1000,-1667000,-1666000
2008/03/24,0,3000,-118000,-115000
2008/03/25,0,55000,-3301000,-3246000
2008/03/26,0,30000,-236000,-206000
2008/03/27,0,2000,-502000,-500000
2008/03/28,0,3000,-1051000,-1048000
2008/03/31,0,38000,-102000,-64000
2008/04/01,0,1001000,-2000008,-999008
2008/04/02,0,600000,-130000,470000
2008/04/03,0,1001000,0,1001000
2008/04/04,0,0,0,0
2008/04/07,0,1577000,0,1577000
2008/04/08,0,1273000,-2348000,-1075000
2008/04/09,0,1000,-1099000,-1098000
2008/04/10,0,0,-1130000,-1130000
2008/04/11,0,0,-1770000,-1770000
2008/04/14,0,70000,-678000,-608000
2008/04/15,0,0,-500000,-500000
2008/04/16,0,0,-2783000,-2783000
2008/04/17,0,4437000,-1000000,3437000
2008/04/18,0,547000,-745000,-198000
2008/04/21,0,1000,-854000,-853000
2008/04/22,0,521000,0,521000
2008/04/23,0,276000,-500000,-224000
2008/04/24,0,1502000,-600000,902000
2008/04/25,0,1000,0,1000
2008/04/28,0,816000,-1162000,-346000
2008/04/29,0,188000,0,188000
2008/04/30,0,257000,-159000,98000
2008/05/01,0,0,0,0
2008/05/02,0,8000,-298000,-290000
2008/05/05,0,213000,0,213000
2008/05/06,0,3000,0,3000
2008/05/07,0,310000,-52000,258000
2008/05/08,0,606000,0,606000
2008/05/09,0,602000,0,602000
2008/05/12,0,35000,0,35000
2008/05/13,0,293000,-5000,288000
2008/05/14,0,272000,-2899000,-2627000
2008/05/15,0,374000,0,374000
2008/05/16,0,500000,-109000,391000
2008/05/19,0,277000,-150000,127000
2008/05/20,0,306000,-1000,305000
2008/05/21,0,50000,0,50000
2008/05/22,0,103000,-2000000,-1897000
2008/05/23,0,0,-1000,-1000
2008/05/26,0,48000,0,48000
2008/05/27,0,444000,-2000000,-1556000
2008/05/28,0,78000,0,78000
2008/05/29,0,2000,-3200000,-3198000
2008/05/30,0,592000,-3760000,-3168000
2008/06/02,0,113000,0,113000
2008/06/03,0,0,0,0
2008/06/04,0,197000,-1000000,-803000
2008/06/05,0,1000,0,1000
2008/06/06,0,101000,-569000,-468000
2008/06/09,0,295000,0,295000
2008/06/10,0,0,0,0
2008/06/11,0,2000,-700000,-698000
2008/06/12,0,3000,0,3000
2008/06/13,0,172000,0,172000
2008/06/16,0,500000,-1000,499000
2008/06/17,0,252000,-1049000,-797000
2008/06/18,0,358000,-763000,-405000
2008/06/19,0,180000,-442000,-262000
2008/06/20,0,156000,-5000,151000
2008/06/23,0,25000,-245000,-220000
2008/06/24,0,1000,0,1000
2008/06/25,0,48000,-1000,47000
2008/06/26,0,100000,-1564000,-1464000
2008/06/27,0,1000,0,1000
2008/06/30,0,5000,-217000,-212000
2008/07/01,0,263000,0,263000
2008/07/02,0,1271000,-102000,1169000
2008/07/03,0,91000,0,91000
2008/07/04,0,5000,0,5000
2008/07/07,0,6000,0,6000
2008/07/08,0,7000,0,7000
2008/07/09,0,60000,-611000,-551000
2008/07/10,0,0,-300685,-300685
2008/07/11,0,125000,-532000,-407000
2008/07/14,0,0,-225000,-225000
2008/07/15,0,3000,-1000,2000
2008/07/16,0,5000,-10000,-5000
2008/07/17,0,752000,-498000,254000
2008/07/18,0,3270000,-826000,2444000
2008/07/21,0,427000,-643000,-216000
2008/07/22,0,872000,0,872000
2008/07/23,0,1001000,-1602000,-601000
2008/07/24,0,1001000,-804000,197000
2008/07/25,0,125000,-7080,117920
2008/07/28,0,0,0,0
2008/07/29,0,263000,-294000,-31000
2008/07/30,0,327000,-332000,-5000
2008/07/31,0,1000,0,1000
2008/08/01,0,302000,-1185000,-883000
2008/08/04,0,0,-6323000,-6323000
2008/08/05,0,0,-231000,-231000
2008/08/06,0,502000,0,502000
2008/08/07,0,1258000,0,1258000
2008/08/08,0,1587000,-310408,1276592
2008/08/11,0,1745000,-1617200,127800
2008/08/12,0,1979000,-220000,1759000
2008/08/13,0,1500000,-1163000,337000
2008/08/14,0,0,-24000,-24000
2008/08/15,0,0,-1000,-1000
2008/08/18,0,460000,0,460000
2008/08/19,0,160000,-6000,154000
2008/08/20,0,1331000,-5000,1326000
2008/08/21,0,73000,-4000,69000
2008/08/22,0,0,0,0
2008/08/25,0,123000,-61000,62000
2008/08/26,0,617000,-6000,611000
2008/08/27,0,216000,-200000,16000
2008/08/28,0,690000,0,690000
2008/08/29,0,3000,0,3000
2008/09/01,0,934000,0,934000
2008/09/02,0,2000,-836000,-834000
2008/09/03,0,516000,0,516000
2008/09/04,0,1061000,-1008000,53000
2008/09/05,0,2264000,-1300000,964000
2008/09/08,0,10000,-1114000,-1104000
2008/09/09,0,6000,-1020000,-1014000
2008/09/10,0,325000,-405000,-80000
2008/09/11,0,0,0,0
2008/09/12,0,80000,-77000,3000
2008/09/15,0,529000,-300000,229000
2008/09/16,0,471000,-227000,244000
2008/09/17,0,1405000,-597000,808000
2008/09/18,0,63000,-18000,45000
2008/09/19,0,257000,-200000,57000
2008/09/22,0,379000,-500000,-121000
2008/09/23,0,80000,-278400,-198400
2008/09/24,0,250000,-1000,249000
2008/09/25,0,4000,-4000,0
2008/09/26,0,2866000,-29900,2836100
2008/09/29,0,0,0,0
2008/09/30,0,0,-220000,-220000
2008/10/01,0,1000,-436300,-435300
2008/10/02,0,0,-352000,-352000
2008/10/03,0,333000,-7000,326000
2008/10/06,0,5000,-5000,0
2008/10/07,0,0,-4000,-4000
2008/10/08,0,0,-2000,-2000
2008/10/09,0,285000,0,285000
2008/10/10,0,0,0,0
2008/10/13,0,0,-85440,-85440
2008/10/14,0,500000,-477161,22839
2008/10/15,0,280000,-236000,44000
2008/10/16,0,502000,0,502000
2008/10/17,0,300000,-106000,194000
2008/10/20,0,1197000,-6000,1191000
2008/10/21,0,100000,-348000,-248000
2008/10/22,0,0,0,0
2008/10/23,0,0,-184000,-184000
2008/10/24,0,0,-513906,-513906
2008/10/27,0,0,0,0
2008/10/28,0,402000,-2814466,-2412466
2008/10/29,0,1732000,-701000,1031000
2008/10/30,0,2536000,-202008,2333992
2008/10/31,0,1611000,-570900,1040100
2008/11/03,0,735000,-570000,165000
2008/11/04,0,552000,-1219000,-667000
2008/11/05,0,1204000,-990000,214000
2008/11/06,0,102000,-512000,-410000
2008/11/07,0,331000,-900000,-569000
2008/11/10,0,0,-200000,-200000
2008/11/11,0,561000,-3054000,-2493000
2008/11/12,0,50000,-5000,45000
2008/11/13,0,0,-175080,-175080
2008/11/14,0,0,-1612000,-1612000
2008/11/17,0,21000,-2971000,-2950000
2008/11/18,0,1000,-1035700,-1034700
2008/11/19,0,200000,-2029000,-1829000
2008/11/20,0,5000000,-150000,4850000
2008/11/21,0,2800000,-230000,2570000
2008/11/24,0,21000,-89000,-68000
2008/11/25,0,2001000,-350000,1651000
2008/11/26,0,4000,-796350,-792350
2008/11/27,0,0,-742850,-742850
2008/11/28,0,0,-7000000,-7000000
2008/12/01,0,11000,0,11000
2008/12/02,0,500000,-439350,60650
2008/12/03,0,645000,0,645000
2008/12/04,0,43000,-490,42510
2008/12/05,0,0,0,0
2008/12/08,0,6000,-400000,-394000
2008/12/09,0,1809000,0,1809000
2008/12/10,0,3395000,0,3395000
2008/12/11,0,1884000,0,1884000
2008/12/12,0,0,-774624,-774624
2008/12/15,0,0,-709000,-709000
2008/12/16,0,0,-765000,-765000
2008/12/17,0,1000,0,1000
2008/12/18,0,2000,-4000,-2000
2008/12/19,0,0,-17000,-17000
2008/12/22,0,130000,0,130000
2008/12/23,0,0,-422000,-422000
2008/12/24,0,0,-1873000,-1873000
2008/12/25,0,0,-600000,-600000
2008/12/26,0,474000,-204000,270000
2008/12/29,0,0,-500000,-500000
2008/12/30,0,0,0,0
2008/12/31,0,0,0,0
2009/01/01,0,0,0,0
2009/01/02,0,0,0,0
2009/01/05,0,717000,0,717000
2009/01/06,0,0,-100000,-100000
2009/01/07,0,0,0,0
2009/01/08,0,0,-500000,-500000
2009/01/09,0,2000,0,2000
2009/01/12,0,1000,-400000,-399000
2009/01/13,0,204000,-100000,104000
2009/01/14,0,1000,0,1000
2009/01/15,0,0,-290000,-290000
2009/01/16,0,2134000,-360000,1774000
2009/01/19,0,1500000,-186000,1314000
2009/01/20,0,0,0,0
2009/01/21,0,0,-175000,-175000
2009/01/22,0,0,0,0
2009/01/23,0,0,0,0
2009/01/26,0,0,0,0
2009/01/27,0,0,0,0
2009/01/28,0,0,0,0
2009/01/29,0,0,0,0
2009/01/30,0,0,0,0
2009/02/02,0,0,0,0
2009/02/03,0,502000,0,502000
2009/02/04,0,0,-13650,-13650
2009/02/05,0,0,0,0
2009/02/06,0,0,0,0
2009/02/09,0,0,-1000,-1000
2009/02/10,0,140000,0,140000
2009/02/11,0,1586000,-2000,1584000
2009/02/12,0,8524000,-904000,7620000
2009/02/13,0,7050000,0,7050000
2009/02/16,0,12494000,0,12494000
2009/02/17,0,9014000,0,9014000
2009/02/18,0,3132000,-300000,2832000
2009/02/19,0,1500000,-550000,950000
2009/02/20,0,6000,-122000,-116000
2009/02/23,0,2100000,-4017000,-1917000
2009/02/24,0,0,-2672000,-2672000
2009/02/25,0,1300000,-3162000,-1862000
2009/02/26,0,0,-1470000,-1470000
2009/02/27,0,563000,-1597830,-1034830
2009/03/02,0,3799000,-1132000,2667000
2009/03/03,0,1484000,-2665350,-1181350
2009/03/04,0,4563000,-400000,4163000
2009/03/05,0,10731000,-627000,10104000
2009/03/06,0,1485000,-2861000,-1376000
2009/03/09,0,5780000,-3088000,2692000
2009/03/10,0,181000,0,181000
2009/03/11,0,3350000,-200000,3150000
2009/03/12,0,0,-1925000,-1925000
2009/03/13,0,3807000,-2000,3805000
2009/03/16,0,60000,-2200000,-2140000
2009/03/17,0,0,-3170000,-3170000
2009/03/18,0,1671000,-1614000,57000
2009/03/19,0,1680000,-4030000,-2350000
2009/03/20,0,300000,-1776000,-1476000
2009/03/23,0,60000,-717000,-657000
2009/03/24,0,1910000,-684000,1226000
2009/03/25,0,3492000,-500000,2992000
2009/03/26,0,402000,0,402000
2009/03/27,0,255000,0,255000
2009/03/30,0,3680000,0,3680000
2009/03/31,0,2031000,-1477000,554000
2009/04/01,0,1250000,-460000,790000
2009/04/02,0,0,-1152000,-1152000
2009/04/03,0,3232000,-586000,2646000
2009/04/06,0,3302000,-100500,3201500
2009/04/07,0,1382000,0,1382000
2009/04/08,0,670000,-1185000,-515000
2009/04/09,0,1937000,-82500,1854500
2009/04/10,0,1266000,-524000,742000
2009/04/13,0,1670000,-2195000,-525000
2009/04/14,0,85000,-402000,-317000
2009/04/15,0,230000,-1297000,-1067000
2009/04/16,0,3721000,-3000,3718000
2009/04/17,0,200000,0,200000
2009/04/20,0,0,-2484000,-2484000
2009/04/21,0,2061000,-5648000,-3587000
2009/04/22,0,1606000,0,1606000
2009/04/23,0,5094000,-289000,4805000
2009/04/24,0,1019000,-1000,1018000
2009/04/27,0,470000,0,470000
2009/04/28,0,412000,-845000,-433000
2009/04/29,0,1720000,-1185000,535000
2009/04/30,0,150000,-412000,-262000
2009/05/01,0,0,0,0
2009/05/04,0,4526000,-1000,4525000
2009/05/05,0,507000,-12000,495000
2009/05/06,0,6498000,-3000,6495000
2009/05/07,0,7687000,-5000,7682000
2009/05/08,0,3254000,-1000,3253000
2009/05/11,0,8639000,-149000,8490000
2009/05/12,0,2276000,-52000,2224000
2009/05/13,0,1258000,-81000,1177000
2009/05/14,0,429000,-250000,179000
2009/05/15,0,3000,-398000,-395000
2009/05/18,0,287000,-480000,-193000
2009/05/19,0,1000,-100000,-99000
2009/05/20,0,0,-8000,-8000
2009/05/21,0,0,-1356000,-1356000
2009/05/22,0,0,-1508000,-1508000
2009/05/25,0,3000,-3644000,-3641000
2009/05/26,0,742000,-2440000,-1698000
2009/05/27,0,3022000,-842020,2179980
2009/05/28,0,0,0,0
2009/05/29,0,0,0,0
2009/06/01,0,217000,-905000,-688000
2009/06/02,0,0,-458000,-458000
2009/06/03,0,210000,-2120000,-1910000
2009/06/04,0,57000,-1260000,-1203000
2009/06/05,0,0,-9724220,-9724220
2009/06/08,0,7000,-8106000,-8099000
2009/06/09,0,700000,-3060000,-2360000
2009/06/10,0,1060000,-5000,1055000
2009/06/11,0,1926000,0,1926000
2009/06/12,0,0,-1239000,-1239000
2009/06/15,0,703000,-8138000,-7435000
2009/06/16,0,3003000,-4985000,-1982000
2009/06/17,0,3405000,-2931000,474000
2009/06/18,0,1043000,-767000,276000
2009/06/19,0,151000,-2382000,-2231000
2009/06/22,0,3000,-500000,-497000
2009/06/23,0,0,-3662000,-3662000
2009/06/24,0,696000,-735000,-39000
2009/06/25,0,424000,-283000,141000
2009/06/26,0,845000,0,845000
2009/06/29,0,500000,-603000,-103000
2009/06/30,0,400000,-950,399050
2009/07/01,0,0,-2214000,-2214000
2009/07/02,0,720000,-2790000,-2070000
2009/07/03,0,0,-5843000,-5843000
2009/07/06,0,0,-3609000,-3609000
2009/07/07,0,1000,0,1000
2009/07/08,0,0,-1046000,-1046000
2009/07/09,0,77000,0,77000
2009/07/10,0,4196000,-1402000,2794000
2009/07/13,0,2000,-2000,0
2009/07/14,0,147000,-6000,141000
2009/07/15,0,3720000,0,3720000
2009/07/16,0,3231000,-2000,3229000
2009/07/17,0,2907000,-1138000,1769000
2009/07/20,0,1065000,-230000,835000
2009/07/21,0,0,-3018000,-3018000
2009/07/22,0,203000,-2000,201000
2009/07/23,0,200000,-2000,198000
2009/07/24,0,2000000,-1000,1999000
2009/07/27,0,27000,0,27000
2009/07/28,0,946000,-137000,809000
2009/07/29,0,4840000,-4053000,787000
2009/07/30,0,3000000,-2061000,939000
2009/07/31,0,4588000,-1153000,3435000
2009/08/03,0,2570000,0,2570000
2009/08/04,0,0,-4549000,-4549000
2009/08/05,0,0,-2191000,-2191000
2009/08/06,0,219000,-344000,-125000
2009/08/07,0,0,0,0
2009/08/10,0,603000,-1000,602000
2009/08/11,0,1000,-1892000,-1891000
2009/08/12,0,1790000,-3290000,-1500000
2009/08/13,0,2080000,0,2080000
2009/08/14,0,462000,-1000,461000
2009/08/17,0,350000,-2148000,-1798000
2009/08/18,0,1301000,-593000,708000
2009/08/19,0,552000,0,552000
2009/08/20,0,1000,-1983000,-1982000
2009/08/21,0,19000,-180000,-161000
2009/08/24,0,2000,0,2000
2009/08/25,0,3650000,-8000,3642000
2009/08/26,0,0,-512000,-512000
2009/08/27,0,3000,-10000,-7000
2009/08/28,0,570000,0,570000
2009/08/31,0,5000,-200000,-195000
2009/09/01,0,1112000,0,1112000
2009/09/02,0,250000,-100000,150000
2009/09/03,0,1948000,-2000,1946000
2009/09/04,0,279000,-2000,277000
2009/09/07,0,352000,-912000,-560000
2009/09/08,0,303000,-527000,-224000
2009/09/09,0,187000,-886000,-699000
2009/09/10,0,8000,-114000,-106000
2009/09/11,0,0,-158000,-158000
2009/09/14,0,0,-1219000,-1219000
2009/09/15,0,120000,-124000,-4000
2009/09/16,0,568000,-2500000,-1932000
2009/09/17,0,2290000,0,2290000
2009/09/18,0,1000,-1153000,-1152000
2009/09/21,0,1200000,-1000,1199000
2009/09/22,0,170000,-596000,-426000
2009/09/23,0,195000,-150000,45000
2009/09/24,0,530000,-1235000,-705000
2009/09/25,0,70000,-249000,-179000
2009/09/28,0,0,-546000,-546000
2009/09/29,0,952000,-90000,862000
2009/09/30,0,970000,-80000,890000
2009/10/01,0,0,-100000,-100000
2009/10/02,0,148000,-761000,-613000
2009/10/05,0,0,-748000,-748000
2009/10/06,0,0,-2087000,-2087000
2009/10/07,0,60000,-2710000,-2650000
2009/10/08,0,0,-1288000,-1288000
2009/10/09,0,1000,-1300000,-1299000
2009/10/12,0,0,-150000,-150000
2009/10/13,0,750000,-500000,250000
2009/10/14,0,3454000,-1000,3453000
2009/10/15,0,3996000,0,3996000
2009/10/16,0,66000,-7000,59000
2009/10/19,0,1955000,0,1955000
2009/10/20,0,2233000,0,2233000
2009/10/21,0,507000,-2000,505000
2009/10/22,0,0,-300000,-300000
2009/10/23,0,0,-194000,-194000
2009/10/26,0,1168000,-840000,328000
2009/10/27,0,1687000,-249000,1438000
2009/10/28,0,1160000,-4446000,-3286000
2009/10/29,0,1000,-200000,-199000
2009/10/30,0,0,0,0
2009/11/02,0,1000,-255000,-254000
2009/11/03,0,2000,-60000,-58000
2009/11/04,0,839000,-420000,419000
2009/11/05,0,377000,-236000,141000
2009/11/06,0,0,0,0
2009/11/09,0,2000,-1690000,-1688000
2009/11/10,0,41000,-2000,39000
2009/11/11,0,0,-592000,-592000
2009/11/12,0,1112000,-1281000,-169000
2009/11/13,0,664000,-1071000,-407000
2009/11/16,0,4000,-2000,2000
2009/11/17,0,406000,-91000,315000
2009/11/18,0,180000,-2000,178000
2009/11/19,0,160000,-1000,159000
2009/11/20,0,1000,-1013000,-1012000
2009/11/23,0,0,-295000,-295000
2009/11/24,0,0,-145000,-145000
2009/11/25,0,60000,0,60000
2009/11/26,0,0,0,0
2009/11/27,0,1000000,0,1000000
2009/11/30,0,1287000,-1000,1286000
2009/12/01,0,2147000,0,2147000
2009/12/02,0,1206000,-1378000,-172000
2009/12/03,0,350000,-400000,-50000
2009/12/04,0,940000,-1729000,-789000
2009/12/07,0,1280000,-2860568,-1580568
2009/12/08,0,2258000,-1246200,1011800
2009/12/09,0,2870000,-1279000,1591000
2009/12/10,0,3304000,-328000,2976000
2009/12/11,0,2442000,0,2442000
2009/12/14,0,11910000,-5000,11905000
2009/12/15,0,4785000,0,4785000
2009/12/16,0,4239000,-1004000,3235000
2009/12/17,0,4391000,-1150000,3241000
2009/12/18,0,0,-182000,-182000
2009/12/21,0,3486000,-92000,3394000
2009/12/22,0,2912000,-2000,2910000
2009/12/23,0,1271000,-120000,1151000
2009/12/24,0,2039000,-22000,2017000
2009/12/25,0,380000,-433000,-53000
2009/12/28,0,0,-378000,-378000
2009/12/29,0,0,-49000,-49000
2009/12/30,0,400000,-899000,-499000
2009/12/31,0,0,-500000,-500000
2010/01/01,0,0,0,0
2010/01/04,0,701000,-2154000,-1453000
2010/01/05,0,0,-1677000,-1677000
2010/01/06,0,573000,-1062000,-489000
2010/01/07,0,0,-1390000,-1390000
2010/01/08,0,1000000,-5670304,-4670304
2010/01/11,0,600000,-630000,-30000
2010/01/12,0,0,-111000,-111000
2010/01/13,0,0,-1606000,-1606000
2010/01/14,0,270000,0,270000
2010/01/15,0,0,-825000,-825000
2010/01/18,0,0,-649000,-649000
2010/01/19,0,1541000,-36000,1505000
2010/01/20,0,718000,-293000,425000
2010/01/21,0,0,-438000,-438000
2010/01/22,0,0,-1000000,-1000000
2010/01/25,0,0,-1017000,-1017000
2010/01/26,0,0,0,0
2010/01/27,0,4000,0,4000
2010/01/28,0,2000,-1000,1000
2010/01/29,0,1000,0,1000
2010/02/01,0,522000,-1874000,-1352000
2010/02/02,0,50000,-165000,-115000
2010/02/03,0,269000,-2000,267000
2010/02/04,0,96000,-297000,-201000
2010/02/05,0,92000,-496000,-404000
2010/02/08,0,1491000,-3291000,-1800000
2010/02/09,0,1780000,-2466000,-686000
2010/02/10,0,285000,-2463000,-2178000
2010/02/11,0,0,0,0
2010/02/12,0,0,0,0
2010/02/15,0,0,0,0
2010/02/16,0,0,0,0
2010/02/17,0,0,0,0
2010/02/18,0,0,0,0
2010/02/19,0,0,0,0
2010/02/22,0,180000,0,180000
2010/02/23,0,127000,-5514000,-5387000
2010/02/24,0,3000,0,3000
2010/02/25,0,3000,-322200,-319200
2010/02/26,0,1000,-133000,-132000
2010/03/01,0,1000,-276,724
2010/03/02,0,1085000,-20000,1065000
2010/03/03,0,650000,0,650000
2010/03/04,0,1940000,-501000,1439000
2010/03/05,0,1750000,-2062000,-312000
2010/03/08,0,1260000,-375000,885000
2010/03/09,0,1650000,-275000,1375000
2010/03/10,0,1300000,-831000,469000
2010/03/11,0,750000,-1542000,-792000
2010/03/12,0,238000,-1000000,-762000
2010/03/15,0,363000,-1200000,-837000
2010/03/16,0,155000,-275000,-120000
2010/03/17,0,448000,-212000,236000
2010/03/18,0,0,-1171000,-1171000
2010/03/19,0,350000,-2000,348000
2010/03/22,0,30000,-353000,-323000
2010/03/23,0,1000,-68000,-67000
2010/03/24,0,0,0,0
2010/03/25,0,0,-1000,-1000
2010/03/26,0,0,0,0
2010/03/29,0,2000,0,2000
2010/03/30,0,355000,0,355000
2010/03/31,0,0,-1000,-1000
2010/04/01,0,130000,-500000,-370000
2010/04/02,0,0,-2000,-2000
2010/04/05,0,0,0,0
2010/04/06,0,150000,-701000,-551000
2010/04/07,0,0,0,0
2010/04/08,0,0,-2913000,-2913000
2010/04/09,0,627000,-1723000,-1096000
2010/04/12,0,0,-2174000,-2174000
2010/04/13,0,0,-5001000,-5001000
2010/04/14,0,1000,-702000,-701000
2010/04/15,0,438000,-4708000,-4270000
2010/04/16,0,1000000,-315000,685000
2010/04/19,0,1000000,-3426601,-2426601
2010/04/20,0,431000,-1904000,-1473000
2010/04/21,0,1593000,-2094664,-501664
2010/04/22,0,1458000,-500000,958000
2010/04/23,0,1171000,-400000,771000
2010/04/26,0,955000,-378000,577000
2010/04/27,0,0,-261000,-261000
2010/04/28,0,1600000,-3800000,-2200000
2010/04/29,0,2705000,-170000,2535000
2010/04/30,0,334000,-787000,-453000
2010/05/03,0,290000,0,290000
2010/05/04,0,310000,-1560000,-1250000
2010/05/05,0,236000,-574000,-338000
2010/05/06,0,233000,-50000,183000
2010/05/07,0,1840000,-473000,1367000
2010/05/10,0,384000,0,384000
2010/05/11,0,3384000,-1000,3383000
2010/05/12,0,950000,-1490000,-540000
2010/05/13,0,1000,-1765000,-1764000
2010/05/14,0,188000,-731000,-543000
2010/05/17,0,1304000,-50000,1254000
2010/05/18,0,1501000,0,1501000
2010/05/19,0,734000,-40000,694000
2010/05/20,0,663000,-4000,659000
2010/05/21,0,440000,-372000,68000
2010/05/24,0,69000,-36000,33000
2010/05/25,0,51000,-564000,-513000
2010/05/26,0,368000,-231000,137000
2010/05/27,0,699000,-76000,623000
2010/05/28,0,20000,-80000,-60000
2010/05/31,0,908000,0,908000
2010/06/01,0,1226000,-56000,1170000
2010/06/02,0,145000,0,145000
2010/06/03,0,200000,-76000,124000
2010/06/04,0,830000,-800000,30000
2010/06/07,0,62000,-11000,51000
2010/06/08,0,3000,-50000,-47000
2010/06/09,0,307000,-295000,12000
2010/06/10,0,1117000,-1000,1116000
2010/06/11,0,652000,-108000,544000
2010/06/14,0,2000,-636000,-634000
2010/06/15,0,65000,0,65000
2010/06/16,0,0,0,0
2010/06/17,0,1992000,-155000,1837000
2010/06/18,0,1538000,-876000,662000
2010/06/21,0,1045000,-200000,845000
2010/06/22,0,1869000,-2000,1867000
2010/06/23,0,44000,-776000,-732000
2010/06/24,0,1276000,-2000,1274000
2010/06/25,0,471000,-609000,-138000
2010/06/28,0,0,-9000,-9000
2010/06/29,0,1073000,-50000,1023000
2010/06/30,0,200000,0,200000
2010/07/01,0,799000,-293000,506000
2010/07/02,0,832000,0,832000
2010/07/05,0,0,-1525000,-1525000
2010/07/06,0,202000,-620000,-418000
2010/07/07,0,300000,-58000,242000
2010/07/08,0,180000,0,180000
2010/07/09,0,220000,-1324000,-1104000
2010/07/12,0,1000,-255000,-254000
2010/07/13,0,1150000,-546000,604000
2010/07/14,0,683000,-150000,533000
2010/07/15,0,200000,-552000,-352000
2010/07/16,0,2412000,-1714000,698000
2010/07/19,0,185000,-171000,14000
2010/07/20,0,1850000,0,1850000
2010/07/21,0,1085000,-26000,1059000
2010/07/22,0,1378000,0,1378000
2010/07/23,0,724000,0,724000
2010/07/26,0,154000,-127000,27000
2010/07/27,0,489000,-542000,-53000
2010/07/28,0,1454000,-737000,717000
2010/07/29,0,1631000,-3559000,-1928000
2010/07/30,0,800000,-1332000,-532000
2010/08/02,0,207000,-1193000,-986000
2010/08/03,0,200000,-1506000,-1306000
2010/08/04,0,2000,-1480000,-1478000
2010/08/05,0,0,-1306000,-1306000
2010/08/06,0,0,-887000,-887000
2010/08/09,0,7000,-536000,-529000
2010/08/10,0,0,-2227000,-2227000
2010/08/11,0,118000,-2195600,-2077600
2010/08/12,0,202000,-606000,-404000
2010/08/13,0,0,-1672000,-1672000
2010/08/16,0,0,-2073000,-2073000
2010/08/17,0,1000,-1382000,-1381000
2010/08/18,0,100000,-202000,-102000
2010/08/19,0,0,-778000,-778000
2010/08/20,0,8000,-255000,-247000
2010/08/23,0,0,-1983000,-1983000
2010/08/24,0,0,-3133000,-3133000
2010/08/25,0,9000,-1991000,-1982000
2010/08/26,0,144000,-970000,-826000
2010/08/27,0,37000,0,37000
2010/08/30,0,4000,-508000,-504000
2010/08/31,0,8000,-1285000,-1277000
2010/09/01,0,18000,-822000,-804000
2010/09/02,0,854000,0,854000
2010/09/03,0,695000,-869000,-174000
2010/09/06,0,1478000,-1238000,240000
2010/09/07,0,304000,-1000000,-696000
2010/09/08,0,18000,-2726000,-2708000
2010/09/09,0,55000,-200000,-145000
2010/09/10,0,313000,-500000,-187000
2010/09/13,0,210000,-500000,-290000
2010/09/14,0,0,-1000,-1000
2010/09/15,0,100000,-600000,-500000
2010/09/16,0,70000,-250000,-180000
2010/09/17,0,230000,-898000,-668000
2010/09/20,0,0,-1539000,-1539000
2010/09/21,0,10000,-1066000,-1056000
2010/09/22,0,0,0,0
2010/09/23,0,179000,-1889000,-1710000
2010/09/24,0,10000,-2615000,-2605000
2010/09/27,0,149000,-10000,139000
2010/09/28,0,249000,-775000,-526000
2010/09/29,0,173000,-300000,-127000
2010/09/30,0,381000,-3000,378000
2010/10/01,0,500000,-1935000,-1435000
2010/10/04,0,5000,-928000,-923000
2010/10/05,0,800000,-2697000,-1897000
2010/10/06,0,50000,-1568000,-1518000
2010/10/07,0,31000,-2390000,-2359000
2010/10/08,0,0,-1662000,-1662000
2010/10/11,0,39000,-265000,-226000
2010/10/12,0,0,-151000,-151000
2010/10/13,0,31000,0,31000
2010/10/14,0,72000,-2105000,-2033000
2010/10/15,0,500000,-11817000,-11317000
2010/10/18,0,24000,-1630000,-1606000
2010/10/19,0,3000,-1008000,-1005000
2010/10/20,0,1813000,-150000,1663000
2010/10/21,0,794000,-875000,-81000
2010/10/22,0,0,-387000,-387000
2010/10/25,0,250000,0,250000
2010/10/26,0,1061000,-1000,1060000
2010/10/27,0,1000,0,1000
2010/10/28,0,1180000,0,1180000
2010/10/29,0,1834000,-44000,1790000
2010/11/01,0,0,-830000,-830000
2010/11/02,0,70000,-840000,-770000
2010/11/03,0,512000,-1595000,-1083000
2010/11/04,0,386000,-99000,287000
2010/11/05,0,371000,-220000,151000
2010/11/08,0,0,-892000,-892000
2010/11/09,0,3000,-1961000,-1958000
2010/11/10,0,0,-2756000,-2756000
2010/11/11,0,550000,-1500000,-950000
2010/11/12,0,340000,-605000,-265000
2010/11/15,0,930000,-422000,508000
2010/11/16,0,1000,-830000,-829000
2010/11/17,0,500000,-930000,-430000
2010/11/18,0,152000,-905000,-753000
2010/11/19,0,1162000,-21000,1141000
2010/11/22,0,372000,-506000,-134000
2010/11/23,0,159000,-501000,-342000
2010/11/24,0,80000,-181000,-101000
2010/11/25,0,993000,-2817000,-1824000
2010/11/26,0,11000,-1000,10000
2010/11/29,0,487000,-500000,-13000
2010/11/30,0,6063000,-507000,5556000
2010/12/01,0,1489000,-245000,1244000
2010/12/02,0,2687000,-87000,2600000
2010/12/03,0,1055000,-3000,1052000
2010/12/06,0,660000,-796000,-136000
2010/12/07,0,130000,0,130000
2010/12/08,0,2103000,-313000,1790000
2010/12/09,0,443000,-301000,142000
2010/12/10,0,391000,-323000,68000
2010/12/13,0,1175000,-1000,1174000
2010/12/14,0,534000,-2000,532000
2010/12/15,0,0,-553000,-553000
2010/12/16,0,120000,-202000,-82000
2010/12/17,0,192000,-280000,-88000
2010/12/20,0,0,-643000,-643000
2010/12/21,0,178000,-793000,-615000
2010/12/22,0,260000,-950000,-690000
2010/12/23,0,29000,-360000,-331000
2010/12/24,0,0,-200000,-200000
2010/12/27,0,89000,-1209000,-1120000
2010/12/28,0,0,-652000,-652000
2010/12/29,0,131000,-212000,-81000
2010/12/30,0,0,-1237000,-1237000
2010/12/31,0,95000,-1000,94000
2011/01/03,0,0,-2339000,-2339000
2011/01/04,0,0,-4946000,-4946000
2011/01/05,0,4000,-2059000,-2055000
2011/01/06,0,126000,-1453000,-1327000
2011/01/07,0,680000,-525000,155000
2011/01/10,0,267000,-570000,-303000
2011/01/11,0,700000,-342000,358000
2011/01/12,0,1401000,-133000,1268000
2011/01/13,0,861000,-125000,736000
2011/01/14,0,1443000,-1198000,245000
2011/01/17,0,200000,-577000,-377000
2011/01/18,0,1264000,-81000,1183000
2011/01/19,0,423000,-3891000,-3468000
2011/01/20,0,176000,-589000,-413000
2011/01/21,0,0,-1755000,-1755000
2011/01/24,0,0,-174000,-174000
2011/01/25,0,38000,0,38000
2011/01/26,0,0,0,0
2011/01/27,0,119000,-321000,-202000
2011/01/28,0,20000,-102000,-82000
2011/01/31,0,0,0,0
2011/02/01,0,0,0,0
2011/02/02,0,0,0,0
2011/02/03,0,0,0,0
2011/02/04,0,0,0,0
2011/02/07,0,0,0,0
2011/02/08,0,0,-5167000,-5167000
2011/02/09,0,3293000,-5190000,-1897000
2011/02/10,0,2233000,-381000,1852000
2011/02/11,0,403000,-60000,343000
2011/02/14,0,167000,-36000,131000
2011/02/15,0,795000,-590000,205000
2011/02/16,0,503000,-895000,-392000
2011/02/17,0,370000,-1254000,-884000
2011/02/18,0,1771000,-75000,1696000
2011/02/21,0,283000,-176000,107000
2011/02/22,0,410000,-55000,355000
2011/02/23,0,110000,-128000,-18000
2011/02/24,0,1000,-200000,-199000
2011/02/25,0,1364000,-82000,1282000
2011/02/28,0,0,0,0
2011/03/01,0,1823000,0,1823000
2011/03/02,0,405000,-200000,205000
2011/03/03,0,1327000,0,1327000
2011/03/04,0,500000,0,500000
2011/03/07,0,491000,-120000,371000
2011/03/08,0,0,-10000,-10000
2011/03/09,0,17000,-95000,-78000
2011/03/10,0,833000,-715000,118000
2011/03/11,0,102000,-1910000,-1808000
2011/03/14,0,1000,-749000,-748000
2011/03/15,0,1000,-1216000,-1215000
2011/03/16,0,100000,-2098000,-1998000
2011/03/17,0,0,-463000,-463000
2011/03/18,0,609000,-1824000,-1215000
2011/03/21,0,0,-876000,-876000
2011/03/22,0,0,-1180000,-1180000
2011/03/23,0,0,-939000,-939000
2011/03/24,0,3000,-961000,-958000
2011/03/25,0,201000,-180000,21000
2011/03/28,0,0,0,0
2011/03/29,0,0,-1317000,-1317000
2011/03/30,0,1224000,-1007000,217000
2011/03/31,0,175000,-18000,157000
2011/04/01,0,0,0,0
2011/04/04,0,0,0,0
2011/04/05,0,0,0,0
2011/04/06,0,0,-1418000,-1418000
2011/04/07,0,0,-3982000,-3982000
2011/04/08,0,0,-1840000,-1840000
2011/04/11,0,0,-1545000,-1545000
2011/04/12,0,0,-617000,-617000
2011/04/13,0,0,-350000,-350000
2011/04/14,0,0,-217000,-217000
2011/04/15,0,140000,-146000,-6000
2011/04/18,0,0,-2280000,-2280000
2011/04/19,0,1000,-1827000,-1826000
2011/04/20,0,0,-2280000,-2280000
2011/04/21,0,2068000,-81000,1987000
2011/04/22,0,1800000,-337000,1463000
2011/04/25,0,0,-3129000,-3129000
2011/04/26,0,0,-2563000,-2563000
2011/04/27,0,673000,0,673000
2011/04/28,0,1000000,0,1000000
2011/04/29,0,1000000,-234000,766000
2011/05/02,0,0,0,0
2011/05/03,0,1167000,-850000,317000
2011/05/04,0,568000,-179000,389000
2011/05/05,0,117000,0,117000
2011/05/06,0,15000,-70000,-55000
2011/05/09,0,0,0,0
2011/05/10,0,0,0,0
2011/05/11,0,350000,0,350000
2011/05/12,0,397000,0,397000
2011/05/13,0,420000,-1000,419000
2011/05/16,0,340000,0,340000
2011/05/17,0,0,-1000,-1000
2011/05/18,0,320000,-253000,67000
2011/05/19,0,345000,-18000,327000
2011/05/20,0,200000,-240000,-40000
2011/05/23,0,50000,-13501,36499
2011/05/24,0,0,0,0
2011/05/25,0,269000,0,269000
2011/05/26,0,790000,0,790000
2011/05/27,0,2865000,-2000,2863000
2011/05/30,0,914000,0,914000
2011/05/31,0,356000,0,356000
2011/06/01,0,2954000,-2151000,803000
2011/06/02,0,100000,-1000000,-900000
2011/06/03,0,505000,0,505000
2011/06/06,0,0,0,0
2011/06/07,0,330000,0,330000
2011/06/08,0,111000,0,111000
2011/06/09,0,0,-300000,-300000
2011/06/10,0,0,-100000,-100000
2011/06/13,0,50000,-1150000,-1100000
2011/06/14,0,7000,0,7000
2011/06/15,0,54000,-35000,19000
2011/06/16,0,40000,0,40000
2011/06/17,0,2000,-149000,-147000
2011/06/20,0,1000,-1000,0
2011/06/21,0,188000,-775000,-587000
2011/06/22,0,28000,-53000,-25000
2011/06/23,0,0,-221000,-221000
2011/06/24,0,1000,-78000,-77000
2011/06/27,0,50000,0,50000
2011/06/28,0,65000,-690000,-625000
2011/06/29,0,71000,0,71000
2011/06/30,0,479000,-487000,-8000
2011/07/01,0,151000,-300000,-149000
2011/07/04,0,962000,0,962000
2011/07/05,0,0,-1000,-1000
2011/07/06,0,100000,-6000,94000
2011/07/07,0,0,0,0
2011/07/08,0,0,-31000,-31000
2011/07/11,0,50000,-47000,3000
2011/07/12,0,50000,0,50000
2011/07/13,0,1000,0,1000
2011/07/14,0,2000,-1309000,-1307000
2011/07/15,0,1000,-1255000,-1254000
2011/07/18,0,50000,-300000,-250000
2011/07/19,0,1000,-326000,-325000
2011/07/20,0,1287000,-1737000,-450000
2011/07/21,0,351000,-1571000,-1220000
2011/07/22,0,1000,-2582000,-2581000
2011/07/25,0,194000,-2396000,-2202000
2011/07/26,0,0,-2794000,-2794000
2011/07/27,0,177000,-321000,-144000
2011/07/28,0,0,-1221000,-1221000
2011/07/29,0,0,-740000,-740000
2011/08/01,0,0,-992000,-992000
2011/08/02,0,190000,-584400,-394400
2011/08/03,0,5000,-245000,-240000
2011/08/04,0,4000,-1370000,-1366000
2011/08/05,0,256000,-932000,-676000
2011/08/08,0,3000,-1189000,-1186000
2011/08/09,0,11000,0,11000
2011/08/10,0,386000,-61000,325000
2011/08/11,0,18000,-40000,-22000
2011/08/12,0,1000,-65000,-64000
2011/08/15,0,3000,0,3000
2011/08/16,0,112000,-519000,-407000
2011/08/17,0,4000,-1000,3000
2011/08/18,0,36000,-353000,-317000
2011/08/19,0,1000,-2916000,-2915000
2011/08/22,0,354000,-1317000,-963000
2011/08/23,0,952000,-1055000,-103000
2011/08/24,0,100000,-1308000,-1208000
2011/08/25,0,623000,-1055000,-432000
2011/08/26,0,68000,0,68000
2011/08/29,0,52000,-1626000,-1574000
2011/08/30,0,4138000,0,4138000
2011/08/31,0,871000,-187000,684000
2011/09/01,0,0,-361000,-361000
2011/09/02,0,586000,-2000,584000
2011/09/05,0,0,-1000,-1000
2011/09/06,0,0,-514000,-514000
2011/09/07,0,3000,-135000,-132000
2011/09/08,0,0,0,0
2011/09/09,0,1731000,0,1731000
2011/09/12,0,0,0,0
2011/09/13,0,3576000,-1753,3574247
2011/09/14,0,512000,-3000,509000
2011/09/15,0,1238000,-9000,1229000
2011/09/16,0,1686000,-1000,1685000
2011/09/19,0,545000,0,545000
2011/09/20,0,0,0,0
2011/09/21,0,1582000,-1733,1580267
2011/09/22,0,3367000,-3000,3364000
2011/09/23,0,216000,-770000,-554000
2011/09/26,0,337000,-839000,-502000
2011/09/27,0,544000,-22000,522000
2011/09/28,0,1785000,-1000,1784000
2011/09/29,0,487000,0,487000
2011/09/30,0,301000,-1000,300000
2011/10/03,0,0,-180000,-180000
2011/10/04,0,6000,-139000,-133000
2011/10/05,0,161000,-1774000,-1613000
2011/10/06,0,14000,-21000,-7000
2011/10/07,0,1000,-15000,-14000
2011/10/10,0,0,0,0
2011/10/11,0,547000,-1536000,-989000
2011/10/12,0,322000,0,322000
2011/10/13,0,399000,-188000,211000
2011/10/14,0,49000,-2311000,-2262000
2011/10/17,0,101000,-496612,-395612
2011/10/18,0,1000,-46970,-45970
2011/10/19,0,0,-1400000,-1400000
2011/10/20,0,150000,-3013000,-2863000
2011/10/21,0,0,-2039000,-2039000
2011/10/24,0,3000,-990000,-987000
2011/10/25,0,136000,0,136000
2011/10/26,0,251000,-555000,-304000
2011/10/27,0,2000,-85000,-83000
2011/10/28,0,359000,-1174000,-815000
2011/10/31,0,568000,-196000,372000
2011/11/01,0,460000,-358000,102000
2011/11/02,0,226000,-468000,-242000
2011/11/03,0,2524000,-23000,2501000
2011/11/04,0,547000,-6000,541000
2011/11/07,0,0,0,0
2011/11/08,0,117000,-50000,67000
2011/11/09,0,349000,-235000,114000
2011/11/10,0,61000,-1331000,-1270000
2011/11/11,0,538000,-6000,532000
2011/11/14,0,204019,-3000,201019
2011/11/15,0,50171,-104000,-53829
2011/11/16,0,1520000,-663000,857000
2011/11/17,0,1003000,-554000,449000
2011/11/18,0,51000,0,51000
2011/11/21,0,386000,-520000,-134000
2011/11/22,0,861000,-153000,708000
2011/11/23,0,877000,0,877000
2011/11/24,0,645000,-635000,10000
2011/11/25,0,384000,-360000,24000
2011/11/28,0,727000,-805000,-78000
2011/11/29,0,458000,0,458000
2011/11/30,0,68000,-2000,66000
2011/12/01,0,435000,-10000,425000
2011/12/02,0,877000,0,877000
2011/12/05,0,273000,-102000,171000
2011/12/06,0,0,0,0
2011/12/07,0,1000,-950000,-949000
2011/12/08,0,141000,-300000,-159000
2011/12/09,0,43221,-160000,-116779
2011/12/12,0,271000,0,271000
2011/12/13,0,307000,0,307000
2011/12/14,0,30000,-14000,16000
2011/12/15,0,1108000,-14000,1094000
2011/12/16,0,51000,-5000,46000
2011/12/19,0,53000,-100000,-47000
2011/12/20,0,672000,0,672000
2011/12/21,0,362000,-6000,356000
2011/12/22,0,519000,-114000,405000
2011/12/23,0,84000,-102000,-18000
2011/12/26,0,0,-142000,-142000
2011/12/27,0,4000,-42000,-38000
2011/12/28,0,0,-302000,-302000
2011/12/29,0,40000,-65000,-25000
2011/12/30,0,20000,-3000,17000
2012/01/02,0,4000,0,4000
2012/01/03,0,0,-6000,-6000
2012/01/04,0,200000,0,200000
2012/01/05,0,100000,-12566,87434
2012/01/06,0,20000,-91000,-71000
2012/01/09,0,100000,-21000,79000
2012/01/10,0,86000,0,86000
2012/01/11,0,230000,-2000,228000
2012/01/12,0,394000,-5000,389000
2012/01/13,0,1280000,-880000,400000
2012/01/16,0,418000,-399000,19000
2012/01/17,0,155000,-407000,-252000
2012/01/18,0,0,-370000,-370000
2012/01/19,0,0,0,0
2012/01/20,0,0,0,0
2012/01/23,0,0,0,0
2012/01/24,0,0,0,0
2012/01/25,0,0,0,0
2012/01/26,0,0,0,0
2012/01/27,0,0,0,0
2012/01/30,0,0,-8000,-8000
2012/01/31,0,60000,-1744000,-1684000
2012/02/01,0,0,-657000,-657000
2012/02/02,0,204000,-6000,198000
2012/02/03,0,50000,-23000,27000
2012/02/06,0,350000,-970000,-620000
2012/02/07,0,250000,-3988000,-3738000
2012/02/08,0,200000,-611000,-411000
2012/02/09,0,624,-1470000,-1469376
2012/02/10,0,0,-427000,-427000
2012/02/13,0,0,-50000,-50000
2012/02/14,0,50000,-7000,43000
2012/02/15,0,0,-606000,-606000
2012/02/16,0,88000,-1095000,-1007000
2012/02/17,0,2000,-40000,-38000
2012/02/20,0,955000,-2371000,-1416000
2012/02/21,0,0,-1243000,-1243000
2012/02/22,0,1000000,0,1000000
2012/02/23,0,0,-2000,-2000
2012/02/24,0,0,-5000,-5000
2012/02/27,0,0,0,0
2012/02/28,0,0,0,0
2012/02/29,0,0,-901000,-901000
2012/03/01,0,50000,-290000,-240000
2012/03/02,0,322000,-103000,219000
2012/03/05,0,205000,-677000,-472000
2012/03/06,0,5500000,-601000,4899000
2012/03/07,0,0,0,0
2012/03/08,0,2206577,-54000,2152577
2012/03/09,0,250000,0,250000
2012/03/12,0,0,-14000,-14000
2012/03/13,0,0,-168000,-168000
2012/03/14,0,1000,-127000,-126000
2012/03/15,0,0,-130000,-130000
2012/03/16,0,0,-168000,-168000
2012/03/19,0,0,-15000,-15000
2012/03/20,0,0,-1000,-1000
2012/03/21,0,0,-94000,-94000
2012/03/22,0,0,0,0
2012/03/23,0,0,0,0
2012/03/26,0,0,-1241000,-1241000
2012/03/27,0,0,-1259000,-1259000
2012/03/28,0,0,-400000,-400000
2012/03/29,0,0,-1528000,-1528000
2012/03/30,0,0,-2000,-2000
2012/04/02,0,0,0,0
2012/04/03,0,0,-732000,-732000
2012/04/04,0,0,0,0
2012/04/05,0,208718,0,208718
2012/04/06,0,0,0,0
2012/04/09,0,0,-84000,-84000
2012/04/10,0,0,-1054000,-1054000
2012/04/11,0,0,0,0
2012/04/12,0,0,-915000,-915000
2012/04/13,0,0,0,0
2012/04/16,0,16000,0,16000
2012/04/17,0,0,0,0
2012/04/18,0,0,-23000,-23000
2012/04/19,0,710000,-4000,706000
2012/04/20,0,0,0,0
2012/04/23,0,0,-46000,-46000
2012/04/24,0,4000,-87000,-83000
2012/04/25,0,0,-400000,-400000
2012/04/26,0,0,-700000,-700000
2012/04/27,0,0,-1076000,-1076000
2012/04/30,0,240000,-1050000,-810000
2012/05/01,0,0,0,0
2012/05/02,0,235000,0,235000
2012/05/03,0,0,-159814,-159814
2012/05/04,0,50000,-104000,-54000
2012/05/07,0,0,0,0
2012/05/08,0,0,-150000,-150000
2012/05/09,0,70000,0,70000
2012/05/10,0,0,0,0
2012/05/11,0,0,0,0
2012/05/14,0,0,-188000,-188000
2012/05/15,0,8000,0,8000
2012/05/16,0,110000,-147000,-37000
2012/05/17,0,173000,0,173000
2012/05/18,0,0,0,0
2012/05/21,0,0,0,0
2012/05/22,0,0,0,0
2012/05/23,0,0,-27000,-27000
2012/05/24,0,0,-80000,-80000
2012/05/25,0,0,0,0
2012/05/28,0,0,0,0
2012/05/29,0,1000,0,1000
2012/05/30,0,750000,-1201455,-451455
2012/05/31,0,0,-1006000,-1006000
2012/06/01,0,0,0,0
2012/06/04,0,262000,-453000,-191000
2012/06/05,0,1321000,0,1321000
2012/06/06,0,1060000,-1000000,60000
2012/06/07,0,500000,-1147000,-647000
2012/06/08,0,213000,-1000000,-787000
2012/06/11,0,5000,0,5000
2012/06/12,0,166000,0,166000
2012/06/13,0,9000,0,9000
2012/06/14,0,106000,0,106000
2012/06/15,0,100000,-100500,-500
2012/06/18,0,0,0,0
2012/06/19,0,0,0,0
2012/06/20,0,786000,0,786000
2012/06/21,0,1051000,0,1051000
2012/06/22,0,2044000,0,2044000
2012/06/25,0,2305000,-3000,2302000
2012/06/26,0,817577,-2000,815577
2012/06/27,0,375000,0,375000
2012/06/28,0,910000,-2000,908000
2012/06/29,0,875000,0,875000
2012/07/02,0,340000,-1000,339000
2012/07/03,0,627000,0,627000
2012/07/04,0,923000,0,923000
2012/07/05,0,30000,-856000,-826000
2012/07/06,0,447000,-5000,442000
2012/07/09,0,0,0,0
2012/07/10,0,0,-200000,-200000
2012/07/11,0,100000,-260000,-160000
2012/07/12,0,0,0,0
2012/07/13,0,0,-125000,-125000
2012/07/16,0,0,0,0
2012/07/17,0,30000,-152000,-122000
2012/07/18,0,0,-173000,-173000
2012/07/19,0,964000,-75000,889000
2012/07/20,0,533000,0,533000
2012/07/23,0,1965000,0,1965000
2012/07/24,0,1332000,-329000,1003000
2012/07/25,0,962000,-150000,812000
2012/07/26,0,578000,-140000,438000
2012/07/27,0,567000,-441000,126000
2012/07/30,0,0,-586000,-586000
2012/07/31,0,0,-324000,-324000
2012/08/01,0,1000,-1243000,-1242000
2012/08/02,0,0,0,0
2012/08/03,0,316000,0,316000
2012/08/06,0,5000,-100000,-95000
2012/08/07,0,61000,-417000,-356000
2012/08/08,0,61000,-5000,56000
2012/08/09,0,211000,-203000,8000
2012/08/10,0,506500,-51000,455500
2012/08/13,0,230000,-1000,229000
2012/08/14,0,310000,-1000,309000
2012/08/15,0,3498000,-1000,3497000
2012/08/16,0,380000,-1000,379000
2012/08/17,0,756000,-442585,313415
2012/08/20,0,3575000,-1436000,2139000
2012/08/21,0,600000,-447000,153000
2012/08/22,0,2492000,0,2492000
2012/08/23,0,102000,0,102000
2012/08/24,0,0,0,0
2012/08/27,0,301000,-1000,300000
2012/08/28,0,0,-80000,-80000
2012/08/29,0,436000,-1000,435000
2012/08/30,0,564000,-140000,424000
2012/08/31,0,5500,-1000,4500
2012/09/03,0,30000,-41000,-11000
2012/09/04,0,0,0,0
2012/09/05,0,710000,0,710000
2012/09/06,0,2000,-633000,-631000
2012/09/07,0,1201000,0,1201000
2012/09/10,0,460000,0,460000
2012/09/11,0,400000,-1084000,-684000
2012/09/12,0,1000,-480000,-479000
2012/09/13,0,1000,-440000,-439000
2012/09/14,0,835000,0,835000
2012/09/17,0,201000,0,201000
2012/09/18,0,806000,-37000,769000
2012/09/19,0,0,-124000,-124000
2012/09/20,0,161000,-20000,141000
2012/09/21,0,0,-1000,-1000
2012/09/24,0,310000,-30000,280000
2012/09/25,0,0,-99000,-99000
2012/09/26,0,0,-761000,-761000
2012/09/27,0,1000,-480000,-479000
2012/09/28,0,1000,-1000,0
2012/10/01,0,1000,0,1000
2012/10/02,0,0,0,0
2012/10/03,0,0,0,0
2012/10/04,0,0,-420000,-420000
2012/10/05,0,0,0,0
2012/10/08,0,0,0,0
2012/10/09,0,0,0,0
2012/10/10,0,0,0,0
2012/10/11,0,0,-1703000,-1703000
2012/10/12,0,0,-2114000,-2114000
2012/10/15,0,0,-500000,-500000
2012/10/16,0,0,-300000,-300000
2012/10/17,0,1000,0,1000
2012/10/18,0,1567000,0,1567000
2012/10/19,0,850000,0,850000
2012/10/22,0,320000,-1396000,-1076000
2012/10/23,0,0,-1254000,-1254000
2012/10/24,0,0,-101000,-101000
2012/10/25,0,370000,-83000,287000
2012/10/26,0,1490000,-210000,1280000
2012/10/29,0,746000,-204514,541486
2012/10/30,0,0,-295000,-295000
2012/10/31,0,200000,-1190000,-990000
2012/11/01,0,310000,-333000,-23000
2012/11/02,0,132000,0,132000
2012/11/05,0,0,-790000,-790000
2012/11/06,0,280000,0,280000
2012/11/07,0,30000,-400000,-370000
2012/11/08,0,20000,-7000,13000
2012/11/09,0,120000,0,120000
2012/11/12,0,0,0,0
2012/11/13,0,21000,-230000,-209000
2012/11/14,0,0,0,0
2012/11/15,0,0,0,0
2012/11/16,0,0,0,0
2012/11/19,0,0,0,0
2012/11/20,0,30000,-256000,-226000
2012/11/21,0,0,0,0
2012/11/22,0,60000,-4000,56000
2012/11/23,0,250000,0,250000
2012/11/26,0,480000,0,480000
2012/11/27,0,50000,0,50000
2012/11/28,0,86000,-2000,84000
2012/11/29,0,0,0,0
2012/11/30,0,30000,-1000,29000
2012/12/03,0,0,0,0
2012/12/04,0,0,-2000,-2000
2012/12/05,0,0,-1000,-1000
2012/12/06,0,0,0,0
2012/12/07,0,150000,0,150000
2012/12/10,0,0,-14000,-14000
2012/12/11,0,0,0,0
2012/12/12,0,0,-40000,-40000
2012/12/13,0,0,-195000,-195000
2012/12/14,0,0,-56000,-56000
2012/12/17,0,1282000,0,1282000
2012/12/18,0,0,-6000,-6000
2012/12/19,0,0,0,0
2012/12/20,0,0,-8000,-8000
2012/12/21,0,0,-19000,-19000
2012/12/24,0,0,0,0
2012/12/25,0,0,0,0
2012/12/26,0,0,0,0
2012/12/27,0,0,0,0
2012/12/28,0,0,0,0
2012/12/31,0,0,0,0
2013/01/01,0,0,0,0
2013/01/02,0,0,0,0
2013/01/03,0,0,-472000,-472000
2013/01/04,0,0,-260000,-260000
2013/01/07,0,0,-108000,-108000
2013/01/08,0,0,-388000,-388000
2013/01/09,0,0,-739000,-739000
2013/01/10,0,0,-550000,-550000
2013/01/11,0,70000,-1151000,-1081000
2013/01/14,0,0,0,0
2013/01/15,0,0,-286000,-286000
2013/01/16,0,0,-948000,-948000
2013/01/17,0,0,-21474,-21474
2013/01/18,0,0,-1037000,-1037000
2013/01/21,0,0,-900000,-900000
2013/01/22,0,0,-1361000,-1361000
2013/01/23,0,0,-491000,-491000
2013/01/24,0,0,-1929000,-1929000
2013/01/25,0,0,-651000,-651000
2013/01/28,0,0,-760000,-760000
2013/01/29,0,0,-367000,-367000
2013/01/30,0,0,0,0
2013/01/31,0,0,-1000,-1000
2013/02/01,0,0,0,0
2013/02/04,0,100000,-216000,-116000
2013/02/05,0,89000,-110000,-21000
2013/02/06,0,0,-99000,-99000
2013/02/07,0,0,0,0
2013/02/08,0,0,0,0
2013/02/11,0,0,0,0
2013/02/12,0,0,0,0
2013/02/13,0,0,0,0
2013/02/14,0,0,0,0
2013/02/15,0,0,0,0
2013/02/18,0,0,-305000,-305000
2013/02/19,0,0,-410000,-410000
2013/02/20,0,0,-1294000,-1294000
2013/02/21,0,0,-870000,-870000
2013/02/22,0,0,-306000,-306000
2013/02/25,0,0,0,0
2013/02/26,0,0,-1000,-1000
2013/02/27,0,0,0,0
2013/02/28,0,0,0,0
2013/03/01,0,0,0,0
2013/03/04,0,0,-580000,-580000
2013/03/05,0,0,0,0
2013/03/06,0,0,-1180000,-1180000
2013/03/07,0,0,-617000,-617000
2013/03/08,0,16000,-400000,-384000
2013/03/11,0,0,0,0
2013/03/12,0,0,0,0
2013/03/13,0,0,-805000,-805000
2013/03/14,0,0,-2000,-2000
2013/03/15,0,0,-29000,-29000
2013/03/18,0,0,-5000,-5000
2013/03/19,0,0,0,0
2013/03/20,0,0,0,0
2013/03/21,0,0,0,0
2013/03/22,0,0,-2000,-2000
2013/03/25,0,350000,-553000,-203000
2013/03/26,0,0,-117000,-117000
2013/03/27,0,372000,-18000,354000
2013/03/28,0,656000,0,656000
2013/03/29,0,10000,0,10000
2013/04/01,0,692000,-2000,690000
2013/04/02,0,0,0,0
2013/04/03,0,0,0,0
2013/04/04,0,0,0,0
2013/04/05,0,0,0,0
2013/04/08,0,0,0,0
2013/04/09,0,0,0,0
2013/04/10,0,0,0,0
2013/04/11,0,0,0,0
2013/04/12,0,0,0,0
2013/04/15,0,0,-2000,-2000
2013/04/16,0,0,0,0
2013/04/17,0,0,-118000,-118000
2013/04/18,0,123000,-5000,118000
2013/04/19,0,10223,0,10223
2013/04/22,0,0,-3283000,-3283000
2013/04/23,0,0,-2472000,-2472000
2013/04/24,0,0,-6357000,-6357000
2013/04/25,0,0,-3279000,-3279000
2013/04/26,0,0,-2719959,-2719959
2013/04/29,0,0,-502000,-502000
2013/04/30,0,1600000,-60000,1540000
2013/05/01,0,0,0,0
2013/05/02,0,0,-2500000,-2500000
2013/05/03,0,0,-2404000,-2404000
2013/05/06,0,584000,-450000,134000
2013/05/07,0,1045000,-395942,649058
2013/05/08,0,1061000,0,1061000
2013/05/09,0,800000,-1000,799000
2013/05/10,0,329000,0,329000
2013/05/13,0,130000,-4000,126000
2013/05/14,0,0,-2000,-2000
2013/05/15,0,0,0,0
2013/05/16,0,0,0,0
2013/05/17,0,28000,-29000,-1000
2013/05/20,0,820000,-4000,816000
2013/05/21,0,0,-1000,-1000
2013/05/22,0,0,-11000,-11000
2013/05/23,0,800000,-1000,799000
2013/05/24,0,0,-3000,-3000
2013/05/27,0,0,-1602000,-1602000
2013/05/28,0,0,0,0
2013/05/29,0,95000,0,95000
2013/05/30,0,1000,0,1000
2013/05/31,0,150000,0,150000
2013/06/03,0,0,0,0
2013/06/04,0,0,0,0
2013/06/05,0,0,0,0
2013/06/06,0,0,-100000,-100000
2013/06/07,0,0,-11000,-11000
2013/06/10,0,3000,0,3000
2013/06/11,0,0,-6000,-6000
2013/06/12,0,0,0,0
2013/06/13,0,0,-9000,-9000
2013/06/14,0,0,0,0
2013/06/17,0,0,0,0
2013/06/18,0,0,-1000,-1000
2013/06/19,0,0,-229000,-229000
2013/06/20,0,0,0,0
2013/06/21,0,2000,-1766000,-1764000
2013/06/24,0,0,-854000,-854000
2013/06/25,0,0,0,0
2013/06/26,0,0,-3000,-3000
2013/06/27,0,0,-40000,-40000
2013/06/28,0,0,-1443000,-1443000
2013/07/01,0,0,-2000,-2000
2013/07/02,0,0,0,0
2013/07/03,0,0,0,0
2013/07/04,0,6000,-268000,-262000
2013/07/05,0,0,-78000,-78000
2013/07/08,0,5000,0,5000
2013/07/09,0,0,0,0
2013/07/10,0,0,0,0
2013/07/11,0,0,-5210,-5210
2013/07/12,0,0,-5000,-5000
2013/07/15,0,0,0,0
2013/07/16,0,0,0,0
2013/07/17,0,0,0,0
2013/07/18,0,8000,0,8000
2013/07/19,0,1000,0,1000
2013/07/22,0,0,0,0
2013/07/23,0,0,0,0
2013/07/24,0,0,0,0
2013/07/25,0,0,0,0
2013/07/26,0,0,0,0
2013/07/29,0,0,0,0
2013/07/30,0,6000,0,6000
2013/07/31,0,0,0,0
2013/08/01,0,0,-401000,-401000
2013/08/02,0,0,-814000,-814000
2013/08/05,0,9000,-437000,-428000
2013/08/06,0,0,0,0
2013/08/07,0,0,-267000,-267000
2013/08/08,0,0,-267000,-267000
2013/08/09,0,0,-266000,-266000
2013/08/12,0,0,0,0
2013/08/13,0,0,0,0
2013/08/14,0,2000,0,2000
2013/08/15,0,6000,-1000,5000
2013/08/16,0,0,-15000,-15000
2013/08/19,0,2000,0,2000
2013/08/20,0,0,0,0
2013/08/21,0,0,0,0
2013/08/22,0,2000,0,2000
2013/08/23,0,4000,0,4000
2013/08/26,0,6000,0,6000
2013/08/27,0,0,0,0
2013/08/28,0,4000,0,4000
2013/08/29,0,0,0,0
2013/08/30,0,3000,-1000,2000
2013/09/02,0,0,0,0
2013/09/03,0,12991,0,12991
2013/09/04,0,0,0,0
2013/09/05,0,0,-4000,-4000
2013/09/06,0,2000,0,2000
2013/09/09,0,113000,-1000,112000
2013/09/10,0,0,0,0
2013/09/11,0,7000,0,7000
2013/09/12,0,3000,0,3000
2013/09/13,0,5000,0,5000
2013/09/16,0,1000,0,1000
2013/09/17,0,0,0,0
2013/09/18,0,6000,0,6000
2013/09/19,0,0,0,0
2013/09/20,0,0,0,0
2013/09/23,0,0,0,0
2013/09/24,0,0,0,0
2013/09/25,0,0,0,0
2013/09/26,0,1000,0,1000
2013/09/27,0,0,-5000,-5000
2013/09/30,0,1000,-1000,0
2013/10/01,0,0,0,0
2013/10/02,0,0,0,0
2013/10/03,0,3000,0,3000
2013/10/04,0,1000,0,1000
2013/10/07,0,0,0,0
2013/10/08,0,0,0,0
2013/10/09,0,0,0,0
2013/10/10,0,0,0,0
2013/10/11,0,0,0,0
2013/10/14,0,0,0,0
2013/10/15,0,0,0,0
2013/10/16,0,0,0,0
2013/10/17,0,0,0,0
2013/10/18,0,0,0,0
2013/10/21,0,0,0,0
2013/10/22,0,0,-7000,-7000
2013/10/23,0,0,0,0
2013/10/24,0,0,0,0
2013/10/25,0,0,0,0
2013/10/28,0,0,0,0
2013/10/29,0,0,0,0
2013/10/30,0,0,0,0
2013/10/31,0,1000,0,1000
2013/11/01,0,0,-12000,-12000
2013/11/04,0,0,-134000,-134000
2013/11/05,0,0,0,0
2013/11/06,0,0,0,0
2013/11/07,0,30000,0,30000
2013/11/08,0,0,0,0
2013/11/11,0,0,-120000,-120000
2013/11/12,0,0,0,0
2013/11/13,0,3000,0,3000
2013/11/14,0,0,0,0
2013/11/15,0,0,0,0
2013/11/18,0,0,0,0
2013/11/19,0,0,0,0
2013/11/20,0,0,0,0
2013/11/21,0,0,0,0
2013/11/22,0,0,-1000,-1000
2013/11/25,0,0,-934,-934
2013/11/26,0,0,0,0
2013/11/27,0,0,0,0
2013/11/28,0,0,0,0
2013/11/29,0,0,0,0
2013/12/02,0,0,0,0
2013/12/03,0,0,0,0
2013/12/04,0,0,0,0
2013/12/05,0,0,0,0
2013/12/06,0,200000,0,200000
2013/12/09,0,0,0,0
2013/12/10,0,6000,0,6000
2013/12/11,0,0,-633000,-633000
2013/12/12,0,50000,0,50000
2013/12/13,0,50000,0,50000
2013/12/16,0,0,0,0
2013/12/17,0,0,0,0
2013/12/18,0,0,0,0
2013/12/19,0,0,0,0
2013/12/20,0,0,-605000,-605000
2013/12/23,0,1000,0,1000
2013/12/24,0,0,-6000,-6000
2013/12/25,0,0,-4000,-4000
2013/12/26,0,0,0,0
2013/12/27,0,2000,0,2000
2013/12/30,0,0,-8000,-8000
2013/12/31,0,600000,0,600000
2014/01/02,0,400000,-14000,386000
2014/01/03,0,0,0,0
2014/01/06,0,612000,0,612000
2014/01/07,0,1201000,-25000,1176000
2014/01/08,0,1786000,0,1786000
2014/01/09,0,650000,0,650000
2014/01/10,0,565000,0,565000
2014/01/13,0,10000,0,10000
2014/01/14,0,0,0,0
2014/01/15,0,2000,0,2000
2014/01/16,0,39000,0,39000
2014/01/17,0,10000,-1000,9000
2014/01/20,0,120000,0,120000
2014/01/21,0,10000,-1000,9000
2014/01/22,0,0,-478000,-478000
2014/01/23,0,120000,-10000,110000
2014/01/24,0,50000,-1401000,-1351000
2014/01/27,0,0,-1000,-1000
2014/02/05,0,10000,-500000,-490000
2014/02/06,0,0,0,0
2014/02/07,0,0,-11000,-11000
2014/02/10,0,0,0,0
2014/02/11,0,0,-1000,-1000
2014/02/12,0,0,-800000,-800000
2014/02/13,0,0,-1053316,-1053316
2014/02/14,0,0,-520000,-520000
2014/02/17,0,0,-750000,-750000
2014/02/18,0,0,-311000,-311000
2014/02/19,0,0,-232000,-232000
2014/02/20,0,0,-31000,-31000
2014/02/21,0,0,0,0
2014/02/24,0,0,0,0
2014/02/25,0,0,0,0
2014/02/26,0,0,0,0
2014/02/27,0,0,0,0
2014/03/03,0,0,0,0
2014/03/04,0,0,0,0
2014/03/05,0,0,0,0
2014/03/06,0,3000,-10000,-7000
2014/03/07,0,11000,-451000,-440000
2014/03/10,0,0,-2000,-2000
2014/03/11,0,0,0,0
2014/03/12,0,0,-1000,-1000
2014/03/13,0,0,-17000,-17000
2014/03/14,0,4000,-1000,3000
2014/03/17,0,0,-1000,-1000
2014/03/18,0,0,0,0
2014/03/19,0,0,0,0
2014/03/20,0,0,0,0
2014/03/21,0,4142000,-4000,4138000
2014/03/24,0,1737000,0,1737000
2014/03/25,0,1400000,0,1400000
2014/03/26,0,2549000,0,2549000
2014/03/27,0,0,0,0
2014/03/28,0,2513000,-1000,2512000
2014/03/31,0,587000,0,587000
2014/04/01,0,0,-8000,-8000
2014/04/02,0,787000,0,787000
2014/04/03,0,0,-18000,-18000
2014/04/07,0,327000,-19000,308000
2014/04/08,0,721000,0,721000
2014/04/09,0,0,0,0
2014/04/10,0,95000,-1077,93923
2014/04/11,0,0,0,0
2014/04/14,0,0,0,0
2014/04/15,0,942000,0,942000
2014/04/16,0,943000,0,943000
2014/04/17,0,194000,0,194000
2014/04/18,0,1708000,0,1708000
2014/04/21,0,1000000,-2000,998000
2014/04/22,0,131000,-1000,130000
2014/04/23,0,0,0,0
2014/04/24,0,91000,0,91000
2014/04/25,0,0,0,0
2014/04/28,0,0,0,0
2014/04/29,0,0,0,0
2014/04/30,0,38000,-2501000,-2463000
2014/05/02,0,624000,0,624000
2014/05/05,0,546000,0,546000
2014/05/06,0,450000,0,450000
2014/05/07,0,1733000,-200000,1533000
2014/05/08,0,0,-30000,-30000
2014/05/09,0,186000,-1000,185000
2014/05/12,0,0,0,0
2014/05/13,0,0,-1000,-1000
2014/05/14,0,350000,0,350000
2014/05/15,0,762000,0,762000
2014/05/16,0,103000,0,103000
2014/05/19,0,0,-1000,-1000
2014/05/20,0,0,0,0
2014/05/21,0,0,0,0
2014/05/22,0,0,0,0
2014/05/23,0,0,0,0
2014/05/26,0,0,-255000,-255000
2014/05/27,0,183000,-8000,175000
2014/05/28,0,0,0,0
2014/05/29,0,0,-1003000,-1003000
2014/05/30,0,0,-10000,-10000
2014/06/03,0,0,0,0
2014/06/04,0,0,-468000,-468000
2014/06/05,0,0,0,0
2014/06/06,0,0,-748000,-748000
2014/06/09,0,400000,-2482000,-2082000
2014/06/10,0,350000,-1178000,-828000
2014/06/11,0,400000,-505000,-105000
2014/06/12,0,1000,-4000,-3000
2014/06/13,0,150000,-556000,-406000
2014/06/16,0,0,-2211000,-2211000
2014/06/17,0,0,-1479000,-1479000
2014/06/18,0,0,0,0
2014/06/19,0,0,0,0
2014/06/20,0,0,-81000,-81000
2014/06/23,0,0,0,0
2014/06/24,0,100000,-2000,98000
2014/06/25,0,0,-1000,-1000
2014/06/26,0,0,0,0
2014/06/27,0,0,0,0
2014/06/30,0,0,-14000,-14000
2014/07/01,0,40000,-450000,-410000
2014/07/02,0,6636,-1083000,-1076364
2014/07/03,0,0,-500000,-500000
2014/07/04,0,0,0,0
2014/07/07,0,0,0,0
2014/07/08,0,0,-1000,-1000
2014/07/09,0,0,-175000,-175000
2014/07/10,0,0,0,0
2014/07/11,0,0,0,0
2014/07/14,0,0,-590000,-590000
2014/07/15,0,0,-2000,-2000
2014/07/16,0,0,0,0
2014/07/17,0,8000,0,8000
2014/07/18,0,0,0,0
2014/07/21,0,0,0,0
2014/07/22,0,6000,0,6000
2014/07/23,0,0,0,0
2014/07/24,0,3000,-350000,-347000
2014/07/25,0,2000,-350000,-348000
2014/07/28,0,0,0,0
2014/07/29,0,2000,0,2000
2014/07/30,0,29000,0,29000
2014/07/31,0,1011000,-1500000,-489000
2014/08/01,0,9000,-93000,-84000
2014/08/04,0,453000,0,453000
2014/08/05,0,196000,0,196000
2014/08/06,0,3000,0,3000
2014/08/07,0,15000,0,15000
2014/08/08,0,17000,0,17000
2014/08/11,0,5000,0,5000
2014/08/12,0,8000,0,8000
2014/08/13,0,212000,0,212000
2014/08/14,0,6000,0,6000
2014/08/15,0,393000,0,393000
2014/08/18,0,500000,0,500000
2014/08/19,0,2000,-126000,-124000
2014/08/20,0,0,0,0
2014/08/21,0,302000,-17000,285000
2014/08/22,0,191000,0,191000
2014/08/25,0,0,0,0
2014/08/26,0,0,0,0
2014/08/27,0,0,0,0
2014/08/28,0,14000,0,14000
2014/08/29,0,0,0,0
2014/09/01,0,0,0,0
2014/09/02,0,0,0,0
2014/09/03,0,5000,0,5000
2014/09/04,0,5000,0,5000
2014/09/05,0,6000,0,6000
2014/09/09,0,0,-1049000,-1049000
2014/09/10,0,0,0,0
2014/09/11,0,409000,0,409000
2014/09/12,0,9000,0,9000
2014/09/15,0,0,0,0
2014/09/16,0,0,0,0
2014/09/17,0,4000,-435000,-431000
2014/09/18,0,0,-835000,-835000
2014/09/19,0,0,-1000000,-1000000
2014/09/22,0,10778,0,10778
2014/09/23,0,3000,0,3000
2014/09/24,0,0,-1500000,-1500000
2014/09/25,0,0,0,0
2014/09/26,0,0,0,0
2014/09/29,0,0,0,0
2014/09/30,0,10000,0,10000
2014/10/01,0,0,0,0
2014/10/02,0,1700000,0,1700000
2014/10/03,0,0,0,0
2014/10/06,0,3000,0,3000
2014/10/07,0,1000,0,1000
2014/10/08,0,1000,0,1000
2014/10/09,0,0,0,0
2014/10/13,0,0,0,0
2014/10/14,0,1000,0,1000
2014/10/15,0,0,0,0
2014/10/16,0,0,0,0
2014/10/17,0,0,0,0
2014/10/20,0,0,0,0
2014/10/21,0,0,-2000,-2000
2014/10/22,0,185000,0,185000
2014/10/23,0,186000,-3000,183000
2014/10/24,0,186000,0,186000
2014/10/27,0,0,0,0
2014/10/28,0,142000,0,142000
2014/10/29,0,72000,0,72000
2014/10/30,0,0,0,0
2014/10/31,0,140000,0,140000
2014/11/03,0,0,-2000,-2000
2014/11/04,0,30000,-392000,-362000
2014/11/05,0,50000,-500000,-450000
2014/11/06,0,30000,-290000,-260000
2014/11/07,0,190000,0,190000
2014/11/10,0,0,-764000,-764000
2014/11/11,0,9000,-665000,-656000
2014/11/12,0,5000,-585000,-580000
2014/11/13,0,0,-320000,-320000
2014/11/14,0,0,-3000,-3000
2014/11/17,0,50000,0,50000
2014/11/18,0,0,0,0
2014/11/19,0,0,0,0
2014/11/20,0,31000,0,31000
2014/11/21,0,0,0,0
2014/11/24,0,0,0,0
2014/11/25,0,1000,0,1000
2014/11/26,0,0,0,0
2014/11/27,0,0,0,0
2014/11/28,0,0,0,0
2014/12/01,0,0,-700000,-700000
2014/12/02,0,0,-1000000,-1000000
2014/12/03,0,0,-1000,-1000
2014/12/04,0,0,0,0
2014/12/05,0,0,-9000,-9000
2014/12/08,0,0,-22000,-22000
2014/12/09,0,0,0,0
2014/12/10,0,0,0,0
2014/12/11,0,190,0,190
2014/12/12,0,0,0,0
2014/12/15,0,0,0,0
2014/12/16,0,0,-6000,-6000
2014/12/17,0,0,0,0
2014/12/18,0,0,0,0
2014/12/19,0,0,-7000,-7000
2014/12/22,0,0,0,0
2014/12/23,0,0,0,0
2014/12/24,0,0,0,0
2014/12/25,0,0,0,0
2014/12/26,0,0,0,0
2014/12/29,0,0,0,0
2014/12/30,0,0,0,0
2014/12/31,0,0,0,0
2015/01/01,0,0,0,0
2015/01/02,0,0,0,0
2015/01/05,0,0,0,0
2015/01/06,0,66000,0,66000
2015/01/07,0,0,-1000,-1000
2015/01/08,0,0,0,0
2015/01/09,0,76000,0,76000
2015/01/12,0,66000,0,66000
2015/01/13,0,0,0,0
2015/01/14,0,0,0,0
2015/01/15,0,0,-80000,-80000
2015/01/16,0,0,-180000,-180000
2015/01/19,0,0,0,0
2015/01/20,0,0,0,0
2015/01/21,0,0,0,0
2015/01/22,0,0,0,0
2015/01/23,0,0,0,0
2015/01/26,0,0,0,0
2015/01/27,0,0,0,0
2015/01/28,0,0,0,0
2015/01/29,0,0,0,0
2015/01/30,0,1000,0,1000
2015/02/02,0,0,0,0
2015/02/03,0,0,0,0
2015/02/04,0,0,0,0
2015/02/05,0,0,-11000,-11000
2015/02/06,0,0,-81000,-81000
2015/02/09,0,8000,0,8000
2015/02/10,0,0,-120000,-120000
2015/02/11,0,0,-539000,-539000
2015/02/12,0,0,-83000,-83000
2015/02/13,0,1000,-307000,-306000
2015/02/16,0,0,0,0
2015/02/17,0,0,0,0
2015/02/18,0,0,0,0
2015/02/19,0,0,0,0
2015/02/20,0,0,0,0
2015/02/23,0,0,0,0
2015/02/24,0,0,0,0
2015/02/25,0,0,-1580000,-1580000
2015/02/26,0,0,-1001000,-1001000
2015/02/27,0,0,0,0
2015/03/02,0,0,0,0
2015/03/03,0,0,0,0
2015/03/04,0,0,-2000,-2000
2015/03/05,0,0,0,0
2015/03/06,0,0,-3000,-3000
2015/03/09,0,0,0,0
2015/03/10,0,694000,0,694000
2015/03/11,0,0,0,0
2015/03/12,0,1489,0,1489
2015/03/13,0,0,0,0
2015/03/16,0,0,0,0
2015/03/17,0,0,0,0
2015/03/18,0,0,0,0
2015/03/19,0,0,0,0
2015/03/20,0,0,-1000,-1000
2015/03/23,0,0,0,0
2015/03/24,0,0,-3000,-3000
2015/03/25,0,0,0,0
2015/03/26,0,0,0,0
2015/03/27,0,0,0,0
2015/03/30,0,0,0,0
2015/03/31,0,0,0,0
2015/04/01,0,0,0,0
2015/04/02,0,0,0,0
2015/04/03,0,0,0,0
2015/04/06,0,0,0,0
2015/04/07,0,0,-52000,-52000
2015/04/08,0,0,-52000,-52000
2015/04/09,0,0,-53000,-53000
2015/04/10,0,0,0,0
2015/04/13,0,0,0,0
2015/04/14,0,0,0,0
2015/04/15,0,0,-1000,-1000
2015/04/16,0,0,0,0
2015/04/17,0,0,0,0
2015/04/20,0,0,-1000,-1000
2015/04/21,0,0,0,0
2015/04/22,0,0,0,0
2015/04/23,0,0,0,0
2015/04/24,0,0,0,0
2015/04/27,0,0,0,0
2015/04/28,0,0,-1000,-1000
2015/04/29,0,0,-2000,-2000
2015/04/30,0,0,0,0
2015/05/01,0,0,0,0
2015/05/04,0,0,0,0
2015/05/05,0,0,0,0
2015/05/06,0,0,0,0
2015/05/07,0,0,0,0
2015/05/08,0,0,0,0
2015/05/11,0,0,0,0
2015/05/12,0,0,-74000,-74000
2015/05/13,0,0,0,0
2015/05/14,0,0,0,0
2015/05/15,0,0,0,0
2015/05/18,0,0,0,0
2015/05/19,0,0,0,0
2015/05/20,0,0,0,0
2015/05/21,0,0,0,0
2015/05/22,0,0,0,0
2015/05/25,0,0,0,0
2015/05/26,0,0,0,0
2015/05/27,0,0,0,0
2015/05/28,0,11000,0,11000
2015/05/29,0,0,-55667,-55667
2015/06/01,0,0,0,0
2015/06/02,0,0,0,0
2015/06/03,0,0,0,0
2015/06/04,0,218,0,218
2015/06/05,0,10000,-194000,-184000
2015/06/08,0,0,0,0
2015/06/09,0,0,0,0
2015/06/10,0,0,0,0
2015/06/11,0,0,0,0
2015/06/12,0,0,0,0
2015/06/15,0,0,0,0
2015/06/16,0,0,0,0
2015/06/17,0,0,0,0
2015/06/18,0,0,-2000,-2000
2015/06/19,0,0,0,0
2015/06/22,0,0,-6000,-6000
2015/06/23,0,0,0,0
2015/06/24,0,0,0,0
2015/06/25,0,0,0,0
2015/06/26,0,0,0,0
2015/06/29,0,0,0,0
2015/06/30,0,0,0,0
2015/07/01,0,0,-427000,-427000
2015/07/02,0,0,0,0
2015/07/03,0,0,0,0
2015/07/06,0,0,0,0
2015/07/07,0,0,0,0
2015/07/08,0,0,0,0
2015/07/09,0,0,0,0
2015/07/10,0,0,0,0
2015/07/13,0,0,0,0
2015/07/14,0,0,0,0
2015/07/15,0,8000,0,8000
2015/07/16,0,0,0,0
2015/07/17,0,19000,0,19000
2015/07/20,0,0,0,0
2015/07/21,0,1000,0,1000
2015/07/22,0,0,0,0
2015/07/23,0,0,0,0
2015/07/24,0,0,0,0
2015/07/27,0,0,0,0
2015/07/28,0,13000,0,13000
2015/07/29,0,0,0,0
2015/07/30,0,0,0,0
2015/07/31,0,0,0,0
2015/08/03,0,0,0,0
2015/08/04,0,0,0,0
2015/08/05,0,0,0,0
2015/08/06,0,0,0,0
2015/08/07,0,1000,0,1000
2015/08/10,0,0,0,0
2015/08/11,0,0,0,0
2015/08/12,0,0,-3000,-3000
2015/08/13,0,0,0,0
2015/08/14,0,0,0,0
2015/08/17,0,0,0,0
2015/08/18,0,0,0,0
2015/08/19,0,0,0,0
2015/08/20,0,0,0,0
2015/08/21,0,0,0,0
2015/08/24,0,0,0,0
2015/08/25,0,0,-176,-176
2015/08/26,0,0,0,0
2015/08/27,0,0,0,0
2015/08/28,0,4000,0,4000
2015/08/31,0,1000,-4000,-3000
2015/09/01,0,0,-6000,-6000
2015/09/02,0,0,0,0
2015/09/03,0,0,0,0
2015/09/04,0,0,-8000,-8000
2015/09/07,0,3000,0,3000
2015/09/08,0,0,0,0
2015/09/09,0,0,0,0
2015/09/10,0,0,0,0
2015/09/11,0,0,0,0
2015/09/14,0,0,0,0
2015/09/15,0,0,0,0
2015/09/16,0,0,0,0
2015/09/17,0,0,0,0
2015/09/18,0,0,-3000,-3000
2015/09/21,0,23000,0,23000
2015/09/22,0,0,-90,-90
2015/09/23,0,0,0,0
2015/09/24,0,0,0,0
2015/09/25,0,0,0,0
2015/09/28,0,0,0,0
2015/09/29,0,0,0,0
2015/09/30,0,0,0,0
2015/10/01,0,0,0,0
2015/10/02,0,7000,0,7000
2015/10/05,0,1000,0,1000
2015/10/06,0,0,0,0
2015/10/07,0,0,0,0
2015/10/08,0,0,0,0
2015/10/09,0,0,0,0
2015/10/12,0,0,0,0
2015/10/13,0,0,0,0
2015/10/14,0,0,0,0
2015/10/15,0,0,0,0
2015/10/16,0,0,0,0
2015/10/19,0,0,0,0
2015/10/20,0,0,0,0
2015/10/21,0,0,0,0
2015/10/22,0,0,0,0
2015/10/23,0,0,0,0
2015/10/26,0,0,0,0
2015/10/27,0,0,0,0
2015/10/28,0,0,0,0
2015/10/29,0,0,0,0
2015/10/30,0,0,0,0
2015/11/02,0,0,0,0
2015/11/03,0,0,0,0
2015/11/04,0,9000,-2000,7000
2015/11/05,0,0,0,0
2015/11/06,0,0,0,0
2015/11/09,0,0,0,0
2015/11/10,0,0,0,0
2015/11/11,0,0,0,0
2015/11/12,0,0,0,0
2015/11/13,0,0,0,0
2015/11/16,0,0,0,0
2015/11/17,0,0,0,0
2015/11/18,0,0,0,0
2015/11/19,0,0,0,0
2015/11/20,0,0,0,0
2015/11/23,0,0,0,0
2015/11/24,0,0,0,0
2015/11/25,0,0,0,0
2015/11/26,0,0,0,0
2015/11/27,0,0,0,0
2015/11/30,0,0,0,0
2015/12/01,0,0,0,0
2015/12/02,0,0,0,0
2015/12/03,0,0,0,0
2015/12/04,0,0,0,0
2015/12/07,0,0,0,0
2015/12/08,0,0,0,0
2015/12/09,0,0,0,0
2015/12/10,0,0,0,0
2015/12/11,0,0,0,0
2015/12/14,0,0,-121,-121
2015/12/15,0,0,0,0
2015/12/16,0,0,0,0
2015/12/17,0,0,0,0
2015/12/18,0,0,0,0
2015/12/21,0,0,0,0
2015/12/22,0,4000,0,4000
2015/12/23,0,0,0,0
2015/12/24,0,0,0,0
2015/12/25,0,0,0,0
2015/12/28,0,0,-42000,-42000
2015/12/29,0,0,-45190,-45190
2015/12/30,0,0,0,0
2015/12/31,0,0,0,0
2016/01/01,0,0,0,0
2016/01/04,0,0,0,0
2016/01/05,0,0,0,0
2016/01/06,0,0,0,0
2016/01/07,0,0,0,0
2016/01/08,0,0,0,0
2016/01/11,0,0,0,0
2016/01/12,0,0,0,0
2016/01/13,0,0,0,0
2016/01/14,0,0,0,0
2016/01/15,0,0,0,0
2016/01/18,0,0,0,0
2016/01/19,0,0,-3000,-3000
2016/01/20,0,0,0,0
2016/01/21,0,0,0,0
2016/01/22,0,0,0,0
2016/01/25,0,0,0,0
2016/01/26,0,0,0,0
2016/01/27,0,0,0,0
2016/01/28,0,0,0,0
2016/01/29,0,0,0,0
2016/02/01,0,0,0,0
2016/02/02,0,0,0,0
2016/02/03,0,0,0,0
2016/02/04,0,0,0,0
2016/02/05,0,0,0,0
2016/02/08,0,0,0,0
2016/02/09,0,0,0,0
2016/02/10,0,0,0,0
2016/02/11,0,0,0,0
2016/02/12,0,0,0,0
2016/02/15,0,0,-3523,-3523
2016/02/16,0,0,0,0
2016/02/17,0,0,0,0
2016/02/18,0,0,0,0
2016/02/19,0,0,-1000,-1000
2016/02/22,0,0,0,0
2016/02/23,0,0,0,0
2016/02/24,0,0,0,0
2016/02/25,0,0,0,0
2016/02/26,0,0,0,0
2016/02/29,0,0,0,0
2016/03/01,0,0,0,0
2016/03/02,0,0,-2000,-2000
2016/03/03,0,0,0,0
2016/03/04,0,0,0,0
2016/03/07,0,0,0,0
2016/03/08,0,0,0,0
2016/03/09,0,500000,0,500000
2016/03/10,0,0,-1000,-1000
2016/03/11,0,0,0,0
2016/03/14,0,0,0,0
2016/03/15,0,0,0,0
2016/03/16,0,0,0,0
2016/03/17,0,0,0,0
2016/03/18,0,1000,0,1000
2016/03/21,0,0,0,0
2016/03/22,0,0,0,0
2016/03/23,0,0,-100000,-100000
2016/03/24,0,0,0,0
2016/03/25,0,0,-40000,-40000
2016/03/28,0,0,-100000,-100000
2016/03/29,0,1000,0,1000
2016/03/30,0,0,0,0
2016/03/31,0,0,0,0
2016/04/01,0,0,-100000,-100000
2016/04/04,0,0,0,0
2016/04/05,0,0,0,0
2016/04/06,0,0,-160000,-160000
2016/04/07,0,0,0,0
2016/04/08,0,0,0,0
2016/04/11,0,0,0,0
2016/04/12,0,0,-1000,-1000
2016/04/13,0,0,0,0
2016/04/14,0,0,0,0
2016/04/15,0,205000,0,205000
2016/04/18,0,0,0,0
2016/04/19,0,0,0,0
2016/04/20,0,0,-2000,-2000
2016/04/21,0,0,0,0
2016/04/22,0,0,0,0
2016/04/25,0,0,-1000,-1000
2016/04/26,0,0,0,0
2016/04/27,0,0,0,0
2016/04/28,0,0,0,0
2016/04/29,0,0,0,0
2016/05/02,0,0,0,0
2016/05/03,0,0,0,0
2016/05/04,0,0,0,0
2016/05/05,0,0,0,0
2016/05/06,0,0,0,0
2016/05/09,0,0,0,0
2016/05/10,0,6032,0,6032
2016/05/11,0,0,0,0
2016/05/12,0,0,0,0
2016/05/13,0,0,0,0
2016/05/16,0,0,0,0
2016/05/17,0,0,0,0
2016/05/18,0,0,0,0
2016/05/19,0,0,0,0
2016/05/20,0,0,0,0
2016/05/23,0,0,0,0
2016/05/24,0,0,0,0
2016/05/25,0,0,0,0
2016/05/26,0,1000,0,1000
2016/05/27,0,0,0,0
2016/05/30,0,0,0,0
2016/05/31,0,0,0,0
2016/06/01,0,0,0,0
2016/06/02,0,0,0,0
2016/06/03,0,0,0,0
2016/06/06,0,0,0,0
2016/06/07,0,0,0,0
2016/06/08,0,0,0,0
2016/06/09,0,0,0,0
2016/06/10,0,0,0,0
2016/06/13,0,0,0,0
2016/06/14,0,0,0,0
2016/06/15,0,0,0,0
2016/06/16,0,0,0,0
2016/06/17,0,7000,0,7000
2016/06/20,0,0,0,0
2016/06/21,0,0,0,0
2016/06/22,0,0,0,0
2016/06/23,0,0,0,0
2016/06/24,0,0,-95000,-95000
2016/06/27,0,0,-90000,-90000
2016/06/28,0,1000,0,1000
2016/06/29,0,0,0,0
2016/06/30,0,0,0,0
2016/07/01,0,0,0,0
2016/07/04,0,0,0,0
2016/07/05,0,0,0,0
2016/07/06,0,0,0,0
2016/07/07,0,0,0,0
2016/07/08,0,0,0,0
2016/07/11,0,0,0,0
2016/07/12,0,0,0,0
2016/07/13,0,0,0,0
2016/07/14,0,0,-1000,-1000
2016/07/15,0,0,0,0
2016/07/18,0,0,0,0
2016/07/19,0,0,-1000,-1000
2016/07/20,0,0,0,0
2016/07/21,0,0,-2000,-2000
2016/07/22,0,0,-1000,-1000
2016/07/25,0,0,0,0
2016/07/26,0,0,0,0
2016/07/27,0,0,0,0
2016/07/28,0,0,0,0
2016/07/29,0,1350,0,1350
2016/08/01,0,0,0,0
2016/08/02,0,0,0,0
2016/08/03,0,0,0,0
2016/08/04,0,0,-1000,-1000
2016/08/05,0,0,0,0
2016/08/08,0,0,-1000,-1000
2016/08/09,0,0,0,0
2016/08/10,0,0,0,0
2016/08/11,0,0,0,0
2016/08/12,0,0,0,0
2016/08/15,0,0,0,0
2016/08/16,0,0,0,0
2016/08/17,0,0,0,0
2016/08/18,0,0,0,0
2016/08/19,0,0,0,0
2016/08/22,0,0,0,0
2016/08/23,0,0,-1000,-1000
2016/08/24,0,0,0,0
2016/08/25,0,3000,-1000,2000
2016/08/26,0,0,0,0
2016/08/29,0,0,0,0
2016/08/30,0,0,-1000,-1000
2016/08/31,0,0,0,0
2016/09/01,0,0,0,0
2016/09/02,0,0,0,0
2016/09/05,0,1000,0,1000
2016/09/06,0,0,0,0
2016/09/07,0,0,0,0
2016/09/08,0,0,-3000,-3000
2016/09/09,0,0,0,0
2016/09/12,0,0,0,0
2016/09/13,0,0,0,0
2016/09/14,0,0,-1000,-1000
2016/09/15,0,0,0,0
2016/09/16,0,0,0,0
2016/09/19,0,0,0,0
2016/09/20,0,0,0,0
2016/09/21,0,0,0,0
2016/09/22,0,0,0,0
2016/09/23,0,0,0,0
2016/09/26,0,0,0,0
2016/09/27,0,0,0,0
2016/09/28,0,0,0,0
2016/09/29,0,0,0,0
2016/09/30,0,0,-2166,-2166
2016/10/03,0,0,0,0
2016/10/04,0,0,0,0
2016/10/05,0,0,0,0
2016/10/06,0,0,0,0
2016/10/07,0,0,0,0
2016/10/10,0,0,0,0
2016/10/11,0,0,0,0
2016/10/12,0,0,0,0
2016/10/13,0,0,0,0
2016/10/14,0,0,0,0
2016/10/17,0,0,0,0
2016/10/18,0,0,0,0
2016/10/19,0,0,0,0
2016/10/20,0,25000,0,25000
2016/10/21,0,24000,0,24000
2016/10/24,0,0,0,0
2016/10/25,0,0,0,0
2016/10/26,0,0,0,0
2016/10/27,0,0,0,0
2016/10/28,0,0,0,0
2016/10/31,0,0,0,0
2016/11/01,0,0,0,0
2016/11/02,0,711,0,711
2016/11/03,0,0,0,0
2016/11/04,0,0,0,0
2016/11/07,0,0,0,0
2016/11/08,0,0,0,0
2016/11/09,0,0,0,0
2016/11/10,0,0,0,0
2016/11/11,0,0,0,0
2016/11/14,0,0,0,0
2016/11/15,0,0,0,0
2016/11/16,0,0,0,0
2016/11/17,0,0,0,0
2016/11/18,0,0,0,0
2016/11/21,0,0,0,0
2016/11/22,0,2000,0,2000
2016/11/23,0,0,0,0
2016/11/24,0,0,0,0
2016/11/25,0,0,0,0
2016/11/28,0,0,0,0
2016/11/29,0,6000,0,6000
2016/11/30,0,0,0,0
2016/12/01,0,2000,0,2000
2016/12/02,0,0,0,0
2016/12/05,0,0,0,0
2016/12/06,0,0,0,0
2016/12/07,0,0,0,0
2016/12/08,0,0,0,0
2016/12/09,0,0,0,0
2016/12/12,0,0,0,0
2016/12/13,0,0,0,0
2016/12/14,0,0,0,0
2016/12/15,0,0,0,0
2016/12/16,0,0,-6000,-6000
2016/12/19,0,0,0,0
2016/12/20,0,0,0,0
2016/12/21,0,0,0,0
2016/12/22,0,0,0,0
2016/12/23,0,0,0,0
2016/12/26,0,0,0,0
2016/12/27,0,0,0,0
2016/12/28,0,0,0,0
2016/12/29,0,0,0,0
2016/12/30,0,0,0,0
2017/01/02,0,0,0,0
2017/01/03,0,0,0,0
2017/01/04,0,0,0,0
2017/01/05,0,0,-26000,-26000
2017/01/06,0,0,-35000,-35000
2017/01/09,0,0,0,0
2017/01/10,0,0,0,0
2017/01/11,0,0,0,0
2017/01/12,0,0,0,0
2017/01/13,0,0,0,0
2017/01/16,0,0,0,0
2017/01/17,0,0,0,0
2017/01/18,0,0,0,0
2017/01/19,0,0,0,0
2017/01/20,0,0,0,0
2017/01/23,0,972,0,972
2017/01/24,0,0,0,0
2017/01/25,0,0,0,0
2017/01/26,0,0,0,0
2017/01/27,0,0,0,0
2017/01/30,0,0,0,0
2017/01/31,0,0,0,0
2017/02/01,0,0,0,0
2017/02/02,0,0,0,0
2017/02/03,0,1000,0,1000
2017/02/06,0,0,0,0
2017/02/07,0,0,0,0
2017/02/08,0,0,0,0
2017/02/09,0,0,0,0
2017/02/10,0,0,0,0
2017/02/13,0,0,0,0
2017/02/14,0,0,0,0
2017/02/15,0,0,0,0
2017/02/16,0,0,0,0
2017/02/17,0,0,0,0
2017/02/20,0,0,0,0
2017/02/21,0,0,0,0
2017/02/22,0,0,0,0
2017/02/23,0,0,0,0
2017/02/24,0,0,0,0
2017/02/27,0,0,0,0
2017/02/28,0,0,0,0
2017/03/01,0,0,0,0
2017/03/02,0,0,0,0
2017/03/03,0,0,0,0
2017/03/06,0,0,0,0
2017/03/07,0,0,0,0
2017/03/08,0,0,0,0
2017/03/09,0,0,0,0
2017/03/10,0,0,0,0
2017/03/13,0,0,0,0
2017/03/14,0,0,0,0
2017/03/15,0,0,0,0
2017/03/16,0,0,0,0
2017/03/17,0,0,-239062,-239062
2017/03/20,0,0,-4000,-4000
2017/03/21,0,0,-3000,-3000
2017/03/22,0,0,0,0
2017/03/23,0,0,0,0
2017/03/24,0,0,0,0
2017/03/27,0,0,-2000,-2000
2017/03/28,0,0,0,0
2017/03/29,0,0,0,0
2017/03/30,0,0,0,0
2017/03/31,0,0,0,0
2017/04/03,0,0,0,0
2017/04/04,0,0,0,0
2017/04/05,0,0,0,0
2017/04/06,0,0,0,0
2017/04/07,0,0,0,0
2017/04/10,0,0,0,0
2017/04/11,0,0,0,0
2017/04/12,0,0,0,0
2017/04/13,0,0,0,0
2017/04/14,0,0,0,0
2017/04/17,0,0,0,0
2017/04/18,0,0,0,0
2017/04/19,0,0,0,0
