Date,Open,Buy,Sell,Total
2007/01/02,0,324000,0,324000
2007/01/03,0,1619000,-300000,1319000
2007/01/04,0,1604000,-452000,1152000
2007/01/05,0,1343000,-244000,1099000
2007/01/08,0,946000,-70688,875312
2007/01/09,0,1235000,-120000,1115000
2007/01/10,0,1670000,-724400,945600
2007/01/11,0,2320000,-996000,1324000
2007/01/12,0,790000,-492000,298000
2007/01/15,0,1403000,-1037000,366000
2007/01/16,0,101000,-106000,-5000
2007/01/17,0,911000,-571300,339700
2007/01/18,0,179000,-319246,-140246
2007/01/19,0,445000,-712000,-267000
2007/01/22,0,361000,-943000,-582000
2007/01/23,0,89000,-130000,-41000
2007/01/24,0,516000,-232000,284000
2007/01/25,0,277000,-191000,86000
2007/01/26,0,21000,-291960,-270960
2007/01/29,0,186000,-178722,7278
2007/01/30,0,533000,-649370,-116370
2007/01/31,0,566000,-297000,269000
2007/02/01,0,531000,-96000,435000
2007/02/02,0,717000,-296000,421000
2007/02/05,0,686000,-245000,441000
2007/02/06,0,966000,-320166,645834
2007/02/07,0,463000,-8000,455000
2007/02/08,0,82000,-351040,-269040
2007/02/09,0,209000,-504900,-295900
2007/02/12,0,1001000,-1044000,-43000
2007/02/13,0,264000,-89000,175000
2007/02/14,0,619000,-347000,272000
2007/02/15,0,0,0,0
2007/02/16,0,0,0,0
2007/02/19,0,0,0,0
2007/02/20,0,0,0,0
2007/02/21,0,0,0,0
2007/02/22,0,0,0,0
2007/02/23,0,0,0,0
2007/02/26,0,393000,-345440,47560
2007/02/27,0,748000,-50000,698000
2007/02/28,0,0,0,0
2007/03/01,0,1317000,-1383000,-66000
2007/03/02,0,1023000,-1245000,-222000
2007/03/05,0,1523000,-2433123,-910123
2007/03/06,0,1194000,-1339000,-145000
2007/03/07,0,950000,-640000,310000
2007/03/08,0,1152000,-553000,599000
2007/03/09,0,193000,-68492,124508
2007/03/12,0,1630000,-2308000,-678000
2007/03/13,0,19000,-599420,-580420
2007/03/14,0,158000,-531000,-373000
2007/03/15,0,6000,-771000,-765000
2007/03/16,0,57000,-1430000,-1373000
2007/03/19,0,55000,-8000,47000
2007/03/20,0,34000,-37000,-3000
2007/03/21,0,42000,0,42000
2007/03/22,0,49000,0,49000
2007/03/23,0,229000,-150000,79000
2007/03/26,0,414000,-1000,413000
2007/03/27,0,552000,-5000,547000
2007/03/28,0,4000,-150000,-146000
2007/03/29,0,18000,-13000,5000
2007/03/30,0,345000,-37000,308000
2007/04/02,0,34000,-90000,-56000
2007/04/03,0,5000,0,5000
2007/04/04,0,100000,-48000,52000
2007/04/05,0,0,0,0
2007/04/06,0,0,0,0
2007/04/09,0,259000,-183090,75910
2007/04/10,0,220000,-229000,-9000
2007/04/11,0,760000,-14000,746000
2007/04/12,0,446000,-103000,343000
2007/04/13,0,503000,-498000,5000
2007/04/16,0,717000,-1418000,-701000
2007/04/17,0,258000,-21000,237000
2007/04/18,0,5000,-112000,-107000
2007/04/19,0,323000,-848040,-525040
2007/04/20,0,159000,-64500,94500
2007/04/23,0,174000,-25000,149000
2007/04/24,0,131000,-63000,68000
2007/04/25,0,259000,-667000,-408000
2007/04/26,0,125000,-130000,-5000
2007/04/27,0,23000,-32000,-9000
2007/04/30,0,785000,-706970,78030
2007/05/01,0,0,0,0
2007/05/02,0,82000,-186000,-104000
2007/05/03,0,703000,-423000,280000
2007/05/04,0,1960000,-411667,1548333
2007/05/07,0,304000,-237000,67000
2007/05/08,0,246000,-325000,-79000
2007/05/09,0,1568000,-1653000,-85000
2007/05/10,0,342000,-1000000,-658000
2007/05/11,0,274000,-524000,-250000
2007/05/14,0,953000,-675000,278000
2007/05/15,0,53000,-113000,-60000
2007/05/16,0,426000,-354000,72000
2007/05/17,0,714000,-49000,665000
2007/05/18,0,108000,-43000,65000
2007/05/21,0,76000,-23000,53000
2007/05/22,0,1215000,-495000,720000
2007/05/23,0,972000,-66000,906000
2007/05/24,0,946000,-755000,191000
2007/05/25,0,384000,-127000,257000
2007/05/28,0,1695000,-112000,1583000
2007/05/29,0,1511000,-640000,871000
2007/05/30,0,1001000,-723000,278000
2007/05/31,0,6482796,-4696510,1786286
2007/06/01,0,620350,-703000,-82650
2007/06/04,0,745000,-606000,139000
2007/06/05,0,1560000,-991700,568300
2007/06/06,0,1572000,-1465000,107000
2007/06/07,0,685000,-265000,420000
2007/06/08,0,317000,-269181,47819
2007/06/11,0,544000,-462000,82000
2007/06/12,0,87000,-25000,62000
2007/06/13,0,621000,-379000,242000
2007/06/14,0,388000,-174000,214000
2007/06/15,0,1744000,-1482898,261102
2007/06/18,0,0,0,0
2007/06/19,0,0,0,0
2007/06/20,0,833000,-533460,299540
2007/06/21,0,1044000,-385000,659000
2007/06/22,0,407000,-383000,24000
2007/06/25,0,368000,-142000,226000
2007/06/26,0,1166000,-551000,615000
2007/06/27,0,198000,-180000,18000
2007/06/28,0,690000,-426000,264000
2007/06/29,0,1247000,-1432000,-185000
2007/07/02,0,318000,-397000,-79000
2007/07/03,0,1416000,-1446000,-30000
2007/07/04,0,375000,-387000,-12000
2007/07/05,0,1167000,-1328000,-161000
2007/07/06,0,260000,-396300,-136300
2007/07/09,0,597000,-695000,-98000
2007/07/10,0,160000,-133000,27000
2007/07/11,0,738000,-614000,124000
2007/07/12,0,152000,-667000,-515000
2007/07/13,0,212000,-184000,28000
2007/07/16,0,123000,-459000,-336000
2007/07/17,0,886000,-1095000,-209000
2007/07/18,0,77000,-427000,-350000
2007/07/19,0,92000,-332000,-240000
2007/07/20,0,403000,-474000,-71000
2007/07/23,0,471000,-487000,-16000
2007/07/24,0,1120000,-1093000,27000
2007/07/25,0,533000,-1305000,-772000
2007/07/26,0,404000,-687000,-283000
2007/07/27,0,634000,-1704000,-1070000
2007/07/30,0,512000,-1011000,-499000
2007/07/31,0,217000,-590000,-373000
2007/08/01,0,308020,-1134280,-826260
2007/08/02,0,150000,-603000,-453000
2007/08/03,0,418196,-464000,-45804
2007/08/06,0,870000,-652000,218000
2007/08/07,0,366000,-725000,-359000
2007/08/08,0,880000,-1238000,-358000
2007/08/09,0,417000,-319000,98000
2007/08/10,0,224000,-366000,-142000
2007/08/13,0,564000,-55000,509000
2007/08/14,0,37000,-390000,-353000
2007/08/15,0,135000,-309000,-174000
2007/08/16,0,158000,-499000,-341000
2007/08/17,0,124000,-293000,-169000
2007/08/20,0,341000,-176000,165000
2007/08/21,0,173000,-109000,64000
2007/08/22,0,79000,-119980,-40980
2007/08/23,0,215000,-177979,37021
2007/08/24,0,48000,-62000,-14000
2007/08/27,0,53000,-37320,15680
2007/08/28,0,208000,-79479,128521
2007/08/29,0,191471,-262000,-70529
2007/08/30,0,298000,-273000,25000
2007/08/31,0,524000,-659000,-135000
2007/09/03,0,97000,-410000,-313000
2007/09/04,0,171000,-241000,-70000
2007/09/05,0,806000,-719000,87000
2007/09/06,0,446000,-234000,212000
2007/09/07,0,978000,-510000,468000
2007/09/10,0,697000,-689000,8000
2007/09/11,0,16000,-100830,-84830
2007/09/12,0,517000,-600600,-83600
2007/09/13,0,121000,-160360,-39360
2007/09/14,0,682000,-378140,303860
2007/09/17,0,18000,-473837,-455837
2007/09/18,0,0,0,0
2007/09/19,0,1992000,-1893400,98600
2007/09/20,0,703000,-1037320,-334320
2007/09/21,0,263000,-279340,-16340
2007/09/24,0,0,0,0
2007/09/25,0,0,0,0
2007/09/26,0,238000,-149195,88805
2007/09/27,0,589000,-413000,176000
2007/09/28,0,602000,-812820,-210820
2007/10/01,0,32000,-176000,-144000
2007/10/02,0,240000,-76600,163400
2007/10/03,0,265843,-1411805,-1145962
2007/10/04,0,941000,-2132000,-1191000
2007/10/05,0,743000,-37740,705260
2007/10/08,0,924000,-438426,485574
2007/10/09,0,317000,-97000,220000
2007/10/10,0,0,0,0
2007/10/11,0,295000,-114654,180346
2007/10/12,0,430000,-325000,105000
2007/10/15,0,784000,-445478,338522
2007/10/16,0,631000,-512100,118900
2007/10/17,0,473000,-478000,-5000
2007/10/18,0,600000,-822959,-222959
2007/10/19,0,970000,-933000,37000
2007/10/22,0,1516000,-1897100,-381100
2007/10/23,0,3432000,-3901921,-469921
2007/10/24,0,212000,-337000,-125000
2007/10/25,0,346995,-876000,-529005
2007/10/26,0,497000,-1137036,-640036
2007/10/29,0,874000,-550120,323880
2007/10/30,0,360000,-212000,148000
2007/10/31,0,313000,-319453,-6453
2007/11/01,0,381000,-202350,178650
2007/11/02,0,1228000,-1052000,176000
2007/11/05,0,459000,-1148579,-689579
2007/11/06,0,181000,-697260,-516260
2007/11/07,0,352000,-652280,-300280
2007/11/08,0,554000,-1165000,-611000
2007/11/09,0,384000,-340000,44000
2007/11/12,0,1026000,-1217060,-191060
2007/11/13,0,1024000,-1110000,-86000
2007/11/14,0,715000,-852000,-137000
2007/11/15,0,446000,-338000,108000
2007/11/16,0,211000,-481000,-270000
2007/11/19,0,571000,-650460,-79460
2007/11/20,0,542000,-728460,-186460
2007/11/21,0,797000,-867620,-70620
2007/11/22,0,192000,-152000,40000
2007/11/23,0,459000,-318000,141000
2007/11/26,0,875000,-772679,102321
2007/11/27,0,776000,-764000,12000
2007/11/28,0,1725000,-1961480,-236480
2007/11/29,0,1175000,-723980,451020
2007/11/30,0,1423000,-1117000,306000
2007/12/03,0,44860,-81700,-36840
2007/12/04,0,319000,-530000,-211000
2007/12/05,0,189000,-684000,-495000
2007/12/06,0,1016100,-899000,117100
2007/12/07,0,894977,-955560,-60583
2007/12/10,0,316000,-370000,-54000
2007/12/11,0,1284000,-1159000,125000
2007/12/12,0,555000,-389500,165500
2007/12/13,0,963000,-1383100,-420100
2007/12/14,0,287000,-367000,-80000
2007/12/17,0,559000,-702000,-143000
2007/12/18,0,343000,-303540,39460
2007/12/19,0,652000,-872411,-220411
2007/12/20,0,740000,-564000,176000
2007/12/21,0,564000,-181000,383000
2007/12/24,0,657000,-472000,185000
2007/12/25,0,4000,-25000,-21000
2007/12/26,0,63000,-92000,-29000
2007/12/27,0,524000,-321000,203000
2007/12/28,0,238000,-232000,6000
2007/12/31,0,118000,-60000,58000
2008/01/01,0,0,0,0
2008/01/02,0,190000,-354420,-164420
2008/01/03,0,250000,-328000,-78000
2008/01/04,0,553000,-585012,-32012
2008/01/07,0,419000,-705000,-286000
2008/01/08,0,345000,-616300,-271300
2008/01/09,0,995000,-2304770,-1309770
2008/01/10,0,1202000,-1879917,-677917
2008/01/11,0,750000,-1234360,-484360
2008/01/14,0,1275000,-2461696,-1186696
2008/01/15,0,923000,-1080799,-157799
2008/01/16,0,848000,-816480,31520
2008/01/17,0,464000,-634097,-170097
2008/01/18,0,490019,-1702409,-1212390
2008/01/21,0,439000,-1253743,-814743
2008/01/22,0,750000,-1167000,-417000
2008/01/23,0,569000,-2398808,-1829808
2008/01/24,0,962000,-828082,133918
2008/01/25,0,323000,-216803,106197
2008/01/28,0,969000,-1131000,-162000
2008/01/29,0,442000,-435471,6529
2008/01/30,0,1435288,-878000,557288
2008/01/31,0,1360000,-305540,1054460
2008/02/01,0,723000,-101000,622000
2008/02/04,0,0,0,0
2008/02/05,0,0,0,0
2008/02/06,0,0,0,0
2008/02/07,0,0,0,0
2008/02/08,0,0,0,0
2008/02/11,0,0,0,0
2008/02/12,0,1856000,-354020,1501980
2008/02/13,0,329000,-388000,-59000
2008/02/14,0,240000,-259660,-19660
2008/02/15,0,691000,-303000,388000
2008/02/18,0,122000,-234084,-112084
2008/02/19,0,281000,-527000,-246000
2008/02/20,0,1315000,-989000,326000
2008/02/21,0,372000,-179815,192185
2008/02/22,0,220000,-173327,46673
2008/02/25,0,398000,-325129,72871
2008/02/26,0,616000,-528000,88000
2008/02/27,0,1360000,-1170582,189418
2008/02/28,0,0,0,0
2008/02/29,0,598909,-941390,-342481
2008/03/03,0,389000,-402000,-13000
2008/03/04,0,373000,-59000,314000
2008/03/05,0,354000,-434000,-80000
2008/03/06,0,580479,-219000,361479
2008/03/07,0,206000,-709310,-503310
2008/03/10,0,150000,-750000,-600000
2008/03/11,0,164000,-363000,-199000
2008/03/12,0,333344,-500000,-166656
2008/03/13,0,226000,-1073000,-847000
2008/03/14,0,474000,-910110,-436110
2008/03/17,0,696000,-1049000,-353000
2008/03/18,0,864000,-1775000,-911000
2008/03/19,0,438000,-955000,-517000
2008/03/20,0,679000,-150000,529000
2008/03/21,0,911000,-88000,823000
2008/03/24,0,1813000,-1002000,811000
2008/03/25,0,1018000,-564000,454000
2008/03/26,0,589000,-313000,276000
2008/03/27,0,237585,-768000,-530415
2008/03/28,0,768585,-649725,118860
2008/03/31,0,299683,-413000,-113317
2008/04/01,0,299045,-367400,-68355
2008/04/02,0,406000,-212000,194000
2008/04/03,0,108000,-165000,-57000
2008/04/04,0,0,0,0
2008/04/07,0,134000,-111000,23000
2008/04/08,0,130000,-597000,-467000
2008/04/09,0,135000,-361420,-226420
2008/04/10,0,495000,-433000,62000
2008/04/11,0,133000,-51148,81852
2008/04/14,0,457000,-46000,411000
2008/04/15,0,258000,-70000,188000
2008/04/16,0,204000,-217000,-13000
2008/04/17,0,410000,-290000,120000
2008/04/18,0,146000,-118000,28000
2008/04/21,0,206000,-231000,-25000
2008/04/22,0,39000,-131000,-92000
2008/04/23,0,922000,-618000,304000
2008/04/24,0,544000,-583000,-39000
2008/04/25,0,66000,-310620,-244620
2008/04/28,0,411000,-274000,137000
2008/04/29,0,341000,-591000,-250000
2008/04/30,0,135000,-915920,-780920
2008/05/01,0,0,0,0
2008/05/02,0,458000,-974000,-516000
2008/05/05,0,510000,-669000,-159000
2008/05/06,0,469000,-99000,370000
2008/05/07,0,90000,-44000,46000
2008/05/08,0,139000,-556000,-417000
2008/05/09,0,468000,-532348,-64348
2008/05/12,0,309000,-316000,-7000
2008/05/13,0,341000,-208000,133000
2008/05/14,0,327000,-22000,305000
2008/05/15,0,715000,-68000,647000
2008/05/16,0,309000,-30721,278279
2008/05/19,0,273000,-63000,210000
2008/05/20,0,583000,-485000,98000
2008/05/21,0,320000,-404980,-84980
2008/05/22,0,711000,-926292,-215292
2008/05/23,0,459000,-203000,256000
2008/05/26,0,393000,-180000,213000
2008/05/27,0,121000,-90000,31000
2008/05/28,0,1546000,-1366000,180000
2008/05/29,0,1932000,-1726000,206000
2008/05/30,0,872074,-652000,220074
2008/06/02,0,149000,-149000,0
2008/06/03,0,263000,-409180,-146180
2008/06/04,0,166000,-125000,41000
2008/06/05,0,904000,-976000,-72000
2008/06/06,0,396000,-534000,-138000
2008/06/09,0,310000,-456179,-146179
2008/06/10,0,724000,-553534,170466
2008/06/11,0,275000,-242000,33000
2008/06/12,0,92000,-479200,-387200
2008/06/13,0,1155000,-1401000,-246000
2008/06/16,0,160000,-130000,30000
2008/06/17,0,66000,-57000,9000
2008/06/18,0,102000,-114000,-12000
2008/06/19,0,81000,-638000,-557000
2008/06/20,0,1719374,-1949819,-230445
2008/06/23,0,1423000,-1530000,-107000
2008/06/24,0,446000,-698000,-252000
2008/06/25,0,476000,-481180,-5180
2008/06/26,0,121000,-307860,-186860
2008/06/27,0,692000,-363000,329000
2008/06/30,0,199000,-129000,70000
2008/07/01,0,509000,-160000,349000
2008/07/02,0,424000,-962125,-538125
2008/07/03,0,732000,-1518564,-786564
2008/07/04,0,255000,-362000,-107000
2008/07/07,0,349000,-935305,-586305
2008/07/08,0,261000,-753000,-492000
2008/07/09,0,475000,-819100,-344100
2008/07/10,0,300000,-272000,28000
2008/07/11,0,129000,-474000,-345000
2008/07/14,0,76000,-93000,-17000
2008/07/15,0,151000,-254000,-103000
2008/07/16,0,309000,-291000,18000
2008/07/17,0,226000,-504000,-278000
2008/07/18,0,98000,-263000,-165000
2008/07/21,0,433000,-286000,147000
2008/07/22,0,190000,-68612,121388
2008/07/23,0,321000,-328000,-7000
2008/07/24,0,571000,-78000,493000
2008/07/25,0,40000,-261000,-221000
2008/07/28,0,0,0,0
2008/07/29,0,10000,-382000,-372000
2008/07/30,0,376000,-381000,-5000
2008/07/31,0,526000,-281000,245000
2008/08/01,0,123000,-150000,-27000
2008/08/04,0,58000,-262000,-204000
2008/08/05,0,574000,-1089782,-515782
2008/08/06,0,1432000,-1038000,394000
2008/08/07,0,148000,-433000,-285000
2008/08/08,0,1100000,-1490000,-390000
2008/08/11,0,211000,-366000,-155000
2008/08/12,0,602000,-2294285,-1692285
2008/08/13,0,1221000,-2982780,-1761780
2008/08/14,0,237000,-1592000,-1355000
2008/08/15,0,46000,-872000,-826000
2008/08/18,0,725000,-811000,-86000
2008/08/19,0,181000,-899000,-718000
2008/08/20,0,175000,-656000,-481000
2008/08/21,0,67000,-672220,-605220
2008/08/22,0,419000,-810000,-391000
2008/08/25,0,664000,-663000,1000
2008/08/26,0,154000,-254000,-100000
2008/08/27,0,579000,-852000,-273000
2008/08/28,0,687000,-1357000,-670000
2008/08/29,0,941000,-979001,-38001
2008/09/01,0,607000,-747000,-140000
2008/09/02,0,312000,-489000,-177000
2008/09/03,0,653000,-813517,-160517
2008/09/04,0,548000,-267266,280734
2008/09/05,0,186000,-480620,-294620
2008/09/08,0,812000,-365820,446180
2008/09/09,0,712000,-399941,312059
2008/09/10,0,165000,-778131,-613131
2008/09/11,0,43000,-504000,-461000
2008/09/12,0,123000,-94000,29000
2008/09/15,0,43000,-481000,-438000
2008/09/16,0,275431,-291000,-15569
2008/09/17,0,426000,-216920,209080
2008/09/18,0,348060,-417000,-68940
2008/09/19,0,359001,-1044620,-685619
2008/09/22,0,382000,-124000,258000
2008/09/23,0,164000,-353452,-189452
2008/09/24,0,367490,-356490,11000
2008/09/25,0,127000,-69000,58000
2008/09/26,0,45000,-372580,-327580
2008/09/29,0,0,0,0
2008/09/30,0,634000,-247000,387000
2008/10/01,0,237000,-264200,-27200
2008/10/02,0,295054,-197000,98054
2008/10/03,0,199500,-250263,-50763
2008/10/06,0,1142000,-1122760,19240
2008/10/07,0,412000,-77000,335000
2008/10/08,0,524000,-464000,60000
2008/10/09,0,944600,-636349,308251
2008/10/10,0,0,0,0
2008/10/13,0,93000,-145000,-52000
2008/10/14,0,103000,-735000,-632000
2008/10/15,0,72000,-65000,7000
2008/10/16,0,0,-20000,-20000
2008/10/17,0,209000,-133000,76000
2008/10/20,0,906000,-415153,490847
2008/10/21,0,851000,-467000,384000
2008/10/22,0,791800,-526000,265800
2008/10/23,0,90000,-69000,21000
2008/10/24,0,4000,-70000,-66000
2008/10/27,0,1287000,-351000,936000
2008/10/28,0,188015,-1525000,-1336985
2008/10/29,0,252000,-1780860,-1528860
2008/10/30,0,609000,-533475,75525
2008/10/31,0,286000,-447000,-161000
2008/11/03,0,798000,-1311840,-513840
2008/11/04,0,1116000,-231000,885000
2008/11/05,0,754000,-273000,481000
2008/11/06,0,2098000,-1219000,879000
2008/11/07,0,148000,-2238000,-2090000
2008/11/10,0,173000,-1530380,-1357380
2008/11/11,0,1106000,-2188669,-1082669
2008/11/12,0,626000,-721332,-95332
2008/11/13,0,111000,-659235,-548235
2008/11/14,0,1126000,-468863,657137
2008/11/17,0,131000,-452000,-321000
2008/11/18,0,147000,-106000,41000
2008/11/19,0,36000,-883536,-847536
2008/11/20,0,248000,-1580000,-1332000
2008/11/21,0,457000,-4536709,-4079709
2008/11/24,0,51000,-235000,-184000
2008/11/25,0,342000,-2789442,-2447442
2008/11/26,0,745000,-368363,376637
2008/11/27,0,231000,-317000,-86000
2008/11/28,0,2704000,-549667,2154333
2008/12/01,0,1612000,-1099000,513000
2008/12/02,0,2582000,-814722,1767278
2008/12/03,0,1201000,-2083591,-882591
2008/12/04,0,80000,-643000,-563000
2008/12/05,0,307000,-118211,188789
2008/12/08,0,759000,-394000,365000
2008/12/09,0,543620,-1629044,-1085424
2008/12/10,0,604000,-1870713,-1266713
2008/12/11,0,1118000,-280000,838000
2008/12/12,0,520000,-2876515,-2356515
2008/12/15,0,465000,-2829412,-2364412
2008/12/16,0,3035000,-1328660,1706340
2008/12/17,0,687000,-726000,-39000
2008/12/18,0,1439000,-50000,1389000
2008/12/19,0,2162000,-375000,1787000
2008/12/22,0,108000,-797000,-689000
2008/12/23,0,76000,-353000,-277000
2008/12/24,0,166000,-331600,-165600
2008/12/25,0,33000,-147000,-114000
2008/12/26,0,116000,-20000,96000
2008/12/29,0,26000,-54000,-28000
2008/12/30,0,314000,-20000,294000
2008/12/31,0,54000,-170000,-116000
2009/01/01,0,0,0,0
2009/01/02,0,0,0,0
2009/01/05,0,1401000,-55000,1346000
2009/01/06,0,690000,-274000,416000
2009/01/07,0,1012261,-546437,465824
2009/01/08,0,9000,-1856682,-1847682
2009/01/09,0,547000,-1320324,-773324
2009/01/12,0,22795,-351000,-328205
2009/01/13,0,135814,-74000,61814
2009/01/14,0,61000,-330100,-269100
2009/01/15,0,100000,-1093000,-993000
2009/01/16,0,66000,-226000,-160000
2009/01/19,0,353000,-61390,291610
2009/01/20,0,219000,-1025000,-806000
2009/01/21,0,245000,-2341587,-2096587
2009/01/22,0,0,0,0
2009/01/23,0,0,0,0
2009/01/26,0,0,0,0
2009/01/27,0,0,0,0
2009/01/28,0,0,0,0
2009/01/29,0,0,0,0
2009/01/30,0,0,0,0
2009/02/02,0,38000,-1069616,-1031616
2009/02/03,0,444000,-4481247,-4037247
2009/02/04,0,319000,-541000,-222000
2009/02/05,0,1697000,-288000,1409000
2009/02/06,0,310000,-529000,-219000
2009/02/09,0,77000,-214000,-137000
2009/02/10,0,107000,-235001,-128001
2009/02/11,0,188000,-256000,-68000
2009/02/12,0,799000,-753000,46000
2009/02/13,0,502000,-168000,334000
2009/02/16,0,3357000,-420000,2937000
2009/02/17,0,1374000,-737178,636822
2009/02/18,0,426000,-2191000,-1765000
2009/02/19,0,1064000,-2919282,-1855282
2009/02/20,0,681000,-779000,-98000
2009/02/23,0,917000,-423000,494000
2009/02/24,0,61000,-266660,-205660
2009/02/25,0,883000,-397070,485930
2009/02/26,0,227000,-377920,-150920
2009/02/27,0,70000,-158351,-88351
2009/03/02,0,128987,-923000,-794013
2009/03/03,0,105000,-93000,12000
2009/03/04,0,309000,-2398000,-2089000
2009/03/05,0,245000,-346000,-101000
2009/03/06,0,465920,-1444000,-978080
2009/03/09,0,264000,-1903000,-1639000
2009/03/10,0,1269920,-67180,1202740
2009/03/11,0,1459000,-1214677,244323
2009/03/12,0,657000,-968000,-311000
2009/03/13,0,1735000,-1312000,423000
2009/03/16,0,506000,-29000,477000
2009/03/17,0,482000,-67000,415000
2009/03/18,0,1138000,-403000,735000
2009/03/19,0,118000,-2119000,-2001000
2009/03/20,0,615000,-2665000,-2050000
2009/03/23,0,770000,-1644480,-874480
2009/03/24,0,1318000,-1929000,-611000
2009/03/25,0,1508000,-4035950,-2527950
2009/03/26,0,3628000,-5296679,-1668679
2009/03/27,0,900000,-1180000,-280000
2009/03/30,0,642000,-273000,369000
2009/03/31,0,444440,-168385,276055
2009/04/01,0,442000,-709000,-267000
2009/04/02,0,577000,-1140000,-563000
2009/04/03,0,283000,-1200000,-917000
2009/04/06,0,361000,-1069000,-708000
2009/04/07,0,274000,-566000,-292000
2009/04/08,0,781000,-3098000,-2317000
2009/04/09,0,721000,-1178595,-457595
2009/04/10,0,2469000,-444000,2025000
2009/04/13,0,259000,-433000,-174000
2009/04/14,0,289130,-195000,94130
2009/04/15,0,309000,-677000,-368000
2009/04/16,0,604000,-497000,107000
2009/04/17,0,969668,-876000,93668
2009/04/20,0,697000,-2356000,-1659000
2009/04/21,0,1632000,-9116731,-7484731
2009/04/22,0,4632000,-2252000,2380000
2009/04/23,0,2716000,-507000,2209000
2009/04/24,0,2271000,-741000,1530000
2009/04/27,0,1305000,-586000,719000
2009/04/28,0,1333000,-552000,781000
2009/04/29,0,575000,-1116000,-541000
2009/04/30,0,1080000,-4000,1076000
2009/05/01,0,0,0,0
2009/05/04,0,1231104,-457000,774104
2009/05/05,0,1473780,-1055780,418000
2009/05/06,0,1131000,-859676,271324
2009/05/07,0,4740000,-1095000,3645000
2009/05/08,0,546000,-853000,-307000
2009/05/11,0,1695612,-540000,1155612
2009/05/12,0,813000,-590000,223000
2009/05/13,0,1812514,-576000,1236514
2009/05/14,0,431000,-1379000,-948000
2009/05/15,0,1194000,-806523,387477
2009/05/18,0,174000,-689000,-515000
2009/05/19,0,2033000,-555884,1477116
2009/05/20,0,537000,-532000,5000
2009/05/21,0,343000,-1110000,-767000
2009/05/22,0,646000,-552000,94000
2009/05/25,0,1396000,-512432,883568
2009/05/26,0,1298000,-460000,838000
2009/05/27,0,573000,-865596,-292596
2009/05/28,0,0,0,0
2009/05/29,0,0,0,0
2009/06/01,0,3889432,-915000,2974432
2009/06/02,0,3001720,-1447000,1554720
2009/06/03,0,893000,-1024000,-131000
2009/06/04,0,998000,-1324439,-326439
2009/06/05,0,260601,-668000,-407399
2009/06/08,0,489000,-1084000,-595000
2009/06/09,0,710000,-927000,-217000
2009/06/10,0,766000,-931039,-165039
2009/06/11,0,475000,-985000,-510000
2009/06/12,0,313000,-774000,-461000
2009/06/15,0,322000,-1176000,-854000
2009/06/16,0,1404000,-3179460,-1775460
2009/06/17,0,1731000,-997000,734000
2009/06/18,0,2180000,-2301000,-121000
2009/06/19,0,3135000,-2778000,357000
2009/06/22,0,6576000,-4562000,2014000
2009/06/23,0,2563100,-2421000,142100
2009/06/24,0,3463497,-3298000,165497
2009/06/25,0,1015000,-848000,167000
2009/06/26,0,698000,-908000,-210000
2009/06/29,0,982000,-644000,338000
2009/06/30,0,1169000,-99901,1069099
2009/07/01,0,1755000,-1151036,603964
2009/07/02,0,4521000,-207000,4314000
2009/07/03,0,930000,-258700,671300
2009/07/06,0,2009000,-384378,1624622
2009/07/07,0,1191000,-145350,1045650
2009/07/08,0,256000,-297000,-41000
2009/07/09,0,418865,-66000,352865
2009/07/10,0,845000,-598000,247000
2009/07/13,0,1349000,-560000,789000
2009/07/14,0,686000,-1299020,-613020
2009/07/15,0,2211000,-895000,1316000
2009/07/16,0,778000,-219000,559000
2009/07/17,0,1254754,-1675959,-421205
2009/07/20,0,867000,-367560,499440
2009/07/21,0,2103000,-169090,1933910
2009/07/22,0,4374000,-684000,3690000
2009/07/23,0,216000,-993770,-777770
2009/07/24,0,1415000,-374550,1040450
2009/07/27,0,736000,-118000,618000
2009/07/28,0,409000,-121000,288000
2009/07/29,0,844492,-350000,494492
2009/07/30,0,571884,-214000,357884
2009/07/31,0,362000,-383000,-21000
2009/08/03,0,324000,-151000,173000
2009/08/04,0,1083000,-307000,776000
2009/08/05,0,85000,-270000,-185000
2009/08/06,0,372000,-181000,191000
2009/08/07,0,0,0,0
2009/08/10,0,430842,-345723,85119
2009/08/11,0,337000,-585000,-248000
2009/08/12,0,1148000,-300000,848000
2009/08/13,0,2626000,-705000,1921000
2009/08/14,0,1701000,-1026230,674770
2009/08/17,0,2190000,-1690000,500000
2009/08/18,0,2233000,-935000,1298000
2009/08/19,0,2617720,-1473710,1144010
2009/08/20,0,871000,-2342000,-1471000
2009/08/21,0,1048000,-1459070,-411070
2009/08/24,0,996000,-289999,706001
2009/08/25,0,347000,-215000,132000
2009/08/26,0,775000,-980572,-205572
2009/08/27,0,210000,-224290,-14290
2009/08/28,0,317000,-923000,-606000
2009/08/31,0,1643000,-1486699,156301
2009/09/01,0,412000,-1132730,-720730
2009/09/02,0,666000,-674760,-8760
2009/09/03,0,343000,-512000,-169000
2009/09/04,0,908000,-143000,765000
2009/09/07,0,467000,-389325,77675
2009/09/08,0,520000,-549857,-29857
2009/09/09,0,366770,-1454000,-1087230
2009/09/10,0,1774000,-1417830,356170
2009/09/11,0,291000,-926000,-635000
2009/09/14,0,79000,-598960,-519960
2009/09/15,0,1020000,-394450,625550
2009/09/16,0,1052000,-217500,834500
2009/09/17,0,710000,-661620,48380
2009/09/18,0,273000,-23940,249060
2009/09/21,0,43000,-433000,-390000
2009/09/22,0,20000,-105000,-85000
2009/09/23,0,116000,-464000,-348000
2009/09/24,0,75000,-113000,-38000
2009/09/25,0,1654000,-551400,1102600
2009/09/28,0,1305000,-329000,976000
2009/09/29,0,1429413,-329723,1099690
2009/09/30,0,421000,-460729,-39729
2009/10/01,0,724000,-134000,590000
2009/10/02,0,307000,-1668824,-1361824
2009/10/05,0,1305000,-189818,1115182
2009/10/06,0,3534000,-640000,2894000
2009/10/07,0,709000,-317600,391400
2009/10/08,0,1660000,-1385690,274310
2009/10/09,0,1602000,-322730,1279270
2009/10/12,0,442000,-937640,-495640
2009/10/13,0,966600,-452718,513882
2009/10/14,0,1000000,-90000,910000
2009/10/15,0,1263000,-239000,1024000
2009/10/16,0,761000,-129000,632000
2009/10/19,0,1252000,-542314,709686
2009/10/20,0,721000,-105000,616000
2009/10/21,0,423000,-273000,150000
2009/10/22,0,520000,-645000,-125000
2009/10/23,0,874000,-470000,404000
2009/10/26,0,1356000,-326000,1030000
2009/10/27,0,966000,-249000,717000
2009/10/28,0,905000,-1213300,-308300
2009/10/29,0,1094000,-1348700,-254700
2009/10/30,0,184000,-582000,-398000
2009/11/02,0,80000,-277000,-197000
2009/11/03,0,186000,-327000,-141000
2009/11/04,0,578000,-420283,157717
2009/11/05,0,70000,-167860,-97860
2009/11/06,0,293000,-100000,193000
2009/11/09,0,350000,-22000,328000
2009/11/10,0,1490000,-182453,1307547
2009/11/11,0,489000,-151000,338000
2009/11/12,0,558000,-128000,430000
2009/11/13,0,537000,-52000,485000
2009/11/16,0,636510,-20000,616510
2009/11/17,0,570000,-27000,543000
2009/11/18,0,1233000,-619627,613373
2009/11/19,0,505474,-331000,174474
2009/11/20,0,822000,-1324006,-502006
2009/11/23,0,647000,-203123,443877
2009/11/24,0,2327000,-1289000,1038000
2009/11/25,0,1684659,-1193590,491069
2009/11/26,0,747900,-525790,222110
2009/11/27,0,582000,-2079000,-1497000
2009/11/30,0,400282,-730162,-329880
2009/12/01,0,492000,-592000,-100000
2009/12/02,0,632000,-501637,130363
2009/12/03,0,739389,-425994,313395
2009/12/04,0,1306766,-3223680,-1916914
2009/12/07,0,491000,-1562380,-1071380
2009/12/08,0,2001000,-610000,1391000
2009/12/09,0,428000,-315620,112380
2009/12/10,0,3257000,-878610,2378390
2009/12/11,0,1530000,-512000,1018000
2009/12/14,0,498000,-143190,354810
2009/12/15,0,1081000,-280200,800800
2009/12/16,0,1410000,-306000,1104000
2009/12/17,0,804010,-330000,474010
2009/12/18,0,708000,-605500,102500
2009/12/21,0,1721000,-820510,900490
2009/12/22,0,1130000,-615904,514096
2009/12/23,0,904000,-662673,241327
2009/12/24,0,1416000,-89000,1327000
2009/12/25,0,135000,-31000,104000
2009/12/28,0,840000,-49000,791000
2009/12/29,0,728000,-200000,528000
2009/12/30,0,969000,-193570,775430
2009/12/31,0,804000,-430000,374000
2010/01/01,0,0,0,0
2010/01/04,0,442000,-144000,298000
2010/01/05,0,2833000,-2160030,672970
2010/01/06,0,1962000,-1298000,664000
2010/01/07,0,738000,-793111,-55111
2010/01/08,0,586990,-958000,-371010
2010/01/11,0,961000,-276447,684553
2010/01/12,0,3486000,-717097,2768903
2010/01/13,0,3000000,-1082000,1918000
2010/01/14,0,343463,-284010,59453
2010/01/15,0,750000,-232000,518000
2010/01/18,0,1438000,-1174120,263880
2010/01/19,0,362000,-366200,-4200
2010/01/20,0,815000,-807080,7920
2010/01/21,0,428000,-209000,219000
2010/01/22,0,963000,-1079000,-116000
2010/01/25,0,118240,-631000,-512760
2010/01/26,0,289000,-738000,-449000
2010/01/27,0,374000,-323648,50352
2010/01/28,0,1341000,-435000,906000
2010/01/29,0,2145000,-1484190,660810
2010/02/01,0,2308000,-1901880,406120
2010/02/02,0,2771000,-2457556,313444
2010/02/03,0,1420880,-882000,538880
2010/02/04,0,1245000,-972000,273000
2010/02/05,0,148000,-1169290,-1021290
2010/02/08,0,326000,-1698650,-1372650
2010/02/09,0,1257000,-735680,521320
2010/02/10,0,560000,-771000,-211000
2010/02/11,0,0,0,0
2010/02/12,0,0,0,0
2010/02/15,0,0,0,0
2010/02/16,0,0,0,0
2010/02/17,0,0,0,0
2010/02/18,0,0,0,0
2010/02/19,0,0,0,0
2010/02/22,0,1326347,-2160190,-833843
2010/02/23,0,1320000,-877620,442380
2010/02/24,0,744000,-550500,193500
2010/02/25,0,2432200,-885000,1547200
2010/02/26,0,1588000,-820057,767943
2010/03/01,0,882000,-254000,628000
2010/03/02,0,627000,-178000,449000
2010/03/03,0,315000,-316000,-1000
2010/03/04,0,388000,-687000,-299000
2010/03/05,0,547000,-458000,89000
2010/03/08,0,1350000,-1228000,122000
2010/03/09,0,664440,-49000,615440
2010/03/10,0,579200,-393674,185526
2010/03/11,0,1018000,-365000,653000
2010/03/12,0,319000,-224000,95000
2010/03/15,0,157000,-212400,-55400
2010/03/16,0,459000,-636000,-177000
2010/03/17,0,929000,-602000,327000
2010/03/18,0,792000,-477000,315000
2010/03/19,0,210000,-185000,25000
2010/03/22,0,724000,-1216180,-492180
2010/03/23,0,398000,-57000,341000
2010/03/24,0,929825,-214000,715825
2010/03/25,0,566000,-824000,-258000
2010/03/26,0,267000,-310000,-43000
2010/03/29,0,894000,-97000,797000
2010/03/30,0,294000,-132000,162000
2010/03/31,0,610000,-294700,315300
2010/04/01,0,920000,-225840,694160
2010/04/02,0,119000,-363000,-244000
2010/04/05,0,0,0,0
2010/04/06,0,292000,-111000,181000
2010/04/07,0,463980,-561000,-97020
2010/04/08,0,316000,-646000,-330000
2010/04/09,0,422000,-836450,-414450
2010/04/12,0,268410,-878000,-609590
2010/04/13,0,377000,-1306400,-929400
2010/04/14,0,324000,-148220,175780
2010/04/15,0,1692000,-1986495,-294495
2010/04/16,0,1257010,-2071646,-814636
2010/04/19,0,696531,-674000,22531
2010/04/20,0,2037000,-1331723,705277
2010/04/21,0,1105000,-774000,331000
2010/04/22,0,526000,-600522,-74522
2010/04/23,0,360000,-156000,204000
2010/04/26,0,1007000,-349309,657691
2010/04/27,0,2421000,-639000,1782000
2010/04/28,0,757000,-1274510,-517510
2010/04/29,0,642000,-440820,201180
2010/04/30,0,874000,-372110,501890
2010/05/03,0,773000,-1133000,-360000
2010/05/04,0,725000,-916000,-191000
2010/05/05,0,251567,-999760,-748193
2010/05/06,0,1109808,-1063000,46808
2010/05/07,0,816132,-1492760,-676628
2010/05/10,0,794360,-2170570,-1376210
2010/05/11,0,1431000,-1599000,-168000
2010/05/12,0,836715,-927000,-90285
2010/05/13,0,1164000,-731000,433000
2010/05/14,0,825000,-360000,465000
2010/05/17,0,722100,-763000,-40900
2010/05/18,0,738000,-227000,511000
2010/05/19,0,1267000,-561000,706000
2010/05/20,0,1096000,-2040000,-944000
2010/05/21,0,953000,-1000970,-47970
2010/05/24,0,655000,-401000,254000
2010/05/25,0,941000,-1407940,-466940
2010/05/26,0,809430,-977510,-168080
2010/05/27,0,412112,-338370,73742
2010/05/28,0,1797000,-1007000,790000
2010/05/31,0,1305000,-458000,847000
2010/06/01,0,1677000,-304000,1373000
2010/06/02,0,1178000,-528000,650000
2010/06/03,0,1446000,-630000,816000
2010/06/04,0,835000,-1184000,-349000
2010/06/07,0,2522000,-2613482,-91482
2010/06/08,0,631000,-960200,-329200
2010/06/09,0,170000,-467000,-297000
2010/06/10,0,568000,-447000,121000
2010/06/11,0,387759,-632918,-245159
2010/06/14,0,649439,-1072000,-422561
2010/06/15,0,1093878,-1580828,-486950
2010/06/16,0,0,0,0
2010/06/17,0,1404573,-1122532,282041
2010/06/18,0,2339412,-1572759,766653
2010/06/21,0,2225002,-470126,1754876
2010/06/22,0,2174841,-1131000,1043841
2010/06/23,0,895386,-600339,295047
2010/06/24,0,211240,-973971,-762731
2010/06/25,0,455000,-1094402,-639402
2010/06/28,0,480000,-204000,276000
2010/06/29,0,672000,-475000,197000
2010/06/30,0,546000,-1200000,-654000
2010/07/01,0,579000,-1151140,-572140
2010/07/02,0,240000,-2176700,-1936700
2010/07/05,0,400453,-1805000,-1404547
2010/07/06,0,1579000,-1249760,329240
2010/07/07,0,1301776,-1093000,208776
2010/07/08,0,647000,-174000,473000
2010/07/09,0,951000,-568922,382078
2010/07/12,0,819030,-230344,588686
2010/07/13,0,559000,-657000,-98000
2010/07/14,0,903814,-72439,831375
2010/07/15,0,496000,-432454,63546
2010/07/16,0,458412,-432000,26412
2010/07/19,0,561000,-485000,76000
2010/07/20,0,878714,-342000,536714
2010/07/21,0,602000,-322000,280000
2010/07/22,0,510000,-425000,85000
2010/07/23,0,679065,-615000,64065
2010/07/26,0,272410,-450000,-177590
2010/07/27,0,281963,-393000,-111037
2010/07/28,0,368000,-457000,-89000
2010/07/29,0,510000,-460068,49932
2010/07/30,0,413314,-353000,60314
2010/08/02,0,581000,-470000,111000
2010/08/03,0,492000,-99000,393000
2010/08/04,0,860000,-47000,813000
2010/08/05,0,252000,-128000,124000
2010/08/06,0,710000,-877000,-167000
2010/08/09,0,259000,-428000,-169000
2010/08/10,0,330000,-451000,-121000
2010/08/11,0,510000,-895307,-385307
2010/08/12,0,34000,-478000,-444000
2010/08/13,0,1087243,-422000,665243
2010/08/16,0,749000,-121000,628000
2010/08/17,0,358000,-682000,-324000
2010/08/18,0,741000,-3869000,-3128000
2010/08/19,0,2122000,-2783000,-661000
2010/08/20,0,943000,-550000,393000
2010/08/23,0,675000,-1557000,-882000
2010/08/24,0,1829776,-1144000,685776
2010/08/25,0,1142000,-2321340,-1179340
2010/08/26,0,902000,-1681000,-779000
2010/08/27,0,252000,-651870,-399870
2010/08/30,0,1154564,-801000,353564
2010/08/31,0,651354,-516926,134428
2010/09/01,0,303000,-312910,-9910
2010/09/02,0,62000,-369665,-307665
2010/09/03,0,1333000,-598000,735000
2010/09/06,0,185000,-491000,-306000
2010/09/07,0,559688,-71800,487888
2010/09/08,0,1324570,-442906,881664
2010/09/09,0,163000,-242000,-79000
2010/09/10,0,358690,-830667,-471977
2010/09/13,0,1757000,-777318,979682
2010/09/14,0,3090734,-1624000,1466734
2010/09/15,0,489466,-781000,-291534
2010/09/16,0,400000,-775000,-375000
2010/09/17,0,926000,-948000,-22000
2010/09/20,0,483000,-405000,78000
2010/09/21,0,911000,-302670,608330
2010/09/22,0,0,0,0
2010/09/23,0,1738000,-127954,1610046
2010/09/24,0,1613840,-370000,1243840
2010/09/27,0,847620,-106000,741620
2010/09/28,0,426760,-25000,401760
2010/09/29,0,1272000,-307000,965000
2010/09/30,0,722000,-176000,546000
2010/10/01,0,568610,-67000,501610
2010/10/04,0,354032,-236270,117762
2010/10/05,0,2307580,-160570,2147010
2010/10/06,0,679795,-214000,465795
2010/10/07,0,332850,-236000,96850
2010/10/08,0,1607540,-3106989,-1499449
2010/10/11,0,2261840,-1870455,391385
2010/10/12,0,171080,-275000,-103920
2010/10/13,0,389610,-1074000,-684390
2010/10/14,0,961310,-280000,681310
2010/10/15,0,93780,-492000,-398220
2010/10/18,0,1063000,-1263000,-200000
2010/10/19,0,848719,-1331107,-482388
2010/10/20,0,1556000,-2030000,-474000
2010/10/21,0,570000,-1297000,-727000
2010/10/22,0,143292,-1310000,-1166708
2010/10/25,0,227000,-435000,-208000
2010/10/26,0,393139,-976885,-583746
2010/10/27,0,280700,-1376000,-1095300
2010/10/28,0,1735000,-763000,972000
2010/10/29,0,1958031,-407000,1551031
2010/11/01,0,2125000,-299000,1826000
2010/11/02,0,253000,-451000,-198000
2010/11/03,0,650000,-79000,571000
2010/11/04,0,1064000,-780604,283396
2010/11/05,0,630000,-288648,341352
2010/11/08,0,693000,-958000,-265000
2010/11/09,0,1259000,-886000,373000
2010/11/10,0,845000,-633580,211420
2010/11/11,0,843000,-700675,142325
2010/11/12,0,787000,-272000,515000
2010/11/15,0,949470,-155736,793734
2010/11/16,0,982000,-452000,530000
2010/11/17,0,787000,-626000,161000
2010/11/18,0,491000,-312320,178680
2010/11/19,0,1783320,-1356350,426970
2010/11/22,0,491740,-50000,441740
2010/11/23,0,545970,-482355,63615
2010/11/24,0,354000,-319000,35000
2010/11/25,0,401000,-260000,141000
2010/11/26,0,863000,-549000,314000
2010/11/29,0,1766000,-681886,1084114
2010/11/30,0,1018993,-1349922,-330929
2010/12/01,0,827000,-353000,474000
2010/12/02,0,633000,-939907,-306907
2010/12/03,0,156000,-489000,-333000
2010/12/06,0,348000,-630000,-282000
2010/12/07,0,67800,-311000,-243200
2010/12/08,0,170000,-1407000,-1237000
2010/12/09,0,515000,-972000,-457000
2010/12/10,0,573000,-2030000,-1457000
2010/12/13,0,1795000,-1587000,208000
2010/12/14,0,847000,-1067000,-220000
2010/12/15,0,255000,-2672000,-2417000
2010/12/16,0,577000,-1362000,-785000
2010/12/17,0,1331000,-1912000,-581000
2010/12/20,0,822510,-1823000,-1000490
2010/12/21,0,897000,-1362740,-465740
2010/12/22,0,434000,-1406579,-972579
2010/12/23,0,382000,-897000,-515000
2010/12/24,0,349000,-98000,251000
2010/12/27,0,145000,-502000,-357000
2010/12/28,0,204000,-673000,-469000
2010/12/29,0,192110,-253000,-60890
2010/12/30,0,372000,-554000,-182000
2010/12/31,0,355000,-855170,-500170
2011/01/03,0,252000,-13000,239000
2011/01/04,0,60000,-171000,-111000
2011/01/05,0,377000,-483230,-106230
2011/01/06,0,684000,-893000,-209000
2011/01/07,0,303000,-1076000,-773000
2011/01/10,0,220000,-711000,-491000
2011/01/11,0,988000,-1292000,-304000
2011/01/12,0,942000,-1663000,-721000
2011/01/13,0,3043336,-2666000,377336
2011/01/14,0,1747000,-748000,999000
2011/01/17,0,2091139,-505000,1586139
2011/01/18,0,2051000,-215540,1835460
2011/01/19,0,913000,-132000,781000
2011/01/20,0,798427,-819000,-20573
2011/01/21,0,249000,-718000,-469000
2011/01/24,0,146000,-414000,-268000
2011/01/25,0,932000,-606000,326000
2011/01/26,0,759000,-368861,390139
2011/01/27,0,943000,-897150,45850
2011/01/28,0,739200,-310000,429200
2011/01/31,0,0,0,0
2011/02/01,0,0,0,0
2011/02/02,0,0,0,0
2011/02/03,0,0,0,0
2011/02/04,0,0,0,0
2011/02/07,0,0,0,0
2011/02/08,0,320591,-1592097,-1271506
2011/02/09,0,2076000,-1607670,468330
2011/02/10,0,1847000,-1787670,59330
2011/02/11,0,1193000,-2059000,-866000
2011/02/14,0,283000,-1028659,-745659
2011/02/15,0,746000,-856467,-110467
2011/02/16,0,702000,-877000,-175000
2011/02/17,0,873000,-750020,122980
2011/02/18,0,810000,-525370,284630
2011/02/21,0,260000,-438000,-178000
2011/02/22,0,187285,-992000,-804715
2011/02/23,0,995876,-556020,439856
2011/02/24,0,1062000,-316000,746000
2011/02/25,0,1041000,-411045,629955
2011/02/28,0,0,0,0
2011/03/01,0,647000,-237000,410000
2011/03/02,0,1174758,-492058,682700
2011/03/03,0,474000,-422600,51400
2011/03/04,0,1312000,-1209027,102973
2011/03/07,0,499000,-1180000,-681000
2011/03/08,0,623000,-920000,-297000
2011/03/09,0,844000,-1101389,-257389
2011/03/10,0,698000,-1693420,-995420
2011/03/11,0,635000,-1362582,-727582
2011/03/14,0,328000,-327285,715
2011/03/15,0,1090000,-946990,143010
2011/03/16,0,857000,-852460,4540
2011/03/17,0,954000,-1713780,-759780
2011/03/18,0,724000,-370710,353290
2011/03/21,0,478000,-384000,94000
2011/03/22,0,445123,-255000,190123
2011/03/23,0,519000,-382000,137000
2011/03/24,0,615000,-415000,200000
2011/03/25,0,562000,-791000,-229000
2011/03/28,0,239000,-413500,-174500
2011/03/29,0,670350,-1092024,-421674
2011/03/30,0,831000,-708000,123000
2011/03/31,0,661000,-312165,348835
2011/04/01,0,735306,-399000,336306
2011/04/04,0,0,0,0
2011/04/05,0,0,0,0
2011/04/06,0,1932162,-735412,1196750
2011/04/07,0,1495230,-255474,1239756
2011/04/08,0,2768882,-349000,2419882
2011/04/11,0,855855,-903000,-47145
2011/04/12,0,508618,-484079,24539
2011/04/13,0,463000,-392000,71000
2011/04/14,0,648000,-313360,334640
2011/04/15,0,330000,-284400,45600
2011/04/18,0,3156000,-2724645,431355
2011/04/19,0,475000,-357000,118000
2011/04/20,0,1017970,-48000,969970
2011/04/21,0,1207000,-1356000,-149000
2011/04/22,0,395000,-461000,-66000
2011/04/25,0,112000,-153000,-41000
2011/04/26,0,1152048,-264000,888048
2011/04/27,0,1236000,-198000,1038000
2011/04/28,0,1024283,-1850000,-825717
2011/04/29,0,1202475,-1691230,-488755
2011/05/02,0,0,0,0
2011/05/03,0,1282000,-840000,442000
2011/05/04,0,607000,-1126000,-519000
2011/05/05,0,381000,-1301000,-920000
2011/05/06,0,401000,-1522000,-1121000
2011/05/09,0,898000,-1637000,-739000
2011/05/10,0,417000,-424000,-7000
2011/05/11,0,962000,-778000,184000
2011/05/12,0,1014000,-1517000,-503000
2011/05/13,0,861000,-1997000,-1136000
2011/05/16,0,322000,-915002,-593002
2011/05/17,0,352300,-1041000,-688700
2011/05/18,0,1213000,-961348,251652
2011/05/19,0,903000,-1228000,-325000
2011/05/20,0,310000,-656000,-346000
2011/05/23,0,205000,-781641,-576641
2011/05/24,0,123000,-278844,-155844
2011/05/25,0,407000,-404000,3000
2011/05/26,0,272000,-444233,-172233
2011/05/27,0,427000,-604000,-177000
2011/05/30,0,989000,-1276000,-287000
2011/05/31,0,872000,-663875,208125
2011/06/01,0,723755,-265323,458432
2011/06/02,0,611000,-599000,12000
2011/06/03,0,142000,-512300,-370300
2011/06/06,0,0,0,0
2011/06/07,0,1071000,-1013000,58000
2011/06/08,0,181000,-449000,-268000
2011/06/09,0,308000,-711984,-403984
2011/06/10,0,557627,-831000,-273373
2011/06/13,0,512000,-927342,-415342
2011/06/14,0,198000,-1309000,-1111000
2011/06/15,0,1032000,-1232000,-200000
2011/06/16,0,328237,-614000,-285763
2011/06/17,0,554015,-1467000,-912985
2011/06/20,0,770000,-3027101,-2257101
2011/06/21,0,1609800,-2133400,-523600
2011/06/22,0,475800,-998800,-523000
2011/06/23,0,1243943,-2202496,-958553
2011/06/24,0,953000,-1435994,-482994
2011/06/27,0,1084000,-1128522,-44522
2011/06/28,0,1981700,-1910391,71309
2011/06/29,0,694000,-702574,-8574
2011/06/30,0,1173000,-1454000,-281000
2011/07/01,0,678838,-762000,-83162
2011/07/04,0,787426,-1325061,-537635
2011/07/05,0,2139348,-2094000,45348
2011/07/06,0,1899008,-2008000,-108992
2011/07/07,0,608101,-587000,21101
2011/07/08,0,2206521,-2080000,126521
2011/07/11,0,1362032,-900000,462032
2011/07/12,0,1743467,-1096000,647467
2011/07/13,0,1303573,-1143820,159753
2011/07/14,0,1459578,-1317000,142578
2011/07/15,0,317380,-670000,-352620
2011/07/18,0,435248,-603000,-167752
2011/07/19,0,493000,-558400,-65400
2011/07/20,0,1012679,-1320727,-308048
2011/07/21,0,2903960,-2430178,473782
2011/07/22,0,856509,-1290000,-433491
2011/07/25,0,235491,-292000,-56509
2011/07/26,0,544504,-835000,-290496
2011/07/27,0,744017,-852000,-107983
2011/07/28,0,671044,-300000,371044
2011/07/29,0,829261,-1793000,-963739
2011/08/01,0,870933,-1866902,-995969
2011/08/02,0,473991,-189000,284991
2011/08/03,0,856238,-425000,431238
2011/08/04,0,714525,-752640,-38115
2011/08/05,0,1845436,-2153000,-307564
2011/08/08,0,234954,-1629210,-1394256
2011/08/09,0,589000,-2585044,-1996044
2011/08/10,0,1782370,-2008490,-226120
2011/08/11,0,2099370,-3702000,-1602630
2011/08/12,0,1287000,-2538410,-1251410
2011/08/15,0,1342587,-3177000,-1834413
2011/08/16,0,581000,-1088880,-507880
2011/08/17,0,4058891,-2177000,1881891
2011/08/18,0,5319887,-4966000,353887
2011/08/19,0,454768,-1403000,-948232
2011/08/22,0,243635,-1088000,-844365
2011/08/23,0,537000,-823272,-286272
2011/08/24,0,1302140,-1285000,17140
2011/08/25,0,1581346,-2074722,-493376
2011/08/26,0,1891689,-700000,1191689
2011/08/29,0,1187000,-653000,534000
2011/08/30,0,5104375,-1552000,3552375
2011/08/31,0,2847297,-545000,2302297
2011/09/01,0,2095127,-531759,1563368
2011/09/02,0,589542,-1105824,-516282
2011/09/05,0,802000,-1340999,-538999
2011/09/06,0,4556996,-4939361,-382365
2011/09/07,0,297627,-369000,-71373
2011/09/08,0,1007725,-1204340,-196615
2011/09/09,0,1617000,-4010846,-2393846
2011/09/12,0,0,0,0
2011/09/13,0,812555,-2334200,-1521645
2011/09/14,0,1411065,-2537333,-1126268
2011/09/15,0,941000,-978184,-37184
2011/09/16,0,1408000,-2962521,-1554521
2011/09/19,0,1205386,-1214265,-8879
2011/09/20,0,782602,-3105931,-2323329
2011/09/21,0,1335354,-2855780,-1520426
2011/09/22,0,415211,-839130,-423919
2011/09/23,0,523910,-2329840,-1805930
2011/09/26,0,235297,-1920687,-1685390
2011/09/27,0,1258667,-1210000,48667
2011/09/28,0,2652722,-873980,1778742
2011/09/29,0,1329879,-1788350,-458471
2011/09/30,0,1859000,-1468000,391000
2011/10/03,0,825919,-575000,250919
2011/10/04,0,1201000,-549000,652000
2011/10/05,0,1103000,-2421000,-1318000
2011/10/06,0,568000,-581000,-13000
2011/10/07,0,782000,-1574560,-792560
2011/10/10,0,0,0,0
2011/10/11,0,993000,-233604,759396
2011/10/12,0,483000,-353000,130000
2011/10/13,0,243878,-312808,-68930
2011/10/14,0,528744,-174780,353964
2011/10/17,0,1212816,-1378270,-165454
2011/10/18,0,405251,-282000,123251
2011/10/19,0,496041,-946890,-450849
2011/10/20,0,570836,-2202000,-1631164
2011/10/21,0,1009794,-3354590,-2344796
2011/10/24,0,1089725,-60310,1029415
2011/10/25,0,908657,-471000,437657
2011/10/26,0,332000,-336650,-4650
2011/10/27,0,818000,-1881000,-1063000
2011/10/28,0,964000,-999101,-35101
2011/10/31,0,426000,-298000,128000
2011/11/01,0,1252000,-118300,1133700
2011/11/02,0,246000,-236000,10000
2011/11/03,0,185000,-552000,-367000
2011/11/04,0,470000,-924001,-454001
2011/11/07,0,699000,-895000,-196000
2011/11/08,0,1695000,-1562711,132289
2011/11/09,0,353000,-1778930,-1425930
2011/11/10,0,127000,-1011000,-884000
2011/11/11,0,935000,-1734182,-799182
2011/11/14,0,626000,-1140800,-514800
2011/11/15,0,788000,-910081,-122081
2011/11/16,0,931000,-315000,616000
2011/11/17,0,374000,-125422,248578
2011/11/18,0,268000,-291990,-23990
2011/11/21,0,594000,-335330,258670
2011/11/22,0,655000,-448000,207000
2011/11/23,0,519000,-1077000,-558000
2011/11/24,0,574000,-577590,-3590
2011/11/25,0,333000,-381950,-48950
2011/11/28,0,427488,-449000,-21512
2011/11/29,0,557000,-2163000,-1606000
2011/11/30,0,1097054,-2458480,-1361426
2011/12/01,0,2489990,-1328758,1161232
2011/12/02,0,684000,-528460,155540
2011/12/05,0,941100,-461100,480000
2011/12/06,0,3306000,-2927280,378720
2011/12/07,0,1650000,-633930,1016070
2011/12/08,0,1774000,-956730,817270
2011/12/09,0,1898000,-1623750,274250
2011/12/12,0,141000,-676000,-535000
2011/12/13,0,392000,-1284000,-892000
2011/12/14,0,523000,-1191936,-668936
2011/12/15,0,493000,-588858,-95858
2011/12/16,0,1206000,-276000,930000
2011/12/19,0,109000,-442000,-333000
2011/12/20,0,437000,-280903,156097
2011/12/21,0,503000,-384727,118273
2011/12/22,0,233000,-317040,-84040
2011/12/23,0,433000,-295000,138000
2011/12/26,0,203000,-15000,188000
2011/12/27,0,354000,-82000,272000
2011/12/28,0,566000,-196000,370000
2011/12/29,0,531000,-52000,479000
2011/12/30,0,294148,-144000,150148
2012/01/02,0,14000,-159000,-145000
2012/01/03,0,420000,-68220,351780
2012/01/04,0,97000,-386570,-289570
2012/01/05,0,275000,-294728,-19728
2012/01/06,0,144000,-208000,-64000
2012/01/09,0,217000,-1091000,-874000
2012/01/10,0,716000,-1871000,-1155000
2012/01/11,0,685000,-3008000,-2323000
2012/01/12,0,711000,-502000,209000
2012/01/13,0,769000,-731890,37110
2012/01/16,0,677000,-750000,-73000
2012/01/17,0,865000,-482000,383000
2012/01/18,0,3714000,-579643,3134357
2012/01/19,0,0,0,0
2012/01/20,0,0,0,0
2012/01/23,0,0,0,0
2012/01/24,0,0,0,0
2012/01/25,0,0,0,0
2012/01/26,0,0,0,0
2012/01/27,0,0,0,0
2012/01/30,0,2788409,-4776933,-1988524
2012/01/31,0,1699749,-2962300,-1262551
2012/02/01,0,2480000,-3756870,-1276870
2012/02/02,0,2532000,-327330,2204670
2012/02/03,0,947000,-396200,550800
2012/02/06,0,970000,-760000,210000
2012/02/07,0,2277000,-1260396,1016604
2012/02/08,0,1500000,-409000,1091000
2012/02/09,0,2318000,-2063542,254458
2012/02/10,0,2495000,-628870,1866130
2012/02/13,0,1536100,-190000,1346100
2012/02/14,0,2362000,-779300,1582700
2012/02/15,0,2893800,-422200,2471600
2012/02/16,0,894400,-614220,280180
2012/02/17,0,1511000,-165000,1346000
2012/02/20,0,830000,-827000,3000
2012/02/21,0,951000,-1322470,-371470
2012/02/22,0,1205600,-3043270,-1837670
2012/02/23,0,1685000,-1591050,93950
2012/02/24,0,1950000,-149000,1801000
2012/02/27,0,0,0,0
2012/02/28,0,0,0,0
2012/02/29,0,1956852,-914091,1042761
2012/03/01,0,2336553,-479400,1857153
2012/03/02,0,1384206,-92000,1292206
2012/03/05,0,1292000,-500000,792000
2012/03/06,0,742000,-978260,-236260
2012/03/07,0,1035000,-707960,327040
2012/03/08,0,769000,-461000,308000
2012/03/09,0,981000,-284000,697000
2012/03/12,0,3013000,-756000,2257000
2012/03/13,0,1800000,-490420,1309580
2012/03/14,0,2030000,-151086,1878914
2012/03/15,0,1393000,-1012000,381000
2012/03/16,0,625000,-103410,521590
2012/03/19,0,1151000,-809000,342000
2012/03/20,0,418000,-375000,43000
2012/03/21,0,1382745,-1238615,144130
2012/03/22,0,497000,-83000,414000
2012/03/23,0,2313000,-273000,2040000
2012/03/26,0,1734000,-1017000,717000
2012/03/27,0,1264000,-769600,494400
2012/03/28,0,1075000,-254660,820340
2012/03/29,0,3315000,-554000,2761000
2012/03/30,0,1056207,-626540,429667
2012/04/02,0,397000,-385000,12000
2012/04/03,0,1155704,-479000,676704
2012/04/04,0,0,0,0
2012/04/05,0,1044000,-729000,315000
2012/04/06,0,598000,-471735,126265
2012/04/09,0,890000,-1290000,-400000
2012/04/10,0,1329000,-401000,928000
2012/04/11,0,1364502,-563290,801212
2012/04/12,0,442134,-471000,-28866
2012/04/13,0,623464,-371710,251754
2012/04/16,0,484000,-974400,-490400
2012/04/17,0,972561,-1084000,-111439
2012/04/18,0,681000,-547000,134000
2012/04/19,0,676000,-131000,545000
2012/04/20,0,1455000,-355102,1099898
2012/04/23,0,604000,-868000,-264000
2012/04/24,0,881000,-1242200,-361200
2012/04/25,0,1592000,-1006000,586000
2012/04/26,0,2780000,-576583,2203417
2012/04/27,0,821394,-992085,-170691
2012/04/30,0,405000,-1720011,-1315011
2012/05/01,0,0,0,0
2012/05/02,0,895000,-496104,398896
2012/05/03,0,87000,-371000,-284000
2012/05/04,0,403000,-1239600,-836600
2012/05/07,0,382000,-2350102,-1968102
2012/05/08,0,361000,-440300,-79300
2012/05/09,0,1095330,-1268330,-173000
2012/05/10,0,907983,-215123,692860
2012/05/11,0,567701,-1082026,-514325
2012/05/14,0,181000,-193000,-12000
2012/05/15,0,243000,-526130,-283130
2012/05/16,0,829201,-1806692,-977491
2012/05/17,0,669224,-986000,-316776
2012/05/18,0,225622,-1324208,-1098586
2012/05/21,0,138000,-604711,-466711
2012/05/22,0,209073,-1091000,-881927
2012/05/23,0,572000,-830000,-258000
2012/05/24,0,357000,-850726,-493726
2012/05/25,0,67000,-406000,-339000
2012/05/28,0,152000,-372711,-220711
2012/05/29,0,575000,-895076,-320076
2012/05/30,0,1325000,-1736777,-411777
2012/05/31,0,695245,-1857382,-1162137
2012/06/01,0,721000,-898078,-177078
2012/06/04,0,524402,-498967,25435
2012/06/05,0,315000,-831850,-516850
2012/06/06,0,285000,-880000,-595000
2012/06/07,0,1087013,-1228308,-141295
2012/06/08,0,654640,-745611,-90971
2012/06/11,0,645297,-327000,318297
2012/06/12,0,231000,-301000,-70000
2012/06/13,0,296365,-487832,-191467
2012/06/14,0,388337,-1040292,-651955
2012/06/15,0,2513297,-1773886,739411
2012/06/18,0,359942,-351892,8050
2012/06/19,0,634272,-1405000,-770728
2012/06/20,0,512238,-522181,-9943
2012/06/21,0,400236,-285120,115116
2012/06/22,0,257299,-913000,-655701
2012/06/25,0,637000,-531880,105120
2012/06/26,0,283000,-867000,-584000
2012/06/27,0,789290,-1278550,-489260
2012/06/28,0,317000,-584000,-267000
2012/06/29,0,449000,-248000,201000
2012/07/02,0,223000,-278478,-55478
2012/07/03,0,397000,-373000,24000
2012/07/04,0,415409,-626000,-210591
2012/07/05,0,2617000,-2754918,-137918
2012/07/06,0,460000,-809000,-349000
2012/07/09,0,429000,-258000,171000
2012/07/10,0,599117,-1186501,-587384
2012/07/11,0,501000,-737000,-236000
2012/07/12,0,535000,-2320870,-1785870
2012/07/13,0,427428,-2539721,-2112293
2012/07/16,0,976000,-2624000,-1648000
2012/07/17,0,336000,-2001000,-1665000
2012/07/18,0,363974,-1296000,-932026
2012/07/19,0,340000,-1516808,-1176808
2012/07/20,0,331000,-357000,-26000
2012/07/23,0,189000,-1132139,-943139
2012/07/24,0,419899,-1848024,-1428125
2012/07/25,0,694000,-4602327,-3908327
2012/07/26,0,887000,-1452887,-565887
2012/07/27,0,910000,-2309825,-1399825
2012/07/30,0,822036,-1788000,-965964
2012/07/31,0,689000,-777439,-88439
2012/08/01,0,879000,-852000,27000
2012/08/02,0,0,0,0
2012/08/03,0,987373,-991320,-3947
2012/08/06,0,1032000,-1745510,-713510
2012/08/07,0,692000,-659000,33000
2012/08/08,0,2406360,-2451000,-44640
2012/08/09,0,2703000,-2474000,229000
2012/08/10,0,1218000,-1659000,-441000
2012/08/13,0,2254000,-1832286,421714
2012/08/14,0,1330000,-434000,896000
2012/08/15,0,881000,-290344,590656
2012/08/16,0,660000,-3743125,-3083125
2012/08/17,0,1392000,-3298099,-1906099
2012/08/20,0,385000,-1115000,-730000
2012/08/21,0,1327552,-1308609,18943
2012/08/22,0,438947,-1090400,-651453
2012/08/23,0,365362,-1021000,-655638
2012/08/24,0,609000,-2818000,-2209000
2012/08/27,0,481000,-3107157,-2626157
2012/08/28,0,609491,-2654690,-2045199
2012/08/29,0,265000,-1083443,-818443
2012/08/30,0,635000,-2268000,-1633000
2012/08/31,0,576474,-1531675,-955201
2012/09/03,0,297000,-2065147,-1768147
2012/09/04,0,339811,-1065117,-725306
2012/09/05,0,598000,-856310,-258310
2012/09/06,0,2058000,-833000,1225000
2012/09/07,0,152000,-275837,-123837
2012/09/10,0,319000,-1992000,-1673000
2012/09/11,0,256000,-2469000,-2213000
2012/09/12,0,496000,-4274000,-3778000
2012/09/13,0,251000,-1968808,-1717808
2012/09/14,0,643000,-1680000,-1037000
2012/09/17,0,1488498,-2364694,-876196
2012/09/18,0,793000,-1229000,-436000
2012/09/19,0,625000,-131000,494000
2012/09/20,0,642000,-432000,210000
2012/09/21,0,581000,-449000,132000
2012/09/24,0,977000,-516700,460300
2012/09/25,0,854000,-602000,252000
2012/09/26,0,290000,-818000,-528000
2012/09/27,0,549000,-625968,-76968
2012/09/28,0,605000,-905871,-300871
2012/10/01,0,1090000,-603900,486100
2012/10/02,0,791621,-730400,61221
2012/10/03,0,198600,-53000,145600
2012/10/04,0,1170340,-941000,229340
2012/10/05,0,1462000,-1849000,-387000
2012/10/08,0,839000,-2789498,-1950498
2012/10/09,0,1757000,-3755118,-1998118
2012/10/10,0,0,0,0
2012/10/11,0,2018000,-3168629,-1150629
2012/10/12,0,115000,-819500,-704500
2012/10/15,0,211000,-976120,-765120
2012/10/16,0,957000,-5981524,-5024524
2012/10/17,0,1097000,-649000,448000
2012/10/18,0,964000,-196000,768000
2012/10/19,0,647000,-381000,266000
2012/10/22,0,178000,-959919,-781919
2012/10/23,0,211200,-764127,-552927
2012/10/24,0,184000,-319757,-135757
2012/10/25,0,296000,-1442000,-1146000
2012/10/26,0,369000,-1853860,-1484860
2012/10/29,0,755800,-478930,276870
2012/10/30,0,773800,-382000,391800
2012/10/31,0,183000,-788000,-605000
2012/11/01,0,249000,-1409697,-1160697
2012/11/02,0,427000,-2857000,-2430000
2012/11/05,0,1132000,-3157749,-2025749
2012/11/06,0,3466000,-2715227,750773
2012/11/07,0,1190000,-744680,445320
2012/11/08,0,1496000,-805002,690998
2012/11/09,0,1684000,-2979000,-1295000
2012/11/12,0,84000,-624708,-540708
2012/11/13,0,371000,-563000,-192000
2012/11/14,0,166000,-1365798,-1199798
2012/11/15,0,576000,-1555424,-979424
2012/11/16,0,473000,-727580,-254580
2012/11/19,0,339000,-768567,-429567
2012/11/20,0,375000,-323620,51380
2012/11/21,0,185000,-264760,-79760
2012/11/22,0,799000,-249500,549500
2012/11/23,0,637000,-298000,339000
2012/11/26,0,203000,-277500,-74500
2012/11/27,0,629000,-195000,434000
2012/11/28,0,1432300,-211000,1221300
2012/11/29,0,608000,-761460,-153460
2012/11/30,0,1205000,-1902901,-697901
2012/12/03,0,776000,-388100,387900
2012/12/04,0,494090,-91000,403090
2012/12/05,0,396000,-211589,184411
2012/12/06,0,622000,-108000,514000
2012/12/07,0,1050000,-286630,763370
2012/12/10,0,691000,-921469,-230469
2012/12/11,0,1313740,-1155000,158740
2012/12/12,0,386000,-249000,137000
2012/12/13,0,285682,-37400,248282
2012/12/14,0,456736,-257000,199736
2012/12/17,0,359200,-49940,309260
2012/12/18,0,561000,-396400,164600
2012/12/19,0,819000,-252900,566100
2012/12/20,0,234000,-589700,-355700
2012/12/21,0,582000,-176732,405268
2012/12/24,0,151000,-54000,97000
2012/12/25,0,174000,-51000,123000
2012/12/26,0,264950,-253000,11950
2012/12/27,0,202380,-926000,-723620
2012/12/28,0,250000,-760000,-510000
2012/12/31,0,0,0,0
2013/01/01,0,0,0,0
2013/01/02,0,413000,-368000,45000
2013/01/03,0,467000,-642000,-175000
2013/01/04,0,1104000,-836000,268000
2013/01/07,0,759000,-857200,-98200
2013/01/08,0,430000,-366000,64000
2013/01/09,0,465000,-600000,-135000
2013/01/10,0,901000,-220124,680876
2013/01/11,0,478000,-256000,222000
2013/01/14,0,434000,-843580,-409580
2013/01/15,0,614000,-457000,157000
2013/01/16,0,1901000,-3507000,-1606000
2013/01/17,0,6627800,-6415000,212800
2013/01/18,0,334000,-1463000,-1129000
2013/01/21,0,1084000,-862000,222000
2013/01/22,0,617000,-1601000,-984000
2013/01/23,0,1222000,-1688002,-466002
2013/01/24,0,1334000,-5558044,-4224044
2013/01/25,0,480000,-1081000,-601000
2013/01/28,0,902000,-1268981,-366981
2013/01/29,0,1490000,-1117462,372538
2013/01/30,0,1293000,-1088000,205000
2013/01/31,0,2146000,-2109880,36120
2013/02/01,0,368800,-251000,117800
2013/02/04,0,380240,-233903,146337
2013/02/05,0,262000,-1758800,-1496800
2013/02/06,0,612522,-746000,-133478
2013/02/07,0,0,0,0
2013/02/08,0,0,0,0
2013/02/11,0,0,0,0
2013/02/12,0,0,0,0
2013/02/13,0,0,0,0
2013/02/14,0,0,0,0
2013/02/15,0,0,0,0
2013/02/18,0,1230515,-1887180,-656665
2013/02/19,0,713149,-2218162,-1505013
2013/02/20,0,2852467,-6125759,-3273292
2013/02/21,0,1211000,-2160201,-949201
2013/02/22,0,870000,-1839896,-969896
2013/02/25,0,1126760,-1040644,86116
2013/02/26,0,2112379,-1892065,220314
2013/02/27,0,3419000,-2689275,729725
2013/02/28,0,0,0,0
2013/03/01,0,1028000,-2224118,-1196118
2013/03/04,0,826000,-1853871,-1027871
2013/03/05,0,773000,-1264822,-491822
2013/03/06,0,719000,-1191072,-472072
2013/03/07,0,6978762,-7978964,-1000202
2013/03/08,0,1097519,-1580476,-482957
2013/03/11,0,876000,-1804180,-928180
2013/03/12,0,1504000,-2771931,-1267931
2013/03/13,0,1193000,-3688203,-2495203
2013/03/14,0,1610000,-1988504,-378504
2013/03/15,0,1699000,-2649374,-950374
2013/03/18,0,1191000,-1570970,-379970
2013/03/19,0,776000,-1467826,-691826
2013/03/20,0,922000,-1457115,-535115
2013/03/21,0,1160330,-588000,572330
2013/03/22,0,694186,-1216172,-521986
2013/03/25,0,625000,-518993,106007
2013/03/26,0,1794000,-1383000,411000
2013/03/27,0,1124000,-280520,843480
2013/03/28,0,469000,-136000,333000
2013/03/29,0,188000,-36000,152000
2013/04/01,0,447326,-35000,412326
2013/04/02,0,278000,-826170,-548170
2013/04/03,0,1152000,-572707,579293
2013/04/04,0,0,0,0
2013/04/05,0,0,0,0
2013/04/08,0,364284,-911000,-546716
2013/04/09,0,198000,-825691,-627691
2013/04/10,0,795000,-294000,501000
2013/04/11,0,607450,-529151,78299
2013/04/12,0,220000,-603000,-383000
2013/04/15,0,268036,-390100,-122064
2013/04/16,0,373877,-235400,138477
2013/04/17,0,516000,-1088000,-572000
2013/04/18,0,116000,-866000,-750000
2013/04/19,0,1164000,-1118000,46000
2013/04/22,0,2258000,-3684167,-1426167
2013/04/23,0,2386000,-1046000,1340000
2013/04/24,0,1720000,-1043740,676260
2013/04/25,0,684000,-1062000,-378000
2013/04/26,0,664000,-1102000,-438000
2013/04/29,0,724000,-158000,566000
2013/04/30,0,3314000,-608840,2705160
2013/05/01,0,0,0,0
2013/05/02,0,6095000,-265584,5829416
2013/05/03,0,3233000,-681000,2552000
2013/05/06,0,2815000,-1918227,896773
2013/05/07,0,1654000,-1739029,-85029
2013/05/08,0,2724228,-469000,2255228
2013/05/09,0,2213764,-966456,1247308
2013/05/10,0,399000,-494000,-95000
2013/05/13,0,407000,-187450,219550
2013/05/14,0,457000,-90940,366060
2013/05/15,0,1564000,-540550,1023450
2013/05/16,0,1550000,-336000,1214000
2013/05/17,0,365478,-936905,-571427
2013/05/20,0,313152,-247000,66152
2013/05/21,0,555000,-506713,48287
2013/05/22,0,1186000,-523520,662480
2013/05/23,0,293000,-1585130,-1292130
2013/05/24,0,1375170,-287000,1088170
2013/05/27,0,1166522,-253000,913522
2013/05/28,0,885000,-269000,616000
2013/05/29,0,1508000,-89000,1419000
2013/05/30,0,3575000,-2901000,674000
2013/05/31,0,1998029,-2342026,-343997
2013/06/03,0,795000,-1007000,-212000
2013/06/04,0,1202000,-349000,853000
2013/06/05,0,951000,-251738,699262
2013/06/06,0,1064593,-531708,532885
2013/06/07,0,627000,-1059061,-432061
2013/06/10,0,748000,-645000,103000
2013/06/11,0,942000,-341000,601000
2013/06/12,0,0,0,0
2013/06/13,0,2007000,-1597665,409335
2013/06/14,0,1254000,-2669000,-1415000
2013/06/17,0,365000,-234046,130954
2013/06/18,0,385000,-656000,-271000
2013/06/19,0,347000,-201672,145328
2013/06/20,0,764000,-789623,-25623
2013/06/21,0,1343000,-2371562,-1028562
2013/06/24,0,564000,-893774,-329774
2013/06/25,0,261000,-418000,-157000
2013/06/26,0,619000,-507239,111761
2013/06/27,0,1200000,-399000,801000
2013/06/28,0,1600000,-395000,1205000
2013/07/01,0,515000,-198000,317000
2013/07/02,0,621000,-395059,225941
2013/07/03,0,861000,-242300,618700
2013/07/04,0,718000,-99000,619000
2013/07/05,0,949000,-150000,799000
2013/07/08,0,573000,-1022000,-449000
2013/07/09,0,341500,-62000,279500
2013/07/10,0,1894000,-1494000,400000
2013/07/11,0,850000,-1136000,-286000
2013/07/12,0,315000,-308000,7000
2013/07/15,0,830000,-933490,-103490
2013/07/16,0,407000,-564341,-157341
2013/07/17,0,546000,-90000,456000
2013/07/18,0,3200000,-575000,2625000
2013/07/19,0,654390,-570861,83529
2013/07/22,0,222003,-190000,32003
2013/07/23,0,740000,-782000,-42000
2013/07/24,0,279000,-821000,-542000
2013/07/25,0,697000,-866000,-169000
2013/07/26,0,172000,-476000,-304000
2013/07/29,0,901000,-633850,267150
2013/07/30,0,1181000,-1484000,-303000
2013/07/31,0,1681500,-2630000,-948500
2013/08/01,0,1281000,-1437000,-156000
2013/08/02,0,625000,-397000,228000
2013/08/05,0,448000,-477000,-29000
2013/08/06,0,575000,-838000,-263000
2013/08/07,0,245000,-609000,-364000
2013/08/08,0,154000,-763000,-609000
2013/08/09,0,918000,-1889000,-971000
2013/08/12,0,148000,-457000,-309000
2013/08/13,0,800000,-184000,616000
2013/08/14,0,512579,-687000,-174421
2013/08/15,0,102000,-805023,-703023
2013/08/16,0,452544,-1148000,-695456
2013/08/19,0,181000,-1060000,-879000
2013/08/20,0,268303,-785303,-517000
2013/08/21,0,0,0,0
2013/08/22,0,565303,-1044000,-478697
2013/08/23,0,329000,-546000,-217000
2013/08/26,0,174000,-128000,46000
2013/08/27,0,58000,-417000,-359000
2013/08/28,0,203000,-397000,-194000
2013/08/29,0,645200,-177000,468200
2013/08/30,0,283191,-241000,42191
2013/09/02,0,389944,-486140,-96196
2013/09/03,0,532000,-639029,-107029
2013/09/04,0,315000,-548000,-233000
2013/09/05,0,386939,-502000,-115061
2013/09/06,0,1172000,-1033000,139000
2013/09/09,0,1033000,-860000,173000
2013/09/10,0,1054000,-746000,308000
2013/09/11,0,904600,-861658,42942
2013/09/12,0,410000,-708000,-298000
2013/09/13,0,723000,-342770,380230
2013/09/16,0,531000,-393000,138000
2013/09/17,0,389000,-557000,-168000
2013/09/18,0,461320,-675800,-214480
2013/09/19,0,0,0,0
2013/09/20,0,0,0,0
2013/09/23,0,1067882,-926000,141882
2013/09/24,0,875000,-1123049,-248049
2013/09/25,0,825121,-1078000,-252879
2013/09/26,0,516000,-770000,-254000
2013/09/27,0,766000,-794353,-28353
2013/09/30,0,1164468,-1798800,-634332
2013/10/01,0,1058000,-844327,213673
2013/10/02,0,907648,-1058279,-150631
2013/10/03,0,1045306,-1063000,-17694
2013/10/04,0,1036000,-132000,904000
2013/10/07,0,677200,-347000,330200
2013/10/08,0,874000,-1102487,-228487
2013/10/09,0,1347000,-208000,1139000
2013/10/10,0,0,0,0
2013/10/11,0,1326000,-302498,1023502
2013/10/14,0,596000,-407670,188330
2013/10/15,0,474000,-948930,-474930
2013/10/16,0,895381,-606000,289381
2013/10/17,0,890000,-650000,240000
2013/10/18,0,767000,-112430,654570
2013/10/21,0,980000,-1796000,-816000
2013/10/22,0,914919,-273000,641919
2013/10/23,0,979943,-830000,149943
2013/10/24,0,405000,-577000,-172000
2013/10/25,0,1423000,-1120000,303000
2013/10/28,0,562000,-459000,103000
2013/10/29,0,562000,-257000,305000
2013/10/30,0,964000,-1408000,-444000
2013/10/31,0,1616000,-1037990,578010
2013/11/01,0,1213000,-896000,317000
2013/11/04,0,436000,-529125,-93125
2013/11/05,0,1279000,-913365,365635
2013/11/06,0,1416229,-741000,675229
2013/11/07,0,1193035,-1734000,-540965
2013/11/08,0,1435129,-1568300,-133171
2013/11/11,0,1086000,-2768060,-1682060
2013/11/12,0,1722000,-2673500,-951500
2013/11/13,0,765110,-1695300,-930190
2013/11/14,0,861000,-1594800,-733800
2013/11/15,0,1056000,-1659907,-603907
2013/11/18,0,684000,-1655880,-971880
2013/11/19,0,350000,-1964834,-1614834
2013/11/20,0,752000,-1092401,-340401
2013/11/21,0,772500,-1906447,-1133947
2013/11/22,0,868766,-1013282,-144516
2013/11/25,0,1248000,-2115990,-867990
2013/11/26,0,21263701,-33616639,-12352938
2013/11/27,0,2019000,-3845433,-1826433
2013/11/28,0,3310000,-1137000,2173000
2013/11/29,0,2225000,-981020,1243980
2013/12/02,0,1475000,-2194000,-719000
2013/12/03,0,1727564,-1521664,205900
2013/12/04,0,257000,-908000,-651000
2013/12/05,0,3600000,-3980000,-380000
2013/12/06,0,1518000,-3216148,-1698148
2013/12/09,0,1291000,-1776110,-485110
2013/12/10,0,1772021,-2091000,-318979
2013/12/11,0,818000,-588000,230000
2013/12/12,0,715000,-359000,356000
2013/12/13,0,1772178,-714170,1058008
2013/12/16,0,454000,-1094772,-640772
2013/12/17,0,752000,-538000,214000
2013/12/18,0,238000,-609000,-371000
2013/12/19,0,252000,-534640,-282640
2013/12/20,0,350000,-240107,109893
2013/12/23,0,557000,-132000,425000
2013/12/24,0,1242000,-298000,944000
2013/12/25,0,86000,-162000,-76000
2013/12/26,0,89000,-132000,-43000
2013/12/27,0,96000,-298000,-202000
2013/12/30,0,202000,-189554,12446
2013/12/31,0,184000,-267000,-83000
2014/01/02,0,623000,-188000,435000
2014/01/03,0,167000,-48000,119000
2014/01/06,0,161000,-790000,-629000
2014/01/07,0,537000,-178000,359000
2014/01/08,0,104000,-722000,-618000
2014/01/09,0,247000,-115000,132000
2014/01/10,0,1694000,-631000,1063000
2014/01/13,0,803000,-847565,-44565
2014/01/14,0,1699000,-2265002,-566002
2014/01/15,0,552000,-1647250,-1095250
2014/01/16,0,499000,-632000,-133000
2014/01/17,0,466000,-468000,-2000
2014/01/20,0,544000,-487000,57000
2014/01/21,0,181009,-810000,-628991
2014/01/22,0,898000,-403255,494745
2014/01/23,0,469855,-765000,-295145
2014/01/24,0,685000,-1017436,-332436
2014/01/27,0,793000,-840300,-47300
2014/02/05,0,1091000,-1426718,-335718
2014/02/06,0,371000,-1444000,-1073000
2014/02/07,0,700000,-1523000,-823000
2014/02/10,0,424014,-704000,-279986
2014/02/11,0,662320,-102000,560320
2014/02/12,0,263000,-908089,-645089
2014/02/13,0,147565,-372000,-224435
2014/02/14,0,665840,-1051000,-385160
2014/02/17,0,281000,-782000,-501000
2014/02/18,0,464000,-86000,378000
2014/02/19,0,522000,-266008,255992
2014/02/20,0,93500,-424000,-330500
2014/02/21,0,988000,-430564,557436
2014/02/24,0,405000,-298000,107000
2014/02/25,0,374000,-77000,297000
2014/02/26,0,665000,-729240,-64240
2014/02/27,0,748000,-245000,503000
2014/03/03,0,754000,-398000,356000
2014/03/04,0,160000,-354000,-194000
2014/03/05,0,850550,-338000,512550
2014/03/06,0,768000,-105180,662820
2014/03/07,0,1320000,-262000,1058000
2014/03/10,0,2260000,-616000,1644000
2014/03/11,0,3751803,-991510,2760293
2014/03/12,0,2751000,-831000,1920000
2014/03/13,0,2241000,-616000,1625000
2014/03/14,0,3066000,-176000,2890000
2014/03/17,0,1252000,-156244,1095756
2014/03/18,0,761000,-409000,352000
2014/03/19,0,392000,-533000,-141000
2014/03/20,0,1260000,-1480000,-220000
2014/03/21,0,1060000,-643000,417000
2014/03/24,0,399000,-1474000,-1075000
2014/03/25,0,1066000,-562000,504000
2014/03/26,0,1577000,-477303,1099697
2014/03/27,0,178000,-374000,-196000
2014/03/28,0,800000,-148000,652000
2014/03/31,0,854000,-151000,703000
2014/04/01,0,471000,-235000,236000
2014/04/02,0,197000,-423000,-226000
2014/04/03,0,692000,-168000,524000
2014/04/07,0,331000,-232000,99000
2014/04/08,0,29000,-427229,-398229
2014/04/09,0,336000,-251000,85000
2014/04/10,0,191000,-153000,38000
2014/04/11,0,250000,-387000,-137000
2014/04/14,0,600000,-105000,495000
2014/04/15,0,349000,-323000,26000
2014/04/16,0,424000,-126000,298000
2014/04/17,0,458000,-378000,80000
2014/04/18,0,46000,-174000,-128000
2014/04/21,0,227000,-143000,84000
2014/04/22,0,122000,-109000,13000
2014/04/23,0,432000,-161000,271000
2014/04/24,0,162000,-134000,28000
2014/04/25,0,740000,-573000,167000
2014/04/28,0,502000,-342000,160000
2014/04/29,0,1249000,-370000,879000
2014/04/30,0,1866000,-348000,1518000
2014/05/02,0,703000,-509000,194000
2014/05/05,0,513000,-121000,392000
2014/05/06,0,460000,-64000,396000
2014/05/07,0,470000,-714000,-244000
2014/05/08,0,166000,-374820,-208820
2014/05/09,0,789000,-1762716,-973716
2014/05/12,0,175000,-1146000,-971000
2014/05/13,0,351000,-693000,-342000
2014/05/14,0,138000,-474400,-336400
2014/05/15,0,72000,-1299000,-1227000
2014/05/16,0,53000,-1243626,-1190626
2014/05/19,0,122000,-369711,-247711
2014/05/20,0,430975,-1150000,-719025
2014/05/21,0,221000,-794135,-573135
2014/05/22,0,110000,-409000,-299000
2014/05/23,0,92000,-170000,-78000
2014/05/26,0,101000,-1015000,-914000
2014/05/27,0,359000,-560000,-201000
2014/05/28,0,640000,-169000,471000
2014/05/29,0,553000,-342705,210295
2014/05/30,0,326000,-284000,42000
2014/06/03,0,275000,-403000,-128000
2014/06/04,0,567000,-2097000,-1530000
2014/06/05,0,453000,-1358000,-905000
2014/06/06,0,384520,-508000,-123480
2014/06/09,0,535000,-944000,-409000
2014/06/10,0,191000,-887129,-696129
2014/06/11,0,95000,-65740,29260
2014/06/12,0,266000,-395000,-129000
2014/06/13,0,182000,-313000,-131000
2014/06/16,0,293000,-400000,-107000
2014/06/17,0,99000,-107000,-8000
2014/06/18,0,704000,-160000,544000
2014/06/19,0,169000,-410000,-241000
2014/06/20,0,371000,-526871,-155871
2014/06/23,0,581000,-683000,-102000
2014/06/24,0,138000,-313000,-175000
2014/06/25,0,385311,-729000,-343689
2014/06/26,0,146452,-715000,-568548
2014/06/27,0,146000,-445735,-299735
2014/06/30,0,494000,-326000,168000
2014/07/01,0,394000,-335000,59000
2014/07/02,0,74703,-296000,-221297
2014/07/03,0,178000,-659814,-481814
2014/07/04,0,220000,-510000,-290000
2014/07/07,0,10000,-210000,-200000
2014/07/08,0,161000,-276000,-115000
2014/07/09,0,243000,-204000,39000
2014/07/10,0,1001000,-655000,346000
2014/07/11,0,466000,-143000,323000
2014/07/14,0,744000,-111000,633000
2014/07/15,0,520000,-210000,310000
2014/07/16,0,2152301,-2009000,143301
2014/07/17,0,573702,-912000,-338298
2014/07/18,0,177000,-510760,-333760
2014/07/21,0,152560,-24897,127663
2014/07/22,0,210000,-2000,208000
2014/07/23,0,0,0,0
2014/07/24,0,307000,-237000,70000
2014/07/25,0,1785000,-2307000,-522000
2014/07/28,0,1606700,-1598000,8700
2014/07/29,0,900000,-511000,389000
2014/07/30,0,499000,-128000,371000
2014/07/31,0,1287000,-1010000,277000
2014/08/01,0,650498,-140000,510498
2014/08/04,0,286000,-241253,44747
2014/08/05,0,415000,-282000,133000
2014/08/06,0,609610,-518000,91610
2014/08/07,0,839518,-397670,441848
2014/08/08,0,74000,-217000,-143000
2014/08/11,0,467926,-662000,-194074
2014/08/12,0,705000,-983000,-278000
2014/08/13,0,634152,-1064440,-430288
2014/08/14,0,316000,-161703,154297
2014/08/15,0,533000,-639000,-106000
2014/08/18,0,237000,-201000,36000
2014/08/19,0,248000,-647660,-399660
2014/08/20,0,233000,-377000,-144000
2014/08/21,0,317000,-268000,49000
2014/08/22,0,234000,-617219,-383219
2014/08/25,0,484000,-301000,183000
2014/08/26,0,169000,-517452,-348452
2014/08/27,0,435000,-166000,269000
2014/08/28,0,327000,-230230,96770
2014/08/29,0,231000,-129000,102000
2014/09/01,0,167000,-57000,110000
2014/09/02,0,344000,-59000,285000
2014/09/03,0,314000,-16000,298000
2014/09/04,0,494000,-52000,442000
2014/09/05,0,402000,-46000,356000
2014/09/09,0,670000,-125000,545000
2014/09/10,0,369000,-694000,-325000
2014/09/11,0,438000,-476000,-38000
2014/09/12,0,606227,-447000,159227
2014/09/15,0,789000,-761771,27229
2014/09/16,0,1053000,-820000,233000
2014/09/17,0,1396700,-1131000,265700
2014/09/18,0,611100,-722774,-111674
2014/09/19,0,791507,-317000,474507
2014/09/22,0,1828000,-1117393,710607
2014/09/23,0,1463000,-388540,1074460
2014/09/24,0,1366000,-510180,855820
2014/09/25,0,788860,-1202609,-413749
2014/09/26,0,821000,-1014000,-193000
2014/09/29,0,553000,-363175,189825
2014/09/30,0,973000,-721000,252000
2014/10/01,0,380000,-810602,-430602
2014/10/02,0,400000,-2170000,-1770000
2014/10/03,0,335000,-1100489,-765489
2014/10/06,0,218000,-749000,-531000
2014/10/07,0,279000,-835000,-556000
2014/10/08,0,447000,-870000,-423000
2014/10/09,0,542180,-526000,16180
2014/10/13,0,334000,-376000,-42000
2014/10/14,0,313000,-383000,-70000
2014/10/15,0,919000,-1711000,-792000
2014/10/16,0,771000,-897000,-126000
2014/10/17,0,1412000,-1543000,-131000
2014/10/20,0,337000,-940000,-603000
2014/10/21,0,821000,-1020000,-199000
2014/10/22,0,649000,-1022122,-373122
2014/10/23,0,472000,-652000,-180000
2014/10/24,0,511000,-540000,-29000
2014/10/27,0,282000,-304047,-22047
2014/10/28,0,473000,-378380,94620
2014/10/29,0,33000,-57000,-24000
2014/10/30,0,165000,-74549,90451
2014/10/31,0,251000,-160833,90167
2014/11/03,0,218000,-255000,-37000
2014/11/04,0,246000,-196000,50000
2014/11/05,0,251000,-24000,227000
2014/11/06,0,155000,-43000,112000
2014/11/07,0,306000,-53000,253000
2014/11/10,0,3637099,-54000,3583099
2014/11/11,0,818000,-229000,589000
2014/11/12,0,679000,-96000,583000
2014/11/13,0,332000,-107000,225000
2014/11/14,0,473000,-447000,26000
2014/11/17,0,803000,-1237000,-434000
2014/11/18,0,812000,-952000,-140000
2014/11/19,0,859000,-535000,324000
2014/11/20,0,1142000,-433000,709000
2014/11/21,0,989000,-36000,953000
2014/11/24,0,694000,-64000,630000
2014/11/25,0,875000,-84000,791000
2014/11/26,0,1063000,-137000,926000
2014/11/27,0,1191000,-437000,754000
2014/11/28,0,1769000,-11000,1758000
2014/12/01,0,465000,-62690,402310
2014/12/02,0,995000,-157000,838000
2014/12/03,0,772000,-77000,695000
2014/12/04,0,570000,-128000,442000
2014/12/05,0,784000,-96000,688000
2014/12/08,0,595000,-195567,399433
2014/12/09,0,586000,-56000,530000
2014/12/10,0,458000,-123000,335000
2014/12/11,0,491000,-92000,399000
2014/12/12,0,462000,-67000,395000
2014/12/15,0,606000,-531800,74200
2014/12/16,0,819000,-518047,300953
2014/12/17,0,918000,-350000,568000
2014/12/18,0,524000,-101000,423000
2014/12/19,0,638000,-370896,267104
2014/12/22,0,665000,-52000,613000
2014/12/23,0,359000,-98000,261000
2014/12/24,0,467000,-156048,310952
2014/12/25,0,257000,-61000,196000
2014/12/26,0,46000,0,46000
2014/12/29,0,951000,-441000,510000
2014/12/30,0,189143,-114000,75143
2014/12/31,0,154000,-26000,128000
2015/01/01,0,0,0,0
2015/01/02,0,0,0,0
2015/01/05,0,327400,-366000,-38600
2015/01/06,0,376000,-301614,74386
2015/01/07,0,244000,-40000,204000
2015/01/08,0,317000,-208690,108310
2015/01/09,0,964000,-157000,807000
2015/01/12,0,182000,-547000,-365000
2015/01/13,0,593000,-82203,510797
2015/01/14,0,126000,-297000,-171000
2015/01/15,0,840000,-136000,704000
2015/01/16,0,1109000,-549111,559889
2015/01/19,0,2790000,-201000,2589000
2015/01/20,0,748000,-312779,435221
2015/01/21,0,5310000,-302000,5008000
2015/01/22,0,1045000,-1089000,-44000
2015/01/23,0,1875000,-52000,1823000
2015/01/26,0,2762000,-1145000,1617000
2015/01/27,0,746000,-144000,602000
2015/01/28,0,1189000,-116000,1073000
2015/01/29,0,934000,-217800,716200
2015/01/30,0,2593000,-1183000,1410000
2015/02/02,0,873000,-376000,497000
2015/02/03,0,1451000,-1065973,385027
2015/02/04,0,1091000,-137000,954000
2015/02/05,0,996000,-144000,852000
2015/02/06,0,661000,-409000,252000
2015/02/09,0,762000,-154000,608000
2015/02/10,0,425000,-161000,264000
2015/02/11,0,276000,-245000,31000
2015/02/12,0,859000,-1121000,-262000
2015/02/13,0,1610000,-170000,1440000
2015/02/16,0,0,0,0
2015/02/17,0,0,0,0
2015/02/18,0,0,0,0
2015/02/19,0,0,0,0
2015/02/20,0,0,0,0
2015/02/23,0,0,0,0
2015/02/24,0,2238085,-287130,1950955
2015/02/25,0,847551,-738306,109245
2015/02/26,0,830000,-736000,94000
2015/02/27,0,0,0,0
2015/03/02,0,401000,-1247000,-846000
2015/03/03,0,162000,-1437859,-1275859
2015/03/04,0,248000,-450000,-202000
2015/03/05,0,136000,-423000,-287000
2015/03/06,0,504000,-864000,-360000
2015/03/09,0,182467,-867670,-685203
2015/03/10,0,635088,-694000,-58912
2015/03/11,0,341362,-1992000,-1650638
2015/03/12,0,1542376,-818000,724376
2015/03/13,0,43000,-1546000,-1503000
2015/03/16,0,273323,-577035,-303712
2015/03/17,0,41000,-933060,-892060
2015/03/18,0,204000,-293384,-89384
2015/03/19,0,270000,-822000,-552000
2015/03/20,0,911000,-454000,457000
2015/03/23,0,430913,-1151104,-720191
2015/03/24,0,110000,-791000,-681000
2015/03/25,0,105997,-531790,-425793
2015/03/26,0,384000,-1791046,-1407046
2015/03/27,0,298000,-837000,-539000
2015/03/30,0,574913,-898420,-323507
2015/03/31,0,278000,-1313000,-1035000
2015/04/01,0,174000,-167000,7000
2015/04/02,0,155000,-481000,-326000
2015/04/03,0,0,0,0
2015/04/06,0,0,0,0
2015/04/07,0,258000,-144000,114000
2015/04/08,0,144000,-425000,-281000
2015/04/09,0,265553,-946931,-681378
2015/04/10,0,80000,-412000,-332000
2015/04/13,0,2726000,-2823000,-97000
2015/04/14,0,172200,-310000,-137800
2015/04/15,0,154000,-576000,-422000
2015/04/16,0,278000,-238000,40000
2015/04/17,0,1277000,-442000,835000
2015/04/20,0,311000,-520000,-209000
2015/04/21,0,681501,-226000,455501
2015/04/22,0,447000,-625000,-178000
2015/04/23,0,275000,-569000,-294000
2015/04/24,0,676815,-897000,-220185
2015/04/27,0,180000,-503000,-323000
2015/04/28,0,117000,-444000,-327000
2015/04/29,0,251000,-467000,-216000
2015/04/30,0,399000,-885000,-486000
2015/05/01,0,0,0,0
2015/05/04,0,279000,-317000,-38000
2015/05/05,0,503160,-477000,26160
2015/05/06,0,1110000,-1097659,12341
2015/05/07,0,1396000,-1108000,288000
2015/05/08,0,751000,-901000,-150000
2015/05/11,0,694000,-643000,51000
2015/05/12,0,670000,-554000,116000
2015/05/13,0,204000,-571000,-367000
2015/05/14,0,641350,-848000,-206650
2015/05/15,0,559000,-444920,114080
2015/05/18,0,369000,-558000,-189000
2015/05/19,0,823650,-1438000,-614350
2015/05/20,0,797000,-449000,348000
2015/05/21,0,87000,-139000,-52000
2015/05/22,0,65000,-708000,-643000
2015/05/25,0,81000,-185000,-104000
2015/05/26,0,70000,-352000,-282000
2015/05/27,0,273529,-511000,-237471
2015/05/28,0,238000,-464296,-226296
2015/05/29,0,1249000,-760000,489000
2015/06/01,0,735000,-310000,425000
2015/06/02,0,359000,-543231,-184231
2015/06/03,0,403000,-161000,242000
2015/06/04,0,619000,-355000,264000
2015/06/05,0,351221,-497000,-145779
2015/06/08,0,193000,-747000,-554000
2015/06/09,0,498843,-800000,-301157
2015/06/10,0,795000,-1479000,-684000
2015/06/11,0,1167000,-921000,246000
2015/06/12,0,523000,-297000,226000
2015/06/15,0,296000,-481000,-185000
2015/06/16,0,375000,-687000,-312000
2015/06/17,0,1285000,-1683653,-398653
2015/06/18,0,1019000,-203000,816000
2015/06/19,0,0,0,0
2015/06/22,0,1069000,-622619,446381
2015/06/23,0,764000,-329000,435000
2015/06/24,0,325000,-458701,-133701
2015/06/25,0,112000,-87000,25000
2015/06/26,0,130000,-142424,-12424
2015/06/29,0,225000,-311000,-86000
2015/06/30,0,280265,-600000,-319735
2015/07/01,0,267000,-272164,-5164
2015/07/02,0,174103,-79000,95103
2015/07/03,0,354000,-244000,110000
2015/07/06,0,434000,-362000,72000
2015/07/07,0,309000,-720000,-411000
2015/07/08,0,700000,-508920,191080
2015/07/09,0,84000,-490000,-406000
2015/07/10,0,0,0,0
2015/07/13,0,344744,-663000,-318256
2015/07/14,0,227000,-889543,-662543
2015/07/15,0,502000,-936000,-434000
2015/07/16,0,116000,-465750,-349750
2015/07/17,0,189000,-279000,-90000
2015/07/20,0,419000,-564000,-145000
2015/07/21,0,480000,-1383000,-903000
2015/07/22,0,198000,-368000,-170000
2015/07/23,0,189000,-269000,-80000
2015/07/24,0,229000,-192000,37000
2015/07/27,0,449902,-654160,-204258
2015/07/28,0,132000,-233000,-101000
2015/07/29,0,734000,-825068,-91068
2015/07/30,0,878000,-573000,305000
2015/07/31,0,236000,-352000,-116000
2015/08/03,0,336000,-1269896,-933896
2015/08/04,0,1069000,-404000,665000
2015/08/05,0,605850,-647000,-41150
2015/08/06,0,208000,-250000,-42000
2015/08/07,0,445000,-201000,244000
2015/08/10,0,146000,-434000,-288000
2015/08/11,0,428000,-546000,-118000
2015/08/12,0,140000,-750927,-610927
2015/08/13,0,578000,-367000,211000
2015/08/14,0,353700,-335000,18700
2015/08/17,0,390000,-231000,159000
2015/08/18,0,273000,-730000,-457000
2015/08/19,0,1084000,-772000,312000
2015/08/20,0,894000,-1188609,-294609
2015/08/21,0,1827000,-1819095,7905
2015/08/24,0,1799000,-1336000,463000
2015/08/25,0,675000,-1043000,-368000
2015/08/26,0,346000,-714354,-368354
2015/08/27,0,552000,-859000,-307000
2015/08/28,0,522000,-660000,-138000
2015/08/31,0,1140000,-827260,312740
2015/09/01,0,488000,-850105,-362105
2015/09/02,0,454000,-743466,-289466
2015/09/03,0,670000,-793000,-123000
2015/09/04,0,1207000,-1062000,145000
2015/09/07,0,335000,-610000,-275000
2015/09/08,0,231000,-244000,-13000
2015/09/09,0,570000,-1222000,-652000
2015/09/10,0,844000,-898000,-54000
2015/09/11,0,261000,-857000,-596000
2015/09/14,0,440000,-764000,-324000
2015/09/15,0,498000,-454000,44000
2015/09/16,0,762000,-607100,154900
2015/09/17,0,824000,-429000,395000
2015/09/18,0,985000,-864524,120476
2015/09/21,0,408000,-388000,20000
2015/09/22,0,1317000,-600000,717000
2015/09/23,0,379000,-634520,-255520
2015/09/24,0,1557698,-966000,591698
2015/09/25,0,235000,-661223,-426223
2015/09/28,0,0,0,0
2015/09/29,0,0,0,0
2015/09/30,0,589000,-462000,127000
2015/10/01,0,444000,-436000,8000
2015/10/02,0,133000,-444000,-311000
2015/10/05,0,203000,-85000,118000
2015/10/06,0,336176,-150000,186176
2015/10/07,0,154436,-226000,-71564
2015/10/08,0,235000,-42000,193000
2015/10/09,0,0,0,0
2015/10/12,0,877799,-356000,521799
2015/10/13,0,708000,-340000,368000
2015/10/14,0,401000,-315000,86000
2015/10/15,0,1073000,-908000,165000
2015/10/16,0,724000,-682000,42000
2015/10/19,0,156000,-344253,-188253
2015/10/20,0,261000,-201927,59073
2015/10/21,0,179000,-272811,-93811
2015/10/22,0,443000,-396000,47000
2015/10/23,0,620000,-702000,-82000
2015/10/26,0,1166000,-799250,366750
2015/10/27,0,440000,-343000,97000
2015/10/28,0,706000,-596144,109856
2015/10/29,0,710000,-464935,245065
2015/10/30,0,699000,-524000,175000
2015/11/02,0,840000,-986000,-146000
2015/11/03,0,738000,-284000,454000
2015/11/04,0,674000,-181000,493000
2015/11/05,0,365000,-158000,207000
2015/11/06,0,221000,-339000,-118000
2015/11/09,0,379000,-362000,17000
2015/11/10,0,2558000,-1128000,1430000
2015/11/11,0,1842000,-1346554,495446
2015/11/12,0,2301000,-2719000,-418000
2015/11/13,0,2599489,-2023000,576489
2015/11/16,0,2076000,-1910000,166000
2015/11/17,0,2909000,-2055000,854000
2015/11/18,0,2653424,-1368940,1284484
2015/11/19,0,1877000,-2044000,-167000
2015/11/20,0,2056000,-880000,1176000
2015/11/23,0,1751000,-978000,773000
2015/11/24,0,2159000,-1140137,1018863
2015/11/25,0,2394000,-1187000,1207000
2015/11/26,0,1335000,-1064000,271000
2015/11/27,0,1367000,-848000,519000
2015/11/30,0,1780000,-800000,980000
2015/12/01,0,1807000,-1842191,-35191
2015/12/02,0,1138000,-1099000,39000
2015/12/03,0,1903000,-1415000,488000
2015/12/04,0,1646000,-1077000,569000
2015/12/07,0,1518000,-1411397,106603
2015/12/08,0,2507000,-621000,1886000
2015/12/09,0,1010000,-1186868,-176868
2015/12/10,0,1743000,-652000,1091000
2015/12/11,0,1392000,-1836923,-444923
2015/12/14,0,2799806,-1135000,1664806
2015/12/15,0,668000,-2031571,-1363571
2015/12/16,0,657000,-710186,-53186
2015/12/17,0,1028000,-460000,568000
2015/12/18,0,854000,-703918,150082
2015/12/21,0,359000,-381250,-22250
2015/12/22,0,404000,-398581,5419
2015/12/23,0,398000,-504134,-106134
2015/12/24,0,270000,-354000,-84000
2015/12/25,0,138000,-48000,90000
2015/12/28,0,265000,-271000,-6000
2015/12/29,0,800000,-442536,357464
2015/12/30,0,671816,-502206,169610
2015/12/31,0,364000,-312000,52000
2016/01/01,0,0,0,0
2016/01/04,0,859000,-549000,310000
2016/01/05,0,1060000,-830000,230000
2016/01/06,0,893000,-883000,10000
2016/01/07,0,781000,-675000,106000
2016/01/08,0,475000,-610000,-135000
2016/01/11,0,578000,-648000,-70000
2016/01/12,0,518000,-494138,23862
2016/01/13,0,1115000,-483000,632000
2016/01/14,0,969000,-586000,383000
2016/01/15,0,650000,-1406309,-756309
2016/01/18,0,545000,-651000,-106000
2016/01/19,0,380000,-296593,83407
2016/01/20,0,820000,-297000,523000
2016/01/21,0,929719,-412017,517702
2016/01/22,0,226000,-888118,-662118
2016/01/25,0,177000,-184000,-7000
2016/01/26,0,140000,-98000,42000
2016/01/27,0,196573,-116000,80573
2016/01/28,0,306000,-199580,106420
2016/01/29,0,398000,-137000,261000
2016/02/01,0,285000,-198000,87000
2016/02/02,0,476054,-451888,24166
2016/02/03,0,525976,-296541,229435
2016/02/04,0,0,0,0
2016/02/05,0,0,0,0
2016/02/08,0,0,0,0
2016/02/09,0,0,0,0
2016/02/10,0,0,0,0
2016/02/11,0,0,0,0
2016/02/12,0,0,0,0
2016/02/15,0,615000,-260000,355000
2016/02/16,0,612000,-477356,134644
2016/02/17,0,593872,-415000,178872
2016/02/18,0,796000,-986000,-190000
2016/02/19,0,493000,-184000,309000
2016/02/22,0,586000,-177911,408089
2016/02/23,0,862573,-400000,462573
2016/02/24,0,612000,-1115955,-503955
2016/02/25,0,704000,-419000,285000
2016/02/26,0,688719,-528087,160632
2016/02/29,0,0,0,0
2016/03/01,0,1331000,-762326,568674
2016/03/02,0,813000,-630000,183000
2016/03/03,0,823617,-467000,356617
2016/03/04,0,565000,-624596,-59596
2016/03/07,0,834000,-834000,0
2016/03/08,0,911000,-562403,348597
2016/03/09,0,736465,-599331,137134
2016/03/10,0,927000,-556763,370237
2016/03/11,0,594000,-414000,180000
2016/03/14,0,719000,-1504000,-785000
2016/03/15,0,1535000,-775458,759542
2016/03/16,0,1249000,-979000,270000
2016/03/17,0,551000,-659402,-108402
2016/03/18,0,1386350,-620000,766350
2016/03/21,0,576000,-588000,-12000
2016/03/22,0,2799573,-1724000,1075573
2016/03/23,0,944000,-826000,118000
2016/03/24,0,494000,-700809,-206809
2016/03/25,0,82000,-100000,-18000
2016/03/28,0,317600,-157000,160600
2016/03/29,0,658000,-496000,162000
2016/03/30,0,1431000,-542000,889000
2016/03/31,0,870000,-719000,151000
2016/04/01,0,851000,-389000,462000
2016/04/04,0,0,0,0
2016/04/05,0,0,0,0
2016/04/06,0,844480,-714000,130480
2016/04/07,0,737268,-518000,219268
2016/04/08,0,691000,-367676,323324
2016/04/11,0,510000,-152000,358000
2016/04/12,0,1245000,-393196,851804
2016/04/13,0,248000,-322000,-74000
2016/04/14,0,438000,-542000,-104000
2016/04/15,0,183000,-240000,-57000
2016/04/18,0,1094000,-298000,796000
2016/04/19,0,1064769,-896000,168769
2016/04/20,0,547000,-539000,8000
2016/04/21,0,245000,-398000,-153000
2016/04/22,0,164000,-546000,-382000
2016/04/25,0,97692,-42000,55692
2016/04/26,0,232846,-171000,61846
2016/04/27,0,247000,-213000,34000
2016/04/28,0,254000,-370000,-116000
2016/04/29,0,135000,-177000,-42000
2016/05/02,0,0,0,0
2016/05/03,0,450000,-903000,-453000
2016/05/04,0,290441,-531563,-241122
2016/05/05,0,141000,-252000,-111000
2016/05/06,0,176000,-226236,-50236
2016/05/09,0,104000,-193000,-89000
2016/05/10,0,879000,-1675000,-796000
2016/05/11,0,802000,-1614499,-812499
2016/05/12,0,611000,-1103000,-492000
2016/05/13,0,587923,-567547,20376
2016/05/16,0,489000,-579000,-90000
2016/05/17,0,205846,-353000,-147154
2016/05/18,0,392000,-680390,-288390
2016/05/19,0,648000,-625730,22270
2016/05/20,0,83166,-340000,-256834
2016/05/23,0,162923,-360000,-197077
2016/05/24,0,169000,-327000,-158000
2016/05/25,0,303000,-405000,-102000
2016/05/26,0,278000,-207000,71000
2016/05/27,0,569000,-456085,112915
2016/05/30,0,497000,-411000,86000
2016/05/31,0,2859000,-610574,2248426
2016/06/01,0,1301000,-728000,573000
2016/06/02,0,1200000,-224864,975136
2016/06/03,0,1275497,-293000,982497
2016/06/06,0,433000,-569000,-136000
2016/06/07,0,752000,-921761,-169761
2016/06/08,0,901000,-403000,498000
2016/06/09,0,0,0,0
2016/06/10,0,0,0,0
2016/06/13,0,1042000,-1270000,-228000
2016/06/14,0,706000,-875969,-169969
2016/06/15,0,1365000,-987084,377916
2016/06/16,0,370000,-283000,87000
2016/06/17,0,1458000,-1821000,-363000
2016/06/20,0,1592000,-1784657,-192657
2016/06/21,0,1647000,-1587000,60000
2016/06/22,0,1217000,-1073000,144000
2016/06/23,0,975000,-682000,293000
2016/06/24,0,762000,-382000,380000
2016/06/27,0,186000,-189000,-3000
2016/06/28,0,333000,-1161298,-828298
2016/06/29,0,325000,-617000,-292000
2016/06/30,0,855000,-441151,413849
2016/07/01,0,734000,-608000,126000
2016/07/04,0,306000,-343000,-37000
2016/07/05,0,542000,-609000,-67000
2016/07/06,0,473000,-540000,-67000
2016/07/07,0,216000,-301000,-85000
2016/07/08,0,0,0,0
2016/07/11,0,1277436,-2548100,-1270664
2016/07/12,0,542000,-223619,318381
2016/07/13,0,265000,-404000,-139000
2016/07/14,0,826000,-868000,-42000
2016/07/15,0,2087000,-986000,1101000
2016/07/18,0,1472000,-388000,1084000
2016/07/19,0,1674000,-1134000,540000
2016/07/20,0,2005000,-1003000,1002000
2016/07/21,0,940000,-381000,559000
2016/07/22,0,1481000,-468000,1013000
2016/07/25,0,1055000,-557000,498000
2016/07/26,0,359000,-41000,318000
2016/07/27,0,507964,-22000,485964
2016/07/28,0,1135982,-232000,903982
2016/07/29,0,360000,-465000,-105000
2016/08/01,0,1061946,-193000,868946
2016/08/02,0,649000,-235000,414000
2016/08/03,0,823000,-388000,435000
2016/08/04,0,422000,-172000,250000
2016/08/05,0,327000,-419000,-92000
2016/08/08,0,388000,-575000,-187000
2016/08/09,0,734000,-641051,92949
2016/08/10,0,1288201,-752000,536201
2016/08/11,0,686000,-324000,362000
2016/08/12,0,821000,-1048887,-227887
2016/08/15,0,1151570,-396000,755570
2016/08/16,0,655358,-437000,218358
2016/08/17,0,969324,-567000,402324
2016/08/18,0,1342000,-1144663,197337
2016/08/19,0,1848000,-1897985,-49985
2016/08/22,0,532000,-307600,224400
2016/08/23,0,587964,-873600,-285636
2016/08/24,0,562554,-877600,-315046
2016/08/25,0,2521000,-2014431,506569
2016/08/26,0,1881899,-1729600,152299
2016/08/29,0,419000,-758719,-339719
2016/08/30,0,786000,-373600,412400
2016/08/31,0,2202000,-1351600,850400
2016/09/01,0,900000,-763600,136400
2016/09/02,0,662000,-510600,151400
2016/09/05,0,906000,-1104000,-198000
2016/09/06,0,905000,-545266,359734
2016/09/07,0,1109072,-690000,419072
2016/09/08,0,1722108,-1382000,340108
2016/09/09,0,853000,-1107930,-254930
2016/09/12,0,1160000,-452000,708000
2016/09/13,0,1269000,-519000,750000
2016/09/14,0,1276000,-980000,296000
2016/09/15,0,0,0,0
2016/09/16,0,0,0,0
2016/09/19,0,1278739,-1294000,-15261
2016/09/20,0,1193145,-1690153,-497008
2016/09/21,0,2948000,-2019000,929000
2016/09/22,0,1268000,-1027000,241000
2016/09/23,0,906000,-1253102,-347102
2016/09/26,0,702138,-518000,184138
2016/09/27,0,0,0,0
2016/09/28,0,0,0,0
2016/09/29,0,1925881,-895819,1030062
2016/09/30,0,1744650,-1695000,49650
2016/10/03,0,557026,-316000,241026
2016/10/04,0,572000,-388424,183576
2016/10/05,0,978000,-391000,587000
2016/10/06,0,1144000,-583000,561000
2016/10/07,0,3572000,-1235000,2337000
2016/10/10,0,0,0,0
2016/10/11,0,2698000,-1122000,1576000
2016/10/12,0,904000,-551308,352692
2016/10/13,0,1769000,-888000,881000
2016/10/14,0,1187000,-736000,451000
2016/10/17,0,1193000,-615000,578000
2016/10/18,0,977000,-682000,295000
2016/10/19,0,752692,-284595,468097
2016/10/20,0,1044000,-527000,517000
2016/10/21,0,1450000,-950000,500000
2016/10/24,0,1009000,-228000,781000
2016/10/25,0,633000,-472401,160599
2016/10/26,0,1457000,-953000,504000
2016/10/27,0,1436000,-897026,538974
2016/10/28,0,867000,-510000,357000
2016/10/31,0,770000,-425000,345000
2016/11/01,0,550000,-431000,119000
2016/11/02,0,943000,-521000,422000
2016/11/03,0,1318000,-259891,1058109
2016/11/04,0,494000,-571000,-77000
2016/11/07,0,662000,-741869,-79869
2016/11/08,0,856000,-1113000,-257000
2016/11/09,0,2122000,-2537622,-415622
2016/11/10,0,1429000,-1151000,278000
2016/11/11,0,903000,-592000,311000
2016/11/14,0,899000,-625500,273500
2016/11/15,0,580769,-442500,138269
2016/11/16,0,656000,-1359000,-703000
2016/11/17,0,661000,-1037392,-376392
2016/11/18,0,757000,-736000,21000
2016/11/21,0,815000,-625621,189379
2016/11/22,0,748000,-561000,187000
2016/11/23,0,621000,-618000,3000
2016/11/24,0,1361000,-1764000,-403000
2016/11/25,0,523000,-304000,219000
2016/11/28,0,682000,-694737,-12737
2016/11/29,0,640000,-648169,-8169
2016/11/30,0,2467000,-2137000,330000
2016/12/01,0,1478000,-1240000,238000
2016/12/02,0,1280000,-2026000,-746000
2016/12/05,0,1444000,-1738000,-294000
2016/12/06,0,1617000,-1196000,421000
2016/12/07,0,797000,-1332000,-535000
2016/12/08,0,844000,-607000,237000
2016/12/09,0,1088000,-1049227,38773
2016/12/12,0,1304000,-1353000,-49000
2016/12/13,0,1309000,-1277081,31919
2016/12/14,0,1166518,-1507000,-340482
2016/12/15,0,1417000,-1177000,240000
2016/12/16,0,2812000,-2523677,288323
2016/12/19,0,1421000,-943000,478000
2016/12/20,0,1900000,-1950733,-50733
2016/12/21,0,1265424,-1416890,-151466
2016/12/22,0,1078000,-985000,93000
2016/12/23,0,1018000,-920219,97781
2016/12/26,0,121000,-292000,-171000
2016/12/27,0,809000,-987000,-178000
2016/12/28,0,1249000,-840000,409000
2016/12/29,0,898989,-624000,274989
2016/12/30,0,829000,-613000,216000
2017/01/02,0,0,0,0
2017/01/03,0,1411000,-1503000,-92000
2017/01/04,0,1206000,-788417,417583
2017/01/05,0,1951300,-1716000,235300
2017/01/06,0,1531000,-1549000,-18000
2017/01/09,0,3273000,-3600000,-327000
2017/01/10,0,1748000,-1087000,661000
2017/01/11,0,1742000,-1932000,-190000
2017/01/12,0,967972,-1124000,-156028
2017/01/13,0,1268000,-1150000,118000
2017/01/16,0,1696000,-1269000,427000
2017/01/17,0,1862000,-1467965,394035
2017/01/18,0,1574000,-1621667,-47667
2017/01/19,0,1791000,-1197255,593745
2017/01/20,0,1723000,-1251000,472000
2017/01/23,0,1242000,-1276093,-34093
2017/01/24,0,1643964,-1001868,642096
2017/01/25,0,0,0,0
2017/01/26,0,0,0,0
2017/01/27,0,0,0,0
2017/01/30,0,0,0,0
2017/01/31,0,0,0,0
2017/02/01,0,0,0,0
2017/02/02,0,2069000,-3118000,-1049000
2017/02/03,0,1130000,-861000,269000
2017/02/06,0,882000,-689000,193000
2017/02/07,0,1322000,-1686000,-364000
2017/02/08,0,1022000,-1401117,-379117
2017/02/09,0,490000,-1272000,-782000
2017/02/10,0,718964,-1604000,-885036
2017/02/13,0,994000,-1267000,-273000
2017/02/14,0,983764,-1374000,-390236
2017/02/15,0,736000,-977000,-241000
2017/02/16,0,1381764,-2093000,-711236
2017/02/17,0,841000,-493800,347200
2017/02/20,0,456000,-544000,-88000
2017/02/21,0,833000,-931000,-98000
2017/02/22,0,427146,-1630235,-1203089
2017/02/23,0,1667000,-2029914,-362914
2017/02/24,0,1694000,-2147413,-453413
2017/02/27,0,0,0,0
2017/02/28,0,0,0,0
2017/03/01,0,2710000,-2379627,330373
2017/03/02,0,2395000,-1758000,637000
2017/03/03,0,1619000,-1603341,15659
2017/03/06,0,1143000,-1261968,-118968
2017/03/07,0,1634800,-987119,647681
2017/03/08,0,1316406,-1046633,269773
2017/03/09,0,1019508,-868533,150975
2017/03/10,0,934000,-669187,264813
2017/03/13,0,793000,-606500,186500
2017/03/14,0,1646000,-1022370,623630
2017/03/15,0,1631000,-951581,679419
2017/03/16,0,1275703,-839215,436488
2017/03/17,0,1625506,-1111737,513769
2017/03/20,0,938000,-528963,409037
2017/03/21,0,1054140,-969513,84627
2017/03/22,0,2071000,-1067395,1003605
2017/03/23,0,1493000,-1079984,413016
2017/03/24,0,938140,-866314,71826
2017/03/27,0,272000,-268015,3985
2017/03/28,0,784000,-493714,290286
2017/03/29,0,876880,-470515,406365
2017/03/30,0,1081000,-1214875,-133875
2017/03/31,0,862000,-730000,132000
2017/04/03,0,0,0,0
2017/04/04,0,0,0,0
2017/04/05,0,1272457,-1666533,-394076
2017/04/06,0,980000,-201466,778534
2017/04/07,0,725000,-397000,328000
2017/04/10,0,690000,-1414491,-724491
2017/04/11,0,914800,-1564197,-649397
2017/04/12,0,277000,-571769,-294769
2017/04/13,0,398000,-231000,167000
2017/04/14,0,121000,-256000,-135000
2017/04/17,0,103000,-168000,-65000
2017/04/18,0,307000,-307732,-732
2017/04/19,0,326000,-615877,-289877
2017/04/20,0,10796000,-10849353,-53353
2017/04/21,0,1055585,-819000,236585
2017/04/24,0,636000,-621781,14219
2017/04/25,0,1360000,-913917,446083
2017/04/26,0,798000,-996000,-198000
2017/04/27,0,661000,-305730,355270
2017/04/28,0,202000,-196000,6000
2017/05/01,0,0,0,0
2017/05/02,0,882000,-1075000,-193000
2017/05/03,0,968000,-609000,359000
2017/05/04,0,708000,-288522,419478
2017/05/05,0,930000,-488000,442000
2017/05/08,0,1162300,-455402,706898
2017/05/09,0,1295585,-519433,776152
2017/05/10,0,1860000,-480000,1380000
2017/05/11,0,1871000,-1370821,500179
2017/05/12,0,722000,-581237,140763
2017/05/15,0,573000,-719137,-146137
2017/05/16,0,1944000,-1136294,807706
2017/05/17,0,989000,-648626,340374
2017/05/18,0,524000,-236000,288000
2017/05/19,0,691988,-568894,123094
2017/05/22,0,570000,-261475,308525
2017/05/23,0,185000,-198000,-13000
2017/05/24,0,586000,-444000,142000
2017/05/25,0,1742000,-472000,1270000
2017/05/26,0,0,0,0
2017/05/29,0,0,0,0
2017/05/30,0,0,0,0
2017/05/31,0,1432000,-1226000,206000
2017/06/01,0,2599000,-2553354,45646
2017/06/02,0,2417351,-692684,1724667
2017/06/05,0,1265000,-302000,963000
2017/06/06,0,701000,-184325,516675
2017/06/07,0,2716468,-1937246,779222
2017/06/08,0,1548000,-336000,1212000
2017/06/09,0,1149000,-363910,785090
2017/06/12,0,844000,-200000,644000
2017/06/13,0,1548000,-482868,1065132
2017/06/14,0,880000,-1119000,-239000
2017/06/15,0,928000,-334000,594000
2017/06/16,0,1227511,-561000,666511
2017/06/19,0,964000,-636000,328000
2017/06/20,0,1820000,-318000,1502000
2017/06/21,0,1869242,-600000,1269242
2017/06/22,0,3228000,-1973000,1255000
2017/06/23,0,1266000,-461000,805000
2017/06/26,0,818000,-238000,580000
2017/06/27,0,736000,-380000,356000
2017/06/28,0,1312000,-528000,784000
2017/06/29,0,814000,-481000,333000
2017/06/30,0,1858000,-1186000,672000
2017/07/03,0,768429,-823000,-54571
2017/07/04,0,1174000,-904000,270000
2017/07/05,0,1131000,-1392000,-261000
2017/07/06,0,855000,-543300,311700
2017/07/07,0,1246000,-512843,733157
2017/07/10,0,623000,-460225,162775
2017/07/11,0,1139000,-809122,329878
2017/07/12,0,878000,-834806,43194
2017/07/13,0,551000,-554657,-3657
2017/07/14,0,498000,-383000,115000
2017/07/17,0,387000,-1161749,-774749
2017/07/18,0,950155,-790828,159327
2017/07/19,0,2874446,-1142000,1732446
2017/07/20,0,1318000,-1067868,250132
2017/07/21,0,554000,-205000,349000
2017/07/24,0,542000,-659000,-117000
2017/07/25,0,669000,-351000,318000
2017/07/26,0,425000,-603000,-178000
2017/07/27,0,319000,-339918,-20918
2017/07/28,0,490991,-319805,171186
2017/07/31,0,198000,-307000,-109000
2017/08/01,0,300000,-239000,61000
2017/08/02,0,326000,-293000,33000
2017/08/03,0,509813,-688657,-178844
2017/08/04,0,757796,-441877,315919
2017/08/07,0,423000,-436442,-13442
2017/08/08,0,1748000,-1282465,465535
2017/08/09,0,2969000,-1424000,1545000
2017/08/10,0,1628540,-1380805,247735
2017/08/11,0,2741213,-2588663,152550
2017/08/14,0,972000,-646000,326000
2017/08/15,0,2208000,-1877000,331000
2017/08/16,0,732000,-908000,-176000
2017/08/17,0,540000,-200000,340000
2017/08/18,0,814000,-717650,96350
