Date,Open,Buy,Sell,Total
2007/04/23,0,4000,0,4000
2007/04/24,0,0,0,0
2007/04/25,0,0,0,0
2007/04/26,0,0,0,0
2007/04/27,0,0,0,0
2007/04/30,0,0,0,0
2007/05/01,0,0,0,0
2007/05/02,0,0,0,0
2007/05/03,0,8000,0,8000
2007/05/04,0,6000,-70000,-64000
2007/05/07,0,0,0,0
2007/05/08,0,0,-2000,-2000
2007/05/09,0,1000,0,1000
2007/05/10,0,1000,-19000,-18000
2007/05/11,0,40000,-1000,39000
2007/05/14,0,0,-13000,-13000
2007/05/15,0,0,0,0
2007/05/16,0,0,0,0
2007/05/17,0,0,0,0
2007/05/18,0,0,0,0
2007/05/21,0,0,0,0
2007/05/22,0,10000,-338,9662
2007/05/23,0,6000,0,6000
2007/05/24,0,1000,-2000,-1000
2007/05/25,0,0,-3000,-3000
2007/05/28,0,4000,-50000,-46000
2007/05/29,0,20000,-50000,-30000
2007/05/30,0,20000,-50000,-30000
2007/05/31,0,2000,-161000,-159000
2007/06/01,0,0,-2000,-2000
2007/06/04,0,0,-50000,-50000
2007/06/05,0,0,0,0
2007/06/06,0,0,-51000,-51000
2007/06/07,0,1000,-51000,-50000
2007/06/08,0,0,0,0
2007/06/11,0,0,-90000,-90000
2007/06/12,0,0,-5000,-5000
2007/06/13,0,0,0,0
2007/06/14,0,0,0,0
2007/06/15,0,0,-10000,-10000
2007/06/18,0,0,0,0
2007/06/19,0,0,0,0
2007/06/20,0,9000,0,9000
2007/06/21,0,11000,-2000,9000
2007/06/22,0,2000,-2000,0
2007/06/25,0,39000,-1000,38000
2007/06/26,0,3000,0,3000
2007/06/27,0,1000,0,1000
2007/06/28,0,0,0,0
2007/06/29,0,7000,-2000,5000
2007/07/02,0,9000,-22000,-13000
2007/07/03,0,0,0,0
2007/07/04,0,24000,0,24000
2007/07/05,0,12000,-2000,10000
2007/07/06,0,14000,-14000,0
2007/07/09,0,38000,0,38000
2007/07/10,0,18000,0,18000
2007/07/11,0,22000,-22188,-188
2007/07/12,0,14000,-7000,7000
2007/07/13,0,13000,-1187,11813
2007/07/16,0,1000,-1000,0
2007/07/17,0,0,-26000,-26000
2007/07/18,0,7000,-26000,-19000
2007/07/19,0,8000,-67218,-59218
2007/07/20,0,0,-14000,-14000
2007/07/23,0,153000,-8000,145000
2007/07/24,0,2000,-120000,-118000
2007/07/25,0,21000,-55000,-34000
2007/07/26,0,8000,-2000,6000
2007/07/27,0,7000,-48000,-41000
2007/07/30,0,18000,-12000,6000
2007/07/31,0,0,-3000,-3000
2007/08/01,0,4000,-17000,-13000
2007/08/02,0,9000,-6647,2353
2007/08/03,0,13000,-10000,3000
2007/08/06,0,3000,-13000,-10000
2007/08/07,0,8000,-6000,2000
2007/08/08,0,3000,0,3000
2007/08/09,0,0,-7796,-7796
2007/08/10,0,0,-1000,-1000
2007/08/13,0,0,0,0
2007/08/14,0,1000,0,1000
2007/08/15,0,6000,-8000,-2000
2007/08/16,0,17000,0,17000
2007/08/17,0,10000,0,10000
2007/08/20,0,0,-18000,-18000
2007/08/21,0,0,0,0
2007/08/22,0,7000,0,7000
2007/08/23,0,1000,-7000,-6000
2007/08/24,0,0,0,0
2007/08/27,0,0,0,0
2007/08/28,0,0,-1000,-1000
2007/08/29,0,0,0,0
2007/08/30,0,0,0,0
2007/08/31,0,0,-3000,-3000
2007/09/03,0,0,-11000,-11000
2007/09/04,0,879,-4000,-3121
2007/09/05,0,21,-3000,-2979
2007/09/06,0,0,-4000,-4000
2007/09/07,0,54000,-11000,43000
2007/09/10,0,6000,-5000,1000
2007/09/11,0,0,-10000,-10000
2007/09/12,0,0,-42000,-42000
2007/09/13,0,0,-13000,-13000
2007/09/14,0,0,-22000,-22000
2007/09/17,0,0,-3000,-3000
2007/09/18,0,0,0,0
2007/09/19,0,0,-5000,-5000
2007/09/20,0,0,0,0
2007/09/21,0,9000,-7000,2000
2007/09/24,0,0,0,0
2007/09/25,0,0,0,0
2007/09/26,0,0,0,0
2007/09/27,0,0,-5979,-5979
2007/09/28,0,1000,-17000,-16000
2007/10/01,0,0,-13000,-13000
2007/10/02,0,13000,-3000,10000
2007/10/03,0,24000,-19000,5000
2007/10/04,0,7000,-18000,-11000
2007/10/05,0,0,-9600,-9600
2007/10/08,0,0,-3000,-3000
2007/10/09,0,0,-9000,-9000
2007/10/10,0,0,0,0
2007/10/11,0,0,-5825,-5825
2007/10/12,0,0,-12000,-12000
2007/10/15,0,0,-3000,-3000
2007/10/16,0,2000,-4000,-2000
2007/10/17,0,0,-6000,-6000
2007/10/18,0,4000,-3000,1000
2007/10/19,0,0,-10000,-10000
2007/10/22,0,3000,-9000,-6000
2007/10/23,0,31000,0,31000
2007/10/24,0,0,-11000,-11000
2007/10/25,0,8000,0,8000
2007/10/26,0,4000,-35000,-31000
2007/10/29,0,1000,-1000,0
2007/10/30,0,6000,-5000,1000
2007/10/31,0,8000,-5000,3000
2007/11/01,0,8000,-1000,7000
2007/11/02,0,4000,-18000,-14000
2007/11/05,0,2000,-1000,1000
2007/11/06,0,0,-3000,-3000
2007/11/07,0,1000,-4000,-3000
2007/11/08,0,22000,-4000,18000
2007/11/09,0,6000,-17000,-11000
2007/11/12,0,15000,-2000,13000
2007/11/13,0,4000,-16000,-12000
2007/11/14,0,8000,-1000,7000
2007/11/15,0,0,-8000,-8000
2007/11/16,0,14000,0,14000
2007/11/19,0,4000,-14000,-10000
2007/11/20,0,20000,-2000,18000
2007/11/21,0,1000,-16000,-15000
2007/11/22,0,6000,-1000,5000
2007/11/23,0,0,0,0
2007/11/26,0,16000,0,16000
2007/11/27,0,18000,-5000,13000
2007/11/28,0,2000,-27000,-25000
2007/11/29,0,13000,-2000,11000
2007/11/30,0,14000,-2000,12000
2007/12/03,0,1000,-14000,-13000
2007/12/04,0,0,0,0
2007/12/05,0,0,-1000,-1000
2007/12/06,0,0,0,0
2007/12/07,0,17000,0,17000
2007/12/10,0,17000,-17000,0
2007/12/11,0,5000,-17000,-12000
2007/12/12,0,8000,0,8000
2007/12/13,0,6000,-9000,-3000
2007/12/14,0,14000,-9000,5000
2007/12/17,0,6000,0,6000
2007/12/18,0,16000,-21000,-5000
2007/12/19,0,14000,-21000,-7000
2007/12/20,0,0,-21000,-21000
2007/12/21,0,16000,0,16000
2007/12/24,0,0,-14000,-14000
2007/12/25,0,5000,-2000,3000
2007/12/26,0,16000,-3000,13000
2007/12/27,0,7000,-14000,-7000
2007/12/28,0,15000,-10000,5000
2007/12/31,0,16000,-13000,3000
2008/01/01,0,0,0,0
2008/01/02,0,0,-19000,-19000
2008/01/03,0,13000,0,13000
2008/01/04,0,1000,-13000,-12000
2008/01/07,0,14000,-2000,12000
2008/01/08,0,0,-16000,-16000
2008/01/09,0,14000,-1000,13000
2008/01/10,0,0,-1000,-1000
2008/01/11,0,1000,0,1000
2008/01/14,0,14000,0,14000
2008/01/15,0,10000,-14000,-4000
2008/01/16,0,13000,-2000,11000
2008/01/17,0,2000,0,2000
2008/01/18,0,0,-14000,-14000
2008/01/21,0,5000,-5000,0
2008/01/22,0,0,0,0
2008/01/23,0,209000,-6000,203000
2008/01/24,0,0,-9000,-9000
2008/01/25,0,7000,0,7000
2008/01/28,0,0,-7000,-7000
2008/01/29,0,17000,0,17000
2008/01/30,0,1000,-10000,-9000
2008/01/31,0,0,0,0
2008/02/01,0,14000,-5000,9000
2008/02/04,0,0,0,0
2008/02/05,0,0,0,0
2008/02/06,0,0,0,0
2008/02/07,0,0,0,0
2008/02/08,0,0,0,0
2008/02/11,0,0,0,0
2008/02/12,0,14000,-214000,-200000
2008/02/13,0,7000,0,7000
2008/02/14,0,0,-10000,-10000
2008/02/15,0,12000,-4000,8000
2008/02/18,0,16000,-110000,-94000
2008/02/19,0,5000,-13000,-8000
2008/02/20,0,14000,-1000,13000
2008/02/21,0,16000,-9000,7000
2008/02/22,0,36000,-7000,29000
2008/02/25,0,10000,-10865,-865
2008/02/26,0,15000,-216,14784
2008/02/27,0,13000,-29659,-16659
2008/02/28,0,0,0,0
2008/02/29,0,0,-10000,-10000
2008/03/03,0,13000,-14640,-1640
2008/03/04,0,11000,-7968,3032
2008/03/05,0,0,-11000,-11000
2008/03/06,0,115000,-22216,92784
2008/03/07,0,104000,-1000,103000
2008/03/10,0,8000,-9000,-1000
2008/03/11,0,14000,-101000,-87000
2008/03/12,0,0,-7330,-7330
2008/03/13,0,1000,-19000,-18000
2008/03/14,0,2000,-4000,-2000
2008/03/17,0,1000,-1000,0
2008/03/18,0,0,0,0
2008/03/19,0,404000,-12000,392000
2008/03/20,0,0,-265000,-265000
2008/03/21,0,0,-140000,-140000
2008/03/24,0,2000,0,2000
2008/03/25,0,15000,-2000,13000
2008/03/26,0,0,-14000,-14000
2008/03/27,0,0,-7000,-7000
2008/03/28,0,18000,-11593,6407
2008/03/31,0,1000,-12014,-11014
2008/04/01,0,1000,-3000,-2000
2008/04/02,0,2000,-9000,-7000
2008/04/03,0,0,0,0
2008/04/04,0,0,0,0
2008/04/07,0,1000,0,1000
2008/04/08,0,14000,-3000,11000
2008/04/09,0,1000,-6000,-5000
2008/04/10,0,0,-9126,-9126
2008/04/11,0,18000,0,18000
2008/04/14,0,10000,-9344,656
2008/04/15,0,0,-28000,-28000
2008/04/16,0,56000,0,56000
2008/04/17,0,128000,-17000,111000
2008/04/18,0,105000,-12000,93000
2008/04/21,0,19000,-209000,-190000
2008/04/22,0,4000,-3000,1000
2008/04/23,0,9000,-15000,-6000
2008/04/24,0,2000,-53000,-51000
2008/04/25,0,31000,-10000,21000
2008/04/28,0,40000,0,40000
2008/04/29,0,10000,-12000,-2000
2008/04/30,0,3000,-1000,2000
2008/05/01,0,0,0,0
2008/05/02,0,12000,0,12000
2008/05/05,0,25000,-6000,19000
2008/05/06,0,13000,-4000,9000
2008/05/07,0,1000,-5000,-4000
2008/05/08,0,4000,-2000,2000
2008/05/09,0,23000,-19000,4000
2008/05/12,0,19000,0,19000
2008/05/13,0,14000,-21713,-7713
2008/05/14,0,14000,-9000,5000
2008/05/15,0,12000,-2000,10000
2008/05/16,0,18000,-22000,-4000
2008/05/19,0,1000,-2000,-1000
2008/05/20,0,50000,-30000,20000
2008/05/21,0,10000,-20000,-10000
2008/05/22,0,0,-11000,-11000
2008/05/23,0,0,-7000,-7000
2008/05/26,0,0,-10000,-10000
2008/05/27,0,0,-1000,-1000
2008/05/28,0,1000,-31000,-30000
2008/05/29,0,0,-17000,-17000
2008/05/30,0,27000,-29000,-2000
2008/06/02,0,23000,0,23000
2008/06/03,0,0,-7058,-7058
2008/06/04,0,11000,0,11000
2008/06/05,0,22000,-1000,21000
2008/06/06,0,1000,-17000,-16000
2008/06/09,0,0,-3000,-3000
2008/06/10,0,0,-4000,-4000
2008/06/11,0,1000,-1000,0
2008/06/12,0,15000,0,15000
2008/06/13,0,1000,-1000,0
2008/06/16,0,1000,-13000,-12000
2008/06/17,0,17000,-3000,14000
2008/06/18,0,7000,0,7000
2008/06/19,0,30000,-4000,26000
2008/06/20,0,1000,-4000,-3000
2008/06/23,0,9000,0,9000
2008/06/24,0,4000,-1000,3000
2008/06/25,0,22000,-1000,21000
2008/06/26,0,0,-19000,-19000
2008/06/27,0,39000,-10000,29000
2008/06/30,0,11000,-9000,2000
2008/07/01,0,7000,-1000,6000
2008/07/02,0,20000,-5000,15000
2008/07/03,0,25000,-50000,-25000
2008/07/04,0,38000,-23000,15000
2008/07/07,0,1000,-4000,-3000
2008/07/08,0,31000,-21000,10000
2008/07/09,0,11000,-22000,-11000
2008/07/10,0,20000,-8000,12000
2008/07/11,0,20000,-77000,-57000
2008/07/14,0,1000,-17000,-16000
2008/07/15,0,19000,-3000,16000
2008/07/16,0,7000,-11000,-4000
2008/07/17,0,74000,-14000,60000
2008/07/18,0,165000,-15000,150000
2008/07/21,0,68000,-73000,-5000
2008/07/22,0,27000,-30000,-3000
2008/07/23,0,28000,-94000,-66000
2008/07/24,0,4000,-72000,-68000
2008/07/25,0,0,-52000,-52000
2008/07/28,0,0,0,0
2008/07/29,0,486000,-21000,465000
2008/07/30,0,239000,-30000,209000
2008/07/31,0,12000,-3000,9000
2008/08/01,0,179000,-160000,19000
2008/08/04,0,210000,-73000,137000
2008/08/05,0,287000,-5000,282000
2008/08/06,0,104000,-1000,103000
2008/08/07,0,28000,-25000,3000
2008/08/08,0,87000,0,87000
2008/08/11,0,40000,-45000,-5000
2008/08/12,0,31000,-9000,22000
2008/08/13,0,194000,-22000,172000
2008/08/14,0,53000,-4000,49000
2008/08/15,0,228000,-24000,204000
2008/08/18,0,326000,-19000,307000
2008/08/19,0,156000,-3000,153000
2008/08/20,0,9000,-202000,-193000
2008/08/21,0,47000,-12000,35000
2008/08/22,0,0,-260000,-260000
2008/08/25,0,4000,-70000,-66000
2008/08/26,0,3000,-1000,2000
2008/08/27,0,8000,0,8000
2008/08/28,0,3000,-3000,0
2008/08/29,0,2000,-6000,-4000
2008/09/01,0,0,-2000,-2000
2008/09/02,0,5000,-1000,4000
2008/09/03,0,49000,-4000,45000
2008/09/04,0,200,-356000,-355800
2008/09/05,0,9000,-109081,-100081
2008/09/08,0,20000,-103000,-83000
2008/09/09,0,8000,-5000,3000
2008/09/10,0,3000,-27000,-24000
2008/09/11,0,0,-7000,-7000
2008/09/12,0,0,-12000,-12000
2008/09/15,0,0,-3000,-3000
2008/09/16,0,23000,-5000,18000
2008/09/17,0,18000,-18000,0
2008/09/18,0,256,-20000,-19744
2008/09/19,0,7000,-14456,-7456
2008/09/22,0,2000,-1000,1000
2008/09/23,0,8000,-9000,-1000
2008/09/24,0,13000,-17000,-4000
2008/09/25,0,4000,-5720,-1720
2008/09/26,0,4000,-19000,-15000
2008/09/29,0,0,0,0
2008/09/30,0,7000,-446000,-439000
2008/10/01,0,1000,-115000,-114000
2008/10/02,0,6000,-111747,-105747
2008/10/03,0,29000,-332000,-303000
2008/10/06,0,0,-335000,-335000
2008/10/07,0,1000,-2136,-1136
2008/10/08,0,73000,-2000,71000
2008/10/09,0,102000,-7999,94001
2008/10/10,0,0,0,0
2008/10/13,0,40000,0,40000
2008/10/14,0,13000,-8000,5000
2008/10/15,0,33000,-1009,31991
2008/10/16,0,0,-1000,-1000
2008/10/17,0,1000,-3000,-2000
2008/10/20,0,0,-23177,-23177
2008/10/21,0,16000,-13000,3000
2008/10/22,0,2000,-484,1516
2008/10/23,0,0,-2000,-2000
2008/10/24,0,0,-1000,-1000
2008/10/27,0,9000,0,9000
2008/10/28,0,11000,-11000,0
2008/10/29,0,3000,-2000,1000
2008/10/30,0,2000,-13000,-11000
2008/10/31,0,0,-5944,-5944
2008/11/03,0,12000,-4140,7860
2008/11/04,0,23000,-28680,-5680
2008/11/05,0,11000,-40000,-29000
2008/11/06,0,0,0,0
2008/11/07,0,3000,-20000,-17000
2008/11/10,0,0,-158000,-158000
2008/11/11,0,5000,-66000,-61000
2008/11/12,0,12000,-6349,5651
2008/11/13,0,6000,-14000,-8000
2008/11/14,0,12000,-6060,5940
2008/11/17,0,1000,0,1000
2008/11/18,0,0,-3000,-3000
2008/11/19,0,3000,-12000,-9000
2008/11/20,0,11000,0,11000
2008/11/21,0,78000,-14000,64000
2008/11/24,0,0,0,0
2008/11/25,0,5000,-1000,4000
2008/11/26,0,23000,0,23000
2008/11/27,0,5000,-70000,-65000
2008/11/28,0,11000,0,11000
2008/12/01,0,0,-5000,-5000
2008/12/02,0,0,-18000,-18000
2008/12/03,0,9000,-7000,2000
2008/12/04,0,14000,-9000,5000
2008/12/05,0,2000,-7000,-5000
2008/12/08,0,21000,-11901,9099
2008/12/09,0,14000,-9000,5000
2008/12/10,0,22000,-9000,13000
2008/12/11,0,27000,-10000,17000
2008/12/12,0,7000,-11000,-4000
2008/12/15,0,8000,-11000,-3000
2008/12/16,0,0,-3000,-3000
2008/12/17,0,34000,-16000,18000
2008/12/18,0,0,-25000,-25000
2008/12/19,0,4000,-1000,3000
2008/12/22,0,61000,-14000,47000
2008/12/23,0,5000,-12000,-7000
2008/12/24,0,1000,-5000,-4000
2008/12/25,0,5000,-1000,4000
2008/12/26,0,9000,0,9000
2008/12/29,0,0,0,0
2008/12/30,0,0,-2660,-2660
2008/12/31,0,10000,-53000,-43000
2009/01/01,0,0,0,0
2009/01/02,0,0,0,0
2009/01/05,0,44000,-566,43434
2009/01/06,0,1000,-2000,-1000
2009/01/07,0,189000,-5000,184000
2009/01/08,0,0,-40000,-40000
2009/01/09,0,0,-146000,-146000
2009/01/12,0,2000,0,2000
2009/01/13,0,8000,-2000,6000
2009/01/14,0,21000,0,21000
2009/01/15,0,2000,-19000,-17000
2009/01/16,0,9000,-5000,4000
2009/01/19,0,0,-12000,-12000
2009/01/20,0,0,-1000,-1000
2009/01/21,0,11000,0,11000
2009/01/22,0,0,0,0
2009/01/23,0,0,0,0
2009/01/26,0,0,0,0
2009/01/27,0,0,0,0
2009/01/28,0,0,0,0
2009/01/29,0,0,0,0
2009/01/30,0,0,0,0
2009/02/02,0,2000,-8000,-6000
2009/02/03,0,15000,-12000,3000
2009/02/04,0,21000,-10000,11000
2009/02/05,0,6000,-9000,-3000
2009/02/06,0,102000,-35000,67000
2009/02/09,0,84000,-8000,76000
2009/02/10,0,182000,-42000,140000
2009/02/11,0,148000,-95000,53000
2009/02/12,0,2000,-92000,-90000
2009/02/13,0,584000,-5000,579000
2009/02/16,0,208000,-34000,174000
2009/02/17,0,25000,-79540,-54540
2009/02/18,0,57000,-29000,28000
2009/02/19,0,37000,-65000,-28000
2009/02/20,0,1000,-61350,-60350
2009/02/23,0,6000,-1000,5000
2009/02/24,0,81000,-15000,66000
2009/02/25,0,261000,-49000,212000
2009/02/26,0,215000,-50000,165000
2009/02/27,0,216000,-74000,142000
2009/03/02,0,13000,-139000,-126000
2009/03/03,0,60000,-260000,-200000
2009/03/04,0,26000,-413000,-387000
2009/03/05,0,96000,-31000,65000
2009/03/06,0,31000,0,31000
2009/03/09,0,102000,-9000,93000
2009/03/10,0,46000,-52000,-6000
2009/03/11,0,72000,-40000,32000
2009/03/12,0,24000,-132000,-108000
2009/03/13,0,133000,-395000,-262000
2009/03/16,0,0,-18000,-18000
2009/03/17,0,30000,-98000,-68000
2009/03/18,0,867000,-461000,406000
2009/03/19,0,501000,-162452,338548
2009/03/20,0,215000,-28000,187000
2009/03/23,0,265000,-18000,247000
2009/03/24,0,111000,-8452,102548
2009/03/25,0,139000,-18000,121000
2009/03/26,0,4000,-123000,-119000
2009/03/27,0,0,-44000,-44000
2009/03/30,0,55000,-24000,31000
2009/03/31,0,51000,-32000,19000
2009/04/01,0,17000,-50000,-33000
2009/04/02,0,325000,-19000,306000
2009/04/03,0,1000,-466000,-465000
2009/04/06,0,27000,-63260,-36260
2009/04/07,0,4000,-25000,-21000
2009/04/08,0,59000,-89000,-30000
2009/04/09,0,162000,-204000,-42000
2009/04/10,0,484000,-55452,428548
2009/04/13,0,212000,-139000,73000
2009/04/14,0,65000,-55000,10000
2009/04/15,0,70000,-58000,12000
2009/04/16,0,118000,-1098000,-980000
2009/04/17,0,91000,-184451,-93451
2009/04/20,0,78000,-61000,17000
2009/04/21,0,180000,-130000,50000
2009/04/22,0,232000,-204000,28000
2009/04/23,0,215000,-253000,-38000
2009/04/24,0,203000,-640000,-437000
2009/04/27,0,71000,-407000,-336000
2009/04/28,0,320000,-67138,252862
2009/04/29,0,132000,-7000,125000
2009/04/30,0,14000,-2000,12000
2009/05/01,0,0,0,0
2009/05/04,0,80000,-40000,40000
2009/05/05,0,198000,-20000,178000
2009/05/06,0,214000,-185000,29000
2009/05/07,0,29000,-302000,-273000
2009/05/08,0,88000,-71000,17000
2009/05/11,0,20000,-99191,-79191
2009/05/12,0,35000,-91000,-56000
2009/05/13,0,9000,-191000,-182000
2009/05/14,0,20000,-24000,-4000
2009/05/15,0,38000,-287000,-249000
2009/05/18,0,50000,-61000,-11000
2009/05/19,0,71000,-157000,-86000
2009/05/20,0,88000,-38000,50000
2009/05/21,0,34000,-20000,14000
2009/05/22,0,1000,-13000,-12000
2009/05/25,0,22000,-51000,-29000
2009/05/26,0,5000,-126917,-121917
2009/05/27,0,18000,-96000,-78000
2009/05/28,0,0,0,0
2009/05/29,0,0,0,0
2009/06/01,0,78000,-16000,62000
2009/06/02,0,37000,-41554,-4554
2009/06/03,0,54000,-54000,0
2009/06/04,0,54000,-34000,20000
2009/06/05,0,17000,-6000,11000
2009/06/08,0,30000,-16000,14000
2009/06/09,0,70000,-35000,35000
2009/06/10,0,18000,-34000,-16000
2009/06/11,0,31000,-19000,12000
2009/06/12,0,0,-82000,-82000
2009/06/15,0,25000,-1000,24000
2009/06/16,0,26000,-7317,18683
2009/06/17,0,8000,-30000,-22000
2009/06/18,0,4000,-24000,-20000
2009/06/19,0,11000,-11000,0
2009/06/22,0,19000,-15000,4000
2009/06/23,0,0,-10000,-10000
2009/06/24,0,21000,-14313,6687
2009/06/25,0,2000,-10000,-8000
2009/06/26,0,2000,-7000,-5000
2009/06/29,0,19000,-6000,13000
2009/06/30,0,11000,-6000,5000
2009/07/01,0,48000,-2000,46000
2009/07/02,0,58000,-24000,34000
2009/07/03,0,247000,-5000,242000
2009/07/06,0,106000,-84000,22000
2009/07/07,0,57312,-103000,-45688
2009/07/08,0,1000,-30000,-29000
2009/07/09,0,64000,-26000,38000
2009/07/10,0,14000,-16000,-2000
2009/07/13,0,49000,-10000,39000
2009/07/14,0,504000,-13000,491000
2009/07/15,0,74000,-316000,-242000
2009/07/16,0,2091,-93000,-90909
2009/07/17,0,234000,-120089,113911
2009/07/20,0,143000,-253000,-110000
2009/07/21,0,114356,-475000,-360644
2009/07/22,0,81000,-118000,-37000
2009/07/23,0,30000,-32000,-2000
2009/07/24,0,8342,-64000,-55658
2009/07/27,0,32000,-58000,-26000
2009/07/28,0,136000,-14000,122000
2009/07/29,0,27000,-28000,-1000
2009/07/30,0,3000,-27000,-24000
2009/07/31,0,25000,-21000,4000
2009/08/03,0,27000,-82000,-55000
2009/08/04,0,0,-53000,-53000
2009/08/05,0,0,-105000,-105000
2009/08/06,0,12000,-12000,0
2009/08/07,0,0,0,0
2009/08/10,0,30000,-10000,20000
2009/08/11,0,126000,-14000,112000
2009/08/12,0,156000,-34180,121820
2009/08/13,0,186000,-143000,43000
2009/08/14,0,96000,-162600,-66600
2009/08/17,0,27000,-72110,-45110
2009/08/18,0,59000,-22000,37000
2009/08/19,0,61000,-114500,-53500
2009/08/20,0,105000,-15150,89850
2009/08/21,0,197000,-30000,167000
2009/08/24,0,87000,-45017,41983
2009/08/25,0,36000,-200020,-164020
2009/08/26,0,5000,-130000,-125000
2009/08/27,0,20000,-40000,-20000
2009/08/28,0,109000,-24000,85000
2009/08/31,0,44000,-13000,31000
2009/09/01,0,155000,-11000,144000
2009/09/02,0,50000,-45000,5000
2009/09/03,0,8000,-40000,-32000
2009/09/04,0,52000,-106000,-54000
2009/09/07,0,6000,-35000,-29000
2009/09/08,0,22000,-45000,-23000
2009/09/09,0,11000,-49000,-38000
2009/09/10,0,28000,-30000,-2000
2009/09/11,0,100000,-18010,81990
2009/09/14,0,74000,-49000,25000
2009/09/15,0,8000,-19080,-11080
2009/09/16,0,62000,-21009,40991
2009/09/17,0,100000,-66000,34000
2009/09/18,0,51000,-107000,-56000
2009/09/21,0,53000,-108000,-55000
2009/09/22,0,51000,-11000,40000
2009/09/23,0,108000,-23000,85000
2009/09/24,0,6000,-2000,4000
2009/09/25,0,98000,-63000,35000
2009/09/28,0,30000,-17692,12308
2009/09/29,0,26000,-119000,-93000
2009/09/30,0,2000,-13000,-11000
2009/10/01,0,22000,-10000,12000
2009/10/02,0,17000,-78000,-61000
2009/10/05,0,255000,-379000,-124000
2009/10/06,0,170000,-142000,28000
2009/10/07,0,81000,-7000,74000
2009/10/08,0,3000,-11000,-8000
2009/10/09,0,110000,-63000,47000
2009/10/12,0,197000,-15000,182000
2009/10/13,0,64000,-11000,53000
2009/10/14,0,66000,-1000,65000
2009/10/15,0,47000,-122000,-75000
2009/10/16,0,0,-25000,-25000
2009/10/19,0,10000,-9000,1000
2009/10/20,0,4000,-1000,3000
2009/10/21,0,1000,-4000,-3000
2009/10/22,0,8000,-180000,-172000
2009/10/23,0,0,-60000,-60000
2009/10/26,0,2000,-72000,-70000
2009/10/27,0,1000,-75000,-74000
2009/10/28,0,5000,-98000,-93000
2009/10/29,0,14000,-28000,-14000
2009/10/30,0,8000,-17000,-9000
2009/11/02,0,7000,-114000,-107000
2009/11/03,0,0,-14000,-14000
2009/11/04,0,30000,-10000,20000
2009/11/05,0,29000,-1000,28000
2009/11/06,0,0,-37000,-37000
2009/11/09,0,5000,-48000,-43000
2009/11/10,0,63000,-42000,21000
2009/11/11,0,19000,-6000,13000
2009/11/12,0,5000,-7000,-2000
2009/11/13,0,24000,-11000,13000
2009/11/16,0,29000,-8000,21000
2009/11/17,0,2000,0,2000
2009/11/18,0,0,-6000,-6000
2009/11/19,0,5000,-7000,-2000
2009/11/20,0,48000,-2000,46000
2009/11/23,0,1000,-1000,0
2009/11/24,0,24000,-19000,5000
2009/11/25,0,26000,-10000,16000
2009/11/26,0,1000,-14000,-13000
2009/11/27,0,25000,-17000,8000
2009/11/30,0,0,-32,-32
2009/12/01,0,8000,-1000,7000
2009/12/02,0,43000,-16000,27000
2009/12/03,0,2000,-13000,-11000
2009/12/04,0,15000,-43000,-28000
2009/12/07,0,9000,-9000,0
2009/12/08,0,142000,-28020,113980
2009/12/09,0,50000,-47000,3000
2009/12/10,0,12000,-19000,-7000
2009/12/11,0,48000,-13000,35000
2009/12/14,0,11000,-56000,-45000
2009/12/15,0,17000,-9000,8000
2009/12/16,0,18000,-36000,-18000
2009/12/17,0,30000,-14000,16000
2009/12/18,0,10000,-14000,-4000
2009/12/21,0,69000,-52000,17000
2009/12/22,0,42000,-79000,-37000
2009/12/23,0,21000,-15000,6000
2009/12/24,0,3000,-10000,-7000
2009/12/25,0,4000,-8000,-4000
2009/12/28,0,22000,-6000,16000
2009/12/29,0,8000,-9000,-1000
2009/12/30,0,19000,-16000,3000
2009/12/31,0,36000,-76000,-40000
2010/01/01,0,0,0,0
2010/01/04,0,5000,-103000,-98000
2010/01/05,0,1000,-18000,-17000
2010/01/06,0,28000,-11000,17000
2010/01/07,0,17000,-30000,-13000
2010/01/08,0,29000,-16000,13000
2010/01/11,0,124000,-3000,121000
2010/01/12,0,30000,-81000,-51000
2010/01/13,0,54000,-92000,-38000
2010/01/14,0,206000,-17000,189000
2010/01/15,0,9000,-5000,4000
2010/01/18,0,8000,0,8000
2010/01/19,0,9000,-11000,-2000
2010/01/20,0,891,-11000,-10109
2010/01/21,0,0,-9000,-9000
2010/01/22,0,9000,-47000,-38000
2010/01/25,0,43000,-4000,39000
2010/01/26,0,5000,-57000,-52000
2010/01/27,0,27000,-65000,-38000
2010/01/28,0,25000,-64000,-39000
2010/01/29,0,61000,-30000,31000
2010/02/01,0,3000,-62000,-59000
2010/02/02,0,25000,-86000,-61000
2010/02/03,0,67000,-70000,-3000
2010/02/04,0,39000,-6000,33000
2010/02/05,0,43000,-6000,37000
2010/02/08,0,59000,-134000,-75000
2010/02/09,0,15000,-37000,-22000
2010/02/10,0,12000,-6440,5560
2010/02/11,0,0,0,0
2010/02/12,0,0,0,0
2010/02/15,0,0,0,0
2010/02/16,0,0,0,0
2010/02/17,0,0,0,0
2010/02/18,0,0,0,0
2010/02/19,0,0,0,0
2010/02/22,0,12000,-33000,-21000
2010/02/23,0,17000,-2000,15000
2010/02/24,0,130000,-5000,125000
2010/02/25,0,22000,-126000,-104000
2010/02/26,0,19000,-16000,3000
2010/03/01,0,13000,-13000,0
2010/03/02,0,134000,-24000,110000
2010/03/03,0,0,-7000,-7000
2010/03/04,0,12000,-15000,-3000
2010/03/05,0,11000,-22000,-11000
2010/03/08,0,8000,-15000,-7000
2010/03/09,0,24000,-4000,20000
2010/03/10,0,1000,-7000,-6000
2010/03/11,0,12000,-88000,-76000
2010/03/12,0,2000,-2000,0
2010/03/15,0,11000,-10000,1000
2010/03/16,0,16000,0,16000
2010/03/17,0,37000,-1000,36000
2010/03/18,0,123000,-5659,117341
2010/03/19,0,12000,-20000,-8000
2010/03/22,0,18000,-130000,-112000
2010/03/23,0,6000,-6000,0
2010/03/24,0,19000,-16000,3000
2010/03/25,0,88000,-7000,81000
2010/03/26,0,30000,-6000,24000
2010/03/29,0,13000,-52000,-39000
2010/03/30,0,1000,-15000,-14000
2010/03/31,0,0,-7000,-7000
2010/04/01,0,63000,-3000,60000
2010/04/02,0,7000,-2000,5000
2010/04/05,0,0,0,0
2010/04/06,0,33000,0,33000
2010/04/07,0,7000,-19000,-12000
2010/04/08,0,77000,-6000,71000
2010/04/09,0,18000,-14000,4000
2010/04/12,0,12000,-11000,1000
2010/04/13,0,30000,-41000,-11000
2010/04/14,0,31000,-18000,13000
2010/04/15,0,84000,-20000,64000
2010/04/16,0,72000,-45000,27000
2010/04/19,0,24000,-53000,-29000
2010/04/20,0,35000,-75000,-40000
2010/04/21,0,3000,-76069,-73069
2010/04/22,0,12000,-3000,9000
2010/04/23,0,4000,-8000,-4000
2010/04/26,0,9000,-43000,-34000
2010/04/27,0,237000,-31000,206000
2010/04/28,0,49000,-2000,47000
2010/04/29,0,78000,-58000,20000
2010/04/30,0,13000,-5000,8000
2010/05/03,0,37000,-11000,26000
2010/05/04,0,15000,-61000,-46000
2010/05/05,0,0,-208000,-208000
2010/05/06,0,0,-40000,-40000
2010/05/07,0,17000,-11000,6000
2010/05/10,0,30000,-45000,-15000
2010/05/11,0,133000,-91469,41531
2010/05/12,0,71000,-125000,-54000
2010/05/13,0,21000,-14101,6899
2010/05/14,0,36000,-7000,29000
2010/05/17,0,14000,-39000,-25000
2010/05/18,0,76000,-17000,59000
2010/05/19,0,73000,-117000,-44000
2010/05/20,0,114000,-28000,86000
2010/05/21,0,16000,-12000,4000
2010/05/24,0,15000,-50000,-35000
2010/05/25,0,17000,-25000,-8000
2010/05/26,0,45000,-20000,25000
2010/05/27,0,37000,-16000,21000
2010/05/28,0,25000,-17000,8000
2010/05/31,0,25000,-33000,-8000
2010/06/01,0,3000,-21000,-18000
2010/06/02,0,20000,-4000,16000
2010/06/03,0,22000,-14000,8000
2010/06/04,0,17000,-8000,9000
2010/06/07,0,14000,-5000,9000
2010/06/08,0,53000,-16000,37000
2010/06/09,0,5000,-35000,-30000
2010/06/10,0,103000,-34000,69000
2010/06/11,0,22000,-20000,2000
2010/06/14,0,13000,-83000,-70000
2010/06/15,0,46000,-23000,23000
2010/06/16,0,0,0,0
2010/06/17,0,68000,-9000,59000
2010/06/18,0,4000,-33000,-29000
2010/06/21,0,15000,-75000,-60000
2010/06/22,0,10000,-5000,5000
2010/06/23,0,16000,-5000,11000
2010/06/24,0,268000,-12529,255471
2010/06/25,0,58220,-2000,56220
2010/06/28,0,17000,-2220,14780
2010/06/29,0,21000,-10000,11000
2010/06/30,0,21000,-2000,19000
2010/07/01,0,145000,-6000,139000
2010/07/02,0,90000,-7000,83000
2010/07/05,0,76000,-11000,65000
2010/07/06,0,67000,-37000,30000
2010/07/07,0,35000,-46690,-11690
2010/07/08,0,15000,-83000,-68000
2010/07/09,0,4000,-9000,-5000
2010/07/12,0,43000,-11000,32000
2010/07/13,0,2260,-55000,-52740
2010/07/14,0,0,-32000,-32000
2010/07/15,0,61000,0,61000
2010/07/16,0,137000,-28000,109000
2010/07/19,0,31000,-61000,-30000
2010/07/20,0,6000,-60000,-54000
2010/07/21,0,2000,-8000,-6000
2010/07/22,0,52000,-5000,47000
2010/07/23,0,38000,-2638,35362
2010/07/26,0,5000,-17000,-12000
2010/07/27,0,0,-20050,-20050
2010/07/28,0,1000,-29000,-28000
2010/07/29,0,0,-48000,-48000
2010/07/30,0,14000,-4000,10000
2010/08/02,0,31000,-14000,17000
2010/08/03,0,2000,-1000,1000
2010/08/04,0,0,-54000,-54000
2010/08/05,0,2000,-18000,-16000
2010/08/06,0,59000,-13000,46000
2010/08/09,0,29000,-1000,28000
2010/08/10,0,185230,-5000,180230
2010/08/11,0,22780,-39000,-16220
2010/08/12,0,0,-18000,-18000
2010/08/13,0,91000,-23000,68000
2010/08/16,0,13000,-104000,-91000
2010/08/17,0,6000,-2000,4000
2010/08/18,0,268000,-21000,247000
2010/08/19,0,32000,-3000,29000
2010/08/20,0,4000,-117462,-113462
2010/08/23,0,68000,-8000,60000
2010/08/24,0,8000,-68000,-60000
2010/08/25,0,11000,-20000,-9000
2010/08/26,0,11000,-20000,-9000
2010/08/27,0,14000,-12000,2000
2010/08/30,0,95000,-19000,76000
2010/08/31,0,39000,-96000,-57000
2010/09/01,0,41000,-35000,6000
2010/09/02,0,12000,-13000,-1000
2010/09/03,0,64000,-61000,3000
2010/09/06,0,59000,-20000,39000
2010/09/07,0,32000,-125000,-93000
2010/09/08,0,0,-65000,-65000
2010/09/09,0,2000,-2000,0
2010/09/10,0,29000,-2000,27000
2010/09/13,0,12000,-17000,-5000
2010/09/14,0,20000,-30000,-10000
2010/09/15,0,10000,-5000,5000
2010/09/16,0,43000,-5000,38000
2010/09/17,0,11000,-2000,9000
2010/09/20,0,0,-49000,-49000
2010/09/21,0,11000,-15000,-4000
2010/09/22,0,0,0,0
2010/09/23,0,71000,-17000,54000
2010/09/24,0,5000,-39000,-34000
2010/09/27,0,3000,-25000,-22000
2010/09/28,0,1000,-5000,-4000
2010/09/29,0,4000,-11000,-7000
2010/09/30,0,2000,-49000,-47000
2010/10/01,0,10000,0,10000
2010/10/04,0,20000,-19000,1000
2010/10/05,0,31000,-74000,-43000
2010/10/06,0,7000,-4000,3000
2010/10/07,0,5000,-9457,-4457
2010/10/08,0,7000,-21000,-14000
2010/10/11,0,10000,-3000,7000
2010/10/12,0,0,-13000,-13000
2010/10/13,0,2000,-11000,-9000
2010/10/14,0,0,-32000,-32000
2010/10/15,0,6000,-4000,2000
2010/10/18,0,10000,-4000,6000
2010/10/19,0,69000,-58000,11000
2010/10/20,0,0,-2000,-2000
2010/10/21,0,2000,-2000,0
2010/10/22,0,20000,-11000,9000
2010/10/25,0,63000,-9000,54000
2010/10/26,0,7000,0,7000
2010/10/27,0,3000,-4000,-1000
2010/10/28,0,164000,-7000,157000
2010/10/29,0,23000,-16000,7000
2010/11/01,0,54000,-347012,-293012
2010/11/02,0,74000,-16000,58000
2010/11/03,0,15000,-214000,-199000
2010/11/04,0,34000,-149000,-115000
2010/11/05,0,25000,-10000,15000
2010/11/08,0,14000,-9000,5000
2010/11/09,0,58000,-4000,54000
2010/11/10,0,1000,-17000,-16000
2010/11/11,0,4000,-83000,-79000
2010/11/12,0,1000,-118000,-117000
2010/11/15,0,37000,-25000,12000
2010/11/16,0,46000,-17000,29000
2010/11/17,0,3000,-5000,-2000
2010/11/18,0,27000,-10320,16680
2010/11/19,0,13000,-6000,7000
2010/11/22,0,36000,-38000,-2000
2010/11/23,0,3000,-9000,-6000
2010/11/24,0,10000,-10000,0
2010/11/25,0,15000,-5000,10000
2010/11/26,0,12000,-42000,-30000
2010/11/29,0,27000,-119000,-92000
2010/11/30,0,28000,-52000,-24000
2010/12/01,0,87000,-12000,75000
2010/12/02,0,27000,-10010,16990
2010/12/03,0,73000,-12000,61000
2010/12/06,0,15000,-20000,-5000
2010/12/07,0,52000,-15000,37000
2010/12/08,0,108000,-11000,97000
2010/12/09,0,50000,-85000,-35000
2010/12/10,0,62000,-70000,-8000
2010/12/13,0,27000,-50000,-23000
2010/12/14,0,26000,-25000,1000
2010/12/15,0,28000,-19000,9000
2010/12/16,0,9000,-5000,4000
2010/12/17,0,20000,-16000,4000
2010/12/20,0,37000,-37000,0
2010/12/21,0,31000,-30000,1000
2010/12/22,0,45000,-47000,-2000
2010/12/23,0,4000,-13000,-9000
2010/12/24,0,31000,-174000,-143000
2010/12/27,0,12000,-3000,9000
2010/12/28,0,18000,-64000,-46000
2010/12/29,0,3000,-2000,1000
2010/12/30,0,4000,-2000,2000
2010/12/31,0,17000,-15000,2000
2011/01/03,0,26000,-8000,18000
2011/01/04,0,17000,-17000,0
2011/01/05,0,6000,-26000,-20000
2011/01/06,0,11000,-43000,-32000
2011/01/07,0,3000,-16000,-13000
2011/01/10,0,6000,-2000,4000
2011/01/11,0,129000,-24000,105000
2011/01/12,0,54000,-11000,43000
2011/01/13,0,74000,-47000,27000
2011/01/14,0,60000,-61000,-1000
2011/01/17,0,36000,-35000,1000
2011/01/18,0,116000,-108000,8000
2011/01/19,0,15000,-49000,-34000
2011/01/20,0,19000,-18000,1000
2011/01/21,0,24000,-17000,7000
2011/01/24,0,23000,-14000,9000
2011/01/25,0,17000,-12000,5000
2011/01/26,0,13000,-5000,8000
2011/01/27,0,17000,-43000,-26000
2011/01/28,0,12000,-68000,-56000
2011/01/31,0,0,0,0
2011/02/01,0,0,0,0
2011/02/02,0,0,0,0
2011/02/03,0,0,0,0
2011/02/04,0,0,0,0
2011/02/07,0,0,0,0
2011/02/08,0,52000,-156000,-104000
2011/02/09,0,4000,-15000,-11000
2011/02/10,0,18000,-10000,8000
2011/02/11,0,15000,-40000,-25000
2011/02/14,0,26000,-2000,24000
2011/02/15,0,6000,-49000,-43000
2011/02/16,0,14000,-22000,-8000
2011/02/17,0,5000,-292000,-287000
2011/02/18,0,2000,-63000,-61000
2011/02/21,0,2000,-21000,-19000
2011/02/22,0,2000,-6000,-4000
2011/02/23,0,1000,-64000,-63000
2011/02/24,0,12000,-11000,1000
2011/02/25,0,63000,-84600,-21600
2011/02/28,0,0,0,0
2011/03/01,0,35000,-45000,-10000
2011/03/02,0,21000,-9000,12000
2011/03/03,0,13000,0,13000
2011/03/04,0,1000,-27000,-26000
2011/03/07,0,77000,-17000,60000
2011/03/08,0,16000,-4000,12000
2011/03/09,0,0,-7000,-7000
2011/03/10,0,31000,-16000,15000
2011/03/11,0,9000,-78000,-69000
2011/03/14,0,16000,-103000,-87000
2011/03/15,0,38000,-13300,24700
2011/03/16,0,23000,-1000,22000
2011/03/17,0,0,-11000,-11000
2011/03/18,0,4000,-31000,-27000
2011/03/21,0,0,-4000,-4000
2011/03/22,0,7000,-3000,4000
2011/03/23,0,5000,-17000,-12000
2011/03/24,0,2000,-8000,-6000
2011/03/25,0,20000,0,20000
2011/03/28,0,0,-6000,-6000
2011/03/29,0,7000,0,7000
2011/03/30,0,7000,-7000,0
2011/03/31,0,1000,-14000,-13000
2011/04/01,0,16000,-8000,8000
2011/04/04,0,0,0,0
2011/04/05,0,0,0,0
2011/04/06,0,53000,-5000,48000
2011/04/07,0,61000,-10000,51000
2011/04/08,0,58000,-43000,15000
2011/04/11,0,3000,-26300,-23300
2011/04/12,0,29000,0,29000
2011/04/13,0,6000,-4000,2000
2011/04/14,0,21000,-36756,-15756
2011/04/15,0,4000,-3000,1000
2011/04/18,0,9000,-5750,3250
2011/04/19,0,7000,-18000,-11000
2011/04/20,0,112000,-10000,102000
2011/04/21,0,83000,-19000,64000
2011/04/22,0,2000,-39000,-37000
2011/04/25,0,3450,-50000,-46550
2011/04/26,0,20000,-36600,-16600
2011/04/27,0,6000,-66500,-60500
2011/04/28,0,26000,-11000,15000
2011/04/29,0,29500,-19000,10500
2011/05/02,0,0,0,0
2011/05/03,0,1000,-3000,-2000
2011/05/04,0,19000,-14000,5000
2011/05/05,0,20000,-9000,11000
2011/05/06,0,24000,-21000,3000
2011/05/09,0,6000,-9700,-3700
2011/05/10,0,4000,-17000,-13000
2011/05/11,0,14000,-12614,1386
2011/05/12,0,3000,-22000,-19000
2011/05/13,0,8000,-14000,-6000
2011/05/16,0,7130,-4000,3130
2011/05/17,0,19150,-1000,18150
2011/05/18,0,44000,-9270,34730
2011/05/19,0,4000,-15704,-11704
2011/05/20,0,3000,-8000,-5000
2011/05/23,0,8220,-9000,-780
2011/05/24,0,0,-4000,-4000
2011/05/25,0,7000,-11000,-4000
2011/05/26,0,25000,-8230,16770
2011/05/27,0,7000,-9000,-2000
2011/05/30,0,2000,-3000,-1000
2011/05/31,0,7000,-7000,0
2011/06/01,0,232000,-10000,222000
2011/06/02,0,55000,-26000,29000
2011/06/03,0,8000,-6000,2000
2011/06/06,0,0,0,0
2011/06/07,0,3000,0,3000
2011/06/08,0,18000,-38000,-20000
2011/06/09,0,0,-5000,-5000
2011/06/10,0,10000,-8000,2000
2011/06/13,0,0,-22023,-22023
2011/06/14,0,18000,0,18000
2011/06/15,0,2000,-12000,-10000
2011/06/16,0,7000,-13000,-6000
2011/06/17,0,12000,-222007,-210007
2011/06/20,0,14000,-26000,-12000
2011/06/21,0,44000,-4000,40000
2011/06/22,0,79000,-53000,26000
2011/06/23,0,5000,-85000,-80000
2011/06/24,0,2000,-5000,-3000
2011/06/27,0,25000,-14000,11000
2011/06/28,0,3000,-4000,-1000
2011/06/29,0,12000,-27000,-15000
2011/06/30,0,51000,-1000,50000
2011/07/01,0,13000,-38000,-25000
2011/07/04,0,8000,-7000,1000
2011/07/05,0,5000,-9258,-4258
2011/07/06,0,2000,-5000,-3000
2011/07/07,0,27000,-1000,26000
2011/07/08,0,21000,-14000,7000
2011/07/11,0,1000,-23000,-22000
2011/07/12,0,0,-3000,-3000
2011/07/13,0,1000,-2000,-1000
2011/07/14,0,2000,-3000,-1000
2011/07/15,0,8000,0,8000
2011/07/18,0,1000,0,1000
2011/07/19,0,0,-2000,-2000
2011/07/20,0,162000,-14000,148000
2011/07/21,0,25000,-10000,15000
2011/07/22,0,10000,-8000,2000
2011/07/25,0,2000,-2000,0
2011/07/26,0,107000,-11000,96000
2011/07/27,0,17000,-30938,-13938
2011/07/28,0,0,-49000,-49000
2011/07/29,0,8000,-14774,-6774
2011/08/01,0,38000,-7000,31000
2011/08/02,0,33000,-146000,-113000
2011/08/03,0,17000,-10000,7000
2011/08/04,0,21000,-46000,-25000
2011/08/05,0,40000,-12375,27625
2011/08/08,0,68000,-12148,55852
2011/08/09,0,46000,-53970,-7970
2011/08/10,0,4000,-84000,-80000
2011/08/11,0,0,-6000,-6000
2011/08/12,0,7000,-138600,-131600
2011/08/15,0,127000,-2000,125000
2011/08/16,0,89000,-10000,79000
2011/08/17,0,310000,-77239,232761
2011/08/18,0,231000,-330628,-99628
2011/08/19,0,119000,-36000,83000
2011/08/22,0,16000,-326191,-310191
2011/08/23,0,22000,-2000,20000
2011/08/24,0,95000,-22013,72987
2011/08/25,0,416000,-51000,365000
2011/08/26,0,49000,-20602,28398
2011/08/29,0,69000,-8000,61000
2011/08/30,0,56000,-537655,-481655
2011/08/31,0,43000,-36598,6402
2011/09/01,0,25000,-22000,3000
2011/09/02,0,54000,-25000,29000
2011/09/05,0,36000,-38000,-2000
2011/09/06,0,51000,-33533,17467
2011/09/07,0,352000,-9000,343000
2011/09/08,0,63000,-198435,-135435
2011/09/09,0,504000,-76000,428000
2011/09/12,0,0,0,0
2011/09/13,0,153000,-22000,131000
2011/09/14,0,110000,-261223,-151223
2011/09/15,0,256000,-35186,220814
2011/09/16,0,150590,-77330,73260
2011/09/19,0,28000,-76000,-48000
2011/09/20,0,45000,-33710,11290
2011/09/21,0,107000,-34000,73000
2011/09/22,0,53000,-35110,17890
2011/09/23,0,10000,-87000,-77000
2011/09/26,0,106000,-46000,60000
2011/09/27,0,334000,-323000,11000
2011/09/28,0,130932,-130000,932
2011/09/29,0,117000,-13200,103800
2011/09/30,0,71000,-42000,29000
2011/10/03,0,2000,-71000,-69000
2011/10/04,0,105000,-763440,-658440
2011/10/05,0,74000,-274000,-200000
2011/10/06,0,38000,-72392,-34392
2011/10/07,0,26000,-95000,-69000
2011/10/10,0,0,0,0
2011/10/11,0,86000,-59000,27000
2011/10/12,0,349000,-45000,304000
2011/10/13,0,389000,-20000,369000
2011/10/14,0,2000,-1000,1000
2011/10/17,0,20000,-1000,19000
2011/10/18,0,86,-19000,-18914
2011/10/19,0,0,-192000,-192000
2011/10/20,0,2000,-19110,-17110
2011/10/21,0,33000,-17709,15291
2011/10/24,0,77000,-3000,74000
2011/10/25,0,1000,-2000,-1000
2011/10/26,0,8000,-91000,-83000
2011/10/27,0,3000,-352000,-349000
2011/10/28,0,9000,-162624,-153624
2011/10/31,0,4000,-15000,-11000
2011/11/01,0,7000,-2000,5000
2011/11/02,0,1000,-2000,-1000
2011/11/03,0,294000,-3000,291000
2011/11/04,0,303000,-3000,300000
2011/11/07,0,79000,-4000,75000
2011/11/08,0,188000,-12000,176000
2011/11/09,0,18000,-102110,-84110
2011/11/10,0,22000,-70000,-48000
2011/11/11,0,29000,-193000,-164000
2011/11/14,0,14400,-48000,-33600
2011/11/15,0,6000,-100000,-94000
2011/11/16,0,11000,-88000,-77000
2011/11/17,0,18000,-37540,-19540
2011/11/18,0,5000,-11000,-6000
2011/11/21,0,5000,-178000,-173000
2011/11/22,0,23000,-4000,19000
2011/11/23,0,8000,-231000,-223000
2011/11/24,0,0,-94000,-94000
2011/11/25,0,51000,0,51000
2011/11/28,0,7000,-80000,-73000
2011/11/29,0,18000,-10200,7800
2011/11/30,0,3000,-11000,-8000
2011/12/01,0,136000,-2000,134000
2011/12/02,0,6000,-9000,-3000
2011/12/05,0,36000,-8000,28000
2011/12/06,0,2000,-57000,-55000
2011/12/07,0,6000,-14000,-8000
2011/12/08,0,3000,-45000,-42000
2011/12/09,0,5000,-130000,-125000
2011/12/12,0,5000,-7000,-2000
2011/12/13,0,0,-4000,-4000
2011/12/14,0,3000,-1000,2000
2011/12/15,0,5000,-1000,4000
2011/12/16,0,78000,-3000,75000
2011/12/19,0,33000,-21000,12000
2011/12/20,0,10000,-5000,5000
2011/12/21,0,184000,-36700,147300
2011/12/22,0,20000,-48000,-28000
2011/12/23,0,88000,-13000,75000
2011/12/26,0,169000,-9000,160000
2011/12/27,0,10000,-38000,-28000
2011/12/28,0,109000,-18000,91000
2011/12/29,0,44000,-5115,38885
2011/12/30,0,75000,-60000,15000
2012/01/02,0,4000,-41000,-37000
2012/01/03,0,15000,-24000,-9000
2012/01/04,0,12000,-17000,-5000
2012/01/05,0,38000,-52000,-14000
2012/01/06,0,60000,-72000,-12000
2012/01/09,0,0,-30000,-30000
2012/01/10,0,135000,-6876,128124
2012/01/11,0,134000,-20000,114000
2012/01/12,0,9000,-78000,-69000
2012/01/13,0,680000,-32000,648000
2012/01/16,0,102000,-16000,86000
2012/01/17,0,128000,-121000,7000
2012/01/18,0,249000,-249000,0
2012/01/19,0,0,0,0
2012/01/20,0,0,0,0
2012/01/23,0,0,0,0
2012/01/24,0,0,0,0
2012/01/25,0,0,0,0
2012/01/26,0,0,0,0
2012/01/27,0,0,0,0
2012/01/30,0,69000,-241000,-172000
2012/01/31,0,203000,-548000,-345000
2012/02/01,0,89000,-49000,40000
2012/02/02,0,55000,-44000,11000
2012/02/03,0,386000,-6000,380000
2012/02/06,0,144000,-78637,65363
2012/02/07,0,77000,-129000,-52000
2012/02/08,0,41000,-157000,-116000
2012/02/09,0,44000,-94000,-50000
2012/02/10,0,36000,-347000,-311000
2012/02/13,0,29000,-112000,-83000
2012/02/14,0,84000,-131000,-47000
2012/02/15,0,67000,-45000,22000
2012/02/16,0,61000,-188000,-127000
2012/02/17,0,77000,-99000,-22000
2012/02/20,0,123300,-27000,96300
2012/02/21,0,57000,-19000,38000
2012/02/22,0,84000,-36000,48000
2012/02/23,0,61000,-111000,-50000
2012/02/24,0,2000,-56013,-54013
2012/02/27,0,0,0,0
2012/02/28,0,0,0,0
2012/02/29,0,125500,-21000,104500
2012/03/01,0,71100,-224000,-152900
2012/03/02,0,51000,-158000,-107000
2012/03/05,0,7000,-85500,-78500
2012/03/06,0,12600,-37000,-24400
2012/03/07,0,3000,-18000,-15000
2012/03/08,0,3000,-14000,-11000
2012/03/09,0,86000,-8000,78000
2012/03/12,0,434600,-205000,229600
2012/03/13,0,37000,-297000,-260000
2012/03/14,0,60000,-53000,7000
2012/03/15,0,48000,-159000,-111000
2012/03/16,0,1000,-13000,-12000
2012/03/19,0,0,-51600,-51600
2012/03/20,0,0,-26300,-26300
2012/03/21,0,8000,-15000,-7000
2012/03/22,0,24000,-92100,-68100
2012/03/23,0,95400,-81000,14400
2012/03/26,0,7000,-137000,-130000
2012/03/27,0,5000,-35000,-30000
2012/03/28,0,9000,-19000,-10000
2012/03/29,0,161000,-81305,79695
2012/03/30,0,109000,-115000,-6000
2012/04/02,0,17000,-29000,-12000
2012/04/03,0,32000,-13000,19000
2012/04/04,0,0,0,0
2012/04/05,0,0,-38200,-38200
2012/04/06,0,54500,-32000,22500
2012/04/09,0,7000,-51031,-44031
2012/04/10,0,17000,-4000,13000
2012/04/11,0,23000,-1000,22000
2012/04/12,0,7000,-14000,-7000
2012/04/13,0,12000,-34000,-22000
2012/04/16,0,3000,-33000,-30000
2012/04/17,0,9000,-9737,-737
2012/04/18,0,3000,0,3000
2012/04/19,0,0,-12810,-12810
2012/04/20,0,7000,-25000,-18000
2012/04/23,0,4000,-17000,-13000
2012/04/24,0,0,-8000,-8000
2012/04/25,0,3000,-20000,-17000
2012/04/26,0,2,-6000,-5998
2012/04/27,0,0,-17945,-17945
2012/04/30,0,6000,-151000,-145000
2012/05/01,0,0,0,0
2012/05/02,0,1000,-24000,-23000
2012/05/03,0,102000,0,102000
2012/05/04,0,0,-74000,-74000
2012/05/07,0,40000,-7000,33000
2012/05/08,0,10000,-8000,2000
2012/05/09,0,1000,-68539,-67539
2012/05/10,0,0,-61000,-61000
2012/05/11,0,1000,-115000,-114000
2012/05/14,0,0,-19000,-19000
2012/05/15,0,0,-11000,-11000
2012/05/16,0,4000,-15000,-11000
2012/05/17,0,2000,-8000,-6000
2012/05/18,0,5000,-26000,-21000
2012/05/21,0,0,-15000,-15000
2012/05/22,0,31000,-5000,26000
2012/05/23,0,2000,-6000,-4000
2012/05/24,0,1000,-21774,-20774
2012/05/25,0,0,-22000,-22000
2012/05/28,0,6000,-5000,1000
2012/05/29,0,181000,-7000,174000
2012/05/30,0,10000,-1000,9000
2012/05/31,0,76000,-15000,61000
2012/06/01,0,23000,-12000,11000
2012/06/04,0,10000,-15000,-5000
2012/06/05,0,5000,-5000,0
2012/06/06,0,9000,-5000,4000
2012/06/07,0,0,-61000,-61000
2012/06/08,0,3000,-13185,-10185
2012/06/11,0,3000,-19000,-16000
2012/06/12,0,11000,0,11000
2012/06/13,0,1000,-1000,0
2012/06/14,0,4000,0,4000
2012/06/15,0,1000,-24000,-23000
2012/06/18,0,55000,0,55000
2012/06/19,0,89000,-4000,85000
2012/06/20,0,31000,-32000,-1000
2012/06/21,0,2000,-11000,-9000
2012/06/22,0,29000,-24000,5000
2012/06/25,0,46000,-15000,31000
2012/06/26,0,40000,-9000,31000
2012/06/27,0,22000,-8000,14000
2012/06/28,0,20000,-27000,-7000
2012/06/29,0,2000,-20000,-18000
2012/07/02,0,165000,-33000,132000
2012/07/03,0,1000,0,1000
2012/07/04,0,36000,-1000,35000
2012/07/05,0,12000,-5000,7000
2012/07/06,0,21000,-1000,20000
2012/07/09,0,26000,-41000,-15000
2012/07/10,0,149000,-14000,135000
2012/07/11,0,61000,-64000,-3000
2012/07/12,0,279000,-11000,268000
2012/07/13,0,62000,-201000,-139000
2012/07/16,0,457000,-15000,442000
2012/07/17,0,37000,-348000,-311000
2012/07/18,0,8000,-40000,-32000
2012/07/19,0,191000,-3000,188000
2012/07/20,0,42000,-16000,26000
2012/07/23,0,242000,-30000,212000
2012/07/24,0,9000,-242000,-233000
2012/07/25,0,309000,-35000,274000
2012/07/26,0,2000,-200000,-198000
2012/07/27,0,215000,-45000,170000
2012/07/30,0,128000,-1000,127000
2012/07/31,0,107000,-2000,105000
2012/08/01,0,53000,-2000,51000
2012/08/02,0,0,0,0
2012/08/03,0,51000,-32000,19000
2012/08/06,0,19000,-61000,-42000
2012/08/07,0,0,-104000,-104000
2012/08/08,0,70000,-10000,60000
2012/08/09,0,57000,-97000,-40000
2012/08/10,0,41000,-16000,25000
2012/08/13,0,49000,-15000,34000
2012/08/14,0,27000,-117000,-90000
2012/08/15,0,16000,-86000,-70000
2012/08/16,0,129000,-583000,-454000
2012/08/17,0,89000,-313000,-224000
2012/08/20,0,2000,-20000,-18000
2012/08/21,0,19000,-33000,-14000
2012/08/22,0,23000,-10000,13000
2012/08/23,0,0,-3000,-3000
2012/08/24,0,267000,-141000,126000
2012/08/27,0,125000,-9000,116000
2012/08/28,0,24000,-55000,-31000
2012/08/29,0,227000,-3000,224000
2012/08/30,0,193000,-26000,167000
2012/08/31,0,269000,-44000,225000
2012/09/03,0,132000,-324000,-192000
2012/09/04,0,63000,-126000,-63000
2012/09/05,0,85000,-64000,21000
2012/09/06,0,53000,-45000,8000
2012/09/07,0,24000,-131000,-107000
2012/09/10,0,102000,-3000,99000
2012/09/11,0,15000,-208000,-193000
2012/09/12,0,81000,-69000,12000
2012/09/13,0,39000,0,39000
2012/09/14,0,82000,-27000,55000
2012/09/17,0,56000,-23000,33000
2012/09/18,0,294000,-108000,186000
2012/09/19,0,47000,-83000,-36000
2012/09/20,0,143000,-19000,124000
2012/09/21,0,107000,-246000,-139000
2012/09/24,0,217000,-99000,118000
2012/09/25,0,136000,-100000,36000
2012/09/26,0,22000,-72000,-50000
2012/09/27,0,62000,-23000,39000
2012/09/28,0,14000,-6000,8000
2012/10/01,0,4000,-3000,1000
2012/10/02,0,48000,0,48000
2012/10/03,0,14000,-39000,-25000
2012/10/04,0,18000,-50000,-32000
2012/10/05,0,8000,-52000,-44000
2012/10/08,0,151000,-289000,-138000
2012/10/09,0,48000,-214000,-166000
2012/10/10,0,0,0,0
2012/10/11,0,0,-44000,-44000
2012/10/12,0,3000,-16000,-13000
2012/10/15,0,10000,-33000,-23000
2012/10/16,0,30000,-224000,-194000
2012/10/17,0,72000,-62000,10000
2012/10/18,0,119000,-144000,-25000
2012/10/19,0,90000,-59000,31000
2012/10/22,0,21000,-6000,15000
2012/10/23,0,5000,-76000,-71000
2012/10/24,0,30000,-13000,17000
2012/10/25,0,61000,-235000,-174000
2012/10/26,0,277000,-200000,77000
2012/10/29,0,381000,-41000,340000
2012/10/30,0,99000,-131000,-32000
2012/10/31,0,69000,-6000,63000
2012/11/01,0,259000,-36000,223000
2012/11/02,0,334000,-93000,241000
2012/11/05,0,109000,-77000,32000
2012/11/06,0,95000,-107000,-12000
2012/11/07,0,123000,-66000,57000
2012/11/08,0,120000,-30000,90000
2012/11/09,0,58000,-121000,-63000
2012/11/12,0,44000,-55000,-11000
2012/11/13,0,37000,-66000,-29000
2012/11/14,0,30000,-62000,-32000
2012/11/15,0,54000,-2000,52000
2012/11/16,0,40000,-60000,-20000
2012/11/19,0,31000,-43000,-12000
2012/11/20,0,0,-5000,-5000
2012/11/21,0,42000,-85000,-43000
2012/11/22,0,20000,-25000,-5000
2012/11/23,0,363000,-129000,234000
2012/11/26,0,28000,-224000,-196000
2012/11/27,0,31000,-60000,-29000
2012/11/28,0,599000,-7000,592000
2012/11/29,0,108000,-342000,-234000
2012/11/30,0,103000,-20000,83000
2012/12/03,0,18000,-95000,-77000
2012/12/04,0,57000,-25000,32000
2012/12/05,0,58000,-36000,22000
2012/12/06,0,18000,-29000,-11000
2012/12/07,0,186000,-256000,-70000
2012/12/10,0,2000,-202000,-200000
2012/12/11,0,11000,-62000,-51000
2012/12/12,0,11000,-27000,-16000
2012/12/13,0,46000,-17000,29000
2012/12/14,0,10000,-68000,-58000
2012/12/17,0,5000,-5000,0
2012/12/18,0,21000,-54000,-33000
2012/12/19,0,136000,-103000,33000
2012/12/20,0,30000,-123000,-93000
2012/12/21,0,11000,-36000,-25000
2012/12/24,0,85000,-15000,70000
2012/12/25,0,631000,-64000,567000
2012/12/26,0,50000,-582000,-532000
2012/12/27,0,255000,-16000,239000
2012/12/28,0,127000,-198000,-71000
2012/12/31,0,0,0,0
2013/01/01,0,0,0,0
2013/01/02,0,1000,-119000,-118000
2013/01/03,0,136000,-14000,122000
2013/01/04,0,260000,-79000,181000
2013/01/07,0,43000,-26000,17000
2013/01/08,0,3000,-7000,-4000
2013/01/09,0,72000,-10000,62000
2013/01/10,0,92000,-57000,35000
2013/01/11,0,8000,-59000,-51000
2013/01/14,0,28000,-14000,14000
2013/01/15,0,50000,-9000,41000
2013/01/16,0,118000,-87000,31000
2013/01/17,0,74000,-79000,-5000
2013/01/18,0,50000,-52000,-2000
2013/01/21,0,4000,-72000,-68000
2013/01/22,0,7000,-1000,6000
2013/01/23,0,14000,-4000,10000
2013/01/24,0,124000,-87000,37000
2013/01/25,0,24000,-21000,3000
2013/01/28,0,12000,-2000,10000
2013/01/29,0,13000,-14000,-1000
2013/01/30,0,14000,-13000,1000
2013/01/31,0,120000,-10000,110000
2013/02/01,0,3000,-64000,-61000
2013/02/04,0,3000,-15000,-12000
2013/02/05,0,20000,-5000,15000
2013/02/06,0,3000,-8000,-5000
2013/02/07,0,0,0,0
2013/02/08,0,0,0,0
2013/02/11,0,0,0,0
2013/02/12,0,0,0,0
2013/02/13,0,0,0,0
2013/02/14,0,0,0,0
2013/02/15,0,0,0,0
2013/02/18,0,51000,-10884,40116
2013/02/19,0,74000,-12000,62000
2013/02/20,0,48000,-27000,21000
2013/02/21,0,5000,0,5000
2013/02/22,0,27000,-72000,-45000
2013/02/25,0,94000,-51000,43000
2013/02/26,0,19000,-18000,1000
2013/02/27,0,209000,-195000,14000
2013/02/28,0,0,0,0
2013/03/01,0,175000,-8000,167000
2013/03/04,0,27000,-30000,-3000
2013/03/05,0,19000,-23000,-4000
2013/03/06,0,30000,-49000,-19000
2013/03/07,0,12000,-9000,3000
2013/03/08,0,99000,-3000,96000
2013/03/11,0,82000,-11000,71000
2013/03/12,0,297000,-87000,210000
2013/03/13,0,231000,-230000,1000
2013/03/14,0,120000,-158000,-38000
2013/03/15,0,94000,-191000,-97000
2013/03/18,0,31000,-321000,-290000
2013/03/19,0,59000,-23000,36000
2013/03/20,0,35000,-42000,-7000
2013/03/21,0,168000,-4000,164000
2013/03/22,0,44000,-107000,-63000
2013/03/25,0,31000,-83000,-52000
2013/03/26,0,888000,-168000,720000
2013/03/27,0,220000,-521000,-301000
2013/03/28,0,27000,-149000,-122000
2013/03/29,0,25000,-32000,-7000
2013/04/01,0,2000,-27000,-25000
2013/04/02,0,48000,-64000,-16000
2013/04/03,0,18000,-8000,10000
2013/04/04,0,0,0,0
2013/04/05,0,0,0,0
2013/04/08,0,60000,-33000,27000
2013/04/09,0,10000,-230000,-220000
2013/04/10,0,50000,-17000,33000
2013/04/11,0,44000,-19000,25000
2013/04/12,0,40000,-35000,5000
2013/04/15,0,40000,-94000,-54000
2013/04/16,0,52000,-16000,36000
2013/04/17,0,22000,-113000,-91000
2013/04/18,0,19000,-24000,-5000
2013/04/19,0,56000,-124000,-68000
2013/04/22,0,543000,-66000,477000
2013/04/23,0,39000,-259000,-220000
2013/04/24,0,25000,-547000,-522000
2013/04/25,0,24000,-29000,-5000
2013/04/26,0,82000,-164000,-82000
2013/04/29,0,75000,-162000,-87000
2013/04/30,0,138000,-61000,77000
2013/05/01,0,0,0,0
2013/05/02,0,770000,-397000,373000
2013/05/03,0,304000,-489000,-185000
2013/05/06,0,150000,-178000,-28000
2013/05/07,0,304000,-389000,-85000
2013/05/08,0,48000,-271000,-223000
2013/05/09,0,133000,-512000,-379000
2013/05/10,0,7000,-65000,-58000
2013/05/13,0,51000,-51000,0
2013/05/14,0,38000,-22000,16000
2013/05/15,0,143000,-28000,115000
2013/05/16,0,203000,-231000,-28000
2013/05/17,0,85000,-56000,29000
2013/05/20,0,16000,-173000,-157000
2013/05/21,0,84000,-392000,-308000
2013/05/22,0,197000,-27000,170000
2013/05/23,0,17000,-129000,-112000
2013/05/24,0,9000,-174000,-165000
2013/05/27,0,175000,-15000,160000
2013/05/28,0,11000,-136000,-125000
2013/05/29,0,69000,-7000,62000
2013/05/30,0,36000,-40000,-4000
2013/05/31,0,5000,-119000,-114000
2013/06/03,0,29000,-26816,2184
2013/06/04,0,0,-35000,-35000
2013/06/05,0,7000,-26000,-19000
2013/06/06,0,26000,-66000,-40000
2013/06/07,0,0,-187000,-187000
2013/06/10,0,14000,-10000,4000
2013/06/11,0,37000,-8000,29000
2013/06/12,0,0,0,0
2013/06/13,0,7000,-6000,1000
2013/06/14,0,13000,-162000,-149000
2013/06/17,0,40000,-14000,26000
2013/06/18,0,26000,-17000,9000
2013/06/19,0,8000,-35000,-27000
2013/06/20,0,2000,-39000,-37000
2013/06/21,0,9000,-21000,-12000
2013/06/24,0,10000,-15000,-5000
2013/06/25,0,26000,-67000,-41000
2013/06/26,0,7000,-6000,1000
2013/06/27,0,63000,-5000,58000
2013/06/28,0,7000,-13000,-6000
2013/07/01,0,11000,-12000,-1000
2013/07/02,0,135000,-4000,131000
2013/07/03,0,60000,-128000,-68000
2013/07/04,0,125000,-77000,48000
2013/07/05,0,277000,-45000,232000
2013/07/08,0,61000,-119000,-58000
2013/07/09,0,24000,-191000,-167000
2013/07/10,0,6000,-57000,-51000
2013/07/11,0,17000,-14000,3000
2013/07/12,0,20000,-17000,3000
2013/07/15,0,15000,-12000,3000
2013/07/16,0,21000,-25000,-4000
2013/07/17,0,12000,-34000,-22000
2013/07/18,0,612000,-1000,611000
2013/07/19,0,23000,-148000,-125000
2013/07/22,0,12000,-64000,-52000
2013/07/23,0,73000,-14000,59000
2013/07/24,0,1176000,-40000,1136000
2013/07/25,0,413000,-2639,410361
2013/07/26,0,15000,-1401000,-1386000
2013/07/29,0,0,-161000,-161000
2013/07/30,0,0,-194000,-194000
2013/07/31,0,6000,-75000,-69000
2013/08/01,0,14000,-20000,-6000
2013/08/02,0,2000,-12000,-10000
2013/08/05,0,0,-2000,-2000
2013/08/06,0,1000,-10000,-9000
2013/08/07,0,1000,-136000,-135000
2013/08/08,0,1000,-38000,-37000
2013/08/09,0,0,-74000,-74000
2013/08/12,0,2000,0,2000
2013/08/13,0,36000,-64000,-28000
2013/08/14,0,31000,-21000,10000
2013/08/15,0,50000,-28000,22000
2013/08/16,0,3000,-67000,-64000
2013/08/19,0,6000,-37000,-31000
2013/08/20,0,6000,-16000,-10000
2013/08/21,0,0,0,0
2013/08/22,0,105000,-7000,98000
2013/08/23,0,8000,-5000,3000
2013/08/26,0,8000,-2000,6000
2013/08/27,0,3000,-72000,-69000
2013/08/28,0,1000,-41000,-40000
2013/08/29,0,6000,-20000,-14000
2013/08/30,0,11000,-1000,10000
2013/09/02,0,2000,-1000,1000
2013/09/03,0,11000,-40000,-29000
2013/09/04,0,0,-72000,-72000
2013/09/05,0,3000,-29000,-26000
2013/09/06,0,75000,-40000,35000
2013/09/09,0,4000,-65000,-61000
2013/09/10,0,0,-51000,-51000
2013/09/11,0,19000,-29000,-10000
2013/09/12,0,196000,-15000,181000
2013/09/13,0,11000,-18000,-7000
2013/09/16,0,11000,-11000,0
2013/09/17,0,10000,-31000,-21000
2013/09/18,0,25000,-63000,-38000
2013/09/19,0,0,0,0
2013/09/20,0,0,0,0
2013/09/23,0,3000,-2000,1000
2013/09/24,0,16000,0,16000
2013/09/25,0,5000,0,5000
2013/09/26,0,0,0,0
2013/09/27,0,0,-3000,-3000
2013/09/30,0,0,-26000,-26000
2013/10/01,0,0,-4000,-4000
2013/10/02,0,1000,-2000,-1000
2013/10/03,0,0,-1000,-1000
2013/10/04,0,14000,-2000,12000
2013/10/07,0,1000,-4000,-3000
2013/10/08,0,16000,-3000,13000
2013/10/09,0,46000,-1000,45000
2013/10/10,0,0,0,0
2013/10/11,0,5000,-24000,-19000
2013/10/14,0,10000,-14000,-4000
2013/10/15,0,9000,-5000,4000
2013/10/16,0,0,-18000,-18000
2013/10/17,0,0,0,0
2013/10/18,0,14000,-6000,8000
2013/10/21,0,3000,-8000,-5000
2013/10/22,0,0,-5000,-5000
2013/10/23,0,8000,-4000,4000
2013/10/24,0,1000,-2000,-1000
2013/10/25,0,0,-13000,-13000
2013/10/28,0,0,-5000,-5000
2013/10/29,0,0,0,0
2013/10/30,0,71000,-4000,67000
2013/10/31,0,6000,-24000,-18000
2013/11/01,0,8000,-25000,-17000
2013/11/04,0,3000,-7000,-4000
2013/11/05,0,19000,-8000,11000
2013/11/06,0,1000,-12000,-11000
2013/11/07,0,24000,-41000,-17000
2013/11/08,0,1000,-17000,-16000
2013/11/11,0,2000,-18000,-16000
2013/11/12,0,15000,-12000,3000
2013/11/13,0,8000,-9000,-1000
2013/11/14,0,0,-12000,-12000
2013/11/15,0,0,-8000,-8000
2013/11/18,0,0,-5000,-5000
2013/11/19,0,0,-3000,-3000
2013/11/20,0,11000,-8000,3000
2013/11/21,0,0,-11000,-11000
2013/11/22,0,12000,-3000,9000
2013/11/25,0,29000,-5000,24000
2013/11/26,0,997000,-11000,986000
2013/11/27,0,598000,-100939,497061
2013/11/28,0,23000,-546000,-523000
2013/11/29,0,58000,-355000,-297000
2013/12/02,0,82000,-402000,-320000
2013/12/03,0,215000,-11000,204000
2013/12/04,0,10000,-3000,7000
2013/12/05,0,0,-31000,-31000
2013/12/06,0,34000,-1000,33000
2013/12/09,0,2000,-46000,-44000
2013/12/10,0,2000,0,2000
2013/12/11,0,0,-48000,-48000
2013/12/12,0,0,0,0
2013/12/13,0,312000,-25000,287000
2013/12/16,0,8000,-18000,-10000
2013/12/17,0,4000,-14000,-10000
2013/12/18,0,8000,-96000,-88000
2013/12/19,0,8000,-89000,-81000
2013/12/20,0,0,-27000,-27000
2013/12/23,0,0,-45000,-45000
2013/12/24,0,18000,0,18000
2013/12/25,0,4000,-45000,-41000
2013/12/26,0,0,-27000,-27000
2013/12/27,0,0,0,0
2013/12/30,0,6000,-7000,-1000
2013/12/31,0,5000,-15000,-10000
2014/01/02,0,28000,0,28000
2014/01/03,0,0,0,0
2014/01/06,0,53000,0,53000
2014/01/07,0,11000,0,11000
2014/01/08,0,75000,0,75000
2014/01/09,0,115000,-58000,57000
2014/01/10,0,298000,-103000,195000
2014/01/13,0,21000,-264000,-243000
2014/01/14,0,3000,-24000,-21000
2014/01/15,0,16000,-46000,-30000
2014/01/16,0,22000,-26000,-4000
2014/01/17,0,10000,-17000,-7000
2014/01/20,0,82000,-3000,79000
2014/01/21,0,221000,-5000,216000
2014/01/22,0,2000,-10000,-8000
2014/01/23,0,53000,-128000,-75000
2014/01/24,0,7000,-2000,5000
2014/01/27,0,22000,-234000,-212000
2014/02/05,0,0,-66000,-66000
2014/02/06,0,106000,-64000,42000
2014/02/07,0,9000,-7000,2000
2014/02/10,0,43000,-17000,26000
2014/02/11,0,464000,-86000,378000
2014/02/12,0,101000,-83000,18000
2014/02/13,0,57000,-50000,7000
2014/02/14,0,49000,-160000,-111000
2014/02/17,0,18000,-29000,-11000
2014/02/18,0,28000,-25000,3000
2014/02/19,0,46000,-24000,22000
2014/02/20,0,26000,-91000,-65000
2014/02/21,0,407000,-16000,391000
2014/02/24,0,1000,-204000,-203000
2014/02/25,0,19000,-125000,-106000
2014/02/26,0,432000,-275000,157000
2014/02/27,0,25000,-273000,-248000
2014/03/03,0,113000,-63000,50000
2014/03/04,0,0,-61000,-61000
2014/03/05,0,26000,-71000,-45000
2014/03/06,0,6000,-13000,-7000
2014/03/07,0,1000,-36000,-35000
2014/03/10,0,214000,-114000,100000
2014/03/11,0,893000,-149000,744000
2014/03/12,0,173000,-612000,-439000
2014/03/13,0,92000,-71000,21000
2014/03/14,0,46000,-324000,-278000
2014/03/17,0,672000,-60000,612000
2014/03/18,0,43000,-422000,-379000
2014/03/19,0,62000,-187000,-125000
2014/03/20,0,124000,-133000,-9000
2014/03/21,0,82000,-184000,-102000
2014/03/24,0,52000,-58000,-6000
2014/03/25,0,108000,-69000,39000
2014/03/26,0,37000,-27000,10000
2014/03/27,0,24000,-25000,-1000
2014/03/28,0,113000,-55000,58000
2014/03/31,0,15000,-60000,-45000
2014/04/01,0,50000,-33000,17000
2014/04/02,0,40000,-123000,-83000
2014/04/03,0,32000,-89000,-57000
2014/04/07,0,147000,-5000,142000
2014/04/08,0,28000,-134000,-106000
2014/04/09,0,27000,-10000,17000
2014/04/10,0,0,-120000,-120000
2014/04/11,0,3000,-114000,-111000
2014/04/14,0,3000,-64000,-61000
2014/04/15,0,7000,-8000,-1000
2014/04/16,0,47000,-40000,7000
2014/04/17,0,687000,-14000,673000
2014/04/18,0,31000,-415000,-384000
2014/04/21,0,22000,-63000,-41000
2014/04/22,0,4000,-69000,-65000
2014/04/23,0,0,-57000,-57000
2014/04/24,0,2000,-24000,-22000
2014/04/25,0,20000,-191000,-171000
2014/04/28,0,4000,-22000,-18000
2014/04/29,0,7000,-6000,1000
2014/04/30,0,319000,-52000,267000
2014/05/02,0,50000,-119000,-69000
2014/05/05,0,44000,-113000,-69000
2014/05/06,0,34000,-65000,-31000
2014/05/07,0,6000,-90000,-84000
2014/05/08,0,10000,-7594,2406
2014/05/09,0,41000,-71000,-30000
2014/05/12,0,21000,-2000,19000
2014/05/13,0,18000,-55000,-37000
2014/05/14,0,16000,-1000,15000
2014/05/15,0,14000,-30000,-16000
2014/05/16,0,0,-100000,-100000
2014/05/19,0,26000,-12000,14000
2014/05/20,0,7000,-36000,-29000
2014/05/21,0,36000,-33000,3000
2014/05/22,0,2000,-30000,-28000
2014/05/23,0,38000,-23000,15000
2014/05/26,0,21000,-2000,19000
2014/05/27,0,0,-7000,-7000
2014/05/28,0,5000,-12000,-7000
2014/05/29,0,4424,-3000,1424
2014/05/30,0,1000,-8000,-7000
2014/06/03,0,16000,-21000,-5000
2014/06/04,0,109000,-13000,96000
2014/06/05,0,23000,-9000,14000
2014/06/06,0,79000,-2000,77000
2014/06/09,0,192000,0,192000
2014/06/10,0,16000,-144000,-128000
2014/06/11,0,3000,-19000,-16000
2014/06/12,0,8000,-9000,-1000
2014/06/13,0,0,-11000,-11000
2014/06/16,0,108000,0,108000
2014/06/17,0,26000,-89000,-63000
2014/06/18,0,39000,-25000,14000
2014/06/19,0,383000,-8000,375000
2014/06/20,0,29000,-161000,-132000
2014/06/23,0,3000,-67000,-64000
2014/06/24,0,3000,-6000,-3000
2014/06/25,0,0,-55000,-55000
2014/06/26,0,1000,-1000,0
2014/06/27,0,4000,-59000,-55000
2014/06/30,0,29000,-11000,18000
2014/07/01,0,3000,-5000,-2000
2014/07/02,0,7000,-16000,-9000
2014/07/03,0,10000,-97000,-87000
2014/07/04,0,0,-4000,-4000
2014/07/07,0,0,-15000,-15000
2014/07/08,0,0,-2000,-2000
2014/07/09,0,0,-1000,-1000
2014/07/10,0,173000,-9000,164000
2014/07/11,0,14000,-100000,-86000
2014/07/14,0,416000,-11000,405000
2014/07/15,0,128000,-208000,-80000
2014/07/16,0,40000,-195000,-155000
2014/07/17,0,45000,-87000,-42000
2014/07/18,0,0,-12000,-12000
2014/07/21,0,4000,0,4000
2014/07/22,0,18000,0,18000
2014/07/23,0,0,0,0
2014/07/24,0,97000,-27000,70000
2014/07/25,0,614000,-69000,545000
2014/07/28,0,12000,-468000,-456000
2014/07/29,0,79000,-86000,-7000
2014/07/30,0,0,-10000,-10000
2014/07/31,0,28000,-13000,15000
2014/08/01,0,29000,-5000,24000
2014/08/04,0,3000,-1000,2000
2014/08/05,0,0,-60000,-60000
2014/08/06,0,3000,-40000,-37000
2014/08/07,0,429000,-11000,418000
2014/08/08,0,15000,-404000,-389000
2014/08/11,0,34000,-24000,10000
2014/08/12,0,14000,-6000,8000
2014/08/13,0,14000,-57000,-43000
2014/08/14,0,35000,-79000,-44000
2014/08/15,0,81000,-8000,73000
2014/08/18,0,39000,-15000,24000
2014/08/19,0,731000,-61000,670000
2014/08/20,0,33000,-428000,-395000
2014/08/21,0,29000,-96000,-67000
2014/08/22,0,71000,-1000,70000
2014/08/25,0,648000,-198000,450000
2014/08/26,0,144000,-493000,-349000
2014/08/27,0,44000,-31000,13000
2014/08/28,0,511000,-91000,420000
2014/08/29,0,154000,-270000,-116000
2014/09/01,0,707000,-81000,626000
2014/09/02,0,53000,-431000,-378000
2014/09/03,0,9000,-199000,-190000
2014/09/04,0,0,-122000,-122000
2014/09/05,0,0,-64000,-64000
2014/09/09,0,49000,-17000,32000
2014/09/10,0,29000,-55000,-26000
2014/09/11,0,9000,-28000,-19000
2014/09/12,0,20000,-249000,-229000
2014/09/15,0,21000,-4000,17000
2014/09/16,0,15000,-33000,-18000
2014/09/17,0,34000,-50000,-16000
2014/09/18,0,126000,-1000,125000
2014/09/19,0,126000,-25921,100079
2014/09/22,0,230000,-185000,45000
2014/09/23,0,628000,-403000,225000
2014/09/24,0,207000,-513000,-306000
2014/09/25,0,254000,-169000,85000
2014/09/26,0,115000,-87000,28000
2014/09/29,0,10000,-97000,-87000
2014/09/30,0,23000,-152000,-129000
2014/10/01,0,35000,-22000,13000
2014/10/02,0,61000,-45000,16000
2014/10/03,0,34000,-28000,6000
2014/10/06,0,86000,-94000,-8000
2014/10/07,0,20000,-254000,-234000
2014/10/08,0,24000,-74000,-50000
2014/10/09,0,24000,-72000,-48000
2014/10/13,0,62000,-203000,-141000
2014/10/14,0,2000,-13000,-11000
2014/10/15,0,1000,-339000,-338000
2014/10/16,0,43000,-17000,26000
2014/10/17,0,0,-209000,-209000
2014/10/20,0,3000,-1000,2000
2014/10/21,0,0,-2000,-2000
2014/10/22,0,4000,0,4000
2014/10/23,0,0,-6000,-6000
2014/10/24,0,0,-34000,-34000
2014/10/27,0,1000,-9000,-8000
2014/10/28,0,21000,-4000,17000
2014/10/29,0,11000,-1000,10000
2014/10/30,0,0,0,0
2014/10/31,0,94000,0,94000
2014/11/03,0,15000,-12000,3000
2014/11/04,0,0,-14000,-14000
2014/11/05,0,0,-2000,-2000
2014/11/06,0,0,-48000,-48000
2014/11/07,0,35000,-3000,32000
2014/11/10,0,602000,-104000,498000
2014/11/11,0,71000,-247000,-176000
2014/11/12,0,25000,-123000,-98000
2014/11/13,0,3000,-31000,-28000
2014/11/14,0,2000,-29000,-27000
2014/11/17,0,428000,-44000,384000
2014/11/18,0,76000,-433000,-357000
2014/11/19,0,38000,-34000,4000
2014/11/20,0,105000,-3000,102000
2014/11/21,0,210000,-115000,95000
2014/11/24,0,10000,-43000,-33000
2014/11/25,0,1000,-97000,-96000
2014/11/26,0,641000,-6000,635000
2014/11/27,0,117000,-555000,-438000
2014/11/28,0,103000,-172000,-69000
2014/12/01,0,97000,-11000,86000
2014/12/02,0,126000,-174000,-48000
2014/12/03,0,191000,-79000,112000
2014/12/04,0,91000,-18000,73000
2014/12/05,0,12000,-48000,-36000
2014/12/08,0,45000,-23000,22000
2014/12/09,0,14000,-49000,-35000
2014/12/10,0,38000,-80000,-42000
2014/12/11,0,0,-28000,-28000
2014/12/12,0,60000,-48000,12000
2014/12/15,0,216000,-21000,195000
2014/12/16,0,69000,-99000,-30000
2014/12/17,0,68000,-243000,-175000
2014/12/18,0,21000,-12000,9000
2014/12/19,0,310000,-133000,177000
2014/12/22,0,34000,-176000,-142000
2014/12/23,0,153000,-5000,148000
2014/12/24,0,175000,-95000,80000
2014/12/25,0,120000,-33000,87000
2014/12/26,0,64000,-7000,57000
2014/12/29,0,32000,-66000,-34000
2014/12/30,0,31000,-22000,9000
2014/12/31,0,13000,-12000,1000
2015/01/01,0,0,0,0
2015/01/02,0,0,0,0
2015/01/05,0,0,-45000,-45000
2015/01/06,0,23000,-54000,-31000
2015/01/07,0,21000,-26000,-5000
2015/01/08,0,46000,-9000,37000
2015/01/09,0,463000,-8000,455000
2015/01/12,0,96000,-247000,-151000
2015/01/13,0,5000,-59000,-54000
2015/01/14,0,18000,-10000,8000
2015/01/15,0,78000,-53000,25000
2015/01/16,0,23000,-49054,-26054
2015/01/19,0,1895000,-127000,1768000
2015/01/20,0,301000,-779000,-478000
2015/01/21,0,551000,-180033,370967
2015/01/22,0,101000,-564000,-463000
2015/01/23,0,56000,-374000,-318000
2015/01/26,0,386000,-148000,238000
2015/01/27,0,58000,-204000,-146000
2015/01/28,0,32000,-19000,13000
2015/01/29,0,9000,-238000,-229000
2015/01/30,0,76000,-149000,-73000
2015/02/02,0,43000,-96000,-53000
2015/02/03,0,485000,-50000,435000
2015/02/04,0,33000,-203033,-170033
2015/02/05,0,129000,-95033,33967
2015/02/06,0,60000,-81000,-21000
2015/02/09,0,3000,-32000,-29000
2015/02/10,0,31000,-56000,-25000
2015/02/11,0,52000,-104000,-52000
2015/02/12,0,49000,-171000,-122000
2015/02/13,0,3000,-113000,-110000
2015/02/16,0,0,0,0
2015/02/17,0,0,0,0
2015/02/18,0,0,0,0
2015/02/19,0,0,0,0
2015/02/20,0,0,0,0
2015/02/23,0,0,0,0
2015/02/24,0,201000,-428000,-227000
2015/02/25,0,98000,-194022,-96022
2015/02/26,0,71000,-193000,-122000
2015/02/27,0,0,0,0
2015/03/02,0,29000,-25000,4000
2015/03/03,0,115000,-125000,-10000
2015/03/04,0,31000,-5000,26000
2015/03/05,0,11000,-10022,978
2015/03/06,0,32000,-18000,14000
2015/03/09,0,60000,-114000,-54000
2015/03/10,0,6000,-90000,-84000
2015/03/11,0,24000,-101000,-77000
2015/03/12,0,171000,-66000,105000
2015/03/13,0,92000,-188000,-96000
2015/03/16,0,16000,-55000,-39000
2015/03/17,0,31000,-25022,5978
2015/03/18,0,12000,-66000,-54000
2015/03/19,0,52000,-7000,45000
2015/03/20,0,1000,-69000,-68000
2015/03/23,0,451000,-71000,380000
2015/03/24,0,9000,-210000,-201000
2015/03/25,0,5000,-65000,-60000
2015/03/26,0,65000,-25000,40000
2015/03/27,0,4000,-145000,-141000
2015/03/30,0,81000,-13000,68000
2015/03/31,0,190000,-51000,139000
2015/04/01,0,6000,-97000,-91000
2015/04/02,0,4000,-11000,-7000
2015/04/03,0,0,0,0
2015/04/06,0,0,0,0
2015/04/07,0,5000,-3000,2000
2015/04/08,0,0,-5000,-5000
2015/04/09,0,163000,-25000,138000
2015/04/10,0,1000,-49000,-48000
2015/04/13,0,47000,0,47000
2015/04/14,0,0,-1000,-1000
2015/04/15,0,21000,-73000,-52000
2015/04/16,0,0,-64000,-64000
2015/04/17,0,16000,-110000,-94000
2015/04/20,0,8000,-46000,-38000
2015/04/21,0,38000,-235000,-197000
2015/04/22,0,9000,-6000,3000
2015/04/23,0,164000,-150000,14000
2015/04/24,0,18000,-48000,-30000
2015/04/27,0,5000,-6000,-1000
2015/04/28,0,11000,-36000,-25000
2015/04/29,0,57000,-5000,52000
2015/04/30,0,3000,-6000,-3000
2015/05/01,0,0,0,0
2015/05/04,0,106000,-55000,51000
2015/05/05,0,34000,-3000,31000
2015/05/06,0,170000,-18000,152000
2015/05/07,0,5000,-80000,-75000
2015/05/08,0,19000,-85000,-66000
2015/05/11,0,8000,-3000,5000
2015/05/12,0,12000,-96000,-84000
2015/05/13,0,1000,-35000,-34000
2015/05/14,0,4000,-147000,-143000
2015/05/15,0,1000,-38000,-37000
2015/05/18,0,0,-30000,-30000
2015/05/19,0,27000,-10000,17000
2015/05/20,0,4000,-54000,-50000
2015/05/21,0,3000,-35000,-32000
2015/05/22,0,12000,-75000,-63000
2015/05/25,0,0,-11000,-11000
2015/05/26,0,137000,-9000,128000
2015/05/27,0,11000,-92000,-81000
2015/05/28,0,0,-5000,-5000
2015/05/29,0,70000,-127000,-57000
2015/06/01,0,0,-68000,-68000
2015/06/02,0,86000,0,86000
2015/06/03,0,21000,-19000,2000
2015/06/04,0,21000,-104000,-83000
2015/06/05,0,0,-29000,-29000
2015/06/08,0,41000,-9000,32000
2015/06/09,0,105000,-58000,47000
2015/06/10,0,53000,-1000,52000
2015/06/11,0,32000,-22000,10000
2015/06/12,0,9000,-33000,-24000
2015/06/15,0,0,-19000,-19000
2015/06/16,0,3000,-13000,-10000
2015/06/17,0,8000,-64000,-56000
2015/06/18,0,10000,-49000,-39000
2015/06/19,0,0,0,0
2015/06/22,0,55000,-40000,15000
2015/06/23,0,8000,-46000,-38000
2015/06/24,0,75000,-17000,58000
2015/06/25,0,15000,-8000,7000
2015/06/26,0,19000,0,19000
2015/06/29,0,61000,-10000,51000
2015/06/30,0,43000,-62000,-19000
2015/07/01,0,48000,-100000,-52000
2015/07/02,0,2000,-37000,-35000
2015/07/03,0,162000,-225000,-63000
2015/07/06,0,46000,-115000,-69000
2015/07/07,0,237000,-89000,148000
2015/07/08,0,29000,-200000,-171000
2015/07/09,0,105000,-35000,70000
2015/07/10,0,0,0,0
2015/07/13,0,38000,-35000,3000
2015/07/14,0,22000,-255000,-233000
2015/07/15,0,15000,-59000,-44000
2015/07/16,0,3000,-23000,-20000
2015/07/17,0,40000,-31000,9000
2015/07/20,0,15000,-20000,-5000
2015/07/21,0,341000,-131000,210000
2015/07/22,0,39000,-212000,-173000
2015/07/23,0,38000,-62000,-24000
2015/07/24,0,62000,-21000,41000
2015/07/27,0,105000,-42000,63000
2015/07/28,0,129000,-20000,109000
2015/07/29,0,51000,-231000,-180000
2015/07/30,0,31000,-15000,16000
2015/07/31,0,0,-67000,-67000
2015/08/03,0,5000,-109000,-104000
2015/08/04,0,38000,-19000,19000
2015/08/05,0,20000,-1000,19000
2015/08/06,0,8000,-2000,6000
2015/08/07,0,2000,-5000,-3000
2015/08/10,0,21000,-30000,-9000
2015/08/11,0,35000,-60000,-25000
2015/08/12,0,41000,-5000,36000
2015/08/13,0,30000,-7000,23000
2015/08/14,0,12000,-42000,-30000
2015/08/17,0,26000,-21000,5000
2015/08/18,0,6000,-12000,-6000
2015/08/19,0,59000,-51000,8000
2015/08/20,0,0,-13000,-13000
2015/08/21,0,1000,-32000,-31000
2015/08/24,0,11000,-63000,-52000
2015/08/25,0,3000,-17000,-14000
2015/08/26,0,2000,-5000,-3000
2015/08/27,0,1000,-3000,-2000
2015/08/28,0,2000,-3000,-1000
2015/08/31,0,2000,-52000,-50000
2015/09/01,0,4000,0,4000
2015/09/02,0,0,0,0
2015/09/03,0,7000,-3000,4000
2015/09/04,0,0,-54000,-54000
2015/09/07,0,10000,0,10000
2015/09/08,0,0,-3000,-3000
2015/09/09,0,245000,-10000,235000
2015/09/10,0,133000,-8000,125000
2015/09/11,0,33000,-6000,27000
2015/09/14,0,11000,-5000,6000
2015/09/15,0,7000,-2000,5000
2015/09/16,0,23000,-394000,-371000
2015/09/17,0,74000,-9000,65000
2015/09/18,0,31000,-38000,-7000
2015/09/21,0,18000,-40000,-22000
2015/09/22,0,21000,-19000,2000
2015/09/23,0,3000,-5000,-2000
2015/09/24,0,5000,-22000,-17000
2015/09/25,0,9000,-12000,-3000
2015/09/28,0,0,0,0
2015/09/29,0,0,0,0
2015/09/30,0,9000,-28000,-19000
2015/10/01,0,75000,-10000,65000
2015/10/02,0,1000,-23000,-22000
2015/10/05,0,124000,-37000,87000
2015/10/06,0,32000,-91000,-59000
2015/10/07,0,40000,0,40000
2015/10/08,0,30000,-39000,-9000
2015/10/09,0,0,0,0
2015/10/12,0,27000,-8000,19000
2015/10/13,0,72000,-26000,46000
2015/10/14,0,19000,-62000,-43000
2015/10/15,0,16000,-26000,-10000
2015/10/16,0,3000,-22000,-19000
2015/10/19,0,3000,-11000,-8000
2015/10/20,0,17000,-41000,-24000
2015/10/21,0,8000,-2000,6000
2015/10/22,0,22000,-18000,4000
2015/10/23,0,107000,-10000,97000
2015/10/26,0,22000,-5000,17000
2015/10/27,0,0,-38000,-38000
2015/10/28,0,20000,-15000,5000
2015/10/29,0,0,-14000,-14000
2015/10/30,0,8000,-13000,-5000
2015/11/02,0,347000,-19000,328000
2015/11/03,0,9000,-209000,-200000
2015/11/04,0,57000,-22000,35000
2015/11/05,0,21000,-34000,-13000
2015/11/06,0,84000,-17000,67000
2015/11/09,0,13000,-122000,-109000
2015/11/10,0,130000,-103000,27000
2015/11/11,0,48000,-88000,-40000
2015/11/12,0,167000,-140000,27000
2015/11/13,0,249000,-145000,104000
2015/11/16,0,184000,-167000,17000
2015/11/17,0,144000,-117000,27000
2015/11/18,0,204000,-75000,129000
2015/11/19,0,58000,-144000,-86000
2015/11/20,0,4000,-100000,-96000
2015/11/23,0,11000,-30000,-19000
2015/11/24,0,80000,-82000,-2000
2015/11/25,0,238000,-58000,180000
2015/11/26,0,11000,-164000,-153000
2015/11/27,0,46000,-112000,-66000
2015/11/30,0,0,-33000,-33000
2015/12/01,0,49000,-36000,13000
2015/12/02,0,56000,-52000,4000
2015/12/03,0,91000,-17000,74000
2015/12/04,0,15000,-108000,-93000
2015/12/07,0,39000,-2000,37000
2015/12/08,0,0,-43000,-43000
2015/12/09,0,1000,-3000,-2000
2015/12/10,0,26000,-59000,-33000
2015/12/11,0,18000,-58000,-40000
2015/12/14,0,165000,-39000,126000
2015/12/15,0,28000,-178000,-150000
2015/12/16,0,39000,-116000,-77000
2015/12/17,0,2000,-8000,-6000
2015/12/18,0,87000,-35000,52000
2015/12/21,0,24000,0,24000
2015/12/22,0,2000,-10000,-8000
2015/12/23,0,29000,-2000,27000
2015/12/24,0,1000,-19264,-18264
2015/12/25,0,6000,0,6000
2015/12/28,0,0,0,0
2015/12/29,0,4000,-2000,2000
2015/12/30,0,2000,-6000,-4000
2015/12/31,0,16000,-5000,11000
2016/01/01,0,0,0,0
2016/01/04,0,1000,-16000,-15000
2016/01/05,0,2000,-1000,1000
2016/01/06,0,0,-57000,-57000
2016/01/07,0,19000,-1000,18000
2016/01/08,0,3000,0,3000
2016/01/11,0,2000,-4000,-2000
2016/01/12,0,59000,-4000,55000
2016/01/13,0,30000,-36000,-6000
2016/01/14,0,26000,-39000,-13000
2016/01/15,0,8000,-58000,-50000
2016/01/18,0,19000,-8000,11000
2016/01/19,0,1000,-11000,-10000
2016/01/20,0,0,-52000,-52000
2016/01/21,0,15000,-47000,-32000
2016/01/22,0,15000,-5000,10000
2016/01/25,0,42000,-6000,36000
2016/01/26,0,6000,-8000,-2000
2016/01/27,0,0,-5000,-5000
2016/01/28,0,4000,0,4000
2016/01/29,0,15000,-4000,11000
2016/02/01,0,194000,-22000,172000
2016/02/02,0,1000,-36000,-35000
2016/02/03,0,2000,-1000,1000
2016/02/04,0,0,0,0
2016/02/05,0,0,0,0
2016/02/08,0,0,0,0
2016/02/09,0,0,0,0
2016/02/10,0,0,0,0
2016/02/11,0,0,0,0
2016/02/12,0,0,0,0
2016/02/15,0,0,-1000,-1000
2016/02/16,0,139000,-71000,68000
2016/02/17,0,48000,-37000,11000
2016/02/18,0,65000,-34000,31000
2016/02/19,0,53000,-34000,19000
2016/02/22,0,50000,-17000,33000
2016/02/23,0,3000,-25000,-22000
2016/02/24,0,12000,-34000,-22000
2016/02/25,0,41000,-8000,33000
2016/02/26,0,7000,-36000,-29000
2016/02/29,0,0,0,0
2016/03/01,0,31000,-28000,3000
2016/03/02,0,11000,-14000,-3000
2016/03/03,0,12000,-59000,-47000
2016/03/04,0,17000,-17000,0
2016/03/07,0,5000,-133000,-128000
2016/03/08,0,17000,-74000,-57000
2016/03/09,0,5000,-26000,-21000
2016/03/10,0,45000,-4000,41000
2016/03/11,0,7000,-59000,-52000
2016/03/14,0,67000,-40000,27000
2016/03/15,0,6000,-88000,-82000
2016/03/16,0,42000,-28000,14000
2016/03/17,0,20000,-13000,7000
2016/03/18,0,26000,-39000,-13000
2016/03/21,0,10000,-5000,5000
2016/03/22,0,361000,-49000,312000
2016/03/23,0,17000,-206000,-189000
2016/03/24,0,3000,-98000,-95000
2016/03/25,0,3000,-14000,-11000
2016/03/28,0,5000,-5000,0
2016/03/29,0,0,-49000,-49000
2016/03/30,0,8000,-6000,2000
2016/03/31,0,8000,-9000,-1000
2016/04/01,0,2000,-17000,-15000
2016/04/04,0,0,0,0
2016/04/05,0,0,0,0
2016/04/06,0,1000,-5000,-4000
2016/04/07,0,58000,-5000,53000
2016/04/08,0,6000,-50000,-44000
2016/04/11,0,20000,-2000,18000
2016/04/12,0,41000,-18000,23000
2016/04/13,0,23000,-33000,-10000
2016/04/14,0,30000,-5000,25000
2016/04/15,0,47000,-32000,15000
2016/04/18,0,191000,-23000,168000
2016/04/19,0,73000,-87000,-14000
2016/04/20,0,52000,-74000,-22000
2016/04/21,0,3000,-118000,-115000
2016/04/22,0,45000,-55000,-10000
2016/04/25,0,10000,-20000,-10000
2016/04/26,0,8000,-10000,-2000
2016/04/27,0,16000,-14000,2000
2016/04/28,0,5000,-22000,-17000
2016/04/29,0,37000,-13000,24000
2016/05/02,0,0,0,0
2016/05/03,0,20000,-30000,-10000
2016/05/04,0,19000,-28000,-9000
2016/05/05,0,16000,-23000,-7000
2016/05/06,0,40000,-20000,20000
2016/05/09,0,8000,-3000,5000
2016/05/10,0,155000,-56000,99000
2016/05/11,0,86000,-121000,-35000
2016/05/12,0,51000,-138000,-87000
2016/05/13,0,62000,-18000,44000
2016/05/16,0,4000,-23000,-19000
2016/05/17,0,43000,-25000,18000
2016/05/18,0,22000,-28000,-6000
2016/05/19,0,40000,-11000,29000
2016/05/20,0,5000,-14000,-9000
2016/05/23,0,42000,-32000,10000
2016/05/24,0,40000,-20000,20000
2016/05/25,0,41000,-22000,19000
2016/05/26,0,6000,-8000,-2000
2016/05/27,0,36000,-5000,31000
2016/05/30,0,47000,-26000,21000
2016/05/31,0,106000,-107000,-1000
2016/06/01,0,40000,-66000,-26000
2016/06/02,0,67000,-94000,-27000
2016/06/03,0,72000,-40000,32000
2016/06/06,0,10000,-29000,-19000
2016/06/07,0,75000,-6000,69000
2016/06/08,0,15000,-77000,-62000
2016/06/09,0,0,0,0
2016/06/10,0,0,0,0
2016/06/13,0,12000,-39000,-27000
2016/06/14,0,15000,-25000,-10000
2016/06/15,0,55000,-13000,42000
2016/06/16,0,20000,-57000,-37000
2016/06/17,0,10000,-6000,4000
2016/06/20,0,31000,-11000,20000
2016/06/21,0,19000,-18000,1000
2016/06/22,0,14000,-5000,9000
2016/06/23,0,25000,-15000,10000
2016/06/24,0,7000,-71000,-64000
2016/06/27,0,11000,-3000,8000
2016/06/28,0,14000,-7000,7000
2016/06/29,0,11000,-1000,10000
2016/06/30,0,18000,-28000,-10000
2016/07/01,0,0,-15000,-15000
2016/07/04,0,7000,-17000,-10000
2016/07/05,0,28000,-10000,18000
2016/07/06,0,38000,-46000,-8000
2016/07/07,0,10000,-4660,5340
2016/07/08,0,0,0,0
2016/07/11,0,3000,0,3000
2016/07/12,0,22000,-1000,21000
2016/07/13,0,60000,-10000,50000
2016/07/14,0,362000,-33000,329000
2016/07/15,0,558000,-50000,508000
2016/07/18,0,16000,-576000,-560000
2016/07/19,0,111000,-52000,59000
2016/07/20,0,23000,-241000,-218000
2016/07/21,0,82000,-14000,68000
2016/07/22,0,6000,-82000,-76000
2016/07/25,0,15000,-57000,-42000
2016/07/26,0,0,-7000,-7000
2016/07/27,0,0,-30000,-30000
2016/07/28,0,53000,0,53000
2016/07/29,0,1000,-31000,-30000
2016/08/01,0,15000,-14000,1000
2016/08/02,0,7000,-38000,-31000
2016/08/03,0,19000,-9000,10000
2016/08/04,0,23000,-21000,2000
2016/08/05,0,61000,-32000,29000
2016/08/08,0,36000,0,36000
2016/08/09,0,2000,-53000,-51000
2016/08/10,0,23000,-5000,18000
2016/08/11,0,0,-8000,-8000
2016/08/12,0,94000,-18000,76000
2016/08/15,0,0,-20000,-20000
2016/08/16,0,18000,-18000,0
2016/08/17,0,13000,-35000,-22000
2016/08/18,0,18000,0,18000
2016/08/19,0,58000,-89000,-31000
2016/08/22,0,50000,-20000,30000
2016/08/23,0,16000,-1000,15000
2016/08/24,0,260000,-67000,193000
2016/08/25,0,126000,-48000,78000
2016/08/26,0,3000,-108000,-105000
2016/08/29,0,154000,-26000,128000
2016/08/30,0,10000,-68000,-58000
2016/08/31,0,27000,-54000,-27000
2016/09/01,0,27000,-180000,-153000
2016/09/02,0,1000,-54000,-53000
2016/09/05,0,30000,-12000,18000
2016/09/06,0,17000,-3000,14000
2016/09/07,0,0,-71000,-71000
2016/09/08,0,31000,-29000,2000
2016/09/09,0,0,-46000,-46000
2016/09/12,0,10000,-2000,8000
2016/09/13,0,38000,-14000,24000
2016/09/14,0,11000,-49000,-38000
2016/09/15,0,0,0,0
2016/09/16,0,0,0,0
2016/09/19,0,25000,-30000,-5000
2016/09/20,0,34000,-13000,21000
2016/09/21,0,46000,-74000,-28000
2016/09/22,0,2000,-52000,-50000
2016/09/23,0,24000,-14000,10000
2016/09/26,0,101000,-22000,79000
2016/09/27,0,0,0,0
2016/09/28,0,0,0,0
2016/09/29,0,41000,-84000,-43000
2016/09/30,0,57000,-115000,-58000
2016/10/03,0,50000,-68000,-18000
2016/10/04,0,5000,-12000,-7000
2016/10/05,0,4000,-9000,-5000
2016/10/06,0,8000,-30000,-22000
2016/10/07,0,32000,-26000,6000
2016/10/10,0,0,0,0
2016/10/11,0,17000,-100000,-83000
2016/10/12,0,10000,-12000,-2000
2016/10/13,0,0,-13000,-13000
2016/10/14,0,23000,-13000,10000
2016/10/17,0,22000,-6000,16000
2016/10/18,0,7000,-4000,3000
2016/10/19,0,21000,-13000,8000
2016/10/20,0,15000,-63000,-48000
2016/10/21,0,0,-25000,-25000
2016/10/24,0,0,0,0
2016/10/25,0,0,0,0
2016/10/26,0,0,-8000,-8000
2016/10/27,0,29000,-5000,24000
2016/10/28,0,0,-3000,-3000
2016/10/31,0,2000,-2000,0
2016/11/01,0,3000,-11000,-8000
2016/11/02,0,40000,0,40000
2016/11/03,0,8000,-2000,6000
2016/11/04,0,1000,-19000,-18000
2016/11/07,0,7000,-14000,-7000
2016/11/08,0,0,-33000,-33000
2016/11/09,0,46000,-66000,-20000
2016/11/10,0,181000,-48000,133000
2016/11/11,0,10000,-3000,7000
2016/11/14,0,2000,-5000,-3000
2016/11/15,0,23000,-40000,-17000
2016/11/16,0,41000,-21000,20000
2016/11/17,0,2000,-59000,-57000
2016/11/18,0,0,-23000,-23000
2016/11/21,0,0,-21000,-21000
2016/11/22,0,3000,-52000,-49000
2016/11/23,0,2000,0,2000
2016/11/24,0,61000,-40000,21000
2016/11/25,0,0,0,0
2016/11/28,0,4000,0,4000
2016/11/29,0,1000,0,1000
2016/11/30,0,0,0,0
2016/12/01,0,30000,-2000,28000
2016/12/02,0,0,-2000,-2000
2016/12/05,0,1000,-1000,0
2016/12/06,0,43000,0,43000
2016/12/07,0,7000,0,7000
2016/12/08,0,2000,-32000,-30000
2016/12/09,0,1000,-124,876
2016/12/12,0,14000,-15000,-1000
2016/12/13,0,0,0,0
2016/12/14,0,2000,-8000,-6000
2016/12/15,0,0,-32000,-32000
2016/12/16,0,6000,-57000,-51000
2016/12/19,0,54000,-2000,52000
2016/12/20,0,31000,0,31000
2016/12/21,0,8000,-19000,-11000
2016/12/22,0,9000,-10000,-1000
2016/12/23,0,0,-18000,-18000
2016/12/26,0,0,-39000,-39000
2016/12/27,0,8000,0,8000
2016/12/28,0,1000,-15000,-14000
2016/12/29,0,0,-30000,-30000
2016/12/30,0,0,0,0
2017/01/02,0,0,0,0
2017/01/03,0,0,0,0
2017/01/04,0,25000,-1000,24000
2017/01/05,0,32000,0,32000
2017/01/06,0,0,-10000,-10000
2017/01/09,0,3000,-5000,-2000
2017/01/10,0,0,-18000,-18000
2017/01/11,0,25000,-24000,1000
2017/01/12,0,15000,0,15000
2017/01/13,0,0,0,0
2017/01/16,0,2000,0,2000
2017/01/17,0,0,-7000,-7000
2017/01/18,0,37000,-25000,12000
2017/01/19,0,36000,-1000,35000
2017/01/20,0,65000,0,65000
2017/01/23,0,41000,-3000,38000
2017/01/24,0,4000,0,4000
2017/01/25,0,0,0,0
2017/01/26,0,0,0,0
2017/01/27,0,0,0,0
2017/01/30,0,0,0,0
2017/01/31,0,0,0,0
2017/02/01,0,0,0,0
2017/02/02,0,35000,-18000,17000
2017/02/03,0,20000,-7000,13000
2017/02/06,0,58000,-52000,6000
2017/02/07,0,0,-37000,-37000
2017/02/08,0,1000,-30000,-29000
2017/02/09,0,0,-3000,-3000
2017/02/10,0,3000,-8000,-5000
2017/02/13,0,0,-2000,-2000
2017/02/14,0,0,-1000,-1000
2017/02/15,0,14000,0,14000
2017/02/16,0,1000,-50000,-49000
2017/02/17,0,0,-1000,-1000
2017/02/20,0,0,-8000,-8000
2017/02/21,0,1000,-5000,-4000
2017/02/22,0,3000,-14000,-11000
2017/02/23,0,51000,-17000,34000
2017/02/24,0,13000,-14000,-1000
2017/02/27,0,0,0,0
2017/02/28,0,0,0,0
2017/03/01,0,73000,-5000,68000
2017/03/02,0,0,-17000,-17000
2017/03/03,0,0,-1000,-1000
2017/03/06,0,0,-5000,-5000
2017/03/07,0,25000,-22000,3000
2017/03/08,0,0,-15000,-15000
2017/03/09,0,28000,0,28000
2017/03/10,0,6000,0,6000
2017/03/13,0,0,-2000,-2000
2017/03/14,0,0,-3000,-3000
2017/03/15,0,33000,-5000,28000
2017/03/16,0,41000,-8000,33000
2017/03/17,0,2000,-17000,-15000
2017/03/20,0,26000,0,26000
2017/03/21,0,6000,-1000,5000
2017/03/22,0,3000,0,3000
2017/03/23,0,2000,0,2000
2017/03/24,0,4000,-35000,-31000
2017/03/27,0,1000,0,1000
2017/03/28,0,12000,-30000,-18000
2017/03/29,0,26000,-33000,-7000
2017/03/30,0,0,-42000,-42000
2017/03/31,0,1000,0,1000
2017/04/03,0,0,0,0
2017/04/04,0,0,0,0
2017/04/05,0,20000,-9000,11000
2017/04/06,0,6000,-2000,4000
2017/04/07,0,0,-6000,-6000
2017/04/10,0,1000,0,1000
2017/04/11,0,46000,-4000,42000
2017/04/12,0,17000,-24000,-7000
2017/04/13,0,53000,-17000,36000
2017/04/14,0,41000,-39000,2000
2017/04/17,0,92000,-7000,85000
2017/04/18,0,5000,-23000,-18000
2017/04/19,0,25000,-16000,9000
2017/04/20,0,5000,-4000,1000
2017/04/21,0,62000,-25000,37000
2017/04/24,0,74000,-38000,36000
2017/04/25,0,6000,-32000,-26000
2017/04/26,0,15000,-4000,11000
2017/04/27,0,33000,-10000,23000
2017/04/28,0,27000,-11000,16000
2017/05/01,0,0,0,0
2017/05/02,0,4000,-13000,-9000
2017/05/03,0,43000,-5000,38000
2017/05/04,0,3000,-90000,-87000
2017/05/05,0,1000,-28000,-27000
2017/05/08,0,18000,-1000,17000
2017/05/09,0,195000,-41000,154000
2017/05/10,0,127000,-174000,-47000
2017/05/11,0,95000,-132000,-37000
2017/05/12,0,18000,-59000,-41000
2017/05/15,0,96000,-33000,63000
2017/05/16,0,63000,-56000,7000
2017/05/17,0,11000,-109000,-98000
2017/05/18,0,65000,-29000,36000
2017/05/19,0,32000,-20000,12000
2017/05/22,0,23000,-39000,-16000
2017/05/23,0,14000,-15000,-1000
2017/05/24,0,62000,-27000,35000
2017/05/25,0,351000,-70000,281000
2017/05/26,0,249000,-257000,-8000
2017/05/29,0,0,0,0
2017/05/30,0,0,0,0
2017/05/31,0,43000,-133000,-90000
2017/06/01,0,10000,-40000,-30000
2017/06/02,0,37000,-112000,-75000
2017/06/05,0,22000,-122000,-100000
2017/06/06,0,9000,0,9000
2017/06/07,0,15000,-22000,-7000
2017/06/08,0,3000,-52000,-49000
2017/06/09,0,18000,-14000,4000
2017/06/12,0,18000,-13000,5000
2017/06/13,0,24000,-54000,-30000
2017/06/14,0,42000,-46000,-4000
2017/06/15,0,4000,-40000,-36000
2017/06/16,0,24000,-9000,15000
2017/06/19,0,23000,-19000,4000
2017/06/20,0,134000,-58000,76000
2017/06/21,0,73000,-104000,-31000
2017/06/22,0,45000,-112000,-67000
2017/06/23,0,3000,-56000,-53000
2017/06/26,0,52000,-7000,45000
2017/06/27,0,17000,-15000,2000
2017/06/28,0,27000,-2000,25000
2017/06/29,0,0,-21000,-21000
2017/06/30,0,4000,-13000,-9000
2017/07/03,0,94000,-16000,78000
2017/07/04,0,35000,-48000,-13000
2017/07/05,0,412000,-12000,400000
2017/07/06,0,25000,-184000,-159000
2017/07/07,0,69000,-139000,-70000
2017/07/10,0,4000,-30000,-26000
2017/07/11,0,34000,-14000,20000
2017/07/12,0,85000,-45000,40000
2017/07/13,0,0,-91000,-91000
2017/07/14,0,149000,-10000,139000
2017/07/17,0,539000,-56000,483000
2017/07/18,0,28000,-427000,-399000
2017/07/19,0,38000,-182000,-144000
2017/07/20,0,4000,-121000,-117000
2017/07/21,0,0,-38000,-38000
2017/07/24,0,2000,-6000,-4000
2017/07/25,0,107000,-17000,90000
2017/07/26,0,1000,-89000,-88000
2017/07/27,0,11000,-35000,-24000
2017/07/28,0,5000,-18000,-13000
2017/07/31,0,0,-4000,-4000
2017/08/01,0,2000,-7000,-5000
2017/08/02,0,0,-4000,-4000
2017/08/03,0,2000,-13000,-11000
2017/08/04,0,6000,-23000,-17000
2017/08/07,0,8000,-2000,6000
2017/08/08,0,99000,-10000,89000
2017/08/09,0,239000,-194000,45000
2017/08/10,0,109000,-81000,28000
2017/08/11,0,51000,-56000,-5000
2017/08/14,0,49000,-65000,-16000
2017/08/15,0,130000,-80000,50000
2017/08/16,0,33000,-110000,-77000
2017/08/17,0,6000,-55000,-49000
2017/08/18,0,26000,-17000,9000
