Date,Open,Buy,Sell,Total
2007/01/02,0,0,-7000,-7000
2007/01/03,0,0,-337000,-337000
2007/01/04,0,121000,-50000,71000
2007/01/05,0,0,0,0
2007/01/08,0,0,0,0
2007/01/09,0,0,0,0
2007/01/10,0,0,-12000,-12000
2007/01/11,0,42000,0,42000
2007/01/12,0,55000,-11000,44000
2007/01/15,0,0,0,0
2007/01/16,0,114000,0,114000
2007/01/17,0,19000,0,19000
2007/01/18,0,0,0,0
2007/01/19,0,0,-160000,-160000
2007/01/22,0,68000,-2000,66000
2007/01/23,0,0,-132000,-132000
2007/01/24,0,32000,0,32000
2007/01/25,0,32000,0,32000
2007/01/26,0,0,0,0
2007/01/29,0,0,-4000,-4000
2007/01/30,0,107000,0,107000
2007/01/31,0,0,0,0
2007/02/01,0,0,0,0
2007/02/02,0,11000,-105000,-94000
2007/02/05,0,64000,0,64000
2007/02/06,0,125000,-110000,15000
2007/02/07,0,0,0,0
2007/02/08,0,10000,0,10000
2007/02/09,0,136000,0,136000
2007/02/12,0,27000,0,27000
2007/02/13,0,0,0,0
2007/02/14,0,0,-42000,-42000
2007/02/15,0,0,0,0
2007/02/16,0,0,0,0
2007/02/19,0,0,0,0
2007/02/20,0,0,0,0
2007/02/21,0,0,0,0
2007/02/22,0,0,0,0
2007/02/23,0,0,0,0
2007/02/26,0,0,0,0
2007/02/27,0,50000,0,50000
2007/02/28,0,0,0,0
2007/03/01,0,56000,0,56000
2007/03/02,0,30000,0,30000
2007/03/05,0,0,-20000,-20000
2007/03/06,0,320000,-8000,312000
2007/03/07,0,0,-8000,-8000
2007/03/08,0,0,0,0
2007/03/09,0,0,0,0
2007/03/12,0,8000,-6000,2000
2007/03/13,0,100000,0,100000
2007/03/14,0,0,-90000,-90000
2007/03/15,0,40000,-136000,-96000
2007/03/16,0,0,-135000,-135000
2007/03/19,0,0,-1000,-1000
2007/03/20,0,0,-6000,-6000
2007/03/21,0,0,-63000,-63000
2007/03/22,0,0,-7000,-7000
2007/03/23,0,0,-50000,-50000
2007/03/26,0,1000,0,1000
2007/03/27,0,40000,0,40000
2007/03/28,0,20000,0,20000
2007/03/29,0,10000,-7000,3000
2007/03/30,0,10000,-63000,-53000
2007/04/02,0,10000,-74000,-64000
2007/04/03,0,161000,0,161000
2007/04/04,0,10000,-4000,6000
2007/04/05,0,0,0,0
2007/04/06,0,0,0,0
2007/04/09,0,10000,-9000,1000
2007/04/10,0,5000,-6000,-1000
2007/04/11,0,11000,0,11000
2007/04/12,0,10000,0,10000
2007/04/13,0,48000,-10000,38000
2007/04/16,0,0,-36000,-36000
2007/04/17,0,7000,-50000,-43000
2007/04/18,0,0,-20000,-20000
2007/04/19,0,0,-20000,-20000
2007/04/20,0,0,-35000,-35000
2007/04/23,0,57000,-10000,47000
2007/04/24,0,114000,-70000,44000
2007/04/25,0,0,0,0
2007/04/26,0,0,-151000,-151000
2007/04/27,0,0,0,0
2007/04/30,0,0,0,0
2007/05/01,0,0,0,0
2007/05/02,0,15000,0,15000
2007/05/03,0,110000,-160000,-50000
2007/05/04,0,0,-595000,-595000
2007/05/07,0,0,-60000,-60000
2007/05/08,0,0,-45000,-45000
2007/05/09,0,0,0,0
2007/05/10,0,0,-15000,-15000
2007/05/11,0,0,-1000,-1000
2007/05/14,0,18000,0,18000
2007/05/15,0,38000,-161000,-123000
2007/05/16,0,0,-183000,-183000
2007/05/17,0,0,-6000,-6000
2007/05/18,0,0,0,0
2007/05/21,0,0,0,0
2007/05/22,0,11000,0,11000
2007/05/23,0,0,-109000,-109000
2007/05/24,0,0,0,0
2007/05/25,0,2000,0,2000
2007/05/28,0,0,0,0
2007/05/29,0,0,0,0
2007/05/30,0,0,-250000,-250000
2007/05/31,0,0,0,0
2007/06/01,0,0,0,0
2007/06/04,0,6000,0,6000
2007/06/05,0,0,-66000,-66000
2007/06/06,0,5000,0,5000
2007/06/07,0,0,0,0
2007/06/08,0,0,0,0
2007/06/11,0,0,-6000,-6000
2007/06/12,0,12000,-29000,-17000
2007/06/13,0,0,-162000,-162000
2007/06/14,0,0,-44000,-44000
2007/06/15,0,9000,-18000,-9000
2007/06/18,0,0,0,0
2007/06/19,0,0,0,0
2007/06/20,0,0,-1000,-1000
2007/06/21,0,0,-39000,-39000
2007/06/22,0,0,-20000,-20000
2007/06/25,0,0,-369000,-369000
2007/06/26,0,0,0,0
2007/06/27,0,0,0,0
2007/06/28,0,0,0,0
2007/06/29,0,2000,-82000,-80000
2007/07/02,0,0,-41000,-41000
2007/07/03,0,0,-174000,-174000
2007/07/04,0,2000,-129000,-127000
2007/07/05,0,254000,-98000,156000
2007/07/06,0,421000,0,421000
2007/07/09,0,411000,0,411000
2007/07/10,0,3000,0,3000
2007/07/11,0,25000,0,25000
2007/07/12,0,0,-57000,-57000
2007/07/13,0,25000,0,25000
2007/07/16,0,0,0,0
2007/07/17,0,0,-11000,-11000
2007/07/18,0,16000,-50000,-34000
2007/07/19,0,6000,0,6000
2007/07/20,0,6000,0,6000
2007/07/23,0,10000,0,10000
2007/07/24,0,11000,-44000,-33000
2007/07/25,0,130000,0,130000
2007/07/26,0,48000,-61000,-13000
2007/07/27,0,63000,0,63000
2007/07/30,0,0,-2000,-2000
2007/07/31,0,0,-3000,-3000
2007/08/01,0,2000,-77000,-75000
2007/08/02,0,5000,-3000,2000
2007/08/03,0,449000,-221000,228000
2007/08/06,0,133000,0,133000
2007/08/07,0,2000,0,2000
2007/08/08,0,305000,0,305000
2007/08/09,0,1000,0,1000
2007/08/10,0,6000,-26000,-20000
2007/08/13,0,0,0,0
2007/08/14,0,16000,0,16000
2007/08/15,0,69000,0,69000
2007/08/16,0,17000,-12000,5000
2007/08/17,0,95000,-6000,89000
2007/08/20,0,15000,0,15000
2007/08/21,0,0,0,0
2007/08/22,0,40000,-2000,38000
2007/08/23,0,66000,0,66000
2007/08/24,0,0,-154000,-154000
2007/08/27,0,6000,-198000,-192000
2007/08/28,0,0,0,0
2007/08/29,0,0,-61000,-61000
2007/08/30,0,0,0,0
2007/08/31,0,0,-22000,-22000
2007/09/03,0,11000,-93000,-82000
2007/09/04,0,31000,-7000,24000
2007/09/05,0,0,0,0
2007/09/06,0,0,0,0
2007/09/07,0,1000,-16000,-15000
2007/09/10,0,0,-3000,-3000
2007/09/11,0,0,0,0
2007/09/12,0,0,-13000,-13000
2007/09/13,0,0,0,0
2007/09/14,0,7000,0,7000
2007/09/17,0,0,0,0
2007/09/18,0,0,0,0
2007/09/19,0,3000,-32000,-29000
2007/09/20,0,5000,0,5000
2007/09/21,0,205000,0,205000
2007/09/24,0,0,0,0
2007/09/25,0,0,0,0
2007/09/26,0,6000,-61000,-55000
2007/09/27,0,4000,0,4000
2007/09/28,0,200000,-5000,195000
2007/10/01,0,0,-8000,-8000
2007/10/02,0,141000,-8000,133000
2007/10/03,0,82000,-2000,80000
2007/10/04,0,0,0,0
2007/10/05,0,0,-38000,-38000
2007/10/08,0,323000,-14000,309000
2007/10/09,0,0,0,0
2007/10/10,0,0,0,0
2007/10/11,0,0,0,0
2007/10/12,0,300000,0,300000
2007/10/15,0,9000,0,9000
2007/10/16,0,5000,-37000,-32000
2007/10/17,0,15000,0,15000
2007/10/18,0,0,0,0
2007/10/19,0,0,-43000,-43000
2007/10/22,0,1000,0,1000
2007/10/23,0,11000,-2000,9000
2007/10/24,0,0,0,0
2007/10/25,0,6000,0,6000
2007/10/26,0,0,0,0
2007/10/29,0,108000,0,108000
2007/10/30,0,11000,0,11000
2007/10/31,0,323000,-10000,313000
2007/11/01,0,193000,0,193000
2007/11/02,0,39000,0,39000
2007/11/05,0,1000,-1000,0
2007/11/06,0,1000,-58000,-57000
2007/11/07,0,601000,0,601000
2007/11/08,0,6000,0,6000
2007/11/09,0,116000,0,116000
2007/11/12,0,1561000,0,1561000
2007/11/13,0,5000,-3000,2000
2007/11/14,0,101000,-12000,89000
2007/11/15,0,1000,0,1000
2007/11/16,0,77000,0,77000
2007/11/19,0,2000,-16000,-14000
2007/11/20,0,5000,0,5000
2007/11/21,0,1000,0,1000
2007/11/22,0,4000,0,4000
2007/11/23,0,515000,0,515000
2007/11/26,0,272000,0,272000
2007/11/27,0,193000,0,193000
2007/11/28,0,2704000,0,2704000
2007/11/29,0,3401000,-50000,3351000
2007/11/30,0,285000,0,285000
2007/12/03,0,2744000,-8000,2736000
2007/12/04,0,840000,-415000,425000
2007/12/05,0,12000,-500000,-488000
2007/12/06,0,1000,0,1000
2007/12/07,0,0,-18000,-18000
2007/12/10,0,0,0,0
2007/12/11,0,150000,0,150000
2007/12/12,0,424000,-40000,384000
2007/12/13,0,969000,-22000,947000
2007/12/14,0,602000,-7000,595000
2007/12/17,0,95000,0,95000
2007/12/18,0,288000,-134000,154000
2007/12/19,0,2000,0,2000
2007/12/20,0,1000,0,1000
2007/12/21,0,41000,0,41000
2007/12/24,0,581000,0,581000
2007/12/25,0,0,-2000,-2000
2007/12/26,0,300000,0,300000
2007/12/27,0,302000,-352000,-50000
2007/12/28,0,0,-102000,-102000
2007/12/31,0,424000,-25000,399000
2008/01/01,0,0,0,0
2008/01/02,0,0,0,0
2008/01/03,0,300000,-2000,298000
2008/01/04,0,0,-4000,-4000
2008/01/07,0,4644000,-7000,4637000
2008/01/08,0,100000,-58000,42000
2008/01/09,0,4064000,-20000,4044000
2008/01/10,0,3664000,-106000,3558000
2008/01/11,0,514000,-70000,444000
2008/01/14,0,1291000,0,1291000
2008/01/15,0,502000,-17000,485000
2008/01/16,0,967000,-5000,962000
2008/01/17,0,851000,-68000,783000
2008/01/18,0,2529000,0,2529000
2008/01/21,0,249000,-74000,175000
2008/01/22,0,200000,-112000,88000
2008/01/23,0,41000,0,41000
2008/01/24,0,5450000,0,5450000
2008/01/25,0,3452000,-1200000,2252000
2008/01/28,0,1199000,-1043000,156000
2008/01/29,0,1615000,-200000,1415000
2008/01/30,0,1564000,-210000,1354000
2008/01/31,0,2307000,-825000,1482000
2008/02/01,0,0,0,0
2008/02/04,0,0,0,0
2008/02/05,0,0,0,0
2008/02/06,0,0,0,0
2008/02/07,0,0,0,0
2008/02/08,0,0,0,0
2008/02/11,0,0,0,0
2008/02/12,0,0,0,0
2008/02/13,0,0,0,0
2008/02/14,0,0,0,0
2008/02/15,0,0,0,0
2008/02/18,0,0,0,0
2008/02/19,0,0,0,0
2008/02/20,0,727000,-47627,679373
2008/02/21,0,1104000,-636022,467978
2008/02/22,0,124000,-605157,-481157
2008/02/25,0,19000,-908034,-889034
2008/02/26,0,1758000,-4274000,-2516000
2008/02/27,0,0,-5868578,-5868578
2008/02/28,0,0,0,0
2008/02/29,0,9000,-799046,-790046
2008/03/03,0,1081000,-230000,851000
2008/03/04,0,308000,-288000,20000
2008/03/05,0,108000,-1227000,-1119000
2008/03/06,0,1000,-2000,-1000
2008/03/07,0,3000,-692387,-689387
2008/03/10,0,89000,-616000,-527000
2008/03/11,0,12000,-259000,-247000
2008/03/12,0,20000,-1115060,-1095060
2008/03/13,0,747000,-801000,-54000
2008/03/14,0,84000,0,84000
2008/03/17,0,505000,-1000,504000
2008/03/18,0,54000,-10000,44000
2008/03/19,0,10000,0,10000
2008/03/20,0,304000,-20000,284000
2008/03/21,0,6000,-1236846,-1230846
2008/03/24,0,140000,-12000,128000
2008/03/25,0,3000,-7017000,-7014000
2008/03/26,0,6000,-1455865,-1449865
2008/03/27,0,6000,-1009000,-1003000
2008/03/28,0,809000,0,809000
2008/03/31,0,632000,-160000,472000
2008/04/01,0,3000,-500000,-497000
2008/04/02,0,221000,-568000,-347000
2008/04/03,0,4000,-1120000,-1116000
2008/04/04,0,0,0,0
2008/04/07,0,3000,-1203985,-1200985
2008/04/08,0,56000,-450000,-394000
2008/04/09,0,5000,-123054,-118054
2008/04/10,0,4000,-550000,-546000
2008/04/11,0,0,0,0
2008/04/14,0,59000,-5000,54000
2008/04/15,0,2000,-390000,-388000
2008/04/16,0,0,-10000,-10000
2008/04/17,0,252000,-7000,245000
2008/04/18,0,0,-57000,-57000
2008/04/21,0,9000,-613000,-604000
2008/04/22,0,7000,-187000,-180000
2008/04/23,0,8000,0,8000
2008/04/24,0,262000,0,262000
2008/04/25,0,5000,-112000,-107000
2008/04/28,0,641000,-69891,571109
2008/04/29,0,8000,0,8000
2008/04/30,0,53000,-25000,28000
2008/05/01,0,0,0,0
2008/05/02,0,431000,0,431000
2008/05/05,0,183000,-59000,124000
2008/05/06,0,26000,0,26000
2008/05/07,0,425000,-306000,119000
2008/05/08,0,6000,-315000,-309000
2008/05/09,0,16000,-284075,-268075
2008/05/12,0,26000,-5000,21000
2008/05/13,0,66000,-24000,42000
2008/05/14,0,126000,0,126000
2008/05/15,0,118000,0,118000
2008/05/16,0,0,-70000,-70000
2008/05/19,0,0,-334000,-334000
2008/05/20,0,0,-13071,-13071
2008/05/21,0,0,-5000,-5000
2008/05/22,0,17000,-2000,15000
2008/05/23,0,3000,-5000,-2000
2008/05/26,0,290000,-52000,238000
2008/05/27,0,907000,-12000,895000
2008/05/28,0,166000,0,166000
2008/05/29,0,183000,0,183000
2008/05/30,0,71000,-11000,60000
2008/06/02,0,20000,0,20000
2008/06/03,0,350000,-826000,-476000
2008/06/04,0,0,0,0
2008/06/05,0,1000,0,1000
2008/06/06,0,0,0,0
2008/06/09,0,150000,0,150000
2008/06/10,0,62000,-13000,49000
2008/06/11,0,269000,0,269000
2008/06/12,0,36000,0,36000
2008/06/13,0,51000,0,51000
2008/06/16,0,411000,-4000,407000
2008/06/17,0,170000,-37602,132398
2008/06/18,0,115000,0,115000
2008/06/19,0,259000,-6000,253000
2008/06/20,0,161000,-2000,159000
2008/06/23,0,13000,0,13000
2008/06/24,0,97000,0,97000
2008/06/25,0,114000,0,114000
2008/06/26,0,0,-1283948,-1283948
2008/06/27,0,719000,0,719000
2008/06/30,0,2000,-100000,-98000
2008/07/01,0,4193000,-1329000,2864000
2008/07/02,0,20000,-908000,-888000
2008/07/03,0,1000,0,1000
2008/07/04,0,4000,0,4000
2008/07/07,0,93000,0,93000
2008/07/08,0,0,0,0
2008/07/09,0,0,-1002000,-1002000
2008/07/10,0,0,-40000,-40000
2008/07/11,0,14000,0,14000
2008/07/14,0,0,-450000,-450000
2008/07/15,0,2676000,-454000,2222000
2008/07/16,0,916000,0,916000
2008/07/17,0,955000,0,955000
2008/07/18,0,0,-336000,-336000
2008/07/21,0,1523000,-139000,1384000
2008/07/22,0,4000,-200000,-196000
2008/07/23,0,716000,-363000,353000
2008/07/24,0,1000,-464000,-463000
2008/07/25,0,0,0,0
2008/07/28,0,0,0,0
2008/07/29,0,3000,-11000,-8000
2008/07/30,0,314000,-14000,300000
2008/07/31,0,1064000,0,1064000
2008/08/01,0,201000,0,201000
2008/08/04,0,4000,0,4000
2008/08/05,0,1237000,-41000,1196000
2008/08/06,0,199000,0,199000
2008/08/07,0,114000,0,114000
2008/08/08,0,287000,-200000,87000
2008/08/11,0,101000,0,101000
2008/08/12,0,108000,-339000,-231000
2008/08/13,0,0,-1175000,-1175000
2008/08/14,0,15000,-303000,-288000
2008/08/15,0,11000,-318000,-307000
2008/08/18,0,1000,-8000,-7000
2008/08/19,0,350000,-18000,332000
2008/08/20,0,86000,-113000,-27000
2008/08/21,0,62000,-214000,-152000
2008/08/22,0,1000,0,1000
2008/08/25,0,9000,0,9000
2008/08/26,0,11000,-71000,-60000
2008/08/27,0,0,0,0
2008/08/28,0,46000,-22360,23640
2008/08/29,0,72000,-15000,57000
2008/09/01,0,489000,0,489000
2008/09/02,0,1334000,-9000,1325000
2008/09/03,0,460000,-1000,459000
2008/09/04,0,1174000,-2000,1172000
2008/09/05,0,552000,0,552000
2008/09/08,0,414000,0,414000
2008/09/09,0,428000,0,428000
2008/09/10,0,451000,0,451000
2008/09/11,0,832000,-455000,377000
2008/09/12,0,2130000,0,2130000
2008/09/15,0,250000,0,250000
2008/09/16,0,856000,-1000,855000
2008/09/17,0,310000,-184000,126000
2008/09/18,0,1532000,-291000,1241000
2008/09/19,0,3084000,-613000,2471000
2008/09/22,0,525000,-23000,502000
2008/09/23,0,98000,0,98000
2008/09/24,0,0,-2000,-2000
2008/09/25,0,1708000,-524000,1184000
2008/09/26,0,1480000,-20000,1460000
2008/09/29,0,0,0,0
2008/09/30,0,1015000,-735000,280000
2008/10/01,0,526000,-107000,419000
2008/10/02,0,956000,-64000,892000
2008/10/03,0,275000,-45000,230000
2008/10/06,0,300000,-1464000,-1164000
2008/10/07,0,2407000,-310000,2097000
2008/10/08,0,1105000,0,1105000
2008/10/09,0,1125000,-951000,174000
2008/10/10,0,0,0,0
2008/10/13,0,15000,-1030000,-1015000
2008/10/14,0,0,-780000,-780000
2008/10/15,0,4000,-273000,-269000
2008/10/16,0,7000,0,7000
2008/10/17,0,78000,-319000,-241000
2008/10/20,0,0,-518000,-518000
2008/10/21,0,44000,-62000,-18000
2008/10/22,0,39000,-307000,-268000
2008/10/23,0,6000,-588000,-582000
2008/10/24,0,839000,-1445004,-606004
2008/10/27,0,1100000,-80000,1020000
2008/10/28,0,442000,-63000,379000
2008/10/29,0,630000,-1227000,-597000
2008/10/30,0,223000,-2013000,-1790000
2008/10/31,0,398000,-785000,-387000
2008/11/03,0,71000,-1543000,-1472000
2008/11/04,0,320000,-985000,-665000
2008/11/05,0,2000,-701000,-699000
2008/11/06,0,220000,-3000,217000
2008/11/07,0,1122000,0,1122000
2008/11/10,0,1132000,-450000,682000
2008/11/11,0,1110000,-250000,860000
2008/11/12,0,840000,-12000,828000
2008/11/13,0,5302000,-16000,5286000
2008/11/14,0,3423000,-75000,3348000
2008/11/17,0,3024000,-154000,2870000
2008/11/18,0,2470000,-89000,2381000
2008/11/19,0,1397000,-150000,1247000
2008/11/20,0,1250000,-43000,1207000
2008/11/21,0,2640000,0,2640000
2008/11/24,0,653000,-489000,164000
2008/11/25,0,2451000,-3223925,-772925
2008/11/26,0,62000,-1015000,-953000
2008/11/27,0,715000,-912000,-197000
2008/11/28,0,823000,-1998000,-1175000
2008/12/01,0,314000,-747075,-433075
2008/12/02,0,1573000,-16000,1557000
2008/12/03,0,1228000,-75000,1153000
2008/12/04,0,832000,-544000,288000
2008/12/05,0,1248000,-1000,1247000
2008/12/08,0,1362000,-801000,561000
2008/12/09,0,238000,-2092000,-1854000
2008/12/10,0,118000,-1152000,-1034000
2008/12/11,0,213000,-4742000,-4529000
2008/12/12,0,152000,-3361000,-3209000
2008/12/15,0,812000,-3309529,-2497529
2008/12/16,0,3362000,-1796000,1566000
2008/12/17,0,6445000,-350000,6095000
2008/12/18,0,5794000,-110000,5684000
2008/12/19,0,5953000,-2438000,3515000
2008/12/22,0,680000,-120000,560000
2008/12/23,0,3049000,-401000,2648000
2008/12/24,0,4798000,-1457000,3341000
2008/12/25,0,1687000,-503000,1184000
2008/12/26,0,245000,-70000,175000
2008/12/29,0,1289000,-125000,1164000
2008/12/30,0,422000,-1458000,-1036000
2008/12/31,0,0,-1234441,-1234441
2009/01/01,0,0,0,0
2009/01/02,0,0,0,0
2009/01/05,0,0,-1514000,-1514000
2009/01/06,0,0,-1260000,-1260000
2009/01/07,0,522000,-3314000,-2792000
2009/01/08,0,431000,-1780000,-1349000
2009/01/09,0,658000,-225000,433000
2009/01/12,0,757000,-45000,712000
2009/01/13,0,925000,-400000,525000
2009/01/14,0,910000,-246000,664000
2009/01/15,0,0,-642000,-642000
2009/01/16,0,611000,-400000,211000
2009/01/19,0,1569000,-636000,933000
2009/01/20,0,1653000,-7000,1646000
2009/01/21,0,2183000,-2000,2181000
2009/01/22,0,0,0,0
2009/01/23,0,0,0,0
2009/01/26,0,0,0,0
2009/01/27,0,0,0,0
2009/01/28,0,0,0,0
2009/01/29,0,0,0,0
2009/01/30,0,0,0,0
2009/02/02,0,50000,-2690000,-2640000
2009/02/03,0,112000,-3870000,-3758000
2009/02/04,0,30000,-3564000,-3534000
2009/02/05,0,0,-2210000,-2210000
2009/02/06,0,103000,-1159000,-1056000
2009/02/09,0,0,-2068000,-2068000
2009/02/10,0,114000,-2308000,-2194000
2009/02/11,0,260000,-953000,-693000
2009/02/12,0,894000,-385000,509000
2009/02/13,0,1412000,-312000,1100000
2009/02/16,0,680000,-60000,620000
2009/02/17,0,0,-190000,-190000
2009/02/18,0,389000,-657000,-268000
2009/02/19,0,50000,-750000,-700000
2009/02/20,0,919000,-626000,293000
2009/02/23,0,590000,-248000,342000
2009/02/24,0,154000,-100000,54000
2009/02/25,0,0,-250000,-250000
2009/02/26,0,0,-86000,-86000
2009/02/27,0,282000,-1055000,-773000
2009/03/02,0,213000,-2000,211000
2009/03/03,0,3142000,-550000,2592000
2009/03/04,0,175000,-81000,94000
2009/03/05,0,0,-1943000,-1943000
2009/03/06,0,128000,-1610000,-1482000
2009/03/09,0,0,-574000,-574000
2009/03/10,0,14000,-2000,12000
2009/03/11,0,0,-1105000,-1105000
2009/03/12,0,170000,-1216000,-1046000
2009/03/13,0,345000,-3008000,-2663000
2009/03/16,0,0,-565000,-565000
2009/03/17,0,0,-579000,-579000
2009/03/18,0,215000,-618000,-403000
2009/03/19,0,70000,-737000,-667000
2009/03/20,0,68000,-1105000,-1037000
2009/03/23,0,237000,-380000,-143000
2009/03/24,0,0,-1464608,-1464608
2009/03/25,0,0,-809000,-809000
2009/03/26,0,0,-992000,-992000
2009/03/27,0,0,-70000,-70000
2009/03/30,0,0,-4000,-4000
2009/03/31,0,0,-7000,-7000
2009/04/01,0,350000,-2750000,-2400000
2009/04/02,0,4000,-2113000,-2109000
2009/04/03,0,200000,-2023361,-1823361
2009/04/06,0,650000,-2283000,-1633000
2009/04/07,0,458000,-1500000,-1042000
2009/04/08,0,1641000,-2467000,-826000
2009/04/09,0,0,-3106000,-3106000
2009/04/10,0,0,-303000,-303000
2009/04/13,0,6000,-696000,-690000
2009/04/14,0,23000,-573000,-550000
2009/04/15,0,0,-276000,-276000
2009/04/16,0,40000,-53000,-13000
2009/04/17,0,0,-339000,-339000
2009/04/20,0,280000,0,280000
2009/04/21,0,367000,-3154000,-2787000
2009/04/22,0,0,-1073000,-1073000
2009/04/23,0,2000,-4000,-2000
2009/04/24,0,0,-2000,-2000
2009/04/27,0,2000,-51000,-49000
2009/04/28,0,2000,0,2000
2009/04/29,0,467000,-125000,342000
2009/04/30,0,40000,-257000,-217000
2009/05/01,0,0,0,0
2009/05/04,0,103000,-3000,100000
2009/05/05,0,31000,-5000,26000
2009/05/06,0,0,-51000,-51000
2009/05/07,0,4000,-2133000,-2129000
2009/05/08,0,0,-88000,-88000
2009/05/11,0,7000,-8000,-1000
2009/05/12,0,0,-6000,-6000
2009/05/13,0,74000,-30000,44000
2009/05/14,0,0,0,0
2009/05/15,0,20000,-1552000,-1532000
2009/05/18,0,4000,-2114000,-2110000
2009/05/19,0,306000,-1893000,-1587000
2009/05/20,0,87000,-6000,81000
2009/05/21,0,597000,0,597000
2009/05/22,0,2000,-6000,-4000
2009/05/25,0,222000,-27000,195000
2009/05/26,0,365000,-54000,311000
2009/05/27,0,134000,-61000,73000
2009/05/28,0,0,0,0
2009/05/29,0,0,0,0
2009/06/01,0,135000,-34000,101000
2009/06/02,0,52000,-98000,-46000
2009/06/03,0,80000,0,80000
2009/06/04,0,0,-5000,-5000
2009/06/05,0,0,-26000,-26000
2009/06/08,0,1607000,-806000,801000
2009/06/09,0,3943000,-22000,3921000
2009/06/10,0,1991000,-17000,1974000
2009/06/11,0,15000,-9000,6000
2009/06/12,0,1400000,-1005000,395000
2009/06/15,0,308000,-40000,268000
2009/06/16,0,1106000,-3000,1103000
2009/06/17,0,1356000,-87000,1269000
2009/06/18,0,713000,0,713000
2009/06/19,0,728000,0,728000
2009/06/22,0,9000,0,9000
2009/06/23,0,1820000,-46000,1774000
2009/06/24,0,4000,-6000,-2000
2009/06/25,0,1000,0,1000
2009/06/26,0,170000,-202000,-32000
2009/06/29,0,8000,-42000,-34000
2009/06/30,0,200000,0,200000
2009/07/01,0,1000000,0,1000000
2009/07/02,0,138000,-1213000,-1075000
2009/07/03,0,50000,-17000,33000
2009/07/06,0,0,-1216000,-1216000
2009/07/07,0,205000,-392000,-187000
2009/07/08,0,1780000,-5000,1775000
2009/07/09,0,0,-600000,-600000
2009/07/10,0,0,-606000,-606000
2009/07/13,0,411000,-8000,403000
2009/07/14,0,0,-176000,-176000
2009/07/15,0,0,-421000,-421000
2009/07/16,0,0,-562000,-562000
2009/07/17,0,498000,-1000,497000
2009/07/20,0,0,-1252000,-1252000
2009/07/21,0,0,-1455000,-1455000
2009/07/22,0,0,-1072000,-1072000
2009/07/23,0,0,-432000,-432000
2009/07/24,0,0,-1953000,-1953000
2009/07/27,0,0,-2000,-2000
2009/07/28,0,0,-1091000,-1091000
2009/07/29,0,69000,-2584000,-2515000
2009/07/30,0,92000,-1507000,-1415000
2009/07/31,0,92000,-973000,-881000
2009/08/03,0,942000,0,942000
2009/08/04,0,950000,-10000,940000
2009/08/05,0,1508000,0,1508000
2009/08/06,0,0,-2000,-2000
2009/08/07,0,0,0,0
2009/08/10,0,861000,-16000,845000
2009/08/11,0,1120000,-194000,926000
2009/08/12,0,904000,-633000,271000
2009/08/13,0,29000,-52000,-23000
2009/08/14,0,80000,-189000,-109000
2009/08/17,0,0,-78000,-78000
2009/08/18,0,515000,0,515000
2009/08/19,0,1002000,-204000,798000
2009/08/20,0,863000,-51000,812000
2009/08/21,0,0,-67000,-67000
2009/08/24,0,1239000,-40000,1199000
2009/08/25,0,0,0,0
2009/08/26,0,1085000,-650000,435000
2009/08/27,0,1109000,-5000,1104000
2009/08/28,0,1000000,0,1000000
2009/08/31,0,1011000,0,1011000
2009/09/01,0,1733000,0,1733000
2009/09/02,0,190000,-749000,-559000
2009/09/03,0,0,-6000,-6000
2009/09/04,0,0,-907000,-907000
2009/09/07,0,0,-923000,-923000
2009/09/08,0,0,-600000,-600000
2009/09/09,0,1000,0,1000
2009/09/10,0,792000,0,792000
2009/09/11,0,100000,0,100000
2009/09/14,0,2000,-57000,-55000
2009/09/15,0,330000,0,330000
2009/09/16,0,0,-845000,-845000
2009/09/17,0,0,-930000,-930000
2009/09/18,0,1000,-110000,-109000
2009/09/21,0,0,-25000,-25000
2009/09/22,0,0,-440000,-440000
2009/09/23,0,12000,-2000,10000
2009/09/24,0,200000,0,200000
2009/09/25,0,1686000,-165000,1521000
2009/09/28,0,7000,-975000,-968000
2009/09/29,0,106000,0,106000
2009/09/30,0,0,-1000,-1000
2009/10/01,0,0,-920000,-920000
2009/10/02,0,9000,-63,8937
2009/10/05,0,0,-1033000,-1033000
2009/10/06,0,0,-1085000,-1085000
2009/10/07,0,0,0,0
2009/10/08,0,0,0,0
2009/10/09,0,195000,-175000,20000
2009/10/12,0,0,0,0
2009/10/13,0,6000,-325000,-319000
2009/10/14,0,0,-5000,-5000
2009/10/15,0,0,-43000,-43000
2009/10/16,0,85000,-650000,-565000
2009/10/19,0,13000,-250000,-237000
2009/10/20,0,1000,0,1000
2009/10/21,0,16000,-794000,-778000
2009/10/22,0,200000,-613000,-413000
2009/10/23,0,50000,0,50000
2009/10/26,0,0,-650000,-650000
2009/10/27,0,1891000,-132000,1759000
2009/10/28,0,2086000,-2000,2084000
2009/10/29,0,302000,0,302000
2009/10/30,0,0,-1000,-1000
2009/11/02,0,105000,-120000,-15000
2009/11/03,0,64000,0,64000
2009/11/04,0,849000,0,849000
2009/11/05,0,937000,0,937000
2009/11/06,0,975000,0,975000
2009/11/09,0,25000,0,25000
2009/11/10,0,2000,-103000,-101000
2009/11/11,0,50000,0,50000
2009/11/12,0,50000,-302000,-252000
2009/11/13,0,179000,-905000,-726000
2009/11/16,0,60000,-1106000,-1046000
2009/11/17,0,0,-1325000,-1325000
2009/11/18,0,165000,-1604000,-1439000
2009/11/19,0,0,-495000,-495000
2009/11/20,0,0,-1305000,-1305000
2009/11/23,0,0,-50000,-50000
2009/11/24,0,0,-577000,-577000
2009/11/25,0,0,-1345000,-1345000
2009/11/26,0,0,-3557000,-3557000
2009/11/27,0,300000,-192000,108000
2009/11/30,0,0,-5000,-5000
2009/12/01,0,30000,0,30000
2009/12/02,0,0,-442000,-442000
2009/12/03,0,0,0,0
2009/12/04,0,0,-811000,-811000
2009/12/07,0,51000,-353000,-302000
2009/12/08,0,51000,-881000,-830000
2009/12/09,0,0,0,0
2009/12/10,0,0,-10000,-10000
2009/12/11,0,4000,-403000,-399000
2009/12/14,0,2000,-9000,-7000
2009/12/15,0,0,-1000,-1000
2009/12/16,0,0,-9000,-9000
2009/12/17,0,0,0,0
2009/12/18,0,0,-8000,-8000
2009/12/21,0,0,0,0
2009/12/22,0,0,-7000,-7000
2009/12/23,0,0,0,0
2009/12/24,0,0,-15000,-15000
2009/12/25,0,0,-7000,-7000
2009/12/28,0,0,-69000,-69000
2009/12/29,0,5000,-69000,-64000
2009/12/30,0,0,-77000,-77000
2009/12/31,0,0,-1000,-1000
2010/01/01,0,0,0,0
2010/01/04,0,5000,-21000,-16000
2010/01/05,0,0,-23000,-23000
2010/01/06,0,0,0,0
2010/01/07,0,0,-832000,-832000
2010/01/08,0,0,-3000,-3000
2010/01/11,0,0,-1000,-1000
2010/01/12,0,0,-5000,-5000
2010/01/13,0,0,0,0
2010/01/14,0,0,-1000,-1000
2010/01/15,0,109000,-50000,59000
2010/01/18,0,0,-20000,-20000
2010/01/19,0,2000,-3000,-1000
2010/01/20,0,0,-3000,-3000
2010/01/21,0,575000,-1000,574000
2010/01/22,0,796000,0,796000
2010/01/25,0,0,-4000,-4000
2010/01/26,0,55000,-1000,54000
2010/01/27,0,282000,0,282000
2010/01/28,0,4000,-563,3437
2010/01/29,0,1168000,0,1168000
2010/02/01,0,211000,-27000,184000
2010/02/02,0,508000,-13000,495000
2010/02/03,0,141000,-1000,140000
2010/02/04,0,103000,0,103000
2010/02/05,0,802000,0,802000
2010/02/08,0,76000,-1000,75000
2010/02/09,0,5000,0,5000
2010/02/10,0,78000,0,78000
2010/02/11,0,0,0,0
2010/02/12,0,0,0,0
2010/02/15,0,0,0,0
2010/02/16,0,0,0,0
2010/02/17,0,0,0,0
2010/02/18,0,0,0,0
2010/02/19,0,0,0,0
2010/02/22,0,3000,-285000,-282000
2010/02/23,0,8000,0,8000
2010/02/24,0,3000,0,3000
2010/02/25,0,1000,0,1000
2010/02/26,0,3000,-3000,0
2010/03/01,0,3000,-646000,-643000
2010/03/02,0,0,0,0
2010/03/03,0,0,-205000,-205000
2010/03/04,0,0,-1178000,-1178000
2010/03/05,0,0,0,0
2010/03/08,0,250000,0,250000
2010/03/09,0,1000,0,1000
2010/03/10,0,100000,-4000,96000
2010/03/11,0,0,0,0
2010/03/12,0,7000,0,7000
2010/03/15,0,100000,-41000,59000
2010/03/16,0,100000,-943000,-843000
2010/03/17,0,4000,-1724000,-1720000
2010/03/18,0,152000,-268000,-116000
2010/03/19,0,95000,-85000,10000
2010/03/22,0,0,-3000,-3000
2010/03/23,0,182000,-3000,179000
2010/03/24,0,0,-112000,-112000
2010/03/25,0,250000,-3000,247000
2010/03/26,0,0,-20000,-20000
2010/03/29,0,3000,-432000,-429000
2010/03/30,0,1000000,0,1000000
2010/03/31,0,500000,-2000,498000
2010/04/01,0,0,-250000,-250000
2010/04/02,0,156000,-403000,-247000
2010/04/05,0,0,0,0
2010/04/06,0,0,-2000,-2000
2010/04/07,0,48000,-1000,47000
2010/04/08,0,0,-2000,-2000
2010/04/09,0,0,-2000,-2000
2010/04/12,0,0,-1000,-1000
2010/04/13,0,0,-3000,-3000
2010/04/14,0,89000,-9000,80000
2010/04/15,0,0,-104000,-104000
2010/04/16,0,1000,-3000,-2000
2010/04/19,0,0,-409,-409
2010/04/20,0,1000,-3000,-2000
2010/04/21,0,0,-686000,-686000
2010/04/22,0,0,0,0
2010/04/23,0,0,-500000,-500000
2010/04/26,0,0,0,0
2010/04/27,0,1000,-2000,-1000
2010/04/28,0,1000,-1000,0
2010/04/29,0,0,0,0
2010/04/30,0,1332000,-206000,1126000
2010/05/03,0,50000,-1000,49000
2010/05/04,0,558000,0,558000
2010/05/05,0,270000,-8000,262000
2010/05/06,0,15000,-1501000,-1486000
2010/05/07,0,592000,0,592000
2010/05/10,0,118000,0,118000
2010/05/11,0,248000,-1000,247000
2010/05/12,0,0,0,0
2010/05/13,0,1000,0,1000
2010/05/14,0,10000,0,10000
2010/05/17,0,1000,0,1000
2010/05/18,0,461000,0,461000
2010/05/19,0,280000,-13000,267000
2010/05/20,0,4000,-210000,-206000
2010/05/21,0,1118000,0,1118000
2010/05/24,0,312000,-4000,308000
2010/05/25,0,1175000,0,1175000
2010/05/26,0,355000,-2000,353000
2010/05/27,0,45000,0,45000
2010/05/28,0,0,-3000,-3000
2010/05/31,0,1677000,-230000,1447000
2010/06/01,0,139000,0,139000
2010/06/02,0,1184000,0,1184000
2010/06/03,0,0,-5000,-5000
2010/06/04,0,461000,-437000,24000
2010/06/07,0,75000,-187000,-112000
2010/06/08,0,980000,-61000,919000
2010/06/09,0,516000,0,516000
2010/06/10,0,1223000,-176000,1047000
2010/06/11,0,1100000,0,1100000
2010/06/14,0,502000,0,502000
2010/06/15,0,506000,0,506000
2010/06/16,0,0,0,0
2010/06/17,0,1000000,-1000,999000
2010/06/18,0,500000,-37000,463000
2010/06/21,0,500000,-100000,400000
2010/06/22,0,0,-2000,-2000
2010/06/23,0,0,-121000,-121000
2010/06/24,0,337000,-2000,335000
2010/06/25,0,9000,-43000,-34000
2010/06/28,0,789000,0,789000
2010/06/29,0,1445000,0,1445000
2010/06/30,0,127000,0,127000
2010/07/01,0,500000,0,500000
2010/07/02,0,401000,0,401000
2010/07/05,0,0,-330000,-330000
2010/07/06,0,32000,-203000,-171000
2010/07/07,0,160000,-116000,44000
2010/07/08,0,0,-1235000,-1235000
2010/07/09,0,0,-60000,-60000
2010/07/12,0,527000,0,527000
2010/07/13,0,0,-499000,-499000
2010/07/14,0,0,-196000,-196000
2010/07/15,0,348000,-6000,342000
2010/07/16,0,48000,-463000,-415000
2010/07/19,0,200000,-27000,173000
2010/07/20,0,0,0,0
2010/07/21,0,98000,-2000,96000
2010/07/22,0,50000,0,50000
2010/07/23,0,0,0,0
2010/07/26,0,62000,-840000,-778000
2010/07/27,0,113000,0,113000
2010/07/28,0,0,0,0
2010/07/29,0,0,0,0
2010/07/30,0,0,-402000,-402000
2010/08/02,0,12000,0,12000
2010/08/03,0,3000,-1568000,-1565000
2010/08/04,0,0,-1129000,-1129000
2010/08/05,0,0,-668000,-668000
2010/08/06,0,0,-1181000,-1181000
2010/08/09,0,13000,-1162000,-1149000
2010/08/10,0,27000,-75000,-48000
2010/08/11,0,29000,-398000,-369000
2010/08/12,0,0,-239000,-239000
2010/08/13,0,0,-126000,-126000
2010/08/16,0,0,-202000,-202000
2010/08/17,0,1000,-235000,-234000
2010/08/18,0,2000,-3000,-1000
2010/08/19,0,0,-399000,-399000
2010/08/20,0,0,-1000,-1000
2010/08/23,0,0,0,0
2010/08/24,0,0,-13000,-13000
2010/08/25,0,13000,-4000,9000
2010/08/26,0,100000,-2000,98000
2010/08/27,0,2000,0,2000
2010/08/30,0,5000,-14000,-9000
2010/08/31,0,0,0,0
2010/09/01,0,1167000,-250000,917000
2010/09/02,0,103000,0,103000
2010/09/03,0,181000,0,181000
2010/09/06,0,0,0,0
2010/09/07,0,5000,-30000,-25000
2010/09/08,0,0,-26000,-26000
2010/09/09,0,0,-25000,-25000
2010/09/10,0,3000,-160000,-157000
2010/09/13,0,0,-40000,-40000
2010/09/14,0,0,-226000,-226000
2010/09/15,0,0,-502000,-502000
2010/09/16,0,0,-358000,-358000
2010/09/17,0,0,-5000,-5000
2010/09/20,0,0,-2000,-2000
2010/09/21,0,0,-4000,-4000
2010/09/22,0,0,0,0
2010/09/23,0,0,-3000,-3000
2010/09/24,0,0,-4000,-4000
2010/09/27,0,0,-164000,-164000
2010/09/28,0,31000,0,31000
2010/09/29,0,0,0,0
2010/09/30,0,0,-209000,-209000
2010/10/01,0,0,0,0
2010/10/04,0,0,0,0
2010/10/05,0,0,0,0
2010/10/06,0,0,-1000,-1000
2010/10/07,0,0,0,0
2010/10/08,0,0,0,0
2010/10/11,0,0,0,0
2010/10/12,0,0,-3000,-3000
2010/10/13,0,62000,0,62000
2010/10/14,0,5000,-4000,1000
2010/10/15,0,18000,0,18000
2010/10/18,0,39000,-2000,37000
2010/10/19,0,48000,-17000,31000
2010/10/20,0,22000,-180000,-158000
2010/10/21,0,0,0,0
2010/10/22,0,0,-14000,-14000
2010/10/25,0,0,-205000,-205000
2010/10/26,0,0,-110000,-110000
2010/10/27,0,8000,-100000,-92000
2010/10/28,0,0,0,0
2010/10/29,0,0,0,0
2010/11/01,0,0,0,0
2010/11/02,0,0,0,0
2010/11/03,0,149000,0,149000
2010/11/04,0,0,0,0
2010/11/05,0,0,0,0
2010/11/08,0,0,-2000,-2000
2010/11/09,0,8000,0,8000
2010/11/10,0,0,-4000,-4000
2010/11/11,0,5000,-344000,-339000
2010/11/12,0,0,-189000,-189000
2010/11/15,0,0,-1000,-1000
2010/11/16,0,1000,-88000,-87000
2010/11/17,0,0,0,0
2010/11/18,0,0,0,0
2010/11/19,0,5000,0,5000
2010/11/22,0,0,0,0
2010/11/23,0,0,-283000,-283000
2010/11/24,0,0,0,0
2010/11/25,0,0,-358000,-358000
2010/11/26,0,0,-2000,-2000
2010/11/29,0,0,-1000,-1000
2010/11/30,0,0,-22000,-22000
2010/12/01,0,0,-9000,-9000
2010/12/02,0,0,-8000,-8000
2010/12/03,0,0,-10000,-10000
2010/12/06,0,0,-17000,-17000
2010/12/07,0,0,-1201000,-1201000
2010/12/08,0,0,-1314000,-1314000
2010/12/09,0,0,-1303000,-1303000
2010/12/10,0,0,-1200000,-1200000
2010/12/13,0,0,-61000,-61000
2010/12/14,0,0,-6000,-6000
2010/12/15,0,0,0,0
2010/12/16,0,0,-285000,-285000
2010/12/17,0,0,-115000,-115000
2010/12/20,0,0,-204000,-204000
2010/12/21,0,1000,-350000,-349000
2010/12/22,0,3000,0,3000
2010/12/23,0,0,-220000,-220000
2010/12/24,0,0,-216000,-216000
2010/12/27,0,0,-2000,-2000
2010/12/28,0,0,0,0
2010/12/29,0,150000,-18000,132000
2010/12/30,0,20000,0,20000
2010/12/31,0,0,-80000,-80000
2011/01/03,0,0,-40000,-40000
2011/01/04,0,0,0,0
2011/01/05,0,628000,0,628000
2011/01/06,0,98000,0,98000
2011/01/07,0,166000,0,166000
2011/01/10,0,0,-3000,-3000
2011/01/11,0,0,0,0
2011/01/12,0,0,-130000,-130000
2011/01/13,0,0,-20000,-20000
2011/01/14,0,3000,0,3000
2011/01/17,0,0,-337000,-337000
2011/01/18,0,0,-175000,-175000
2011/01/19,0,0,-377000,-377000
2011/01/20,0,1000,-3000,-2000
2011/01/21,0,183000,-304000,-121000
2011/01/24,0,8000,0,8000
2011/01/25,0,6000,0,6000
2011/01/26,0,0,0,0
2011/01/27,0,0,-2000,-2000
2011/01/28,0,0,-5000,-5000
2011/01/31,0,0,0,0
2011/02/01,0,0,0,0
2011/02/02,0,0,0,0
2011/02/03,0,0,0,0
2011/02/04,0,0,0,0
2011/02/07,0,0,0,0
2011/02/08,0,0,0,0
2011/02/09,0,0,0,0
2011/02/10,0,0,-2000,-2000
2011/02/11,0,6000,0,6000
2011/02/14,0,2000,0,2000
2011/02/15,0,5000,0,5000
2011/02/16,0,0,0,0
2011/02/17,0,0,-131000,-131000
2011/02/18,0,0,-300000,-300000
2011/02/21,0,0,-3000,-3000
2011/02/22,0,0,0,0
2011/02/23,0,48000,0,48000
2011/02/24,0,3000,0,3000
2011/02/25,0,2000,-90000,-88000
2011/02/28,0,0,0,0
2011/03/01,0,0,-88000,-88000
2011/03/02,0,150000,0,150000
2011/03/03,0,0,0,0
2011/03/04,0,0,-462000,-462000
2011/03/07,0,0,0,0
2011/03/08,0,150000,0,150000
2011/03/09,0,10000,0,10000
2011/03/10,0,0,0,0
2011/03/11,0,1000,0,1000
2011/03/14,0,4000,0,4000
2011/03/15,0,1052000,0,1052000
2011/03/16,0,700000,0,700000
2011/03/17,0,451000,0,451000
2011/03/18,0,600000,-7000,593000
2011/03/21,0,0,0,0
2011/03/22,0,0,0,0
2011/03/23,0,0,0,0
2011/03/24,0,4000,-100000,-96000
2011/03/25,0,0,0,0
2011/03/28,0,0,0,0
2011/03/29,0,200000,0,200000
2011/03/30,0,0,-144000,-144000
2011/03/31,0,64000,-7000,57000
2011/04/01,0,182000,0,182000
2011/04/04,0,0,0,0
2011/04/05,0,0,0,0
2011/04/06,0,45000,-300000,-255000
2011/04/07,0,0,-420000,-420000
2011/04/08,0,0,0,0
2011/04/11,0,0,0,0
2011/04/12,0,0,-3000,-3000
2011/04/13,0,0,0,0
2011/04/14,0,0,-5000,-5000
2011/04/15,0,150000,0,150000
2011/04/18,0,1000,0,1000
2011/04/19,0,655000,0,655000
2011/04/20,0,300000,0,300000
2011/04/21,0,250000,0,250000
2011/04/22,0,175000,0,175000
2011/04/25,0,0,-766000,-766000
2011/04/26,0,120000,-3000,117000
2011/04/27,0,340000,-617,339383
2011/04/28,0,0,-3000,-3000
2011/04/29,0,0,0,0
2011/05/02,0,0,0,0
2011/05/03,0,25000,0,25000
2011/05/04,0,59000,-400000,-341000
2011/05/05,0,25000,0,25000
2011/05/06,0,24000,0,24000
2011/05/09,0,1000,0,1000
2011/05/10,0,0,0,0
2011/05/11,0,0,0,0
2011/05/12,0,18000,-1000,17000
2011/05/13,0,0,-4000,-4000
2011/05/16,0,7000,0,7000
2011/05/17,0,0,-35000,-35000
2011/05/18,0,0,0,0
2011/05/19,0,1000,0,1000
2011/05/20,0,0,0,0
2011/05/23,0,968000,-1000,967000
2011/05/24,0,555000,0,555000
2011/05/25,0,705000,0,705000
2011/05/26,0,0,-160000,-160000
2011/05/27,0,0,0,0
2011/05/30,0,151000,0,151000
2011/05/31,0,0,-1000,-1000
2011/06/01,0,0,-3000,-3000
2011/06/02,0,0,-702000,-702000
2011/06/03,0,0,0,0
2011/06/06,0,0,0,0
2011/06/07,0,0,0,0
2011/06/08,0,1000,0,1000
2011/06/09,0,150000,0,150000
2011/06/10,0,200000,0,200000
2011/06/13,0,289000,0,289000
2011/06/14,0,160000,0,160000
2011/06/15,0,193000,0,193000
2011/06/16,0,240000,0,240000
2011/06/17,0,563000,-177000,386000
2011/06/20,0,1007000,-80000,927000
2011/06/21,0,240000,-378000,-138000
2011/06/22,0,15000,-725000,-710000
2011/06/23,0,19000,-267000,-248000
2011/06/24,0,3000,-200000,-197000
2011/06/27,0,2000,0,2000
2011/06/28,0,52000,-350000,-298000
2011/06/29,0,533000,-578000,-45000
2011/06/30,0,67000,0,67000
2011/07/01,0,33000,-960000,-927000
2011/07/04,0,0,-11000,-11000
2011/07/05,0,1000,-10000,-9000
2011/07/06,0,0,-14000,-14000
2011/07/07,0,331000,0,331000
2011/07/08,0,541000,-141000,400000
2011/07/11,0,447000,0,447000
2011/07/12,0,3000,-37000,-34000
2011/07/13,0,27000,-843000,-816000
2011/07/14,0,991000,0,991000
2011/07/15,0,550000,-4000,546000
2011/07/18,0,633000,0,633000
2011/07/19,0,505000,-798000,-293000
2011/07/20,0,400000,-428000,-28000
2011/07/21,0,247000,-600000,-353000
2011/07/22,0,37000,-438000,-401000
2011/07/25,0,0,-734000,-734000
2011/07/26,0,0,0,0
2011/07/27,0,39000,-6000,33000
2011/07/28,0,167000,-8000,159000
2011/07/29,0,0,0,0
2011/08/01,0,304000,0,304000
2011/08/02,0,237000,-2000,235000
2011/08/03,0,174000,-25000,149000
2011/08/04,0,108000,0,108000
2011/08/05,0,634000,0,634000
2011/08/08,0,68000,-120000,-52000
2011/08/09,0,399000,0,399000
2011/08/10,0,161000,0,161000
2011/08/11,0,45000,0,45000
2011/08/12,0,3000,-9000,-6000
2011/08/15,0,7000,-20000,-13000
2011/08/16,0,84000,-2000,82000
2011/08/17,0,110000,-3000,107000
2011/08/18,0,856000,0,856000
2011/08/19,0,771000,0,771000
2011/08/22,0,2207000,0,2207000
2011/08/23,0,911000,0,911000
2011/08/24,0,1000000,0,1000000
2011/08/25,0,445000,0,445000
2011/08/26,0,1382000,0,1382000
2011/08/29,0,1081000,-231000,850000
2011/08/30,0,1654000,-262000,1392000
2011/08/31,0,500000,-3000,497000
2011/09/01,0,0,-2000,-2000
2011/09/02,0,33000,-7000,26000
2011/09/05,0,0,-9000,-9000
2011/09/06,0,200000,0,200000
2011/09/07,0,611000,0,611000
2011/09/08,0,33000,0,33000
2011/09/09,0,213000,0,213000
2011/09/12,0,0,0,0
2011/09/13,0,261000,-4173,256827
2011/09/14,0,640000,0,640000
2011/09/15,0,1108000,-20000,1088000
2011/09/16,0,14000,-593000,-579000
2011/09/19,0,3000,-1000,2000
2011/09/20,0,1003000,0,1003000
2011/09/21,0,127,-20000,-19873
2011/09/22,0,200000,-523000,-323000
2011/09/23,0,3477000,-100000,3377000
2011/09/26,0,1018000,-55570,962430
2011/09/27,0,0,0,0
2011/09/28,0,0,0,0
2011/09/29,0,0,0,0
2011/09/30,0,0,0,0
2011/10/03,0,0,0,0
2011/10/04,0,0,0,0
2011/10/05,0,0,0,0
2011/10/06,0,0,0,0
2011/10/07,0,0,0,0
2011/10/10,0,0,0,0
2011/10/11,0,0,0,0
2011/10/12,0,0,0,0
2011/10/13,0,238000,-2651578,-2413578
2011/10/14,0,0,-380604,-380604
2011/10/17,0,0,-470800,-470800
2011/10/18,0,697000,-240000,457000
2011/10/19,0,0,0,0
2011/10/20,0,521000,0,521000
2011/10/21,0,89000,0,89000
2011/10/24,0,23000,-118000,-95000
2011/10/25,0,202000,-22000,180000
2011/10/26,0,87000,-577700,-490700
2011/10/27,0,0,0,0
2011/10/28,0,0,-334000,-334000
2011/10/31,0,0,0,0
2011/11/01,0,145000,0,145000
2011/11/02,0,150000,0,150000
2011/11/03,0,685000,0,685000
2011/11/04,0,580000,-32200,547800
2011/11/07,0,150000,0,150000
2011/11/08,0,0,-55000,-55000
2011/11/09,0,443000,-200000,243000
2011/11/10,0,166000,0,166000
2011/11/11,0,471000,-110000,361000
2011/11/14,0,279000,0,279000
2011/11/15,0,331000,0,331000
2011/11/16,0,1084000,-204000,880000
2011/11/17,0,1165000,-56000,1109000
2011/11/18,0,822000,-8000,814000
2011/11/21,0,691000,-241000,450000
2011/11/22,0,570000,0,570000
2011/11/23,0,381000,-25000,356000
2011/11/24,0,2455000,0,2455000
2011/11/25,0,798000,0,798000
2011/11/28,0,1023000,0,1023000
2011/11/29,0,531000,0,531000
2011/11/30,0,1191000,0,1191000
2011/12/01,0,140000,-710100,-570100
2011/12/02,0,0,-70800,-70800
2011/12/05,0,200000,-41000,159000
2011/12/06,0,403000,0,403000
2011/12/07,0,894000,0,894000
2011/12/08,0,265000,0,265000
2011/12/09,0,334051,0,334051
2011/12/12,0,0,-2000,-2000
2011/12/13,0,1059000,-188000,871000
2011/12/14,0,651000,-63000,588000
2011/12/15,0,967000,-62000,905000
2011/12/16,0,456000,-7000,449000
2011/12/19,0,678000,-39000,639000
2011/12/20,0,382000,-23000,359000
2011/12/21,0,350000,-1238000,-888000
2011/12/22,0,5000,-396000,-391000
2011/12/23,0,30000,-1309000,-1279000
2011/12/26,0,0,-2786000,-2786000
2011/12/27,0,58000,-632000,-574000
2011/12/28,0,0,-4000,-4000
2011/12/29,0,0,0,0
2011/12/30,0,260000,-34000,226000
2012/01/02,0,30000,-122000,-92000
2012/01/03,0,968000,-264000,704000
2012/01/04,0,80000,-970000,-890000
2012/01/05,0,163000,-1051318,-888318
2012/01/06,0,0,-307000,-307000
2012/01/09,0,0,-2010000,-2010000
2012/01/10,0,0,-2245000,-2245000
2012/01/11,0,200000,-1319500,-1119500
2012/01/12,0,3000,-1055000,-1052000
2012/01/13,0,80000,-629000,-549000
2012/01/16,0,0,-418000,-418000
2012/01/17,0,2000,-1149000,-1147000
2012/01/18,0,10000,-3096000,-3086000
2012/01/19,0,0,0,0
2012/01/20,0,0,0,0
2012/01/23,0,0,0,0
2012/01/24,0,0,0,0
2012/01/25,0,0,0,0
2012/01/26,0,0,0,0
2012/01/27,0,0,0,0
2012/01/30,0,39000,-2522000,-2483000
2012/01/31,0,218000,-1288000,-1070000
2012/02/01,0,1000000,-168100,831900
2012/02/02,0,600000,-3246000,-2646000
2012/02/03,0,0,-1467000,-1467000
2012/02/06,0,0,-165000,-165000
2012/02/07,0,0,-10000,-10000
2012/02/08,0,0,-1615000,-1615000
2012/02/09,0,503000,-3165783,-2662783
2012/02/10,0,50000,-1379000,-1329000
2012/02/13,0,0,-153000,-153000
2012/02/14,0,0,-1572000,-1572000
2012/02/15,0,25000,-1378000,-1353000
2012/02/16,0,0,-1190500,-1190500
2012/02/17,0,6000,0,6000
2012/02/20,0,0,-232600,-232600
2012/02/21,0,0,0,0
2012/02/22,0,0,-72000,-72000
2012/02/23,0,450000,-4000,446000
2012/02/24,0,268000,-15000,253000
2012/02/27,0,0,0,0
2012/02/28,0,0,0,0
2012/02/29,0,0,-3000,-3000
2012/03/01,0,0,-28000,-28000
2012/03/02,0,491000,-7000,484000
2012/03/05,0,0,-552000,-552000
2012/03/06,0,170000,-1000,169000
2012/03/07,0,260000,0,260000
2012/03/08,0,0,-8215,-8215
2012/03/09,0,0,-40000,-40000
2012/03/12,0,0,-3000,-3000
2012/03/13,0,0,-54000,-54000
2012/03/14,0,1000,-511000,-510000
2012/03/15,0,0,-48000,-48000
2012/03/16,0,173000,-69000,104000
2012/03/19,0,0,-5000,-5000
2012/03/20,0,0,-33000,-33000
2012/03/21,0,0,0,0
2012/03/22,0,0,0,0
2012/03/23,0,0,-35000,-35000
2012/03/26,0,0,-65000,-65000
2012/03/27,0,0,-20000,-20000
2012/03/28,0,0,0,0
2012/03/29,0,0,0,0
2012/03/30,0,14000,-54000,-40000
2012/04/02,0,356000,-1000,355000
2012/04/03,0,103000,0,103000
2012/04/04,0,0,0,0
2012/04/05,0,322189,0,322189
2012/04/06,0,263000,-138100,124900
2012/04/09,0,0,-13000,-13000
2012/04/10,0,1000000,-400000,600000
2012/04/11,0,1112000,0,1112000
2012/04/12,0,414000,0,414000
2012/04/13,0,271000,-80600,190400
2012/04/16,0,22000,0,22000
2012/04/17,0,2000,0,2000
2012/04/18,0,1358000,0,1358000
2012/04/19,0,655000,-1000,654000
2012/04/20,0,1200000,0,1200000
2012/04/23,0,61000,0,61000
2012/04/24,0,2236000,0,2236000
2012/04/25,0,700000,0,700000
2012/04/26,0,0,0,0
2012/04/27,0,1434000,0,1434000
2012/04/30,0,1588000,0,1588000
2012/05/01,0,0,0,0
2012/05/02,0,148000,0,148000
2012/05/03,0,696,-678000,-677304
2012/05/04,0,64000,-711000,-647000
2012/05/07,0,767350,-658000,109350
2012/05/08,0,382000,-500000,-118000
2012/05/09,0,170000,-500000,-330000
2012/05/10,0,156000,0,156000
2012/05/11,0,2041000,0,2041000
2012/05/14,0,1312000,-85000,1227000
2012/05/15,0,2370000,-30000,2340000
2012/05/16,0,1144000,0,1144000
2012/05/17,0,670000,-75000,595000
2012/05/18,0,816000,-70000,746000
2012/05/21,0,732000,-100000,632000
2012/05/22,0,414000,-300000,114000
2012/05/23,0,150000,-27000,123000
2012/05/24,0,513000,0,513000
2012/05/25,0,94000,-153000,-59000
2012/05/28,0,451000,0,451000
2012/05/29,0,4000,-1254000,-1250000
2012/05/30,0,0,-368467,-368467
2012/05/31,0,0,-10000,-10000
2012/06/01,0,189000,-36000,153000
2012/06/04,0,321000,0,321000
2012/06/05,0,221000,-1000,220000
2012/06/06,0,195000,-40000,155000
2012/06/07,0,150000,0,150000
2012/06/08,0,138000,0,138000
2012/06/11,0,184000,0,184000
2012/06/12,0,110000,0,110000
2012/06/13,0,80000,0,80000
2012/06/14,0,82000,-20000,62000
2012/06/15,0,2000,-308000,-306000
2012/06/18,0,21000,-3405050,-3384050
2012/06/19,0,7000,-539000,-532000
2012/06/20,0,0,-532000,-532000
2012/06/21,0,0,-9000,-9000
2012/06/22,0,18000,-900,17100
2012/06/25,0,150000,-24000,126000
2012/06/26,0,239459,-11000,228459
2012/06/27,0,363000,0,363000
2012/06/28,0,590000,-12000,578000
2012/06/29,0,161000,0,161000
2012/07/02,0,273000,-1507000,-1234000
2012/07/03,0,40000,-1707000,-1667000
2012/07/04,0,0,-441000,-441000
2012/07/05,0,2000,-801000,-799000
2012/07/06,0,0,-129000,-129000
2012/07/09,0,22000,-34000,-12000
2012/07/10,0,1000,-321000,-320000
2012/07/11,0,101000,-319500,-218500
2012/07/12,0,0,0,0
2012/07/13,0,44000,0,44000
2012/07/16,0,27000,-19500,7500
2012/07/17,0,795000,-17000,778000
2012/07/18,0,545000,-112000,433000
2012/07/19,0,407000,-70000,337000
2012/07/20,0,0,-1049000,-1049000
2012/07/23,0,0,-3000,-3000
2012/07/24,0,0,0,0
2012/07/25,0,150000,-400000,-250000
2012/07/26,0,30000,-100000,-70000
2012/07/27,0,33000,-106000,-73000
2012/07/30,0,0,-115000,-115000
2012/07/31,0,1395000,0,1395000
2012/08/01,0,56000,-85000,-29000
2012/08/02,0,0,0,0
2012/08/03,0,0,-143000,-143000
2012/08/06,0,3500,-89000,-85500
2012/08/07,0,1000,-157000,-156000
2012/08/08,0,1000,-117000,-116000
2012/08/09,0,71000,-1165000,-1094000
2012/08/10,0,2000,-380000,-378000
2012/08/13,0,0,-1134000,-1134000
2012/08/14,0,0,-655000,-655000
2012/08/15,0,18000,-39000,-21000
2012/08/16,0,0,-24000,-24000
2012/08/17,0,500,-119448,-118948
2012/08/20,0,0,-121000,-121000
2012/08/21,0,0,-140000,-140000
2012/08/22,0,60000,-42000,18000
2012/08/23,0,1000,-66000,-65000
2012/08/24,0,0,0,0
2012/08/27,0,1000,-93000,-92000
2012/08/28,0,0,-1000,-1000
2012/08/29,0,0,-293000,-293000
2012/08/30,0,50000,-1000,49000
2012/08/31,0,6500,-12000,-5500
2012/09/03,0,0,-21000,-21000
2012/09/04,0,300000,-523000,-223000
2012/09/05,0,131000,-1147000,-1016000
2012/09/06,0,3000,-242000,-239000
2012/09/07,0,2000,-122000,-120000
2012/09/10,0,185000,-100000,85000
2012/09/11,0,0,-83000,-83000
2012/09/12,0,15000,-2000,13000
2012/09/13,0,2000,-13000,-11000
2012/09/14,0,0,-1053000,-1053000
2012/09/17,0,1000,-321000,-320000
2012/09/18,0,0,-757000,-757000
2012/09/19,0,4000,-151000,-147000
2012/09/20,0,0,-721000,-721000
2012/09/21,0,0,-1064000,-1064000
2012/09/24,0,1000,-516000,-515000
2012/09/25,0,0,-239000,-239000
2012/09/26,0,0,-11500,-11500
2012/09/27,0,89000,-1000,88000
2012/09/28,0,40000,0,40000
2012/10/01,0,1000,-8000,-7000
2012/10/02,0,0,0,0
2012/10/03,0,0,0,0
2012/10/04,0,532000,-300000,232000
2012/10/05,0,150000,-623000,-473000
2012/10/08,0,0,0,0
2012/10/09,0,573000,-59600,513400
2012/10/10,0,0,0,0
2012/10/11,0,736000,-11000,725000
2012/10/12,0,190000,-60000,130000
2012/10/15,0,269000,0,269000
2012/10/16,0,10000,-55000,-45000
2012/10/17,0,39000,-985000,-946000
2012/10/18,0,188000,-10000,178000
2012/10/19,0,288000,0,288000
2012/10/22,0,59000,-84000,-25000
2012/10/23,0,104000,-7000,97000
2012/10/24,0,10000,0,10000
2012/10/25,0,0,-178000,-178000
2012/10/26,0,30000,-66000,-36000
2012/10/29,0,250000,-3867,246133
2012/10/30,0,300000,0,300000
2012/10/31,0,410000,-123000,287000
2012/11/01,0,0,-109000,-109000
2012/11/02,0,293000,-6000,287000
2012/11/05,0,140000,-67000,73000
2012/11/06,0,140000,-76000,64000
2012/11/07,0,20000,0,20000
2012/11/08,0,0,-1000,-1000
2012/11/09,0,0,-642000,-642000
2012/11/12,0,55000,-220000,-165000
2012/11/13,0,53000,0,53000
2012/11/14,0,852000,0,852000
2012/11/15,0,1140000,-5000,1135000
2012/11/16,0,1140000,0,1140000
2012/11/19,0,32000,0,32000
2012/11/20,0,0,-57800,-57800
2012/11/21,0,95000,0,95000
2012/11/22,0,0,-64000,-64000
2012/11/23,0,400000,0,400000
2012/11/26,0,40000,-155000,-115000
2012/11/27,0,0,-4000,-4000
2012/11/28,0,260000,-325000,-65000
2012/11/29,0,0,-645000,-645000
2012/11/30,0,0,-52000,-52000
2012/12/03,0,0,-500,-500
2012/12/04,0,0,-152000,-152000
2012/12/05,0,0,-92000,-92000
2012/12/06,0,321000,-2000,319000
2012/12/07,0,0,-20000,-20000
2012/12/10,0,160000,-3000,157000
2012/12/11,0,441000,0,441000
2012/12/12,0,0,-28000,-28000
2012/12/13,0,0,-221000,-221000
2012/12/14,0,0,-282000,-282000
2012/12/17,0,350000,-9000,341000
2012/12/18,0,0,0,0
2012/12/19,0,0,-48000,-48000
2012/12/20,0,0,-174000,-174000
2012/12/21,0,0,-290900,-290900
2012/12/24,0,100000,0,100000
2012/12/25,0,20000,0,20000
2012/12/26,0,0,0,0
2012/12/27,0,41000,-90000,-49000
2012/12/28,0,81000,-286000,-205000
2012/12/31,0,0,0,0
2013/01/01,0,0,0,0
2013/01/02,0,99000,-622000,-523000
2013/01/03,0,0,-778000,-778000
2013/01/04,0,0,-1251000,-1251000
2013/01/07,0,44000,-50000,-6000
2013/01/08,0,35000,-302000,-267000
2013/01/09,0,719000,-125000,594000
2013/01/10,0,205000,-1035000,-830000
2013/01/11,0,374000,-5000,369000
2013/01/14,0,0,0,0
2013/01/15,0,0,-3000,-3000
2013/01/16,0,0,-17000,-17000
2013/01/17,0,1000688,-47000,953688
2013/01/18,0,857000,0,857000
2013/01/21,0,0,-23000,-23000
2013/01/22,0,0,-224000,-224000
2013/01/23,0,0,-5000,-5000
2013/01/24,0,0,-47000,-47000
2013/01/25,0,0,-346000,-346000
2013/01/28,0,0,-93000,-93000
2013/01/29,0,15000,0,15000
2013/01/30,0,0,-407000,-407000
2013/01/31,0,0,-499000,-499000
2013/02/01,0,0,0,0
2013/02/04,0,0,-36000,-36000
2013/02/05,0,0,-1403000,-1403000
2013/02/06,0,0,-1723000,-1723000
2013/02/07,0,0,0,0
2013/02/08,0,0,0,0
2013/02/11,0,0,0,0
2013/02/12,0,0,0,0
2013/02/13,0,0,0,0
2013/02/14,0,0,0,0
2013/02/15,0,0,0,0
2013/02/18,0,0,-1686000,-1686000
2013/02/19,0,0,-2677000,-2677000
2013/02/20,0,0,-604000,-604000
2013/02/21,0,0,-235000,-235000
2013/02/22,0,0,-8000,-8000
2013/02/25,0,40000,-106000,-66000
2013/02/26,0,100000,-2000,98000
2013/02/27,0,0,0,0
2013/02/28,0,0,0,0
2013/03/01,0,0,-486000,-486000
2013/03/04,0,0,-94000,-94000
2013/03/05,0,0,-38000,-38000
2013/03/06,0,0,0,0
2013/03/07,0,0,0,0
2013/03/08,0,0,-7000,-7000
2013/03/11,0,0,-2000,-2000
2013/03/12,0,0,-220000,-220000
2013/03/13,0,0,-882000,-882000
2013/03/14,0,0,-11000,-11000
2013/03/15,0,1473000,-7000,1466000
2013/03/18,0,20000,-273100,-253100
2013/03/19,0,0,0,0
2013/03/20,0,0,-2000,-2000
2013/03/21,0,0,0,0
2013/03/22,0,0,-4000,-4000
2013/03/25,0,0,0,0
2013/03/26,0,0,0,0
2013/03/27,0,0,-50000,-50000
2013/03/28,0,100000,-268000,-168000
2013/03/29,0,0,-6000,-6000
2013/04/01,0,0,-2000,-2000
2013/04/02,0,0,-2000,-2000
2013/04/03,0,0,-13000,-13000
2013/04/04,0,0,0,0
2013/04/05,0,0,0,0
2013/04/08,0,0,-40000,-40000
2013/04/09,0,0,-78000,-78000
2013/04/10,0,100000,-5000,95000
2013/04/11,0,0,-25000,-25000
2013/04/12,0,0,-41000,-41000
2013/04/15,0,0,-3000,-3000
2013/04/16,0,0,0,0
2013/04/17,0,0,-23000,-23000
2013/04/18,0,0,0,0
2013/04/19,0,6727,0,6727
2013/04/22,0,50000,-16000,34000
2013/04/23,0,0,-149000,-149000
2013/04/24,0,0,-1000,-1000
2013/04/25,0,0,-8000,-8000
2013/04/26,0,0,-55000,-55000
2013/04/29,0,5000,-177000,-172000
2013/04/30,0,0,0,0
2013/05/01,0,0,0,0
2013/05/02,0,0,0,0
2013/05/03,0,155000,-26000,129000
2013/05/06,0,200000,-6000,194000
2013/05/07,0,150000,0,150000
2013/05/08,0,0,0,0
2013/05/09,0,0,-2000,-2000
2013/05/10,0,100000,-51000,49000
2013/05/13,0,143000,-7000,136000
2013/05/14,0,77000,0,77000
2013/05/15,0,98000,-40000,58000
2013/05/16,0,0,0,0
2013/05/17,0,0,-22000,-22000
2013/05/20,0,26000,-4000,22000
2013/05/21,0,0,0,0
2013/05/22,0,0,-17000,-17000
2013/05/23,0,0,0,0
2013/05/24,0,481000,-10000,471000
2013/05/27,0,51000,-2000,49000
2013/05/28,0,0,0,0
2013/05/29,0,0,0,0
2013/05/30,0,94000,-55000,39000
2013/05/31,0,38000,0,38000
2013/06/03,0,0,0,0
2013/06/04,0,8000,0,8000
2013/06/05,0,36000,0,36000
2013/06/06,0,18000,0,18000
2013/06/07,0,222000,-60000,162000
2013/06/10,0,0,-1000,-1000
2013/06/11,0,26000,-60000,-34000
2013/06/12,0,0,0,0
2013/06/13,0,22000,-3000,19000
2013/06/14,0,158000,0,158000
2013/06/17,0,2000,-60000,-58000
2013/06/18,0,0,-3000,-3000
2013/06/19,0,110000,-2000,108000
2013/06/20,0,77000,0,77000
2013/06/21,0,601000,-26000,575000
2013/06/24,0,9000,0,9000
2013/06/25,0,385000,0,385000
2013/06/26,0,0,-4000,-4000
2013/06/27,0,156000,0,156000
2013/06/28,0,0,0,0
2013/07/01,0,285000,-3000,282000
2013/07/02,0,200000,0,200000
2013/07/03,0,470000,0,470000
2013/07/04,0,110000,0,110000
2013/07/05,0,277000,0,277000
2013/07/08,0,0,0,0
2013/07/09,0,0,0,0
2013/07/10,0,0,0,0
2013/07/11,0,25512,-900,24612
2013/07/12,0,238000,-5000,233000
2013/07/15,0,0,0,0
2013/07/16,0,0,0,0
2013/07/17,0,0,0,0
2013/07/18,0,26000,-2000,24000
2013/07/19,0,80000,-1000,79000
2013/07/22,0,0,0,0
2013/07/23,0,1000,0,1000
2013/07/24,0,0,0,0
2013/07/25,0,0,-20000,-20000
2013/07/26,0,503000,-194000,309000
2013/07/29,0,0,0,0
2013/07/30,0,1000,-38000,-37000
2013/07/31,0,0,0,0
2013/08/01,0,158000,-30000,128000
2013/08/02,0,0,0,0
2013/08/05,0,233000,0,233000
2013/08/06,0,0,-75000,-75000
2013/08/07,0,250000,-59000,191000
2013/08/08,0,0,0,0
2013/08/09,0,276000,-187000,89000
2013/08/12,0,118000,0,118000
2013/08/13,0,64000,-75000,-11000
2013/08/14,0,3000,0,3000
2013/08/15,0,0,-6000,-6000
2013/08/16,0,1000,-110000,-109000
2013/08/19,0,3000,-65000,-62000
2013/08/20,0,1000,0,1000
2013/08/21,0,0,0,0
2013/08/22,0,3000,0,3000
2013/08/23,0,5000,-48000,-43000
2013/08/26,0,8000,0,8000
2013/08/27,0,0,-17000,-17000
2013/08/28,0,4000,0,4000
2013/08/29,0,0,-16000,-16000
2013/08/30,0,6000,-48000,-42000
2013/09/02,0,0,-90000,-90000
2013/09/03,0,22000,-212737,-190737
2013/09/04,0,0,-190000,-190000
2013/09/05,0,0,-563000,-563000
2013/09/06,0,3000,-119600,-116600
2013/09/09,0,0,-2000,-2000
2013/09/10,0,0,0,0
2013/09/11,0,259000,0,259000
2013/09/12,0,3000,-38000,-35000
2013/09/13,0,0,-26000,-26000
2013/09/16,0,1000,-310000,-309000
2013/09/17,0,0,0,0
2013/09/18,0,4000,-260000,-256000
2013/09/19,0,0,0,0
2013/09/20,0,0,0,0
2013/09/23,0,0,-2000,-2000
2013/09/24,0,0,-16000,-16000
2013/09/25,0,0,0,0
2013/09/26,0,1000,0,1000
2013/09/27,0,120000,-22000,98000
2013/09/30,0,122000,-1000,121000
2013/10/01,0,0,-20000,-20000
2013/10/02,0,0,-25000,-25000
2013/10/03,0,3000,-25000,-22000
2013/10/04,0,1000,0,1000
2013/10/07,0,0,0,0
2013/10/08,0,0,0,0
2013/10/09,0,0,-418000,-418000
2013/10/10,0,0,0,0
2013/10/11,0,0,-395000,-395000
2013/10/14,0,0,0,0
2013/10/15,0,0,0,0
2013/10/16,0,0,-15000,-15000
2013/10/17,0,0,-175000,-175000
2013/10/18,0,0,-115000,-115000
2013/10/21,0,0,-1137000,-1137000
2013/10/22,0,0,-673000,-673000
2013/10/23,0,0,-571000,-571000
2013/10/24,0,0,0,0
2013/10/25,0,0,0,0
2013/10/28,0,0,-15000,-15000
2013/10/29,0,0,0,0
2013/10/30,0,0,0,0
2013/10/31,0,3000,0,3000
2013/11/01,0,1000,-334000,-333000
2013/11/04,0,0,-16000,-16000
2013/11/05,0,0,0,0
2013/11/06,0,0,-238000,-238000
2013/11/07,0,0,0,0
2013/11/08,0,0,0,0
2013/11/11,0,0,0,0
2013/11/12,0,0,0,0
2013/11/13,0,0,0,0
2013/11/14,0,0,0,0
2013/11/15,0,0,0,0
2013/11/18,0,0,0,0
2013/11/19,0,0,0,0
2013/11/20,0,0,0,0
2013/11/21,0,0,-3000,-3000
2013/11/22,0,0,-1000,-1000
2013/11/25,0,0,-593,-593
2013/11/26,0,0,-21000,-21000
2013/11/27,0,0,-46000,-46000
2013/11/28,0,0,0,0
2013/11/29,0,0,0,0
2013/12/02,0,0,0,0
2013/12/03,0,0,0,0
2013/12/04,0,0,-13000,-13000
2013/12/05,0,0,0,0
2013/12/06,0,0,0,0
2013/12/09,0,0,-27000,-27000
2013/12/10,0,0,-1000,-1000
2013/12/11,0,0,0,0
2013/12/12,0,98000,0,98000
2013/12/13,0,98000,0,98000
2013/12/16,0,98000,0,98000
2013/12/17,0,103000,-1000,102000
2013/12/18,0,96000,0,96000
2013/12/19,0,0,0,0
2013/12/20,0,62000,-158000,-96000
2013/12/23,0,0,0,0
2013/12/24,0,0,-9000,-9000
2013/12/25,0,0,-10000,-10000
2013/12/26,0,0,0,0
2013/12/27,0,25000,0,25000
2013/12/30,0,0,-10000,-10000
2013/12/31,0,0,-4000,-4000
2014/01/02,0,0,-8000,-8000
2014/01/03,0,0,-1000,-1000
2014/01/06,0,0,-2000,-2000
2014/01/07,0,0,-101000,-101000
2014/01/08,0,1000,-70000,-69000
2014/01/09,0,0,-1000,-1000
2014/01/10,0,6000,-34000,-28000
2014/01/13,0,0,0,0
2014/01/14,0,1000,-1000,0
2014/01/15,0,0,-57000,-57000
2014/01/16,0,0,0,0
2014/01/17,0,0,-2000,-2000
2014/01/20,0,0,0,0
2014/01/21,0,0,-382000,-382000
2014/01/22,0,0,-3000,-3000
2014/01/23,0,0,0,0
2014/01/24,0,0,-170000,-170000
2014/01/27,0,0,-2000,-2000
2014/02/05,0,0,-300000,-300000
2014/02/06,0,0,-100000,-100000
2014/02/07,0,0,0,0
2014/02/10,0,0,0,0
2014/02/11,0,0,-1000,-1000
2014/02/12,0,0,-70000,-70000
2014/02/13,0,0,-14340,-14340
2014/02/14,0,0,0,0
2014/02/17,0,0,0,0
2014/02/18,0,0,0,0
2014/02/19,0,10000,0,10000
2014/02/20,0,426000,0,426000
2014/02/21,0,0,0,0
2014/02/24,0,0,-6000,-6000
2014/02/25,0,0,-61000,-61000
2014/02/26,0,0,-14000,-14000
2014/02/27,0,0,0,0
2014/03/03,0,0,0,0
2014/03/04,0,0,0,0
2014/03/05,0,0,0,0
2014/03/06,0,0,-4000,-4000
2014/03/07,0,0,-2000,-2000
2014/03/10,0,0,-5000,-5000
2014/03/11,0,0,-3000,-3000
2014/03/12,0,0,-2000,-2000
2014/03/13,0,0,0,0
2014/03/14,0,0,-3000,-3000
2014/03/17,0,0,-1000,-1000
2014/03/18,0,0,0,0
2014/03/19,0,0,0,0
2014/03/20,0,0,0,0
2014/03/21,0,403000,0,403000
2014/03/24,0,0,0,0
2014/03/25,0,0,0,0
2014/03/26,0,0,0,0
2014/03/27,0,0,0,0
2014/03/28,0,0,-2000,-2000
2014/03/31,0,0,0,0
2014/04/01,0,0,-19000,-19000
2014/04/02,0,0,0,0
2014/04/03,0,0,-54000,-54000
2014/04/07,0,0,-14000,-14000
2014/04/08,0,0,0,0
2014/04/09,0,0,0,0
2014/04/10,0,4718,0,4718
2014/04/11,0,0,0,0
2014/04/14,0,0,0,0
2014/04/15,0,0,-23000,-23000
2014/04/16,0,0,-1000,-1000
2014/04/17,0,0,-1000,-1000
2014/04/18,0,0,-1000,-1000
2014/04/21,0,0,-1000,-1000
2014/04/22,0,0,-2000,-2000
2014/04/23,0,0,-500000,-500000
2014/04/24,0,0,0,0
2014/04/25,0,0,0,0
2014/04/28,0,0,0,0
2014/04/29,0,0,0,0
2014/04/30,0,1000,-2000,-1000
2014/05/02,0,0,-36000,-36000
2014/05/05,0,16000,0,16000
2014/05/06,0,0,0,0
2014/05/07,0,2000,0,2000
2014/05/08,0,2000,0,2000
2014/05/09,0,0,-3000,-3000
2014/05/12,0,0,0,0
2014/05/13,0,0,0,0
2014/05/14,0,0,0,0
2014/05/15,0,0,0,0
2014/05/16,0,0,0,0
2014/05/19,0,0,0,0
2014/05/20,0,0,0,0
2014/05/21,0,0,0,0
2014/05/22,0,0,0,0
2014/05/23,0,0,0,0
2014/05/26,0,0,-5000,-5000
2014/05/27,0,0,-11000,-11000
2014/05/28,0,0,-2000,-2000
2014/05/29,0,0,-14000,-14000
2014/05/30,0,0,-3000,-3000
2014/06/03,0,0,0,0
2014/06/04,0,0,0,0
2014/06/05,0,11000,0,11000
2014/06/06,0,0,-1000,-1000
2014/06/09,0,0,-1000,-1000
2014/06/10,0,2000,-5000,-3000
2014/06/11,0,0,-7000,-7000
2014/06/12,0,0,-14000,-14000
2014/06/13,0,0,-82000,-82000
2014/06/16,0,0,-15000,-15000
2014/06/17,0,0,-85000,-85000
2014/06/18,0,0,0,0
2014/06/19,0,0,0,0
2014/06/20,0,16000,-105000,-89000
2014/06/23,0,0,0,0
2014/06/24,0,0,-4500,-4500
2014/06/25,0,0,-82000,-82000
2014/06/26,0,0,0,0
2014/06/27,0,0,0,0
2014/06/30,0,0,-15000,-15000
2014/07/01,0,0,0,0
2014/07/02,0,34,-332000,-331966
2014/07/03,0,0,-674,-674
2014/07/04,0,0,0,0
2014/07/07,0,0,0,0
2014/07/08,0,0,-3000,-3000
2014/07/09,0,0,0,0
2014/07/10,0,0,0,0
2014/07/11,0,0,0,0
2014/07/14,0,0,0,0
2014/07/15,0,0,-12000,-12000
2014/07/16,0,51000,0,51000
2014/07/17,0,11000,0,11000
2014/07/18,0,0,0,0
2014/07/21,0,0,0,0
2014/07/22,0,8000,0,8000
2014/07/23,0,0,0,0
2014/07/24,0,4000,0,4000
2014/07/25,0,3000,0,3000
2014/07/28,0,0,0,0
2014/07/29,0,2000,0,2000
2014/07/30,0,10000,0,10000
2014/07/31,0,24000,0,24000
2014/08/01,0,563000,0,563000
2014/08/04,0,0,-1000,-1000
2014/08/05,0,0,0,0
2014/08/06,0,4000,0,4000
2014/08/07,0,36000,0,36000
2014/08/08,0,176000,0,176000
2014/08/11,0,7000,0,7000
2014/08/12,0,9000,0,9000
2014/08/13,0,5000,0,5000
2014/08/14,0,8000,0,8000
2014/08/15,0,134000,0,134000
2014/08/18,0,48000,0,48000
2014/08/19,0,86000,0,86000
2014/08/20,0,4000,0,4000
2014/08/21,0,10000,0,10000
2014/08/22,0,0,0,0
2014/08/25,0,1000,0,1000
2014/08/26,0,7000,0,7000
2014/08/27,0,212000,0,212000
2014/08/28,0,25000,0,25000
2014/08/29,0,0,0,0
2014/09/01,0,0,-415000,-415000
2014/09/02,0,0,0,0
2014/09/03,0,14000,0,14000
2014/09/04,0,153000,0,153000
2014/09/05,0,9000,0,9000
2014/09/09,0,0,0,0
2014/09/10,0,0,0,0
2014/09/11,0,13000,0,13000
2014/09/12,0,16000,0,16000
2014/09/15,0,42000,0,42000
2014/09/16,0,32000,0,32000
2014/09/17,0,6000,0,6000
2014/09/18,0,0,0,0
2014/09/19,0,0,-48000,-48000
2014/09/22,0,12598,-12000,598
2014/09/23,0,0,-323000,-323000
2014/09/24,0,0,0,0
2014/09/25,0,30000,0,30000
2014/09/26,0,0,0,0
2014/09/29,0,0,0,0
2014/09/30,0,14000,0,14000
2014/10/01,0,0,0,0
2014/10/02,0,1000,0,1000
2014/10/03,0,0,-4000,-4000
2014/10/06,0,4000,-2000,2000
2014/10/07,0,1000,0,1000
2014/10/08,0,1000,0,1000
2014/10/09,0,0,0,0
2014/10/13,0,150000,0,150000
2014/10/14,0,336000,0,336000
2014/10/15,0,120000,0,120000
2014/10/16,0,85000,0,85000
2014/10/17,0,0,0,0
2014/10/20,0,18000,0,18000
2014/10/21,0,7000,0,7000
2014/10/22,0,0,0,0
2014/10/23,0,72000,0,72000
2014/10/24,0,0,0,0
2014/10/27,0,152000,0,152000
2014/10/28,0,90000,0,90000
2014/10/29,0,21000,0,21000
2014/10/30,0,77000,-1000,76000
2014/10/31,0,436000,-99000,337000
2014/11/03,0,64000,-2000,62000
2014/11/04,0,129000,0,129000
2014/11/05,0,0,0,0
2014/11/06,0,293000,-25000,268000
2014/11/07,0,138000,-14000,124000
2014/11/10,0,0,-6000,-6000
2014/11/11,0,283000,-31000,252000
2014/11/12,0,6000,-40000,-34000
2014/11/13,0,0,-75000,-75000
2014/11/14,0,18000,-35000,-17000
2014/11/17,0,0,-84000,-84000
2014/11/18,0,1000,0,1000
2014/11/19,0,319000,0,319000
2014/11/20,0,373000,-150000,223000
2014/11/21,0,150000,0,150000
2014/11/24,0,0,-40000,-40000
2014/11/25,0,81000,-59000,22000
2014/11/26,0,0,-195000,-195000
2014/11/27,0,0,-3100,-3100
2014/11/28,0,0,0,0
2014/12/01,0,0,0,0
2014/12/02,0,188000,0,188000
2014/12/03,0,0,-1000,-1000
2014/12/04,0,0,0,0
2014/12/05,0,34000,0,34000
2014/12/08,0,0,0,0
2014/12/09,0,0,0,0
2014/12/10,0,0,0,0
2014/12/11,0,280,0,280
2014/12/12,0,0,-80000,-80000
2014/12/15,0,0,0,0
2014/12/16,0,0,-5000,-5000
2014/12/17,0,98000,0,98000
2014/12/18,0,30000,0,30000
2014/12/19,0,52000,0,52000
2014/12/22,0,82000,0,82000
2014/12/23,0,0,0,0
2014/12/24,0,0,0,0
2014/12/25,0,0,0,0
2014/12/26,0,0,0,0
2014/12/29,0,0,-3000,-3000
2014/12/30,0,481000,0,481000
2014/12/31,0,115000,-4000,111000
2015/01/01,0,0,0,0
2015/01/02,0,0,0,0
2015/01/05,0,147000,0,147000
2015/01/06,0,160000,0,160000
2015/01/07,0,373000,-2000,371000
2015/01/08,0,0,-305000,-305000
2015/01/09,0,24000,0,24000
2015/01/12,0,697000,0,697000
2015/01/13,0,465000,-101000,364000
2015/01/14,0,82000,-72000,10000
2015/01/15,0,40000,0,40000
2015/01/16,0,0,-21000,-21000
2015/01/19,0,0,-4000,-4000
2015/01/20,0,0,0,0
2015/01/21,0,0,0,0
2015/01/22,0,10000,0,10000
2015/01/23,0,0,-398000,-398000
2015/01/26,0,0,-70000,-70000
2015/01/27,0,0,-21000,-21000
2015/01/28,0,22000,0,22000
2015/01/29,0,0,0,0
2015/01/30,0,0,-58000,-58000
2015/02/02,0,0,-300000,-300000
2015/02/03,0,0,-137000,-137000
2015/02/04,0,0,-240000,-240000
2015/02/05,0,0,-120000,-120000
2015/02/06,0,0,-172000,-172000
2015/02/09,0,1000,0,1000
2015/02/10,0,40000,0,40000
2015/02/11,0,0,0,0
2015/02/12,0,611000,0,611000
2015/02/13,0,350000,-8000,342000
2015/02/16,0,0,0,0
2015/02/17,0,0,0,0
2015/02/18,0,0,0,0
2015/02/19,0,0,0,0
2015/02/20,0,0,0,0
2015/02/23,0,0,0,0
2015/02/24,0,0,0,0
2015/02/25,0,0,-10000,-10000
2015/02/26,0,250000,-23000,227000
2015/02/27,0,0,0,0
2015/03/02,0,98000,-25000,73000
2015/03/03,0,0,-19000,-19000
2015/03/04,0,150000,-27000,123000
2015/03/05,0,179000,-4000,175000
2015/03/06,0,11000,-29000,-18000
2015/03/09,0,0,-85000,-85000
2015/03/10,0,45000,-4000,41000
2015/03/11,0,0,0,0
2015/03/12,0,0,-130637,-130637
2015/03/13,0,0,0,0
2015/03/16,0,3000,0,3000
2015/03/17,0,0,-7000,-7000
2015/03/18,0,0,0,0
2015/03/19,0,57000,-2000,55000
2015/03/20,0,146000,-473000,-327000
2015/03/23,0,0,-57000,-57000
2015/03/24,0,0,-3000,-3000
2015/03/25,0,0,-1000,-1000
2015/03/26,0,0,0,0
2015/03/27,0,100000,-57000,43000
2015/03/30,0,0,0,0
2015/03/31,0,0,0,0
2015/04/01,0,188000,0,188000
2015/04/02,0,0,0,0
2015/04/03,0,0,0,0
2015/04/06,0,0,0,0
2015/04/07,0,0,-7000,-7000
2015/04/08,0,0,-9000,-9000
2015/04/09,0,50000,-7000,43000
2015/04/10,0,0,-7000,-7000
2015/04/13,0,510000,0,510000
2015/04/14,0,0,-98000,-98000
2015/04/15,0,508000,-9000,499000
2015/04/16,0,0,-10000,-10000
2015/04/17,0,109000,-9000,100000
2015/04/20,0,0,-2000,-2000
2015/04/21,0,737000,-12000,725000
2015/04/22,0,0,-321000,-321000
2015/04/23,0,0,-370000,-370000
2015/04/24,0,35000,-102000,-67000
2015/04/27,0,0,0,0
2015/04/28,0,0,-2000,-2000
2015/04/29,0,0,-3000,-3000
2015/04/30,0,0,-1000,-1000
2015/05/01,0,0,0,0
2015/05/04,0,0,-156000,-156000
2015/05/05,0,0,0,0
2015/05/06,0,465000,0,465000
2015/05/07,0,391000,0,391000
2015/05/08,0,126000,0,126000
2015/05/11,0,2000,-30000,-28000
2015/05/12,0,0,0,0
2015/05/13,0,0,-146000,-146000
2015/05/14,0,3000,0,3000
2015/05/15,0,0,-58000,-58000
2015/05/18,0,0,0,0
2015/05/19,0,0,0,0
2015/05/20,0,0,0,0
2015/05/21,0,0,-734000,-734000
2015/05/22,0,0,-300000,-300000
2015/05/25,0,0,0,0
2015/05/26,0,0,-130000,-130000
2015/05/27,0,0,-40000,-40000
2015/05/28,0,0,-36000,-36000
2015/05/29,0,0,-234000,-234000
2015/06/01,0,0,-40000,-40000
2015/06/02,0,0,-28000,-28000
2015/06/03,0,0,0,0
2015/06/04,0,1000,-114,886
2015/06/05,0,0,-4000,-4000
2015/06/08,0,0,0,0
2015/06/09,0,0,0,0
2015/06/10,0,0,-250000,-250000
2015/06/11,0,0,-288000,-288000
2015/06/12,0,0,-23000,-23000
2015/06/15,0,0,-75000,-75000
2015/06/16,0,0,0,0
2015/06/17,0,0,0,0
2015/06/18,0,26000,-2000,24000
2015/06/19,0,0,0,0
2015/06/22,0,0,-63000,-63000
2015/06/23,0,18000,0,18000
2015/06/24,0,0,-14000,-14000
2015/06/25,0,45000,-2000,43000
2015/06/26,0,15000,0,15000
2015/06/29,0,0,-1000,-1000
2015/06/30,0,5000,-50000,-45000
2015/07/01,0,0,0,0
2015/07/02,0,3000,-138000,-135000
2015/07/03,0,0,-100000,-100000
2015/07/06,0,0,0,0
2015/07/07,0,0,0,0
2015/07/08,0,0,0,0
2015/07/09,0,0,-4000,-4000
2015/07/10,0,0,0,0
2015/07/13,0,0,-7000,-7000
2015/07/14,0,0,0,0
2015/07/15,0,120000,-128000,-8000
2015/07/16,0,0,0,0
2015/07/17,0,0,-2000,-2000
2015/07/20,0,0,-47000,-47000
2015/07/21,0,0,0,0
2015/07/22,0,0,0,0
2015/07/23,0,15500,0,15500
2015/07/24,0,149000,-1000,148000
2015/07/27,0,562000,-53000,509000
2015/07/28,0,130000,0,130000
2015/07/29,0,12000,-44000,-32000
2015/07/30,0,182000,-54000,128000
2015/07/31,0,52000,0,52000
2015/08/03,0,75000,-59000,16000
2015/08/04,0,24000,0,24000
2015/08/05,0,652000,-138000,514000
2015/08/06,0,337000,-42000,295000
2015/08/07,0,161000,0,161000
2015/08/10,0,26000,-24000,2000
2015/08/11,0,2000,-68000,-66000
2015/08/12,0,37000,-49000,-12000
2015/08/13,0,65000,0,65000
2015/08/14,0,0,-33000,-33000
2015/08/17,0,1000,0,1000
2015/08/18,0,0,0,0
2015/08/19,0,1000,-43000,-42000
2015/08/20,0,2000,-2000,0
2015/08/21,0,1414000,0,1414000
2015/08/24,0,989000,-44000,945000
2015/08/25,0,330700,-73000,257700
2015/08/26,0,39000,-43000,-4000
2015/08/27,0,0,-111000,-111000
2015/08/28,0,0,-53000,-53000
2015/08/31,0,62000,-31000,31000
2015/09/01,0,26000,-130000,-104000
2015/09/02,0,40000,0,40000
2015/09/03,0,462000,0,462000
2015/09/04,0,213000,-1000,212000
2015/09/07,0,76000,0,76000
2015/09/08,0,6000,0,6000
2015/09/09,0,0,-64000,-64000
2015/09/10,0,200000,-159000,41000
2015/09/11,0,6000,0,6000
2015/09/14,0,3000,0,3000
2015/09/15,0,3000,0,3000
2015/09/16,0,0,-264000,-264000
2015/09/17,0,0,-322000,-322000
2015/09/18,0,0,-1277000,-1277000
2015/09/21,0,201000,-523624,-322624
2015/09/22,0,328968,-1000,327968
2015/09/23,0,0,0,0
2015/09/24,0,0,-28000,-28000
2015/09/25,0,0,0,0
2015/09/28,0,0,0,0
2015/09/29,0,0,0,0
2015/09/30,0,187000,-550000,-363000
2015/10/01,0,82000,-575000,-493000
2015/10/02,0,29000,-147000,-118000
2015/10/05,0,5000,-600000,-595000
2015/10/06,0,0,-303000,-303000
2015/10/07,0,2000,-85000,-83000
2015/10/08,0,0,0,0
2015/10/09,0,0,0,0
2015/10/12,0,0,0,0
2015/10/13,0,0,-186000,-186000
2015/10/14,0,0,0,0
2015/10/15,0,0,-219000,-219000
2015/10/16,0,4000,0,4000
2015/10/19,0,50000,-40000,10000
2015/10/20,0,0,0,0
2015/10/21,0,0,0,0
2015/10/22,0,0,-47000,-47000
2015/10/23,0,0,-68000,-68000
2015/10/26,0,0,-150000,-150000
2015/10/27,0,0,0,0
2015/10/28,0,0,0,0
2015/10/29,0,0,0,0
2015/10/30,0,0,0,0
2015/11/02,0,0,0,0
2015/11/03,0,3000,-163000,-160000
2015/11/04,0,35000,0,35000
2015/11/05,0,1000,-18000,-17000
2015/11/06,0,0,0,0
2015/11/09,0,11000,0,11000
2015/11/10,0,100000,-260000,-160000
2015/11/11,0,0,-13000,-13000
2015/11/12,0,0,-20000,-20000
2015/11/13,0,26000,-302000,-276000
2015/11/16,0,0,-81000,-81000
2015/11/17,0,0,0,0
2015/11/18,0,0,0,0
2015/11/19,0,8000,-570000,-562000
2015/11/20,0,0,-167000,-167000
2015/11/23,0,0,-101000,-101000
2015/11/24,0,0,-46000,-46000
2015/11/25,0,0,0,0
2015/11/26,0,100000,-117000,-17000
2015/11/27,0,100000,-33000,67000
2015/11/30,0,35000,0,35000
2015/12/01,0,0,0,0
2015/12/02,0,0,0,0
2015/12/03,0,0,-67000,-67000
2015/12/04,0,0,0,0
2015/12/07,0,0,-102000,-102000
2015/12/08,0,25000,-114000,-89000
2015/12/09,0,0,0,0
2015/12/10,0,75000,-23000,52000
2015/12/11,0,20000,-79000,-59000
2015/12/14,0,88000,-16774,71226
2015/12/15,0,0,0,0
2015/12/16,0,300000,0,300000
2015/12/17,0,0,0,0
2015/12/18,0,0,-7000,-7000
2015/12/21,0,0,0,0
2015/12/22,0,0,-39000,-39000
2015/12/23,0,0,-22000,-22000
2015/12/24,0,0,0,0
2015/12/25,0,0,-26000,-26000
2015/12/28,0,6000,-31000,-25000
2015/12/29,0,0,-5000,-5000
2015/12/30,0,120000,0,120000
2015/12/31,0,0,0,0
2016/01/01,0,0,0,0
2016/01/04,0,144000,-15000,129000
2016/01/05,0,70000,-3000,67000
2016/01/06,0,0,-680000,-680000
2016/01/07,0,0,-21000,-21000
2016/01/08,0,43000,0,43000
2016/01/11,0,0,-19000,-19000
2016/01/12,0,200000,0,200000
2016/01/13,0,0,0,0
2016/01/14,0,0,-38000,-38000
2016/01/15,0,0,-21000,-21000
2016/01/18,0,0,0,0
2016/01/19,0,0,-31000,-31000
2016/01/20,0,0,-521000,-521000
2016/01/21,0,0,-11000,-11000
2016/01/22,0,0,0,0
2016/01/25,0,0,-65000,-65000
2016/01/26,0,18000,-10000,8000
2016/01/27,0,0,0,0
2016/01/28,0,0,-11000,-11000
2016/01/29,0,0,-81000,-81000
2016/02/01,0,0,-18000,-18000
2016/02/02,0,0,0,0
2016/02/03,0,0,-100000,-100000
2016/02/04,0,0,0,0
2016/02/05,0,0,0,0
2016/02/08,0,0,0,0
2016/02/09,0,0,0,0
2016/02/10,0,0,0,0
2016/02/11,0,0,0,0
2016/02/12,0,0,0,0
2016/02/15,0,67,0,67
2016/02/16,0,0,0,0
2016/02/17,0,0,0,0
2016/02/18,0,0,-12000,-12000
2016/02/19,0,0,0,0
2016/02/22,0,0,0,0
2016/02/23,0,0,-250000,-250000
2016/02/24,0,0,-16000,-16000
2016/02/25,0,0,-100000,-100000
2016/02/26,0,0,-244000,-244000
2016/02/29,0,0,0,0
2016/03/01,0,55000,0,55000
2016/03/02,0,55000,-145000,-90000
2016/03/03,0,0,-11000,-11000
2016/03/04,0,0,0,0
2016/03/07,0,0,-57000,-57000
2016/03/08,0,0,-1000,-1000
2016/03/09,0,0,-9000,-9000
2016/03/10,0,0,-2000,-2000
2016/03/11,0,0,-3000,-3000
2016/03/14,0,0,0,0
2016/03/15,0,0,0,0
2016/03/16,0,0,-50000,-50000
2016/03/17,0,0,0,0
2016/03/18,0,25000,0,25000
2016/03/21,0,65000,-89000,-24000
2016/03/22,0,0,0,0
2016/03/23,0,0,-255000,-255000
2016/03/24,0,0,0,0
2016/03/25,0,0,0,0
2016/03/28,0,0,0,0
2016/03/29,0,0,-1000,-1000
2016/03/30,0,70000,-200000,-130000
2016/03/31,0,93000,0,93000
2016/04/01,0,33000,0,33000
2016/04/04,0,0,0,0
2016/04/05,0,0,0,0
2016/04/06,0,33000,0,33000
2016/04/07,0,0,-15000,-15000
2016/04/08,0,45000,0,45000
2016/04/11,0,48000,0,48000
2016/04/12,0,657000,0,657000
2016/04/13,0,190000,-16000,174000
2016/04/14,0,27000,0,27000
2016/04/15,0,0,-55000,-55000
2016/04/18,0,240000,0,240000
2016/04/19,0,280000,-25000,255000
2016/04/20,0,163000,-25000,138000
2016/04/21,0,185000,0,185000
2016/04/22,0,95000,0,95000
2016/04/25,0,63000,0,63000
2016/04/26,0,0,0,0
2016/04/27,0,41000,0,41000
2016/04/28,0,0,-9000,-9000
2016/04/29,0,361000,0,361000
2016/05/02,0,0,0,0
2016/05/03,0,676000,0,676000
2016/05/04,0,179000,-61000,118000
2016/05/05,0,25000,-84000,-59000
2016/05/06,0,38000,-25000,13000
2016/05/09,0,447000,-10000,437000
2016/05/10,0,874000,-260,873740
2016/05/11,0,299000,0,299000
2016/05/12,0,0,0,0
2016/05/13,0,60000,0,60000
2016/05/16,0,35000,0,35000
2016/05/17,0,0,0,0
2016/05/18,0,0,0,0
2016/05/19,0,0,0,0
2016/05/20,0,0,-128000,-128000
2016/05/23,0,0,-57000,-57000
2016/05/24,0,0,0,0
2016/05/25,0,0,0,0
2016/05/26,0,0,-657000,-657000
2016/05/27,0,0,-837000,-837000
2016/05/30,0,0,-480000,-480000
2016/05/31,0,0,-632000,-632000
2016/06/01,0,0,-644000,-644000
2016/06/02,0,0,-489000,-489000
2016/06/03,0,0,0,0
2016/06/06,0,0,0,0
2016/06/07,0,0,-1000,-1000
2016/06/08,0,0,-11000,-11000
2016/06/09,0,0,0,0
2016/06/10,0,0,0,0
2016/06/13,0,0,0,0
2016/06/14,0,0,0,0
2016/06/15,0,0,0,0
2016/06/16,0,23000,-10000,13000
2016/06/17,0,0,-19000,-19000
2016/06/20,0,0,-3000,-3000
2016/06/21,0,0,-241000,-241000
2016/06/22,0,0,0,0
2016/06/23,0,0,0,0
2016/06/24,0,0,0,0
2016/06/27,0,0,0,0
2016/06/28,0,3000,0,3000
2016/06/29,0,152000,0,152000
2016/06/30,0,54000,0,54000
2016/07/01,0,10000,0,10000
2016/07/04,0,0,0,0
2016/07/05,0,0,-15000,-15000
2016/07/06,0,0,-15000,-15000
2016/07/07,0,50000,0,50000
2016/07/08,0,0,0,0
2016/07/11,0,65000,0,65000
2016/07/12,0,100000,0,100000
2016/07/13,0,0,0,0
2016/07/14,0,0,-22000,-22000
2016/07/15,0,0,-5000,-5000
2016/07/18,0,0,-95000,-95000
2016/07/19,0,67000,-1000,66000
2016/07/20,0,15000,-8000,7000
2016/07/21,0,17000,-9000,8000
2016/07/22,0,29000,-10000,19000
2016/07/25,0,69000,-411000,-342000
2016/07/26,0,23000,0,23000
2016/07/27,0,0,-242000,-242000
2016/07/28,0,107000,-11000,96000
2016/07/29,0,64632,-27000,37632
2016/08/01,0,0,0,0
2016/08/02,0,29000,-2000,27000
2016/08/03,0,7000,-251000,-244000
2016/08/04,0,9000,-10000,-1000
2016/08/05,0,0,-2000,-2000
2016/08/08,0,41000,-9000,32000
2016/08/09,0,0,0,0
2016/08/10,0,28000,-1000,27000
2016/08/11,0,0,-9000,-9000
2016/08/12,0,95000,-49000,46000
2016/08/15,0,0,-7000,-7000
2016/08/16,0,0,-75000,-75000
2016/08/17,0,0,0,0
2016/08/18,0,0,-2000,-2000
2016/08/19,0,35000,-49000,-14000
2016/08/22,0,40000,-161000,-121000
2016/08/23,0,0,-5000,-5000
2016/08/24,0,0,-4000,-4000
2016/08/25,0,7000,-1000,6000
2016/08/26,0,0,0,0
2016/08/29,0,0,-124000,-124000
2016/08/30,0,11000,-1000,10000
2016/08/31,0,0,0,0
2016/09/01,0,35000,0,35000
2016/09/02,0,0,0,0
2016/09/05,0,80000,-6000,74000
2016/09/06,0,0,0,0
2016/09/07,0,130000,0,130000
2016/09/08,0,10000,-3000,7000
2016/09/09,0,0,0,0
2016/09/12,0,0,0,0
2016/09/13,0,585,-3000,-2415
2016/09/14,0,22000,0,22000
2016/09/15,0,0,0,0
2016/09/16,0,0,0,0
2016/09/19,0,0,-170000,-170000
2016/09/20,0,0,0,0
2016/09/21,0,0,0,0
2016/09/22,0,65000,-1000,64000
2016/09/23,0,46000,0,46000
2016/09/26,0,0,0,0
2016/09/27,0,0,0,0
2016/09/28,0,0,0,0
2016/09/29,0,0,0,0
2016/09/30,0,22110,0,22110
2016/10/03,0,0,0,0
2016/10/04,0,0,0,0
2016/10/05,0,0,0,0
2016/10/06,0,26000,0,26000
2016/10/07,0,0,-118000,-118000
2016/10/10,0,0,0,0
2016/10/11,0,1650,-24000,-22350
2016/10/12,0,19000,0,19000
2016/10/13,0,0,-88000,-88000
2016/10/14,0,29000,-83000,-54000
2016/10/17,0,0,0,0
2016/10/18,0,66000,0,66000
2016/10/19,0,0,0,0
2016/10/20,0,0,0,0
2016/10/21,0,218000,-4000,214000
2016/10/24,0,15000,0,15000
2016/10/25,0,19000,-10000,9000
2016/10/26,0,0,0,0
2016/10/27,0,60000,0,60000
2016/10/28,0,100000,0,100000
2016/10/31,0,0,-28000,-28000
2016/11/01,0,0,-320000,-320000
2016/11/02,0,0,-146,-146
2016/11/03,0,7000,-72000,-65000
2016/11/04,0,0,-54000,-54000
2016/11/07,0,0,-2000,-2000
2016/11/08,0,0,0,0
2016/11/09,0,16000,0,16000
2016/11/10,0,0,0,0
2016/11/11,0,0,0,0
2016/11/14,0,0,-3000,-3000
2016/11/15,0,38000,0,38000
2016/11/16,0,0,0,0
2016/11/17,0,0,-21000,-21000
2016/11/18,0,0,-81000,-81000
2016/11/21,0,0,0,0
2016/11/22,0,0,0,0
2016/11/23,0,0,-60000,-60000
2016/11/24,0,0,-55000,-55000
2016/11/25,0,0,-25000,-25000
2016/11/28,0,0,-149000,-149000
2016/11/29,0,0,-41000,-41000
2016/11/30,0,0,0,0
2016/12/01,0,0,-126000,-126000
2016/12/02,0,0,0,0
2016/12/05,0,0,-1000,-1000
2016/12/06,0,0,0,0
2016/12/07,0,44000,0,44000
2016/12/08,0,0,0,0
2016/12/09,0,0,0,0
2016/12/12,0,0,0,0
2016/12/13,0,0,-6000,-6000
2016/12/14,0,39000,0,39000
2016/12/15,0,0,0,0
2016/12/16,0,0,-180000,-180000
2016/12/19,0,0,-34000,-34000
2016/12/20,0,0,0,0
2016/12/21,0,0,-67000,-67000
2016/12/22,0,0,-64000,-64000
2016/12/23,0,0,-14000,-14000
2016/12/26,0,0,0,0
2016/12/27,0,0,0,0
2016/12/28,0,0,0,0
2016/12/29,0,0,-31000,-31000
2016/12/30,0,50000,0,50000
2017/01/02,0,0,0,0
2017/01/03,0,0,0,0
2017/01/04,0,0,0,0
2017/01/05,0,4000,-76000,-72000
2017/01/06,0,0,-16000,-16000
2017/01/09,0,0,0,0
2017/01/10,0,0,0,0
2017/01/11,0,0,-54000,-54000
2017/01/12,0,0,-28000,-28000
2017/01/13,0,50000,0,50000
2017/01/16,0,0,0,0
2017/01/17,0,0,0,0
2017/01/18,0,0,-18000,-18000
2017/01/19,0,0,-46000,-46000
2017/01/20,0,0,0,0
2017/01/23,0,487,0,487
2017/01/24,0,0,0,0
2017/01/25,0,0,0,0
2017/01/26,0,0,0,0
2017/01/27,0,0,0,0
2017/01/30,0,0,0,0
2017/01/31,0,0,0,0
2017/02/01,0,0,0,0
2017/02/02,0,0,-306000,-306000
2017/02/03,0,21000,-20000,1000
2017/02/06,0,0,-40000,-40000
2017/02/07,0,0,-45000,-45000
2017/02/08,0,77000,0,77000
2017/02/09,0,2000,-49000,-47000
2017/02/10,0,0,0,0
2017/02/13,0,0,0,0
2017/02/14,0,0,0,0
2017/02/15,0,0,-145000,-145000
2017/02/16,0,0,-70000,-70000
2017/02/17,0,0,0,0
2017/02/20,0,97000,0,97000
2017/02/21,0,0,0,0
2017/02/22,0,0,-22000,-22000
2017/02/23,0,20000,0,20000
2017/02/24,0,0,-1000,-1000
2017/02/27,0,0,0,0
2017/02/28,0,0,0,0
2017/03/01,0,0,-2000,-2000
2017/03/02,0,0,-29000,-29000
2017/03/03,0,0,-3000,-3000
2017/03/06,0,0,0,0
2017/03/07,0,99000,0,99000
2017/03/08,0,0,0,0
2017/03/09,0,0,0,0
2017/03/10,0,0,-1000,-1000
2017/03/13,0,0,0,0
2017/03/14,0,0,-37000,-37000
2017/03/15,0,20000,0,20000
2017/03/16,0,0,0,0
2017/03/17,0,0,-259000,-259000
2017/03/20,0,0,-31000,-31000
2017/03/21,0,0,-66000,-66000
2017/03/22,0,0,-37000,-37000
2017/03/23,0,0,-11000,-11000
2017/03/24,0,0,-54000,-54000
2017/03/27,0,7000,0,7000
2017/03/28,0,50000,-44000,6000
2017/03/29,0,135379,0,135379
2017/03/30,0,4865,0,4865
2017/03/31,0,10408,-6000,4408
2017/04/03,0,0,0,0
2017/04/04,0,0,0,0
2017/04/05,0,153469,0,153469
2017/04/06,0,0,-9000,-9000
2017/04/07,0,0,0,0
2017/04/10,0,0,0,0
2017/04/11,0,120000,-7000,113000
2017/04/12,0,0,0,0
2017/04/13,0,1000,0,1000
2017/04/14,0,0,-6000,-6000
2017/04/17,0,50000,0,50000
2017/04/18,0,0,0,0
2017/04/19,0,3468,0,3468
2017/04/20,0,25000,0,25000
2017/04/21,0,5000,0,5000
2017/04/24,0,55000,0,55000
2017/04/25,0,0,-62,-62
2017/04/26,0,26000,-45000,-19000
2017/04/27,0,0,-13000,-13000
2017/04/28,0,0,-58000,-58000
2017/05/01,0,0,0,0
2017/05/02,0,75000,0,75000
2017/05/03,0,45000,-10000,35000
2017/05/04,0,115790,-32000,83790
2017/05/05,0,57000,-3264,53736
2017/05/08,0,13000,0,13000
2017/05/09,0,0,-138000,-138000
2017/05/10,0,0,-10000,-10000
2017/05/11,0,0,0,0
2017/05/12,0,0,-8000,-8000
2017/05/15,0,134000,0,134000
2017/05/16,0,390000,0,390000
2017/05/17,0,21000,-9000,12000
2017/05/18,0,500,-19000,-18500
2017/05/19,0,0,0,0
2017/05/22,0,0,0,0
2017/05/23,0,0,-8000,-8000
2017/05/24,0,18000,0,18000
2017/05/25,0,0,-3000,-3000
2017/05/26,0,0,-18000,-18000
2017/05/29,0,0,0,0
2017/05/30,0,0,0,0
2017/05/31,0,0,0,0
2017/06/01,0,0,0,0
2017/06/02,0,0,-13000,-13000
2017/06/05,0,0,-5000,-5000
2017/06/06,0,0,-3000,-3000
2017/06/07,0,0,-5000,-5000
2017/06/08,0,0,0,0
2017/06/09,0,0,-5000,-5000
2017/06/12,0,0,0,0
2017/06/13,0,0,0,0
2017/06/14,0,0,0,0
2017/06/15,0,0,0,0
2017/06/16,0,44000,0,44000
2017/06/19,0,2000,-8000,-6000
2017/06/20,0,0,-13885,-13885
2017/06/21,0,0,-10000,-10000
2017/06/22,0,0,0,0
2017/06/23,0,0,-38000,-38000
2017/06/26,0,0,-157000,-157000
2017/06/27,0,0,-3000,-3000
2017/06/28,0,30000,-16855,13145
2017/06/29,0,0,-2000,-2000
2017/06/30,0,3000,-18000,-15000
2017/07/03,0,0,-110000,-110000
2017/07/04,0,25000,-184000,-159000
2017/07/05,0,8000,0,8000
2017/07/06,0,423000,0,423000
2017/07/07,0,0,0,0
2017/07/10,0,0,-6000,-6000
2017/07/11,0,0,0,0
2017/07/12,0,0,-10936,-10936
2017/07/13,0,0,-42000,-42000
2017/07/14,0,0,-6000,-6000
2017/07/17,0,156,-120000,-119844
2017/07/18,0,11000,-140000,-129000
2017/07/19,0,0,0,0
2017/07/20,0,2000,0,2000
2017/07/21,0,0,0,0
2017/07/24,0,0,0,0
2017/07/25,0,61000,0,61000
2017/07/26,0,33000,-2000,31000
2017/07/27,0,0,0,0
2017/07/28,0,0,0,0
2017/07/31,0,3000,-35000,-32000
2017/08/01,0,2000,-7000,-5000
2017/08/02,0,2000,-5000,-3000
2017/08/03,0,4000,0,4000
2017/08/04,0,8000,-4000,4000
2017/08/07,0,3000,0,3000
2017/08/08,0,4000,-3000,1000
2017/08/09,0,6000,-2000,4000
2017/08/10,0,0,-7000,-7000
2017/08/11,0,1000,-2000,-1000
2017/08/14,0,0,-1000,-1000
2017/08/15,0,103000,-1000,102000
2017/08/16,0,3000,-22000,-19000
2017/08/17,0,1000,0,1000
2017/08/18,0,0,0,0
