Date,Open,Buy,Sell,Total
2007/04/23,0,0,-68000,-68000
2007/04/24,0,1000,-41000,-40000
2007/04/25,0,4000,-60000,-56000
2007/04/26,0,0,-51000,-51000
2007/04/27,0,0,-106000,-106000
2007/04/30,0,0,-11000,-11000
2007/05/01,0,0,0,0
2007/05/02,0,0,-46273,-46273
2007/05/03,0,37000,-25000,12000
2007/05/04,0,67000,-4000,63000
2007/05/07,0,0,-16000,-16000
2007/05/08,0,0,-49000,-49000
2007/05/09,0,30000,-7000,23000
2007/05/10,0,0,-7000,-7000
2007/05/11,0,10000,-80000,-70000
2007/05/14,0,0,-23000,-23000
2007/05/15,0,14000,-45000,-31000
2007/05/16,0,0,-14000,-14000
2007/05/17,0,0,-18000,-18000
2007/05/18,0,0,-80000,-80000
2007/05/21,0,49000,0,49000
2007/05/22,0,23000,-6000,17000
2007/05/23,0,1000,-19000,-18000
2007/05/24,0,2000,-20000,-18000
2007/05/25,0,8000,-13000,-5000
2007/05/28,0,0,-36000,-36000
2007/05/29,0,0,-17000,-17000
2007/05/30,0,29000,0,29000
2007/05/31,0,206000,0,206000
2007/06/01,0,13000,-25000,-12000
2007/06/04,0,1000,-35000,-34000
2007/06/05,0,0,-69000,-69000
2007/06/06,0,0,-76000,-76000
2007/06/07,0,38000,-12000,26000
2007/06/08,0,15000,-47000,-32000
2007/06/11,0,0,-33000,-33000
2007/06/12,0,10000,-36000,-26000
2007/06/13,0,42000,-12000,30000
2007/06/14,0,240000,-50000,190000
2007/06/15,0,25000,-1000,24000
2007/06/18,0,0,0,0
2007/06/19,0,0,0,0
2007/06/20,0,234000,-12000,222000
2007/06/21,0,404000,-18000,386000
2007/06/22,0,31000,-129000,-98000
2007/06/25,0,191000,-2000,189000
2007/06/26,0,100000,-89000,11000
2007/06/27,0,25000,-32000,-7000
2007/06/28,0,50000,-164000,-114000
2007/06/29,0,6000,-208000,-202000
2007/07/02,0,2000,-150000,-148000
2007/07/03,0,7000,-41000,-34000
2007/07/04,0,61000,-7000,54000
2007/07/05,0,14000,-79000,-65000
2007/07/06,0,11000,-234000,-223000
2007/07/09,0,204000,-53000,151000
2007/07/10,0,161000,-26000,135000
2007/07/11,0,69000,-60704,8296
2007/07/12,0,213000,-50000,163000
2007/07/13,0,186000,-10684,175316
2007/07/16,0,297000,-137759,159241
2007/07/17,0,397000,-37000,360000
2007/07/18,0,0,-446000,-446000
2007/07/19,0,11000,-556000,-545000
2007/07/20,0,12000,-94000,-82000
2007/07/23,0,25000,-295000,-270000
2007/07/24,0,35000,-612000,-577000
2007/07/25,0,13000,-99000,-86000
2007/07/26,0,32000,-183000,-151000
2007/07/27,0,32000,-448000,-416000
2007/07/30,0,34000,-181000,-147000
2007/07/31,0,0,-255000,-255000
2007/08/01,0,14000,-107000,-93000
2007/08/02,0,97000,-25000,72000
2007/08/03,0,31000,-215000,-184000
2007/08/06,0,0,-23000,-23000
2007/08/07,0,6000,-60000,-54000
2007/08/08,0,120000,-154000,-34000
2007/08/09,0,5000,-151000,-146000
2007/08/10,0,84000,-276000,-192000
2007/08/13,0,18000,-75000,-57000
2007/08/14,0,99000,-260000,-161000
2007/08/15,0,61000,-9000,52000
2007/08/16,0,127000,-129000,-2000
2007/08/17,0,87000,-113000,-26000
2007/08/20,0,49000,-6648,42352
2007/08/21,0,9000,-133000,-124000
2007/08/22,0,20000,-59000,-39000
2007/08/23,0,22000,-281000,-259000
2007/08/24,0,90000,-114000,-24000
2007/08/27,0,20000,-127000,-107000
2007/08/28,0,0,-11000,-11000
2007/08/29,0,59000,-6000,53000
2007/08/30,0,96000,-56000,40000
2007/08/31,0,40000,-6000,34000
2007/09/03,0,0,-700000,-700000
2007/09/04,0,8000,0,8000
2007/09/05,0,1000,-29000,-28000
2007/09/06,0,0,-15000,-15000
2007/09/07,0,3000,-27000,-24000
2007/09/10,0,12000,-12000,0
2007/09/11,0,1000,-11000,-10000
2007/09/12,0,0,-16000,-16000
2007/09/13,0,0,-21000,-21000
2007/09/14,0,15000,-4000,11000
2007/09/17,0,3000,-15000,-12000
2007/09/18,0,0,0,0
2007/09/19,0,7000,0,7000
2007/09/20,0,44000,-6000,38000
2007/09/21,0,41000,0,41000
2007/09/24,0,0,0,0
2007/09/25,0,0,0,0
2007/09/26,0,3000,0,3000
2007/09/27,0,0,-18000,-18000
2007/09/28,0,12000,-130000,-118000
2007/10/01,0,1000,-132000,-131000
2007/10/02,0,36000,-27000,9000
2007/10/03,0,155000,-30000,125000
2007/10/04,0,40000,-76000,-36000
2007/10/05,0,0,-7000,-7000
2007/10/08,0,0,-9000,-9000
2007/10/09,0,0,-71000,-71000
2007/10/10,0,0,0,0
2007/10/11,0,20000,-5000,15000
2007/10/12,0,49000,-87000,-38000
2007/10/15,0,18000,-8000,10000
2007/10/16,0,25000,-2000,23000
2007/10/17,0,15000,-8000,7000
2007/10/18,0,65000,0,65000
2007/10/19,0,0,-58000,-58000
2007/10/22,0,53000,-108000,-55000
2007/10/23,0,48000,-21000,27000
2007/10/24,0,42000,-111000,-69000
2007/10/25,0,33000,-14000,19000
2007/10/26,0,60000,-12000,48000
2007/10/29,0,31000,0,31000
2007/10/30,0,2000,-35000,-33000
2007/10/31,0,60000,-2000,58000
2007/11/01,0,119000,-23000,96000
2007/11/02,0,154000,-107000,47000
2007/11/05,0,46000,-40000,6000
2007/11/06,0,18000,-69000,-51000
2007/11/07,0,97000,-5000,92000
2007/11/08,0,63000,-86000,-23000
2007/11/09,0,74000,-89000,-15000
2007/11/12,0,38000,-24000,14000
2007/11/13,0,258000,-15000,243000
2007/11/14,0,1000,-6000,-5000
2007/11/15,0,13000,0,13000
2007/11/16,0,39000,-104000,-65000
2007/11/19,0,6000,-3000,3000
2007/11/20,0,78000,-19000,59000
2007/11/21,0,16000,-66000,-50000
2007/11/22,0,41000,-13000,28000
2007/11/23,0,20000,-14000,6000
2007/11/26,0,119000,-40000,79000
2007/11/27,0,241000,-63000,178000
2007/11/28,0,15000,-125000,-110000
2007/11/29,0,81000,-7000,74000
2007/11/30,0,5000,0,5000
2007/12/03,0,13000,-38000,-25000
2007/12/04,0,33000,-99000,-66000
2007/12/05,0,6000,0,6000
2007/12/06,0,42000,0,42000
2007/12/07,0,0,0,0
2007/12/10,0,27000,0,27000
2007/12/11,0,70000,-12000,58000
2007/12/12,0,129000,0,129000
2007/12/13,0,21000,-82000,-61000
2007/12/14,0,247000,-60000,187000
2007/12/17,0,73000,0,73000
2007/12/18,0,276000,0,276000
2007/12/19,0,55000,-169000,-114000
2007/12/20,0,0,-99000,-99000
2007/12/21,0,30000,-5000,25000
2007/12/24,0,0,-107000,-107000
2007/12/25,0,10000,-24000,-14000
2007/12/26,0,24000,-27000,-3000
2007/12/27,0,115000,0,115000
2007/12/28,0,54000,-74000,-20000
2007/12/31,0,52000,-16000,36000
2008/01/01,0,0,0,0
2008/01/02,0,3000,-33000,-30000
2008/01/03,0,61000,-5000,56000
2008/01/04,0,181000,-1000,180000
2008/01/07,0,80000,-224000,-144000
2008/01/08,0,18000,-27000,-9000
2008/01/09,0,15000,-127000,-112000
2008/01/10,0,308000,-44000,264000
2008/01/11,0,82000,0,82000
2008/01/14,0,82000,-152000,-70000
2008/01/15,0,51000,-49000,2000
2008/01/16,0,85000,-12000,73000
2008/01/17,0,61000,-41000,20000
2008/01/18,0,78000,-38000,40000
2008/01/21,0,144000,-17000,127000
2008/01/22,0,204000,-129000,75000
2008/01/23,0,68000,-23000,45000
2008/01/24,0,40000,-77000,-37000
2008/01/25,0,328000,-3000,325000
2008/01/28,0,74000,-138000,-64000
2008/01/29,0,61000,-36000,25000
2008/01/30,0,54000,-18000,36000
2008/01/31,0,439000,-3000,436000
2008/02/01,0,0,0,0
2008/02/04,0,0,0,0
2008/02/05,0,0,0,0
2008/02/06,0,0,0,0
2008/02/07,0,0,0,0
2008/02/08,0,0,0,0
2008/02/11,0,0,0,0
2008/02/12,0,0,0,0
2008/02/13,0,0,0,0
2008/02/14,0,0,0,0
2008/02/15,0,0,0,0
2008/02/18,0,0,0,0
2008/02/19,0,0,0,0
2008/02/20,0,85000,-202760,-117760
2008/02/21,0,245998,-142006,103992
2008/02/22,0,67000,-16000,51000
2008/02/25,0,1050000,-27435,1022565
2008/02/26,0,1000,-170000,-169000
2008/02/27,0,25000,-240771,-215771
2008/02/28,0,0,0,0
2008/02/29,0,503000,-36000,467000
2008/03/03,0,62000,-1677,60323
2008/03/04,0,8000,-67000,-59000
2008/03/05,0,36000,-26000,10000
2008/03/06,0,12000,-88761,-76761
2008/03/07,0,45000,-18000,27000
2008/03/10,0,54000,-104000,-50000
2008/03/11,0,179000,-4000,175000
2008/03/12,0,203000,-22473,180527
2008/03/13,0,167000,-74653,92347
2008/03/14,0,104000,-28000,76000
2008/03/17,0,240000,-70000,170000
2008/03/18,0,171000,-60000,111000
2008/03/19,0,77000,-91342,-14342
2008/03/20,0,288000,-11000,277000
2008/03/21,0,56000,-19000,37000
2008/03/24,0,130000,-52000,78000
2008/03/25,0,119000,-44000,75000
2008/03/26,0,16000,-52732,-36732
2008/03/27,0,36000,-27000,9000
2008/03/28,0,96000,-57000,39000
2008/03/31,0,89000,-252652,-163652
2008/04/01,0,38000,-32000,6000
2008/04/02,0,146000,-2000,144000
2008/04/03,0,33000,-4000,29000
2008/04/04,0,0,0,0
2008/04/07,0,55000,0,55000
2008/04/08,0,1000,-103871,-102871
2008/04/09,0,14000,-50000,-36000
2008/04/10,0,6000,-280000,-274000
2008/04/11,0,1000,-170000,-169000
2008/04/14,0,2000,-48535,-46535
2008/04/15,0,0,-23268,-23268
2008/04/16,0,0,-44000,-44000
2008/04/17,0,82000,-71000,11000
2008/04/18,0,28000,-308000,-280000
2008/04/21,0,88000,-14000,74000
2008/04/22,0,61000,-31000,30000
2008/04/23,0,101000,-7002,93998
2008/04/24,0,39000,-55000,-16000
2008/04/25,0,56000,-2000,54000
2008/04/28,0,74000,0,74000
2008/04/29,0,135000,-6000,129000
2008/04/30,0,68000,-3000,65000
2008/05/01,0,0,0,0
2008/05/02,0,148000,-131000,17000
2008/05/05,0,86000,-10000,76000
2008/05/06,0,146000,0,146000
2008/05/07,0,28000,-25000,3000
2008/05/08,0,143000,-1000,142000
2008/05/09,0,104000,-81000,23000
2008/05/12,0,211000,0,211000
2008/05/13,0,199012,-66063,132949
2008/05/14,0,211000,-21000,190000
2008/05/15,0,121000,-14000,107000
2008/05/16,0,200000,-17000,183000
2008/05/19,0,14000,-20000,-6000
2008/05/20,0,57000,-879000,-822000
2008/05/21,0,1000,-175000,-174000
2008/05/22,0,22000,-96000,-74000
2008/05/23,0,21000,-81000,-60000
2008/05/26,0,72000,0,72000
2008/05/27,0,13000,-1000,12000
2008/05/28,0,27000,-15000,12000
2008/05/29,0,19000,-31000,-12000
2008/05/30,0,55000,-19000,36000
2008/06/02,0,19000,-2000,17000
2008/06/03,0,122000,-20360,101640
2008/06/04,0,23000,-12000,11000
2008/06/05,0,141000,-15000,126000
2008/06/06,0,4000,-8000,-4000
2008/06/09,0,6000,-2000,4000
2008/06/10,0,28000,-27000,1000
2008/06/11,0,37000,-1000,36000
2008/06/12,0,52000,-31000,21000
2008/06/13,0,48000,-7000,41000
2008/06/16,0,46000,0,46000
2008/06/17,0,39000,0,39000
2008/06/18,0,47000,0,47000
2008/06/19,0,171000,-37000,134000
2008/06/20,0,95000,-107000,-12000
2008/06/23,0,108000,-110000,-2000
2008/06/24,0,63000,-534000,-471000
2008/06/25,0,246000,-303000,-57000
2008/06/26,0,56000,-61000,-5000
2008/06/27,0,92000,-348000,-256000
2008/06/30,0,185000,-33034,151966
2008/07/01,0,80000,0,80000
2008/07/02,0,246000,-4000,242000
2008/07/03,0,64000,-154000,-90000
2008/07/04,0,77000,-42000,35000
2008/07/07,0,57000,-4000,53000
2008/07/08,0,178000,-47000,131000
2008/07/09,0,215000,-11000,204000
2008/07/10,0,123000,-110000,13000
2008/07/11,0,77000,-37000,40000
2008/07/14,0,16000,-81000,-65000
2008/07/15,0,56000,-44000,12000
2008/07/16,0,62000,-26704,35296
2008/07/17,0,109000,-83000,26000
2008/07/18,0,89000,-7000,82000
2008/07/21,0,132000,0,132000
2008/07/22,0,206000,-11000,195000
2008/07/23,0,289000,-3000,286000
2008/07/24,0,133000,-2000,131000
2008/07/25,0,179000,-12000,167000
2008/07/28,0,0,0,0
2008/07/29,0,176000,-22000,154000
2008/07/30,0,188000,-1000,187000
2008/07/31,0,190000,0,190000
2008/08/01,0,122000,0,122000
2008/08/04,0,172000,-76000,96000
2008/08/05,0,170000,0,170000
2008/08/06,0,241000,-51000,190000
2008/08/07,0,87000,-34000,53000
2008/08/08,0,239000,-2000,237000
2008/08/11,0,46000,-85000,-39000
2008/08/12,0,2000,-204000,-202000
2008/08/13,0,39000,-218000,-179000
2008/08/14,0,17000,-77000,-60000
2008/08/15,0,16000,-106000,-90000
2008/08/18,0,17000,-26000,-9000
2008/08/19,0,0,-25000,-25000
2008/08/20,0,0,-82000,-82000
2008/08/21,0,3000,-106000,-103000
2008/08/22,0,2000,-157000,-155000
2008/08/25,0,30000,0,30000
2008/08/26,0,4000,-24000,-20000
2008/08/27,0,158000,-19000,139000
2008/08/28,0,39000,-90000,-51000
2008/08/29,0,49000,-41000,8000
2008/09/01,0,118000,-149000,-31000
2008/09/02,0,52000,-6000,46000
2008/09/03,0,265000,-38312,226688
2008/09/04,0,40000,-111000,-71000
2008/09/05,0,64000,-742000,-678000
2008/09/08,0,47000,-5000,42000
2008/09/09,0,139000,-13000,126000
2008/09/10,0,65000,-10000,55000
2008/09/11,0,108000,-26000,82000
2008/09/12,0,137000,-44000,93000
2008/09/15,0,21000,-93000,-72000
2008/09/16,0,65000,0,65000
2008/09/17,0,87000,-25000,62000
2008/09/18,0,199000,-260000,-61000
2008/09/19,0,72000,-17000,55000
2008/09/22,0,2000,-17000,-15000
2008/09/23,0,6000,-56000,-50000
2008/09/24,0,93000,-39000,54000
2008/09/25,0,67000,-22009,44991
2008/09/26,0,27000,-348000,-321000
2008/09/29,0,0,0,0
2008/09/30,0,38000,-108000,-70000
2008/10/01,0,92000,-83000,9000
2008/10/02,0,179000,-14000,165000
2008/10/03,0,133000,-5000,128000
2008/10/06,0,137000,-120863,16137
2008/10/07,0,154000,-31000,123000
2008/10/08,0,98000,-253000,-155000
2008/10/09,0,102000,-164000,-62000
2008/10/10,0,0,0,0
2008/10/13,0,136000,-20000,116000
2008/10/14,0,133000,-26000,107000
2008/10/15,0,41000,-360000,-319000
2008/10/16,0,0,-71000,-71000
2008/10/17,0,4125000,-467100,3657900
2008/10/20,0,1907000,-160352,1746648
2008/10/21,0,96000,-246000,-150000
2008/10/22,0,14000,-16000,-2000
2008/10/23,0,55000,-33152,21848
2008/10/24,0,99000,-15000,84000
2008/10/27,0,49000,-45625,3375
2008/10/28,0,1766000,-156000,1610000
2008/10/29,0,248000,-147000,101000
2008/10/30,0,211000,-157000,54000
2008/10/31,0,247000,-228000,19000
2008/11/03,0,169000,-111160,57840
2008/11/04,0,35000,-140000,-105000
2008/11/05,0,1561000,-382000,1179000
2008/11/06,0,1666000,-485000,1181000
2008/11/07,0,112000,-138855,-26855
2008/11/10,0,333000,-68000,265000
2008/11/11,0,51000,-17000,34000
2008/11/12,0,64000,-50115,13885
2008/11/13,0,276000,-195000,81000
2008/11/14,0,312000,-40000,272000
2008/11/17,0,1155000,-121161,1033839
2008/11/18,0,262000,-89000,173000
2008/11/19,0,278000,-68000,210000
2008/11/20,0,253000,-233000,20000
2008/11/21,0,214000,-79000,135000
2008/11/24,0,108000,-23927,84073
2008/11/25,0,231000,-17000,214000
2008/11/26,0,78000,-1224000,-1146000
2008/11/27,0,205000,-1070000,-865000
2008/11/28,0,268000,-1160000,-892000
2008/12/01,0,64000,-1118000,-1054000
2008/12/02,0,122000,-415000,-293000
2008/12/03,0,88000,-76000,12000
2008/12/04,0,95000,-66000,29000
2008/12/05,0,106000,-68000,38000
2008/12/08,0,214000,-443000,-229000
2008/12/09,0,172000,-503000,-331000
2008/12/10,0,162000,-555000,-393000
2008/12/11,0,181000,-494000,-313000
2008/12/12,0,97000,-907000,-810000
2008/12/15,0,135000,-618000,-483000
2008/12/16,0,6000,-544000,-538000
2008/12/17,0,338000,-918000,-580000
2008/12/18,0,220000,-489000,-269000
2008/12/19,0,132000,-539000,-407000
2008/12/22,0,83000,-353000,-270000
2008/12/23,0,54000,-722000,-668000
2008/12/24,0,19000,-1635000,-1616000
2008/12/25,0,34000,-347000,-313000
2008/12/26,0,21000,-242000,-221000
2008/12/29,0,32000,-507000,-475000
2008/12/30,0,17000,-581000,-564000
2008/12/31,0,4000,-272000,-268000
2009/01/01,0,0,0,0
2009/01/02,0,0,0,0
2009/01/05,0,127000,-11977,115023
2009/01/06,0,162000,-51000,111000
2009/01/07,0,99000,-38000,61000
2009/01/08,0,89000,-94000,-5000
2009/01/09,0,65000,-32000,33000
2009/01/12,0,261000,-53000,208000
2009/01/13,0,92000,-20000,72000
2009/01/14,0,41000,-87000,-46000
2009/01/15,0,233000,-20000,213000
2009/01/16,0,94000,-274000,-180000
2009/01/19,0,20000,-56000,-36000
2009/01/20,0,143164,-17000,126164
2009/01/21,0,140000,-56000,84000
2009/01/22,0,0,0,0
2009/01/23,0,0,0,0
2009/01/26,0,0,0,0
2009/01/27,0,0,0,0
2009/01/28,0,0,0,0
2009/01/29,0,0,0,0
2009/01/30,0,0,0,0
2009/02/02,0,241000,-27477,213523
2009/02/03,0,43000,-106000,-63000
2009/02/04,0,62000,-18000,44000
2009/02/05,0,86000,-154000,-68000
2009/02/06,0,99000,-93000,6000
2009/02/09,0,27000,-194000,-167000
2009/02/10,0,16000,-99000,-83000
2009/02/11,0,38058,-98000,-59942
2009/02/12,0,0,-166007,-166007
2009/02/13,0,101000,-24000,77000
2009/02/16,0,24000,-70000,-46000
2009/02/17,0,131000,-323000,-192000
2009/02/18,0,31000,-337000,-306000
2009/02/19,0,68000,-120000,-52000
2009/02/20,0,102000,-34162,67838
2009/02/23,0,146000,-57000,89000
2009/02/24,0,78000,-141000,-63000
2009/02/25,0,78000,-21000,57000
2009/02/26,0,306000,-48000,258000
2009/02/27,0,71000,-3000,68000
2009/03/02,0,298000,-79000,219000
2009/03/03,0,288000,-62000,226000
2009/03/04,0,169000,-163000,6000
2009/03/05,0,47000,-146000,-99000
2009/03/06,0,62000,-87000,-25000
2009/03/09,0,70000,-17000,53000
2009/03/10,0,126000,-25000,101000
2009/03/11,0,12000,-138000,-126000
2009/03/12,0,14000,-29000,-15000
2009/03/13,0,215000,-20880,194120
2009/03/16,0,14000,-119000,-105000
2009/03/17,0,181000,-115000,66000
2009/03/18,0,823000,-13000,810000
2009/03/19,0,96000,-513000,-417000
2009/03/20,0,132000,-494000,-362000
2009/03/23,0,118000,-7000,111000
2009/03/24,0,50000,-7136,42864
2009/03/25,0,118000,-11000,107000
2009/03/26,0,46000,-37000,9000
2009/03/27,0,40000,-466000,-426000
2009/03/30,0,57000,-258000,-201000
2009/03/31,0,77000,-29000,48000
2009/04/01,0,195000,-160000,35000
2009/04/02,0,248000,-106828,141172
2009/04/03,0,317000,-285000,32000
2009/04/06,0,132000,-350139,-218139
2009/04/07,0,99000,-113000,-14000
2009/04/08,0,122000,-372000,-250000
2009/04/09,0,73000,-125000,-52000
2009/04/10,0,101000,-311000,-210000
2009/04/13,0,72000,-299000,-227000
2009/04/14,0,145000,-212137,-67137
2009/04/15,0,23000,-205000,-182000
2009/04/16,0,144000,-374000,-230000
2009/04/17,0,212000,-128137,83863
2009/04/20,0,362000,-36000,326000
2009/04/21,0,181000,-67000,114000
2009/04/22,0,58000,-294000,-236000
2009/04/23,0,61000,-218000,-157000
2009/04/24,0,150000,-287000,-137000
2009/04/27,0,228000,-73000,155000
2009/04/28,0,158000,-278138,-120138
2009/04/29,0,547000,-167000,380000
2009/04/30,0,207000,-348000,-141000
2009/05/01,0,0,0,0
2009/05/04,0,142000,-5000,137000
2009/05/05,0,272000,-117000,155000
2009/05/06,0,377000,-71799,305201
2009/05/07,0,56000,-445000,-389000
2009/05/08,0,242000,-77000,165000
2009/05/11,0,94000,-147000,-53000
2009/05/12,0,204000,-91000,113000
2009/05/13,0,80000,-95000,-15000
2009/05/14,0,182000,-220000,-38000
2009/05/15,0,55000,-450000,-395000
2009/05/18,0,53000,-169000,-116000
2009/05/19,0,207000,-74000,133000
2009/05/20,0,76000,-283000,-207000
2009/05/21,0,44000,-235000,-191000
2009/05/22,0,100000,-131065,-31065
2009/05/25,0,18000,-200000,-182000
2009/05/26,0,64000,-196000,-132000
2009/05/27,0,138000,-147000,-9000
2009/05/28,0,0,0,0
2009/05/29,0,0,0,0
2009/06/01,0,92000,-201000,-109000
2009/06/02,0,42000,-149000,-107000
2009/06/03,0,78000,-78000,0
2009/06/04,0,47000,-122971,-75971
2009/06/05,0,90000,-42000,48000
2009/06/08,0,105000,-73000,32000
2009/06/09,0,461000,-96000,365000
2009/06/10,0,77000,-29000,48000
2009/06/11,0,133000,-151139,-18139
2009/06/12,0,52000,-470000,-418000
2009/06/15,0,138000,-28000,110000
2009/06/16,0,66543,-18000,48543
2009/06/17,0,68000,-36000,32000
2009/06/18,0,189000,-79000,110000
2009/06/19,0,67000,-111000,-44000
2009/06/22,0,130000,-29000,101000
2009/06/23,0,27000,-33000,-6000
2009/06/24,0,337000,-207000,130000
2009/06/25,0,132000,-96000,36000
2009/06/26,0,157000,-46000,111000
2009/06/29,0,17000,-116000,-99000
2009/06/30,0,224000,-61000,163000
2009/07/01,0,504000,-92000,412000
2009/07/02,0,196000,-231520,-35520
2009/07/03,0,680000,-268000,412000
2009/07/06,0,350000,-366000,-16000
2009/07/07,0,207000,-163000,44000
2009/07/08,0,24000,-56000,-32000
2009/07/09,0,267000,-10000,257000
2009/07/10,0,9000,-244000,-235000
2009/07/13,0,77000,-242000,-165000
2009/07/14,0,160000,-14000,146000
2009/07/15,0,304899,-26000,278899
2009/07/16,0,45000,-151000,-106000
2009/07/17,0,101000,-55000,46000
2009/07/20,0,61000,-168000,-107000
2009/07/21,0,3000,-112000,-109000
2009/07/22,0,104000,-8000,96000
2009/07/23,0,127000,-53000,74000
2009/07/24,0,94000,-168000,-74000
2009/07/27,0,95000,-92000,3000
2009/07/28,0,350000,-22000,328000
2009/07/29,0,233000,-25000,208000
2009/07/30,0,54000,-171000,-117000
2009/07/31,0,37000,-117000,-80000
2009/08/03,0,23000,-316000,-293000
2009/08/04,0,106000,-149000,-43000
2009/08/05,0,24000,-174000,-150000
2009/08/06,0,24000,-7000,17000
2009/08/07,0,0,0,0
2009/08/10,0,106000,-73000,33000
2009/08/11,0,100000,-322000,-222000
2009/08/12,0,5000,-108000,-103000
2009/08/13,0,49000,-170000,-121000
2009/08/14,0,26000,-61000,-35000
2009/08/17,0,66000,-67000,-1000
2009/08/18,0,211000,-50000,161000
2009/08/19,0,74000,-44000,30000
2009/08/20,0,42000,-131000,-89000
2009/08/21,0,38000,-55000,-17000
2009/08/24,0,310000,-31886,278114
2009/08/25,0,34000,-3000,31000
2009/08/26,0,23000,-99000,-76000
2009/08/27,0,86000,-69000,17000
2009/08/28,0,37000,-64000,-27000
2009/08/31,0,98000,-111000,-13000
2009/09/01,0,31000,-41000,-10000
2009/09/02,0,8000,-97000,-89000
2009/09/03,0,14000,-122000,-108000
2009/09/04,0,137000,-170000,-33000
2009/09/07,0,8000,-86000,-78000
2009/09/08,0,168000,-63000,105000
2009/09/09,0,32000,-52000,-20000
2009/09/10,0,303000,-98000,205000
2009/09/11,0,10000,-124000,-114000
2009/09/14,0,1000,-277000,-276000
2009/09/15,0,39000,-23000,16000
2009/09/16,0,373000,-164000,209000
2009/09/17,0,756000,-510000,246000
2009/09/18,0,127000,-300000,-173000
2009/09/21,0,124000,-475000,-351000
2009/09/22,0,235000,-90000,145000
2009/09/23,0,126000,-902654,-776654
2009/09/24,0,112000,-203000,-91000
2009/09/25,0,196000,-454000,-258000
2009/09/28,0,82000,-239910,-157910
2009/09/29,0,38000,-21000,17000
2009/09/30,0,15000,-105000,-90000
2009/10/01,0,20000,-246000,-226000
2009/10/02,0,346000,-154000,192000
2009/10/05,0,247000,-139000,108000
2009/10/06,0,27000,-281000,-254000
2009/10/07,0,70000,-65000,5000
2009/10/08,0,89000,-94000,-5000
2009/10/09,0,18000,-96000,-78000
2009/10/12,0,97000,-61000,36000
2009/10/13,0,103000,-70000,33000
2009/10/14,0,16000,-322000,-306000
2009/10/15,0,12000,-11000,1000
2009/10/16,0,15000,-103000,-88000
2009/10/19,0,43000,-25000,18000
2009/10/20,0,202000,-185000,17000
2009/10/21,0,25000,-5590,19410
2009/10/22,0,218000,-63000,155000
2009/10/23,0,182000,0,182000
2009/10/26,0,54000,-60000,-6000
2009/10/27,0,40000,-18000,22000
2009/10/28,0,213000,-172000,41000
2009/10/29,0,184000,-24000,160000
2009/10/30,0,53000,-76000,-23000
2009/11/02,0,41000,-84000,-43000
2009/11/03,0,255000,-275000,-20000
2009/11/04,0,108000,-136000,-28000
2009/11/05,0,97000,-59000,38000
2009/11/06,0,59000,-22000,37000
2009/11/09,0,77000,-26000,51000
2009/11/10,0,182000,-50000,132000
2009/11/11,0,186000,-468000,-282000
2009/11/12,0,143000,-99000,44000
2009/11/13,0,93000,-36000,57000
2009/11/16,0,10000,-9000,1000
2009/11/17,0,65000,-42000,23000
2009/11/18,0,2000,-77000,-75000
2009/11/19,0,56000,-551000,-495000
2009/11/20,0,17000,-47000,-30000
2009/11/23,0,3000,-16000,-13000
2009/11/24,0,6000,-2000,4000
2009/11/25,0,47000,0,47000
2009/11/26,0,16000,-73000,-57000
2009/11/27,0,43000,-81000,-38000
2009/11/30,0,183000,-5100,177900
2009/12/01,0,33000,-120000,-87000
2009/12/02,0,70000,-126000,-56000
2009/12/03,0,121000,-22000,99000
2009/12/04,0,35000,-63000,-28000
2009/12/07,0,40000,-13000,27000
2009/12/08,0,17000,-129000,-112000
2009/12/09,0,25000,-62000,-37000
2009/12/10,0,20000,-148000,-128000
2009/12/11,0,52000,-4000,48000
2009/12/14,0,21000,-144000,-123000
2009/12/15,0,14000,-59000,-45000
2009/12/16,0,20000,-260000,-240000
2009/12/17,0,15000,-35000,-20000
2009/12/18,0,0,-20000,-20000
2009/12/21,0,4000,-27000,-23000
2009/12/22,0,119000,-60230,58770
2009/12/23,0,40000,-104000,-64000
2009/12/24,0,11000,-87000,-76000
2009/12/25,0,5000,-22000,-17000
2009/12/28,0,6000,-8000,-2000
2009/12/29,0,10000,-17000,-7000
2009/12/30,0,15000,-74000,-59000
2009/12/31,0,15000,-20000,-5000
2010/01/01,0,0,0,0
2010/01/04,0,0,-227000,-227000
2010/01/05,0,12000,-244000,-232000
2010/01/06,0,1000,-213000,-212000
2010/01/07,0,19000,-18000,1000
2010/01/08,0,135000,-1216000,-1081000
2010/01/11,0,22000,-26000,-4000
2010/01/12,0,17000,-1000,16000
2010/01/13,0,631000,-5000,626000
2010/01/14,0,266000,-7462,258538
2010/01/15,0,58000,-151000,-93000
2010/01/18,0,45000,-20000,25000
2010/01/19,0,0,-38000,-38000
2010/01/20,0,35000,-168000,-133000
2010/01/21,0,2000,-95000,-93000
2010/01/22,0,10000,-139000,-129000
2010/01/25,0,11000,-147000,-136000
2010/01/26,0,36000,-661000,-625000
2010/01/27,0,38000,-12000,26000
2010/01/28,0,54000,-5000,49000
2010/01/29,0,306000,-47000,259000
2010/02/01,0,133000,-171000,-38000
2010/02/02,0,36000,-4000,32000
2010/02/03,0,73000,-96000,-23000
2010/02/04,0,14000,-28000,-14000
2010/02/05,0,713000,0,713000
2010/02/08,0,230000,-556000,-326000
2010/02/09,0,119000,-290000,-171000
2010/02/10,0,154000,-24264,129736
2010/02/11,0,0,0,0
2010/02/12,0,0,0,0
2010/02/15,0,0,0,0
2010/02/16,0,0,0,0
2010/02/17,0,0,0,0
2010/02/18,0,0,0,0
2010/02/19,0,0,0,0
2010/02/22,0,311000,-155000,156000
2010/02/23,0,21000,-73000,-52000
2010/02/24,0,845000,-261000,584000
2010/02/25,0,957000,-63000,894000
2010/02/26,0,38000,-23000,15000
2010/03/01,0,140000,-386000,-246000
2010/03/02,0,142000,-83000,59000
2010/03/03,0,130000,0,130000
2010/03/04,0,59000,-107000,-48000
2010/03/05,0,31000,-340000,-309000
2010/03/08,0,35000,-33000,2000
2010/03/09,0,25000,-30000,-5000
2010/03/10,0,1000,-24000,-23000
2010/03/11,0,85000,-6000,79000
2010/03/12,0,77000,-29000,48000
2010/03/15,0,0,-43000,-43000
2010/03/16,0,21000,-58000,-37000
2010/03/17,0,424000,-46000,378000
2010/03/18,0,106000,-712,105288
2010/03/19,0,44000,-31000,13000
2010/03/22,0,2000,-15000,-13000
2010/03/23,0,0,-16000,-16000
2010/03/24,0,7000,-45457,-38457
2010/03/25,0,356000,-48000,308000
2010/03/26,0,73000,-33000,40000
2010/03/29,0,35000,0,35000
2010/03/30,0,7000,-1000,6000
2010/03/31,0,2000,-6000,-4000
2010/04/01,0,104000,-4009,99991
2010/04/02,0,3000,-1000,2000
2010/04/05,0,0,0,0
2010/04/06,0,61000,-2000,59000
2010/04/07,0,0,-28000,-28000
2010/04/08,0,50000,-12000,38000
2010/04/09,0,2000,0,2000
2010/04/12,0,3000,0,3000
2010/04/13,0,0,-14000,-14000
2010/04/14,0,0,-4000,-4000
2010/04/15,0,5000,-6000,-1000
2010/04/16,0,0,-112000,-112000
2010/04/19,0,11000,-45000,-34000
2010/04/20,0,16000,-5000,11000
2010/04/21,0,6000,-9000,-3000
2010/04/22,0,0,-5000,-5000
2010/04/23,0,63000,-42000,21000
2010/04/26,0,10000,0,10000
2010/04/27,0,0,-12000,-12000
2010/04/28,0,0,-110000,-110000
2010/04/29,0,2000,-52000,-50000
2010/04/30,0,118000,-160000,-42000
2010/05/03,0,588000,-19000,569000
2010/05/04,0,20000,-12000,8000
2010/05/05,0,22000,-96000,-74000
2010/05/06,0,32000,-195000,-163000
2010/05/07,0,36000,-412000,-376000
2010/05/10,0,15000,-36092,-21092
2010/05/11,0,3000,-385000,-382000
2010/05/12,0,14000,-80000,-66000
2010/05/13,0,40000,-36000,4000
2010/05/14,0,78000,0,78000
2010/05/17,0,16000,-13000,3000
2010/05/18,0,125000,0,125000
2010/05/19,0,342000,-64000,278000
2010/05/20,0,6000,-141000,-135000
2010/05/21,0,29000,-53000,-24000
2010/05/24,0,15000,-5000,10000
2010/05/25,0,105000,-52000,53000
2010/05/26,0,81000,-10000,71000
2010/05/27,0,0,-22000,-22000
2010/05/28,0,0,-94000,-94000
2010/05/31,0,0,-26000,-26000
2010/06/01,0,3000,-96000,-93000
2010/06/02,0,41000,0,41000
2010/06/03,0,20000,-4000,16000
2010/06/04,0,4000,0,4000
2010/06/07,0,27000,-25000,2000
2010/06/08,0,57000,-104000,-47000
2010/06/09,0,0,-200000,-200000
2010/06/10,0,0,-8000,-8000
2010/06/11,0,37000,0,37000
2010/06/14,0,24000,-2000,22000
2010/06/15,0,240000,0,240000
2010/06/16,0,0,0,0
2010/06/17,0,631000,0,631000
2010/06/18,0,40000,-21000,19000
2010/06/21,0,12000,0,12000
2010/06/22,0,53000,-4000,49000
2010/06/23,0,4000,-50000,-46000
2010/06/24,0,0,-1100,-1100
2010/06/25,0,70000,-1000,69000
2010/06/28,0,0,-11000,-11000
2010/06/29,0,54000,0,54000
2010/06/30,0,19000,-4322,14678
2010/07/01,0,303000,-3000,300000
2010/07/02,0,577000,-83000,494000
2010/07/05,0,79000,-45000,34000
2010/07/06,0,18000,-20000,-2000
2010/07/07,0,0,-36000,-36000
2010/07/08,0,8000,-374,7626
2010/07/09,0,0,-5000,-5000
2010/07/12,0,31000,-15000,16000
2010/07/13,0,0,-1000,-1000
2010/07/14,0,1000,-405000,-404000
2010/07/15,0,0,-9000,-9000
2010/07/16,0,0,0,0
2010/07/19,0,9000,-43000,-34000
2010/07/20,0,0,-2000,-2000
2010/07/21,0,1000,0,1000
2010/07/22,0,8000,-7000,1000
2010/07/23,0,31000,-5000,26000
2010/07/26,0,60000,-5000,55000
2010/07/27,0,1000,-22000,-21000
2010/07/28,0,1000,-10000,-9000
2010/07/29,0,1000,-9000,-8000
2010/07/30,0,0,-394000,-394000
2010/08/02,0,54000,0,54000
2010/08/03,0,26000,-17000,9000
2010/08/04,0,25000,-23000,2000
2010/08/05,0,26000,-41000,-15000
2010/08/06,0,53000,0,53000
2010/08/09,0,39000,-30000,9000
2010/08/10,0,1250,-87000,-85750
2010/08/11,0,1000,-27250,-26250
2010/08/12,0,24000,-103000,-79000
2010/08/13,0,2000,-102000,-100000
2010/08/16,0,1000,-7000,-6000
2010/08/17,0,0,-8000,-8000
2010/08/18,0,2000,-128000,-126000
2010/08/19,0,18400,0,18400
2010/08/20,0,0,-53000,-53000
2010/08/23,0,11000,-18000,-7000
2010/08/24,0,0,-97000,-97000
2010/08/25,0,0,-76000,-76000
2010/08/26,0,0,-18000,-18000
2010/08/27,0,4000,-24000,-20000
2010/08/30,0,33000,-33000,0
2010/08/31,0,0,-7000,-7000
2010/09/01,0,7000,-29000,-22000
2010/09/02,0,8000,-110000,-102000
2010/09/03,0,0,-59000,-59000
2010/09/06,0,52000,-1000,51000
2010/09/07,0,50600,0,50600
2010/09/08,0,52000,-14000,38000
2010/09/09,0,50000,-51000,-1000
2010/09/10,0,8000,-29360,-21360
2010/09/13,0,468000,-29000,439000
2010/09/14,0,4000,-76258,-72258
2010/09/15,0,6000,-76000,-70000
2010/09/16,0,7000,0,7000
2010/09/17,0,20000,-12000,8000
2010/09/20,0,46000,-8000,38000
2010/09/21,0,6000,-436000,-430000
2010/09/22,0,0,0,0
2010/09/23,0,63000,0,63000
2010/09/24,0,27000,0,27000
2010/09/27,0,4000,-44000,-40000
2010/09/28,0,7000,-1000,6000
2010/09/29,0,26000,-18000,8000
2010/09/30,0,60000,-84000,-24000
2010/10/01,0,13000,-17000,-4000
2010/10/04,0,41000,-4000,37000
2010/10/05,0,52000,-30000,22000
2010/10/06,0,2000,-27000,-25000
2010/10/07,0,1000,-40200,-39200
2010/10/08,0,54000,-16000,38000
2010/10/11,0,36000,-5000,31000
2010/10/12,0,5000,-60000,-55000
2010/10/13,0,43000,-47000,-4000
2010/10/14,0,52000,-17000,35000
2010/10/15,0,203000,-7000,196000
2010/10/18,0,106000,-20000,86000
2010/10/19,0,10000,-49000,-39000
2010/10/20,0,20000,-942000,-922000
2010/10/21,0,8000,-846000,-838000
2010/10/22,0,0,-737000,-737000
2010/10/25,0,135000,-796000,-661000
2010/10/26,0,15000,-680000,-665000
2010/10/27,0,5000,-793000,-788000
2010/10/28,0,15000,-753000,-738000
2010/10/29,0,25000,-1088000,-1063000
2010/11/01,0,137000,-2894000,-2757000
2010/11/02,0,43000,-1253000,-1210000
2010/11/03,0,9000,-989000,-980000
2010/11/04,0,26000,-709000,-683000
2010/11/05,0,16000,-1068000,-1052000
2010/11/08,0,67000,-1879000,-1812000
2010/11/09,0,92189,-923000,-830811
2010/11/10,0,62000,-1187000,-1125000
2010/11/11,0,49000,-1333000,-1284000
2010/11/12,0,49000,-776000,-727000
2010/11/15,0,0,-43000,-43000
2010/11/16,0,197000,-15000,182000
2010/11/17,0,1000,-3000,-2000
2010/11/18,0,7000,0,7000
2010/11/19,0,50000,-144000,-94000
2010/11/22,0,41000,-13000,28000
2010/11/23,0,0,-72000,-72000
2010/11/24,0,12000,-18257,-6257
2010/11/25,0,4000,-48000,-44000
2010/11/26,0,5000,-30000,-25000
2010/11/29,0,20000,-3000,17000
2010/11/30,0,165000,-44000,121000
2010/12/01,0,135000,-139000,-4000
2010/12/02,0,40000,0,40000
2010/12/03,0,49000,-26000,23000
2010/12/06,0,60000,-44000,16000
2010/12/07,0,12000,-12000,0
2010/12/08,0,6000,-119000,-113000
2010/12/09,0,10000,-5000,5000
2010/12/10,0,30000,0,30000
2010/12/13,0,10000,-84000,-74000
2010/12/14,0,0,-31677,-31677
2010/12/15,0,4000,-51000,-47000
2010/12/16,0,1000,-153000,-152000
2010/12/17,0,0,-162000,-162000
2010/12/20,0,8000,-50000,-42000
2010/12/21,0,13000,-1000,12000
2010/12/22,0,27000,-2000,25000
2010/12/23,0,16000,-59000,-43000
2010/12/24,0,8000,-47000,-39000
2010/12/27,0,19000,-26000,-7000
2010/12/28,0,28000,-68000,-40000
2010/12/29,0,17000,-62393,-45393
2010/12/30,0,42000,-70000,-28000
2010/12/31,0,59000,-12000,47000
2011/01/03,0,14000,-74000,-60000
2011/01/04,0,13000,-7000,6000
2011/01/05,0,38000,-233000,-195000
2011/01/06,0,56000,-206000,-150000
2011/01/07,0,2000,-289000,-287000
2011/01/10,0,0,-228000,-228000
2011/01/11,0,388000,-204000,184000
2011/01/12,0,0,-204000,-204000
2011/01/13,0,0,-283000,-283000
2011/01/14,0,4000,-216000,-212000
2011/01/17,0,10000,-310212,-300212
2011/01/18,0,0,-244000,-244000
2011/01/19,0,0,-351000,-351000
2011/01/20,0,0,-207000,-207000
2011/01/21,0,6000,-228000,-222000
2011/01/24,0,0,-264000,-264000
2011/01/25,0,2000,-216000,-214000
2011/01/26,0,0,-239000,-239000
2011/01/27,0,2000,-308000,-306000
2011/01/28,0,0,-283000,-283000
2011/01/31,0,0,0,0
2011/02/01,0,0,0,0
2011/02/02,0,0,0,0
2011/02/03,0,0,0,0
2011/02/04,0,0,0,0
2011/02/07,0,0,0,0
2011/02/08,0,0,-346000,-346000
2011/02/09,0,5000,-327000,-322000
2011/02/10,0,61000,-410000,-349000
2011/02/11,0,29000,-257000,-228000
2011/02/14,0,0,-287000,-287000
2011/02/15,0,3000,-385000,-382000
2011/02/16,0,0,-268000,-268000
2011/02/17,0,0,-321000,-321000
2011/02/18,0,0,-253000,-253000
2011/02/21,0,2000,-300000,-298000
2011/02/22,0,122000,-289000,-167000
2011/02/23,0,215000,-250000,-35000
2011/02/24,0,309000,-250000,59000
2011/02/25,0,316000,-250000,66000
2011/02/28,0,0,0,0
2011/03/01,0,54000,-263000,-209000
2011/03/02,0,76000,-308000,-232000
2011/03/03,0,222000,-250000,-28000
2011/03/04,0,0,-269000,-269000
2011/03/07,0,0,-253986,-253986
2011/03/08,0,23000,-251000,-228000
2011/03/09,0,0,-263000,-263000
2011/03/10,0,10000,-250000,-240000
2011/03/11,0,67000,-272000,-205000
2011/03/14,0,129000,-311000,-182000
2011/03/15,0,449000,-250000,199000
2011/03/16,0,300000,-251000,49000
2011/03/17,0,120000,-250000,-130000
2011/03/18,0,450000,-256000,194000
2011/03/21,0,200000,-334000,-134000
2011/03/22,0,0,-117000,-117000
2011/03/23,0,8000,-18000,-10000
2011/03/24,0,76000,0,76000
2011/03/25,0,113000,-27000,86000
2011/03/28,0,39000,0,39000
2011/03/29,0,55000,-2000,53000
2011/03/30,0,2000,-50000,-48000
2011/03/31,0,0,-488000,-488000
2011/04/01,0,4000,-210000,-206000
2011/04/04,0,0,0,0
2011/04/05,0,0,0,0
2011/04/06,0,22000,-200000,-178000
2011/04/07,0,82000,-200000,-118000
2011/04/08,0,23000,-200000,-177000
2011/04/11,0,35000,-206000,-171000
2011/04/12,0,159000,-200000,-41000
2011/04/13,0,51000,-200000,-149000
2011/04/14,0,14000,-200008,-186008
2011/04/15,0,0,-200000,-200000
2011/04/18,0,16000,-409171,-393171
2011/04/19,0,31000,-200000,-169000
2011/04/20,0,40000,-555000,-515000
2011/04/21,0,125000,-214000,-89000
2011/04/22,0,119000,-80000,39000
2011/04/25,0,1000,-226000,-225000
2011/04/26,0,237000,-266000,-29000
2011/04/27,0,89000,-265000,-176000
2011/04/28,0,23000,-364000,-341000
2011/04/29,0,26000,-473000,-447000
2011/05/02,0,0,0,0
2011/05/03,0,255000,-209200,45800
2011/05/04,0,123000,-200000,-77000
2011/05/05,0,276000,-207000,69000
2011/05/06,0,168000,-200000,-32000
2011/05/09,0,197000,-200000,-3000
2011/05/10,0,83000,-212000,-129000
2011/05/11,0,0,-152412,-152412
2011/05/12,0,235000,-216000,19000
2011/05/13,0,4000,-273000,-269000
2011/05/16,0,72000,-223000,-151000
2011/05/17,0,57000,-200000,-143000
2011/05/18,0,246000,-293000,-47000
2011/05/19,0,178000,-221392,-43392
2011/05/20,0,56000,-203000,-147000
2011/05/23,0,112000,-219000,-107000
2011/05/24,0,166000,-202000,-36000
2011/05/25,0,17000,-212000,-195000
2011/05/26,0,9000,-203000,-194000
2011/05/27,0,70000,-219000,-149000
2011/05/30,0,76000,-208000,-132000
2011/05/31,0,369000,-211000,158000
2011/06/01,0,0,-206000,-206000
2011/06/02,0,73000,-200000,-127000
2011/06/03,0,64000,-937000,-873000
2011/06/06,0,0,0,0
2011/06/07,0,349000,-234000,115000
2011/06/08,0,50000,-304000,-254000
2011/06/09,0,85000,-184000,-99000
2011/06/10,0,30000,-35000,-5000
2011/06/13,0,76000,-337000,-261000
2011/06/14,0,98000,-208000,-110000
2011/06/15,0,102000,-324000,-222000
2011/06/16,0,214000,-211000,3000
2011/06/17,0,197000,-206000,-9000
2011/06/20,0,182000,-831000,-649000
2011/06/21,0,233000,-250000,-17000
2011/06/22,0,0,-352000,-352000
2011/06/23,0,260000,-102000,158000
2011/06/24,0,108000,-12000,96000
2011/06/27,0,44000,-18000,26000
2011/06/28,0,31000,0,31000
2011/06/29,0,539000,-575000,-36000
2011/06/30,0,69000,-3438000,-3369000
2011/07/01,0,1000,-1756640,-1755640
2011/07/04,0,0,-1854000,-1854000
2011/07/05,0,170000,-1930000,-1760000
2011/07/06,0,75000,-1815000,-1740000
2011/07/07,0,195000,-1824000,-1629000
2011/07/08,0,26000,-1840000,-1814000
2011/07/11,0,78000,-1801000,-1723000
2011/07/12,0,125000,-1609000,-1484000
2011/07/13,0,293000,-2000000,-1707000
2011/07/14,0,218000,-1850000,-1632000
2011/07/15,0,133000,-1800000,-1667000
2011/07/18,0,244995,-1800780,-1555785
2011/07/19,0,63000,-1802000,-1739000
2011/07/20,0,160000,-1028000,-868000
2011/07/21,0,228000,-27000,201000
2011/07/22,0,15000,-1000,14000
2011/07/25,0,4500,-59000,-54500
2011/07/26,0,35000,-63548,-28548
2011/07/27,0,6000,-36500,-30500
2011/07/28,0,74000,-96000,-22000
2011/07/29,0,252000,-77000,175000
2011/08/01,0,515005,-6000,509005
2011/08/02,0,23000,-199000,-176000
2011/08/03,0,206000,-164000,42000
2011/08/04,0,358000,-2000,356000
2011/08/05,0,531000,-521000,10000
2011/08/08,0,413000,-294000,119000
2011/08/09,0,1181000,-42000,1139000
2011/08/10,0,8000,-397000,-389000
2011/08/11,0,142000,-48000,94000
2011/08/12,0,2000,-231000,-229000
2011/08/15,0,25000,-5000,20000
2011/08/16,0,2000,-24000,-22000
2011/08/17,0,47000,-6000,41000
2011/08/18,0,97000,-17000,80000
2011/08/19,0,171000,-12000,159000
2011/08/22,0,304000,-4000,300000
2011/08/23,0,167000,0,167000
2011/08/24,0,86000,-44000,42000
2011/08/25,0,80000,-8000,72000
2011/08/26,0,79000,-12000,67000
2011/08/29,0,65000,-10000,55000
2011/08/30,0,11000,-60000,-49000
2011/08/31,0,9000,-45000,-36000
2011/09/01,0,13000,-208000,-195000
2011/09/02,0,10000,-58000,-48000
2011/09/05,0,33000,-30000,3000
2011/09/06,0,105000,-1237000,-1132000
2011/09/07,0,102000,-23000,79000
2011/09/08,0,45000,-122000,-77000
2011/09/09,0,84000,-30000,54000
2011/09/12,0,0,0,0
2011/09/13,0,44000,-16000,28000
2011/09/14,0,593000,-14000,579000
2011/09/15,0,139000,-5000,134000
2011/09/16,0,46000,-3000,43000
2011/09/19,0,3000,0,3000
2011/09/20,0,59000,-16000,43000
2011/09/21,0,21000,-71000,-50000
2011/09/22,0,51000,-90000,-39000
2011/09/23,0,462000,-39000,423000
2011/09/26,0,242000,-28000,214000
2011/09/27,0,0,0,0
2011/09/28,0,0,0,0
2011/09/29,0,0,0,0
2011/09/30,0,0,0,0
2011/10/03,0,0,0,0
2011/10/04,0,0,0,0
2011/10/05,0,0,0,0
2011/10/06,0,0,0,0
2011/10/07,0,0,0,0
2011/10/10,0,0,0,0
2011/10/11,0,0,0,0
2011/10/12,0,0,0,0
2011/10/13,0,183000,-2000,181000
2011/10/14,0,135000,-46000,89000
2011/10/17,0,115000,-6000,109000
2011/10/18,0,4000,-28000,-24000
2011/10/19,0,62000,-203000,-141000
2011/10/20,0,36000,-55000,-19000
2011/10/21,0,126000,-383,125617
2011/10/24,0,69000,-25000,44000
2011/10/25,0,38100,-30000,8100
2011/10/26,0,147000,-30000,117000
2011/10/27,0,79000,-9000,70000
2011/10/28,0,43000,-1600,41400
2011/10/31,0,0,-42758,-42758
2011/11/01,0,40000,-5000,35000
2011/11/02,0,44000,-2000,42000
2011/11/03,0,29000,-5000,24000
2011/11/04,0,27000,-1000,26000
2011/11/07,0,70000,-1000,69000
2011/11/08,0,9000,-18000,-9000
2011/11/09,0,2000,-64000,-62000
2011/11/10,0,256000,-14000,242000
2011/11/11,0,42000,0,42000
2011/11/14,0,0,-7000,-7000
2011/11/15,0,46000,-3000,43000
2011/11/16,0,14000,-55000,-41000
2011/11/17,0,153000,-32000,121000
2011/11/18,0,216000,-24000,192000
2011/11/21,0,316000,-67000,249000
2011/11/22,0,259000,-125000,134000
2011/11/23,0,217000,-54000,163000
2011/11/24,0,101000,-19000,82000
2011/11/25,0,168000,-17000,151000
2011/11/28,0,74000,-35000,39000
2011/11/29,0,87000,-28000,59000
2011/11/30,0,31000,-43000,-12000
2011/12/01,0,68000,-10000,58000
2011/12/02,0,16000,-44000,-28000
2011/12/05,0,15000,-20000,-5000
2011/12/06,0,400,-5000,-4600
2011/12/07,0,3000,-26000,-23000
2011/12/08,0,4000,-32000,-28000
2011/12/09,0,11000,-11000,0
2011/12/12,0,7000,0,7000
2011/12/13,0,6000,-11000,-5000
2011/12/14,0,6000,-6000,0
2011/12/15,0,48000,-12000,36000
2011/12/16,0,91600,-6000,85600
2011/12/19,0,105000,-11000,94000
2011/12/20,0,47000,-5000,42000
2011/12/21,0,40000,-11000,29000
2011/12/22,0,44000,-35000,9000
2011/12/23,0,0,-12000,-12000
2011/12/26,0,173000,-35600,137400
2011/12/27,0,109000,-97000,12000
2011/12/28,0,91000,-4211,86789
2011/12/29,0,104000,-6000,98000
2011/12/30,0,19000,-517000,-498000
2012/01/02,0,21000,-22000,-1000
2012/01/03,0,52000,-21000,31000
2012/01/04,0,122000,-4000,118000
2012/01/05,0,66000,-76000,-10000
2012/01/06,0,34000,-8000,26000
2012/01/09,0,110527,-46000,64527
2012/01/10,0,32000,-126700,-94700
2012/01/11,0,1000,-10000,-9000
2012/01/12,0,33000,-6527,26473
2012/01/13,0,16000,-33000,-17000
2012/01/16,0,0,-27000,-27000
2012/01/17,0,15000,0,15000
2012/01/18,0,5000,-29000,-24000
2012/01/19,0,0,0,0
2012/01/20,0,0,0,0
2012/01/23,0,0,0,0
2012/01/24,0,0,0,0
2012/01/25,0,0,0,0
2012/01/26,0,0,0,0
2012/01/27,0,0,0,0
2012/01/30,0,56000,-12000,44000
2012/01/31,0,47000,-68000,-21000
2012/02/01,0,61000,-112000,-51000
2012/02/02,0,1225000,-106000,1119000
2012/02/03,0,12000,-169000,-157000
2012/02/06,0,3000,-54000,-51000
2012/02/07,0,7000,-3000,4000
2012/02/08,0,11000,-26000,-15000
2012/02/09,0,302000,-181000,121000
2012/02/10,0,45000,-160000,-115000
2012/02/13,0,19000,-41000,-22000
2012/02/14,0,43000,-284000,-241000
2012/02/15,0,13000,-87000,-74000
2012/02/16,0,8000,-133000,-125000
2012/02/17,0,53000,-75000,-22000
2012/02/20,0,21000,-200000,-179000
2012/02/21,0,19000,-170000,-151000
2012/02/22,0,24000,-5000,19000
2012/02/23,0,39000,-323000,-284000
2012/02/24,0,135000,-147000,-12000
2012/02/27,0,0,0,0
2012/02/28,0,0,0,0
2012/02/29,0,182012,-34000,148012
2012/03/01,0,14000,-16000,-2000
2012/03/02,0,2000,-39000,-37000
2012/03/05,0,1000,-243000,-242000
2012/03/06,0,29000,-69000,-40000
2012/03/07,0,0,-101000,-101000
2012/03/08,0,85000,-105000,-20000
2012/03/09,0,4000,-52000,-48000
2012/03/12,0,16000,-68504,-52504
2012/03/13,0,108000,-30000,78000
2012/03/14,0,115000,-12000,103000
2012/03/15,0,15000,-19000,-4000
2012/03/16,0,8000,-94000,-86000
2012/03/19,0,0,-281000,-281000
2012/03/20,0,0,-87000,-87000
2012/03/21,0,15000,-16000,-1000
2012/03/22,0,88000,-10000,78000
2012/03/23,0,8000,-22000,-14000
2012/03/26,0,10000,-100000,-90000
2012/03/27,0,0,-54000,-54000
2012/03/28,0,41000,-111000,-70000
2012/03/29,0,39000,-61973,-22973
2012/03/30,0,1000,-394000,-393000
2012/04/02,0,79000,-38000,41000
2012/04/03,0,66000,-45000,21000
2012/04/04,0,0,0,0
2012/04/05,0,133000,-55000,78000
2012/04/06,0,44000,-106000,-62000
2012/04/09,0,162000,-29000,133000
2012/04/10,0,397000,0,397000
2012/04/11,0,318000,0,318000
2012/04/12,0,409000,-3000,406000
2012/04/13,0,212000,-1000,211000
2012/04/16,0,0,-7000,-7000
2012/04/17,0,20000,-10000,10000
2012/04/18,0,24000,-4000,20000
2012/04/19,0,187000,-5000,182000
2012/04/20,0,362000,-4000,358000
2012/04/23,0,114000,-3000,111000
2012/04/24,0,244000,-14000,230000
2012/04/25,0,42000,-36000,6000
2012/04/26,0,89006,-43000,46006
2012/04/27,0,245000,-312308,-67308
2012/04/30,0,53000,-7000,46000
2012/05/01,0,0,0,0
2012/05/02,0,134093,-10000,124093
2012/05/03,0,6000,-5000,1000
2012/05/04,0,39000,-6000,33000
2012/05/07,0,64000,-12000,52000
2012/05/08,0,12000,-6032,5968
2012/05/09,0,96000,0,96000
2012/05/10,0,46000,-27000,19000
2012/05/11,0,126000,-710000,-584000
2012/05/14,0,91000,-1082000,-991000
2012/05/15,0,220000,-286000,-66000
2012/05/16,0,358000,-16000,342000
2012/05/17,0,90000,-68000,22000
2012/05/18,0,243000,-15000,228000
2012/05/21,0,111000,-57000,54000
2012/05/22,0,16000,-20000,-4000
2012/05/23,0,265000,-134000,131000
2012/05/24,0,184000,-36000,148000
2012/05/25,0,32000,-22000,10000
2012/05/28,0,36000,-568000,-532000
2012/05/29,0,96000,-684000,-588000
2012/05/30,0,46000,-743000,-697000
2012/05/31,0,102000,-112000,-10000
2012/06/01,0,84000,-44000,40000
2012/06/04,0,248000,-29000,219000
2012/06/05,0,28000,-66000,-38000
2012/06/06,0,0,-117000,-117000
2012/06/07,0,1000,-72000,-71000
2012/06/08,0,6000,-7000,-1000
2012/06/11,0,42000,-11000,31000
2012/06/12,0,17000,-38000,-21000
2012/06/13,0,16000,-27000,-11000
2012/06/14,0,40000,-2000,38000
2012/06/15,0,95000,-2000,93000
2012/06/18,0,16000,-30000,-14000
2012/06/19,0,20000,-23000,-3000
2012/06/20,0,32000,-43000,-11000
2012/06/21,0,22000,-30000,-8000
2012/06/22,0,304000,-47000,257000
2012/06/25,0,132000,-109000,23000
2012/06/26,0,14000,-24000,-10000
2012/06/27,0,73000,-41000,32000
2012/06/28,0,58000,-211000,-153000
2012/06/29,0,194000,-17000,177000
2012/07/02,0,153000,-275000,-122000
2012/07/03,0,510000,-3000,507000
2012/07/04,0,80000,-242000,-162000
2012/07/05,0,13000,-65000,-52000
2012/07/06,0,2109000,-48000,2061000
2012/07/09,0,114000,-90000,24000
2012/07/10,0,50000,-36000,14000
2012/07/11,0,49000,-11000,38000
2012/07/12,0,13000,-56000,-43000
2012/07/13,0,95000,-15000,80000
2012/07/16,0,4000,-27328,-23328
2012/07/17,0,102000,-23000,79000
2012/07/18,0,65000,-133000,-68000
2012/07/19,0,52000,-92000,-40000
2012/07/20,0,17000,-1000,16000
2012/07/23,0,58000,-223000,-165000
2012/07/24,0,151000,-22000,129000
2012/07/25,0,38000,-58000,-20000
2012/07/26,0,80000,-7000,73000
2012/07/27,0,11000,-28000,-17000
2012/07/30,0,123000,-39000,84000
2012/07/31,0,93000,-240000,-147000
2012/08/01,0,4000,-63000,-59000
2012/08/02,0,0,0,0
2012/08/03,0,93000,-17000,76000
2012/08/06,0,14000,-42000,-28000
2012/08/07,0,6000,0,6000
2012/08/08,0,7000,-121000,-114000
2012/08/09,0,50000,0,50000
2012/08/10,0,101000,-32000,69000
2012/08/13,0,42000,-33000,9000
2012/08/14,0,60000,-97000,-37000
2012/08/15,0,24000,-19000,5000
2012/08/16,0,177000,-8000,169000
2012/08/17,0,74000,-1166000,-1092000
2012/08/20,0,36000,-171000,-135000
2012/08/21,0,69000,-14000,55000
2012/08/22,0,42000,-29000,13000
2012/08/23,0,46000,-36000,10000
2012/08/24,0,43000,-57000,-14000
2012/08/27,0,43000,-106000,-63000
2012/08/28,0,63000,-1107000,-1044000
2012/08/29,0,0,-11000,-11000
2012/08/30,0,81000,-171000,-90000
2012/08/31,0,62000,-73000,-11000
2012/09/03,0,19000,-46000,-27000
2012/09/04,0,166000,-181000,-15000
2012/09/05,0,111000,-112000,-1000
2012/09/06,0,106000,-55000,51000
2012/09/07,0,11000,-69000,-58000
2012/09/10,0,37000,-99000,-62000
2012/09/11,0,93000,-57000,36000
2012/09/12,0,47000,-140000,-93000
2012/09/13,0,108000,0,108000
2012/09/14,0,69000,-198000,-129000
2012/09/17,0,26000,-161000,-135000
2012/09/18,0,140000,-23000,117000
2012/09/19,0,117000,-17000,100000
2012/09/20,0,14000,-2000,12000
2012/09/21,0,4000,-46000,-42000
2012/09/24,0,111000,-120000,-9000
2012/09/25,0,13000,-10000,3000
2012/09/26,0,14000,0,14000
2012/09/27,0,22000,0,22000
2012/09/28,0,38000,-10000,28000
2012/10/01,0,4000,-23000,-19000
2012/10/02,0,106000,-26000,80000
2012/10/03,0,16000,-46000,-30000
2012/10/04,0,129000,-58000,71000
2012/10/05,0,185000,-26000,159000
2012/10/08,0,72000,-184000,-112000
2012/10/09,0,85000,-121000,-36000
2012/10/10,0,0,0,0
2012/10/11,0,198000,-15000,183000
2012/10/12,0,179000,-160000,19000
2012/10/15,0,116000,-123000,-7000
2012/10/16,0,53000,-203000,-150000
2012/10/17,0,150000,-290000,-140000
2012/10/18,0,72000,-137000,-65000
2012/10/19,0,54000,-66000,-12000
2012/10/22,0,41000,-95000,-54000
2012/10/23,0,171000,-63000,108000
2012/10/24,0,281000,-52000,229000
2012/10/25,0,50000,-188000,-138000
2012/10/26,0,98000,-31000,67000
2012/10/29,0,126000,-13000,113000
2012/10/30,0,96000,-7000,89000
2012/10/31,0,35000,-193000,-158000
2012/11/01,0,86000,-65000,21000
2012/11/02,0,22000,-101000,-79000
2012/11/05,0,75000,-9000,66000
2012/11/06,0,42000,-2000,40000
2012/11/07,0,9000,-4000,5000
2012/11/08,0,12000,-1000,11000
2012/11/09,0,51000,-12000,39000
2012/11/12,0,62000,-23000,39000
2012/11/13,0,84000,-20000,64000
2012/11/14,0,30000,-18000,12000
2012/11/15,0,50000,-11000,39000
2012/11/16,0,2000,-56000,-54000
2012/11/19,0,8000,-3000,5000
2012/11/20,0,22000,-126000,-104000
2012/11/21,0,131000,-55000,76000
2012/11/22,0,48000,-11000,37000
2012/11/23,0,37000,0,37000
2012/11/26,0,31000,-14000,17000
2012/11/27,0,0,-7000,-7000
2012/11/28,0,35000,-14000,21000
2012/11/29,0,15000,-17000,-2000
2012/11/30,0,8000,-8000,0
2012/12/03,0,860000,-4000,856000
2012/12/04,0,15000,-19000,-4000
2012/12/05,0,67000,-12000,55000
2012/12/06,0,12000,-48000,-36000
2012/12/07,0,115000,-2000,113000
2012/12/10,0,6000,-19000,-13000
2012/12/11,0,101000,-8000,93000
2012/12/12,0,76000,-12000,64000
2012/12/13,0,24000,-198000,-174000
2012/12/14,0,5000,-73000,-68000
2012/12/17,0,21000,-210000,-189000
2012/12/18,0,43000,-572000,-529000
2012/12/19,0,12000,-79880,-67880
2012/12/20,0,406000,-100000,306000
2012/12/21,0,48000,-50000,-2000
2012/12/24,0,109000,-10000,99000
2012/12/25,0,58000,-17000,41000
2012/12/26,0,18000,-20000,-2000
2012/12/27,0,36002,-85000,-48998
2012/12/28,0,4000,-419000,-415000
2012/12/31,0,0,0,0
2013/01/01,0,0,0,0
2013/01/02,0,422000,-48000,374000
2013/01/03,0,162000,-69000,93000
2013/01/04,0,108000,-54570,53430
2013/01/07,0,36000,-69000,-33000
2013/01/08,0,60000,-447000,-387000
2013/01/09,0,16000,-41000,-25000
2013/01/10,0,32000,-26000,6000
2013/01/11,0,215000,-3000,212000
2013/01/14,0,73000,-40000,33000
2013/01/15,0,5000,-50000,-45000
2013/01/16,0,1000,-91000,-90000
2013/01/17,0,20000,-36000,-16000
2013/01/18,0,9000,-11000,-2000
2013/01/21,0,723000,-31000,692000
2013/01/22,0,308000,-28000,280000
2013/01/23,0,0,-21000,-21000
2013/01/24,0,6000,-83000,-77000
2013/01/25,0,300000,-28000,272000
2013/01/28,0,4000,-9000,-5000
2013/01/29,0,18000,-23000,-5000
2013/01/30,0,24000,-70000,-46000
2013/01/31,0,21000,-46000,-25000
2013/02/01,0,28000,-21000,7000
2013/02/04,0,1000,-45000,-44000
2013/02/05,0,257000,-64000,193000
2013/02/06,0,0,-202000,-202000
2013/02/07,0,0,0,0
2013/02/08,0,0,0,0
2013/02/11,0,0,0,0
2013/02/12,0,0,0,0
2013/02/13,0,0,0,0
2013/02/14,0,0,0,0
2013/02/15,0,0,0,0
2013/02/18,0,21000,-351662,-330662
2013/02/19,0,44000,-81000,-37000
2013/02/20,0,54000,-138000,-84000
2013/02/21,0,35000,-68000,-33000
2013/02/22,0,113000,-72000,41000
2013/02/25,0,2000,-66000,-64000
2013/02/26,0,5000,-36000,-31000
2013/02/27,0,18000,-10000,8000
2013/02/28,0,0,0,0
2013/03/01,0,3000,-24000,-21000
2013/03/04,0,6000,-15000,-9000
2013/03/05,0,13000,-121000,-108000
2013/03/06,0,10000,-9000,1000
2013/03/07,0,8000,-21000,-13000
2013/03/08,0,13000,-3000,10000
2013/03/11,0,0,-66000,-66000
2013/03/12,0,5000,-8000,-3000
2013/03/13,0,1000,-109000,-108000
2013/03/14,0,4000,-97000,-93000
2013/03/15,0,9000,-74000,-65000
2013/03/18,0,37000,-33000,4000
2013/03/19,0,44000,-22000,22000
2013/03/20,0,26000,-1428000,-1402000
2013/03/21,0,1000,-9000,-8000
2013/03/22,0,0,-25000,-25000
2013/03/25,0,2000,-7000,-5000
2013/03/26,0,2000,-57000,-55000
2013/03/27,0,8000,-28000,-20000
2013/03/28,0,24000,0,24000
2013/03/29,0,26000,0,26000
2013/04/01,0,38000,0,38000
2013/04/02,0,22000,-4000,18000
2013/04/03,0,29000,0,29000
2013/04/04,0,0,0,0
2013/04/05,0,0,0,0
2013/04/08,0,46000,-10000,36000
2013/04/09,0,58000,-5000,53000
2013/04/10,0,47000,-11000,36000
2013/04/11,0,55000,-52000,3000
2013/04/12,0,27000,-43000,-16000
2013/04/15,0,24000,-25000,-1000
2013/04/16,0,47000,-17000,30000
2013/04/17,0,30000,-82000,-52000
2013/04/18,0,28000,-7000,21000
2013/04/19,0,27000,-23000,4000
2013/04/22,0,29000,-28000,1000
2013/04/23,0,30000,0,30000
2013/04/24,0,27000,-7000,20000
2013/04/25,0,24000,-10000,14000
2013/04/26,0,27000,-19000,8000
2013/04/29,0,24000,-5000,19000
2013/04/30,0,44000,-11000,33000
2013/05/01,0,0,0,0
2013/05/02,0,87000,-36000,51000
2013/05/03,0,35000,-56000,-21000
2013/05/06,0,13000,-6000,7000
2013/05/07,0,21000,-54000,-33000
2013/05/08,0,57000,-12000,45000
2013/05/09,0,4000,-21000,-17000
2013/05/10,0,10000,0,10000
2013/05/13,0,7000,0,7000
2013/05/14,0,8000,-40000,-32000
2013/05/15,0,151000,-49000,102000
2013/05/16,0,301000,-129000,172000
2013/05/17,0,129000,-7000,122000
2013/05/20,0,104000,-17000,87000
2013/05/21,0,341000,-33000,308000
2013/05/22,0,210000,-18000,192000
2013/05/23,0,50000,-137000,-87000
2013/05/24,0,188000,-62000,126000
2013/05/27,0,7000,-11000,-4000
2013/05/28,0,50000,-26000,24000
2013/05/29,0,10000,-21000,-11000
2013/05/30,0,360000,-85441,274559
2013/05/31,0,51000,-282000,-231000
2013/06/03,0,9000,-62000,-53000
2013/06/04,0,28000,-52000,-24000
2013/06/05,0,23000,-214000,-191000
2013/06/06,0,5000,-53000,-48000
2013/06/07,0,4000,-195000,-191000
2013/06/10,0,8000,-22000,-14000
2013/06/11,0,188000,-9000,179000
2013/06/12,0,0,0,0
2013/06/13,0,50000,-27000,23000
2013/06/14,0,78000,-577000,-499000
2013/06/17,0,12000,-85000,-73000
2013/06/18,0,9000,-17000,-8000
2013/06/19,0,7000,-76000,-69000
2013/06/20,0,10000,-17000,-7000
2013/06/21,0,94000,0,94000
2013/06/24,0,63000,0,63000
2013/06/25,0,305000,-27000,278000
2013/06/26,0,21000,-20000,1000
2013/06/27,0,141000,-33000,108000
2013/06/28,0,52000,-338000,-286000
2013/07/01,0,95000,-169900,-74900
2013/07/02,0,4000,-41000,-37000
2013/07/03,0,43000,-115000,-72000
2013/07/04,0,4097000,-58000,4039000
2013/07/05,0,185000,-81000,104000
2013/07/08,0,8000,-4121000,-4113000
2013/07/09,0,70000,-407000,-337000
2013/07/10,0,49000,-54000,-5000
2013/07/11,0,44000,-99000,-55000
2013/07/12,0,10000,-17000,-7000
2013/07/15,0,38000,-4000,34000
2013/07/16,0,4000,-56000,-52000
2013/07/17,0,50000,-72000,-22000
2013/07/18,0,17000,-25000,-8000
2013/07/19,0,109000,0,109000
2013/07/22,0,40000,-111000,-71000
2013/07/23,0,158000,-755000,-597000
2013/07/24,0,62000,-36000,26000
2013/07/25,0,268000,-45000,223000
2013/07/26,0,14000,-117000,-103000
2013/07/29,0,11000,-41000,-30000
2013/07/30,0,1000,-110000,-109000
2013/07/31,0,3000,-20000,-17000
2013/08/01,0,0,-16000,-16000
2013/08/02,0,21000,-5000,16000
2013/08/05,0,18000,-5000,13000
2013/08/06,0,41000,-108000,-67000
2013/08/07,0,10000,-64000,-54000
2013/08/08,0,16000,-132000,-116000
2013/08/09,0,51000,-75000,-24000
2013/08/12,0,50000,-2377,47623
2013/08/13,0,1000,-8000,-7000
2013/08/14,0,3000,-64000,-61000
2013/08/15,0,12000,-38000,-26000
2013/08/16,0,50000,-62000,-12000
2013/08/19,0,8000,-40000,-32000
2013/08/20,0,57000,-15000,42000
2013/08/21,0,0,0,0
2013/08/22,0,61000,-59000,2000
2013/08/23,0,0,-11000,-11000
2013/08/26,0,14000,-32000,-18000
2013/08/27,0,11000,-69000,-58000
2013/08/28,0,18000,-40000,-22000
2013/08/29,0,16000,-21000,-5000
2013/08/30,0,0,-31000,-31000
2013/09/02,0,0,0,0
2013/09/03,0,1000,-20000,-19000
2013/09/04,0,0,-20000,-20000
2013/09/05,0,0,-17000,-17000
2013/09/06,0,34000,-4000,30000
2013/09/09,0,3000,-6000,-3000
2013/09/10,0,3000,-5000,-2000
2013/09/11,0,22000,-12000,10000
2013/09/12,0,4000,0,4000
2013/09/13,0,44000,0,44000
2013/09/16,0,10000,0,10000
2013/09/17,0,2000,-6000,-4000
2013/09/18,0,87000,-63000,24000
2013/09/19,0,0,0,0
2013/09/20,0,0,0,0
2013/09/23,0,11000,-16000,-5000
2013/09/24,0,0,-37000,-37000
2013/09/25,0,9000,-7000,2000
2013/09/26,0,27000,-115000,-88000
2013/09/27,0,31000,-19000,12000
2013/09/30,0,32000,-17000,15000
2013/10/01,0,0,-16000,-16000
2013/10/02,0,4000,-70000,-66000
2013/10/03,0,30000,-1000,29000
2013/10/04,0,63000,-5000,58000
2013/10/07,0,15000,-18000,-3000
2013/10/08,0,144000,-29000,115000
2013/10/09,0,185000,-233000,-48000
2013/10/10,0,0,0,0
2013/10/11,0,61000,-16000,45000
2013/10/14,0,183000,-76000,107000
2013/10/15,0,154000,-77000,77000
2013/10/16,0,39000,-148000,-109000
2013/10/17,0,53000,-98000,-45000
2013/10/18,0,206000,-35000,171000
2013/10/21,0,182000,-76000,106000
2013/10/22,0,227000,-35000,192000
2013/10/23,0,246000,-316000,-70000
2013/10/24,0,104000,-107473,-3473
2013/10/25,0,67000,-96000,-29000
2013/10/28,0,25000,-101000,-76000
2013/10/29,0,11000,-78000,-67000
2013/10/30,0,75000,-106000,-31000
2013/10/31,0,21000,-80000,-59000
2013/11/01,0,197000,-369000,-172000
2013/11/04,0,59000,-22000,37000
2013/11/05,0,29000,-8000,21000
2013/11/06,0,58000,-13703,44297
2013/11/07,0,20000,-13000,7000
2013/11/08,0,39000,-10000,29000
2013/11/11,0,57000,-2000,55000
2013/11/12,0,125000,0,125000
2013/11/13,0,61000,-61795,-795
2013/11/14,0,44000,-1000,43000
2013/11/15,0,26000,0,26000
2013/11/18,0,56000,-19000,37000
2013/11/19,0,74000,0,74000
2013/11/20,0,101000,-6000,95000
2013/11/21,0,70000,-31000,39000
2013/11/22,0,17000,-31000,-14000
2013/11/25,0,60000,0,60000
2013/11/26,0,101000,-1000,100000
2013/11/27,0,0,-4000,-4000
2013/11/28,0,49000,-15000,34000
2013/11/29,0,12000,-14000,-2000
2013/12/02,0,14000,-19000,-5000
2013/12/03,0,0,-48000,-48000
2013/12/04,0,29000,-5000,24000
2013/12/05,0,2000,-2000,0
2013/12/06,0,5000,-9000,-4000
2013/12/09,0,44000,-2000,42000
2013/12/10,0,2000,-10000,-8000
2013/12/11,0,3000,0,3000
2013/12/12,0,10000,-3000,7000
2013/12/13,0,49000,0,49000
2013/12/16,0,8000,-19000,-11000
2013/12/17,0,3000,-40000,-37000
2013/12/18,0,17000,-42000,-25000
2013/12/19,0,17000,-24000,-7000
2013/12/20,0,1000,-35000,-34000
2013/12/23,0,201000,-3000,198000
2013/12/24,0,2000,0,2000
2013/12/25,0,8000,0,8000
2013/12/26,0,41000,0,41000
2013/12/27,0,164000,-3000,161000
2013/12/30,0,16000,-21000,-5000
2013/12/31,0,35000,-4000,31000
2014/01/02,0,0,-26000,-26000
2014/01/03,0,0,-43000,-43000
2014/01/06,0,6000,-9000,-3000
2014/01/07,0,30000,-12000,18000
2014/01/08,0,0,0,0
2014/01/09,0,0,-63000,-63000
2014/01/10,0,0,-35000,-35000
2014/01/13,0,9000,-26000,-17000
2014/01/14,0,0,-15000,-15000
2014/01/15,0,25000,-53000,-28000
2014/01/16,0,1001,-74000,-72999
2014/01/17,0,0,-80000,-80000
2014/01/20,0,7000,-110000,-103000
2014/01/21,0,6000,-5000,1000
2014/01/22,0,9000,-1000,8000
2014/01/23,0,28000,-233000,-205000
2014/01/24,0,15000,0,15000
2014/01/27,0,160000,-32000,128000
2014/02/05,0,295000,-218000,77000
2014/02/06,0,40000,-11000,29000
2014/02/07,0,22000,-24000,-2000
2014/02/10,0,7000,-24000,-17000
2014/02/11,0,31000,-26000,5000
2014/02/12,0,6000,-23000,-17000
2014/02/13,0,9000,-33000,-24000
2014/02/14,0,13000,-3000,10000
2014/02/17,0,20000,0,20000
2014/02/18,0,64000,0,64000
2014/02/19,0,96000,-26000,70000
2014/02/20,0,26000,-99000,-73000
2014/02/21,0,64000,-14000,50000
2014/02/24,0,21000,-20000,1000
2014/02/25,0,25000,-8155,16845
2014/02/26,0,61000,0,61000
2014/02/27,0,37000,-13000,24000
2014/03/03,0,61000,-105000,-44000
2014/03/04,0,112000,0,112000
2014/03/05,0,21000,0,21000
2014/03/06,0,21000,-29000,-8000
2014/03/07,0,21000,-24000,-3000
2014/03/10,0,21000,-2000,19000
2014/03/11,0,22000,-27000,-5000
2014/03/12,0,21000,0,21000
2014/03/13,0,21000,-70000,-49000
2014/03/14,0,41000,-37000,4000
2014/03/17,0,144000,-45000,99000
2014/03/18,0,158000,-24000,134000
2014/03/19,0,126000,-28000,98000
2014/03/20,0,20000,-81182,-61182
2014/03/21,0,21000,-17000,4000
2014/03/24,0,59000,-2000,57000
2014/03/25,0,24000,-14000,10000
2014/03/26,0,21000,-63000,-42000
2014/03/27,0,42000,-43000,-1000
2014/03/28,0,17000,-89000,-72000
2014/03/31,0,1000,-32000,-31000
2014/04/01,0,0,-41000,-41000
2014/04/02,0,0,-14000,-14000
2014/04/03,0,0,-9000,-9000
2014/04/07,0,0,-2000,-2000
2014/04/08,0,0,-29000,-29000
2014/04/09,0,32000,-19000,13000
2014/04/10,0,0,-18000,-18000
2014/04/11,0,50000,-11000,39000
2014/04/14,0,0,-8000,-8000
2014/04/15,0,0,-31000,-31000
2014/04/16,0,53000,-157000,-104000
2014/04/17,0,7000,-121000,-114000
2014/04/18,0,9000,-14000,-5000
2014/04/21,0,7000,-23000,-16000
2014/04/22,0,32000,-11000,21000
2014/04/23,0,8000,-133000,-125000
2014/04/24,0,9000,-11000,-2000
2014/04/25,0,16000,-51000,-35000
2014/04/28,0,26000,-36000,-10000
2014/04/29,0,7000,-141000,-134000
2014/04/30,0,11000,-53000,-42000
2014/05/02,0,7000,-22000,-15000
2014/05/05,0,7000,-64000,-57000
2014/05/06,0,7000,-124000,-117000
2014/05/07,0,7000,-120000,-113000
2014/05/08,0,7000,-96702,-89702
2014/05/09,0,7000,-127000,-120000
2014/05/12,0,12000,-10000,2000
2014/05/13,0,58000,-1000,57000
2014/05/14,0,83000,-10000,73000
2014/05/15,0,33000,-4000,29000
2014/05/16,0,22000,-10000,12000
2014/05/19,0,20000,-2000,18000
2014/05/20,0,133000,-15000,118000
2014/05/21,0,113000,-71000,42000
2014/05/22,0,94000,-89000,5000
2014/05/23,0,26377,-88000,-61623
2014/05/26,0,22000,-23000,-1000
2014/05/27,0,96000,-5000,91000
2014/05/28,0,50000,0,50000
2014/05/29,0,39000,-14402,24598
2014/05/30,0,0,-39000,-39000
2014/06/03,0,0,-40000,-40000
2014/06/04,0,0,-11000,-11000
2014/06/05,0,0,-58000,-58000
2014/06/06,0,0,-11000,-11000
2014/06/09,0,35000,-4000,31000
2014/06/10,0,10000,0,10000
2014/06/11,0,20000,-19000,1000
2014/06/12,0,20000,-4000,16000
2014/06/13,0,42000,-16000,26000
2014/06/16,0,0,-46000,-46000
2014/06/17,0,0,-1000,-1000
2014/06/18,0,299000,-29000,270000
2014/06/19,0,49000,-67000,-18000
2014/06/20,0,20000,-84000,-64000
2014/06/23,0,30000,0,30000
2014/06/24,0,81000,-9000,72000
2014/06/25,0,2438000,0,2438000
2014/06/26,0,596000,-64000,532000
2014/06/27,0,3000,-2725000,-2722000
2014/06/30,0,18000,-80000,-62000
2014/07/01,0,15000,-183000,-168000
2014/07/02,0,36000,-12000,24000
2014/07/03,0,20000,-29000,-9000
2014/07/04,0,0,-22000,-22000
2014/07/07,0,0,-29000,-29000
2014/07/08,0,0,-13000,-13000
2014/07/09,0,0,-5000,-5000
2014/07/10,0,18000,-12000,6000
2014/07/11,0,60000,-5000,55000
2014/07/14,0,10000,-15000,-5000
2014/07/15,0,0,-20000,-20000
2014/07/16,0,0,-78000,-78000
2014/07/17,0,0,0,0
2014/07/18,0,132000,-5000,127000
2014/07/21,0,9000,-18000,-9000
2014/07/22,0,0,-10000,-10000
2014/07/23,0,0,0,0
2014/07/24,0,0,-20000,-20000
2014/07/25,0,0,-8000,-8000
2014/07/28,0,95000,0,95000
2014/07/29,0,86000,-29000,57000
2014/07/30,0,1000,-25000,-24000
2014/07/31,0,47000,-63000,-16000
2014/08/01,0,65000,-22000,43000
2014/08/04,0,0,-16000,-16000
2014/08/05,0,0,-21000,-21000
2014/08/06,0,2000,-590000,-588000
2014/08/07,0,3000,-15000,-12000
2014/08/08,0,7000,-1000,6000
2014/08/11,0,105000,-32000,73000
2014/08/12,0,0,-18000,-18000
2014/08/13,0,0,0,0
2014/08/14,0,0,-45000,-45000
2014/08/15,0,0,-14000,-14000
2014/08/18,0,8000,-5000,3000
2014/08/19,0,41000,0,41000
2014/08/20,0,16000,-63000,-47000
2014/08/21,0,1000,0,1000
2014/08/22,0,0,-60458,-60458
2014/08/25,0,0,-5000,-5000
2014/08/26,0,0,0,0
2014/08/27,0,0,0,0
2014/08/28,0,0,-13000,-13000
2014/08/29,0,127000,-19000,108000
2014/09/01,0,59000,-14000,45000
2014/09/02,0,230000,-260000,-30000
2014/09/03,0,50000,-29000,21000
2014/09/04,0,5000,-49000,-44000
2014/09/05,0,16000,-51000,-35000
2014/09/09,0,7000,-3000,4000
2014/09/10,0,15000,-2000,13000
2014/09/11,0,5000,-72000,-67000
2014/09/12,0,28000,-5000,23000
2014/09/15,0,5000,-3000,2000
2014/09/16,0,22000,0,22000
2014/09/17,0,83000,-101000,-18000
2014/09/18,0,18000,0,18000
2014/09/19,0,19000,0,19000
2014/09/22,0,13000,-121000,-108000
2014/09/23,0,97000,-91000,6000
2014/09/24,0,23000,-48641,-25641
2014/09/25,0,28000,-1000,27000
2014/09/26,0,11000,-70000,-59000
2014/09/29,0,9000,0,9000
2014/09/30,0,18000,0,18000
2014/10/01,0,0,-2000,-2000
2014/10/02,0,22000,-1000,21000
2014/10/03,0,0,-50000,-50000
2014/10/06,0,22000,-2000,20000
2014/10/07,0,4000,-22000,-18000
2014/10/08,0,9000,-2000,7000
2014/10/09,0,22000,-10000,12000
2014/10/13,0,57000,-108000,-51000
2014/10/14,0,33000,-8000,25000
2014/10/15,0,98962,-29000,69962
2014/10/16,0,78000,-44000,34000
2014/10/17,0,53000,-134000,-81000
2014/10/20,0,84000,-3000,81000
2014/10/21,0,29000,-30000,-1000
2014/10/22,0,13000,-4000,9000
2014/10/23,0,24000,-51000,-27000
2014/10/24,0,74000,-38000,36000
2014/10/27,0,40000,0,40000
2014/10/28,0,27000,0,27000
2014/10/29,0,4000,-8000,-4000
2014/10/30,0,13000,0,13000
2014/10/31,0,7000,-1000,6000
2014/11/03,0,2000,0,2000
2014/11/04,0,2000,0,2000
2014/11/05,0,27000,0,27000
2014/11/06,0,82000,-243499,-161499
2014/11/07,0,19000,-278000,-259000
2014/11/10,0,14000,0,14000
2014/11/11,0,2000,0,2000
2014/11/12,0,9000,-3000,6000
2014/11/13,0,8000,-5000,3000
2014/11/14,0,5000,-4000,1000
2014/11/17,0,22000,-3000,19000
2014/11/18,0,57000,-25000,32000
2014/11/19,0,40000,0,40000
2014/11/20,0,1000,0,1000
2014/11/21,0,0,-4000,-4000
2014/11/24,0,5000,-22000,-17000
2014/11/25,0,16000,0,16000
2014/11/26,0,4000,-3000,1000
2014/11/27,0,15000,-30000,-15000
2014/11/28,0,0,-14000,-14000
2014/12/01,0,30000,0,30000
2014/12/02,0,2000,-20000,-18000
2014/12/03,0,40000,-13000,27000
2014/12/04,0,0,-26000,-26000
2014/12/05,0,10000,-21551,-11551
2014/12/08,0,0,0,0
2014/12/09,0,0,0,0
2014/12/10,0,1000,0,1000
2014/12/11,0,53000,0,53000
2014/12/12,0,0,-2000,-2000
2014/12/15,0,26000,-40000,-14000
2014/12/16,0,34000,0,34000
2014/12/17,0,54000,-10000,44000
2014/12/18,0,4000,-75000,-71000
2014/12/19,0,34000,-66000,-32000
2014/12/22,0,40000,-10000,30000
2014/12/23,0,0,-1000,-1000
2014/12/24,0,0,0,0
2014/12/25,0,4000,-4000,0
2014/12/26,0,0,0,0
2014/12/29,0,0,-18000,-18000
2014/12/30,0,6000,-11000,-5000
2014/12/31,0,1000,0,1000
2015/01/01,0,0,0,0
2015/01/02,0,0,0,0
2015/01/05,0,2000,-51000,-49000
2015/01/06,0,0,0,0
2015/01/07,0,0,-12000,-12000
2015/01/08,0,12000,-2000,10000
2015/01/09,0,9000,0,9000
2015/01/12,0,96000,-34000,62000
2015/01/13,0,49000,-68000,-19000
2015/01/14,0,55000,-70000,-15000
2015/01/15,0,68000,-35000,33000
2015/01/16,0,31000,-63186,-32186
2015/01/19,0,13000,-18000,-5000
2015/01/20,0,14000,-54000,-40000
2015/01/21,0,18000,-30000,-12000
2015/01/22,0,2000,-19000,-17000
2015/01/23,0,0,-9000,-9000
2015/01/26,0,0,-13000,-13000
2015/01/27,0,0,-6000,-6000
2015/01/28,0,18000,-21000,-3000
2015/01/29,0,24000,-41000,-17000
2015/01/30,0,67000,-10000,57000
2015/02/02,0,20000,-5000,15000
2015/02/03,0,3000,-13000,-10000
2015/02/04,0,73000,-4140,68860
2015/02/05,0,5000,-42140,-37140
2015/02/06,0,0,-9000,-9000
2015/02/09,0,2000,-19000,-17000
2015/02/10,0,80000,-16000,64000
2015/02/11,0,1000,0,1000
2015/02/12,0,0,0,0
2015/02/13,0,7000,-39000,-32000
2015/02/16,0,0,0,0
2015/02/17,0,0,0,0
2015/02/18,0,0,0,0
2015/02/19,0,0,0,0
2015/02/20,0,0,0,0
2015/02/23,0,0,0,0
2015/02/24,0,12000,-14000,-2000
2015/02/25,0,5000,-100093,-95093
2015/02/26,0,51000,-5000,46000
2015/02/27,0,0,0,0
2015/03/02,0,26000,-2000,24000
2015/03/03,0,29000,-21000,8000
2015/03/04,0,10000,-8000,2000
2015/03/05,0,23000,-85781,-62781
2015/03/06,0,14000,-41000,-27000
2015/03/09,0,71000,-5000,66000
2015/03/10,0,73000,-38546,34454
2015/03/11,0,23000,-54000,-31000
2015/03/12,0,139000,-8000,131000
2015/03/13,0,111000,-11000,100000
2015/03/16,0,528000,-14000,514000
2015/03/17,0,29000,-9093,19907
2015/03/18,0,116000,-7000,109000
2015/03/19,0,755000,-8000,747000
2015/03/20,0,27000,-44000,-17000
2015/03/23,0,19000,-50000,-31000
2015/03/24,0,17000,-2000,15000
2015/03/25,0,159000,-102000,57000
2015/03/26,0,34000,-16000,18000
2015/03/27,0,339000,-301000,38000
2015/03/30,0,12000,0,12000
2015/03/31,0,77000,-36000,41000
2015/04/01,0,124000,-6000,118000
2015/04/02,0,36000,-359000,-323000
2015/04/03,0,0,0,0
2015/04/06,0,0,0,0
2015/04/07,0,23000,-4000,19000
2015/04/08,0,82000,-15000,67000
2015/04/09,0,25000,-116000,-91000
2015/04/10,0,54000,0,54000
2015/04/13,0,90000,0,90000
2015/04/14,0,63000,-49000,14000
2015/04/15,0,65000,-141000,-76000
2015/04/16,0,207000,-67000,140000
2015/04/17,0,54000,-27000,27000
2015/04/20,0,64000,-60000,4000
2015/04/21,0,44000,-62000,-18000
2015/04/22,0,30000,-22000,8000
2015/04/23,0,39000,-60000,-21000
2015/04/24,0,97000,-4000,93000
2015/04/27,0,31000,-10000,21000
2015/04/28,0,46000,0,46000
2015/04/29,0,158000,0,158000
2015/04/30,0,42000,0,42000
2015/05/01,0,0,0,0
2015/05/04,0,21000,-3000,18000
2015/05/05,0,17000,-888000,-871000
2015/05/06,0,32000,-12000,20000
2015/05/07,0,17000,-7000,10000
2015/05/08,0,11000,-2000,9000
2015/05/11,0,49000,-20000,29000
2015/05/12,0,82000,0,82000
2015/05/13,0,16000,-1000,15000
2015/05/14,0,86000,-118000,-32000
2015/05/15,0,49000,-196000,-147000
2015/05/18,0,18000,-216000,-198000
2015/05/19,0,23000,-36000,-13000
2015/05/20,0,37000,-100000,-63000
2015/05/21,0,49000,-105000,-56000
2015/05/22,0,22000,-27000,-5000
2015/05/25,0,13000,-5000,8000
2015/05/26,0,12000,-5000,7000
2015/05/27,0,17000,-20000,-3000
2015/05/28,0,16000,0,16000
2015/05/29,0,10000,-40000,-30000
2015/06/01,0,22000,0,22000
2015/06/02,0,9000,-5000,4000
2015/06/03,0,10000,0,10000
2015/06/04,0,26000,-15000,11000
2015/06/05,0,27000,0,27000
2015/06/08,0,25000,-18000,7000
2015/06/09,0,35000,-12000,23000
2015/06/10,0,24000,-11000,13000
2015/06/11,0,27000,-6000,21000
2015/06/12,0,198000,-1000,197000
2015/06/15,0,14000,-7000,7000
2015/06/16,0,27000,0,27000
2015/06/17,0,111000,-8000,103000
2015/06/18,0,695000,-32000,663000
2015/06/19,0,0,0,0
2015/06/22,0,193000,0,193000
2015/06/23,0,95000,0,95000
2015/06/24,0,222000,-1000,221000
2015/06/25,0,688000,0,688000
2015/06/26,0,10000,-204000,-194000
2015/06/29,0,14000,-191000,-177000
2015/06/30,0,4000,-181000,-177000
2015/07/01,0,11000,-202000,-191000
2015/07/02,0,0,-52000,-52000
2015/07/03,0,5000,-24000,-19000
2015/07/06,0,0,-11000,-11000
2015/07/07,0,5000,0,5000
2015/07/08,0,70000,-10000,60000
2015/07/09,0,94000,-2000,92000
2015/07/10,0,0,0,0
2015/07/13,0,12000,-33000,-21000
2015/07/14,0,8000,-80000,-72000
2015/07/15,0,20000,-998000,-978000
2015/07/16,0,3000,-5000,-2000
2015/07/17,0,8000,0,8000
2015/07/20,0,17000,-3000,14000
2015/07/21,0,13000,0,13000
2015/07/22,0,58000,-1000,57000
2015/07/23,0,70000,0,70000
2015/07/24,0,53000,0,53000
2015/07/27,0,295000,-5000,290000
2015/07/28,0,323000,-1432,321568
2015/07/29,0,7000,-34000,-27000
2015/07/30,0,23000,-177000,-154000
2015/07/31,0,7000,-434000,-427000
2015/08/03,0,20000,-172000,-152000
2015/08/04,0,444000,-1000,443000
2015/08/05,0,159000,0,159000
2015/08/06,0,101000,-13000,88000
2015/08/07,0,16000,-30000,-14000
2015/08/10,0,11000,-49000,-38000
2015/08/11,0,17000,-257000,-240000
2015/08/12,0,171000,0,171000
2015/08/13,0,10000,0,10000
2015/08/14,0,28000,-27000,1000
2015/08/17,0,56000,-5000,51000
2015/08/18,0,38000,-18000,20000
2015/08/19,0,62000,-76000,-14000
2015/08/20,0,14000,-72000,-58000
2015/08/21,0,53000,-75000,-22000
2015/08/24,0,167000,-84000,83000
2015/08/25,0,75000,-30000,45000
2015/08/26,0,19000,-42000,-23000
2015/08/27,0,14000,-100000,-86000
2015/08/28,0,318000,-65000,253000
2015/08/31,0,7000,-85000,-78000
2015/09/01,0,108000,-164582,-56582
2015/09/02,0,0,-27000,-27000
2015/09/03,0,0,-130000,-130000
2015/09/04,0,0,-55000,-55000
2015/09/07,0,2000,-137000,-135000
2015/09/08,0,10000,-23000,-13000
2015/09/09,0,19000,-7000,12000
2015/09/10,0,16000,-12000,4000
2015/09/11,0,15000,-29000,-14000
2015/09/14,0,0,-8000,-8000
2015/09/15,0,60000,-4000,56000
2015/09/16,0,114000,-8000,106000
2015/09/17,0,6000,-24000,-18000
2015/09/18,0,3000,0,3000
2015/09/21,0,6000,-22600,-16600
2015/09/22,0,0,-5000,-5000
2015/09/23,0,10000,0,10000
2015/09/24,0,42000,-15000,27000
2015/09/25,0,30000,0,30000
2015/09/28,0,0,0,0
2015/09/29,0,0,0,0
2015/09/30,0,37000,-30000,7000
2015/10/01,0,20000,0,20000
2015/10/02,0,0,0,0
2015/10/05,0,0,-16000,-16000
2015/10/06,0,21000,-1000,20000
2015/10/07,0,5000,-5000,0
2015/10/08,0,0,-45000,-45000
2015/10/09,0,0,0,0
2015/10/12,0,10000,0,10000
2015/10/13,0,0,-1000,-1000
2015/10/14,0,0,-7000,-7000
2015/10/15,0,20000,-10000,10000
2015/10/16,0,0,-206000,-206000
2015/10/19,0,0,-54000,-54000
2015/10/20,0,0,-2000,-2000
2015/10/21,0,64000,-8000,56000
2015/10/22,0,0,0,0
2015/10/23,0,0,0,0
2015/10/26,0,0,0,0
2015/10/27,0,13000,0,13000
2015/10/28,0,0,-1000,-1000
2015/10/29,0,0,0,0
2015/10/30,0,0,0,0
2015/11/02,0,0,0,0
2015/11/03,0,0,-7000,-7000
2015/11/04,0,10000,0,10000
2015/11/05,0,0,0,0
2015/11/06,0,0,-10000,-10000
2015/11/09,0,0,0,0
2015/11/10,0,0,0,0
2015/11/11,0,20000,-29000,-9000
2015/11/12,0,5000,-3000,2000
2015/11/13,0,5000,-10000,-5000
2015/11/16,0,11000,0,11000
2015/11/17,0,11000,0,11000
2015/11/18,0,18000,-8000,10000
2015/11/19,0,35000,-3000,32000
2015/11/20,0,5000,-606,4394
2015/11/23,0,0,0,0
2015/11/24,0,0,0,0
2015/11/25,0,5000,-13000,-8000
2015/11/26,0,1000,-80000,-79000
2015/11/27,0,6000,0,6000
2015/11/30,0,10000,-5000,5000
2015/12/01,0,35000,0,35000
2015/12/02,0,40000,0,40000
2015/12/03,0,42000,0,42000
2015/12/04,0,39000,0,39000
2015/12/07,0,41000,0,41000
2015/12/08,0,39000,0,39000
2015/12/09,0,35000,-1000,34000
2015/12/10,0,45000,-2000,43000
2015/12/11,0,34000,-4000,30000
2015/12/14,0,34000,0,34000
2015/12/15,0,34000,0,34000
2015/12/16,0,78000,-39000,39000
2015/12/17,0,34000,0,34000
2015/12/18,0,34000,0,34000
2015/12/21,0,34000,0,34000
2015/12/22,0,41000,0,41000
2015/12/23,0,33000,0,33000
2015/12/24,0,33000,0,33000
2015/12/25,0,34000,0,34000
2015/12/28,0,33000,0,33000
2015/12/29,0,35000,0,35000
2015/12/30,0,39000,0,39000
2015/12/31,0,33000,-58000,-25000
2016/01/01,0,0,0,0
2016/01/04,0,1000,-50000,-49000
2016/01/05,0,5000,0,5000
2016/01/06,0,4000,-21000,-17000
2016/01/07,0,82000,-2000,80000
2016/01/08,0,2000,-14000,-12000
2016/01/11,0,0,-27000,-27000
2016/01/12,0,5000,-80000,-75000
2016/01/13,0,0,0,0
2016/01/14,0,0,-53000,-53000
2016/01/15,0,45000,-117000,-72000
2016/01/18,0,24000,-14000,10000
2016/01/19,0,44000,-9000,35000
2016/01/20,0,93000,-169000,-76000
2016/01/21,0,0,-42000,-42000
2016/01/22,0,15000,-96000,-81000
2016/01/25,0,5000,-34000,-29000
2016/01/26,0,111000,-22000,89000
2016/01/27,0,106000,-1000,105000
2016/01/28,0,100000,-10000,90000
2016/01/29,0,116000,-10000,106000
2016/02/01,0,100000,-5000,95000
2016/02/02,0,100000,-5000,95000
2016/02/03,0,100000,-8000,92000
2016/02/04,0,0,0,0
2016/02/05,0,0,0,0
2016/02/08,0,0,0,0
2016/02/09,0,0,0,0
2016/02/10,0,0,0,0
2016/02/11,0,0,0,0
2016/02/12,0,0,0,0
2016/02/15,0,52000,-5000,47000
2016/02/16,0,315000,-22000,293000
2016/02/17,0,501000,-29000,472000
2016/02/18,0,98000,-1000,97000
2016/02/19,0,98000,0,98000
2016/02/22,0,0,-7000,-7000
2016/02/23,0,0,-22000,-22000
2016/02/24,0,0,-54000,-54000
2016/02/25,0,0,-4000,-4000
2016/02/26,0,98000,-3000,95000
2016/02/29,0,0,0,0
2016/03/01,0,0,-38000,-38000
2016/03/02,0,96000,-15000,81000
2016/03/03,0,0,-13000,-13000
2016/03/04,0,80000,-35000,45000
2016/03/07,0,0,-18000,-18000
2016/03/08,0,0,-80000,-80000
2016/03/09,0,3000,0,3000
2016/03/10,0,0,0,0
2016/03/11,0,0,-5000,-5000
2016/03/14,0,4000,0,4000
2016/03/15,0,1000,0,1000
2016/03/16,0,154000,-6000,148000
2016/03/17,0,24000,-6000,18000
2016/03/18,0,59000,-6000,53000
2016/03/21,0,0,-8000,-8000
2016/03/22,0,0,-80000,-80000
2016/03/23,0,0,-17000,-17000
2016/03/24,0,0,-17000,-17000
2016/03/25,0,0,0,0
2016/03/28,0,13000,0,13000
2016/03/29,0,28000,0,28000
2016/03/30,0,1000,0,1000
2016/03/31,0,13000,-22000,-9000
2016/04/01,0,0,-36000,-36000
2016/04/04,0,0,0,0
2016/04/05,0,0,0,0
2016/04/06,0,23000,-60000,-37000
2016/04/07,0,1000,-35000,-34000
2016/04/08,0,3000,-22000,-19000
2016/04/11,0,1000,-10000,-9000
2016/04/12,0,0,-12000,-12000
2016/04/13,0,0,-3000,-3000
2016/04/14,0,33000,-5000,28000
2016/04/15,0,35000,-15000,20000
2016/04/18,0,63000,-9000,54000
2016/04/19,0,54000,-3000,51000
2016/04/20,0,171000,-24000,147000
2016/04/21,0,150000,-15000,135000
2016/04/22,0,50000,-52000,-2000
2016/04/25,0,94000,-174000,-80000
2016/04/26,0,0,-28000,-28000
2016/04/27,0,14000,-33000,-19000
2016/04/28,0,47000,-43000,4000
2016/04/29,0,147000,-11000,136000
2016/05/02,0,0,0,0
2016/05/03,0,56000,-4000,52000
2016/05/04,0,46000,-8000,38000
2016/05/05,0,103000,0,103000
2016/05/06,0,53000,0,53000
2016/05/09,0,46000,-100000,-54000
2016/05/10,0,119000,-11000,108000
2016/05/11,0,45000,-5000,40000
2016/05/12,0,55000,-2000,53000
2016/05/13,0,135000,-32000,103000
2016/05/16,0,49000,0,49000
2016/05/17,0,45000,-16000,29000
2016/05/18,0,114000,-8000,106000
2016/05/19,0,53000,-64000,-11000
2016/05/20,0,45000,-25000,20000
2016/05/23,0,45000,-70000,-25000
2016/05/24,0,44000,0,44000
2016/05/25,0,45000,0,45000
2016/05/26,0,45000,0,45000
2016/05/27,0,45000,0,45000
2016/05/30,0,45000,-27000,18000
2016/05/31,0,47000,-1000,46000
2016/06/01,0,45000,0,45000
2016/06/02,0,44000,-3000,41000
2016/06/03,0,44000,-1000,43000
2016/06/06,0,194000,-10000,184000
2016/06/07,0,168000,0,168000
2016/06/08,0,54000,-64000,-10000
2016/06/09,0,0,0,0
2016/06/10,0,0,0,0
2016/06/13,0,120000,-1000,119000
2016/06/14,0,84000,0,84000
2016/06/15,0,237000,-4000,233000
2016/06/16,0,325000,0,325000
2016/06/17,0,135000,-67000,68000
2016/06/20,0,222000,-29000,193000
2016/06/21,0,334000,0,334000
2016/06/22,0,705000,-20000,685000
2016/06/23,0,479000,-35000,444000
2016/06/24,0,1283000,-125000,1158000
2016/06/27,0,1115000,-1000,1114000
2016/06/28,0,1599000,0,1599000
2016/06/29,0,1892000,-280000,1612000
2016/06/30,0,6000,-1872000,-1866000
2016/07/01,0,294000,-356000,-62000
2016/07/04,0,111000,-679000,-568000
2016/07/05,0,90000,-28000,62000
2016/07/06,0,162000,-27000,135000
2016/07/07,0,92000,-10000,82000
2016/07/08,0,0,0,0
2016/07/11,0,124000,-180000,-56000
2016/07/12,0,92000,-76000,16000
2016/07/13,0,44000,-1053000,-1009000
2016/07/14,0,44000,-39000,5000
2016/07/15,0,89000,-23000,66000
2016/07/18,0,168000,-152000,16000
2016/07/19,0,114000,-101000,13000
2016/07/20,0,112000,-10000,102000
2016/07/21,0,162000,-202000,-40000
2016/07/22,0,114000,-80000,34000
2016/07/25,0,68000,-24000,44000
2016/07/26,0,54000,0,54000
2016/07/27,0,56000,-21000,35000
2016/07/28,0,54000,-1000,53000
2016/07/29,0,45000,0,45000
2016/08/01,0,1000,-175000,-174000
2016/08/02,0,12000,-13000,-1000
2016/08/03,0,0,-37000,-37000
2016/08/04,0,1000,-39000,-38000
2016/08/05,0,0,0,0
2016/08/08,0,11000,-4000,7000
2016/08/09,0,33000,-3000,30000
2016/08/10,0,0,-26000,-26000
2016/08/11,0,0,-473000,-473000
2016/08/12,0,14000,-6000,8000
2016/08/15,0,0,-8000,-8000
2016/08/16,0,0,-12000,-12000
2016/08/17,0,1000,-44000,-43000
2016/08/18,0,0,-13000,-13000
2016/08/19,0,0,-34000,-34000
2016/08/22,0,0,-10000,-10000
2016/08/23,0,0,0,0
2016/08/24,0,6000,-4000,2000
2016/08/25,0,0,-2000,-2000
2016/08/26,0,2000,0,2000
2016/08/29,0,2000,-46000,-44000
2016/08/30,0,0,-21000,-21000
2016/08/31,0,0,-92000,-92000
2016/09/01,0,0,-117000,-117000
2016/09/02,0,51000,-27000,24000
2016/09/05,0,8000,0,8000
2016/09/06,0,4000,-3000,1000
2016/09/07,0,17000,-9000,8000
2016/09/08,0,0,-2000,-2000
2016/09/09,0,0,-25000,-25000
2016/09/12,0,0,0,0
2016/09/13,0,0,-16000,-16000
2016/09/14,0,0,0,0
2016/09/15,0,0,0,0
2016/09/16,0,0,0,0
2016/09/19,0,10000,-25000,-15000
2016/09/20,0,0,-16000,-16000
2016/09/21,0,101000,-192000,-91000
2016/09/22,0,8000,-31000,-23000
2016/09/23,0,32000,0,32000
2016/09/26,0,0,0,0
2016/09/27,0,0,0,0
2016/09/28,0,0,0,0
2016/09/29,0,5000,0,5000
2016/09/30,0,10000,-3000,7000
2016/10/03,0,0,0,0
2016/10/04,0,0,-3000,-3000
2016/10/05,0,0,-4000,-4000
2016/10/06,0,0,-27000,-27000
2016/10/07,0,0,0,0
2016/10/10,0,0,0,0
2016/10/11,0,4000,-31000,-27000
2016/10/12,0,23000,0,23000
2016/10/13,0,1000,-11000,-10000
2016/10/14,0,24000,0,24000
2016/10/17,0,107000,-5000,102000
2016/10/18,0,3000,-7000,-4000
2016/10/19,0,41000,-25000,16000
2016/10/20,0,0,-22000,-22000
2016/10/21,0,0,-43000,-43000
2016/10/24,0,0,0,0
2016/10/25,0,1000,-4000,-3000
2016/10/26,0,0,0,0
2016/10/27,0,1000,0,1000
2016/10/28,0,52000,0,52000
2016/10/31,0,119000,-50000,69000
2016/11/01,0,4000,0,4000
2016/11/02,0,158000,-1000,157000
2016/11/03,0,28000,0,28000
2016/11/04,0,50000,0,50000
2016/11/07,0,59000,0,59000
2016/11/08,0,0,-4000,-4000
2016/11/09,0,3000,-132000,-129000
2016/11/10,0,24000,0,24000
2016/11/11,0,0,-1000,-1000
2016/11/14,0,50000,-15000,35000
2016/11/15,0,0,0,0
2016/11/16,0,0,0,0
2016/11/17,0,0,0,0
2016/11/18,0,78000,0,78000
2016/11/21,0,0,-2000,-2000
2016/11/22,0,8000,-46000,-38000
2016/11/23,0,6000,-40000,-34000
2016/11/24,0,0,-20000,-20000
2016/11/25,0,0,-24000,-24000
2016/11/28,0,28000,-4544,23456
2016/11/29,0,4000,-1000,3000
2016/11/30,0,0,0,0
2016/12/01,0,20000,-11000,9000
2016/12/02,0,0,-68520,-68520
2016/12/05,0,50000,-45000,5000
2016/12/06,0,27000,-3000,24000
2016/12/07,0,0,0,0
2016/12/08,0,17000,-2000,15000
2016/12/09,0,0,0,0
2016/12/12,0,39000,0,39000
2016/12/13,0,0,0,0
2016/12/14,0,0,0,0
2016/12/15,0,9000,0,9000
2016/12/16,0,27000,-6000,21000
2016/12/19,0,43000,0,43000
2016/12/20,0,59000,0,59000
2016/12/21,0,227000,0,227000
2016/12/22,0,2000,-10000,-8000
2016/12/23,0,50000,0,50000
2016/12/26,0,0,0,0
2016/12/27,0,55000,0,55000
2016/12/28,0,2000,0,2000
2016/12/29,0,0,0,0
2016/12/30,0,1000,0,1000
2017/01/02,0,0,0,0
2017/01/03,0,0,0,0
2017/01/04,0,0,-11000,-11000
2017/01/05,0,0,-8000,-8000
2017/01/06,0,0,0,0
2017/01/09,0,0,-1000,-1000
2017/01/10,0,0,0,0
2017/01/11,0,0,0,0
2017/01/12,0,0,-2000,-2000
2017/01/13,0,0,0,0
2017/01/16,0,0,0,0
2017/01/17,0,0,-5000,-5000
2017/01/18,0,1000,-90000,-89000
2017/01/19,0,3000,-21000,-18000
2017/01/20,0,150000,0,150000
2017/01/23,0,200000,-4000,196000
2017/01/24,0,50000,0,50000
2017/01/25,0,0,0,0
2017/01/26,0,0,0,0
2017/01/27,0,0,0,0
2017/01/30,0,0,0,0
2017/01/31,0,0,0,0
2017/02/01,0,0,0,0
2017/02/02,0,150000,-4000,146000
2017/02/03,0,100000,-2000,98000
2017/02/06,0,0,-28000,-28000
2017/02/07,0,0,-6000,-6000
2017/02/08,0,0,-47000,-47000
2017/02/09,0,0,-15000,-15000
2017/02/10,0,22000,0,22000
2017/02/13,0,0,-2000,-2000
2017/02/14,0,0,-3000,-3000
2017/02/15,0,17000,0,17000
2017/02/16,0,15000,0,15000
2017/02/17,0,0,0,0
2017/02/20,0,120000,0,120000
2017/02/21,0,19000,-2000,17000
2017/02/22,0,8000,-12000,-4000
2017/02/23,0,14000,-3000,11000
2017/02/24,0,0,-18000,-18000
2017/02/27,0,0,0,0
2017/02/28,0,0,0,0
2017/03/01,0,1000,-3000,-2000
2017/03/02,0,0,-4000,-4000
2017/03/03,0,0,-15000,-15000
2017/03/06,0,0,-4000,-4000
2017/03/07,0,1000,0,1000
2017/03/08,0,0,-12000,-12000
2017/03/09,0,36000,-11000,25000
2017/03/10,0,7000,0,7000
2017/03/13,0,0,-36000,-36000
2017/03/14,0,24000,-5000,19000
2017/03/15,0,84000,-33000,51000
2017/03/16,0,138000,0,138000
2017/03/17,0,0,-60000,-60000
2017/03/20,0,49000,-426000,-377000
2017/03/21,0,19000,-1035000,-1016000
2017/03/22,0,35000,-10000,25000
2017/03/23,0,0,-4000,-4000
2017/03/24,0,18000,-328000,-310000
2017/03/27,0,0,-79000,-79000
2017/03/28,0,46000,0,46000
2017/03/29,0,105000,0,105000
2017/03/30,0,0,0,0
2017/03/31,0,1000,0,1000
2017/04/03,0,0,0,0
2017/04/04,0,0,0,0
2017/04/05,0,4000,-12000,-8000
2017/04/06,0,15000,-2000,13000
2017/04/07,0,0,-5000,-5000
2017/04/10,0,0,0,0
2017/04/11,0,0,0,0
2017/04/12,0,0,0,0
2017/04/13,0,2000,-20000,-18000
2017/04/14,0,0,-310000,-310000
2017/04/17,0,12000,-300000,-288000
2017/04/18,0,7000,-302000,-295000
2017/04/19,0,35000,-313000,-278000
2017/04/20,0,9000,-5000,4000
2017/04/21,0,0,-13000,-13000
2017/04/24,0,0,0,0
2017/04/25,0,0,-4000,-4000
2017/04/26,0,0,0,0
2017/04/27,0,0,-3000,-3000
2017/04/28,0,0,-1000,-1000
2017/05/01,0,0,0,0
2017/05/02,0,0,-29000,-29000
2017/05/03,0,3000,-12000,-9000
2017/05/04,0,0,-502000,-502000
2017/05/05,0,1000,-9000,-8000
2017/05/08,0,6000,-131000,-125000
2017/05/09,0,9000,-25350,-16350
2017/05/10,0,1000,-31000,-30000
2017/05/11,0,9000,-4000,5000
2017/05/12,0,0,-434000,-434000
2017/05/15,0,9000,-150000,-141000
2017/05/16,0,5000,-601000,-596000
2017/05/17,0,5000,-14000,-9000
2017/05/18,0,0,-365000,-365000
2017/05/19,0,352000,-515000,-163000
2017/05/22,0,0,-313000,-313000
2017/05/23,0,1000,-3000,-2000
2017/05/24,0,150000,-506000,-356000
2017/05/25,0,7000,-500000,-493000
2017/05/26,0,3000,-504000,-501000
2017/05/29,0,0,0,0
2017/05/30,0,0,0,0
2017/05/31,0,202000,0,202000
2017/06/01,0,0,-399000,-399000
2017/06/02,0,0,-100000,-100000
2017/06/05,0,100000,-101000,-1000
2017/06/06,0,0,-100891,-100891
2017/06/07,0,0,-257000,-257000
2017/06/08,0,50000,-200000,-150000
2017/06/09,0,3000,-330000,-327000
2017/06/12,0,2000,-208000,-206000
2017/06/13,0,10000,-205000,-195000
2017/06/14,0,61000,-200000,-139000
2017/06/15,0,0,-223000,-223000
2017/06/16,0,11000,-222000,-211000
2017/06/19,0,14000,-226000,-212000
2017/06/20,0,220000,-40000,180000
2017/06/21,0,190000,-12000,178000
2017/06/22,0,93000,0,93000
2017/06/23,0,0,0,0
2017/06/26,0,190000,-40000,150000
2017/06/27,0,102000,-80000,22000
2017/06/28,0,79000,-17000,62000
2017/06/29,0,150000,-9000,141000
2017/06/30,0,30000,0,30000
2017/07/03,0,0,-38000,-38000
2017/07/04,0,0,-69000,-69000
2017/07/05,0,200000,-1000,199000
2017/07/06,0,0,-26000,-26000
2017/07/07,0,210000,-53000,157000
2017/07/10,0,404000,-5000,399000
2017/07/11,0,4000,-470000,-466000
2017/07/12,0,19000,-159000,-140000
2017/07/13,0,0,-36000,-36000
2017/07/14,0,10000,-20000,-10000
2017/07/17,0,0,-26000,-26000
2017/07/18,0,0,-19000,-19000
2017/07/19,0,67000,-4000,63000
2017/07/20,0,0,-10000,-10000
2017/07/21,0,0,-40000,-40000
2017/07/24,0,30000,-7000,23000
2017/07/25,0,0,-10000,-10000
2017/07/26,0,6000,-185000,-179000
2017/07/27,0,17000,-126000,-109000
2017/07/28,0,0,-101000,-101000
2017/07/31,0,0,-26000,-26000
2017/08/01,0,0,0,0
2017/08/02,0,0,-8000,-8000
2017/08/03,0,2000,-11000,-9000
2017/08/04,0,0,-30000,-30000
2017/08/07,0,0,0,0
2017/08/08,0,0,-4000,-4000
2017/08/09,0,0,-136000,-136000
2017/08/10,0,57000,0,57000
2017/08/11,0,5000,0,5000
2017/08/14,0,18000,-2000,16000
2017/08/15,0,0,-26000,-26000
2017/08/16,0,24000,-255000,-231000
2017/08/17,0,0,-38000,-38000
2017/08/18,0,0,-6000,-6000
