Date,Open,Buy,Sell,Total
2007/01/02,0,1578000,-1469000,109000
2007/01/03,0,1314000,-3984000,-2670000
2007/01/04,0,1782600,-2753000,-970400
2007/01/05,0,3941000,-3508600,432400
2007/01/08,0,490000,-4947030,-4457030
2007/01/09,0,2904000,-3005000,-101000
2007/01/10,0,4514000,-9499000,-4985000
2007/01/11,0,1503000,-558000,945000
2007/01/12,0,4420414,-5641000,-1220586
2007/01/15,0,2924000,-5506000,-2582000
2007/01/16,0,2228000,-1637000,591000
2007/01/17,0,3520000,-3477027,42973
2007/01/18,0,1070000,-2425000,-1355000
2007/01/19,0,1782000,-1339000,443000
2007/01/22,0,1932000,-3339427,-1407427
2007/01/23,0,2425600,-4723000,-2297400
2007/01/24,0,3831000,-3318265,512735
2007/01/25,0,1383000,-673000,710000
2007/01/26,0,2460000,-4765000,-2305000
2007/01/29,0,2060000,-3273000,-1213000
2007/01/30,0,6109000,-9009520,-2900520
2007/01/31,0,12584000,-16205000,-3621000
2007/02/01,0,3375500,-5895000,-2519500
2007/02/02,0,8344000,-12782000,-4438000
2007/02/05,0,3581400,-8087250,-4505850
2007/02/06,0,10386000,-17605000,-7219000
2007/02/07,0,814500,-4814000,-3999500
2007/02/08,0,7053000,-12300000,-5247000
2007/02/09,0,14616000,-15887000,-1271000
2007/02/12,0,9714000,-14747000,-5033000
2007/02/13,0,6637000,-8907000,-2270000
2007/02/14,0,6608000,-6538000,70000
2007/02/15,0,0,0,0
2007/02/16,0,0,0,0
2007/02/19,0,0,0,0
2007/02/20,0,0,0,0
2007/02/21,0,0,0,0
2007/02/22,0,0,0,0
2007/02/23,0,0,0,0
2007/02/26,0,6265600,-4629642,1635958
2007/02/27,0,6646000,-8324000,-1678000
2007/02/28,0,0,0,0
2007/03/01,0,8464153,-13337000,-4872847
2007/03/02,0,26153000,-18688200,7464800
2007/03/05,0,49469000,-15610620,33858380
2007/03/06,0,37311000,-26223000,11088000
2007/03/07,0,36062000,-7075391,28986609
2007/03/08,0,5125000,-8803000,-3678000
2007/03/09,0,8516000,-8588901,-72901
2007/03/12,0,5997000,-5774000,223000
2007/03/13,0,8473000,-5383000,3090000
2007/03/14,0,3322000,-3497000,-175000
2007/03/15,0,14951000,-5138000,9813000
2007/03/16,0,20014000,-10310100,9703900
2007/03/19,0,3344000,-2545800,798200
2007/03/20,0,2589000,-2406162,182838
2007/03/21,0,1838000,-1512800,325200
2007/03/22,0,7153854,-2695000,4458854
2007/03/23,0,9409000,-6661060,2747940
2007/03/26,0,13045000,-2130000,10915000
2007/03/27,0,5408000,-4257000,1151000
2007/03/28,0,9342000,-2932000,6410000
2007/03/29,0,6085000,-3495000,2590000
2007/03/30,0,4408000,-4094543,313457
2007/04/02,0,6694900,-2964000,3730900
2007/04/03,0,10036300,-1275000,8761300
2007/04/04,0,14584500,-5674000,8910500
2007/04/05,0,0,0,0
2007/04/06,0,0,0,0
2007/04/09,0,4627000,-5097000,-470000
2007/04/10,0,6179000,-5257300,921700
2007/04/11,0,2922000,-1910000,1012000
2007/04/12,0,2416000,-456752,1959248
2007/04/13,0,6603000,-1030279,5572721
2007/04/16,0,2019000,-1436000,583000
2007/04/17,0,2476000,-2699691,-223691
2007/04/18,0,3146200,-2115000,1031200
2007/04/19,0,8151900,-6734475,1417425
2007/04/20,0,3549000,-4499700,-950700
2007/04/23,0,7105000,-5673000,1432000
2007/04/24,0,2717000,-3555000,-838000
2007/04/25,0,2005000,-3199000,-1194000
2007/04/26,0,1124000,-2055000,-931000
2007/04/27,0,7295000,-13853000,-6558000
2007/04/30,0,2009000,-3342667,-1333667
2007/05/01,0,0,0,0
2007/05/02,0,6610171,-7924000,-1313829
2007/05/03,0,12920000,-11486775,1433225
2007/05/04,0,12632000,-11424000,1208000
2007/05/07,0,3024000,-3231000,-207000
2007/05/08,0,8142000,-7953000,189000
2007/05/09,0,3620000,-1015000,2605000
2007/05/10,0,4506000,-1409000,3097000
2007/05/11,0,2236000,-4427000,-2191000
2007/05/14,0,1833000,-1954000,-121000
2007/05/15,0,536000,-1895248,-1359248
2007/05/16,0,371000,-768000,-397000
2007/05/17,0,5186000,-4981000,205000
2007/05/18,0,4225000,-6710000,-2485000
2007/05/21,0,8658000,-11802720,-3144720
2007/05/22,0,6023000,-3520000,2503000
2007/05/23,0,4739000,-3905000,834000
2007/05/24,0,874300,-1314000,-439700
2007/05/25,0,4680200,-6637841,-1957641
2007/05/28,0,3754000,-3965000,-211000
2007/05/29,0,3227000,-2532000,695000
2007/05/30,0,3295000,-3242000,53000
2007/05/31,0,6341000,-9647667,-3306667
2007/06/01,0,3648000,-3071000,577000
2007/06/04,0,4354000,-5462000,-1108000
2007/06/05,0,7332000,-8099000,-767000
2007/06/06,0,8640500,-7551000,1089500
2007/06/07,0,20395000,-16950000,3445000
2007/06/08,0,24525000,-24489000,36000
2007/06/11,0,12150000,-10003705,2146295
2007/06/12,0,17690000,-15028000,2662000
2007/06/13,0,12701000,-6952000,5749000
2007/06/14,0,22415000,-7348000,15067000
2007/06/15,0,8265000,-3790000,4475000
2007/06/18,0,0,0,0
2007/06/19,0,0,0,0
2007/06/20,0,9513000,-4255000,5258000
2007/06/21,0,14415000,-2592000,11823000
2007/06/22,0,22490000,-19775000,2715000
2007/06/25,0,30698000,-29351000,1347000
2007/06/26,0,25884000,-24862000,1022000
2007/06/27,0,13963000,-14120000,-157000
2007/06/28,0,35166597,-33087344,2079253
2007/06/29,0,13340000,-12469666,870334
2007/07/02,0,6137100,-5379000,758100
2007/07/03,0,9853000,-8859000,994000
2007/07/04,0,13085000,-13364800,-279800
2007/07/05,0,2202000,-3852000,-1650000
2007/07/06,0,1455000,-1961000,-506000
2007/07/09,0,2385000,-1110000,1275000
2007/07/10,0,9717000,-6085000,3632000
2007/07/11,0,11335500,-11066900,268600
2007/07/12,0,5629000,-4434056,1194944
2007/07/13,0,5437000,-4557000,880000
2007/07/16,0,2979000,-5512200,-2533200
2007/07/17,0,5914000,-4167000,1747000
2007/07/18,0,5289000,-4050300,1238700
2007/07/19,0,10362000,-4966500,5395500
2007/07/20,0,6743300,-3857000,2886300
2007/07/23,0,4570000,-3418000,1152000
2007/07/24,0,4808277,-2983200,1825077
2007/07/25,0,6997725,-10991500,-3993775
2007/07/26,0,3366000,-2115000,1251000
2007/07/27,0,7802000,-9393170,-1591170
2007/07/30,0,12158610,-12318878,-160268
2007/07/31,0,5637000,-8165032,-2528032
2007/08/01,0,8705000,-11638000,-2933000
2007/08/02,0,5251000,-3215000,2036000
2007/08/03,0,3539000,-3460000,79000
2007/08/06,0,2108000,-3075000,-967000
2007/08/07,0,1475000,-472000,1003000
2007/08/08,0,4457000,-2469000,1988000
2007/08/09,0,5235631,-4707000,528631
2007/08/10,0,9780000,-12035300,-2255300
2007/08/13,0,4135000,-4767000,-632000
2007/08/14,0,2600000,-1830000,770000
2007/08/15,0,4132488,-3093000,1039488
2007/08/16,0,4057000,-5426800,-1369800
2007/08/17,0,2153000,-5187000,-3034000
2007/08/20,0,3888200,-3708000,180200
2007/08/21,0,2822000,-4948000,-2126000
2007/08/22,0,5491214,-7013364,-1522150
2007/08/23,0,8631000,-5563338,3067662
2007/08/24,0,5574000,-3969000,1605000
2007/08/27,0,784000,-430000,354000
2007/08/28,0,2642000,-1445000,1197000
2007/08/29,0,5275000,-3173200,2101800
2007/08/30,0,11651000,-3718000,7933000
2007/08/31,0,6484800,-2399000,4085800
2007/09/03,0,2499000,-1784318,714682
2007/09/04,0,863000,-813000,50000
2007/09/05,0,4398000,-2732900,1665100
2007/09/06,0,6908000,-4861000,2047000
2007/09/07,0,6441000,-7624000,-1183000
2007/09/10,0,5600000,-5965000,-365000
2007/09/11,0,1550000,-1265000,285000
2007/09/12,0,3137000,-2440000,697000
2007/09/13,0,1662000,-1071000,591000
2007/09/14,0,3798000,-915000,2883000
2007/09/17,0,4505000,-5133000,-628000
2007/09/18,0,0,0,0
2007/09/19,0,8877000,-6458000,2419000
2007/09/20,0,6414000,-6321000,93000
2007/09/21,0,6692000,-3685000,3007000
2007/09/24,0,0,0,0
2007/09/25,0,0,0,0
2007/09/26,0,13763000,-10584000,3179000
2007/09/27,0,6801000,-3002900,3798100
2007/09/28,0,10230000,-5700000,4530000
2007/10/01,0,3604300,-3319000,285300
2007/10/02,0,8673000,-6964850,1708150
2007/10/03,0,15256000,-12180609,3075391
2007/10/04,0,2270000,-1605000,665000
2007/10/05,0,2602000,-3597800,-995800
2007/10/08,0,4888000,-2642000,2246000
2007/10/09,0,1898000,-1846700,51300
2007/10/10,0,0,0,0
2007/10/11,0,6066200,-4901900,1164300
2007/10/12,0,3988000,-3593000,395000
2007/10/15,0,1973000,-1312500,660500
2007/10/16,0,1738000,-1876000,-138000
2007/10/17,0,3900000,-4745400,-845400
2007/10/18,0,2434200,-2385000,49200
2007/10/19,0,3220000,-2787000,433000
2007/10/22,0,5273600,-6295000,-1021400
2007/10/23,0,1596000,-1053000,543000
2007/10/24,0,910000,-658000,252000
2007/10/25,0,6178637,-5572500,606137
2007/10/26,0,1848200,-3198000,-1349800
2007/10/29,0,9051000,-10622000,-1571000
2007/10/30,0,2475000,-2620000,-145000
2007/10/31,0,7032000,-7896000,-864000
2007/11/01,0,12531100,-15024789,-2493689
2007/11/02,0,9551000,-9233000,318000
2007/11/05,0,5829000,-5028000,801000
2007/11/06,0,11751000,-10132000,1619000
2007/11/07,0,4096000,-4193300,-97300
2007/11/08,0,7813000,-7016400,796600
2007/11/09,0,11012000,-10090800,921200
2007/11/12,0,5242000,-6017000,-775000
2007/11/13,0,6064000,-6264000,-200000
2007/11/14,0,6028000,-6531000,-503000
2007/11/15,0,34210000,-33390600,819400
2007/11/16,0,4154000,-4407000,-253000
2007/11/19,0,5008300,-4845500,162800
2007/11/20,0,4591500,-4016000,575500
2007/11/21,0,7743000,-7327000,416000
2007/11/22,0,2623000,-1305000,1318000
2007/11/23,0,7325000,-5202000,2123000
2007/11/26,0,5305000,-4744000,561000
2007/11/27,0,2781000,-3229000,-448000
2007/11/28,0,2715000,-5515000,-2800000
2007/11/29,0,5194000,-9018256,-3824256
2007/11/30,0,8561393,-12516000,-3954607
2007/12/03,0,8371366,-14344019,-5972653
2007/12/04,0,16838400,-17283000,-444600
2007/12/05,0,11300000,-5409000,5891000
2007/12/06,0,9705000,-144000,9561000
2007/12/07,0,3807844,-387170,3420674
2007/12/10,0,23899000,-13319033,10579967
2007/12/11,0,13765000,-13670000,95000
2007/12/12,0,1740000,-2742592,-1002592
2007/12/13,0,4313000,-5388000,-1075000
2007/12/14,0,10958000,-5854000,5104000
2007/12/17,0,4135000,-6462000,-2327000
2007/12/18,0,9480000,-10153733,-673733
2007/12/19,0,11734000,-2787393,8946607
2007/12/20,0,15985000,-11092000,4893000
2007/12/21,0,5844000,-2777000,3067000
2007/12/24,0,850000,-678000,172000
2007/12/25,0,132000,-102000,30000
2007/12/26,0,1821000,-210000,1611000
2007/12/27,0,3669000,-2568000,1101000
2007/12/28,0,2227000,-1462552,764448
2007/12/31,0,1702000,-1578000,124000
2008/01/01,0,0,0,0
2008/01/02,0,5347000,-4838113,508887
2008/01/03,0,6377300,-4018000,2359300
2008/01/04,0,7059000,-5426241,1632759
2008/01/07,0,4129000,-10705159,-6576159
2008/01/08,0,14268000,-14407000,-139000
2008/01/09,0,8929500,-9109000,-179500
2008/01/10,0,16976000,-20305260,-3329260
2008/01/11,0,9143288,-7689000,1454288
2008/01/14,0,17549000,-14220631,3328369
2008/01/15,0,12127000,-11559426,567574
2008/01/16,0,19115384,-12198200,6917184
2008/01/17,0,14247000,-10889500,3357500
2008/01/18,0,30383060,-21274300,9108760
2008/01/21,0,5283000,-9836877,-4553877
2008/01/22,0,4888000,-5852500,-964500
2008/01/23,0,14364000,-11746000,2618000
2008/01/24,0,13776000,-19782570,-6006570
2008/01/25,0,15269000,-17758000,-2489000
2008/01/28,0,169073000,-21933340,147139660
2008/01/29,0,35303000,-24563124,10739876
2008/01/30,0,15980506,-16195500,-214994
2008/01/31,0,19665000,-20525274,-860274
2008/02/01,0,0,0,0
2008/02/04,0,0,0,0
2008/02/05,0,0,0,0
2008/02/06,0,0,0,0
2008/02/07,0,0,0,0
2008/02/08,0,0,0,0
2008/02/11,0,0,0,0
2008/02/12,0,0,0,0
2008/02/13,0,0,0,0
2008/02/14,0,0,0,0
2008/02/15,0,0,0,0
2008/02/18,0,0,0,0
2008/02/19,0,0,0,0
2008/02/20,0,73047000,-76679211,-3632211
2008/02/21,0,12376331,-18639081,-6262750
2008/02/22,0,9392827,-13082273,-3689446
2008/02/25,0,16498000,-18854832,-2356832
2008/02/26,0,17589000,-19126061,-1537061
2008/02/27,0,32458480,-42568655,-10110175
2008/02/28,0,0,0,0
2008/02/29,0,35903041,-39598109,-3695068
2008/03/03,0,26671000,-28674800,-2003800
2008/03/04,0,19130000,-10166826,8963174
2008/03/05,0,11493435,-6211080,5282355
2008/03/06,0,12006076,-8728428,3277648
2008/03/07,0,9234000,-10310589,-1076589
2008/03/10,0,3526000,-3672000,-146000
2008/03/11,0,4847000,-5245238,-398238
2008/03/12,0,3965620,-3984459,-18839
2008/03/13,0,10437000,-10292624,144376
2008/03/14,0,3208000,-5764937,-2556937
2008/03/17,0,2086000,-4136100,-2050100
2008/03/18,0,1484440,-3804441,-2320001
2008/03/19,0,4414000,-11927265,-7513265
2008/03/20,0,6393000,-13104291,-6711291
2008/03/21,0,4856000,-3037304,1818696
2008/03/24,0,10886000,-7873676,3012324
2008/03/25,0,5220000,-10159720,-4939720
2008/03/26,0,5769000,-10807799,-5038799
2008/03/27,0,1617675,-4851920,-3234245
2008/03/28,0,11817675,-13437296,-1619621
2008/03/31,0,6459071,-10759200,-4300129
2008/04/01,0,12664636,-6607080,6057556
2008/04/02,0,7493000,-7140594,352406
2008/04/03,0,5470000,-6425048,-955048
2008/04/04,0,0,0,0
2008/04/07,0,3850997,-2225000,1625997
2008/04/08,0,3842200,-7075489,-3233289
2008/04/09,0,5853000,-10634646,-4781646
2008/04/10,0,4136000,-2806027,1329973
2008/04/11,0,5273000,-6971790,-1698790
2008/04/14,0,3931800,-3334620,597180
2008/04/15,0,4793000,-4333007,459993
2008/04/16,0,4635000,-3886000,749000
2008/04/17,0,12526000,-13009505,-483505
2008/04/18,0,6668000,-9036000,-2368000
2008/04/21,0,5038000,-1875626,3162374
2008/04/22,0,1491377,-2708852,-1217475
2008/04/23,0,3000000,-5001561,-2001561
2008/04/24,0,1690000,-3536384,-1846384
2008/04/25,0,1540000,-1579990,-39990
2008/04/28,0,7671000,-9871564,-2200564
2008/04/29,0,4445000,-4139890,305110
2008/04/30,0,2914000,-3164000,-250000
2008/05/01,0,0,0,0
2008/05/02,0,9679119,-9259000,420119
2008/05/05,0,2381747,-3388000,-1006253
2008/05/06,0,5839000,-9579588,-3740588
2008/05/07,0,2860223,-3607214,-746991
2008/05/08,0,2794000,-6461482,-3667482
2008/05/09,0,6372000,-1458925,4913075
2008/05/12,0,8650000,-4018000,4632000
2008/05/13,0,6511000,-2009005,4501995
2008/05/14,0,5224000,-2024314,3199686
2008/05/15,0,5316541,-3183278,2133263
2008/05/16,0,7534000,-2272047,5261953
2008/05/19,0,4692000,-1919524,2772476
2008/05/20,0,5541000,-2183000,3358000
2008/05/21,0,4052873,-3040388,1012485
2008/05/22,0,4846000,-3501400,1344600
2008/05/23,0,5075000,-4705935,369065
2008/05/26,0,3848000,-1680000,2168000
2008/05/27,0,3328000,-4263354,-935354
2008/05/28,0,2495200,-4130000,-1634800
2008/05/29,0,4720320,-6551818,-1831498
2008/05/30,0,5700000,-7653875,-1953875
2008/06/02,0,2563121,-4224000,-1660879
2008/06/03,0,4395367,-4468577,-73210
2008/06/04,0,3564000,-3357000,207000
2008/06/05,0,42442000,-39077996,3364004
2008/06/06,0,1182200,-1023970,158230
2008/06/09,0,1600000,-1806761,-206761
2008/06/10,0,2931000,-3344088,-413088
2008/06/11,0,5079000,-5194459,-115459
2008/06/12,0,7048000,-6751429,296571
2008/06/13,0,7082000,-4017006,3064994
2008/06/16,0,2896000,-3313681,-417681
2008/06/17,0,4884977,-2940945,1944032
2008/06/18,0,3761000,-2628000,1133000
2008/06/19,0,1989000,-3363000,-1374000
2008/06/20,0,4195926,-4108802,87124
2008/06/23,0,4672000,-2814681,1857319
2008/06/24,0,4137000,-2786000,1351000
2008/06/25,0,4132000,-4637000,-505000
2008/06/26,0,4068000,-3671609,396391
2008/06/27,0,11063000,-15861780,-4798780
2008/06/30,0,5933000,-4636232,1296768
2008/07/01,0,4487500,-7589960,-3102460
2008/07/02,0,4888000,-5225033,-337033
2008/07/03,0,3780000,-4923165,-1143165
2008/07/04,0,3787000,-5906634,-2119634
2008/07/07,0,1355000,-1991000,-636000
2008/07/08,0,4362000,-4932326,-570326
2008/07/09,0,7278000,-3074120,4203880
2008/07/10,0,6147345,-4490345,1657000
2008/07/11,0,7755000,-6388000,1367000
2008/07/14,0,5099000,-4476875,622125
2008/07/15,0,6101000,-7676266,-1575266
2008/07/16,0,4256000,-4541094,-285094
2008/07/17,0,3595000,-4073444,-478444
2008/07/18,0,4179000,-2347460,1831540
2008/07/21,0,2558000,-1709400,848600
2008/07/22,0,2935000,-3529342,-594342
2008/07/23,0,4814000,-6557000,-1743000
2008/07/24,0,3496000,-3020000,476000
2008/07/25,0,2484000,-2340000,144000
2008/07/28,0,0,0,0
2008/07/29,0,4769000,-3263000,1506000
2008/07/30,0,5979000,-4066297,1912703
2008/07/31,0,6005000,-8572895,-2567895
2008/08/01,0,1890003,-1507000,383003
2008/08/04,0,2197000,-2029983,167017
2008/08/05,0,3859000,-4980000,-1121000
2008/08/06,0,6077226,-4922895,1154331
2008/08/07,0,3662000,-5151608,-1489608
2008/08/08,0,5831098,-4199000,1632098
2008/08/11,0,1783000,-1811692,-28692
2008/08/12,0,2005000,-2603105,-598105
2008/08/13,0,9120000,-9193000,-73000
2008/08/14,0,1034000,-1494494,-460494
2008/08/15,0,701000,-2706000,-2005000
2008/08/18,0,3145000,-4076000,-931000
2008/08/19,0,6065000,-7914000,-1849000
2008/08/20,0,5527435,-8639003,-3111568
2008/08/21,0,1961000,-3395000,-1434000
2008/08/22,0,1743000,-2523000,-780000
2008/08/25,0,3318000,-1582000,1736000
2008/08/26,0,1860000,-2277000,-417000
2008/08/27,0,4801000,-4994435,-193435
2008/08/28,0,6485000,-6957000,-472000
2008/08/29,0,3113000,-3400269,-287269
2008/09/01,0,4311000,-5173000,-862000
2008/09/02,0,2517000,-3118000,-601000
2008/09/03,0,3463000,-4923161,-1460161
2008/09/04,0,3420000,-4313721,-893721
2008/09/05,0,2786000,-3418000,-632000
2008/09/08,0,5609000,-7438764,-1829764
2008/09/09,0,9578000,-9233000,345000
2008/09/10,0,6211000,-6339000,-128000
2008/09/11,0,6343700,-6363000,-19300
2008/09/12,0,2228000,-6150026,-3922026
2008/09/15,0,773000,-3163367,-2390367
2008/09/16,0,5774065,-7251602,-1477537
2008/09/17,0,5280000,-8116000,-2836000
2008/09/18,0,7845000,-13789195,-5944195
2008/09/19,0,7571000,-10193014,-2622014
2008/09/22,0,2907000,-5165250,-2258250
2008/09/23,0,1814000,-4360000,-2546000
2008/09/24,0,7926933,-8967673,-1040740
2008/09/25,0,5067000,-6858469,-1791469
2008/09/26,0,6149000,-12059525,-5910525
2008/09/29,0,0,0,0
2008/09/30,0,9765000,-9868959,-103959
2008/10/01,0,8719000,-9615011,-896011
2008/10/02,0,6555000,-10050000,-3495000
2008/10/03,0,3628000,-8905383,-5277383
2008/10/06,0,7376065,-13618065,-6242000
2008/10/07,0,5456000,-6920579,-1464579
2008/10/08,0,9277000,-11060126,-1783126
2008/10/09,0,5173000,-8486579,-3313579
2008/10/10,0,0,0,0
2008/10/13,0,1156000,-2664600,-1508600
2008/10/14,0,2211000,-8118986,-5907986
2008/10/15,0,1508000,-7408228,-5900228
2008/10/16,0,1421596,-1645000,-223404
2008/10/17,0,3378000,-8107396,-4729396
2008/10/20,0,3019000,-9113244,-6094244
2008/10/21,0,9210000,-11179000,-1969000
2008/10/22,0,11787000,-9716763,2070237
2008/10/23,0,6549000,-4040000,2509000
2008/10/24,0,10317000,-6548819,3768181
2008/10/27,0,1035000,-4688000,-3653000
2008/10/28,0,1398000,-10041520,-8643520
2008/10/29,0,5784000,-7052385,-1268385
2008/10/30,0,3663000,-5656000,-1993000
2008/10/31,0,4781000,-6543300,-1762300
2008/11/03,0,5486000,-6723000,-1237000
2008/11/04,0,6941000,-5120950,1820050
2008/11/05,0,6104000,-15795000,-9691000
2008/11/06,0,5874000,-9034255,-3160255
2008/11/07,0,2287000,-5244000,-2957000
2008/11/10,0,4379000,-5762160,-1383160
2008/11/11,0,1906000,-1488466,417534
2008/11/12,0,3657000,-3776000,-119000
2008/11/13,0,3848000,-5032166,-1184166
2008/11/14,0,2776000,-2683840,92160
2008/11/17,0,5868000,-3883004,1984996
2008/11/18,0,2803000,-4163000,-1360000
2008/11/19,0,7764000,-7051136,712864
2008/11/20,0,6420000,-6908436,-488436
2008/11/21,0,4247000,-5278000,-1031000
2008/11/24,0,3682000,-3407000,275000
2008/11/25,0,13265000,-10595610,2669390
2008/11/26,0,10716000,-12917347,-2201347
2008/11/27,0,12082000,-12941845,-859845
2008/11/28,0,9152000,-8060128,1091872
2008/12/01,0,8735000,-7971426,763574
2008/12/02,0,2390000,-4516000,-2126000
2008/12/03,0,4671000,-6638000,-1967000
2008/12/04,0,1837000,-5696000,-3859000
2008/12/05,0,3104598,-8007263,-4902665
2008/12/08,0,10663000,-9578000,1085000
2008/12/09,0,5173000,-4104000,1069000
2008/12/10,0,6100818,-6961708,-860890
2008/12/11,0,8233000,-10236870,-2003870
2008/12/12,0,2313000,-14411000,-12098000
2008/12/15,0,5425000,-6884714,-1459714
2008/12/16,0,7229000,-8192000,-963000
2008/12/17,0,8831000,-15505356,-6674356
2008/12/18,0,5615000,-9563000,-3948000
2008/12/19,0,3759000,-5289065,-1530065
2008/12/22,0,1966100,-4527100,-2561000
2008/12/23,0,1076000,-2405481,-1329481
2008/12/24,0,549000,-1338000,-789000
2008/12/25,0,106000,-458000,-352000
2008/12/26,0,237000,-888000,-651000
2008/12/29,0,374000,-594180,-220180
2008/12/30,0,4647000,-1148190,3498810
2008/12/31,0,1773000,-765660,1007340
2009/01/01,0,0,0,0
2009/01/02,0,0,0,0
2009/01/05,0,2391000,-3401000,-1010000
2009/01/06,0,1644961,-9462000,-7817039
2009/01/07,0,5283886,-11078000,-5794114
2009/01/08,0,2947000,-6140806,-3193806
2009/01/09,0,1781000,-1738000,43000
2009/01/12,0,3635283,-5424000,-1788717
2009/01/13,0,7108475,-4467000,2641475
2009/01/14,0,1827000,-3919000,-2092000
2009/01/15,0,2440000,-6385572,-3945572
2009/01/16,0,1571000,-4957495,-3386495
2009/01/19,0,2938000,-1771245,1166755
2009/01/20,0,974000,-3815368,-2841368
2009/01/21,0,3886000,-4432567,-546567
2009/01/22,0,0,0,0
2009/01/23,0,0,0,0
2009/01/26,0,0,0,0
2009/01/27,0,0,0,0
2009/01/28,0,0,0,0
2009/01/29,0,0,0,0
2009/01/30,0,0,0,0
2009/02/02,0,2195617,-13457647,-11262030
2009/02/03,0,2680000,-6580480,-3900480
2009/02/04,0,1274000,-5206460,-3932460
2009/02/05,0,1959000,-8999583,-7040583
2009/02/06,0,3747000,-1912000,1835000
2009/02/09,0,1595000,-942000,653000
2009/02/10,0,688000,-1799510,-1111510
2009/02/11,0,2060000,-875000,1185000
2009/02/12,0,2815000,-5571000,-2756000
2009/02/13,0,2353000,-4302000,-1949000
2009/02/16,0,1127000,-1964416,-837416
2009/02/17,0,431000,-3248638,-2817638
2009/02/18,0,5659000,-7187069,-1528069
2009/02/19,0,3843000,-5370000,-1527000
2009/02/20,0,699354,-6086354,-5387000
2009/02/23,0,1473000,-8056000,-6583000
2009/02/24,0,839000,-4988380,-4149380
2009/02/25,0,1903000,-897420,1005580
2009/02/26,0,801000,-2246222,-1445222
2009/02/27,0,2706825,-4996461,-2289636
2009/03/02,0,2425000,-3468299,-1043299
2009/03/03,0,12743000,-7361800,5381200
2009/03/04,0,1531000,-3366685,-1835685
2009/03/05,0,2923000,-4434515,-1511515
2009/03/06,0,8479000,-4780750,3698250
2009/03/09,0,2093000,-5141000,-3048000
2009/03/10,0,5210000,-2501750,2708250
2009/03/11,0,4805249,-4134000,671249
2009/03/12,0,3896000,-5079696,-1183696
2009/03/13,0,5034000,-8353000,-3319000
2009/03/16,0,2908000,-16568000,-13660000
2009/03/17,0,2902000,-17722958,-14820958
2009/03/18,0,5871000,-17792000,-11921000
2009/03/19,0,3584000,-7945500,-4361500
2009/03/20,0,4103000,-10312671,-6209671
2009/03/23,0,4483000,-5688528,-1205528
2009/03/24,0,2342000,-9576000,-7234000
2009/03/25,0,4921000,-4742110,178890
2009/03/26,0,5497000,-7319907,-1822907
2009/03/27,0,3929000,-3154000,775000
2009/03/30,0,3547000,-2423725,1123275
2009/03/31,0,2232000,-3316305,-1084305
2009/04/01,0,2752000,-9876461,-7124461
2009/04/02,0,8268000,-25508564,-17240564
2009/04/03,0,2034000,-14985893,-12951893
2009/04/06,0,4430000,-12706253,-8276253
2009/04/07,0,725000,-6902697,-6177697
2009/04/08,0,4233000,-8569843,-4336843
2009/04/09,0,5060000,-8056007,-2996007
2009/04/10,0,1899000,-604000,1295000
2009/04/13,0,5749000,-7329000,-1580000
2009/04/14,0,1919000,-6232654,-4313654
2009/04/15,0,1252000,-6478000,-5226000
2009/04/16,0,3355000,-6927979,-3572979
2009/04/17,0,2716118,-11177367,-8461249
2009/04/20,0,2216000,-3807906,-1591906
2009/04/21,0,2563000,-1771000,792000
2009/04/22,0,962000,-5635000,-4673000
2009/04/23,0,5611654,-12366654,-6755000
2009/04/24,0,1523000,-7324000,-5801000
2009/04/27,0,1887757,-6706019,-4818262
2009/04/28,0,2260329,-5681644,-3421315
2009/04/29,0,3160000,-5057186,-1897186
2009/04/30,0,22924472,-16028220,6896252
2009/05/01,0,0,0,0
2009/05/04,0,5874000,-7384080,-1510080
2009/05/05,0,4371720,-8075882,-3704162
2009/05/06,0,2378000,-6076125,-3698125
2009/05/07,0,2443000,-6153000,-3710000
2009/05/08,0,2707000,-7889623,-5182623
2009/05/11,0,2162000,-4013443,-1851443
2009/05/12,0,1898000,-4091218,-2193218
2009/05/13,0,557681,-1967000,-1409319
2009/05/14,0,254422,-6198668,-5944246
2009/05/15,0,3578000,-4104000,-526000
2009/05/18,0,6917000,-2479256,4437744
2009/05/19,0,9038000,-2776000,6262000
2009/05/20,0,6997000,-3088335,3908665
2009/05/21,0,797000,-3808000,-3011000
2009/05/22,0,479000,-3697000,-3218000
2009/05/25,0,719000,-2311208,-1592208
2009/05/26,0,1868000,-2256000,-388000
2009/05/27,0,3679000,-2117154,1561846
2009/05/28,0,0,0,0
2009/05/29,0,0,0,0
2009/06/01,0,2918000,-6101982,-3183982
2009/06/02,0,2582000,-7060000,-4478000
2009/06/03,0,1992000,-2348000,-356000
2009/06/04,0,1486000,-5025000,-3539000
2009/06/05,0,1342901,-1912000,-569099
2009/06/08,0,2399000,-4203000,-1804000
2009/06/09,0,6933000,-2470000,4463000
2009/06/10,0,2915826,-720000,2195826
2009/06/11,0,1445876,-4207000,-2761124
2009/06/12,0,2425660,-2591210,-165550
2009/06/15,0,1110000,-914000,196000
2009/06/16,0,1759000,-2962200,-1203200
2009/06/17,0,433000,-2943000,-2510000
2009/06/18,0,841000,-4891611,-4050611
2009/06/19,0,818153,-5653004,-4834851
2009/06/22,0,1651000,-8109000,-6458000
2009/06/23,0,3392600,-12776270,-9383670
2009/06/24,0,7141000,-6821751,319249
2009/06/25,0,1757000,-1393000,364000
2009/06/26,0,450000,-6660000,-6210000
2009/06/29,0,5696000,-4966722,729278
2009/06/30,0,6738700,-4391904,2346796
2009/07/01,0,5876000,-1702000,4174000
2009/07/02,0,2654000,-4341586,-1687586
2009/07/03,0,2012220,-2440000,-427780
2009/07/06,0,1844000,-2076000,-232000
2009/07/07,0,782000,-2088094,-1306094
2009/07/08,0,6048000,-8694592,-2646592
2009/07/09,0,2337000,-6510700,-4173700
2009/07/10,0,4614000,-2228441,2385559
2009/07/13,0,6472000,-3842504,2629496
2009/07/14,0,1437000,-1640160,-203160
2009/07/15,0,2477000,-1621000,856000
2009/07/16,0,411000,-1833000,-1422000
2009/07/17,0,2146000,-2418832,-272832
2009/07/20,0,2127000,-169611,1957389
2009/07/21,0,842000,-1198110,-356110
2009/07/22,0,1004000,-1913000,-909000
2009/07/23,0,3384000,-1868260,1515740
2009/07/24,0,1798084,-4124650,-2326566
2009/07/27,0,2335000,-3904206,-1569206
2009/07/28,0,5706000,-28620000,-22914000
2009/07/29,0,1160631,-7969235,-6808604
2009/07/30,0,1885000,-6173000,-4288000
2009/07/31,0,8533000,-18840181,-10307181
2009/08/03,0,3497000,-5918000,-2421000
2009/08/04,0,1020150,-11777058,-10756908
2009/08/05,0,4215000,-6206000,-1991000
2009/08/06,0,1121000,-1670000,-549000
2009/08/07,0,0,0,0
2009/08/10,0,10374000,-14381172,-4007172
2009/08/11,0,4621931,-8452000,-3830069
2009/08/12,0,2506000,-2924000,-418000
2009/08/13,0,10361650,-2332000,8029650
2009/08/14,0,18252000,-6655300,11596700
2009/08/17,0,4301000,-3388000,913000
2009/08/18,0,870000,-4613050,-3743050
2009/08/19,0,1645000,-1330216,314784
2009/08/20,0,1215000,-577000,638000
2009/08/21,0,1232000,-2880080,-1648080
2009/08/24,0,1729000,-5202598,-3473598
2009/08/25,0,283000,-2586516,-2303516
2009/08/26,0,4538000,-6800000,-2262000
2009/08/27,0,2007000,-4601000,-2594000
2009/08/28,0,3000000,-164000,2836000
2009/08/31,0,3318000,-2999859,318141
2009/09/01,0,2489000,-3787489,-1298489
2009/09/02,0,1342985,-2779000,-1436015
2009/09/03,0,1036000,-5258000,-4222000
2009/09/04,0,2977000,-1455985,1521015
2009/09/07,0,3389000,-4704000,-1315000
2009/09/08,0,3828000,-3534000,294000
2009/09/09,0,1084000,-1849000,-765000
2009/09/10,0,6220000,-3703110,2516890
2009/09/11,0,3535000,-2529000,1006000
2009/09/14,0,3116000,-3413000,-297000
2009/09/15,0,4058969,-3764000,294969
2009/09/16,0,3181000,-1506000,1675000
2009/09/17,0,20749000,-3066808,17682192
2009/09/18,0,7892000,-3228000,4664000
2009/09/21,0,1484000,-874303,609697
2009/09/22,0,1822000,-321000,1501000
2009/09/23,0,14125000,-1615000,12510000
2009/09/24,0,10296000,-2405000,7891000
2009/09/25,0,10483831,-4436770,6047061
2009/09/28,0,12493000,-802000,11691000
2009/09/29,0,6274112,-1885000,4389112
2009/09/30,0,3768000,-2449851,1318149
2009/10/01,0,3293000,-1318000,1975000
2009/10/02,0,5507000,-1739124,3767876
2009/10/05,0,5710422,-6940429,-1230007
2009/10/06,0,9074000,-6612667,2461333
2009/10/07,0,6599500,-4860194,1739306
2009/10/08,0,4689000,-3150151,1538849
2009/10/09,0,4674000,-2341000,2333000
2009/10/12,0,1641000,-2621546,-980546
2009/10/13,0,1458490,-2448341,-989851
2009/10/14,0,2110000,-1306688,803312
2009/10/15,0,4654000,-867847,3786153
2009/10/16,0,3054000,-1255000,1799000
2009/10/19,0,3431000,-2720515,710485
2009/10/20,0,995300,-762947,232353
2009/10/21,0,2775750,-2499750,276000
2009/10/22,0,3563430,-2191876,1371554
2009/10/23,0,2106000,-5160680,-3054680
2009/10/26,0,2643000,-4232000,-1589000
2009/10/27,0,772000,-1113663,-341663
2009/10/28,0,2025000,-2163100,-138100
2009/10/29,0,1831000,-2308000,-477000
2009/10/30,0,3287000,-2990000,297000
2009/11/02,0,1838000,-1944362,-106362
2009/11/03,0,2860000,-2146909,713091
2009/11/04,0,2318000,-395201,1922799
2009/11/05,0,3206000,-2879000,327000
2009/11/06,0,2609000,-2524156,84844
2009/11/09,0,1578000,-196000,1382000
2009/11/10,0,1819000,-1502000,317000
2009/11/11,0,5822000,-1098056,4723944
2009/11/12,0,2621000,-2099000,522000
2009/11/13,0,1875000,-645221,1229779
2009/11/16,0,2437000,-751000,1686000
2009/11/17,0,2819000,-627000,2192000
2009/11/18,0,5951000,-3284774,2666226
2009/11/19,0,3100970,-969888,2131082
2009/11/20,0,4711000,-2389000,2322000
2009/11/23,0,3208000,-1939000,1269000
2009/11/24,0,1635000,-1253000,382000
2009/11/25,0,2913000,-2135000,778000
2009/11/26,0,1964000,-935000,1029000
2009/11/27,0,3150000,-5503000,-2353000
2009/11/30,0,2958653,-4381059,-1422406
2009/12/01,0,3173000,-2618940,554060
2009/12/02,0,5885000,-3388000,2497000
2009/12/03,0,1096000,-3418153,-2322153
2009/12/04,0,1719000,-5611591,-3892591
2009/12/07,0,1121000,-2630166,-1509166
2009/12/08,0,1594000,-3132000,-1538000
2009/12/09,0,3110200,-3594652,-484452
2009/12/10,0,1654000,-5314960,-3660960
2009/12/11,0,1299000,-498000,801000
2009/12/14,0,1683947,-527000,1156947
2009/12/15,0,1694408,-1929000,-234592
2009/12/16,0,1513126,-2645944,-1132818
2009/12/17,0,1937599,-1267000,670599
2009/12/18,0,2018000,-861000,1157000
2009/12/21,0,1708074,-691000,1017074
2009/12/22,0,812000,-666000,146000
2009/12/23,0,702504,-2015308,-1312804
2009/12/24,0,2426000,-1253000,1173000
2009/12/25,0,835000,-261000,574000
2009/12/28,0,1610000,-1374000,236000
2009/12/29,0,668000,-1321000,-653000
2009/12/30,0,2138000,-2162889,-24889
2009/12/31,0,942000,-414000,528000
2010/01/01,0,0,0,0
2010/01/04,0,2524000,-339000,2185000
2010/01/05,0,1460000,-771534,688466
2010/01/06,0,672000,-2548545,-1876545
2010/01/07,0,1627000,-4180314,-2553314
2010/01/08,0,2497183,-1305000,1192183
2010/01/11,0,2019000,-856000,1163000
2010/01/12,0,1376000,-1520934,-144934
2010/01/13,0,2337000,-1871133,465867
2010/01/14,0,1843000,-221980,1621020
2010/01/15,0,2523047,-1992000,531047
2010/01/18,0,3116000,-718000,2398000
2010/01/19,0,1752000,-1104960,647040
2010/01/20,0,2671000,-1639000,1032000
2010/01/21,0,2344629,-1138000,1206629
2010/01/22,0,2079000,-2303000,-224000
2010/01/25,0,1837940,-1617000,220940
2010/01/26,0,4171000,-3352000,819000
2010/01/27,0,5441000,-3078170,2362830
2010/01/28,0,1635501,-2412000,-776499
2010/01/29,0,4223000,-3068250,1154750
2010/02/01,0,1697055,-2181240,-484185
2010/02/02,0,2531000,-2816287,-285287
2010/02/03,0,1790130,-3199000,-1408870
2010/02/04,0,3218000,-2102000,1116000
2010/02/05,0,5477000,-4712800,764200
2010/02/08,0,1380360,-3948759,-2568399
2010/02/09,0,3088000,-8444891,-5356891
2010/02/10,0,736000,-4170000,-3434000
2010/02/11,0,0,0,0
2010/02/12,0,0,0,0
2010/02/15,0,0,0,0
2010/02/16,0,0,0,0
2010/02/17,0,0,0,0
2010/02/18,0,0,0,0
2010/02/19,0,0,0,0
2010/02/22,0,3985000,-8917628,-4932628
2010/02/23,0,1869283,-909000,960283
2010/02/24,0,1912000,-1688920,223080
2010/02/25,0,2726000,-3312000,-586000
2010/02/26,0,1057409,-1248116,-190707
2010/03/01,0,2429000,-1244274,1184726
2010/03/02,0,14122000,-11396000,2726000
2010/03/03,0,425000,-2420203,-1995203
2010/03/04,0,935000,-3742500,-2807500
2010/03/05,0,1895000,-209000,1686000
2010/03/08,0,1021000,-1296338,-275338
2010/03/09,0,4669595,-850000,3819595
2010/03/10,0,1559200,-622916,936284
2010/03/11,0,1128000,-1028000,100000
2010/03/12,0,3079058,-2742354,336704
2010/03/15,0,4434000,-2202000,2232000
2010/03/16,0,624001,-2123663,-1499662
2010/03/17,0,5076000,-1759000,3317000
2010/03/18,0,4087000,-4455000,-368000
2010/03/19,0,4819000,-2372926,2446074
2010/03/22,0,4453119,-3248123,1204996
2010/03/23,0,3080460,-3130000,-49540
2010/03/24,0,7260400,-2923000,4337400
2010/03/25,0,3551000,-3821000,-270000
2010/03/26,0,4809000,-4642826,166174
2010/03/29,0,3293000,-1552000,1741000
2010/03/30,0,2106633,-5004022,-2897389
2010/03/31,0,3387200,-6533840,-3146640
2010/04/01,0,4789000,-5875801,-1086801
2010/04/02,0,1614000,-28800,1585200
2010/04/05,0,0,0,0
2010/04/06,0,3573500,-1982000,1591500
2010/04/07,0,2158150,-1623515,534635
2010/04/08,0,4254000,-1019000,3235000
2010/04/09,0,588000,-948870,-360870
2010/04/12,0,4365840,-609000,3756840
2010/04/13,0,2315000,-1874000,441000
2010/04/14,0,1898000,-1705890,192110
2010/04/15,0,878000,-1156000,-278000
2010/04/16,0,3708910,-3630000,78910
2010/04/19,0,1380000,-1755000,-375000
2010/04/20,0,644000,-2117378,-1473378
2010/04/21,0,966756,-1889635,-922879
2010/04/22,0,99000,-9189966,-9090966
2010/04/23,0,1073000,-5229760,-4156760
2010/04/26,0,2973000,-1745001,1227999
2010/04/27,0,2307434,-2621434,-314000
2010/04/28,0,1999521,-2551830,-552309
2010/04/29,0,593000,-3997000,-3404000
2010/04/30,0,5358000,-8817000,-3459000
2010/05/03,0,1776000,-8600000,-6824000
2010/05/04,0,2909000,-5959000,-3050000
2010/05/05,0,5025038,-7964900,-2939862
2010/05/06,0,4578699,-9479742,-4901043
2010/05/07,0,4957724,-7786947,-2829223
2010/05/10,0,2810620,-6593709,-3783089
2010/05/11,0,3290000,-8859308,-5569308
2010/05/12,0,973073,-4966000,-3992927
2010/05/13,0,1593000,-2145200,-552200
2010/05/14,0,3147000,-4903000,-1756000
2010/05/17,0,3893000,-3854905,38095
2010/05/18,0,2092000,-2520805,-428805
2010/05/19,0,1440001,-1105000,335001
2010/05/20,0,638000,-1376000,-738000
2010/05/21,0,3110000,-1300510,1809490
2010/05/24,0,1610000,-562000,1048000
2010/05/25,0,2957000,-2157000,800000
2010/05/26,0,2350920,-4091000,-1740080
2010/05/27,0,1253089,-2290120,-1037031
2010/05/28,0,2790000,-3454308,-664308
2010/05/31,0,1301000,-1351000,-50000
2010/06/01,0,1129000,-2567000,-1438000
2010/06/02,0,2296000,-4084000,-1788000
2010/06/03,0,3083709,-92000,2991709
2010/06/04,0,1475001,-117000,1358001
2010/06/07,0,5985000,-1795000,4190000
2010/06/08,0,2608000,-1292262,1315738
2010/06/09,0,3823407,-1963000,1860407
2010/06/10,0,2896000,-976000,1920000
2010/06/11,0,6337194,-1097000,5240194
2010/06/14,0,2255794,-1205000,1050794
2010/06/15,0,4041199,-2068281,1972918
2010/06/16,0,0,0,0
2010/06/17,0,3980075,-2021831,1958244
2010/06/18,0,3126440,-319000,2807440
2010/06/21,0,8399425,-1492580,6906845
2010/06/22,0,4489523,-399000,4090523
2010/06/23,0,3716778,-4341538,-624760
2010/06/24,0,819000,-2448423,-1629423
2010/06/25,0,1258000,-7655118,-6397118
2010/06/28,0,1977000,-2313000,-336000
2010/06/29,0,2060981,-1839941,221040
2010/06/30,0,2485741,-3508000,-1022259
2010/07/01,0,2786212,-4295345,-1509133
2010/07/02,0,9158000,-34948700,-25790700
2010/07/05,0,554678,-3701022,-3146344
2010/07/06,0,3092170,-2887081,205089
2010/07/07,0,2306866,-1805000,501866
2010/07/08,0,4542000,-3829122,712878
2010/07/09,0,1836474,-3220425,-1383951
2010/07/12,0,5069335,-5501088,-431753
2010/07/13,0,2546000,-3637847,-1091847
2010/07/14,0,2431990,-13923859,-11491869
2010/07/15,0,1141000,-3764074,-2623074
2010/07/16,0,4860468,-2710000,2150468
2010/07/19,0,5469000,-3298000,2171000
2010/07/20,0,2699604,-942000,1757604
2010/07/21,0,2433000,-339000,2094000
2010/07/22,0,2563000,-1754000,809000
2010/07/23,0,4368000,-821000,3547000
2010/07/26,0,2872000,-1217000,1655000
2010/07/27,0,429822,-1679000,-1249178
2010/07/28,0,1048000,-257186,790814
2010/07/29,0,2309000,-1829167,479833
2010/07/30,0,1219055,-4761000,-3541945
2010/08/02,0,3166000,-1868000,1298000
2010/08/03,0,1299000,-2378000,-1079000
2010/08/04,0,5428000,-2348349,3079651
2010/08/05,0,5017000,-249000,4768000
2010/08/06,0,2732000,-136000,2596000
2010/08/09,0,3352000,-626000,2726000
2010/08/10,0,4727000,-13369000,-8642000
2010/08/11,0,2148000,-6778058,-4630058
2010/08/12,0,1128613,-8411000,-7282387
2010/08/13,0,1825355,-2033000,-207645
2010/08/16,0,3918000,-1864000,2054000
2010/08/17,0,2069000,-1677000,392000
2010/08/18,0,2479000,-2147000,332000
2010/08/19,0,2383000,-1940524,442476
2010/08/20,0,2439000,-1737000,702000
2010/08/23,0,1709000,-3130000,-1421000
2010/08/24,0,1564000,-1176000,388000
2010/08/25,0,900000,-6860000,-5960000
2010/08/26,0,4198000,-4133000,65000
2010/08/27,0,2059000,-4171000,-2112000
2010/08/30,0,1148185,-3629000,-2480815
2010/08/31,0,1096000,-2756468,-1660468
2010/09/01,0,3947000,-2266000,1681000
2010/09/02,0,1746000,-1113145,632855
2010/09/03,0,4827000,-4214167,612833
2010/09/06,0,2748000,-3354701,-606701
2010/09/07,0,292754,-1591896,-1299142
2010/09/08,0,2738810,-4052491,-1313681
2010/09/09,0,2834000,-4058098,-1224098
2010/09/10,0,2168400,-3261220,-1092820
2010/09/13,0,5871000,-3081000,2790000
2010/09/14,0,2589000,-1894000,695000
2010/09/15,0,4291901,-5204000,-912099
2010/09/16,0,794000,-1990000,-1196000
2010/09/17,0,2143000,-1936000,207000
2010/09/20,0,4000000,-2623804,1376196
2010/09/21,0,1117000,-1676000,-559000
2010/09/22,0,0,0,0
2010/09/23,0,2593354,-2690391,-97037
2010/09/24,0,3037620,-4365740,-1328120
2010/09/27,0,2618950,-5085460,-2466510
2010/09/28,0,692220,-2843000,-2150780
2010/09/29,0,4292000,-4649000,-357000
2010/09/30,0,3936000,-3884000,52000
2010/10/01,0,3202940,-5156000,-1953060
2010/10/04,0,1732610,-4237661,-2505051
2010/10/05,0,2001760,-1889510,112250
2010/10/06,0,2661692,-3774000,-1112308
2010/10/07,0,4019020,-4311000,-291980
2010/10/08,0,4407000,-581881,3825119
2010/10/11,0,5820719,-1479660,4341059
2010/10/12,0,1983161,-1334000,649161
2010/10/13,0,5259900,-715000,4544900
2010/10/14,0,5473010,-584000,4889010
2010/10/15,0,5050730,-1068000,3982730
2010/10/18,0,716000,-2076000,-1360000
2010/10/19,0,1529650,-2535057,-1005407
2010/10/20,0,993000,-1718000,-725000
2010/10/21,0,2138000,-1571000,567000
2010/10/22,0,1915867,-1072000,843867
2010/10/25,0,2062000,-352000,1710000
2010/10/26,0,2034204,-164000,1870204
2010/10/27,0,872360,-865000,7360
2010/10/28,0,3646524,-1299000,2347524
2010/10/29,0,3402000,-1915005,1486995
2010/11/01,0,4854000,-341000,4513000
2010/11/02,0,1802000,-605045,1196955
2010/11/03,0,1479000,-187000,1292000
2010/11/04,0,2011000,-432000,1579000
2010/11/05,0,1097000,-1389184,-292184
2010/11/08,0,1549280,-596000,953280
2010/11/09,0,1552000,-2201000,-649000
2010/11/10,0,5216000,-3006172,2209828
2010/11/11,0,1117000,-856482,260518
2010/11/12,0,2342000,-1968000,374000
2010/11/15,0,183310,-1088000,-904690
2010/11/16,0,1930000,-2725000,-795000
2010/11/17,0,3268000,-2181000,1087000
2010/11/18,0,1554000,-1224390,329610
2010/11/19,0,7497390,-1503000,5994390
2010/11/22,0,2997310,-1215000,1782310
2010/11/23,0,1495090,-2310000,-814910
2010/11/24,0,3720000,-2384000,1336000
2010/11/25,0,389000,-1374000,-985000
2010/11/26,0,1958000,-553000,1405000
2010/11/29,0,1328000,-1079729,248271
2010/11/30,0,11520884,-8437455,3083429
2010/12/01,0,1495000,-638000,857000
2010/12/02,0,4958000,-1301303,3656697
2010/12/03,0,613000,-1983000,-1370000
2010/12/06,0,972000,-896000,76000
2010/12/07,0,1874780,-2869000,-994220
2010/12/08,0,4562000,-1152000,3410000
2010/12/09,0,3498000,-1675000,1823000
2010/12/10,0,642000,-1448102,-806102
2010/12/13,0,778000,-1783000,-1005000
2010/12/14,0,591000,-1644000,-1053000
2010/12/15,0,1201000,-3646000,-2445000
2010/12/16,0,780000,-1319923,-539923
2010/12/17,0,3329000,-1332000,1997000
2010/12/20,0,1684430,-624000,1060430
2010/12/21,0,953000,-478750,474250
2010/12/22,0,546798,-1785240,-1238442
2010/12/23,0,1025000,-635000,390000
2010/12/24,0,380000,-200153,179847
2010/12/27,0,1045000,-237000,808000
2010/12/28,0,1949000,-384000,1565000
2010/12/29,0,2133780,-606000,1527780
2010/12/30,0,5209000,-2292000,2917000
2010/12/31,0,1219000,-581200,637800
2011/01/03,0,1496000,-180000,1316000
2011/01/04,0,365000,-1255000,-890000
2011/01/05,0,820925,-1416334,-595409
2011/01/06,0,1023000,-466000,557000
2011/01/07,0,1148000,-1371000,-223000
2011/01/10,0,1476000,-2517000,-1041000
2011/01/11,0,2203000,-859000,1344000
2011/01/12,0,533000,-2980000,-2447000
2011/01/13,0,859522,-3351730,-2492208
2011/01/14,0,765000,-426000,339000
2011/01/17,0,789936,-1048000,-258064
2011/01/18,0,1000000,-889580,110420
2011/01/19,0,1982000,-635000,1347000
2011/01/20,0,830000,-2985000,-2155000
2011/01/21,0,1113000,-2188000,-1075000
2011/01/24,0,1229000,-340000,889000
2011/01/25,0,1272000,-1251000,21000
2011/01/26,0,721000,-565983,155017
2011/01/27,0,1053000,-841570,211430
2011/01/28,0,2295840,-1999500,296340
2011/01/31,0,0,0,0
2011/02/01,0,0,0,0
2011/02/02,0,0,0,0
2011/02/03,0,0,0,0
2011/02/04,0,0,0,0
2011/02/07,0,0,0,0
2011/02/08,0,3280000,-3427184,-147184
2011/02/09,0,6982000,-1691940,5290060
2011/02/10,0,2510000,-3398060,-888060
2011/02/11,0,1722000,-9725000,-8003000
2011/02/14,0,1973000,-8015480,-6042480
2011/02/15,0,2399000,-6143403,-3744403
2011/02/16,0,2434000,-4534000,-2100000
2011/02/17,0,1227000,-11434930,-10207930
2011/02/18,0,3727000,-4814000,-1087000
2011/02/21,0,2125706,-3343646,-1217940
2011/02/22,0,1679000,-3820000,-2141000
2011/02/23,0,1469120,-2454450,-985330
2011/02/24,0,4521505,-1872000,2649505
2011/02/25,0,3950000,-7327963,-3377963
2011/02/28,0,0,0,0
2011/03/01,0,3388534,-6578144,-3189610
2011/03/02,0,3385505,-2824800,560705
2011/03/03,0,3236000,-550000,2686000
2011/03/04,0,880000,-2460000,-1580000
2011/03/07,0,3247000,-3859000,-612000
2011/03/08,0,3381000,-2794600,586400
2011/03/09,0,467000,-1704104,-1237104
2011/03/10,0,308000,-848250,-540250
2011/03/11,0,1187000,-1578990,-391990
2011/03/14,0,1288000,-2479500,-1191500
2011/03/15,0,4790000,-1536880,3253120
2011/03/16,0,1065000,-2669930,-1604930
2011/03/17,0,2147000,-2991810,-844810
2011/03/18,0,746000,-3428637,-2682637
2011/03/21,0,714000,-2077000,-1363000
2011/03/22,0,344000,-2126000,-1782000
2011/03/23,0,1135000,-1988000,-853000
2011/03/24,0,2030000,-1771000,259000
2011/03/25,0,3071000,-780000,2291000
2011/03/28,0,768000,-222000,546000
2011/03/29,0,1418000,-3006045,-1588045
2011/03/30,0,4124000,-5637000,-1513000
2011/03/31,0,3595717,-7651643,-4055926
2011/04/01,0,2131996,-3909558,-1777562
2011/04/04,0,0,0,0
2011/04/05,0,0,0,0
2011/04/06,0,6286715,-6256469,30246
2011/04/07,0,3140000,-3956000,-816000
2011/04/08,0,4847381,-1935000,2912381
2011/04/11,0,3822418,-2580323,1242095
2011/04/12,0,1640776,-2278000,-637224
2011/04/13,0,8278000,-2555091,5722909
2011/04/14,0,8722000,-2455000,6267000
2011/04/15,0,9256000,-2406000,6850000
2011/04/18,0,9961000,-2615558,7345442
2011/04/19,0,7050000,-1896000,5154000
2011/04/20,0,8888044,-1048000,7840044
2011/04/21,0,11173355,-605170,10568185
2011/04/22,0,4238000,-916000,3322000
2011/04/25,0,3372000,-131000,3241000
2011/04/26,0,3504109,-359000,3145109
2011/04/27,0,2705000,-523000,2182000
2011/04/28,0,3365629,-583000,2782629
2011/04/29,0,2142767,-606000,1536767
2011/05/02,0,0,0,0
2011/05/03,0,3709000,-2037000,1672000
2011/05/04,0,2872000,-1657200,1214800
2011/05/05,0,4087000,-921000,3166000
2011/05/06,0,1726079,-4740468,-3014389
2011/05/09,0,3779000,-2528211,1250789
2011/05/10,0,1079000,-1523000,-444000
2011/05/11,0,1145104,-1412098,-266994
2011/05/12,0,1741000,-1421000,320000
2011/05/13,0,675000,-1002000,-327000
2011/05/16,0,1442000,-1035000,407000
2011/05/17,0,1245000,-1212000,33000
2011/05/18,0,1224000,-262000,962000
2011/05/19,0,4329000,-3626639,702361
2011/05/20,0,1794000,-1513000,281000
2011/05/23,0,144000,-2041000,-1897000
2011/05/24,0,731000,-951899,-220899
2011/05/25,0,1735300,-2547000,-811700
2011/05/26,0,2109627,-2566494,-456867
2011/05/27,0,1869000,-2534875,-665875
2011/05/30,0,1550000,-2119875,-569875
2011/05/31,0,4468000,-2682410,1785590
2011/06/01,0,2327000,-721486,1605514
2011/06/02,0,3338000,-426000,2912000
2011/06/03,0,3583000,-1482000,2101000
2011/06/06,0,0,0,0
2011/06/07,0,3102000,-5083000,-1981000
2011/06/08,0,2242000,-2244000,-2000
2011/06/09,0,2175000,-2221104,-46104
2011/06/10,0,1423555,-1617000,-193445
2011/06/13,0,3401000,-3059429,341571
2011/06/14,0,3129000,-3099000,30000
2011/06/15,0,5710000,-4052361,1657639
2011/06/16,0,2187648,-3236000,-1048352
2011/06/17,0,1606000,-2254313,-648313
2011/06/20,0,1841000,-7913205,-6072205
2011/06/21,0,3781000,-3756107,24893
2011/06/22,0,2537000,-1503000,1034000
2011/06/23,0,3275549,-11663687,-8388138
2011/06/24,0,2225020,-5576228,-3351208
2011/06/27,0,3014000,-8253400,-5239400
2011/06/28,0,1030000,-3737550,-2707550
2011/06/29,0,4161000,-6995050,-2834050
2011/06/30,0,3902000,-1362000,2540000
2011/07/01,0,2077248,-3945000,-1867752
2011/07/04,0,2522938,-6397328,-3874390
2011/07/05,0,2706880,-6787000,-4080120
2011/07/06,0,3905264,-5118000,-1212736
2011/07/07,0,1772652,-4650335,-2877683
2011/07/08,0,4187083,-7741000,-3553917
2011/07/11,0,1415873,-2196000,-780127
2011/07/12,0,2341591,-4671000,-2329409
2011/07/13,0,1770039,-3233000,-1462961
2011/07/14,0,1561652,-3834000,-2272348
2011/07/15,0,3896913,-5045224,-1148311
2011/07/18,0,6230064,-5158216,1071848
2011/07/19,0,3835080,-3665400,169680
2011/07/20,0,5403153,-3847071,1556082
2011/07/21,0,2981049,-1784000,1197049
2011/07/22,0,2169428,-667000,1502428
2011/07/25,0,920664,-1667000,-746336
2011/07/26,0,942347,-765000,177347
2011/07/27,0,1148848,-1409000,-260152
2011/07/28,0,3421672,-4133757,-712085
2011/07/29,0,3529284,-2318237,1211047
2011/08/01,0,7302025,-866000,6436025
2011/08/02,0,2277706,-1377027,900679
2011/08/03,0,1475090,-750000,725090
2011/08/04,0,1970272,-889000,1081272
2011/08/05,0,4581418,-3785000,796418
2011/08/08,0,2006374,-5595178,-3588804
2011/08/09,0,4358000,-9290242,-4932242
2011/08/10,0,2259000,-9680000,-7421000
2011/08/11,0,1750000,-3472200,-1722200
2011/08/12,0,3619000,-4912039,-1293039
2011/08/15,0,1269337,-1559000,-289663
2011/08/16,0,1162000,-1831000,-669000
2011/08/17,0,1679459,-2404500,-725041
2011/08/18,0,1197234,-5630000,-4432766
2011/08/19,0,1860305,-1192000,668305
2011/08/22,0,2538157,-1322000,1216157
2011/08/23,0,2823400,-1679415,1143985
2011/08/24,0,963439,-2518000,-1554561
2011/08/25,0,1565829,-991966,573863
2011/08/26,0,2463165,-1372300,1090865
2011/08/29,0,1931000,-1907800,23200
2011/08/30,0,1477076,-1541000,-63924
2011/08/31,0,2053983,-1226137,827846
2011/09/01,0,2401555,-2540145,-138590
2011/09/02,0,2916897,-4717000,-1800103
2011/09/05,0,1927000,-2761000,-834000
2011/09/06,0,2312429,-2854930,-542501
2011/09/07,0,6885631,-2084047,4801584
2011/09/08,0,5184473,-1410000,3774473
2011/09/09,0,3996000,-871489,3124511
2011/09/12,0,0,0,0
2011/09/13,0,4393239,-2978000,1415239
2011/09/14,0,6463790,-3323562,3140228
2011/09/15,0,5058000,-3043925,2014075
2011/09/16,0,4717000,-491000,4226000
2011/09/19,0,1956557,-251000,1705557
2011/09/20,0,4188218,-4071326,116892
2011/09/21,0,3261891,-3501000,-239109
2011/09/22,0,1634792,-7455228,-5820436
2011/09/23,0,4524073,-8847676,-4323603
2011/09/26,0,3596824,-3197000,399824
2011/09/27,0,0,0,0
2011/09/28,0,0,0,0
2011/09/29,0,0,0,0
2011/09/30,0,0,0,0
2011/10/03,0,0,0,0
2011/10/04,0,0,0,0
2011/10/05,0,0,0,0
2011/10/06,0,0,0,0
2011/10/07,0,0,0,0
2011/10/10,0,0,0,0
2011/10/11,0,0,0,0
2011/10/12,0,0,0,0
2011/10/13,0,8955167,-5918800,3036367
2011/10/14,0,2998378,-3571050,-572672
2011/10/17,0,2264587,-2389100,-124513
2011/10/18,0,4991065,-4426350,564715
2011/10/19,0,3167559,-4151050,-983491
2011/10/20,0,923416,-3176300,-2252884
2011/10/21,0,3539666,-4240600,-700934
2011/10/24,0,5547128,-4354000,1193128
2011/10/25,0,3408066,-15215094,-11807028
2011/10/26,0,2505000,-832246,1672754
2011/10/27,0,3075050,-4186200,-1111150
2011/10/28,0,3170000,-2416200,753800
2011/10/31,0,1798500,-1606977,191523
2011/11/01,0,1226000,-698200,527800
2011/11/02,0,1339000,-1268000,71000
2011/11/03,0,899000,-2518769,-1619769
2011/11/04,0,7044400,-1861001,5183399
2011/11/07,0,2466000,-1898000,568000
2011/11/08,0,2796000,-3181463,-385463
2011/11/09,0,4433400,-3150600,1282800
2011/11/10,0,4357400,-4129865,227535
2011/11/11,0,1850550,-2423805,-573255
2011/11/14,0,2074000,-798480,1275520
2011/11/15,0,4514000,-920100,3593900
2011/11/16,0,6973000,-2348000,4625000
2011/11/17,0,5253400,-1567453,3685947
2011/11/18,0,1807000,-2869700,-1062700
2011/11/21,0,4349000,-2494000,1855000
2011/11/22,0,6607100,-5867349,739751
2011/11/23,0,2250000,-3715904,-1465904
2011/11/24,0,1875000,-4928000,-3053000
2011/11/25,0,4888000,-4950000,-62000
2011/11/28,0,2568512,-3267000,-698488
2011/11/29,0,6361150,-3081435,3279715
2011/11/30,0,8716300,-3693749,5022551
2011/12/01,0,7579000,-4883810,2695190
2011/12/02,0,3743000,-3186000,557000
2011/12/05,0,2844000,-2140000,704000
2011/12/06,0,2415000,-1459700,955300
2011/12/07,0,4438000,-3255245,1182755
2011/12/08,0,2228000,-2339400,-111400
2011/12/09,0,1425931,-3160000,-1734069
2011/12/12,0,864000,-1443000,-579000
2011/12/13,0,1675000,-1465900,209100
2011/12/14,0,2017000,-1692678,324322
2011/12/15,0,5677000,-2582076,3094924
2011/12/16,0,1671000,-612897,1058103
2011/12/19,0,2034000,-1432000,602000
2011/12/20,0,4329000,-2939900,1389100
2011/12/21,0,2878000,-1791300,1086700
2011/12/22,0,3425300,-3184600,240700
2011/12/23,0,4092000,-4908800,-816800
2011/12/26,0,1908000,-332000,1576000
2011/12/27,0,1118000,-24000,1094000
2011/12/28,0,1170100,-155100,1015000
2011/12/29,0,1581000,-235800,1345200
2011/12/30,0,13926679,-13305673,621006
2012/01/02,0,87000,-718000,-631000
2012/01/03,0,1990000,-1144000,846000
2012/01/04,0,1642100,-3082400,-1440300
2012/01/05,0,2260100,-2538900,-278800
2012/01/06,0,3243800,-5149300,-1905500
2012/01/09,0,5072000,-1616600,3455400
2012/01/10,0,4750000,-2722000,2028000
2012/01/11,0,3840000,-2628909,1211091
2012/01/12,0,2096000,-3042000,-946000
2012/01/13,0,3553000,-1537500,2015500
2012/01/16,0,1860000,-2493700,-633700
2012/01/17,0,8373000,-4781000,3592000
2012/01/18,0,6682000,-6056800,625200
2012/01/19,0,0,0,0
2012/01/20,0,0,0,0
2012/01/23,0,0,0,0
2012/01/24,0,0,0,0
2012/01/25,0,0,0,0
2012/01/26,0,0,0,0
2012/01/27,0,0,0,0
2012/01/30,0,13163383,-23345267,-10181884
2012/01/31,0,16093655,-21310052,-5216397
2012/02/01,0,3516000,-19879393,-16363393
2012/02/02,0,3617100,-14536587,-10919487
2012/02/03,0,7063000,-5344390,1718610
2012/02/06,0,8967000,-5570420,3396580
2012/02/07,0,5135608,-4888000,247608
2012/02/08,0,4338000,-3750000,588000
2012/02/09,0,4362000,-6926662,-2564662
2012/02/10,0,5755000,-10495300,-4740300
2012/02/13,0,6581000,-4024700,2556300
2012/02/14,0,5898972,-6399500,-500528
2012/02/15,0,4592000,-4184000,408000
2012/02/16,0,2763000,-937300,1825700
2012/02/17,0,3381000,-3814400,-433400
2012/02/20,0,1379924,-1638000,-258076
2012/02/21,0,1625673,-2703055,-1077382
2012/02/22,0,7923000,-3761600,4161400
2012/02/23,0,4843100,-4719909,123191
2012/02/24,0,3655200,-4976000,-1320800
2012/02/27,0,0,0,0
2012/02/28,0,0,0,0
2012/02/29,0,11772715,-5239200,6533515
2012/03/01,0,2556785,-1891471,665314
2012/03/02,0,2696270,-371589,2324681
2012/03/05,0,961000,-571000,390000
2012/03/06,0,1191389,-1210700,-19311
2012/03/07,0,4334000,-2131200,2202800
2012/03/08,0,4125000,-4228000,-103000
2012/03/09,0,1553000,-1047000,506000
2012/03/12,0,626000,-5901300,-5275300
2012/03/13,0,2721000,-2663800,57200
2012/03/14,0,4639850,-1335013,3304837
2012/03/15,0,2108100,-2604000,-495900
2012/03/16,0,1263000,-1696800,-433800
2012/03/19,0,2278000,-2222029,55971
2012/03/20,0,2473000,-1770000,703000
2012/03/21,0,3675577,-2339377,1336200
2012/03/22,0,5732000,-3725300,2006700
2012/03/23,0,2967000,-1249355,1717645
2012/03/26,0,2385200,-2733400,-348200
2012/03/27,0,4456647,-2151796,2304851
2012/03/28,0,4218000,-2053654,2164346
2012/03/29,0,9030000,-3772100,5257900
2012/03/30,0,5569974,-2284000,3285974
2012/04/02,0,3481100,-1352200,2128900
2012/04/03,0,4125699,-590400,3535299
2012/04/04,0,0,0,0
2012/04/05,0,1583000,-4019000,-2436000
2012/04/06,0,661000,-3663640,-3002640
2012/04/09,0,3021100,-3236000,-214900
2012/04/10,0,6917100,-10112715,-3195615
2012/04/11,0,3301000,-5531455,-2230455
2012/04/12,0,4333000,-5373025,-1040025
2012/04/13,0,6203656,-6873096,-669440
2012/04/16,0,1717000,-2473000,-756000
2012/04/17,0,1095000,-2864000,-1769000
2012/04/18,0,3027000,-5482000,-2455000
2012/04/19,0,4161000,-3998000,163000
2012/04/20,0,3628270,-2600499,1027771
2012/04/23,0,5542397,-3703500,1838897
2012/04/24,0,5391000,-1697000,3694000
2012/04/25,0,2150000,-1210000,940000
2012/04/26,0,1188000,-844100,343900
2012/04/27,0,2935000,-2456940,478060
2012/04/30,0,4096000,-2075715,2020285
2012/05/01,0,0,0,0
2012/05/02,0,4155700,-1581000,2574700
2012/05/03,0,4371000,-731500,3639500
2012/05/04,0,5287000,-778250,4508750
2012/05/07,0,3998000,-2889320,1108680
2012/05/08,0,4997000,-1221400,3775600
2012/05/09,0,13018000,-8094000,4924000
2012/05/10,0,10466699,-6769991,3696708
2012/05/11,0,10046428,-2315000,7731428
2012/05/14,0,5218000,-958000,4260000
2012/05/15,0,6305280,-1543503,4761777
2012/05/16,0,5084200,-1526000,3558200
2012/05/17,0,4345000,-1404000,2941000
2012/05/18,0,4644000,-1883000,2761000
2012/05/21,0,6696344,-936000,5760344
2012/05/22,0,5255000,-1684010,3570990
2012/05/23,0,3672200,-1922000,1750200
2012/05/24,0,8278000,-6171900,2106100
2012/05/25,0,12015000,-7981900,4033100
2012/05/28,0,3448000,-772000,2676000
2012/05/29,0,4201000,-2097000,2104000
2012/05/30,0,8707450,-4729707,3977743
2012/05/31,0,8258256,-4015833,4242423
2012/06/01,0,2376000,-1434221,941779
2012/06/04,0,2769817,-1557300,1212517
2012/06/05,0,1950000,-961000,989000
2012/06/06,0,3962000,-1080000,2882000
2012/06/07,0,2618057,-1873000,745057
2012/06/08,0,3429563,-3364090,65473
2012/06/11,0,2789194,-444003,2345191
2012/06/12,0,5019000,-1078000,3941000
2012/06/13,0,5064692,-1801246,3263446
2012/06/14,0,2554486,-1793068,761418
2012/06/15,0,7273000,-6995731,277269
2012/06/18,0,11735964,-2431000,9304964
2012/06/19,0,4055030,-1029000,3026030
2012/06/20,0,14819778,-2486000,12333778
2012/06/21,0,13657894,-1167000,12490894
2012/06/22,0,4448226,-2358000,2090226
2012/06/25,0,1310000,-1670100,-360100
2012/06/26,0,6200000,-3065234,3134766
2012/06/27,0,3783600,-693000,3090600
2012/06/28,0,8074700,-4073518,4001182
2012/06/29,0,6083000,-1470000,4613000
2012/07/02,0,5125000,-2002000,3123000
2012/07/03,0,9416798,-1813000,7603798
2012/07/04,0,2328024,-1621763,706261
2012/07/05,0,2090000,-950600,1139400
2012/07/06,0,4059000,-764764,3294236
2012/07/09,0,3212000,-638900,2573100
2012/07/10,0,2420020,-2261000,159020
2012/07/11,0,4209000,-3400900,808100
2012/07/12,0,2294000,-2092900,201100
2012/07/13,0,1401142,-1005996,395146
2012/07/16,0,3171000,-1490000,1681000
2012/07/17,0,3788000,-1047500,2740500
2012/07/18,0,5436000,-1975018,3460982
2012/07/19,0,3864000,-1865018,1998982
2012/07/20,0,4063000,-433784,3629216
2012/07/23,0,3073000,-1662800,1410200
2012/07/24,0,4265000,-1280818,2984182
2012/07/25,0,2776000,-3785300,-1009300
2012/07/26,0,2531000,-1120588,1410412
2012/07/27,0,3027000,-1228000,1799000
2012/07/30,0,3702941,-176000,3526941
2012/07/31,0,6438000,-2082387,4355613
2012/08/01,0,3905000,-818000,3087000
2012/08/02,0,0,0,0
2012/08/03,0,6750434,-1782388,4968046
2012/08/06,0,5394000,-3265000,2129000
2012/08/07,0,5721000,-2237600,3483400
2012/08/08,0,4646433,-3190099,1456334
2012/08/09,0,6247600,-2070100,4177500
2012/08/10,0,4212000,-4152240,59760
2012/08/13,0,2313000,-1446000,867000
2012/08/14,0,4958154,-2090150,2868004
2012/08/15,0,4223000,-3085100,1137900
2012/08/16,0,5538000,-3536000,2002000
2012/08/17,0,5411000,-3406945,2004055
2012/08/20,0,1485000,-1675000,-190000
2012/08/21,0,2374534,-1061886,1312648
2012/08/22,0,2280774,-2302800,-22026
2012/08/23,0,1118361,-358100,760261
2012/08/24,0,999000,-551044,447956
2012/08/27,0,2219000,-1171000,1048000
2012/08/28,0,3466957,-735711,2731246
2012/08/29,0,1348000,-833016,514984
2012/08/30,0,2400000,-2440600,-40600
2012/08/31,0,2389088,-1338843,1050245
2012/09/03,0,1258000,-828200,429800
2012/09/04,0,1856000,-3830529,-1974529
2012/09/05,0,4000000,-4593000,-593000
2012/09/06,0,1766000,-2928556,-1162556
2012/09/07,0,2663428,-1291258,1372170
2012/09/10,0,1385189,-829346,555843
2012/09/11,0,1626000,-1734680,-108680
2012/09/12,0,2767000,-1990000,777000
2012/09/13,0,1590000,-2365097,-775097
2012/09/14,0,3108000,-3108373,-373
2012/09/17,0,2685000,-3282000,-597000
2012/09/18,0,4365000,-1798352,2566648
2012/09/19,0,4576000,-1889359,2686641
2012/09/20,0,3154000,-691398,2462602
2012/09/21,0,5559200,-2480000,3079200
2012/09/24,0,3399500,-375000,3024500
2012/09/25,0,1552000,-984086,567914
2012/09/26,0,1692000,-1492000,200000
2012/09/27,0,2585000,-2969194,-384194
2012/09/28,0,2448000,-1511164,936836
2012/10/01,0,762000,-975000,-213000
2012/10/02,0,1943000,-928000,1015000
2012/10/03,0,1105000,-1317100,-212100
2012/10/04,0,2150000,-1075194,1074806
2012/10/05,0,1726000,-1269000,457000
2012/10/08,0,1206500,-954400,252100
2012/10/09,0,3974669,-2212000,1762669
2012/10/10,0,0,0,0
2012/10/11,0,2832000,-4845889,-2013889
2012/10/12,0,1050000,-4467800,-3417800
2012/10/15,0,1449000,-3055000,-1606000
2012/10/16,0,1350000,-3896669,-2546669
2012/10/17,0,2310600,-5618540,-3307940
2012/10/18,0,3318000,-2528000,790000
2012/10/19,0,2024000,-2580000,-556000
2012/10/22,0,785000,-3508649,-2723649
2012/10/23,0,806700,-2599317,-1792617
2012/10/24,0,2017000,-3482841,-1465841
2012/10/25,0,2294000,-1337000,957000
2012/10/26,0,797000,-2383000,-1586000
2012/10/29,0,1514700,-2971000,-1456300
2012/10/30,0,2568500,-5200200,-2631700
2012/10/31,0,1423000,-6178400,-4755400
2012/11/01,0,1071100,-3407600,-2336500
2012/11/02,0,2102000,-4321000,-2219000
2012/11/05,0,4556000,-6071000,-1515000
2012/11/06,0,1439000,-4293360,-2854360
2012/11/07,0,1576900,-3419900,-1843000
2012/11/08,0,1172000,-2881000,-1709000
2012/11/09,0,2877000,-4002100,-1125100
2012/11/12,0,1200000,-3446000,-2246000
2012/11/13,0,1441000,-2764000,-1323000
2012/11/14,0,2612000,-2774000,-162000
2012/11/15,0,717000,-2529000,-1812000
2012/11/16,0,1737000,-2984000,-1247000
2012/11/19,0,613000,-2371000,-1758000
2012/11/20,0,1441000,-2279184,-838184
2012/11/21,0,1945000,-2623000,-678000
2012/11/22,0,1713000,-3045192,-1332192
2012/11/23,0,2805000,-3021719,-216719
2012/11/26,0,1772000,-3116000,-1344000
2012/11/27,0,3018000,-3238000,-220000
2012/11/28,0,2778000,-5363900,-2585900
2012/11/29,0,4735000,-7474000,-2739000
2012/11/30,0,4572800,-5764798,-1191998
2012/12/03,0,2231000,-6975900,-4744900
2012/12/04,0,2212854,-3425985,-1213131
2012/12/05,0,2709000,-1339000,1370000
2012/12/06,0,1846000,-3142256,-1296256
2012/12/07,0,2072000,-1330149,741851
2012/12/10,0,2135058,-1108229,1026829
2012/12/11,0,3192827,-2748100,444727
2012/12/12,0,2741000,-3451000,-710000
2012/12/13,0,2078708,-2362000,-283292
2012/12/14,0,1640868,-2528220,-887352
2012/12/17,0,1998000,-4145016,-2147016
2012/12/18,0,2480000,-1757000,723000
2012/12/19,0,1934000,-878700,1055300
2012/12/20,0,1215000,-2625070,-1410070
2012/12/21,0,1708000,-2511000,-803000
2012/12/24,0,587000,-1417800,-830800
2012/12/25,0,712000,-44000,668000
2012/12/26,0,899000,-156000,743000
2012/12/27,0,3689209,-3453548,235661
2012/12/28,0,1874000,-3110000,-1236000
2012/12/31,0,0,0,0
2013/01/01,0,0,0,0
2013/01/02,0,1908000,-4229454,-2321454
2013/01/03,0,1399000,-4234546,-2835546
2013/01/04,0,2414000,-4550202,-2136202
2013/01/07,0,2093000,-1373300,719700
2013/01/08,0,1237000,-1076000,161000
2013/01/09,0,6432409,-6013000,419409
2013/01/10,0,11933000,-7464802,4468198
2013/01/11,0,2473000,-3333509,-860509
2013/01/14,0,849000,-3762493,-2913493
2013/01/15,0,1933000,-2481000,-548000
2013/01/16,0,2910600,-3827924,-917324
2013/01/17,0,2512300,-2633671,-121371
2013/01/18,0,1294615,-571254,723361
2013/01/21,0,421800,-916500,-494700
2013/01/22,0,1016000,-1264091,-248091
2013/01/23,0,1086000,-2098899,-1012899
2013/01/24,0,837000,-1511300,-674300
2013/01/25,0,2848432,-1504909,1343523
2013/01/28,0,788000,-1022850,-234850
2013/01/29,0,5570000,-2341970,3228030
2013/01/30,0,3610900,-2144700,1466200
2013/01/31,0,1622118,-4137099,-2514981
2013/02/01,0,1811000,-5003152,-3192152
2013/02/04,0,1560725,-2176577,-615852
2013/02/05,0,4843500,-8875000,-4031500
2013/02/06,0,546082,-4517130,-3971048
2013/02/07,0,0,0,0
2013/02/08,0,0,0,0
2013/02/11,0,0,0,0
2013/02/12,0,0,0,0
2013/02/13,0,0,0,0
2013/02/14,0,0,0,0
2013/02/15,0,0,0,0
2013/02/18,0,4933953,-6406732,-1472779
2013/02/19,0,1065174,-5158288,-4093114
2013/02/20,0,1460726,-5731700,-4270974
2013/02/21,0,2197800,-14200326,-12002526
2013/02/22,0,1607000,-10132000,-8525000
2013/02/25,0,2172600,-2860615,-688015
2013/02/26,0,3472000,-5184309,-1712309
2013/02/27,0,3801100,-3221672,579428
2013/02/28,0,0,0,0
2013/03/01,0,2592000,-3859000,-1267000
2013/03/04,0,1411000,-7639000,-6228000
2013/03/05,0,1473000,-3019600,-1546600
2013/03/06,0,707000,-1724800,-1017800
2013/03/07,0,3001000,-4059050,-1058050
2013/03/08,0,1086200,-3908400,-2822200
2013/03/11,0,2525000,-4875000,-2350000
2013/03/12,0,1228000,-5342901,-4114901
2013/03/13,0,2776000,-3097000,-321000
2013/03/14,0,5595000,-7224146,-1629146
2013/03/15,0,1510001,-5649636,-4139635
2013/03/18,0,485000,-4338200,-3853200
2013/03/19,0,1182000,-3205582,-2023582
2013/03/20,0,1542000,-5369205,-3827205
2013/03/21,0,1525800,-3732300,-2206500
2013/03/22,0,1887655,-3660476,-1772821
2013/03/25,0,1466000,-1159000,307000
2013/03/26,0,2253407,-1959853,293554
2013/03/27,0,1403000,-1908994,-505994
2013/03/28,0,1807223,-1405203,402020
2013/03/29,0,1466000,-1655000,-189000
2013/04/01,0,301298,-283000,18298
2013/04/02,0,981262,-839000,142262
2013/04/03,0,1072000,-2544000,-1472000
2013/04/04,0,0,0,0
2013/04/05,0,0,0,0
2013/04/08,0,1085800,-2020897,-935097
2013/04/09,0,1004453,-5944753,-4940300
2013/04/10,0,1431000,-6921000,-5490000
2013/04/11,0,1143457,-1846988,-703531
2013/04/12,0,1841000,-1443000,398000
2013/04/15,0,1564075,-994000,570075
2013/04/16,0,5857498,-5170941,686557
2013/04/17,0,2751000,-2990000,-239000
2013/04/18,0,1472400,-1536400,-64000
2013/04/19,0,3613000,-1821000,1792000
2013/04/22,0,1119085,-887700,231385
2013/04/23,0,1091060,-624000,467060
2013/04/24,0,1289000,-546529,742471
2013/04/25,0,1004000,-682000,322000
2013/04/26,0,2360000,-5173000,-2813000
2013/04/29,0,3590000,-1154000,2436000
2013/04/30,0,3149300,-665000,2484300
2013/05/01,0,0,0,0
2013/05/02,0,2919035,-698531,2220504
2013/05/03,0,5186000,-2230874,2955126
2013/05/06,0,3292000,-1605187,1686813
2013/05/07,0,2408000,-790203,1617797
2013/05/08,0,3919367,-965135,2954232
2013/05/09,0,2347087,-438000,1909087
2013/05/10,0,1949700,-358600,1591100
2013/05/13,0,1408000,-417680,990320
2013/05/14,0,3114040,-574775,2539265
2013/05/15,0,6514000,-1179320,5334680
2013/05/16,0,7202000,-2354000,4848000
2013/05/17,0,2938000,-1001000,1937000
2013/05/20,0,1559800,-1090000,469800
2013/05/21,0,2270000,-1115597,1154403
2013/05/22,0,3069000,-720300,2348700
2013/05/23,0,4283000,-1905850,2377150
2013/05/24,0,4120942,-3704000,416942
2013/05/27,0,1149929,-557000,592929
2013/05/28,0,2300000,-2017566,282434
2013/05/29,0,3366000,-1720000,1646000
2013/05/30,0,6345000,-10264733,-3919733
2013/05/31,0,5387100,-8572665,-3185565
2013/06/03,0,3216000,-5005000,-1789000
2013/06/04,0,3184000,-3167000,17000
2013/06/05,0,1971000,-6342056,-4371056
2013/06/06,0,1685351,-3396700,-1711349
2013/06/07,0,3202000,-4110515,-908515
2013/06/10,0,4958000,-3391000,1567000
2013/06/11,0,10235000,-7948000,2287000
2013/06/12,0,0,0,0
2013/06/13,0,3271000,-10601279,-7330279
2013/06/14,0,5117000,-3257000,1860000
2013/06/17,0,2928000,-2632338,295662
2013/06/18,0,4272775,-1788186,2484589
2013/06/19,0,2293200,-1123474,1169726
2013/06/20,0,4705000,-3327850,1377150
2013/06/21,0,5077000,-4351780,725220
2013/06/24,0,2435000,-1735100,699900
2013/06/25,0,5410000,-4378915,1031085
2013/06/26,0,4550756,-5551813,-1001057
2013/06/27,0,4840244,-4085200,755044
2013/06/28,0,3431000,-2205308,1225692
2013/07/01,0,1650000,-3509000,-1859000
2013/07/02,0,1505420,-2912060,-1406640
2013/07/03,0,3538380,-1659100,1879280
2013/07/04,0,1301000,-153000,1148000
2013/07/05,0,5780000,-866000,4914000
2013/07/08,0,4331000,-2463000,1868000
2013/07/09,0,2221000,-630793,1590207
2013/07/10,0,1879000,-247000,1632000
2013/07/11,0,4924761,-575000,4349761
2013/07/12,0,2882000,-462000,2420000
2013/07/15,0,2898876,-642090,2256786
2013/07/16,0,2844000,-126000,2718000
2013/07/17,0,2216000,-887000,1329000
2013/07/18,0,2810000,-213100,2596900
2013/07/19,0,3158310,-816145,2342165
2013/07/22,0,3542997,-480855,3062142
2013/07/23,0,6401100,-1882600,4518500
2013/07/24,0,2858000,-2201000,657000
2013/07/25,0,1706000,-2040000,-334000
2013/07/26,0,1630000,-726000,904000
2013/07/29,0,735000,-585382,149618
2013/07/30,0,2043000,-234000,1809000
2013/07/31,0,1782000,-941000,841000
2013/08/01,0,1134000,-439000,695000
2013/08/02,0,1140760,-1198000,-57240
2013/08/05,0,1031420,-362000,669420
2013/08/06,0,707000,-1448399,-741399
2013/08/07,0,456000,-2231000,-1775000
2013/08/08,0,817267,-1565000,-747733
2013/08/09,0,1116000,-1728811,-612811
2013/08/12,0,539000,-577000,-38000
2013/08/13,0,1298700,-1089600,209100
2013/08/14,0,1165227,-2379000,-1213773
2013/08/15,0,980000,-2166792,-1186792
2013/08/16,0,924402,-2385000,-1460598
2013/08/19,0,1419000,-1825000,-406000
2013/08/20,0,347545,-1183744,-836199
2013/08/21,0,0,0,0
2013/08/22,0,1232545,-3282378,-2049833
2013/08/23,0,1076000,-3594500,-2518500
2013/08/26,0,1601000,-6504000,-4903000
2013/08/27,0,916000,-1668960,-752960
2013/08/28,0,632000,-790900,-158900
2013/08/29,0,913840,-1806000,-892160
2013/08/30,0,1365318,-2565654,-1200336
2013/09/02,0,1046000,-1971000,-925000
2013/09/03,0,2107000,-4160000,-2053000
2013/09/04,0,3484000,-3919400,-435400
2013/09/05,0,2419875,-1828300,591575
2013/09/06,0,1711000,-1881000,-170000
2013/09/09,0,2925000,-2934000,-9000
2013/09/10,0,1943000,-1985151,-42151
2013/09/11,0,2171000,-1925194,245806
2013/09/12,0,1956000,-1233000,723000
2013/09/13,0,1492000,-2067348,-575348
2013/09/16,0,1796000,-1129000,667000
2013/09/17,0,2044000,-1843253,200747
2013/09/18,0,2115976,-3845000,-1729024
2013/09/19,0,0,0,0
2013/09/20,0,0,0,0
2013/09/23,0,2369000,-2546243,-177243
2013/09/24,0,1937000,-2659292,-722292
2013/09/25,0,2428000,-5967000,-3539000
2013/09/26,0,1878000,-6507800,-4629800
2013/09/27,0,2378000,-2719527,-341527
2013/09/30,0,1635000,-2999455,-1364455
2013/10/01,0,1384000,-2083732,-699732
2013/10/02,0,892480,-1912505,-1020025
2013/10/03,0,2821060,-2863400,-42340
2013/10/04,0,4574000,-4839900,-265900
2013/10/07,0,2820509,-2585733,234776
2013/10/08,0,1249700,-7133216,-5883516
2013/10/09,0,2306000,-9657050,-7351050
2013/10/10,0,0,0,0
2013/10/11,0,2830000,-14345880,-11515880
2013/10/14,0,1729000,-3325584,-1596584
2013/10/15,0,1221000,-3197595,-1976595
2013/10/16,0,1400000,-3908600,-2508600
2013/10/17,0,965000,-6630893,-5665893
2013/10/18,0,2341000,-8970630,-6629630
2013/10/21,0,1830000,-15106645,-13276645
2013/10/22,0,3948000,-15434304,-11486304
2013/10/23,0,7975595,-3936000,4039595
2013/10/24,0,3333000,-7510800,-4177800
2013/10/25,0,6864700,-9060400,-2195700
2013/10/28,0,6399000,-7693000,-1294000
2013/10/29,0,8176000,-10776329,-2600329
2013/10/30,0,6482304,-2755500,3726804
2013/10/31,0,10586000,-3479300,7106700
2013/11/01,0,8717000,-6336000,2381000
2013/11/04,0,3740000,-3478100,261900
2013/11/05,0,2127000,-5691188,-3564188
2013/11/06,0,4974000,-4769264,204736
2013/11/07,0,9305000,-9782500,-477500
2013/11/08,0,2353000,-2764000,-411000
2013/11/11,0,954000,-2772600,-1818600
2013/11/12,0,4998000,-6949000,-1951000
2013/11/13,0,3703306,-12737533,-9034227
2013/11/14,0,3084681,-3671566,-586885
2013/11/15,0,1685000,-3241092,-1556092
2013/11/18,0,3095000,-3560500,-465500
2013/11/19,0,5497107,-6455547,-958440
2013/11/20,0,1859317,-2968000,-1108683
2013/11/21,0,1561776,-3105000,-1543224
2013/11/22,0,751000,-1709000,-958000
2013/11/25,0,3355000,-4526146,-1171146
2013/11/26,0,2424131,-4735169,-2311038
2013/11/27,0,1859509,-2386822,-527313
2013/11/28,0,11164000,-12737261,-1573261
2013/11/29,0,2320000,-2842000,-522000
2013/12/02,0,1290509,-1688000,-397491
2013/12/03,0,1384182,-3128294,-1744112
2013/12/04,0,2139000,-2032000,107000
2013/12/05,0,785000,-1291000,-506000
2013/12/06,0,1657000,-3582717,-1925717
2013/12/09,0,1231610,-2431286,-1199676
2013/12/10,0,1110000,-2899000,-1789000
2013/12/11,0,3497000,-3098187,398813
2013/12/12,0,4625000,-5754392,-1129392
2013/12/13,0,4280000,-5447217,-1167217
2013/12/16,0,2510000,-8114459,-5604459
2013/12/17,0,3183000,-1883415,1299585
2013/12/18,0,914000,-2656000,-1742000
2013/12/19,0,2767000,-2103740,663260
2013/12/20,0,1392000,-1045292,346708
2013/12/23,0,684032,-1108032,-424000
2013/12/24,0,276000,-505088,-229088
2013/12/25,0,305000,-228600,76400
2013/12/26,0,96000,-19000,77000
2013/12/27,0,730000,-248000,482000
2013/12/30,0,1158000,-233000,925000
2013/12/31,0,502000,-1237000,-735000
2014/01/02,0,361905,-398957,-37052
2014/01/03,0,980000,-839424,140576
2014/01/06,0,914893,-1266680,-351787
2014/01/07,0,739000,-1130000,-391000
2014/01/08,0,451000,-1063200,-612200
2014/01/09,0,1259000,-2887000,-1628000
2014/01/10,0,1304000,-1402459,-98459
2014/01/13,0,1734125,-1113000,621125
2014/01/14,0,1696000,-3477279,-1781279
2014/01/15,0,802000,-4216686,-3414686
2014/01/16,0,1741000,-2477317,-736317
2014/01/17,0,4076509,-4180713,-104204
2014/01/20,0,1873000,-5294000,-3421000
2014/01/21,0,2289000,-4532847,-2243847
2014/01/22,0,2324000,-6266500,-3942500
2014/01/23,0,1413000,-2178000,-765000
2014/01/24,0,2197000,-8960787,-6763787
2014/01/27,0,2978000,-11622908,-8644908
2014/02/05,0,3337450,-17334306,-13996856
2014/02/06,0,2977000,-7222090,-4245090
2014/02/07,0,3254000,-5120108,-1866108
2014/02/10,0,1949000,-3152799,-1203799
2014/02/11,0,1694000,-5301600,-3607600
2014/02/12,0,1472300,-3552960,-2080660
2014/02/13,0,1407000,-3133820,-1726820
2014/02/14,0,1672000,-1543510,128490
2014/02/17,0,337000,-2247500,-1910500
2014/02/18,0,788000,-1811252,-1023252
2014/02/19,0,3008000,-3478946,-470946
2014/02/20,0,2281818,-2560443,-278625
2014/02/21,0,4237000,-1988700,2248300
2014/02/24,0,312000,-848474,-536474
2014/02/25,0,714000,-2227900,-1513900
2014/02/26,0,1991000,-2156500,-165500
2014/02/27,0,1619230,-1580673,38557
2014/03/03,0,1573700,-7017789,-5444089
2014/03/04,0,999000,-4081000,-3082000
2014/03/05,0,474000,-2825775,-2351775
2014/03/06,0,933000,-2245200,-1312200
2014/03/07,0,1386000,-1512000,-126000
2014/03/10,0,981000,-2898520,-1917520
2014/03/11,0,655000,-1757439,-1102439
2014/03/12,0,992000,-2804101,-1812101
2014/03/13,0,897000,-1900420,-1003420
2014/03/14,0,1045000,-3080000,-2035000
2014/03/17,0,880000,-750600,129400
2014/03/18,0,3667000,-1805510,1861490
2014/03/19,0,3096000,-1968000,1128000
2014/03/20,0,2461000,-3124000,-663000
2014/03/21,0,1138000,-3092000,-1954000
2014/03/24,0,1162253,-1262155,-99902
2014/03/25,0,840000,-2715059,-1875059
2014/03/26,0,386000,-1075000,-689000
2014/03/27,0,2378000,-1159542,1218458
2014/03/28,0,2457000,-534000,1923000
2014/03/31,0,1304893,-1104000,200893
2014/04/01,0,1814000,-1188389,625611
2014/04/02,0,1422000,-2968000,-1546000
2014/04/03,0,1685000,-1319200,365800
2014/04/07,0,1876000,-1713639,162361
2014/04/08,0,1001420,-387500,613920
2014/04/09,0,2277000,-1161000,1116000
2014/04/10,0,1502420,-549000,953420
2014/04/11,0,1832000,-460000,1372000
2014/04/14,0,1237000,-747492,489508
2014/04/15,0,2884000,-1160260,1723740
2014/04/16,0,2552000,-2031121,520879
2014/04/17,0,882000,-1436000,-554000
2014/04/18,0,559000,-57000,502000
2014/04/21,0,170000,-26000,144000
2014/04/22,0,551000,-809000,-258000
2014/04/23,0,1140639,-880000,260639
2014/04/24,0,1000000,-888000,112000
2014/04/25,0,937000,-623000,314000
2014/04/28,0,1440000,-423000,1017000
2014/04/29,0,1843000,-1127000,716000
2014/04/30,0,4477550,-2328919,2148631
2014/05/02,0,1538000,-1400000,138000
2014/05/05,0,287808,-194000,93808
2014/05/06,0,315000,-980000,-665000
2014/05/07,0,890000,-1222000,-332000
2014/05/08,0,2748000,-1075000,1673000
2014/05/09,0,766000,-534000,232000
2014/05/12,0,897420,-2031400,-1133980
2014/05/13,0,2048000,-2265000,-217000
2014/05/14,0,2954000,-2741000,213000
2014/05/15,0,2257000,-401000,1856000
2014/05/16,0,2917000,-2821000,96000
2014/05/19,0,797000,-930631,-133631
2014/05/20,0,3736000,-1982310,1753690
2014/05/21,0,4213000,-796000,3417000
2014/05/22,0,3706000,-483000,3223000
2014/05/23,0,2718000,-704100,2013900
2014/05/26,0,879000,-261000,618000
2014/05/27,0,266000,-580000,-314000
2014/05/28,0,1642000,-1570200,71800
2014/05/29,0,6811000,-6928000,-117000
2014/05/30,0,5053000,-4293374,759626
2014/06/03,0,3735000,-2496000,1239000
2014/06/04,0,3010000,-2896000,114000
2014/06/05,0,1218000,-1591000,-373000
2014/06/06,0,1562000,-1653000,-91000
2014/06/09,0,1933000,-2213490,-280490
2014/06/10,0,2746461,-1524000,1222461
2014/06/11,0,780000,-2329403,-1549403
2014/06/12,0,1043000,-1228000,-185000
2014/06/13,0,1494000,-1239000,255000
2014/06/16,0,1140000,-1870483,-730483
2014/06/17,0,967000,-1104000,-137000
2014/06/18,0,3165000,-2912000,253000
2014/06/19,0,2093822,-1232840,860982
2014/06/20,0,1498200,-1424700,73500
2014/06/23,0,1244000,-1964124,-720124
2014/06/24,0,1667000,-606923,1060077
2014/06/25,0,578000,-1065573,-487573
2014/06/26,0,2187252,-2675000,-487748
2014/06/27,0,1451000,-901000,550000
2014/06/30,0,966000,-1394588,-428588
2014/07/01,0,1859000,-2310000,-451000
2014/07/02,0,2447840,-2537000,-89160
2014/07/03,0,514000,-2325000,-1811000
2014/07/04,0,585217,-4743000,-4157783
2014/07/07,0,1479227,-1580000,-100773
2014/07/08,0,1953000,-1142300,810700
2014/07/09,0,1155000,-328000,827000
2014/07/10,0,1695323,-2104870,-409547
2014/07/11,0,1914025,-876000,1038025
2014/07/14,0,1767000,-1728000,39000
2014/07/15,0,1526417,-1210900,315517
2014/07/16,0,3098000,-1241000,1857000
2014/07/17,0,4212588,-2332000,1880588
2014/07/18,0,3272000,-600000,2672000
2014/07/21,0,3760000,-2535500,1224500
2014/07/22,0,1388900,-654000,734900
2014/07/23,0,0,0,0
2014/07/24,0,861340,-810000,51340
2014/07/25,0,805000,-207000,598000
2014/07/28,0,1476000,-396000,1080000
2014/07/29,0,2696000,-535000,2161000
2014/07/30,0,1850000,-726200,1123800
2014/07/31,0,1880000,-1738000,142000
2014/08/01,0,2052400,-1415400,637000
2014/08/04,0,1995051,-1201000,794051
2014/08/05,0,2255000,-3552492,-1297492
2014/08/06,0,2335000,-931000,1404000
2014/08/07,0,4392156,-1314885,3077271
2014/08/08,0,3824000,-1023072,2800928
2014/08/11,0,2914000,-578000,2336000
2014/08/12,0,1900000,-804733,1095267
2014/08/13,0,2830000,-231000,2599000
2014/08/14,0,2413000,-1383300,1029700
2014/08/15,0,2255000,-477000,1778000
2014/08/18,0,668000,-345000,323000
2014/08/19,0,1972622,-1020000,952622
2014/08/20,0,3273491,-1369000,1904491
2014/08/21,0,2770000,-523000,2247000
2014/08/22,0,5571064,-125000,5446064
2014/08/25,0,1432000,-229000,1203000
2014/08/26,0,2845188,-838000,2007188
2014/08/27,0,2774000,-576000,2198000
2014/08/28,0,1907131,-575400,1331731
2014/08/29,0,3432000,-3902000,-470000
2014/09/01,0,7524000,-9800000,-2276000
2014/09/02,0,2717000,-11411128,-8694128
2014/09/03,0,2669238,-4215819,-1546581
2014/09/04,0,1744101,-2666900,-922799
2014/09/05,0,1063000,-1648735,-585735
2014/09/09,0,554289,-2190800,-1636511
2014/09/10,0,1238829,-2630000,-1391171
2014/09/11,0,2037000,-4899000,-2862000
2014/09/12,0,499427,-910000,-410573
2014/09/15,0,1241000,-2085000,-844000
2014/09/16,0,445330,-2204000,-1758670
2014/09/17,0,1805000,-2703000,-898000
2014/09/18,0,866073,-1707200,-841127
2014/09/19,0,1640000,-2263669,-623669
2014/09/22,0,479000,-3439000,-2960000
2014/09/23,0,443000,-2410000,-1967000
2014/09/24,0,2554057,-1241000,1313057
2014/09/25,0,672000,-2995218,-2323218
2014/09/26,0,7342474,-1798000,5544474
2014/09/29,0,4932000,-4050249,881751
2014/09/30,0,4053000,-2524500,1528500
2014/10/01,0,3255545,-3360176,-104631
2014/10/02,0,4025391,-3151263,874128
2014/10/03,0,4203420,-1894000,2309420
2014/10/06,0,1662411,-1482200,180211
2014/10/07,0,4855000,-1302195,3552805
2014/10/08,0,2698663,-1268859,1429804
2014/10/09,0,5780300,-1771840,4008460
2014/10/13,0,6565000,-1711000,4854000
2014/10/14,0,6109000,-2254000,3855000
2014/10/15,0,10522092,-2788009,7734083
2014/10/16,0,11804000,-2266585,9537415
2014/10/17,0,11385500,-3781000,7604500
2014/10/20,0,7034000,-1617166,5416834
2014/10/21,0,3640009,-2132107,1507902
2014/10/22,0,2266420,-1248900,1017520
2014/10/23,0,2026420,-219000,1807420
2014/10/24,0,1993000,-1068900,924100
2014/10/27,0,2089000,-1929000,160000
2014/10/28,0,7032000,-6235100,796900
2014/10/29,0,6400261,-6207300,192961
2014/10/30,0,10465194,-240000,10225194
2014/10/31,0,3872389,-1014000,2858389
2014/11/03,0,3851000,-1569000,2282000
2014/11/04,0,4508000,-534000,3974000
2014/11/05,0,1487000,-863474,623526
2014/11/06,0,2769000,-95000,2674000
2014/11/07,0,1199000,-1267717,-68717
2014/11/10,0,3002417,-1002917,1999500
2014/11/11,0,1413000,-915000,498000
2014/11/12,0,1996696,-2140426,-143730
2014/11/13,0,2723001,-797001,1926000
2014/11/14,0,2353000,-1528525,824475
2014/11/17,0,915000,-1497000,-582000
2014/11/18,0,1829509,-850890,978619
2014/11/19,0,4267430,-1908001,2359429
2014/11/20,0,4266000,-4715286,-449286
2014/11/21,0,1971000,-2279000,-308000
2014/11/24,0,1102000,-845000,257000
2014/11/25,0,2862246,-2983729,-121483
2014/11/26,0,1237002,-818002,419000
2014/11/27,0,1346000,-560000,786000
2014/11/28,0,1427287,-892000,535287
2014/12/01,0,3870326,-3605985,264341
2014/12/02,0,5582856,-2169000,3413856
2014/12/03,0,5803000,-1173000,4630000
2014/12/04,0,4032432,-751000,3281432
2014/12/05,0,1671000,-2241000,-570000
2014/12/08,0,2833995,-2568100,265895
2014/12/09,0,3437695,-1825000,1612695
2014/12/10,0,2670113,-3462113,-792000
2014/12/11,0,3080000,-3454941,-374941
2014/12/12,0,3509509,-4765000,-1255491
2014/12/15,0,4395000,-5303158,-908158
2014/12/16,0,1934100,-1303567,630533
2014/12/17,0,3381217,-4892720,-1511503
2014/12/18,0,6669000,-6994924,-325924
2014/12/19,0,3469000,-1098105,2370895
2014/12/22,0,1794000,-2447000,-653000
2014/12/23,0,1967000,-2022000,-55000
2014/12/24,0,2166000,-2747000,-581000
2014/12/25,0,862000,-24000,838000
2014/12/26,0,462000,-10000,452000
2014/12/29,0,2186097,-695097,1491000
2014/12/30,0,3643013,-1160013,2483000
2014/12/31,0,2467000,-1299292,1167708
2015/01/01,0,0,0,0
2015/01/02,0,0,0,0
2015/01/05,0,4759000,-2312000,2447000
2015/01/06,0,5806000,-6118000,-312000
2015/01/07,0,2803158,-4441158,-1638000
2015/01/08,0,3067388,-1650988,1416400
2015/01/09,0,3092000,-890099,2201901
2015/01/12,0,3759000,-1860000,1899000
2015/01/13,0,7210000,-3170244,4039756
2015/01/14,0,5849000,-5024300,824700
2015/01/15,0,4862000,-3242600,1619400
2015/01/16,0,3484000,-2935651,548349
2015/01/19,0,3630000,-2250000,1380000
2015/01/20,0,1356000,-2491949,-1135949
2015/01/21,0,8951000,-7063150,1887850
2015/01/22,0,2579000,-2082842,496158
2015/01/23,0,3346000,-2556690,789310
2015/01/26,0,2349000,-2933827,-584827
2015/01/27,0,2692000,-2224000,468000
2015/01/28,0,2795000,-1385000,1410000
2015/01/29,0,2447000,-1737000,710000
2015/01/30,0,2442000,-4235000,-1793000
2015/02/02,0,2597350,-2933350,-336000
2015/02/03,0,1276000,-3837644,-2561644
2015/02/04,0,3086332,-5075000,-1988668
2015/02/05,0,2417000,-2662000,-245000
2015/02/06,0,1915000,-1747000,168000
2015/02/09,0,2213000,-1500000,713000
2015/02/10,0,2883000,-3143000,-260000
2015/02/11,0,1903924,-1786000,117924
2015/02/12,0,1798000,-2692000,-894000
2015/02/13,0,2844000,-2159901,684099
2015/02/16,0,0,0,0
2015/02/17,0,0,0,0
2015/02/18,0,0,0,0
2015/02/19,0,0,0,0
2015/02/20,0,0,0,0
2015/02/23,0,0,0,0
2015/02/24,0,4384000,-2198810,2185190
2015/02/25,0,4637000,-2482000,2155000
2015/02/26,0,5337000,-4593952,743048
2015/02/27,0,0,0,0
2015/03/02,0,3014000,-2067260,946740
2015/03/03,0,3159741,-1333894,1825847
2015/03/04,0,1819000,-1192000,627000
2015/03/05,0,2351000,-2217300,133700
2015/03/06,0,1326000,-2363500,-1037500
2015/03/09,0,1366000,-1772700,-406700
2015/03/10,0,2409948,-2197400,212548
2015/03/11,0,3501000,-1840000,1661000
2015/03/12,0,2064000,-1582466,481534
2015/03/13,0,3168000,-942000,2226000
2015/03/16,0,1201000,-1052220,148780
2015/03/17,0,3154000,-1889106,1264894
2015/03/18,0,3083000,-2335920,747080
2015/03/19,0,3435500,-2249076,1186424
2015/03/20,0,2684500,-939000,1745500
2015/03/23,0,1330000,-1293400,36600
2015/03/24,0,2778420,-2086989,691431
2015/03/25,0,2533000,-1832000,701000
2015/03/26,0,2596000,-2406100,189900
2015/03/27,0,2938000,-2187307,750693
2015/03/30,0,2321700,-1957440,364260
2015/03/31,0,4664000,-2538000,2126000
2015/04/01,0,2034000,-1920000,114000
2015/04/02,0,3134509,-1235000,1899509
2015/04/03,0,0,0,0
2015/04/06,0,0,0,0
2015/04/07,0,2838000,-3499000,-661000
2015/04/08,0,1354000,-2401286,-1047286
2015/04/09,0,1788000,-1025000,763000
2015/04/10,0,2160000,-3720000,-1560000
2015/04/13,0,1078000,-1315000,-237000
2015/04/14,0,4036900,-5246000,-1209100
2015/04/15,0,3641000,-13711000,-10070000
2015/04/16,0,3091000,-7841000,-4750000
2015/04/17,0,2332741,-5197000,-2864259
2015/04/20,0,1393513,-2201000,-807487
2015/04/21,0,997000,-756000,241000
2015/04/22,0,2938000,-2611000,327000
2015/04/23,0,2764000,-1723809,1040191
2015/04/24,0,8257951,-6159951,2098000
2015/04/27,0,2198000,-649000,1549000
2015/04/28,0,1968000,-692000,1276000
2015/04/29,0,1691000,-628000,1063000
2015/04/30,0,1962000,-2114107,-152107
2015/05/01,0,0,0,0
2015/05/04,0,439000,-624118,-185118
2015/05/05,0,879000,-694800,184200
2015/05/06,0,1250000,-759000,491000
2015/05/07,0,809000,-1209000,-400000
2015/05/08,0,842420,-1527500,-685080
2015/05/11,0,1067000,-1717500,-650500
2015/05/12,0,879000,-2722000,-1843000
2015/05/13,0,1817000,-2943362,-1126362
2015/05/14,0,1433950,-2555171,-1121221
2015/05/15,0,529000,-2129219,-1600219
2015/05/18,0,677000,-1103000,-426000
2015/05/19,0,1039470,-1088000,-48530
2015/05/20,0,700000,-1342000,-642000
2015/05/21,0,1135400,-3862704,-2727304
2015/05/22,0,979000,-1831000,-852000
2015/05/25,0,481000,-765000,-284000
2015/05/26,0,1745000,-1604000,141000
2015/05/27,0,845000,-1582420,-737420
2015/05/28,0,1581000,-3760741,-2179741
2015/05/29,0,4625283,-3874276,751007
2015/06/01,0,649000,-2422000,-1773000
2015/06/02,0,1740335,-4102000,-2361665
2015/06/03,0,2125000,-2967000,-842000
2015/06/04,0,6007000,-9596000,-3589000
2015/06/05,0,3929200,-6814014,-2884814
2015/06/08,0,2094000,-3061192,-967192
2015/06/09,0,3229000,-3279358,-50358
2015/06/10,0,1149000,-2057427,-908427
2015/06/11,0,1435000,-2592300,-1157300
2015/06/12,0,1519000,-1928558,-409558
2015/06/15,0,2012000,-2919000,-907000
2015/06/16,0,3032890,-4027000,-994110
2015/06/17,0,4035000,-6273422,-2238422
2015/06/18,0,2838000,-2571741,266259
2015/06/19,0,0,0,0
2015/06/22,0,2744216,-3321300,-577084
2015/06/23,0,1721000,-1982570,-261570
2015/06/24,0,696370,-1517420,-821050
2015/06/25,0,4677163,-5463000,-785837
2015/06/26,0,3662000,-2871000,791000
2015/06/29,0,4020350,-2066000,1954350
2015/06/30,0,4734734,-4980274,-245540
2015/07/01,0,3310000,-866101,2443899
2015/07/02,0,1966146,-2422000,-455854
2015/07/03,0,3015000,-2723000,292000
2015/07/06,0,2845000,-2343100,501900
2015/07/07,0,2742000,-2389201,352799
2015/07/08,0,2905000,-2872000,33000
2015/07/09,0,1615000,-2821643,-1206643
2015/07/10,0,0,0,0
2015/07/13,0,3472000,-4583055,-1111055
2015/07/14,0,2550000,-875430,1674570
2015/07/15,0,1598000,-1973665,-375665
2015/07/16,0,2052000,-1739266,312734
2015/07/17,0,940000,-1453000,-513000
2015/07/20,0,1530216,-3276939,-1746723
2015/07/21,0,1763000,-2440000,-677000
2015/07/22,0,3060000,-3654496,-594496
2015/07/23,0,1642000,-1311000,331000
2015/07/24,0,1417509,-892000,525509
2015/07/27,0,2006000,-2419000,-413000
2015/07/28,0,1956666,-1742000,214666
2015/07/29,0,1334000,-2615566,-1281566
2015/07/30,0,1408000,-1280000,128000
2015/07/31,0,3746182,-3111250,634932
2015/08/03,0,3752348,-3438000,314348
2015/08/04,0,3971000,-2428307,1542693
2015/08/05,0,2600904,-1077140,1523764
2015/08/06,0,1856000,-3162567,-1306567
2015/08/07,0,1338914,-1277000,61914
2015/08/10,0,358000,-519000,-161000
2015/08/11,0,1406241,-2375670,-969429
2015/08/12,0,474000,-1752844,-1278844
2015/08/13,0,1609000,-1758798,-149798
2015/08/14,0,1271000,-1360682,-89682
2015/08/17,0,712969,-1549514,-836545
2015/08/18,0,781000,-1712000,-931000
2015/08/19,0,3139216,-2841074,298142
2015/08/20,0,2340140,-3059006,-718866
2015/08/21,0,1751000,-2977000,-1226000
2015/08/24,0,3293000,-6037000,-2744000
2015/08/25,0,2754676,-5034292,-2279616
2015/08/26,0,2139000,-4881408,-2742408
2015/08/27,0,1619389,-4034000,-2414611
2015/08/28,0,1832000,-3352153,-1520153
2015/08/31,0,3872815,-6499730,-2626915
2015/09/01,0,2995990,-2346620,649370
2015/09/02,0,2962000,-2579770,382230
2015/09/03,0,2421000,-1239397,1181603
2015/09/04,0,894831,-2214901,-1320070
2015/09/07,0,3033000,-2944000,89000
2015/09/08,0,661000,-2348000,-1687000
2015/09/09,0,4033690,-4709110,-675420
2015/09/10,0,3016364,-2441026,575338
2015/09/11,0,1626000,-1445000,181000
2015/09/14,0,1636000,-3099000,-1463000
2015/09/15,0,1653000,-2233000,-580000
2015/09/16,0,1238000,-1977982,-739982
2015/09/17,0,2382000,-3314000,-932000
2015/09/18,0,4717420,-1500310,3217110
2015/09/21,0,2701110,-2464000,237110
2015/09/22,0,1349442,-1212000,137442
2015/09/23,0,1403000,-2980215,-1577215
2015/09/24,0,1053493,-1227000,-173507
2015/09/25,0,444928,-1319770,-874842
2015/09/28,0,0,0,0
2015/09/29,0,0,0,0
2015/09/30,0,4502299,-6540156,-2037857
2015/10/01,0,1580397,-2774000,-1193603
2015/10/02,0,2834320,-2493661,340659
2015/10/05,0,1167960,-3654949,-2486989
2015/10/06,0,3364000,-3364093,-93
2015/10/07,0,2206959,-2862000,-655041
2015/10/08,0,1871000,-1766614,104386
2015/10/09,0,0,0,0
2015/10/12,0,1854000,-1745577,108423
2015/10/13,0,2006509,-2488294,-481785
2015/10/14,0,633000,-963000,-330000
2015/10/15,0,1690000,-3870158,-2180158
2015/10/16,0,3012000,-2646000,366000
2015/10/19,0,883000,-1332915,-449915
2015/10/20,0,1527000,-867934,659066
2015/10/21,0,1037000,-1781000,-744000
2015/10/22,0,1258168,-1220999,37169
2015/10/23,0,1760000,-1456000,304000
2015/10/26,0,2599000,-801000,1798000
2015/10/27,0,997000,-1440360,-443360
2015/10/28,0,954000,-1129694,-175694
2015/10/29,0,1333000,-1584101,-251101
2015/10/30,0,1456000,-2238373,-782373
2015/11/02,0,584000,-1903038,-1319038
2015/11/03,0,2259000,-2616460,-357460
2015/11/04,0,2641000,-2641820,-820
2015/11/05,0,786000,-1153890,-367890
2015/11/06,0,2208000,-3191000,-983000
2015/11/09,0,630101,-1462312,-832211
2015/11/10,0,823000,-4399000,-3576000
2015/11/11,0,931348,-1908848,-977500
2015/11/12,0,1330000,-1829000,-499000
2015/11/13,0,674000,-2535114,-1861114
2015/11/16,0,428000,-1908000,-1480000
2015/11/17,0,554000,-1489000,-935000
2015/11/18,0,1140071,-2076000,-935929
2015/11/19,0,1838000,-2279235,-441235
2015/11/20,0,578000,-873000,-295000
2015/11/23,0,381159,-769000,-387841
2015/11/24,0,748000,-1424456,-676456
2015/11/25,0,1010673,-6371673,-5361000
2015/11/26,0,1891000,-7184682,-5293682
2015/11/27,0,1167000,-1580000,-413000
2015/11/30,0,4497560,-8900310,-4402750
2015/12/01,0,4896000,-4895639,361
2015/12/02,0,1732000,-2404002,-672002
2015/12/03,0,1566000,-3223247,-1657247
2015/12/04,0,1645000,-3736165,-2091165
2015/12/07,0,2029000,-2172975,-143975
2015/12/08,0,1331000,-4804748,-3473748
2015/12/09,0,2115000,-4015000,-1900000
2015/12/10,0,807000,-4790000,-3983000
2015/12/11,0,1423359,-3307000,-1883641
2015/12/14,0,791000,-2070459,-1279459
2015/12/15,0,1680000,-3411724,-1731724
2015/12/16,0,1700248,-2520000,-819752
2015/12/17,0,2131000,-1772146,358854
2015/12/18,0,2569270,-3478307,-909037
2015/12/21,0,1611249,-1876000,-264751
2015/12/22,0,1862765,-2333011,-470246
2015/12/23,0,889248,-1035000,-145752
2015/12/24,0,374000,-483488,-109488
2015/12/25,0,152000,-331000,-179000
2015/12/28,0,1165000,-966000,199000
2015/12/29,0,334000,-807000,-473000
2015/12/30,0,227000,-926588,-699588
2015/12/31,0,1139904,-828000,311904
2016/01/01,0,0,0,0
2016/01/04,0,1330480,-4217000,-2886520
2016/01/05,0,1106995,-3248745,-2141750
2016/01/06,0,2579414,-4843391,-2263977
2016/01/07,0,2545458,-4322557,-1777099
2016/01/08,0,1366000,-2947248,-1581248
2016/01/11,0,2399144,-2107000,292144
2016/01/12,0,2974000,-2856000,118000
2016/01/13,0,2134798,-2836276,-701478
2016/01/14,0,1481509,-1889000,-407491
2016/01/15,0,1916000,-4145171,-2229171
2016/01/18,0,1619420,-3344000,-1724580
2016/01/19,0,1039000,-1319073,-280073
2016/01/20,0,3566680,-4369000,-802320
2016/01/21,0,3686667,-5453914,-1767247
2016/01/22,0,3029000,-1998525,1030475
2016/01/25,0,2716186,-1810000,906186
2016/01/26,0,1365248,-2956000,-1590752
2016/01/27,0,2814000,-2841941,-27941
2016/01/28,0,3007000,-2642580,364420
2016/01/29,0,3696031,-3614000,82031
2016/02/01,0,1407956,-3354195,-1946239
2016/02/02,0,1814235,-2589953,-775718
2016/02/03,0,1695623,-2415059,-719436
2016/02/04,0,0,0,0
2016/02/05,0,0,0,0
2016/02/08,0,0,0,0
2016/02/09,0,0,0,0
2016/02/10,0,0,0,0
2016/02/11,0,0,0,0
2016/02/12,0,0,0,0
2016/02/15,0,2450389,-4425232,-1974843
2016/02/16,0,1876000,-1337000,539000
2016/02/17,0,2442018,-2540500,-98482
2016/02/18,0,1697000,-2448436,-751436
2016/02/19,0,1702240,-3943655,-2241415
2016/02/22,0,692000,-1187060,-495060
2016/02/23,0,2229624,-2381184,-151560
2016/02/24,0,451000,-2603137,-2152137
2016/02/25,0,2059897,-2014000,45897
2016/02/26,0,2122000,-1407086,714914
2016/02/29,0,0,0,0
2016/03/01,0,1155706,-1631680,-475974
2016/03/02,0,1317360,-1533458,-216098
2016/03/03,0,3136930,-1280000,1856930
2016/03/04,0,1788046,-2739151,-951105
2016/03/07,0,2302051,-1097000,1205051
2016/03/08,0,1383107,-1712605,-329498
2016/03/09,0,859000,-1774214,-915214
2016/03/10,0,1028000,-910004,117996
2016/03/11,0,2028652,-923000,1105652
2016/03/14,0,1755000,-1795000,-40000
2016/03/15,0,2266631,-2012000,254631
2016/03/16,0,1516000,-2238000,-722000
2016/03/17,0,4353312,-1373000,2980312
2016/03/18,0,5272462,-6450090,-1177628
2016/03/21,0,2653873,-1497000,1156873
2016/03/22,0,1870000,-1929465,-59465
2016/03/23,0,1528058,-1063183,464875
2016/03/24,0,1311000,-1364000,-53000
2016/03/25,0,188000,-403000,-215000
2016/03/28,0,384000,-161000,223000
2016/03/29,0,666000,-545300,120700
2016/03/30,0,3044000,-804000,2240000
2016/03/31,0,3311000,-2618271,692729
2016/04/01,0,1259000,-2249386,-990386
2016/04/04,0,0,0,0
2016/04/05,0,0,0,0
2016/04/06,0,1933950,-4350763,-2416813
2016/04/07,0,1466904,-1846000,-379096
2016/04/08,0,1977128,-2021000,-43872
2016/04/11,0,2195000,-984170,1210830
2016/04/12,0,787000,-1080000,-293000
2016/04/13,0,2909000,-1545000,1364000
2016/04/14,0,1663000,-2226812,-563812
2016/04/15,0,2746695,-556031,2190664
2016/04/18,0,2195000,-653000,1542000
2016/04/19,0,2263000,-1046452,1216548
2016/04/20,0,2677290,-2004000,673290
2016/04/21,0,696071,-599000,97071
2016/04/22,0,1296156,-526000,770156
2016/04/25,0,1298000,-606745,691255
2016/04/26,0,1558173,-628000,930173
2016/04/27,0,1362000,-1654000,-292000
2016/04/28,0,833530,-1922000,-1088470
2016/04/29,0,1328000,-1943223,-615223
2016/05/02,0,0,0,0
2016/05/03,0,1023000,-1450094,-427094
2016/05/04,0,3274000,-2342687,931313
2016/05/05,0,1193293,-2686168,-1492875
2016/05/06,0,1126312,-2172000,-1045688
2016/05/09,0,2203000,-1647234,555766
2016/05/10,0,5696156,-1991000,3705156
2016/05/11,0,3448775,-2795000,653775
2016/05/12,0,2444000,-1402000,1042000
2016/05/13,0,1930000,-3367000,-1437000
2016/05/16,0,1365000,-1189000,176000
2016/05/17,0,1936000,-1414546,521454
2016/05/18,0,4096624,-2509000,1587624
2016/05/19,0,1967869,-3231000,-1263131
2016/05/20,0,2689000,-2546341,142659
2016/05/23,0,1967223,-2958300,-991077
2016/05/24,0,2374857,-1323000,1051857
2016/05/25,0,1633156,-1748165,-115009
2016/05/26,0,834000,-2626000,-1792000
2016/05/27,0,1987000,-1066900,920100
2016/05/30,0,1212000,-387252,824748
2016/05/31,0,4470501,-3560728,909773
2016/06/01,0,1869404,-2171000,-301596
2016/06/02,0,2428808,-2503000,-74192
2016/06/03,0,1158000,-557000,601000
2016/06/06,0,1387000,-583000,804000
2016/06/07,0,2335000,-1091000,1244000
2016/06/08,0,2805000,-816000,1989000
2016/06/09,0,0,0,0
2016/06/10,0,0,0,0
2016/06/13,0,3007665,-2320710,686955
2016/06/14,0,2013000,-1215763,797237
2016/06/15,0,3621017,-2040000,1581017
2016/06/16,0,3140000,-3924300,-784300
2016/06/17,0,5025832,-3258734,1767098
2016/06/20,0,2924000,-1893979,1030021
2016/06/21,0,2062606,-1888000,174606
2016/06/22,0,2041982,-935000,1106982
2016/06/23,0,1958000,-412000,1546000
2016/06/24,0,1154503,-2524328,-1369825
2016/06/27,0,1550000,-738688,811312
2016/06/28,0,3069000,-2951519,117481
2016/06/29,0,4763000,-3262435,1500565
2016/06/30,0,2719000,-2193967,525033
2016/07/01,0,2799000,-1511923,1287077
2016/07/04,0,1283000,-1180000,103000
2016/07/05,0,1269480,-1061000,208480
2016/07/06,0,2307000,-1750262,556738
2016/07/07,0,4284000,-935219,3348781
2016/07/08,0,0,0,0
2016/07/11,0,5206202,-2998846,2207356
2016/07/12,0,4353000,-3370396,982604
2016/07/13,0,8669911,-3534000,5135911
2016/07/14,0,2837808,-2116000,721808
2016/07/15,0,4827000,-233467,4593533
2016/07/18,0,8357000,-600931,7756069
2016/07/19,0,7242495,-936350,6306145
2016/07/20,0,7720013,-651000,7069013
2016/07/21,0,4987083,-489509,4497574
2016/07/22,0,2469000,-1694327,774673
2016/07/25,0,2414000,-1981000,433000
2016/07/26,0,3594000,-1947138,1646862
2016/07/27,0,3815483,-1132000,2683483
2016/07/28,0,6193483,-1435522,4757961
2016/07/29,0,1817117,-1265000,552117
2016/08/01,0,3814609,-2198290,1616319
2016/08/02,0,1275295,-1053115,222180
2016/08/03,0,1332831,-612000,720831
2016/08/04,0,1159000,-1320000,-161000
2016/08/05,0,2289269,-1080111,1209158
2016/08/08,0,4471888,-1521468,2950420
2016/08/09,0,3432000,-2050000,1382000
2016/08/10,0,2826000,-2012110,813890
2016/08/11,0,3746000,-1368000,2378000
2016/08/12,0,4459000,-1835000,2624000
2016/08/15,0,1388000,-749000,639000
2016/08/16,0,1538000,-1817000,-279000
2016/08/17,0,1779902,-1283399,496503
2016/08/18,0,1994800,-2015115,-20315
2016/08/19,0,1086597,-3055489,-1968892
2016/08/22,0,2998000,-3399000,-401000
2016/08/23,0,3234300,-3789000,-554700
2016/08/24,0,2495434,-777000,1718434
2016/08/25,0,1065000,-524000,541000
2016/08/26,0,810338,-551000,259338
2016/08/29,0,607258,-1546000,-938742
2016/08/30,0,888000,-1010000,-122000
2016/08/31,0,1487924,-2708000,-1220076
2016/09/01,0,1498705,-1802081,-303376
2016/09/02,0,1915204,-2049146,-133942
2016/09/05,0,1636000,-456000,1180000
2016/09/06,0,2590000,-2740749,-150749
2016/09/07,0,1515700,-418526,1097174
2016/09/08,0,1771085,-817000,954085
2016/09/09,0,611000,-1379000,-768000
2016/09/12,0,1226297,-2274420,-1048123
2016/09/13,0,1227000,-3793000,-2566000
2016/09/14,0,3080336,-4915102,-1834766
2016/09/15,0,0,0,0
2016/09/16,0,0,0,0
2016/09/19,0,7860100,-3008000,4852100
2016/09/20,0,1009037,-1381357,-372320
2016/09/21,0,1290000,-1529934,-239934
2016/09/22,0,1597000,-828000,769000
2016/09/23,0,2149000,-1006000,1143000
2016/09/26,0,1153000,-1650000,-497000
2016/09/27,0,0,0,0
2016/09/28,0,0,0,0
2016/09/29,0,3715432,-4524414,-808982
2016/09/30,0,2696000,-3881353,-1185353
2016/10/03,0,1851000,-557000,1294000
2016/10/04,0,2001282,-1249429,751853
2016/10/05,0,1495550,-938000,557550
2016/10/06,0,835506,-739000,96506
2016/10/07,0,2889000,-4574888,-1685888
2016/10/10,0,0,0,0
2016/10/11,0,2608000,-3302000,-694000
2016/10/12,0,1144000,-2646918,-1502918
2016/10/13,0,2022500,-2172000,-149500
2016/10/14,0,473400,-2303664,-1830264
2016/10/17,0,1386000,-3928814,-2542814
2016/10/18,0,2782676,-3890000,-1107324
2016/10/19,0,1330588,-2714000,-1383412
2016/10/20,0,1710098,-2430130,-720032
2016/10/21,0,967000,-2053000,-1086000
2016/10/24,0,475000,-2535000,-2060000
2016/10/25,0,1440886,-2593000,-1152114
2016/10/26,0,305695,-1802000,-1496305
2016/10/27,0,647234,-3203843,-2556609
2016/10/28,0,849000,-3067000,-2218000
2016/10/31,0,1208071,-3968000,-2759929
2016/11/01,0,1382000,-2935109,-1553109
2016/11/02,0,535600,-3275417,-2739817
2016/11/03,0,1315000,-3961030,-2646030
2016/11/04,0,909166,-3022434,-2113268
2016/11/07,0,1024000,-1790369,-766369
2016/11/08,0,1498600,-2189000,-690400
2016/11/09,0,752000,-3931000,-3179000
2016/11/10,0,1406000,-3827804,-2421804
2016/11/11,0,868000,-9946095,-9078095
2016/11/14,0,1850000,-8330358,-6480358
2016/11/15,0,1227000,-10326681,-9099681
2016/11/16,0,2618121,-11977451,-9359330
2016/11/17,0,1449000,-5943121,-4494121
2016/11/18,0,1012000,-3868714,-2856714
2016/11/21,0,451000,-4261369,-3810369
2016/11/22,0,1470984,-5093970,-3622986
2016/11/23,0,1104748,-3701773,-2597025
2016/11/24,0,706734,-4724482,-4017748
2016/11/25,0,270000,-1333791,-1063791
2016/11/28,0,1055000,-1745822,-690822
2016/11/29,0,1093000,-4553024,-3460024
2016/11/30,0,3169000,-4837475,-1668475
2016/12/01,0,984600,-6573685,-5589085
2016/12/02,0,872000,-4505591,-3633591
2016/12/05,0,3244000,-7535471,-4291471
2016/12/06,0,3896000,-6743442,-2847442
2016/12/07,0,660000,-2202330,-1542330
2016/12/08,0,2177403,-1970940,206463
2016/12/09,0,1682700,-6515971,-4833271
2016/12/12,0,707010,-5407140,-4700130
2016/12/13,0,2185040,-5347000,-3161960
2016/12/14,0,2286190,-5536000,-3249810
2016/12/15,0,1478000,-2996000,-1518000
2016/12/16,0,11135728,-11693977,-558249
2016/12/19,0,1106200,-2265327,-1159127
2016/12/20,0,1014134,-1757000,-742866
2016/12/21,0,1003000,-3940500,-2937500
2016/12/22,0,1364140,-1494000,-129860
2016/12/23,0,782000,-1428000,-646000
2016/12/26,0,111000,-185000,-74000
2016/12/27,0,877000,-374000,503000
2016/12/28,0,2474724,-1330000,1144724
2016/12/29,0,2854645,-893377,1961268
2016/12/30,0,1894000,-671107,1222893
2017/01/02,0,0,0,0
2017/01/03,0,550000,-894000,-344000
2017/01/04,0,2552000,-1732000,820000
2017/01/05,0,2430400,-2648000,-217600
2017/01/06,0,1656000,-3737000,-2081000
2017/01/09,0,1342242,-2786000,-1443758
2017/01/10,0,1175000,-2501000,-1326000
2017/01/11,0,2182552,-1783000,399552
2017/01/12,0,1993000,-2343328,-350328
2017/01/13,0,1587800,-1077374,510426
2017/01/16,0,789000,-1923453,-1134453
2017/01/17,0,911709,-1746000,-834291
2017/01/18,0,851000,-2640891,-1789891
2017/01/19,0,1945000,-3944705,-1999705
2017/01/20,0,1743454,-3212000,-1468546
2017/01/23,0,1218985,-1472385,-253400
2017/01/24,0,2270649,-4261959,-1991310
2017/01/25,0,0,0,0
2017/01/26,0,0,0,0
2017/01/27,0,0,0,0
2017/01/30,0,0,0,0
2017/01/31,0,0,0,0
2017/02/01,0,0,0,0
2017/02/02,0,5297443,-11960068,-6662625
2017/02/03,0,1265000,-4047778,-2782778
2017/02/06,0,3461244,-2508403,952841
2017/02/07,0,1129203,-3715157,-2585954
2017/02/08,0,2877072,-5893113,-3016041
2017/02/09,0,3262441,-3132744,129697
2017/02/10,0,5969000,-7139593,-1170593
2017/02/13,0,1491200,-3001733,-1510533
2017/02/14,0,3409000,-3225718,183282
2017/02/15,0,3105000,-5062692,-1957692
2017/02/16,0,3289000,-7116000,-3827000
2017/02/17,0,1243000,-9264019,-8021019
2017/02/20,0,1224000,-5454101,-4230101
2017/02/21,0,2135000,-3107691,-972691
2017/02/22,0,1560146,-3893170,-2333024
2017/02/23,0,2254000,-2832000,-578000
2017/02/24,0,1813000,-4957377,-3144377
2017/02/27,0,0,0,0
2017/02/28,0,0,0,0
2017/03/01,0,943763,-6123750,-5179987
2017/03/02,0,481031,-2731900,-2250869
2017/03/03,0,485000,-3103341,-2618341
2017/03/06,0,581140,-2839905,-2258765
2017/03/07,0,1368675,-1533269,-164594
2017/03/08,0,633000,-5137431,-4504431
2017/03/09,0,1236000,-5859789,-4623789
2017/03/10,0,988405,-3967614,-2979209
2017/03/13,0,1794800,-4118524,-2323724
2017/03/14,0,2175200,-6007943,-3832743
2017/03/15,0,2487281,-3636405,-1149124
2017/03/16,0,1994000,-3675386,-1681386
2017/03/17,0,6606126,-8044810,-1438684
2017/03/20,0,1540000,-1622268,-82268
2017/03/21,0,3586821,-3436172,150649
2017/03/22,0,1015204,-4111275,-3096071
2017/03/23,0,1081834,-3687673,-2605839
2017/03/24,0,1171464,-3121000,-1949536
2017/03/27,0,2810000,-1630000,1180000
2017/03/28,0,2195000,-3337000,-1142000
2017/03/29,0,1240616,-2291000,-1050384
2017/03/30,0,2139000,-2641000,-502000
2017/03/31,0,1507000,-1371000,136000
2017/04/03,0,0,0,0
2017/04/04,0,0,0,0
2017/04/05,0,4187009,-5639948,-1452939
2017/04/06,0,5982000,-6421000,-439000
2017/04/07,0,910074,-2651000,-1740926
2017/04/10,0,400520,-2820000,-2419480
2017/04/11,0,1610584,-3561000,-1950416
2017/04/12,0,564120,-4135577,-3571457
2017/04/13,0,701000,-3029000,-2328000
2017/04/14,0,201000,-1890000,-1689000
2017/04/17,0,525000,-1568000,-1043000
2017/04/18,0,402000,-2138000,-1736000
2017/04/19,0,796814,-6845042,-6048228
2017/04/20,0,1928297,-6065000,-4136703
2017/04/21,0,1562000,-3543544,-1981544
2017/04/24,0,2181758,-3762957,-1581199
2017/04/25,0,2463268,-2685000,-221732
2017/04/26,0,2402008,-3226766,-824758
2017/04/27,0,823933,-1303000,-479067
2017/04/28,0,1368070,-2638019,-1269949
2017/05/01,0,0,0,0
2017/05/02,0,1435000,-3788000,-2353000
2017/05/03,0,476000,-869000,-393000
2017/05/04,0,657000,-943000,-286000
2017/05/05,0,469400,-1996000,-1526600
2017/05/08,0,2065797,-1459388,606409
2017/05/09,0,1013140,-2269668,-1256528
2017/05/10,0,1315400,-3124000,-1808600
2017/05/11,0,1497605,-1847000,-349395
2017/05/12,0,392164,-271000,121164
2017/05/15,0,587400,-1914000,-1326600
2017/05/16,0,1132000,-1713540,-581540
2017/05/17,0,1234841,-2366302,-1131461
2017/05/18,0,1126400,-880000,246400
2017/05/19,0,272521,-1059000,-786479
2017/05/22,0,1492917,-1935567,-442650
2017/05/23,0,2480000,-1043769,1436231
2017/05/24,0,922854,-1489759,-566905
2017/05/25,0,1228598,-2464950,-1236352
2017/05/26,0,0,0,0
2017/05/29,0,0,0,0
2017/05/30,0,0,0,0
2017/05/31,0,2968168,-3864466,-896298
2017/06/01,0,1928305,-1549096,379209
2017/06/02,0,1691000,-2025000,-334000
2017/06/05,0,1386362,-1499000,-112638
2017/06/06,0,979920,-1508000,-528080
2017/06/07,0,2551000,-2804988,-253988
2017/06/08,0,842000,-1517000,-675000
2017/06/09,0,2049000,-1795642,253358
2017/06/12,0,803764,-2610800,-1807036
2017/06/13,0,274000,-278000,-4000
2017/06/14,0,556000,-1060400,-504400
2017/06/15,0,881000,-1321000,-440000
2017/06/16,0,2923352,-1961006,962346
2017/06/19,0,742200,-259000,483200
2017/06/20,0,513946,-798213,-284267
2017/06/21,0,2247000,-2316000,-69000
2017/06/22,0,1741334,-915190,826144
2017/06/23,0,403000,-921505,-518505
2017/06/26,0,2214000,-521000,1693000
2017/06/27,0,1298019,-639000,659019
2017/06/28,0,2025243,-1372708,652535
2017/06/29,0,1275000,-1064549,210451
2017/06/30,0,1577000,-1404795,172205
2017/07/03,0,2458000,-1491199,966801
2017/07/04,0,618000,-1064435,-446435
2017/07/05,0,824000,-1178000,-354000
2017/07/06,0,534700,-1880324,-1345624
2017/07/07,0,451699,-1336139,-884440
2017/07/10,0,539415,-1679692,-1140277
2017/07/11,0,2338274,-2187640,150634
2017/07/12,0,2138000,-1126760,1011240
2017/07/13,0,2630129,-1323273,1306856
2017/07/14,0,876995,-1834276,-957281
2017/07/17,0,2074000,-1452515,621485
2017/07/18,0,1879352,-1894483,-15131
2017/07/19,0,786000,-1332557,-546557
2017/07/20,0,868960,-545000,323960
2017/07/21,0,471274,-765232,-293958
2017/07/24,0,1231642,-714628,517014
2017/07/25,0,947000,-1406940,-459940
2017/07/26,0,1198000,-503709,694291
2017/07/27,0,2034000,-1283000,751000
2017/07/28,0,2991000,-3576579,-585579
2017/07/31,0,3988000,-3519896,468104
2017/08/01,0,2434000,-1082000,1352000
2017/08/02,0,1278029,-743638,534391
2017/08/03,0,1594070,-2426300,-832230
2017/08/04,0,906000,-1532000,-626000
2017/08/07,0,663382,-991126,-327744
2017/08/08,0,1449000,-1571000,-122000
2017/08/09,0,848800,-1026000,-177200
2017/08/10,0,1007400,-748000,259400
2017/08/11,0,1132000,-1513252,-381252
2017/08/14,0,953000,-1514481,-561481
2017/08/15,0,2113000,-2354000,-241000
2017/08/16,0,1395000,-1719000,-324000
2017/08/17,0,903064,-605000,298064
2017/08/18,0,566000,-1177678,-611678
