Date,Open,Buy,Sell,Total
2007/01/02,0,1875000,0,1875000
2007/01/03,0,39000,-40091,-1091
2007/01/04,0,1776000,-194311,1581689
2007/01/05,0,740000,-269292,470708
2007/01/08,0,363000,-1045000,-682000
2007/01/09,0,0,-106834,-106834
2007/01/10,0,472000,-260000,212000
2007/01/11,0,320000,-22920,297080
2007/01/12,0,9000,-47000,-38000
2007/01/15,0,2000,-37000,-35000
2007/01/16,0,30000,-19000,11000
2007/01/17,0,794000,-145000,649000
2007/01/18,0,212000,-64000,148000
2007/01/19,0,886000,-16000,870000
2007/01/22,0,966000,-84000,882000
2007/01/23,0,985000,-12000,973000
2007/01/24,0,12000,-312577,-300577
2007/01/25,0,49000,-168466,-119466
2007/01/26,0,170000,-75000,95000
2007/01/29,0,1031000,-266000,765000
2007/01/30,0,28000,-626095,-598095
2007/01/31,0,36000,-11000,25000
2007/02/01,0,11000,0,11000
2007/02/02,0,204000,-10000,194000
2007/02/05,0,9000,-2000,7000
2007/02/06,0,40000,-384000,-344000
2007/02/07,0,13000,-271000,-258000
2007/02/08,0,335000,-465000,-130000
2007/02/09,0,469000,-14000,455000
2007/02/12,0,31000,-53000,-22000
2007/02/13,0,65000,0,65000
2007/02/14,0,5000,0,5000
2007/02/15,0,0,0,0
2007/02/16,0,0,0,0
2007/02/19,0,0,0,0
2007/02/20,0,0,0,0
2007/02/21,0,0,0,0
2007/02/22,0,0,0,0
2007/02/23,0,0,0,0
2007/02/26,0,250000,-175000,75000
2007/02/27,0,1052000,-150000,902000
2007/02/28,0,0,0,0
2007/03/01,0,2685000,-247000,2438000
2007/03/02,0,260000,-273000,-13000
2007/03/05,0,51000,-51000,0
2007/03/06,0,634000,-55000,579000
2007/03/07,0,158000,-113000,45000
2007/03/08,0,168000,-584000,-416000
2007/03/09,0,36000,-1300675,-1264675
2007/03/12,0,101000,-520000,-419000
2007/03/13,0,20000,-431000,-411000
2007/03/14,0,84000,-58000,26000
2007/03/15,0,27000,-87000,-60000
2007/03/16,0,10000,-26000,-16000
2007/03/19,0,83000,-50000,33000
2007/03/20,0,21000,0,21000
2007/03/21,0,0,-3000,-3000
2007/03/22,0,18000,-255,17745
2007/03/23,0,30000,-32000,-2000
2007/03/26,0,133000,-140000,-7000
2007/03/27,0,67000,-1000,66000
2007/03/28,0,19000,-159000,-140000
2007/03/29,0,1000,-184000,-183000
2007/03/30,0,1559000,-4000,1555000
2007/04/02,0,15000,-3000,12000
2007/04/03,0,38000,-1693000,-1655000
2007/04/04,0,21000,-35000,-14000
2007/04/05,0,0,0,0
2007/04/06,0,0,0,0
2007/04/09,0,6000,-255,5745
2007/04/10,0,70000,0,70000
2007/04/11,0,172000,-4000,168000
2007/04/12,0,1299000,-56000,1243000
2007/04/13,0,51000,-12000,39000
2007/04/16,0,32000,-212000,-180000
2007/04/17,0,265000,-106000,159000
2007/04/18,0,0,-4000,-4000
2007/04/19,0,85000,-24000,61000
2007/04/20,0,0,-19000,-19000
2007/04/23,0,548000,0,548000
2007/04/24,0,70000,-101000,-31000
2007/04/25,0,1000,-69000,-68000
2007/04/26,0,485000,-4000,481000
2007/04/27,0,85000,-26000,59000
2007/04/30,0,22000,-692000,-670000
2007/05/01,0,0,0,0
2007/05/02,0,45000,0,45000
2007/05/03,0,264000,-19000,245000
2007/05/04,0,1006000,-4000,1002000
2007/05/07,0,679000,-161000,518000
2007/05/08,0,415000,-55000,360000
2007/05/09,0,71000,-49000,22000
2007/05/10,0,95000,0,95000
2007/05/11,0,201000,0,201000
2007/05/14,0,410000,-47000,363000
2007/05/15,0,24000,-5000,19000
2007/05/16,0,58000,-4000,54000
2007/05/17,0,100000,-80000,20000
2007/05/18,0,81000,-157000,-76000
2007/05/21,0,147000,-144000,3000
2007/05/22,0,563000,-67000,496000
2007/05/23,0,295000,-62000,233000
2007/05/24,0,637000,-2000,635000
2007/05/25,0,222000,-67000,155000
2007/05/28,0,822000,0,822000
2007/05/29,0,423000,-16000,407000
2007/05/30,0,306000,-269000,37000
2007/05/31,0,4893977,-2799000,2094977
2007/06/01,0,2266000,-154000,2112000
2007/06/04,0,549000,-5000,544000
2007/06/05,0,566000,-222000,344000
2007/06/06,0,609000,-149000,460000
2007/06/07,0,1055000,-555000,500000
2007/06/08,0,1815000,-203000,1612000
2007/06/11,0,658000,-190000,468000
2007/06/12,0,299000,-45000,254000
2007/06/13,0,150000,-262000,-112000
2007/06/14,0,884000,-3000,881000
2007/06/15,0,774000,-14000,760000
2007/06/18,0,0,0,0
2007/06/19,0,0,0,0
2007/06/20,0,1933000,-134000,1799000
2007/06/21,0,1740000,-44000,1696000
2007/06/22,0,401000,-222000,179000
2007/06/25,0,230000,0,230000
2007/06/26,0,78000,-402000,-324000
2007/06/27,0,99000,-257000,-158000
2007/06/28,0,298000,-304000,-6000
2007/06/29,0,154000,-591000,-437000
2007/07/02,0,303000,-229000,74000
2007/07/03,0,153000,-3463000,-3310000
2007/07/04,0,226000,-574000,-348000
2007/07/05,0,50000,-83000,-33000
2007/07/06,0,42000,-37000,5000
2007/07/09,0,945000,-94000,851000
2007/07/10,0,363000,-225000,138000
2007/07/11,0,884000,-409000,475000
2007/07/12,0,319000,-152000,167000
2007/07/13,0,382000,-303000,79000
2007/07/16,0,150000,-470000,-320000
2007/07/17,0,18000,-465000,-447000
2007/07/18,0,6000,-348000,-342000
2007/07/19,0,195000,-595000,-400000
2007/07/20,0,1683000,-590000,1093000
2007/07/23,0,437000,-475000,-38000
2007/07/24,0,953000,-1454000,-501000
2007/07/25,0,139000,-333000,-194000
2007/07/26,0,285000,-300000,-15000
2007/07/27,0,93000,-1315000,-1222000
2007/07/30,0,289000,-681000,-392000
2007/07/31,0,178000,-453000,-275000
2007/08/01,0,16000,-1753000,-1737000
2007/08/02,0,61000,-513000,-452000
2007/08/03,0,59000,-138000,-79000
2007/08/06,0,109000,-545000,-436000
2007/08/07,0,199000,-689000,-490000
2007/08/08,0,131000,-404000,-273000
2007/08/09,0,863000,-33944,829056
2007/08/10,0,953000,-492000,461000
2007/08/13,0,544000,-160000,384000
2007/08/14,0,207000,-12000,195000
2007/08/15,0,29000,-806000,-777000
2007/08/16,0,92000,-421000,-329000
2007/08/17,0,77000,-341000,-264000
2007/08/20,0,349000,-160000,189000
2007/08/21,0,203000,-142000,61000
2007/08/22,0,101000,-801000,-700000
2007/08/23,0,210000,-4471000,-4261000
2007/08/24,0,2000,-277000,-275000
2007/08/27,0,287000,-396000,-109000
2007/08/28,0,102000,-215000,-113000
2007/08/29,0,331500,-405000,-73500
2007/08/30,0,160000,-57000,103000
2007/08/31,0,377000,-89000,288000
2007/09/03,0,150000,-733000,-583000
2007/09/04,0,83000,-22000,61000
2007/09/05,0,80000,-65000,15000
2007/09/06,0,95000,-781200,-686200
2007/09/07,0,481000,-500300,-19300
2007/09/10,0,133000,-407900,-274900
2007/09/11,0,905000,-1661269,-756269
2007/09/12,0,64000,-476300,-412300
2007/09/13,0,315000,-282499,32501
2007/09/14,0,207000,-176000,31000
2007/09/17,0,296000,-121700,174300
2007/09/18,0,0,0,0
2007/09/19,0,878000,-887000,-9000
2007/09/20,0,1440000,-244200,1195800
2007/09/21,0,163000,-760300,-597300
2007/09/24,0,0,0,0
2007/09/25,0,0,0,0
2007/09/26,0,1498000,-310000,1188000
2007/09/27,0,510000,-171000,339000
2007/09/28,0,156500,-138000,18500
2007/10/01,0,191000,-203200,-12200
2007/10/02,0,1085000,-48000,1037000
2007/10/03,0,170409,-96000,74409
2007/10/04,0,483000,-228000,255000
2007/10/05,0,192000,-51000,141000
2007/10/08,0,420000,-130000,290000
2007/10/09,0,100000,-188000,-88000
2007/10/10,0,0,0,0
2007/10/11,0,220000,-4000,216000
2007/10/12,0,27000,-110000,-83000
2007/10/15,0,205000,-225500,-20500
2007/10/16,0,514000,-309000,205000
2007/10/17,0,1226000,-773000,453000
2007/10/18,0,218000,-409000,-191000
2007/10/19,0,46000,-126000,-80000
2007/10/22,0,70000,-520000,-450000
2007/10/23,0,77000,-89000,-12000
2007/10/24,0,105000,-93400,11600
2007/10/25,0,272510,-557000,-284490
2007/10/26,0,543000,-553932,-10932
2007/10/29,0,468000,-379000,89000
2007/10/30,0,144000,-40000,104000
2007/10/31,0,1548000,-163000,1385000
2007/11/01,0,251000,-14000,237000
2007/11/02,0,133000,-160000,-27000
2007/11/05,0,164000,-337000,-173000
2007/11/06,0,18000,-76000,-58000
2007/11/07,0,53000,-74000,-21000
2007/11/08,0,72000,-264000,-192000
2007/11/09,0,1037000,-46000,991000
2007/11/12,0,21000,-385000,-364000
2007/11/13,0,69000,-134000,-65000
2007/11/14,0,353000,-268000,85000
2007/11/15,0,112000,-183000,-71000
2007/11/16,0,65000,-197000,-132000
2007/11/19,0,160000,-116000,44000
2007/11/20,0,249000,-177000,72000
2007/11/21,0,91000,-407400,-316400
2007/11/22,0,372000,-31000,341000
2007/11/23,0,112000,-96000,16000
2007/11/26,0,911000,-150000,761000
2007/11/27,0,600000,-119000,481000
2007/11/28,0,70000,-241000,-171000
2007/11/29,0,207000,-37463,169537
2007/11/30,0,1958000,-212000,1746000
2007/12/03,0,1471800,-79000,1392800
2007/12/04,0,525000,-458000,67000
2007/12/05,0,1448000,-163000,1285000
2007/12/06,0,2803000,-90000,2713000
2007/12/07,0,1756891,-116000,1640891
2007/12/10,0,1334000,-112000,1222000
2007/12/11,0,1178000,-23600,1154400
2007/12/12,0,2976000,-659000,2317000
2007/12/13,0,2641000,-277071,2363929
2007/12/14,0,2157800,-86000,2071800
2007/12/17,0,321000,-76000,245000
2007/12/18,0,231000,-328800,-97800
2007/12/19,0,286000,-131000,155000
2007/12/20,0,280000,-147000,133000
2007/12/21,0,485000,-1240500,-755500
2007/12/24,0,84000,-142000,-58000
2007/12/25,0,313000,-45000,268000
2007/12/26,0,420000,-163000,257000
2007/12/27,0,463000,-1599000,-1136000
2007/12/28,0,1507000,-3097000,-1590000
2007/12/31,0,86000,-1533000,-1447000
2008/01/01,0,0,0,0
2008/01/02,0,1018000,-1118000,-100000
2008/01/03,0,346000,-160300,185700
2008/01/04,0,124000,-735000,-611000
2008/01/07,0,8000,-852000,-844000
2008/01/08,0,178000,-713000,-535000
2008/01/09,0,258000,-57000,201000
2008/01/10,0,181000,-467300,-286300
2008/01/11,0,413000,-227000,186000
2008/01/14,0,432000,-527000,-95000
2008/01/15,0,350000,-4000,346000
2008/01/16,0,224000,-1051300,-827300
2008/01/17,0,373000,-404000,-31000
2008/01/18,0,350707,-42000,308707
2008/01/21,0,103000,-222000,-119000
2008/01/22,0,23000,-248000,-225000
2008/01/23,0,337000,-513000,-176000
2008/01/24,0,354000,-221000,133000
2008/01/25,0,166000,-318000,-152000
2008/01/28,0,77000,-274000,-197000
2008/01/29,0,111000,-226000,-115000
2008/01/30,0,169824,-402000,-232176
2008/01/31,0,88000,-97000,-9000
2008/02/01,0,130000,-256000,-126000
2008/02/04,0,0,0,0
2008/02/05,0,0,0,0
2008/02/06,0,0,0,0
2008/02/07,0,0,0,0
2008/02/08,0,0,0,0
2008/02/11,0,0,0,0
2008/02/12,0,318000,-297900,20100
2008/02/13,0,84000,-342000,-258000
2008/02/14,0,83000,-99000,-16000
2008/02/15,0,175000,-251000,-76000
2008/02/18,0,99000,-257000,-158000
2008/02/19,0,231000,-42000,189000
2008/02/20,0,36000,-230000,-194000
2008/02/21,0,259000,-243152,15848
2008/02/22,0,52000,-197200,-145200
2008/02/25,0,605000,-158000,447000
2008/02/26,0,610000,-63000,547000
2008/02/27,0,687000,-1394800,-707800
2008/02/28,0,0,0,0
2008/02/29,0,1178875,-76294,1102581
2008/03/03,0,258000,-169000,89000
2008/03/04,0,453000,-57200,395800
2008/03/05,0,1006000,-54000,952000
2008/03/06,0,658000,-16000,642000
2008/03/07,0,356000,-64000,292000
2008/03/10,0,648000,-260000,388000
2008/03/11,0,524000,-181000,343000
2008/03/12,0,313151,-22000,291151
2008/03/13,0,133000,-523000,-390000
2008/03/14,0,89000,-458300,-369300
2008/03/17,0,140000,-475200,-335200
2008/03/18,0,165000,-235000,-70000
2008/03/19,0,1581000,-437000,1144000
2008/03/20,0,378000,-491000,-113000
2008/03/21,0,440000,-133000,307000
2008/03/24,0,830000,-125000,705000
2008/03/25,0,1138000,-55100,1082900
2008/03/26,0,587000,-261280,325720
2008/03/27,0,194973,-112200,82773
2008/03/28,0,436973,-290000,146973
2008/03/31,0,503305,-386000,117305
2008/04/01,0,344197,-399000,-54803
2008/04/02,0,1182000,-43000,1139000
2008/04/03,0,237000,-158200,78800
2008/04/04,0,0,0,0
2008/04/07,0,288000,-213200,74800
2008/04/08,0,91000,-671000,-580000
2008/04/09,0,372000,-2109000,-1737000
2008/04/10,0,398000,-1599000,-1201000
2008/04/11,0,500000,-391396,108604
2008/04/14,0,375200,-65000,310200
2008/04/15,0,100000,-157000,-57000
2008/04/16,0,204000,-1000,203000
2008/04/17,0,489000,-214000,275000
2008/04/18,0,81000,-16000,65000
2008/04/21,0,140000,-128200,11800
2008/04/22,0,44285,-199300,-155015
2008/04/23,0,160000,-250000,-90000
2008/04/24,0,774000,-98000,676000
2008/04/25,0,144100,-207000,-62900
2008/04/28,0,343000,-27000,316000
2008/04/29,0,316000,-215000,101000
2008/04/30,0,593000,-140100,452900
2008/05/01,0,0,0,0
2008/05/02,0,225000,-65000,160000
2008/05/05,0,35000,-209000,-174000
2008/05/06,0,425000,-150000,275000
2008/05/07,0,150000,-82000,68000
2008/05/08,0,239000,-225000,14000
2008/05/09,0,161000,-923000,-762000
2008/05/12,0,90000,-76000,14000
2008/05/13,0,272000,-87000,185000
2008/05/14,0,177000,-123000,54000
2008/05/15,0,247000,-89100,157900
2008/05/16,0,337000,-38800,298200
2008/05/19,0,135000,-45000,90000
2008/05/20,0,177000,-163000,14000
2008/05/21,0,270000,-505500,-235500
2008/05/22,0,109000,-1633001,-1524001
2008/05/23,0,21000,-1105000,-1084000
2008/05/26,0,127000,-78000,49000
2008/05/27,0,442000,-154000,288000
2008/05/28,0,41000,-350000,-309000
2008/05/29,0,182000,-150000,32000
2008/05/30,0,250800,-120197,130603
2008/06/02,0,67000,-36000,31000
2008/06/03,0,10000,-648000,-638000
2008/06/04,0,157000,-542000,-385000
2008/06/05,0,185000,-360800,-175800
2008/06/06,0,20000,-53000,-33000
2008/06/09,0,47000,-151000,-104000
2008/06/10,0,16000,-502666,-486666
2008/06/11,0,228000,-329000,-101000
2008/06/12,0,12000,-306000,-294000
2008/06/13,0,228000,-380000,-152000
2008/06/16,0,61000,-176700,-115700
2008/06/17,0,93000,-148500,-55500
2008/06/18,0,32000,-105000,-73000
2008/06/19,0,8000,-654000,-646000
2008/06/20,0,157155,-240000,-82845
2008/06/23,0,150000,-112000,38000
2008/06/24,0,64000,-71000,-7000
2008/06/25,0,263000,-47200,215800
2008/06/26,0,33000,-92000,-59000
2008/06/27,0,217000,-275000,-58000
2008/06/30,0,227000,-169000,58000
2008/07/01,0,383000,-65000,318000
2008/07/02,0,234000,-129000,105000
2008/07/03,0,366000,-244000,122000
2008/07/04,0,250000,-218000,32000
2008/07/07,0,233000,-41000,192000
2008/07/08,0,422000,-444000,-22000
2008/07/09,0,373000,-37000,336000
2008/07/10,0,474000,-32000,442000
2008/07/11,0,169000,-134000,35000
2008/07/14,0,161000,-110100,50900
2008/07/15,0,106000,-506000,-400000
2008/07/16,0,859000,-250000,609000
2008/07/17,0,153000,-678000,-525000
2008/07/18,0,589000,-249500,339500
2008/07/21,0,251000,-190000,61000
2008/07/22,0,701000,-258000,443000
2008/07/23,0,1020000,-131000,889000
2008/07/24,0,401000,-472000,-71000
2008/07/25,0,33000,-743000,-710000
2008/07/28,0,0,0,0
2008/07/29,0,217000,-749000,-532000
2008/07/30,0,533200,-1667000,-1133800
2008/07/31,0,1978000,-1816000,162000
2008/08/01,0,455000,-1453200,-998200
2008/08/04,0,754000,-1893000,-1139000
2008/08/05,0,652000,-614000,38000
2008/08/06,0,765000,-781300,-16300
2008/08/07,0,287000,-196600,90400
2008/08/08,0,209000,-300000,-91000
2008/08/11,0,81000,-589000,-508000
2008/08/12,0,744000,-401000,343000
2008/08/13,0,66000,-315000,-249000
2008/08/14,0,246700,-294001,-47301
2008/08/15,0,30000,-408000,-378000
2008/08/18,0,106000,-179000,-73000
2008/08/19,0,231000,-264000,-33000
2008/08/20,0,195055,-350000,-154945
2008/08/21,0,25000,-676000,-651000
2008/08/22,0,142000,-578000,-436000
2008/08/25,0,222000,-25000,197000
2008/08/26,0,23000,-52000,-29000
2008/08/27,0,302000,-104000,198000
2008/08/28,0,363000,-271000,92000
2008/08/29,0,125000,-368000,-243000
2008/09/01,0,119200,-295000,-175800
2008/09/02,0,121000,-62000,59000
2008/09/03,0,364000,-150000,214000
2008/09/04,0,1414000,-202000,1212000
2008/09/05,0,130000,-874010,-744010
2008/09/08,0,171000,-246005,-75005
2008/09/09,0,207000,-139349,67651
2008/09/10,0,799000,-229576,569424
2008/09/11,0,715000,-1379000,-664000
2008/09/12,0,593000,-126870,466130
2008/09/15,0,1716000,-832000,884000
2008/09/16,0,626000,-483000,143000
2008/09/17,0,548000,-690360,-142360
2008/09/18,0,870135,-885676,-15541
2008/09/19,0,301000,-212515,88485
2008/09/22,0,325645,-182000,143645
2008/09/23,0,250000,-66080,183920
2008/09/24,0,407618,-408618,-1000
2008/09/25,0,60000,-92000,-32000
2008/09/26,0,1296000,-795735,500265
2008/09/29,0,0,0,0
2008/09/30,0,1119000,-158000,961000
2008/10/01,0,37000,-258010,-221010
2008/10/02,0,13000,-150000,-137000
2008/10/03,0,302000,-41010,260990
2008/10/06,0,263000,-419585,-156585
2008/10/07,0,70000,-343000,-273000
2008/10/08,0,956000,-631210,324790
2008/10/09,0,228000,-482000,-254000
2008/10/10,0,0,0,0
2008/10/13,0,165000,-335000,-170000
2008/10/14,0,6000,-452029,-446029
2008/10/15,0,39000,-340000,-301000
2008/10/16,0,0,-333000,-333000
2008/10/17,0,95000,-191000,-96000
2008/10/20,0,461000,-115000,346000
2008/10/21,0,22000,-420405,-398405
2008/10/22,0,56000,-147000,-91000
2008/10/23,0,82000,-16000,66000
2008/10/24,0,17000,-83000,-66000
2008/10/27,0,42000,-183098,-141098
2008/10/28,0,388000,-963842,-575842
2008/10/29,0,91000,-374150,-283150
2008/10/30,0,393000,-57000,336000
2008/10/31,0,533000,-463000,70000
2008/11/03,0,202000,-460000,-258000
2008/11/04,0,1000000,-102000,898000
2008/11/05,0,1493000,-169000,1324000
2008/11/06,0,32000,-145000,-113000
2008/11/07,0,59000,-605000,-546000
2008/11/10,0,134000,-27000,107000
2008/11/11,0,90000,-83752,6248
2008/11/12,0,102000,-546000,-444000
2008/11/13,0,74000,-438000,-364000
2008/11/14,0,655000,-343090,311910
2008/11/17,0,265000,-43000,222000
2008/11/18,0,48100,-108000,-59900
2008/11/19,0,103000,-93000,10000
2008/11/20,0,63000,-175331,-112331
2008/11/21,0,50000,-141000,-91000
2008/11/24,0,26000,-70000,-44000
2008/11/25,0,96000,-59798,36202
2008/11/26,0,107000,-89204,17796
2008/11/27,0,346000,-5000,341000
2008/11/28,0,158000,-83020,74980
2008/12/01,0,289000,-63000,226000
2008/12/02,0,195000,-246445,-51445
2008/12/03,0,146000,-244000,-98000
2008/12/04,0,154000,-173000,-19000
2008/12/05,0,372200,-517501,-145301
2008/12/08,0,521000,-18215,502785
2008/12/09,0,391000,-114000,277000
2008/12/10,0,590000,-8000,582000
2008/12/11,0,1678000,-875000,803000
2008/12/12,0,108000,-307000,-199000
2008/12/15,0,1653000,-52000,1601000
2008/12/16,0,827000,-363000,464000
2008/12/17,0,2016400,-62000,1954400
2008/12/18,0,1053000,-113000,940000
2008/12/19,0,966000,-102000,864000
2008/12/22,0,1382000,-256000,1126000
2008/12/23,0,857000,-265000,592000
2008/12/24,0,12000,-247000,-235000
2008/12/25,0,8000,-55000,-47000
2008/12/26,0,18000,-26000,-8000
2008/12/29,0,140000,-146000,-6000
2008/12/30,0,203000,-6000,197000
2008/12/31,0,27000,-122000,-95000
2009/01/01,0,0,0,0
2009/01/02,0,0,0,0
2009/01/05,0,215000,-42000,173000
2009/01/06,0,248311,-57000,191311
2009/01/07,0,890000,-30000,860000
2009/01/08,0,710000,-408000,302000
2009/01/09,0,39000,-191000,-152000
2009/01/12,0,171049,-180000,-8951
2009/01/13,0,103000,-44000,59000
2009/01/14,0,4000,-96000,-92000
2009/01/15,0,21000,-388000,-367000
2009/01/16,0,20000,-136000,-116000
2009/01/19,0,0,-34110,-34110
2009/01/20,0,155000,-356000,-201000
2009/01/21,0,171000,-142000,29000
2009/01/22,0,0,0,0
2009/01/23,0,0,0,0
2009/01/26,0,0,0,0
2009/01/27,0,0,0,0
2009/01/28,0,0,0,0
2009/01/29,0,0,0,0
2009/01/30,0,0,0,0
2009/02/02,0,65000,-1884765,-1819765
2009/02/03,0,675000,-581150,93850
2009/02/04,0,643000,-118000,525000
2009/02/05,0,602000,-69000,533000
2009/02/06,0,1772000,-37000,1735000
2009/02/09,0,959000,-28000,931000
2009/02/10,0,2591000,-171000,2420000
2009/02/11,0,1880000,-172145,1707855
2009/02/12,0,487000,-283000,204000
2009/02/13,0,288000,-417000,-129000
2009/02/16,0,50000,-221000,-171000
2009/02/17,0,72000,-897398,-825398
2009/02/18,0,453000,-53000,400000
2009/02/19,0,339000,-616560,-277560
2009/02/20,0,49000,-313000,-264000
2009/02/23,0,209000,-28000,181000
2009/02/24,0,45000,-398180,-353180
2009/02/25,0,248000,-60380,187620
2009/02/26,0,575085,-31570,543515
2009/02/27,0,1235000,-78003,1156997
2009/03/02,0,456571,-426000,30571
2009/03/03,0,235000,-648100,-413100
2009/03/04,0,919085,-600700,318385
2009/03/05,0,162700,-113000,49700
2009/03/06,0,711000,-373410,337590
2009/03/09,0,743000,-456000,287000
2009/03/10,0,119000,-602000,-483000
2009/03/11,0,1312629,-276000,1036629
2009/03/12,0,202000,-349000,-147000
2009/03/13,0,576700,-200000,376700
2009/03/16,0,517000,-248100,268900
2009/03/17,0,360000,-587000,-227000
2009/03/18,0,843000,-236000,607000
2009/03/19,0,1204000,-267000,937000
2009/03/20,0,135000,-363245,-228245
2009/03/23,0,487000,-142000,345000
2009/03/24,0,2122000,-156000,1966000
2009/03/25,0,3316000,-223960,3092040
2009/03/26,0,755000,-309000,446000
2009/03/27,0,487000,-131000,356000
2009/03/30,0,190000,-1833000,-1643000
2009/03/31,0,279000,-721591,-442591
2009/04/01,0,436000,-1571000,-1135000
2009/04/02,0,496000,-387000,109000
2009/04/03,0,600000,-134000,466000
2009/04/06,0,225000,-55000,170000
2009/04/07,0,137000,-179000,-42000
2009/04/08,0,1684000,-403000,1281000
2009/04/09,0,523000,-363000,160000
2009/04/10,0,620000,-131000,489000
2009/04/13,0,556000,-500000,56000
2009/04/14,0,368752,-684000,-315248
2009/04/15,0,145000,-1085620,-940620
2009/04/16,0,675000,-918000,-243000
2009/04/17,0,1086891,-317000,769891
2009/04/20,0,347000,-249000,98000
2009/04/21,0,1064000,-435000,629000
2009/04/22,0,1608000,-595000,1013000
2009/04/23,0,712000,-738000,-26000
2009/04/24,0,448000,-847000,-399000
2009/04/27,0,558153,-82000,476153
2009/04/28,0,204000,-385000,-181000
2009/04/29,0,456000,-1466000,-1010000
2009/04/30,0,722000,-257000,465000
2009/05/01,0,0,0,0
2009/05/04,0,1703796,-1160095,543701
2009/05/05,0,2218065,-2793000,-574935
2009/05/06,0,455000,-792000,-337000
2009/05/07,0,419000,-788000,-369000
2009/05/08,0,347000,-89000,258000
2009/05/11,0,468000,-1314200,-846200
2009/05/12,0,306347,-371000,-64653
2009/05/13,0,461000,-455000,6000
2009/05/14,0,1175000,-1223000,-48000
2009/05/15,0,307000,-316000,-9000
2009/05/18,0,139000,-412000,-273000
2009/05/19,0,803000,-298000,505000
2009/05/20,0,844100,-251000,593100
2009/05/21,0,119000,-533000,-414000
2009/05/22,0,147000,-266000,-119000
2009/05/25,0,71000,-225731,-154731
2009/05/26,0,316000,-1968000,-1652000
2009/05/27,0,605731,-659581,-53850
2009/05/28,0,0,0,0
2009/05/29,0,0,0,0
2009/06/01,0,739000,-144000,595000
2009/06/02,0,1005000,-106000,899000
2009/06/03,0,304000,-169000,135000
2009/06/04,0,648000,-346000,302000
2009/06/05,0,530458,-1371000,-840542
2009/06/08,0,93000,-558000,-465000
2009/06/09,0,596000,-953000,-357000
2009/06/10,0,1247830,-15297,1232533
2009/06/11,0,1214389,-163000,1051389
2009/06/12,0,31000,-309000,-278000
2009/06/15,0,338000,-117000,221000
2009/06/16,0,131000,-1625290,-1494290
2009/06/17,0,641000,-511000,130000
2009/06/18,0,113000,-1312000,-1199000
2009/06/19,0,1200000,-360000,840000
2009/06/22,0,1135000,-472890,662110
2009/06/23,0,32100,-451000,-418900
2009/06/24,0,386000,-390000,-4000
2009/06/25,0,69000,-125000,-56000
2009/06/26,0,111000,-419000,-308000
2009/06/29,0,463000,-424000,39000
2009/06/30,0,399000,-131616,267384
2009/07/01,0,736000,-39000,697000
2009/07/02,0,950000,-224000,726000
2009/07/03,0,89000,-400004,-311004
2009/07/06,0,101000,-140000,-39000
2009/07/07,0,741000,-342210,398790
2009/07/08,0,52000,-681000,-629000
2009/07/09,0,256000,-733000,-477000
2009/07/10,0,222000,-331000,-109000
2009/07/13,0,213000,-258000,-45000
2009/07/14,0,212000,-600340,-388340
2009/07/15,0,203000,-77000,126000
2009/07/16,0,121000,-95000,26000
2009/07/17,0,181000,-583780,-402780
2009/07/20,0,304000,-150000,154000
2009/07/21,0,59000,-167690,-108690
2009/07/22,0,392000,-1892000,-1500000
2009/07/23,0,350000,-1040150,-690150
2009/07/24,0,556000,-2144300,-1588300
2009/07/27,0,207000,-345155,-138155
2009/07/28,0,664000,-799000,-135000
2009/07/29,0,375854,-343000,32854
2009/07/30,0,400000,-765000,-365000
2009/07/31,0,166000,-560000,-394000
2009/08/03,0,216000,-349000,-133000
2009/08/04,0,212000,-532000,-320000
2009/08/05,0,207000,-630000,-423000
2009/08/06,0,24000,-699000,-675000
2009/08/07,0,0,0,0
2009/08/10,0,82000,-724464,-642464
2009/08/11,0,461000,-1280000,-819000
2009/08/12,0,124000,-664000,-540000
2009/08/13,0,375000,-679000,-304000
2009/08/14,0,1037000,-569000,468000
2009/08/17,0,1558000,-1199000,359000
2009/08/18,0,3103000,-1358000,1745000
2009/08/19,0,726000,-1368177,-642177
2009/08/20,0,282000,-2061000,-1779000
2009/08/21,0,562000,-1481840,-919840
2009/08/24,0,228000,-314000,-86000
2009/08/25,0,122000,-1283000,-1161000
2009/08/26,0,134000,-1009000,-875000
2009/08/27,0,263000,-1005000,-742000
2009/08/28,0,171000,-1784000,-1613000
2009/08/31,0,150000,-842905,-692905
2009/09/01,0,532000,-1184304,-652304
2009/09/02,0,128000,-771000,-643000
2009/09/03,0,387000,-959000,-572000
2009/09/04,0,179000,-1141000,-962000
2009/09/07,0,575000,-572000,3000
2009/09/08,0,1484000,-885400,598600
2009/09/09,0,175000,-448000,-273000
2009/09/10,0,567000,-589860,-22860
2009/09/11,0,670000,-3059284,-2389284
2009/09/14,0,499000,-434000,65000
2009/09/15,0,308000,-180200,127800
2009/09/16,0,375000,-196000,179000
2009/09/17,0,245000,-627320,-382320
2009/09/18,0,3063000,-226000,2837000
2009/09/21,0,2473600,-181000,2292600
2009/09/22,0,25000,-309000,-284000
2009/09/23,0,253000,-197255,55745
2009/09/24,0,860000,-870000,-10000
2009/09/25,0,113000,-152810,-39810
2009/09/28,0,458000,-268000,190000
2009/09/29,0,1535000,-133000,1402000
2009/09/30,0,383000,-251380,131620
2009/10/01,0,486000,-295000,191000
2009/10/02,0,80000,-187000,-107000
2009/10/05,0,344000,-163000,181000
2009/10/06,0,409000,-1760769,-1351769
2009/10/07,0,2033000,-3536060,-1503060
2009/10/08,0,493000,-47300,445700
2009/10/09,0,343000,-112000,231000
2009/10/12,0,255000,-313000,-58000
2009/10/13,0,823110,-183001,640109
2009/10/14,0,1039000,-215000,824000
2009/10/15,0,1143000,-269000,874000
2009/10/16,0,154000,-280000,-126000
2009/10/19,0,375000,-86206,288794
2009/10/20,0,211000,-169000,42000
2009/10/21,0,777000,-165000,612000
2009/10/22,0,1160000,-1140000,20000
2009/10/23,0,1233000,-722000,511000
2009/10/26,0,1162000,-591000,571000
2009/10/27,0,382000,-108000,274000
2009/10/28,0,741000,-162300,578700
2009/10/29,0,725000,-394000,331000
2009/10/30,0,107000,-680000,-573000
2009/11/02,0,147000,-261000,-114000
2009/11/03,0,598000,-319000,279000
2009/11/04,0,1497000,-922628,574372
2009/11/05,0,1201000,-220000,981000
2009/11/06,0,671000,-436000,235000
2009/11/09,0,138000,0,138000
2009/11/10,0,172000,-164393,7607
2009/11/11,0,216000,-54000,162000
2009/11/12,0,1312000,-520000,792000
2009/11/13,0,1574000,-233000,1341000
2009/11/16,0,245000,-181000,64000
2009/11/17,0,1625000,-61000,1564000
2009/11/18,0,364500,-319000,45500
2009/11/19,0,712000,-108000,604000
2009/11/20,0,444000,-1845000,-1401000
2009/11/23,0,80000,-772000,-692000
2009/11/24,0,496000,-3505000,-3009000
2009/11/25,0,980000,-1310000,-330000
2009/11/26,0,549000,-1372000,-823000
2009/11/27,0,744000,-1803000,-1059000
2009/11/30,0,255351,-578235,-322884
2009/12/01,0,236000,-713696,-477696
2009/12/02,0,755000,-488000,267000
2009/12/03,0,418644,-918000,-499356
2009/12/04,0,891000,-192000,699000
2009/12/07,0,295000,-795000,-500000
2009/12/08,0,211000,-163000,48000
2009/12/09,0,462000,-62830,399170
2009/12/10,0,151000,-1380120,-1229120
2009/12/11,0,288000,-352560,-64560
2009/12/14,0,559000,-1081000,-522000
2009/12/15,0,422000,-889000,-467000
2009/12/16,0,219000,-128000,91000
2009/12/17,0,1436250,-861000,575250
2009/12/18,0,50000,-259000,-209000
2009/12/21,0,537000,-390000,147000
2009/12/22,0,274000,-16000,258000
2009/12/23,0,300000,-36436,263564
2009/12/24,0,582000,-230000,352000
2009/12/25,0,97000,-4000,93000
2009/12/28,0,313000,-33000,280000
2009/12/29,0,249000,-37000,212000
2009/12/30,0,401000,-172015,228985
2009/12/31,0,120000,-364000,-244000
2010/01/01,0,0,0,0
2010/01/04,0,62000,-169000,-107000
2010/01/05,0,283000,-1972000,-1689000
2010/01/06,0,306000,-848000,-542000
2010/01/07,0,1175000,-8723919,-7548919
2010/01/08,0,487930,-1783000,-1295070
2010/01/11,0,1211000,-133000,1078000
2010/01/12,0,948000,-644000,304000
2010/01/13,0,458000,-227000,231000
2010/01/14,0,249266,-727660,-478394
2010/01/15,0,675000,-329000,346000
2010/01/18,0,35000,-161000,-126000
2010/01/19,0,1981000,-1340130,640870
2010/01/20,0,1731000,-1111000,620000
2010/01/21,0,6377000,-245000,6132000
2010/01/22,0,2193000,-918000,1275000
2010/01/25,0,4140000,-505000,3635000
2010/01/26,0,1664000,-918000,746000
2010/01/27,0,426000,-848520,-422520
2010/01/28,0,2158000,-662000,1496000
2010/01/29,0,1644000,-915300,728700
2010/02/01,0,905000,-1017220,-112220
2010/02/02,0,764000,-680730,83270
2010/02/03,0,103860,-168771,-64911
2010/02/04,0,181000,-731000,-550000
2010/02/05,0,82000,-639180,-557180
2010/02/08,0,62624,-275000,-212376
2010/02/09,0,123000,-1036000,-913000
2010/02/10,0,145000,-211000,-66000
2010/02/11,0,0,0,0
2010/02/12,0,0,0,0
2010/02/15,0,0,0,0
2010/02/16,0,0,0,0
2010/02/17,0,0,0,0
2010/02/18,0,0,0,0
2010/02/19,0,0,0,0
2010/02/22,0,342000,-268000,74000
2010/02/23,0,911000,-101000,810000
2010/02/24,0,320000,-201000,119000
2010/02/25,0,186000,-1708000,-1522000
2010/02/26,0,351000,-1522333,-1171333
2010/03/01,0,358000,-107000,251000
2010/03/02,0,797000,-1119000,-322000
2010/03/03,0,1865000,-532000,1333000
2010/03/04,0,106000,-282000,-176000
2010/03/05,0,372000,-492000,-120000
2010/03/08,0,161000,-99000,62000
2010/03/09,0,1361580,-355000,1006580
2010/03/10,0,521000,-71341,449659
2010/03/11,0,1813000,-42000,1771000
2010/03/12,0,318000,-77000,241000
2010/03/15,0,239000,-401000,-162000
2010/03/16,0,175000,-308000,-133000
2010/03/17,0,3156000,-151000,3005000
2010/03/18,0,674000,-1060000,-386000
2010/03/19,0,658000,-1157000,-499000
2010/03/22,0,801000,-195120,605880
2010/03/23,0,1570000,-388000,1182000
2010/03/24,0,1506000,-435000,1071000
2010/03/25,0,198000,-252000,-54000
2010/03/26,0,1016000,-111324,904676
2010/03/29,0,952000,-374000,578000
2010/03/30,0,1161000,-380000,781000
2010/03/31,0,1183000,-134620,1048380
2010/04/01,0,1292000,-211620,1080380
2010/04/02,0,156000,-27000,129000
2010/04/05,0,0,0,0
2010/04/06,0,488000,-23000,465000
2010/04/07,0,454810,-33000,421810
2010/04/08,0,904000,-128000,776000
2010/04/09,0,268000,-316650,-48650
2010/04/12,0,1660560,-1293000,367560
2010/04/13,0,15000,-702000,-687000
2010/04/14,0,111000,-59430,51570
2010/04/15,0,344000,-25000,319000
2010/04/16,0,79310,-121000,-41690
2010/04/19,0,273040,-751000,-477960
2010/04/20,0,100000,-312300,-212300
2010/04/21,0,1235200,-666000,569200
2010/04/22,0,689000,-5423500,-4734500
2010/04/23,0,618302,-264000,354302
2010/04/26,0,1568000,-13000,1555000
2010/04/27,0,441000,-1628000,-1187000
2010/04/28,0,29000,-1602280,-1573280
2010/04/29,0,1355000,-839900,515100
2010/04/30,0,1367000,-404000,963000
2010/05/03,0,375000,-351000,24000
2010/05/04,0,1044000,-1276000,-232000
2010/05/05,0,1648000,-1898970,-250970
2010/05/06,0,131000,-1316000,-1185000
2010/05/07,0,158000,-1424150,-1266150
2010/05/10,0,65530,-302850,-237320
2010/05/11,0,799000,-2958055,-2159055
2010/05/12,0,298254,-865000,-566746
2010/05/13,0,175000,-587000,-412000
2010/05/14,0,492000,-398000,94000
2010/05/17,0,239000,-1157000,-918000
2010/05/18,0,162000,-63000,99000
2010/05/19,0,789000,-2455040,-1666040
2010/05/20,0,1212000,-264000,948000
2010/05/21,0,147000,-1514570,-1367570
2010/05/24,0,816000,-61000,755000
2010/05/25,0,416000,-308000,108000
2010/05/26,0,1099000,-1987000,-888000
2010/05/27,0,436961,-157670,279291
2010/05/28,0,709000,-472000,237000
2010/05/31,0,233000,-57000,176000
2010/06/01,0,63000,-555600,-492600
2010/06/02,0,276000,-306000,-30000
2010/06/03,0,139000,-114000,25000
2010/06/04,0,264000,-831000,-567000
2010/06/07,0,298668,-2181070,-1882402
2010/06/08,0,203000,-221000,-18000
2010/06/09,0,410000,-250000,160000
2010/06/10,0,476000,-825000,-349000
2010/06/11,0,227074,-181000,46074
2010/06/14,0,1080074,0,1080074
2010/06/15,0,516149,-90680,425469
2010/06/16,0,0,0,0
2010/06/17,0,334290,-113000,221290
2010/06/18,0,69009,-248532,-179523
2010/06/21,0,966836,-553457,413379
2010/06/22,0,692373,-71000,621373
2010/06/23,0,374057,-135595,238462
2010/06/24,0,47000,-275710,-228710
2010/06/25,0,550465,-314000,236465
2010/06/28,0,709000,-322000,387000
2010/06/29,0,807000,-2726000,-1919000
2010/06/30,0,668000,-1421000,-753000
2010/07/01,0,1704000,-915910,788090
2010/07/02,0,1218000,-2473690,-1255690
2010/07/05,0,127694,-2604000,-2476306
2010/07/06,0,638000,-1185000,-547000
2010/07/07,0,912415,-483000,429415
2010/07/08,0,163000,-490000,-327000
2010/07/09,0,193000,-859443,-666443
2010/07/12,0,1156003,-219360,936643
2010/07/13,0,161000,-710000,-549000
2010/07/14,0,651768,-55000,596768
2010/07/15,0,136000,-196000,-60000
2010/07/16,0,100295,-100000,295
2010/07/19,0,209000,-53000,156000
2010/07/20,0,718000,-164000,554000
2010/07/21,0,1097000,-98000,999000
2010/07/22,0,1506000,-640600,865400
2010/07/23,0,972000,-378400,593600
2010/07/26,0,242290,-63000,179290
2010/07/27,0,346690,-160000,186690
2010/07/28,0,830000,-129000,701000
2010/07/29,0,201000,-378461,-177461
2010/07/30,0,141412,-588000,-446588
2010/08/02,0,781000,-295000,486000
2010/08/03,0,55000,-1727000,-1672000
2010/08/04,0,317000,-988000,-671000
2010/08/05,0,395000,-37000,358000
2010/08/06,0,274000,-167000,107000
2010/08/09,0,1827000,-1429000,398000
2010/08/10,0,52000,-594000,-542000
2010/08/11,0,64000,-155361,-91361
2010/08/12,0,308000,-360000,-52000
2010/08/13,0,558850,-774203,-215353
2010/08/16,0,741000,-38000,703000
2010/08/17,0,206000,-73000,133000
2010/08/18,0,467000,-291000,176000
2010/08/19,0,744000,-1089000,-345000
2010/08/20,0,83000,-114556,-31556
2010/08/23,0,600000,-673000,-73000
2010/08/24,0,11000,-325000,-314000
2010/08/25,0,318000,-547000,-229000
2010/08/26,0,858000,-571000,287000
2010/08/27,0,543000,-314165,228835
2010/08/30,0,301820,-66000,235820
2010/08/31,0,227000,-461359,-234359
2010/09/01,0,79000,-510000,-431000
2010/09/02,0,84000,-228518,-144518
2010/09/03,0,841000,-328000,513000
2010/09/06,0,778000,-322000,456000
2010/09/07,0,126359,-142350,-15991
2010/09/08,0,374400,-574075,-199675
2010/09/09,0,1776700,-116000,1660700
2010/09/10,0,173490,-313000,-139510
2010/09/13,0,457000,-360227,96773
2010/09/14,0,140831,-162000,-21169
2010/09/15,0,418879,-469000,-50121
2010/09/16,0,327000,-52000,275000
2010/09/17,0,242000,-364000,-122000
2010/09/20,0,93000,-51000,42000
2010/09/21,0,234000,-18000,216000
2010/09/22,0,0,0,0
2010/09/23,0,246000,-329481,-83481
2010/09/24,0,1332830,-177000,1155830
2010/09/27,0,974140,-433000,541140
2010/09/28,0,875770,-671700,204070
2010/09/29,0,3867000,-2765000,1102000
2010/09/30,0,232000,-909000,-677000
2010/10/01,0,730140,-485000,245140
2010/10/04,0,462450,-375000,87450
2010/10/05,0,1628110,-451820,1176290
2010/10/06,0,2389900,-1334000,1055900
2010/10/07,0,591010,-302000,289010
2010/10/08,0,157030,-457000,-299970
2010/10/11,0,1006300,-375000,631300
2010/10/12,0,189470,-370000,-180530
2010/10/13,0,225140,-515000,-289860
2010/10/14,0,945930,-538000,407930
2010/10/15,0,2964250,-95000,2869250
2010/10/18,0,299000,-552000,-253000
2010/10/19,0,559330,-1106000,-546670
2010/10/20,0,3472000,-256000,3216000
2010/10/21,0,5244000,-1449000,3795000
2010/10/22,0,1159000,-354000,805000
2010/10/25,0,2336000,-327000,2009000
2010/10/26,0,555000,-558058,-3058
2010/10/27,0,384200,-312000,72200
2010/10/28,0,1779461,-1037000,742461
2010/10/29,0,558000,-17000,541000
2010/11/01,0,1359000,-449000,910000
2010/11/02,0,569000,-317000,252000
2010/11/03,0,1193000,-196000,997000
2010/11/04,0,2422000,-423000,1999000
2010/11/05,0,284000,-199457,84543
2010/11/08,0,107000,-11000,96000
2010/11/09,0,664000,-51000,613000
2010/11/10,0,2867000,-2112410,754590
2010/11/11,0,2596000,-23788,2572212
2010/11/12,0,4763000,-577000,4186000
2010/11/15,0,1227645,-456000,771645
2010/11/16,0,1167000,-253000,914000
2010/11/17,0,300000,-569000,-269000
2010/11/18,0,272000,-127640,144360
2010/11/19,0,811640,-165000,646640
2010/11/22,0,1408350,-427000,981350
2010/11/23,0,1600330,-491065,1109265
2010/11/24,0,509000,-368000,141000
2010/11/25,0,1968000,-58000,1910000
2010/11/26,0,1756000,-384000,1372000
2010/11/29,0,279000,-1396956,-1117956
2010/11/30,0,889572,-195693,693879
2010/12/01,0,777000,-1036000,-259000
2010/12/02,0,2588000,-491899,2096101
2010/12/03,0,3802000,-359000,3443000
2010/12/06,0,1460000,-291000,1169000
2010/12/07,0,1081980,-340000,741980
2010/12/08,0,540000,-245000,295000
2010/12/09,0,3234000,-531000,2703000
2010/12/10,0,1356478,-1271000,85478
2010/12/13,0,1810522,-223000,1587522
2010/12/14,0,2088000,-604000,1484000
2010/12/15,0,2104000,-274000,1830000
2010/12/16,0,2289000,-223634,2065366
2010/12/17,0,1391000,-223000,1168000
2010/12/20,0,2299070,-279000,2020070
2010/12/21,0,981000,-782060,198940
2010/12/22,0,519000,-205928,313072
2010/12/23,0,267000,-201820,65180
2010/12/24,0,677000,-135000,542000
2010/12/27,0,1980000,-170000,1810000
2010/12/28,0,1942000,-23000,1919000
2010/12/29,0,678430,-3000,675430
2010/12/30,0,1414000,-163000,1251000
2010/12/31,0,1548000,-694427,853573
2011/01/03,0,422000,-413000,9000
2011/01/04,0,306000,-628000,-322000
2011/01/05,0,924000,-388870,535130
2011/01/06,0,1536000,-361000,1175000
2011/01/07,0,178000,-1240000,-1062000
2011/01/10,0,479000,-258000,221000
2011/01/11,0,3825000,-4363000,-538000
2011/01/12,0,2102000,-1539000,563000
2011/01/13,0,983693,-1450000,-466307
2011/01/14,0,741000,-129000,612000
2011/01/17,0,407452,-149000,258452
2011/01/18,0,1475000,-841090,633910
2011/01/19,0,805000,-42000,763000
2011/01/20,0,502577,-99000,403577
2011/01/21,0,821000,-154000,667000
2011/01/24,0,327000,-337000,-10000
2011/01/25,0,209000,-23000,186000
2011/01/26,0,340000,-353730,-13730
2011/01/27,0,281000,-316520,-35520
2011/01/28,0,775560,-713300,62260
2011/01/31,0,0,0,0
2011/02/01,0,0,0,0
2011/02/02,0,0,0,0
2011/02/03,0,0,0,0
2011/02/04,0,0,0,0
2011/02/07,0,0,0,0
2011/02/08,0,324000,-334000,-10000
2011/02/09,0,121000,-272290,-151290
2011/02/10,0,168000,-608540,-440540
2011/02/11,0,224000,-831000,-607000
2011/02/14,0,288000,-771800,-483800
2011/02/15,0,612000,-2150000,-1538000
2011/02/16,0,1693000,-764000,929000
2011/02/17,0,1247000,-2708860,-1461860
2011/02/18,0,664000,-3128247,-2464247
2011/02/21,0,123000,-1382000,-1259000
2011/02/22,0,703315,-630000,73315
2011/02/23,0,1415400,-3609105,-2193705
2011/02/24,0,678000,-738000,-60000
2011/02/25,0,937000,-1410910,-473910
2011/02/28,0,0,0,0
2011/03/01,0,1107000,-2190000,-1083000
2011/03/02,0,284000,-666000,-382000
2011/03/03,0,768000,-1090280,-322280
2011/03/04,0,2741300,-2473000,268300
2011/03/07,0,367000,-937000,-570000
2011/03/08,0,264000,-171000,93000
2011/03/09,0,470000,-524053,-54053
2011/03/10,0,1709515,-775360,934155
2011/03/11,0,1018000,-1525800,-507800
2011/03/14,0,464000,-1392718,-928718
2011/03/15,0,522000,-973700,-451700
2011/03/16,0,3992000,-5715000,-1723000
2011/03/17,0,9909000,-7992000,1917000
2011/03/18,0,5585000,-2284803,3300197
2011/03/21,0,1457000,-2497000,-1040000
2011/03/22,0,257175,-511000,-253825
2011/03/23,0,994000,-817000,177000
2011/03/24,0,857000,-2002000,-1145000
2011/03/25,0,895989,-2146000,-1250011
2011/03/28,0,1620000,-1250000,370000
2011/03/29,0,1103300,-1136000,-32700
2011/03/30,0,4196000,-33000,4163000
2011/03/31,0,6826000,-1988532,4837468
2011/04/01,0,2784000,-838000,1946000
2011/04/04,0,0,0,0
2011/04/05,0,0,0,0
2011/04/06,0,1017822,-1102000,-84178
2011/04/07,0,1468000,-3130000,-1662000
2011/04/08,0,757604,-649000,108604
2011/04/11,0,1234000,-1306000,-72000
2011/04/12,0,564034,-542000,22034
2011/04/13,0,608000,-547000,61000
2011/04/14,0,1516000,-1391000,125000
2011/04/15,0,2164000,-1482000,682000
2011/04/18,0,252000,-261458,-9458
2011/04/19,0,221000,-297000,-76000
2011/04/20,0,127000,-972654,-845654
2011/04/21,0,489000,-130000,359000
2011/04/22,0,511000,-366000,145000
2011/04/25,0,1080000,-398000,682000
2011/04/26,0,310000,-213114,96886
2011/04/27,0,974000,-74100,899900
2011/04/28,0,2404724,-1178000,1226724
2011/04/29,0,550000,-1254100,-704100
2011/05/02,0,0,0,0
2011/05/03,0,603000,-352000,251000
2011/05/04,0,768000,-1093000,-325000
2011/05/05,0,645000,-490000,155000
2011/05/06,0,935000,-1123000,-188000
2011/05/09,0,435000,-510000,-75000
2011/05/10,0,299000,-576000,-277000
2011/05/11,0,162000,-885000,-723000
2011/05/12,0,3051000,-3226000,-175000
2011/05/13,0,646000,-1002404,-356404
2011/05/16,0,830000,-1401128,-571128
2011/05/17,0,510000,-909400,-399400
2011/05/18,0,204000,-2125000,-1921000
2011/05/19,0,529000,-391800,137200
2011/05/20,0,57000,-251000,-194000
2011/05/23,0,314000,-584463,-270463
2011/05/24,0,387000,-575715,-188715
2011/05/25,0,388000,-886000,-498000
2011/05/26,0,211000,-858778,-647778
2011/05/27,0,22000,-1243000,-1221000
2011/05/30,0,393000,-335000,58000
2011/05/31,0,324000,-1475763,-1151763
2011/06/01,0,1404078,-2556132,-1152054
2011/06/02,0,946000,-1291000,-345000
2011/06/03,0,482000,-1250000,-768000
2011/06/06,0,0,0,0
2011/06/07,0,222000,-1718000,-1496000
2011/06/08,0,440000,-2036000,-1596000
2011/06/09,0,687000,-104905,582095
2011/06/10,0,220269,-1205000,-984731
2011/06/13,0,740000,-1124361,-384361
2011/06/14,0,1819000,-200000,1619000
2011/06/15,0,2127000,-1867450,259550
2011/06/16,0,779000,-868662,-89662
2011/06/17,0,270000,-1307338,-1037338
2011/06/20,0,720000,-382484,337516
2011/06/21,0,755000,-1307000,-552000
2011/06/22,0,541000,-2329000,-1788000
2011/06/23,0,957849,-2981180,-2023331
2011/06/24,0,372000,-1969464,-1597464
2011/06/27,0,916209,-1516782,-600573
2011/06/28,0,312000,-559951,-247951
2011/06/29,0,323000,-583000,-260000
2011/06/30,0,575000,-3005000,-2430000
2011/07/01,0,1194676,-2692000,-1497324
2011/07/04,0,168494,-1239270,-1070776
2011/07/05,0,1045312,-1325000,-279688
2011/07/06,0,849000,-4451410,-3602410
2011/07/07,0,301000,-918000,-617000
2011/07/08,0,1486000,-2087000,-601000
2011/07/11,0,398000,-331000,67000
2011/07/12,0,941151,-187000,754151
2011/07/13,0,462000,-1524000,-1062000
2011/07/14,0,1606000,-960000,646000
2011/07/15,0,106750,-1763000,-1656250
2011/07/18,0,445000,-1526000,-1081000
2011/07/19,0,1236000,-1266500,-30500
2011/07/20,0,1978000,-3083000,-1105000
2011/07/21,0,1383142,-1175000,208142
2011/07/22,0,417000,-2958000,-2541000
2011/07/25,0,701705,-1633000,-931295
2011/07/26,0,866000,-194000,672000
2011/07/27,0,644441,-3281000,-2636559
2011/07/28,0,397000,-1169000,-772000
2011/07/29,0,815659,-977000,-161341
2011/08/01,0,678199,-1095000,-416801
2011/08/02,0,389000,-1194800,-805800
2011/08/03,0,275000,-1858295,-1583295
2011/08/04,0,1634000,-1822900,-188900
2011/08/05,0,4325000,-1178000,3147000
2011/08/08,0,2398000,-2193600,204400
2011/08/09,0,2241000,-3180692,-939692
2011/08/10,0,2055000,-4315300,-2260300
2011/08/11,0,1467000,-968898,498102
2011/08/12,0,1152000,-1011371,140629
2011/08/15,0,183738,-67000,116738
2011/08/16,0,512000,-290000,222000
2011/08/17,0,413000,-521000,-108000
2011/08/18,0,1275764,-565000,710764
2011/08/19,0,562000,-721000,-159000
2011/08/22,0,407000,-1018000,-611000
2011/08/23,0,1977000,-1312902,664098
2011/08/24,0,275000,-1057000,-782000
2011/08/25,0,1454000,-347076,1106924
2011/08/26,0,977000,-388000,589000
2011/08/29,0,603000,-598000,5000
2011/08/30,0,2866000,-479000,2387000
2011/08/31,0,2372204,-276000,2096204
2011/09/01,0,2089000,-287595,1801405
2011/09/02,0,421000,-391000,30000
2011/09/05,0,357000,-593546,-236546
2011/09/06,0,474000,-2079775,-1605775
2011/09/07,0,1032000,-486000,546000
2011/09/08,0,276000,-258000,18000
2011/09/09,0,321000,-254000,67000
2011/09/12,0,0,0,0
2011/09/13,0,1549000,-849000,700000
2011/09/14,0,1825000,-543673,1281327
2011/09/15,0,3624000,-344010,3279990
2011/09/16,0,4654000,-235000,4419000
2011/09/19,0,511000,-1375000,-864000
2011/09/20,0,764630,-692000,72630
2011/09/21,0,1175000,-134000,1041000
2011/09/22,0,850407,-2072000,-1221593
2011/09/23,0,492000,-423000,69000
2011/09/26,0,205000,-737000,-532000
2011/09/27,0,670000,-1458000,-788000
2011/09/28,0,402424,-82000,320424
2011/09/29,0,724000,-211000,513000
2011/09/30,0,675000,-382000,293000
2011/10/03,0,73000,-894000,-821000
2011/10/04,0,767150,-1582000,-814850
2011/10/05,0,560150,-688000,-127850
2011/10/06,0,534000,-1436527,-902527
2011/10/07,0,756000,-1502000,-746000
2011/10/10,0,0,0,0
2011/10/11,0,2421000,-1918500,502500
2011/10/12,0,1104000,-1830009,-726009
2011/10/13,0,2706000,-1096000,1610000
2011/10/14,0,1242000,-2788000,-1546000
2011/10/17,0,2027000,-805000,1222000
2011/10/18,0,409000,-1894000,-1485000
2011/10/19,0,555000,-876000,-321000
2011/10/20,0,573000,-1315000,-742000
2011/10/21,0,904067,-1727000,-822933
2011/10/24,0,3527000,-118000,3409000
2011/10/25,0,1356000,-455067,900933
2011/10/26,0,645000,-605000,40000
2011/10/27,0,1872000,-729000,1143000
2011/10/28,0,8320000,-983000,7337000
2011/10/31,0,3720000,-1426000,2294000
2011/11/01,0,1500000,-482085,1017915
2011/11/02,0,853000,-1361000,-508000
2011/11/03,0,2192000,-442000,1750000
2011/11/04,0,194000,-286000,-92000
2011/11/07,0,726000,-638000,88000
2011/11/08,0,723892,-330000,393892
2011/11/09,0,230000,-837000,-607000
2011/11/10,0,860000,-1075000,-215000
2011/11/11,0,46000,-930000,-884000
2011/11/14,0,1658000,-945900,712100
2011/11/15,0,1607000,-832100,774900
2011/11/16,0,89000,-968000,-879000
2011/11/17,0,521000,-1175320,-654320
2011/11/18,0,63000,-491000,-428000
2011/11/21,0,451000,-324000,127000
2011/11/22,0,151000,-972000,-821000
2011/11/23,0,295000,-1308000,-1013000
2011/11/24,0,1125000,-1230000,-105000
2011/11/25,0,337000,-442000,-105000
2011/11/28,0,462312,-199000,263312
2011/11/29,0,746000,-372000,374000
2011/11/30,0,512000,-2306000,-1794000
2011/12/01,0,1480000,-4135786,-2655786
2011/12/02,0,714000,-2375000,-1661000
2011/12/05,0,1116000,-2655000,-1539000
2011/12/06,0,3536000,-2698000,838000
2011/12/07,0,2376000,-1125000,1251000
2011/12/08,0,1794000,-2467000,-673000
2011/12/09,0,1429000,-3478000,-2049000
2011/12/12,0,3202000,-3987000,-785000
2011/12/13,0,2239000,-4433000,-2194000
2011/12/14,0,2743000,-3444000,-701000
2011/12/15,0,1916000,-3666000,-1750000
2011/12/16,0,41000,-1044000,-1003000
2011/12/19,0,818000,-260000,558000
2011/12/20,0,1403300,-816000,587300
2011/12/21,0,184000,-1218300,-1034300
2011/12/22,0,688000,-2548000,-1860000
2011/12/23,0,527000,-2273000,-1746000
2011/12/26,0,63000,-636000,-573000
2011/12/27,0,228000,-328000,-100000
2011/12/28,0,417200,-90000,327200
2011/12/29,0,766000,-92000,674000
2011/12/30,0,335000,-169000,166000
2012/01/02,0,159000,-67000,92000
2012/01/03,0,524000,-28000,496000
2012/01/04,0,132000,-540000,-408000
2012/01/05,0,235000,-824000,-589000
2012/01/06,0,415000,-1215000,-800000
2012/01/09,0,404200,-1054000,-649800
2012/01/10,0,585000,-1716400,-1131400
2012/01/11,0,1084000,-1168000,-84000
2012/01/12,0,329000,-537000,-208000
2012/01/13,0,697000,-2328000,-1631000
2012/01/16,0,592000,-682000,-90000
2012/01/17,0,1054000,-59000,995000
2012/01/18,0,943000,-943000,0
2012/01/19,0,0,0,0
2012/01/20,0,0,0,0
2012/01/23,0,0,0,0
2012/01/24,0,0,0,0
2012/01/25,0,0,0,0
2012/01/26,0,0,0,0
2012/01/27,0,0,0,0
2012/01/30,0,275000,-214000,61000
2012/01/31,0,2798000,-2287500,510500
2012/02/01,0,1386421,-5398000,-4011579
2012/02/02,0,1929000,-5787000,-3858000
2012/02/03,0,154000,-1215000,-1061000
2012/02/06,0,203000,-198000,5000
2012/02/07,0,2201000,-2925000,-724000
2012/02/08,0,2468000,-1274000,1194000
2012/02/09,0,986000,-592744,393256
2012/02/10,0,678000,-857000,-179000
2012/02/13,0,928100,-228000,700100
2012/02/14,0,877000,-205642,671358
2012/02/15,0,1161252,-448000,713252
2012/02/16,0,486000,-141000,345000
2012/02/17,0,645000,-700000,-55000
2012/02/20,0,231000,-327000,-96000
2012/02/21,0,1096000,-644000,452000
2012/02/22,0,430000,-483100,-53100
2012/02/23,0,2036000,-2257000,-221000
2012/02/24,0,2434000,-755000,1679000
2012/02/27,0,0,0,0
2012/02/28,0,0,0,0
2012/02/29,0,1335100,-1210150,124950
2012/03/01,0,152534,-771000,-618466
2012/03/02,0,581223,-429456,151767
2012/03/05,0,371000,-196000,175000
2012/03/06,0,774000,-308000,466000
2012/03/07,0,210000,-789000,-579000
2012/03/08,0,1050100,-274000,776100
2012/03/09,0,924000,-181000,743000
2012/03/12,0,174000,-330000,-156000
2012/03/13,0,992000,-580000,412000
2012/03/14,0,1158000,-261653,896347
2012/03/15,0,912000,-873200,38800
2012/03/16,0,829000,-785047,43953
2012/03/19,0,167000,-610000,-443000
2012/03/20,0,226000,-131000,95000
2012/03/21,0,202000,-426000,-224000
2012/03/22,0,483000,-1383000,-900000
2012/03/23,0,66000,-264000,-198000
2012/03/26,0,55000,-716000,-661000
2012/03/27,0,551000,-135600,415400
2012/03/28,0,298000,-50000,248000
2012/03/29,0,465000,-1421000,-956000
2012/03/30,0,568000,-2019000,-1451000
2012/04/02,0,163000,-187000,-24000
2012/04/03,0,1323540,-652000,671540
2012/04/04,0,0,0,0
2012/04/05,0,837000,-405000,432000
2012/04/06,0,1106000,-1435374,-329374
2012/04/09,0,285000,-190000,95000
2012/04/10,0,705000,-575000,130000
2012/04/11,0,657000,-270527,386473
2012/04/12,0,193000,-649252,-456252
2012/04/13,0,553204,-377760,175444
2012/04/16,0,324000,-289000,35000
2012/04/17,0,185000,-328000,-143000
2012/04/18,0,581000,-436000,145000
2012/04/19,0,754000,-1779000,-1025000
2012/04/20,0,613000,-419352,193648
2012/04/23,0,583000,-826000,-243000
2012/04/24,0,779000,-391000,388000
2012/04/25,0,409000,-658000,-249000
2012/04/26,0,104000,-1057000,-953000
2012/04/27,0,163000,-878000,-715000
2012/04/30,0,155000,-139150,15850
2012/05/01,0,0,0,0
2012/05/02,0,1461000,-336000,1125000
2012/05/03,0,190000,-592000,-402000
2012/05/04,0,1175000,-255000,920000
2012/05/07,0,189000,-318000,-129000
2012/05/08,0,66000,-195000,-129000
2012/05/09,0,679000,-491000,188000
2012/05/10,0,368000,-1108079,-740079
2012/05/11,0,72000,-554000,-482000
2012/05/14,0,60000,-360000,-300000
2012/05/15,0,73000,-631870,-558870
2012/05/16,0,1246000,-1152200,93800
2012/05/17,0,845000,-648770,196230
2012/05/18,0,591000,-2156000,-1565000
2012/05/21,0,210000,-560000,-350000
2012/05/22,0,829000,-600000,229000
2012/05/23,0,158852,-433000,-274148
2012/05/24,0,1161000,-355000,806000
2012/05/25,0,193000,-1223000,-1030000
2012/05/28,0,304000,-251000,53000
2012/05/29,0,151000,-306000,-155000
2012/05/30,0,752000,-1973051,-1221051
2012/05/31,0,1226886,-1237291,-10405
2012/06/01,0,1220000,-1295718,-75718
2012/06/04,0,973441,-935000,38441
2012/06/05,0,1680456,-943000,737456
2012/06/06,0,140000,-624000,-484000
2012/06/07,0,191425,-1268000,-1076575
2012/06/08,0,330546,-43000,287546
2012/06/11,0,308000,-427000,-119000
2012/06/12,0,174000,-243000,-69000
2012/06/13,0,157000,-273000,-116000
2012/06/14,0,165000,-111723,53277
2012/06/15,0,520000,-695257,-175257
2012/06/18,0,458000,-191000,267000
2012/06/19,0,544000,-2187000,-1643000
2012/06/20,0,418000,-3478000,-3060000
2012/06/21,0,588910,-1221000,-632090
2012/06/22,0,812000,-244000,568000
2012/06/25,0,134000,-274000,-140000
2012/06/26,0,150000,-654000,-504000
2012/06/27,0,187000,-964000,-777000
2012/06/28,0,291000,-1053000,-762000
2012/06/29,0,639000,-227000,412000
2012/07/02,0,314000,-273000,41000
2012/07/03,0,386000,-55000,331000
2012/07/04,0,313000,-867000,-554000
2012/07/05,0,68000,-1350000,-1282000
2012/07/06,0,258000,-626000,-368000
2012/07/09,0,96000,-893000,-797000
2012/07/10,0,146000,-260000,-114000
2012/07/11,0,49000,-1094000,-1045000
2012/07/12,0,397000,-1593000,-1196000
2012/07/13,0,306000,-429772,-123772
2012/07/16,0,56000,-348000,-292000
2012/07/17,0,524000,-194000,330000
2012/07/18,0,290000,-542000,-252000
2012/07/19,0,1550000,-187000,1363000
2012/07/20,0,88000,-246000,-158000
2012/07/23,0,236000,-663000,-427000
2012/07/24,0,728000,-206000,522000
2012/07/25,0,233000,-825000,-592000
2012/07/26,0,1876000,-1044915,831085
2012/07/27,0,770000,-210000,560000
2012/07/30,0,241569,-20000,221569
2012/07/31,0,454000,-323722,130278
2012/08/01,0,422000,-255000,167000
2012/08/02,0,0,0,0
2012/08/03,0,546783,-153000,393783
2012/08/06,0,675000,-409000,266000
2012/08/07,0,1118000,-89000,1029000
2012/08/08,0,487229,-471771,15458
2012/08/09,0,1870000,-229000,1641000
2012/08/10,0,262000,-488000,-226000
2012/08/13,0,209000,-1225000,-1016000
2012/08/14,0,559000,-386000,173000
2012/08/15,0,315000,-24000,291000
2012/08/16,0,978000,-395000,583000
2012/08/17,0,71000,-181000,-110000
2012/08/20,0,104000,-33000,71000
2012/08/21,0,590534,-328000,262534
2012/08/22,0,151602,-157000,-5398
2012/08/23,0,108049,-134000,-25951
2012/08/24,0,386000,-1436221,-1050221
2012/08/27,0,461000,-610000,-149000
2012/08/28,0,365312,-351000,14312
2012/08/29,0,891000,-81000,810000
2012/08/30,0,236000,-442000,-206000
2012/08/31,0,64000,-150157,-86157
2012/09/03,0,168000,-122000,46000
2012/09/04,0,73000,-137000,-64000
2012/09/05,0,529000,-443000,86000
2012/09/06,0,1028000,-157000,871000
2012/09/07,0,1282000,-439381,842619
2012/09/10,0,93000,-605000,-512000
2012/09/11,0,177000,-161000,16000
2012/09/12,0,564000,-807000,-243000
2012/09/13,0,370000,-582000,-212000
2012/09/14,0,841000,-1176000,-335000
2012/09/17,0,563000,-722000,-159000
2012/09/18,0,717000,-905000,-188000
2012/09/19,0,401000,-779500,-378500
2012/09/20,0,332000,-100000,232000
2012/09/21,0,452474,-82000,370474
2012/09/24,0,87000,-39000,48000
2012/09/25,0,237000,-304000,-67000
2012/09/26,0,133000,-60000,73000
2012/09/27,0,364000,-126753,237247
2012/09/28,0,483000,-431751,51249
2012/10/01,0,281000,-170000,111000
2012/10/02,0,537000,-211000,326000
2012/10/03,0,564000,-124000,440000
2012/10/04,0,393000,-671000,-278000
2012/10/05,0,314000,-721000,-407000
2012/10/08,0,369000,-819000,-450000
2012/10/09,0,541000,-561000,-20000
2012/10/10,0,0,0,0
2012/10/11,0,852000,-680695,171305
2012/10/12,0,663000,-449000,214000
2012/10/15,0,232000,-64000,168000
2012/10/16,0,8000,-514000,-506000
2012/10/17,0,15000,-484000,-469000
2012/10/18,0,256000,-864000,-608000
2012/10/19,0,489000,-1771133,-1282133
2012/10/22,0,367000,-33000,334000
2012/10/23,0,50600,-131422,-80822
2012/10/24,0,476000,-536404,-60404
2012/10/25,0,284000,-295000,-11000
2012/10/26,0,452000,-210000,242000
2012/10/29,0,413200,-282000,131200
2012/10/30,0,711000,-242000,469000
2012/10/31,0,738000,-324000,414000
2012/11/01,0,7000,-837000,-830000
2012/11/02,0,3454000,-845000,2609000
2012/11/05,0,1437000,-662000,775000
2012/11/06,0,278000,-484000,-206000
2012/11/07,0,603000,-625800,-22800
2012/11/08,0,562000,-382000,180000
2012/11/09,0,661000,-388000,273000
2012/11/12,0,1039000,-339000,700000
2012/11/13,0,746000,-451000,295000
2012/11/14,0,109000,-635000,-526000
2012/11/15,0,151000,-1108000,-957000
2012/11/16,0,196000,-1027000,-831000
2012/11/19,0,108000,-502000,-394000
2012/11/20,0,894000,-1651000,-757000
2012/11/21,0,264000,-733000,-469000
2012/11/22,0,56000,-160000,-104000
2012/11/23,0,511000,-942476,-431476
2012/11/26,0,230000,-456000,-226000
2012/11/27,0,456000,-356000,100000
2012/11/28,0,456300,-20000,436300
2012/11/29,0,2159000,-428000,1731000
2012/11/30,0,2350000,-382911,1967089
2012/12/03,0,471000,-387000,84000
2012/12/04,0,272000,-237000,35000
2012/12/05,0,357000,-186000,171000
2012/12/06,0,1040000,-528000,512000
2012/12/07,0,956000,-837000,119000
2012/12/10,0,218000,-288298,-70298
2012/12/11,0,213199,-165000,48199
2012/12/12,0,247000,-46000,201000
2012/12/13,0,199253,-83000,116253
2012/12/14,0,204651,-45000,159651
2012/12/17,0,546000,-59953,486047
2012/12/18,0,232000,-131000,101000
2012/12/19,0,403000,-420000,-17000
2012/12/20,0,124000,-672000,-548000
2012/12/21,0,99000,-734284,-635284
2012/12/24,0,213000,-1162000,-949000
2012/12/25,0,175000,-235000,-60000
2012/12/26,0,175000,-121000,54000
2012/12/27,0,132000,-388200,-256200
2012/12/28,0,235000,-588000,-353000
2012/12/31,0,0,0,0
2013/01/01,0,0,0,0
2013/01/02,0,614000,-110000,504000
2013/01/03,0,1634000,-1108000,526000
2013/01/04,0,499000,-1191000,-692000
2013/01/07,0,106000,-573200,-467200
2013/01/08,0,411000,-1006000,-595000
2013/01/09,0,400000,-1228000,-828000
2013/01/10,0,2232000,-539000,1693000
2013/01/11,0,492000,-234000,258000
2013/01/14,0,373000,-276000,97000
2013/01/15,0,605000,-610000,-5000
2013/01/16,0,441000,-863800,-422800
2013/01/17,0,453000,-519000,-66000
2013/01/18,0,561000,-211000,350000
2013/01/21,0,98000,-188000,-90000
2013/01/22,0,176000,-95000,81000
2013/01/23,0,40000,-147184,-107184
2013/01/24,0,37000,-305000,-268000
2013/01/25,0,509000,-666000,-157000
2013/01/28,0,506000,-564000,-58000
2013/01/29,0,1226000,-290300,935700
2013/01/30,0,833000,-186000,647000
2013/01/31,0,1044000,-593000,451000
2013/02/01,0,502000,-213000,289000
2013/02/04,0,962000,-110000,852000
2013/02/05,0,845000,-62029,782971
2013/02/06,0,245332,-137000,108332
2013/02/07,0,0,0,0
2013/02/08,0,0,0,0
2013/02/11,0,0,0,0
2013/02/12,0,0,0,0
2013/02/13,0,0,0,0
2013/02/14,0,0,0,0
2013/02/15,0,0,0,0
2013/02/18,0,1649334,-305000,1344334
2013/02/19,0,487459,-710000,-222541
2013/02/20,0,1692388,-286000,1406388
2013/02/21,0,757600,-131000,626600
2013/02/22,0,401000,-373000,28000
2013/02/25,0,406000,-430188,-24188
2013/02/26,0,342000,-393788,-51788
2013/02/27,0,572000,-547928,24072
2013/02/28,0,0,0,0
2013/03/01,0,916000,-1654000,-738000
2013/03/04,0,695000,-371000,324000
2013/03/05,0,197000,-448000,-251000
2013/03/06,0,72000,-410000,-338000
2013/03/07,0,282000,-210900,71100
2013/03/08,0,1204200,-260000,944200
2013/03/11,0,331000,-291000,40000
2013/03/12,0,488000,-215450,272550
2013/03/13,0,618000,-613000,5000
2013/03/14,0,474722,-474889,-167
2013/03/15,0,294248,-1035677,-741429
2013/03/18,0,387000,-1446000,-1059000
2013/03/19,0,326000,-1065000,-739000
2013/03/20,0,213000,-667586,-454586
2013/03/21,0,715000,-349000,366000
2013/03/22,0,91594,-338000,-246406
2013/03/25,0,333000,-89000,244000
2013/03/26,0,824000,-132000,692000
2013/03/27,0,183000,-107000,76000
2013/03/28,0,300000,-752000,-452000
2013/03/29,0,323000,-45000,278000
2013/04/01,0,114207,-86000,28207
2013/04/02,0,345000,-143000,202000
2013/04/03,0,257000,-207000,50000
2013/04/04,0,0,0,0
2013/04/05,0,0,0,0
2013/04/08,0,489000,-785722,-296722
2013/04/09,0,379000,-302986,76014
2013/04/10,0,194000,-604000,-410000
2013/04/11,0,91650,-491000,-399350
2013/04/12,0,107000,-266000,-159000
2013/04/15,0,261205,-286700,-25495
2013/04/16,0,317558,-457000,-139442
2013/04/17,0,1626000,-1324000,302000
2013/04/18,0,880000,-782000,98000
2013/04/19,0,3172000,-478000,2694000
2013/04/22,0,2160000,-297000,1863000
2013/04/23,0,1107000,-121000,986000
2013/04/24,0,567000,-287000,280000
2013/04/25,0,1275000,-153000,1122000
2013/04/26,0,2675000,-53000,2622000
2013/04/29,0,1996000,-219000,1777000
2013/04/30,0,4247000,-291000,3956000
2013/05/01,0,0,0,0
2013/05/02,0,2107000,-499825,1607175
2013/05/03,0,1048000,-433000,615000
2013/05/06,0,822000,-30875,791125
2013/05/07,0,2206000,-14201,2191799
2013/05/08,0,2268000,-580000,1688000
2013/05/09,0,1095759,-1200000,-104241
2013/05/10,0,260000,-679000,-419000
2013/05/13,0,1152000,-123530,1028470
2013/05/14,0,2028000,-292000,1736000
2013/05/15,0,315000,-332470,-17470
2013/05/16,0,1162000,-180000,982000
2013/05/17,0,282510,-218000,64510
2013/05/20,0,1426630,-30000,1396630
2013/05/21,0,506000,-96532,409468
2013/05/22,0,905000,-65000,840000
2013/05/23,0,951000,-498000,453000
2013/05/24,0,388000,-479000,-91000
2013/05/27,0,198332,-382000,-183668
2013/05/28,0,248000,-96000,152000
2013/05/29,0,357000,-1204000,-847000
2013/05/30,0,976000,-234000,742000
2013/05/31,0,691720,-162000,529720
2013/06/03,0,756000,-241000,515000
2013/06/04,0,205000,-672000,-467000
2013/06/05,0,1296000,-168105,1127895
2013/06/06,0,772014,-1163500,-391486
2013/06/07,0,332000,-214039,117961
2013/06/10,0,868000,-258000,610000
2013/06/11,0,185000,-473397,-288397
2013/06/12,0,0,0,0
2013/06/13,0,155000,-545000,-390000
2013/06/14,0,1060000,-413206,646794
2013/06/17,0,1050000,-302754,747246
2013/06/18,0,1085000,-1907143,-822143
2013/06/19,0,611000,-1106727,-495727
2013/06/20,0,412000,-340040,71960
2013/06/21,0,1126000,-439583,686417
2013/06/24,0,1540000,-993000,547000
2013/06/25,0,1243000,-393000,850000
2013/06/26,0,1180000,-1081125,98875
2013/06/27,0,671000,-1148000,-477000
2013/06/28,0,1736000,-1151000,585000
2013/07/01,0,481870,-566934,-85064
2013/07/02,0,762000,-997633,-235633
2013/07/03,0,2147000,-1036100,1110900
2013/07/04,0,1943000,-1170000,773000
2013/07/05,0,2007000,-1389000,618000
2013/07/08,0,1678000,-1134000,544000
2013/07/09,0,1571000,-845000,726000
2013/07/10,0,1331200,-567000,764200
2013/07/11,0,1682000,-1083000,599000
2013/07/12,0,1321000,-1184000,137000
2013/07/15,0,1328000,-1017000,311000
2013/07/16,0,1551000,-1454210,96790
2013/07/17,0,1871000,-1971000,-100000
2013/07/18,0,2015000,-1659000,356000
2013/07/19,0,2310277,-1609000,701277
2013/07/22,0,890638,-648000,242638
2013/07/23,0,1776000,-2690000,-914000
2013/07/24,0,542540,-530000,12540
2013/07/25,0,270000,-261000,9000
2013/07/26,0,841000,-703000,138000
2013/07/29,0,162000,-499000,-337000
2013/07/30,0,599000,-476000,123000
2013/07/31,0,541000,-550000,-9000
2013/08/01,0,875000,-601000,274000
2013/08/02,0,1102000,-731000,371000
2013/08/05,0,1179000,-395000,784000
2013/08/06,0,830000,-611000,219000
2013/08/07,0,574000,-792000,-218000
2013/08/08,0,864610,-693000,171610
2013/08/09,0,450000,-832000,-382000
2013/08/12,0,777000,-944000,-167000
2013/08/13,0,1219000,-563500,655500
2013/08/14,0,245187,-803000,-557813
2013/08/15,0,206656,-227016,-20360
2013/08/16,0,197953,-292000,-94047
2013/08/19,0,494230,-466000,28230
2013/08/20,0,284000,-176000,108000
2013/08/21,0,0,0,0
2013/08/22,0,1033000,-993000,40000
2013/08/23,0,1062000,-429000,633000
2013/08/26,0,216000,-73000,143000
2013/08/27,0,633000,-170000,463000
2013/08/28,0,408000,-87000,321000
2013/08/29,0,910000,-91000,819000
2013/08/30,0,878124,-474170,403954
2013/09/02,0,344000,-383000,-39000
2013/09/03,0,457000,-252000,205000
2013/09/04,0,1295000,-283000,1012000
2013/09/05,0,1527507,-403000,1124507
2013/09/06,0,603163,-472000,131163
2013/09/09,0,969000,-163000,806000
2013/09/10,0,748000,-478000,270000
2013/09/11,0,1360000,-1481394,-121394
2013/09/12,0,1197000,-778000,419000
2013/09/13,0,1261000,-49087,1211913
2013/09/16,0,376000,-152000,224000
2013/09/17,0,334000,-462000,-128000
2013/09/18,0,589205,-218714,370491
2013/09/19,0,0,0,0
2013/09/20,0,0,0,0
2013/09/23,0,419000,-455870,-36870
2013/09/24,0,279000,-135295,143705
2013/09/25,0,784000,-569000,215000
2013/09/26,0,273000,-394000,-121000
2013/09/27,0,430000,-1241595,-811595
2013/09/30,0,621000,-842503,-221503
2013/10/01,0,453000,-813598,-360598
2013/10/02,0,368000,-1448126,-1080126
2013/10/03,0,458832,-136000,322832
2013/10/04,0,523000,-153000,370000
2013/10/07,0,223000,-528000,-305000
2013/10/08,0,233000,-448000,-215000
2013/10/09,0,170000,-782222,-612222
2013/10/10,0,0,0,0
2013/10/11,0,138000,-759000,-621000
2013/10/14,0,360000,-188086,171914
2013/10/15,0,104000,-391000,-287000
2013/10/16,0,409000,-1354000,-945000
2013/10/17,0,554000,-1006000,-452000
2013/10/18,0,309000,-786000,-477000
2013/10/21,0,279000,-70000,209000
2013/10/22,0,63000,-932000,-869000
2013/10/23,0,285237,-1013000,-727763
2013/10/24,0,157000,-453000,-296000
2013/10/25,0,436000,-226000,210000
2013/10/28,0,205000,-252000,-47000
2013/10/29,0,407000,-938000,-531000
2013/10/30,0,230000,-1440000,-1210000
2013/10/31,0,502000,-450000,52000
2013/11/01,0,674000,-3562000,-2888000
2013/11/04,0,432000,-623000,-191000
2013/11/05,0,392000,-1102211,-710211
2013/11/06,0,450000,-345673,104327
2013/11/07,0,279000,-1026000,-747000
2013/11/08,0,286000,-354000,-68000
2013/11/11,0,200000,-225000,-25000
2013/11/12,0,360000,-882000,-522000
2013/11/13,0,319000,-757000,-438000
2013/11/14,0,408000,-625000,-217000
2013/11/15,0,452000,-354000,98000
2013/11/18,0,359000,-427000,-68000
2013/11/19,0,502000,-629000,-127000
2013/11/20,0,707000,-1169299,-462299
2013/11/21,0,536000,-695000,-159000
2013/11/22,0,297000,-1247935,-950935
2013/11/25,0,343000,-992000,-649000
2013/11/26,0,908000,-713802,194198
2013/11/27,0,552000,-1081830,-529830
2013/11/28,0,1565000,-266000,1299000
2013/11/29,0,1571000,-89000,1482000
2013/12/02,0,1850000,-359000,1491000
2013/12/03,0,412560,-1244573,-832013
2013/12/04,0,364000,-608000,-244000
2013/12/05,0,400000,-370000,30000
2013/12/06,0,209000,-1038000,-829000
2013/12/09,0,471000,-755000,-284000
2013/12/10,0,932000,-635000,297000
2013/12/11,0,767000,-1120000,-353000
2013/12/12,0,1557000,-2195374,-638374
2013/12/13,0,798000,-633000,165000
2013/12/16,0,934000,-847000,87000
2013/12/17,0,547000,-1518000,-971000
2013/12/18,0,1631000,-1946000,-315000
2013/12/19,0,1327000,-1267163,59837
2013/12/20,0,868112,-965000,-96888
2013/12/23,0,590000,-965000,-375000
2013/12/24,0,27000,-333000,-306000
2013/12/25,0,65000,-41000,24000
2013/12/26,0,29000,-590000,-561000
2013/12/27,0,167000,-685000,-518000
2013/12/30,0,208000,-670391,-462391
2013/12/31,0,126000,-556000,-430000
2014/01/02,0,52000,-741000,-689000
2014/01/03,0,315000,-230000,85000
2014/01/06,0,219000,-297000,-78000
2014/01/07,0,325000,-903000,-578000
2014/01/08,0,497000,-47000,450000
2014/01/09,0,366000,-1322000,-956000
2014/01/10,0,1193000,-889000,304000
2014/01/13,0,320000,-1092000,-772000
2014/01/14,0,385000,-335000,50000
2014/01/15,0,1083000,-692000,391000
2014/01/16,0,1358000,-118000,1240000
2014/01/17,0,530000,-801000,-271000
2014/01/20,0,403000,-251050,151950
2014/01/21,0,456000,-247072,208928
2014/01/22,0,675000,-404000,271000
2014/01/23,0,1091000,-246000,845000
2014/01/24,0,865000,-942000,-77000
2014/01/27,0,434000,-1264506,-830506
2014/02/05,0,401000,-1306000,-905000
2014/02/06,0,658000,-703000,-45000
2014/02/07,0,1024000,-503000,521000
2014/02/10,0,714000,-295000,419000
2014/02/11,0,263000,-412000,-149000
2014/02/12,0,419000,-284000,135000
2014/02/13,0,182000,-277000,-95000
2014/02/14,0,663000,-460000,203000
2014/02/17,0,229000,-54000,175000
2014/02/18,0,931000,-84000,847000
2014/02/19,0,1006000,-199000,807000
2014/02/20,0,385000,-560000,-175000
2014/02/21,0,414000,-281440,132560
2014/02/24,0,283000,-65000,218000
2014/02/25,0,177000,-121000,56000
2014/02/26,0,1031000,-395000,636000
2014/02/27,0,393000,-1051562,-658562
2014/03/03,0,894000,-796000,98000
2014/03/04,0,1455000,-1386000,69000
2014/03/05,0,994000,-821000,173000
2014/03/06,0,1222000,-1451000,-229000
2014/03/07,0,680000,-104000,576000
2014/03/10,0,125000,-73000,52000
2014/03/11,0,519000,-58823,460177
2014/03/12,0,671069,-243000,428069
2014/03/13,0,845431,-683000,162431
2014/03/14,0,1022000,-1635000,-613000
2014/03/17,0,845000,-509000,336000
2014/03/18,0,3393000,-1845000,1548000
2014/03/19,0,2319000,-1473000,846000
2014/03/20,0,170000,-451000,-281000
2014/03/21,0,1499000,-629000,870000
2014/03/24,0,143000,-654000,-511000
2014/03/25,0,2024000,-218000,1806000
2014/03/26,0,1943000,-717000,1226000
2014/03/27,0,625000,-496000,129000
2014/03/28,0,333000,-182000,151000
2014/03/31,0,646000,-309000,337000
2014/04/01,0,828000,-332430,495570
2014/04/02,0,1261000,-521000,740000
2014/04/03,0,998000,-128000,870000
2014/04/07,0,575000,-442000,133000
2014/04/08,0,610000,-253000,357000
2014/04/09,0,1887000,-470000,1417000
2014/04/10,0,1051000,-1315886,-264886
2014/04/11,0,1597000,-1131000,466000
2014/04/14,0,716000,-303800,412200
2014/04/15,0,846000,-495000,351000
2014/04/16,0,686000,-491000,195000
2014/04/17,0,221100,-439000,-217900
2014/04/18,0,67000,-272000,-205000
2014/04/21,0,106000,-234000,-128000
2014/04/22,0,473000,-839000,-366000
2014/04/23,0,353000,-225235,127765
2014/04/24,0,558000,-798500,-240500
2014/04/25,0,2034000,-1422000,612000
2014/04/28,0,1515000,-694000,821000
2014/04/29,0,854000,-1166000,-312000
2014/04/30,0,342000,-188000,154000
2014/05/02,0,424000,-794900,-370900
2014/05/05,0,263000,-1291000,-1028000
2014/05/06,0,258000,-377000,-119000
2014/05/07,0,869000,-336000,533000
2014/05/08,0,1855000,-1015000,840000
2014/05/09,0,653000,-1698391,-1045391
2014/05/12,0,880000,-479000,401000
2014/05/13,0,781000,-575203,205797
2014/05/14,0,1374000,-699000,675000
2014/05/15,0,1107000,-26000,1081000
2014/05/16,0,1304708,-212000,1092708
2014/05/19,0,1091000,-675857,415143
2014/05/20,0,3396507,-528000,2868507
2014/05/21,0,1711412,-888030,823382
2014/05/22,0,2263000,-558000,1705000
2014/05/23,0,740000,-1772000,-1032000
2014/05/26,0,806000,-943600,-137600
2014/05/27,0,1087000,-768000,319000
2014/05/28,0,1561000,-720000,841000
2014/05/29,0,1145430,-284420,861010
2014/05/30,0,3605000,-3648936,-43936
2014/06/03,0,2190000,-924000,1266000
2014/06/04,0,2096000,-938000,1158000
2014/06/05,0,568000,-489000,79000
2014/06/06,0,750290,-637000,113290
2014/06/09,0,1593000,-1585000,8000
2014/06/10,0,547435,-173100,374335
2014/06/11,0,252000,-524000,-272000
2014/06/12,0,1167000,-607000,560000
2014/06/13,0,602000,-40000,562000
2014/06/16,0,443000,-369000,74000
2014/06/17,0,799000,-191000,608000
2014/06/18,0,2345000,-1099000,1246000
2014/06/19,0,1553128,-297000,1256128
2014/06/20,0,1274000,-659468,614532
2014/06/23,0,543000,-2024914,-1481914
2014/06/24,0,485000,-652830,-167830
2014/06/25,0,1699000,-1087352,611648
2014/06/26,0,1155391,-252000,903391
2014/06/27,0,825000,-245000,580000
2014/06/30,0,588076,-312963,275113
2014/07/01,0,117000,-333000,-216000
2014/07/02,0,1235000,-444572,790428
2014/07/03,0,831000,-918000,-87000
2014/07/04,0,431000,-466000,-35000
2014/07/07,0,560000,-626000,-66000
2014/07/08,0,560000,-553000,7000
2014/07/09,0,976000,-489000,487000
2014/07/10,0,1285000,-593000,692000
2014/07/11,0,1614000,-958000,656000
2014/07/14,0,591000,-696100,-105100
2014/07/15,0,1117000,-1274000,-157000
2014/07/16,0,2033000,-2248000,-215000
2014/07/17,0,1557378,-1045000,512378
2014/07/18,0,1044000,-364842,679158
2014/07/21,0,738000,-34494,703506
2014/07/22,0,794000,-486700,307300
2014/07/23,0,0,0,0
2014/07/24,0,965000,-4158000,-3193000
2014/07/25,0,1305000,-3530300,-2225300
2014/07/28,0,1569000,-2223000,-654000
2014/07/29,0,1231000,-3191000,-1960000
2014/07/30,0,4951000,-1815000,3136000
2014/07/31,0,3350000,-1223000,2127000
2014/08/01,0,1929000,-1016000,913000
2014/08/04,0,2380000,-358000,2022000
2014/08/05,0,1875000,-982624,892376
2014/08/06,0,1738470,-442000,1296470
2014/08/07,0,1378651,-814630,564021
2014/08/08,0,1377000,-1034640,342360
2014/08/11,0,1203000,-985000,218000
2014/08/12,0,1733000,-1419030,313970
2014/08/13,0,990000,-537000,453000
2014/08/14,0,1297000,-473000,824000
2014/08/15,0,1180310,-498000,682310
2014/08/18,0,779060,-281000,498060
2014/08/19,0,631365,-251000,380365
2014/08/20,0,1743365,-183000,1560365
2014/08/21,0,1141000,-233310,907690
2014/08/22,0,1795201,-374633,1420568
2014/08/25,0,328600,-561000,-232400
2014/08/26,0,803580,-531000,272580
2014/08/27,0,732000,-96000,636000
2014/08/28,0,829000,-808547,20453
2014/08/29,0,378500,-439000,-60500
2014/09/01,0,173000,-49000,124000
2014/09/02,0,228000,-383517,-155517
2014/09/03,0,373046,-74000,299046
2014/09/04,0,338000,-250419,87581
2014/09/05,0,746000,-831000,-85000
2014/09/09,0,622055,-747055,-125000
2014/09/10,0,190000,-1677000,-1487000
2014/09/11,0,676000,-944000,-268000
2014/09/12,0,941615,-514000,427615
2014/09/15,0,763000,-977831,-214831
2014/09/16,0,224000,-448000,-224000
2014/09/17,0,397000,-594000,-197000
2014/09/18,0,224957,-879673,-654716
2014/09/19,0,93286,-1222000,-1128714
2014/09/22,0,130000,-2298684,-2168684
2014/09/23,0,356000,-1881000,-1525000
2014/09/24,0,854000,-485000,369000
2014/09/25,0,383700,-477000,-93300
2014/09/26,0,151000,-409000,-258000
2014/09/29,0,280000,-963761,-683761
2014/09/30,0,837000,-1010000,-173000
2014/10/01,0,308000,-1137271,-829271
2014/10/02,0,460000,-1133503,-673503
2014/10/03,0,131000,-872000,-741000
2014/10/06,0,160000,-963000,-803000
2014/10/07,0,201000,-1691406,-1490406
2014/10/08,0,401000,-734434,-333434
2014/10/09,0,56000,-1205689,-1149689
2014/10/13,0,1555000,-1631000,-76000
2014/10/14,0,350000,-1692000,-1342000
2014/10/15,0,239000,-1875000,-1636000
2014/10/16,0,1099000,-2346000,-1247000
2014/10/17,0,696000,-1387000,-691000
2014/10/20,0,433425,-947425,-514000
2014/10/21,0,295000,-471000,-176000
2014/10/22,0,529000,-437000,92000
2014/10/23,0,582000,-636000,-54000
2014/10/24,0,371000,-459000,-88000
2014/10/27,0,847000,-822000,25000
2014/10/28,0,903000,-1822000,-919000
2014/10/29,0,919000,-905000,14000
2014/10/30,0,796000,-1424000,-628000
2014/10/31,0,747000,-985204,-238204
2014/11/03,0,2064000,-944000,1120000
2014/11/04,0,891000,-574000,317000
2014/11/05,0,469000,-931000,-462000
2014/11/06,0,413000,-582999,-169999
2014/11/07,0,402000,-2499000,-2097000
2014/11/10,0,416869,-280869,136000
2014/11/11,0,278000,-1044000,-766000
2014/11/12,0,293000,-1073000,-780000
2014/11/13,0,359000,-1054000,-695000
2014/11/14,0,809000,-649200,159800
2014/11/17,0,525000,-379000,146000
2014/11/18,0,406000,-819145,-413145
2014/11/19,0,620013,-1910013,-1290000
2014/11/20,0,411000,-162000,249000
2014/11/21,0,123000,-487000,-364000
2014/11/24,0,341000,-203000,138000
2014/11/25,0,273639,-261000,12639
2014/11/26,0,44361,-187000,-142639
2014/11/27,0,113000,-434000,-321000
2014/11/28,0,450000,-277000,173000
2014/12/01,0,364341,-428000,-63659
2014/12/02,0,406284,-487000,-80716
2014/12/03,0,506283,-275000,231283
2014/12/04,0,224000,-70143,153857
2014/12/05,0,210235,-1297000,-1086765
2014/12/08,0,77000,-522000,-445000
2014/12/09,0,129000,-1532500,-1403500
2014/12/10,0,911152,-997552,-86400
2014/12/11,0,724400,-741000,-16600
2014/12/12,0,826000,-462000,364000
2014/12/15,0,230000,-185000,45000
2014/12/16,0,357000,-1284000,-927000
2014/12/17,0,336284,-1705284,-1369000
2014/12/18,0,497000,-1231000,-734000
2014/12/19,0,591000,-413000,178000
2014/12/22,0,74000,-512000,-438000
2014/12/23,0,119000,-364000,-245000
2014/12/24,0,279000,-377000,-98000
2014/12/25,0,89000,-26000,63000
2014/12/26,0,97000,-116000,-19000
2014/12/29,0,214000,-212000,2000
2014/12/30,0,842000,-907000,-65000
2014/12/31,0,227000,-656000,-429000
2015/01/01,0,0,0,0
2015/01/02,0,0,0,0
2015/01/05,0,273661,-593000,-319339
2015/01/06,0,382955,-1126616,-743661
2015/01/07,0,373347,-1484347,-1111000
2015/01/08,0,475198,-551198,-76000
2015/01/09,0,739000,-548000,191000
2015/01/12,0,560000,-565000,-5000
2015/01/13,0,815000,-748000,67000
2015/01/14,0,205000,-1257000,-1052000
2015/01/15,0,194000,-480000,-286000
2015/01/16,0,178000,-1038350,-860350
2015/01/19,0,540000,-255000,285000
2015/01/20,0,279000,-177628,101372
2015/01/21,0,464000,-703000,-239000
2015/01/22,0,625000,-1021179,-396179
2015/01/23,0,286000,-347000,-61000
2015/01/26,0,446000,-571000,-125000
2015/01/27,0,182000,-674000,-492000
2015/01/28,0,192000,-313000,-121000
2015/01/29,0,340000,-778000,-438000
2015/01/30,0,414000,-1305000,-891000
2015/02/02,0,440567,-673567,-233000
2015/02/03,0,383000,-512000,-129000
2015/02/04,0,378000,-755000,-377000
2015/02/05,0,659000,-719000,-60000
2015/02/06,0,566000,-833000,-267000
2015/02/09,0,188000,-556000,-368000
2015/02/10,0,395000,-1396000,-1001000
2015/02/11,0,748000,-534000,214000
2015/02/12,0,816000,-1409000,-593000
2015/02/13,0,209000,-482000,-273000
2015/02/16,0,0,0,0
2015/02/17,0,0,0,0
2015/02/18,0,0,0,0
2015/02/19,0,0,0,0
2015/02/20,0,0,0,0
2015/02/23,0,0,0,0
2015/02/24,0,671000,-1358714,-687714
2015/02/25,0,437000,-170000,267000
2015/02/26,0,354000,-822257,-468257
2015/02/27,0,0,0,0
2015/03/02,0,440000,-1441000,-1001000
2015/03/03,0,505751,-940000,-434249
2015/03/04,0,283000,-755000,-472000
2015/03/05,0,697223,-699000,-1777
2015/03/06,0,500000,-446000,54000
2015/03/09,0,360000,-298000,62000
2015/03/10,0,445587,-717000,-271413
2015/03/11,0,162000,-773000,-611000
2015/03/12,0,324000,-341000,-17000
2015/03/13,0,176000,-721000,-545000
2015/03/16,0,260000,-698535,-438535
2015/03/17,0,263000,-189000,74000
2015/03/18,0,615000,-952105,-337105
2015/03/19,0,399000,-47000,352000
2015/03/20,0,501000,-483000,18000
2015/03/23,0,121000,-446000,-325000
2015/03/24,0,348000,-169000,179000
2015/03/25,0,196000,-736000,-540000
2015/03/26,0,533000,-1298000,-765000
2015/03/27,0,332000,-606000,-274000
2015/03/30,0,388000,-378000,10000
2015/03/31,0,141000,-387000,-246000
2015/04/01,0,323000,-353000,-30000
2015/04/02,0,576000,-186000,390000
2015/04/03,0,0,0,0
2015/04/06,0,0,0,0
2015/04/07,0,128000,-96000,32000
2015/04/08,0,98000,-784800,-686800
2015/04/09,0,625000,-376000,249000
2015/04/10,0,395000,-364000,31000
2015/04/13,0,2350000,-2724000,-374000
2015/04/14,0,442000,-754000,-312000
2015/04/15,0,467000,-753136,-286136
2015/04/16,0,1093000,-377000,716000
2015/04/17,0,1153751,-391000,762751
2015/04/20,0,1111000,-386000,725000
2015/04/21,0,485000,-678000,-193000
2015/04/22,0,1392000,-776000,616000
2015/04/23,0,952000,-794000,158000
2015/04/24,0,1195000,-1268000,-73000
2015/04/27,0,621000,-255000,366000
2015/04/28,0,460000,-475000,-15000
2015/04/29,0,494000,-317000,177000
2015/04/30,0,465000,-739000,-274000
2015/05/01,0,0,0,0
2015/05/04,0,195000,-792000,-597000
2015/05/05,0,578000,-1292600,-714600
2015/05/06,0,1361000,-603000,758000
2015/05/07,0,554000,-588105,-34105
2015/05/08,0,486000,-471000,15000
2015/05/11,0,902000,-198000,704000
2015/05/12,0,848000,-596000,252000
2015/05/13,0,757000,-442000,315000
2015/05/14,0,679150,-430000,249150
2015/05/15,0,138000,-279044,-141044
2015/05/18,0,655000,-178000,477000
2015/05/19,0,1180850,-404000,776850
2015/05/20,0,643000,-764000,-121000
2015/05/21,0,210000,-1002000,-792000
2015/05/22,0,631000,-311000,320000
2015/05/25,0,171000,-226000,-55000
2015/05/26,0,658000,-205000,453000
2015/05/27,0,754000,-150000,604000
2015/05/28,0,216000,-440751,-224751
2015/05/29,0,1344327,-1415996,-71669
2015/06/01,0,442000,-839000,-397000
2015/06/02,0,855018,-356000,499018
2015/06/03,0,1306000,-911000,395000
2015/06/04,0,679000,-1039000,-360000
2015/06/05,0,263000,-1132000,-869000
2015/06/08,0,802000,-406000,396000
2015/06/09,0,609000,-445751,163249
2015/06/10,0,338000,-447000,-109000
2015/06/11,0,728000,-801000,-73000
2015/06/12,0,853000,-217000,636000
2015/06/15,0,498000,-374000,124000
2015/06/16,0,323000,-1317000,-994000
2015/06/17,0,821074,-634000,187074
2015/06/18,0,420076,-917000,-496924
2015/06/19,0,0,0,0
2015/06/22,0,813027,-881601,-68574
2015/06/23,0,490000,-815000,-325000
2015/06/24,0,456045,-1140000,-683955
2015/06/25,0,761751,-790000,-28249
2015/06/26,0,208000,-295000,-87000
2015/06/29,0,523000,-718000,-195000
2015/06/30,0,556665,-360000,196665
2015/07/01,0,308000,-156000,152000
2015/07/02,0,706018,-260000,446018
2015/07/03,0,396000,-457000,-61000
2015/07/06,0,460000,-380000,80000
2015/07/07,0,372000,-653000,-281000
2015/07/08,0,353000,-1199000,-846000
2015/07/09,0,359000,-1400000,-1041000
2015/07/10,0,0,0,0
2015/07/13,0,600000,-799000,-199000
2015/07/14,0,260000,-683000,-423000
2015/07/15,0,604000,-619624,-15624
2015/07/16,0,452000,-553000,-101000
2015/07/17,0,832000,-819449,12551
2015/07/20,0,910027,-453000,457027
2015/07/21,0,362000,-217000,145000
2015/07/22,0,871000,-522350,348650
2015/07/23,0,545000,-798000,-253000
2015/07/24,0,204000,-912000,-708000
2015/07/27,0,1132000,-744000,388000
2015/07/28,0,1042000,-657551,384449
2015/07/29,0,666000,-1402385,-736385
2015/07/30,0,438000,-1174000,-736000
2015/07/31,0,1173604,-2500000,-1326396
2015/08/03,0,1638000,-1419000,219000
2015/08/04,0,1364000,-986000,378000
2015/08/05,0,738000,-273000,465000
2015/08/06,0,548000,-692000,-144000
2015/08/07,0,744000,-335000,409000
2015/08/10,0,681000,-436000,245000
2015/08/11,0,534000,-1032000,-498000
2015/08/12,0,631000,-612000,19000
2015/08/13,0,399000,-602200,-203200
2015/08/14,0,493500,-807000,-313500
2015/08/17,0,401000,-477280,-76280
2015/08/18,0,490000,-430000,60000
2015/08/19,0,854027,-1207000,-352973
2015/08/20,0,1163000,-754000,409000
2015/08/21,0,428000,-1300000,-872000
2015/08/24,0,870000,-637000,233000
2015/08/25,0,1393700,-1476424,-82724
2015/08/26,0,210000,-859636,-649636
2015/08/27,0,534000,-671000,-137000
2015/08/28,0,814000,-148020,665980
2015/08/31,0,940081,-795000,145081
2015/09/01,0,270000,-639000,-369000
2015/09/02,0,1364000,-474751,889249
2015/09/03,0,700000,-1053000,-353000
2015/09/04,0,986751,-375000,611751
2015/09/07,0,110000,-796520,-686520
2015/09/08,0,302000,-657000,-355000
2015/09/09,0,759145,-536000,223145
2015/09/10,0,1149993,-891000,258993
2015/09/11,0,424000,-1503000,-1079000
2015/09/14,0,935000,-1124000,-189000
2015/09/15,0,329000,-419000,-90000
2015/09/16,0,1042000,-490630,551370
2015/09/17,0,2859000,-1248000,1611000
2015/09/18,0,2171000,-1006804,1164196
2015/09/21,0,1488000,-1195424,292576
2015/09/22,0,1253000,-1929000,-676000
2015/09/23,0,531000,-1251443,-720443
2015/09/24,0,1341000,-936000,405000
2015/09/25,0,333000,-883000,-550000
2015/09/28,0,0,0,0
2015/09/29,0,0,0,0
2015/09/30,0,931000,-1416546,-485546
2015/10/01,0,944404,-754000,190404
2015/10/02,0,448000,-744000,-296000
2015/10/05,0,306330,-745000,-438670
2015/10/06,0,480000,-1194000,-714000
2015/10/07,0,2951000,-934000,2017000
2015/10/08,0,1214000,-2095000,-881000
2015/10/09,0,0,0,0
2015/10/12,0,2167904,-888000,1279904
2015/10/13,0,972000,-347484,624516
2015/10/14,0,1307000,-619000,688000
2015/10/15,0,963000,-535000,428000
2015/10/16,0,2143000,-802916,1340084
2015/10/19,0,361000,-668000,-307000
2015/10/20,0,751000,-396069,354931
2015/10/21,0,904000,-392000,512000
2015/10/22,0,1234000,-450000,784000
2015/10/23,0,1694000,-828000,866000
2015/10/26,0,348895,-243000,105895
2015/10/27,0,754000,-1271000,-517000
2015/10/28,0,1089000,-1398592,-309592
2015/10/29,0,763000,-575282,187718
2015/10/30,0,583000,-783000,-200000
2015/11/02,0,2111365,-997000,1114365
2015/11/03,0,1057000,-342300,714700
2015/11/04,0,967600,-352650,614950
2015/11/05,0,889000,-694000,195000
2015/11/06,0,389000,-510000,-121000
2015/11/09,0,295000,-363000,-68000
2015/11/10,0,803000,-809000,-6000
2015/11/11,0,883000,-1936000,-1053000
2015/11/12,0,927000,-791000,136000
2015/11/13,0,1160000,-1775000,-615000
2015/11/16,0,2047200,-2617000,-569800
2015/11/17,0,1031000,-830000,201000
2015/11/18,0,751200,-825000,-73800
2015/11/19,0,657000,-1039000,-382000
2015/11/20,0,798000,-523000,275000
2015/11/23,0,1017180,-1386727,-369547
2015/11/24,0,1459000,-1569238,-110238
2015/11/25,0,1974000,-1246000,728000
2015/11/26,0,600000,-1081746,-481746
2015/11/27,0,1012000,-1144023,-132023
2015/11/30,0,21620915,-28731319,-7110404
2015/12/01,0,4720000,-3167295,1552705
2015/12/02,0,3011210,-1608000,1403210
2015/12/03,0,2232000,-2370000,-138000
2015/12/04,0,1469000,-1860001,-391001
2015/12/07,0,1872000,-1111000,761000
2015/12/08,0,1225000,-1559000,-334000
2015/12/09,0,426000,-694000,-268000
2015/12/10,0,1624000,-919063,704937
2015/12/11,0,1618000,-1803000,-185000
2015/12/14,0,1262000,-1742000,-480000
2015/12/15,0,471000,-1702000,-1231000
2015/12/16,0,932000,-1239000,-307000
2015/12/17,0,672000,-1223000,-551000
2015/12/18,0,654000,-412000,242000
2015/12/21,0,142000,-1349550,-1207550
2015/12/22,0,198000,-1026000,-828000
2015/12/23,0,156000,-550445,-394445
2015/12/24,0,88000,-1313000,-1225000
2015/12/25,0,335000,-61000,274000
2015/12/28,0,211000,-226000,-15000
2015/12/29,0,229000,-361699,-132699
2015/12/30,0,155000,-307214,-152214
2015/12/31,0,192000,-199000,-7000
2016/01/01,0,0,0,0
2016/01/04,0,223000,-189000,34000
2016/01/05,0,581000,-482460,98540
2016/01/06,0,619000,-594000,25000
2016/01/07,0,620000,-545886,74114
2016/01/08,0,125000,-765000,-640000
2016/01/11,0,349000,-635000,-286000
2016/01/12,0,784600,-673000,111600
2016/01/13,0,1223000,-954000,269000
2016/01/14,0,1815000,-647000,1168000
2016/01/15,0,513000,-1644881,-1131881
2016/01/18,0,669000,-750000,-81000
2016/01/19,0,228000,-388000,-160000
2016/01/20,0,496000,-317000,179000
2016/01/21,0,1006734,-201000,805734
2016/01/22,0,560000,-623000,-63000
2016/01/25,0,744000,-524000,220000
2016/01/26,0,584000,-360000,224000
2016/01/27,0,700578,-261000,439578
2016/01/28,0,4035000,-206000,3829000
2016/01/29,0,1737000,-436000,1301000
2016/02/01,0,1144000,-360000,784000
2016/02/02,0,3273000,-1029000,2244000
2016/02/03,0,1942312,-327000,1615312
2016/02/04,0,0,0,0
2016/02/05,0,0,0,0
2016/02/08,0,0,0,0
2016/02/09,0,0,0,0
2016/02/10,0,0,0,0
2016/02/11,0,0,0,0
2016/02/12,0,0,0,0
2016/02/15,0,1969000,-536000,1433000
2016/02/16,0,1463000,-273000,1190000
2016/02/17,0,1486000,-915000,571000
2016/02/18,0,1778000,-224000,1554000
2016/02/19,0,1278363,-328000,950363
2016/02/22,0,1247000,-1179000,68000
2016/02/23,0,1621578,-472000,1149578
2016/02/24,0,1224000,-360000,864000
2016/02/25,0,668000,-621000,47000
2016/02/26,0,990734,-172821,817913
2016/02/29,0,0,0,0
2016/03/01,0,1194000,-444000,750000
2016/03/02,0,573000,-1325000,-752000
2016/03/03,0,1302000,-587000,715000
2016/03/04,0,1058000,-333000,725000
2016/03/07,0,275000,-388400,-113400
2016/03/08,0,1303000,-660114,642886
2016/03/09,0,874000,-1336000,-462000
2016/03/10,0,145000,-720000,-575000
2016/03/11,0,498000,-257000,241000
2016/03/14,0,676000,-891000,-215000
2016/03/15,0,1766000,-1283000,483000
2016/03/16,0,1492000,-384000,1108000
2016/03/17,0,1702000,-959000,743000
2016/03/18,0,931000,-1732000,-801000
2016/03/21,0,236000,-403000,-167000
2016/03/22,0,927578,-723000,204578
2016/03/23,0,594000,-1151000,-557000
2016/03/24,0,544000,-390000,154000
2016/03/25,0,467000,-782000,-315000
2016/03/28,0,101000,-311000,-210000
2016/03/29,0,534000,-592000,-58000
2016/03/30,0,552000,-478000,74000
2016/03/31,0,179173,-346000,-166827
2016/04/01,0,422000,-643000,-221000
2016/04/04,0,0,0,0
2016/04/05,0,0,0,0
2016/04/06,0,1077000,-1021000,56000
2016/04/07,0,664000,-1011000,-347000
2016/04/08,0,888311,-543000,345311
2016/04/11,0,176000,-547000,-371000
2016/04/12,0,320000,-584554,-264554
2016/04/13,0,579000,-186000,393000
2016/04/14,0,401000,-1316000,-915000
2016/04/15,0,413500,-825000,-411500
2016/04/18,0,507000,-638000,-131000
2016/04/19,0,532584,-827000,-294416
2016/04/20,0,269232,-549877,-280645
2016/04/21,0,408777,-323000,85777
2016/04/22,0,643000,-362000,281000
2016/04/25,0,890088,-308000,582088
2016/04/26,0,445544,-1041000,-595456
2016/04/27,0,326000,-1655000,-1329000
2016/04/28,0,317000,-531954,-214954
2016/04/29,0,315000,-500000,-185000
2016/05/02,0,0,0,0
2016/05/03,0,482100,-1197000,-714900
2016/05/04,0,224000,-860000,-636000
2016/05/05,0,282000,-676000,-394000
2016/05/06,0,908000,-2951000,-2043000
2016/05/09,0,407000,-822000,-415000
2016/05/10,0,668300,-1407000,-738700
2016/05/11,0,952000,-1975000,-1023000
2016/05/12,0,473000,-1599000,-1126000
2016/05/13,0,847272,-3409000,-2561728
2016/05/16,0,501000,-1280000,-779000
2016/05/17,0,347544,-919000,-571456
2016/05/18,0,611000,-487000,124000
2016/05/19,0,1052000,-1085000,-33000
2016/05/20,0,3957685,-2052000,1905685
2016/05/23,0,1509272,-2743000,-1233728
2016/05/24,0,903000,-2187895,-1284895
2016/05/25,0,567000,-2028000,-1461000
2016/05/26,0,1373000,-1212777,160223
2016/05/27,0,1265000,-903000,362000
2016/05/30,0,1211000,-217000,994000
2016/05/31,0,702000,-622000,80000
2016/06/01,0,3609000,-550000,3059000
2016/06/02,0,1699000,-1243000,456000
2016/06/03,0,663000,-308000,355000
2016/06/06,0,626000,-512000,114000
2016/06/07,0,901000,-707000,194000
2016/06/08,0,1071000,-1100000,-29000
2016/06/09,0,0,0,0
2016/06/10,0,0,0,0
2016/06/13,0,1458000,-1385000,73000
2016/06/14,0,1144000,-984000,160000
2016/06/15,0,528000,-668000,-140000
2016/06/16,0,728000,-797123,-69123
2016/06/17,0,516000,-405000,111000
2016/06/20,0,1068000,-1146000,-78000
2016/06/21,0,712000,-1194000,-482000
2016/06/22,0,631000,-1236000,-605000
2016/06/23,0,222000,-617000,-395000
2016/06/24,0,261000,-1088000,-827000
2016/06/27,0,395000,-446000,-51000
2016/06/28,0,161000,-492000,-331000
2016/06/29,0,448000,-471000,-23000
2016/06/30,0,252000,-522171,-270171
2016/07/01,0,474000,-888000,-414000
2016/07/04,0,466909,-604000,-137091
2016/07/05,0,195000,-440000,-245000
2016/07/06,0,157000,-959000,-802000
2016/07/07,0,149000,-985000,-836000
2016/07/08,0,0,0,0
2016/07/11,0,681657,-580000,101657
2016/07/12,0,1084057,-2018236,-934179
2016/07/13,0,1084000,-1482000,-398000
2016/07/14,0,421000,-277000,144000
2016/07/15,0,823000,-762000,61000
2016/07/18,0,494000,-650000,-156000
2016/07/19,0,517000,-426000,91000
2016/07/20,0,617000,-359000,258000
2016/07/21,0,446000,-857000,-411000
2016/07/22,0,466000,-571000,-105000
2016/07/25,0,1004000,-992000,12000
2016/07/26,0,1040000,-1030000,10000
2016/07/27,0,2061674,-3890000,-1828326
2016/07/28,0,1027337,-2539000,-1511663
2016/07/29,0,59000,-1661000,-1602000
2016/08/01,0,523541,-590000,-66459
2016/08/02,0,253000,-957000,-704000
2016/08/03,0,414000,-1367000,-953000
2016/08/04,0,242000,-1178000,-936000
2016/08/05,0,124000,-2212000,-2088000
2016/08/08,0,172000,-1186000,-1014000
2016/08/09,0,710000,-841000,-131000
2016/08/10,0,356000,-708000,-352000
2016/08/11,0,570000,-990000,-420000
2016/08/12,0,583000,-736000,-153000
2016/08/15,0,325348,-481000,-155652
2016/08/16,0,329000,-490913,-161913
2016/08/17,0,695201,-912000,-216799
2016/08/18,0,140000,-687000,-547000
2016/08/19,0,125000,-580006,-455006
2016/08/22,0,129000,-666600,-537600
2016/08/23,0,393674,-525600,-131926
2016/08/24,0,445337,-584600,-139263
2016/08/25,0,479000,-795600,-316600
2016/08/26,0,2457152,-2899625,-442473
2016/08/29,0,1783000,-1885600,-102600
2016/08/30,0,1339000,-1166600,172400
2016/08/31,0,890000,-1065690,-175690
2016/09/01,0,281000,-533600,-252600
2016/09/02,0,775000,-433600,341400
2016/09/05,0,2318000,-378000,1940000
2016/09/06,0,1566000,-1267000,299000
2016/09/07,0,288790,-215000,73790
2016/09/08,0,701185,-493000,208185
2016/09/09,0,61000,-252000,-191000
2016/09/12,0,200000,-184000,16000
2016/09/13,0,684000,-538000,146000
2016/09/14,0,1041000,-62000,979000
2016/09/15,0,0,0,0
2016/09/16,0,0,0,0
2016/09/19,0,1726985,-787734,939251
2016/09/20,0,890000,-253345,636655
2016/09/21,0,873000,-94000,779000
2016/09/22,0,733000,-336038,396962
2016/09/23,0,738000,-259000,479000
2016/09/26,0,489218,-280000,209218
2016/09/27,0,0,0,0
2016/09/28,0,0,0,0
2016/09/29,0,364000,-70000,294000
2016/09/30,0,368000,-326000,42000
2016/10/03,0,86385,-187000,-100615
2016/10/04,0,152000,-336047,-184047
2016/10/05,0,261000,-397000,-136000
2016/10/06,0,526000,-347000,179000
2016/10/07,0,634000,-167000,467000
2016/10/10,0,0,0,0
2016/10/11,0,678000,-206000,472000
2016/10/12,0,325744,-80000,245744
2016/10/13,0,301000,-207000,94000
2016/10/14,0,630000,-165000,465000
2016/10/17,0,233000,-210000,23000
2016/10/18,0,677000,-887400,-210400
2016/10/19,0,128140,-312000,-183860
2016/10/20,0,117000,-23000,94000
2016/10/21,0,93000,-740000,-647000
2016/10/24,0,926000,-1108000,-182000
2016/10/25,0,732900,-1395000,-662100
2016/10/26,0,1651000,-874000,777000
2016/10/27,0,567000,-1190000,-623000
2016/10/28,0,1563000,-1167000,396000
2016/10/31,0,573000,-827000,-254000
2016/11/01,0,570000,-791000,-221000
2016/11/02,0,489000,-735000,-246000
2016/11/03,0,424000,-737000,-313000
2016/11/04,0,100200,-525000,-424800
2016/11/07,0,224000,-455000,-231000
2016/11/08,0,255000,-286000,-31000
2016/11/09,0,425000,-417000,8000
2016/11/10,0,354000,-234000,120000
2016/11/11,0,225000,-554000,-329000
2016/11/14,0,221000,-150000,71000
2016/11/15,0,184000,-714000,-530000
2016/11/16,0,698000,-788000,-90000
2016/11/17,0,828000,-465140,362860
2016/11/18,0,368000,-744000,-376000
2016/11/21,0,83000,-417000,-334000
2016/11/22,0,338000,-429000,-91000
2016/11/23,0,710000,-218957,491043
2016/11/24,0,1310000,-167000,1143000
2016/11/25,0,284000,-194956,89044
2016/11/28,0,340000,-255000,85000
2016/11/29,0,113000,-52000,61000
2016/11/30,0,228000,-117000,111000
2016/12/01,0,381000,-320000,61000
2016/12/02,0,555000,-878000,-323000
2016/12/05,0,86000,-227000,-141000
2016/12/06,0,793000,-462000,331000
2016/12/07,0,149000,-317353,-168353
2016/12/08,0,189000,-129000,60000
2016/12/09,0,279000,-157908,121092
2016/12/12,0,123000,-114000,9000
2016/12/13,0,143000,-147000,-4000
2016/12/14,0,155000,-368000,-213000
2016/12/15,0,149000,-111000,38000
2016/12/16,0,162000,-238200,-76200
2016/12/19,0,115000,-95000,20000
2016/12/20,0,200000,-84672,115328
2016/12/21,0,82000,-163656,-81656
2016/12/22,0,190000,-335000,-145000
2016/12/23,0,89000,-162000,-73000
2016/12/26,0,72000,-112000,-40000
2016/12/27,0,217000,-230000,-13000
2016/12/28,0,117000,-124000,-7000
2016/12/29,0,50000,-109362,-59362
2016/12/30,0,146000,-71000,75000
2017/01/02,0,0,0,0
2017/01/03,0,257000,-130000,127000
2017/01/04,0,139000,-133000,6000
2017/01/05,0,140000,-328000,-188000
2017/01/06,0,229000,-651000,-422000
2017/01/09,0,174000,-154000,20000
2017/01/10,0,144000,-97000,47000
2017/01/11,0,112000,-259000,-147000
2017/01/12,0,305000,-891000,-586000
2017/01/13,0,21000,-155000,-134000
2017/01/16,0,56000,-426000,-370000
2017/01/17,0,294000,-279000,15000
2017/01/18,0,228000,-590369,-362369
2017/01/19,0,43000,-330231,-287231
2017/01/20,0,160000,-137000,23000
2017/01/23,0,131000,-85000,46000
2017/01/24,0,702086,-200000,502086
2017/01/25,0,0,0,0
2017/01/26,0,0,0,0
2017/01/27,0,0,0,0
2017/01/30,0,0,0,0
2017/01/31,0,0,0,0
2017/02/01,0,0,0,0
2017/02/02,0,2271000,-359000,1912000
2017/02/03,0,4000000,-470000,3530000
2017/02/06,0,527000,-851000,-324000
2017/02/07,0,543000,-692000,-149000
2017/02/08,0,718000,-96000,622000
2017/02/09,0,714000,-830000,-116000
2017/02/10,0,709086,-1553000,-843914
2017/02/13,0,650000,-1934000,-1284000
2017/02/14,0,946086,-1424000,-477914
2017/02/15,0,1791000,-2279000,-488000
2017/02/16,0,1246086,-896000,350086
2017/02/17,0,1370000,-547311,822689
2017/02/20,0,494000,-305000,189000
2017/02/21,0,1313000,-578000,735000
2017/02/22,0,728629,-242000,486629
2017/02/23,0,3282000,-940000,2342000
2017/02/24,0,813000,-1853173,-1040173
2017/02/27,0,0,0,0
2017/02/28,0,0,0,0
2017/03/01,0,647000,-1408733,-761733
2017/03/02,0,503000,-1751860,-1248860
2017/03/03,0,466000,-3028000,-2562000
2017/03/06,0,463000,-1401000,-938000
2017/03/07,0,690000,-182233,507767
2017/03/08,0,30000,-346000,-316000
2017/03/09,0,116617,-413000,-296383
2017/03/10,0,189000,-722000,-533000
2017/03/13,0,481000,-233000,248000
2017/03/14,0,124000,-275000,-151000
2017/03/15,0,131000,-475000,-344000
2017/03/16,0,969543,-414359,555184
2017/03/17,0,418000,-1353000,-935000
2017/03/20,0,993000,-1275000,-282000
2017/03/21,0,1542617,-1051000,491617
2017/03/22,0,389000,-1167000,-778000
2017/03/23,0,347000,-1580000,-1233000
2017/03/24,0,131617,-691000,-559383
2017/03/27,0,183000,-824000,-641000
2017/03/28,0,783000,-780000,3000
2017/03/29,0,620000,-700000,-80000
2017/03/30,0,163000,-1285000,-1122000
2017/03/31,0,645000,-1183000,-538000
2017/04/03,0,0,0,0
2017/04/04,0,0,0,0
2017/04/05,0,915234,-1046000,-130766
2017/04/06,0,347000,-440000,-93000
2017/04/07,0,61000,-653000,-592000
2017/04/10,0,277000,-2354000,-2077000
2017/04/11,0,941390,-771500,169890
2017/04/12,0,1186000,-2438281,-1252281
2017/04/13,0,728000,-690000,38000
2017/04/14,0,618000,-641000,-23000
2017/04/17,0,754000,-601000,153000
2017/04/18,0,1065000,-909000,156000
2017/04/19,0,828000,-2431000,-1603000
