Date,Open,Buy,Sell,Total
2007/01/02,0,547000,-7000,540000
2007/01/03,0,260000,-39000,221000
2007/01/04,0,1487000,0,1487000
2007/01/05,0,1499000,-1000000,499000
2007/01/08,0,650000,0,650000
2007/01/09,0,702000,-275000,427000
2007/01/10,0,0,-385000,-385000
2007/01/11,0,150000,-230000,-80000
2007/01/12,0,1102000,-88000,1014000
2007/01/15,0,693000,-500000,193000
2007/01/16,0,254000,0,254000
2007/01/17,0,162000,0,162000
2007/01/18,0,60000,0,60000
2007/01/19,0,30000,-162000,-132000
2007/01/22,0,84000,0,84000
2007/01/23,0,466000,0,466000
2007/01/24,0,82000,0,82000
2007/01/25,0,2000,0,2000
2007/01/26,0,0,0,0
2007/01/29,0,500000,-31412,468588
2007/01/30,0,7000,-71000,-64000
2007/01/31,0,0,-50570,-50570
2007/02/01,0,0,-221000,-221000
2007/02/02,0,2000,-414000,-412000
2007/02/05,0,4000,-200000,-196000
2007/02/06,0,106000,-350000,-244000
2007/02/07,0,610000,-420000,190000
2007/02/08,0,102000,0,102000
2007/02/09,0,0,-30000,-30000
2007/02/12,0,0,-181000,-181000
2007/02/13,0,350000,0,350000
2007/02/14,0,140000,-15000,125000
2007/02/15,0,0,0,0
2007/02/16,0,0,0,0
2007/02/19,0,0,0,0
2007/02/20,0,0,0,0
2007/02/21,0,0,0,0
2007/02/22,0,0,0,0
2007/02/23,0,0,0,0
2007/02/26,0,1000,0,1000
2007/02/27,0,231000,0,231000
2007/02/28,0,0,0,0
2007/03/01,0,460000,0,460000
2007/03/02,0,2305000,0,2305000
2007/03/05,0,932000,-1000,931000
2007/03/06,0,2364000,-6000,2358000
2007/03/07,0,3176000,-5000,3171000
2007/03/08,0,1252000,-222000,1030000
2007/03/09,0,819000,-51000,768000
2007/03/12,0,1140000,-5000,1135000
2007/03/13,0,510000,-500000,10000
2007/03/14,0,827000,-20000,807000
2007/03/15,0,748000,-154000,594000
2007/03/16,0,695000,-350000,345000
2007/03/19,0,128000,-110000,18000
2007/03/20,0,145000,-71000,74000
2007/03/21,0,170000,0,170000
2007/03/22,0,405000,-170000,235000
2007/03/23,0,391000,0,391000
2007/03/26,0,220000,-312000,-92000
2007/03/27,0,750000,-252000,498000
2007/03/28,0,35000,-350000,-315000
2007/03/29,0,0,-399000,-399000
2007/03/30,0,250000,-156000,94000
2007/04/02,0,550000,-50000,500000
2007/04/03,0,467000,-58000,409000
2007/04/04,0,26000,-627000,-601000
2007/04/05,0,0,0,0
2007/04/06,0,0,0,0
2007/04/09,0,160000,-383000,-223000
2007/04/10,0,15000,-1242000,-1227000
2007/04/11,0,1000,-1324000,-1323000
2007/04/12,0,20000,-1817365,-1797365
2007/04/13,0,35000,-202000,-167000
2007/04/16,0,35000,-268000,-233000
2007/04/17,0,6000,-73000,-67000
2007/04/18,0,441000,-20000,421000
2007/04/19,0,170000,-408000,-238000
2007/04/20,0,1000,-117000,-116000
2007/04/23,0,109000,-90000,19000
2007/04/24,0,633000,-251000,382000
2007/04/25,0,177000,-160000,17000
2007/04/26,0,350000,-681000,-331000
2007/04/27,0,0,0,0
2007/04/30,0,4000,0,4000
2007/05/01,0,0,0,0
2007/05/02,0,295000,-100000,195000
2007/05/03,0,315000,-295000,20000
2007/05/04,0,0,-700000,-700000
2007/05/07,0,0,-390000,-390000
2007/05/08,0,275000,-705000,-430000
2007/05/09,0,0,-485000,-485000
2007/05/10,0,0,-256000,-256000
2007/05/11,0,100000,-442000,-342000
2007/05/14,0,218000,-890000,-672000
2007/05/15,0,128000,-833000,-705000
2007/05/16,0,0,-534000,-534000
2007/05/17,0,0,-464000,-464000
2007/05/18,0,0,-860000,-860000
2007/05/21,0,10000,-494000,-484000
2007/05/22,0,120000,-460000,-340000
2007/05/23,0,0,-227000,-227000
2007/05/24,0,150000,-743000,-593000
2007/05/25,0,0,-285000,-285000
2007/05/28,0,1564000,-1070000,494000
2007/05/29,0,551000,-150000,401000
2007/05/30,0,0,-22000,-22000
2007/05/31,0,282000,0,282000
2007/06/01,0,50000,0,50000
2007/06/04,0,181000,0,181000
2007/06/05,0,300000,-400000,-100000
2007/06/06,0,300000,-585000,-285000
2007/06/07,0,0,-111000,-111000
2007/06/08,0,200000,-750000,-550000
2007/06/11,0,309000,-200000,109000
2007/06/12,0,160000,-432000,-272000
2007/06/13,0,80000,-165000,-85000
2007/06/14,0,0,-627000,-627000
2007/06/15,0,0,-288000,-288000
2007/06/18,0,0,0,0
2007/06/19,0,0,0,0
2007/06/20,0,0,-152000,-152000
2007/06/21,0,365000,-161000,204000
2007/06/22,0,276000,0,276000
2007/06/25,0,418000,-385000,33000
2007/06/26,0,0,-593000,-593000
2007/06/27,0,250000,-220000,30000
2007/06/28,0,180000,-179000,1000
2007/06/29,0,384000,-7000,377000
2007/07/02,0,50000,-50000,0
2007/07/03,0,592000,-92000,500000
2007/07/04,0,78000,-60000,18000
2007/07/05,0,114000,-56000,58000
2007/07/06,0,37000,-35000,2000
2007/07/09,0,84000,0,84000
2007/07/10,0,340000,-383000,-43000
2007/07/11,0,261000,0,261000
2007/07/12,0,689000,-1000,688000
2007/07/13,0,292000,0,292000
2007/07/16,0,20000,-120000,-100000
2007/07/17,0,0,-220000,-220000
2007/07/18,0,605000,-190000,415000
2007/07/19,0,301000,0,301000
2007/07/20,0,212000,0,212000
2007/07/23,0,19000,-10000,9000
2007/07/24,0,58000,-46000,12000
2007/07/25,0,25000,-92000,-67000
2007/07/26,0,1000,-65000,-64000
2007/07/27,0,0,-170000,-170000
2007/07/30,0,0,-388000,-388000
2007/07/31,0,617000,-455000,162000
2007/08/01,0,76000,0,76000
2007/08/02,0,39000,0,39000
2007/08/03,0,1000,0,1000
2007/08/06,0,0,0,0
2007/08/07,0,400000,0,400000
2007/08/08,0,52000,-130000,-78000
2007/08/09,0,41000,0,41000
2007/08/10,0,6000,-555000,-549000
2007/08/13,0,0,0,0
2007/08/14,0,129000,-12000,117000
2007/08/15,0,0,-50000,-50000
2007/08/16,0,21000,-205000,-184000
2007/08/17,0,12000,-1000,11000
2007/08/20,0,1030000,-1000,1029000
2007/08/21,0,1372000,0,1372000
2007/08/22,0,42000,0,42000
2007/08/23,0,1490000,-711000,779000
2007/08/24,0,20000,-154000,-134000
2007/08/27,0,96000,-453000,-357000
2007/08/28,0,800000,-743000,57000
2007/08/29,0,500000,-46000,454000
2007/08/30,0,200000,-19000,181000
2007/08/31,0,916000,-552000,364000
2007/09/03,0,500000,-150000,350000
2007/09/04,0,0,-465000,-465000
2007/09/05,0,0,-66400,-66400
2007/09/06,0,0,-107800,-107800
2007/09/07,0,165000,-100100,64900
2007/09/10,0,1000,-63700,-62700
2007/09/11,0,20000,-34500,-14500
2007/09/12,0,0,0,0
2007/09/13,0,0,-27800,-27800
2007/09/14,0,101000,-55000,46000
2007/09/17,0,135000,-820000,-685000
2007/09/18,0,0,0,0
2007/09/19,0,353000,-5000,348000
2007/09/20,0,0,-420000,-420000
2007/09/21,0,1000,0,1000
2007/09/24,0,0,0,0
2007/09/25,0,0,0,0
2007/09/26,0,145000,-70000,75000
2007/09/27,0,50000,0,50000
2007/09/28,0,516000,-150623,365377
2007/10/01,0,0,-5000,-5000
2007/10/02,0,46000,-321000,-275000
2007/10/03,0,300000,-319000,-19000
2007/10/04,0,300000,-330000,-30000
2007/10/05,0,510000,-2800,507200
2007/10/08,0,15000,-1000,14000
2007/10/09,0,1270000,-50000,1220000
2007/10/10,0,0,0,0
2007/10/11,0,900000,0,900000
2007/10/12,0,1507000,0,1507000
2007/10/15,0,1000000,0,1000000
2007/10/16,0,1729000,-204000,1525000
2007/10/17,0,1785000,-15000,1770000
2007/10/18,0,3791000,-5000,3786000
2007/10/19,0,2165000,-5000,2160000
2007/10/22,0,55000,0,55000
2007/10/23,0,300000,0,300000
2007/10/24,0,120000,0,120000
2007/10/25,0,1221000,-328000,893000
2007/10/26,0,165000,0,165000
2007/10/29,0,0,0,0
2007/10/30,0,10000,-119000,-109000
2007/10/31,0,100000,-223000,-123000
2007/11/01,0,0,0,0
2007/11/02,0,2000,0,2000
2007/11/05,0,133000,0,133000
2007/11/06,0,1108000,-40000,1068000
2007/11/07,0,240000,0,240000
2007/11/08,0,150000,0,150000
2007/11/09,0,109000,-8000,101000
2007/11/12,0,51000,0,51000
2007/11/13,0,185000,-600000,-415000
2007/11/14,0,1993000,-1000,1992000
2007/11/15,0,348000,-300,347700
2007/11/16,0,188000,-500000,-312000
2007/11/19,0,0,-890000,-890000
2007/11/20,0,1000,-400000,-399000
2007/11/21,0,0,-200000,-200000
2007/11/22,0,0,0,0
2007/11/23,0,1000,-1000,0
2007/11/26,0,26000,0,26000
2007/11/27,0,1000,-923000,-922000
2007/11/28,0,313000,0,313000
2007/11/29,0,83000,-822000,-739000
2007/11/30,0,311000,-1000000,-689000
2007/12/03,0,520000,-1067500,-547500
2007/12/04,0,258000,-667000,-409000
2007/12/05,0,1069000,-508000,561000
2007/12/06,0,163000,-145000,18000
2007/12/07,0,773000,-82000,691000
2007/12/10,0,335000,-20700,314300
2007/12/11,0,260000,0,260000
2007/12/12,0,0,-217000,-217000
2007/12/13,0,240000,-8000,232000
2007/12/14,0,35000,-1208000,-1173000
2007/12/17,0,26000,-1681500,-1655500
2007/12/18,0,39000,-62000,-23000
2007/12/19,0,527000,-627000,-100000
2007/12/20,0,100000,-467000,-367000
2007/12/21,0,200000,-1703000,-1503000
2007/12/24,0,30000,-180000,-150000
2007/12/25,0,100000,-220000,-120000
2007/12/26,0,200000,-720000,-520000
2007/12/27,0,1663000,-2768000,-1105000
2007/12/28,0,487000,-1275000,-788000
2007/12/31,0,200000,-3331000,-3131000
2008/01/01,0,0,0,0
2008/01/02,0,305000,-851000,-546000
2008/01/03,0,65000,-975000,-910000
2008/01/04,0,246000,-140000,106000
2008/01/07,0,259000,-566200,-307200
2008/01/08,0,1240000,-59000,1181000
2008/01/09,0,230000,-1441500,-1211500
2008/01/10,0,622000,-85000,537000
2008/01/11,0,510000,-4000,506000
2008/01/14,0,0,-165000,-165000
2008/01/15,0,0,-60000,-60000
2008/01/16,0,1000,-230000,-229000
2008/01/17,0,430000,0,430000
2008/01/18,0,320000,-92000,228000
2008/01/21,0,113000,-475000,-362000
2008/01/22,0,113000,0,113000
2008/01/23,0,0,-672000,-672000
2008/01/24,0,311000,-400000,-89000
2008/01/25,0,531000,-398000,133000
2008/01/28,0,57000,-300000,-243000
2008/01/29,0,26000,-150000,-124000
2008/01/30,0,130000,0,130000
2008/01/31,0,20000,0,20000
2008/02/01,0,5000,-71000,-66000
2008/02/04,0,0,0,0
2008/02/05,0,0,0,0
2008/02/06,0,0,0,0
2008/02/07,0,0,0,0
2008/02/08,0,0,0,0
2008/02/11,0,0,0,0
2008/02/12,0,0,0,0
2008/02/13,0,0,0,0
2008/02/14,0,50000,0,50000
2008/02/15,0,50000,0,50000
2008/02/18,0,823000,0,823000
2008/02/19,0,426000,-3000,423000
2008/02/20,0,0,-211000,-211000
2008/02/21,0,280000,-308000,-28000
2008/02/22,0,40000,-313000,-273000
2008/02/25,0,1000,-157000,-156000
2008/02/26,0,70000,0,70000
2008/02/27,0,0,-421000,-421000
2008/02/28,0,0,0,0
2008/02/29,0,0,0,0
2008/03/03,0,10000,0,10000
2008/03/04,0,0,-100000,-100000
2008/03/05,0,0,-780000,-780000
2008/03/06,0,295000,-1872000,-1577000
2008/03/07,0,625000,-40000,585000
2008/03/10,0,281000,0,281000
2008/03/11,0,1000,0,1000
2008/03/12,0,1000,-9000,-8000
2008/03/13,0,0,-900000,-900000
2008/03/14,0,0,-558000,-558000
2008/03/17,0,111000,-283000,-172000
2008/03/18,0,0,-529600,-529600
2008/03/19,0,282000,-237000,45000
2008/03/20,0,225000,-160000,65000
2008/03/21,0,601000,-165000,436000
2008/03/24,0,151000,-156000,-5000
2008/03/25,0,0,-38000,-38000
2008/03/26,0,1000,0,1000
2008/03/27,0,0,-2000,-2000
2008/03/28,0,181000,0,181000
2008/03/31,0,140000,-31000,109000
2008/04/01,0,0,0,0
2008/04/02,0,452000,0,452000
2008/04/03,0,2320000,-813000,1507000
2008/04/04,0,0,0,0
2008/04/07,0,537000,0,537000
2008/04/08,0,1873000,0,1873000
2008/04/09,0,376000,-361000,15000
2008/04/10,0,50000,-120000,-70000
2008/04/11,0,50000,-140000,-90000
2008/04/14,0,72000,-120000,-48000
2008/04/15,0,125000,0,125000
2008/04/16,0,320000,-52000,268000
2008/04/17,0,281000,0,281000
2008/04/18,0,170000,-3000,167000
2008/04/21,0,721000,0,721000
2008/04/22,0,842000,-30000,812000
2008/04/23,0,576000,-25000,551000
2008/04/24,0,1000,0,1000
2008/04/25,0,0,-788000,-788000
2008/04/28,0,9000,0,9000
2008/04/29,0,153000,-202000,-49000
2008/04/30,0,283000,-33000,250000
2008/05/01,0,0,0,0
2008/05/02,0,103000,-286216,-183216
2008/05/05,0,88000,-160000,-72000
2008/05/06,0,1000,0,1000
2008/05/07,0,204000,-37000,167000
2008/05/08,0,1000,-307000,-306000
2008/05/09,0,0,0,0
2008/05/12,0,3000,-300000,-297000
2008/05/13,0,58000,-2000,56000
2008/05/14,0,1420000,-511000,909000
2008/05/15,0,1108000,-918000,190000
2008/05/16,0,552000,-20000,532000
2008/05/19,0,245000,-150000,95000
2008/05/20,0,0,-69000,-69000
2008/05/21,0,369000,-1580000,-1211000
2008/05/22,0,1000,-936000,-935000
2008/05/23,0,0,-661000,-661000
2008/05/26,0,0,-111000,-111000
2008/05/27,0,252000,0,252000
2008/05/28,0,2000,-165000,-163000
2008/05/29,0,1000,-100000,-99000
2008/05/30,0,0,0,0
2008/06/02,0,12000,0,12000
2008/06/03,0,500000,-20000,480000
2008/06/04,0,745000,0,745000
2008/06/05,0,0,0,0
2008/06/06,0,0,0,0
2008/06/09,0,126000,0,126000
2008/06/10,0,61000,0,61000
2008/06/11,0,320000,-25000,295000
2008/06/12,0,507000,-330000,177000
2008/06/13,0,383000,-1082000,-699000
2008/06/16,0,340000,-369000,-29000
2008/06/17,0,331000,-858000,-527000
2008/06/18,0,1000,0,1000
2008/06/19,0,468000,-1000,467000
2008/06/20,0,0,-1000,-1000
2008/06/23,0,2000,-77000,-75000
2008/06/24,0,0,0,0
2008/06/25,0,84000,0,84000
2008/06/26,0,0,0,0
2008/06/27,0,200000,0,200000
2008/06/30,0,33000,-737000,-704000
2008/07/01,0,183000,0,183000
2008/07/02,0,403000,-315000,88000
2008/07/03,0,76000,-100000,-24000
2008/07/04,0,198000,-254000,-56000
2008/07/07,0,28000,-80000,-52000
2008/07/08,0,0,-488000,-488000
2008/07/09,0,147000,-1000,146000
2008/07/10,0,0,-300000,-300000
2008/07/11,0,2000,-496000,-494000
2008/07/14,0,151000,-234000,-83000
2008/07/15,0,0,0,0
2008/07/16,0,27000,0,27000
2008/07/17,0,1000,-207000,-206000
2008/07/18,0,300000,-223000,77000
2008/07/21,0,714000,0,714000
2008/07/22,0,1377000,-100000,1277000
2008/07/23,0,601000,-279000,322000
2008/07/24,0,950000,0,950000
2008/07/25,0,39000,-314000,-275000
2008/07/28,0,0,0,0
2008/07/29,0,251000,-762000,-511000
2008/07/30,0,669000,-674000,-5000
2008/07/31,0,1002000,0,1002000
2008/08/01,0,668000,-5400,662600
2008/08/04,0,671000,-1015000,-344000
2008/08/05,0,0,-4000,-4000
2008/08/06,0,433000,0,433000
2008/08/07,0,960000,0,960000
2008/08/08,0,442000,0,442000
2008/08/11,0,1771000,0,1771000
2008/08/12,0,3591000,-72000,3519000
2008/08/13,0,1660000,-253500,1406500
2008/08/14,0,100000,-516000,-416000
2008/08/15,0,0,-582000,-582000
2008/08/18,0,25000,-190000,-165000
2008/08/19,0,883000,-534000,349000
2008/08/20,0,2301000,-487000,1814000
2008/08/21,0,641000,-1190000,-549000
2008/08/22,0,1000,-464000,-463000
2008/08/25,0,0,-454000,-454000
2008/08/26,0,0,-518000,-518000
2008/08/27,0,50000,-360000,-310000
2008/08/28,0,0,-95000,-95000
2008/08/29,0,37000,-300000,-263000
2008/09/01,0,0,-360000,-360000
2008/09/02,0,1000,-506000,-505000
2008/09/03,0,369000,-766000,-397000
2008/09/04,0,102000,0,102000
2008/09/05,0,514000,-30000,484000
2008/09/08,0,74000,-11070,62930
2008/09/09,0,303000,0,303000
2008/09/10,0,2000,-145000,-143000
2008/09/11,0,0,-205797,-205797
2008/09/12,0,180000,-1073170,-893170
2008/09/15,0,0,-432000,-432000
2008/09/16,0,61000,-135000,-74000
2008/09/17,0,2000,-1101000,-1099000
2008/09/18,0,20000,-325000,-305000
2008/09/19,0,0,-20000,-20000
2008/09/22,0,0,-335655,-335655
2008/09/23,0,200000,0,200000
2008/09/24,0,0,-1010,-1010
2008/09/25,0,0,-503000,-503000
2008/09/26,0,0,-630325,-630325
2008/09/29,0,0,0,0
2008/09/30,0,0,-45000,-45000
2008/10/01,0,1000,-1000,0
2008/10/02,0,0,-250000,-250000
2008/10/03,0,164000,-225027,-61027
2008/10/06,0,3000,-2000,1000
2008/10/07,0,0,-643000,-643000
2008/10/08,0,0,-334000,-334000
2008/10/09,0,173000,-429000,-256000
2008/10/10,0,0,0,0
2008/10/13,0,50000,-100000,-50000
2008/10/14,0,39000,-300,38700
2008/10/15,0,255000,-175301,79699
2008/10/16,0,2000,-65425,-63425
2008/10/17,0,0,-1000,-1000
2008/10/20,0,1462000,-146000,1316000
2008/10/21,0,160000,-51250,108750
2008/10/22,0,61000,0,61000
2008/10/23,0,0,-100,-100
2008/10/24,0,280000,-319000,-39000
2008/10/27,0,40000,-800000,-760000
2008/10/28,0,465000,-821000,-356000
2008/10/29,0,465000,-713000,-248000
2008/10/30,0,45000,-330517,-285517
2008/10/31,0,55000,-1350,53650
2008/11/03,0,452000,-290000,162000
2008/11/04,0,987000,0,987000
2008/11/05,0,466000,-1428905,-962905
2008/11/06,0,501000,-635000,-134000
2008/11/07,0,332000,-158000,174000
2008/11/10,0,401000,0,401000
2008/11/11,0,501000,0,501000
2008/11/12,0,0,-2000,-2000
2008/11/13,0,0,-162000,-162000
2008/11/14,0,100000,-148000,-48000
2008/11/17,0,6000,-397000,-391000
2008/11/18,0,801000,0,801000
2008/11/19,0,266000,-195000,71000
2008/11/20,0,0,0,0
2008/11/21,0,0,0,0
2008/11/24,0,2000,-200000,-198000
2008/11/25,0,151000,-40000,111000
2008/11/26,0,4000,-100000,-96000
2008/11/27,0,120000,0,120000
2008/11/28,0,0,0,0
2008/12/01,0,5000,-200000,-195000
2008/12/02,0,0,-120000,-120000
2008/12/03,0,145000,0,145000
2008/12/04,0,159000,-575000,-416000
2008/12/05,0,0,-518000,-518000
2008/12/08,0,0,0,0
2008/12/09,0,7000,0,7000
2008/12/10,0,64000,-152000,-88000
2008/12/11,0,8000,0,8000
2008/12/12,0,0,-257430,-257430
2008/12/15,0,0,0,0
2008/12/16,0,0,0,0
2008/12/17,0,0,0,0
2008/12/18,0,222000,-601000,-379000
2008/12/19,0,5000,-630000,-625000
2008/12/22,0,1000,0,1000
2008/12/23,0,0,0,0
2008/12/24,0,0,0,0
2008/12/25,0,0,0,0
2008/12/26,0,1000,-1000,0
2008/12/29,0,0,-50000,-50000
2008/12/30,0,0,0,0
2008/12/31,0,0,-120000,-120000
2009/01/01,0,0,0,0
2009/01/02,0,0,0,0
2009/01/05,0,0,-490735,-490735
2009/01/06,0,18000,0,18000
2009/01/07,0,864000,0,864000
2009/01/08,0,80000,-270000,-190000
2009/01/09,0,36000,-200000,-164000
2009/01/12,0,1000,-1000,0
2009/01/13,0,1000,-50000,-49000
2009/01/14,0,386000,0,386000
2009/01/15,0,0,-6000,-6000
2009/01/16,0,1000,0,1000
2009/01/19,0,0,-2000,-2000
2009/01/20,0,0,-50000,-50000
2009/01/21,0,0,-1000,-1000
2009/01/22,0,0,0,0
2009/01/23,0,0,0,0
2009/01/26,0,0,0,0
2009/01/27,0,0,0,0
2009/01/28,0,0,0,0
2009/01/29,0,0,0,0
2009/01/30,0,0,0,0
2009/02/02,0,252000,-127000,125000
2009/02/03,0,100000,0,100000
2009/02/04,0,0,-6000,-6000
2009/02/05,0,0,-80,-80
2009/02/06,0,833000,0,833000
2009/02/09,0,1104000,0,1104000
2009/02/10,0,1510000,-435000,1075000
2009/02/11,0,1467000,-137825,1329175
2009/02/12,0,766000,-149000,617000
2009/02/13,0,639000,-239000,400000
2009/02/16,0,2071000,-138000,1933000
2009/02/17,0,2028000,0,2028000
2009/02/18,0,1000000,0,1000000
2009/02/19,0,1865000,0,1865000
2009/02/20,0,429000,-1000,428000
2009/02/23,0,212000,0,212000
2009/02/24,0,543000,0,543000
2009/02/25,0,0,0,0
2009/02/26,0,30000,-300000,-270000
2009/02/27,0,299000,0,299000
2009/03/02,0,513000,-634000,-121000
2009/03/03,0,49000,-100000,-51000
2009/03/04,0,1912000,-600000,1312000
2009/03/05,0,2956000,0,2956000
2009/03/06,0,670000,-319000,351000
2009/03/09,0,679000,-200000,479000
2009/03/10,0,75000,-28000,47000
2009/03/11,0,800000,-850000,-50000
2009/03/12,0,705000,-3000,702000
2009/03/13,0,182000,-267000,-85000
2009/03/16,0,75000,-699000,-624000
2009/03/17,0,0,-1180000,-1180000
2009/03/18,0,0,-1094000,-1094000
2009/03/19,0,100000,-855000,-755000
2009/03/20,0,100000,-1916000,-1816000
2009/03/23,0,97000,-901000,-804000
2009/03/24,0,1185000,-36000,1149000
2009/03/25,0,108000,0,108000
2009/03/26,0,0,-615000,-615000
2009/03/27,0,2250000,-1148000,1102000
2009/03/30,0,0,-350000,-350000
2009/03/31,0,0,-1053000,-1053000
2009/04/01,0,951000,-1391000,-440000
2009/04/02,0,281000,-1235000,-954000
2009/04/03,0,262000,-781500,-519500
2009/04/06,0,890000,-801000,89000
2009/04/07,0,484000,-450000,34000
2009/04/08,0,250000,0,250000
2009/04/09,0,650000,-1000,649000
2009/04/10,0,200000,-45100,154900
2009/04/13,0,0,-1000,-1000
2009/04/14,0,400000,-271000,129000
2009/04/15,0,450000,-200000,250000
2009/04/16,0,532000,-102000,430000
2009/04/17,0,2332000,-78000,2254000
2009/04/20,0,470000,-14000,456000
2009/04/21,0,1437000,0,1437000
2009/04/22,0,1573000,-300000,1273000
2009/04/23,0,1633000,-157000,1476000
2009/04/24,0,1748000,0,1748000
2009/04/27,0,206000,0,206000
2009/04/28,0,565000,-2000,563000
2009/04/29,0,2416000,-80000,2336000
2009/04/30,0,932000,-5000,927000
2009/05/01,0,0,0,0
2009/05/04,0,1421000,-300000,1121000
2009/05/05,0,755000,0,755000
2009/05/06,0,910000,-923000,-13000
2009/05/07,0,800000,-2630000,-1830000
2009/05/08,0,308000,-458000,-150000
2009/05/11,0,1000,-1201000,-1200000
2009/05/12,0,300000,-1481000,-1181000
2009/05/13,0,100000,-549000,-449000
2009/05/14,0,652000,0,652000
2009/05/15,0,1331000,-80000,1251000
2009/05/18,0,0,-4000,-4000
2009/05/19,0,1000,-519000,-518000
2009/05/20,0,200000,-194000,6000
2009/05/21,0,150000,-519000,-369000
2009/05/22,0,0,-343000,-343000
2009/05/25,0,151000,-829000,-678000
2009/05/26,0,75000,-1967000,-1892000
2009/05/27,0,172000,-680000,-508000
2009/05/28,0,0,0,0
2009/05/29,0,0,0,0
2009/06/01,0,800000,-524000,276000
2009/06/02,0,1128000,-52000,1076000
2009/06/03,0,146000,-578000,-432000
2009/06/04,0,3000,-1341000,-1338000
2009/06/05,0,2136000,-722000,1414000
2009/06/08,0,3000,-728000,-725000
2009/06/09,0,374000,-380000,-6000
2009/06/10,0,1000,-159000,-158000
2009/06/11,0,322000,-528000,-206000
2009/06/12,0,89000,-50000,39000
2009/06/15,0,1000,0,1000
2009/06/16,0,151000,-205000,-54000
2009/06/17,0,1384000,-450000,934000
2009/06/18,0,1868000,-665000,1203000
2009/06/19,0,294000,0,294000
2009/06/22,0,1571000,0,1571000
2009/06/23,0,425000,-3000,422000
2009/06/24,0,36000,-2000,34000
2009/06/25,0,180000,0,180000
2009/06/26,0,0,0,0
2009/06/29,0,432000,-250000,182000
2009/06/30,0,535000,-590000,-55000
2009/07/01,0,240000,-500000,-260000
2009/07/02,0,2748000,-120000,2628000
2009/07/03,0,180000,-3000,177000
2009/07/06,0,536000,0,536000
2009/07/07,0,691000,-300000,391000
2009/07/08,0,0,-101000,-101000
2009/07/09,0,470000,0,470000
2009/07/10,0,451000,-972000,-521000
2009/07/13,0,40000,-19000,21000
2009/07/14,0,200000,-1298000,-1098000
2009/07/15,0,100000,0,100000
2009/07/16,0,1148000,0,1148000
2009/07/17,0,333000,-291000,42000
2009/07/20,0,1528000,-326000,1202000
2009/07/21,0,228000,-1347000,-1119000
2009/07/22,0,200000,-528000,-328000
2009/07/23,0,134000,-883000,-749000
2009/07/24,0,244000,-257000,-13000
2009/07/27,0,0,-20000,-20000
2009/07/28,0,40000,-100000,-60000
2009/07/29,0,350000,0,350000
2009/07/30,0,1025000,-200000,825000
2009/07/31,0,1414000,-145000,1269000
2009/08/03,0,0,-585000,-585000
2009/08/04,0,0,-82000,-82000
2009/08/05,0,187000,0,187000
2009/08/06,0,27000,0,27000
2009/08/07,0,0,0,0
2009/08/10,0,1000,-1273000,-1272000
2009/08/11,0,404000,0,404000
2009/08/12,0,693000,0,693000
2009/08/13,0,218000,-21000,197000
2009/08/14,0,121000,-74000,47000
2009/08/17,0,774000,0,774000
2009/08/18,0,1585000,-491000,1094000
2009/08/19,0,1209000,-100000,1109000
2009/08/20,0,1152000,0,1152000
2009/08/21,0,763000,-501000,262000
2009/08/24,0,150000,0,150000
2009/08/25,0,1038000,-30000,1008000
2009/08/26,0,550000,0,550000
2009/08/27,0,1321000,-1000,1320000
2009/08/28,0,200000,-159000,41000
2009/08/31,0,2000,-214000,-212000
2009/09/01,0,314000,0,314000
2009/09/02,0,0,-372000,-372000
2009/09/03,0,106000,-850000,-744000
2009/09/04,0,545000,-308000,237000
2009/09/07,0,1014000,-65000,949000
2009/09/08,0,343000,-300000,43000
2009/09/09,0,381000,-500000,-119000
2009/09/10,0,157000,0,157000
2009/09/11,0,1679000,0,1679000
2009/09/14,0,1384000,-24000,1360000
2009/09/15,0,1006000,-325000,681000
2009/09/16,0,52000,0,52000
2009/09/17,0,220000,-244000,-24000
2009/09/18,0,390000,-391000,-1000
2009/09/21,0,1460000,-185000,1275000
2009/09/22,0,1287000,-267000,1020000
2009/09/23,0,330000,-295000,35000
2009/09/24,0,1227000,-425000,802000
2009/09/25,0,1948000,-75000,1873000
2009/09/28,0,1351000,-957000,394000
2009/09/29,0,1223000,-351000,872000
2009/09/30,0,1347000,-1270000,77000
2009/10/01,0,600000,-575000,25000
2009/10/02,0,1241000,-636000,605000
2009/10/05,0,968000,-784000,184000
2009/10/06,0,1387000,-2233000,-846000
2009/10/07,0,0,-1784000,-1784000
2009/10/08,0,900000,-2330000,-1430000
2009/10/09,0,916000,-213000,703000
2009/10/12,0,500000,-795000,-295000
2009/10/13,0,0,-2210000,-2210000
2009/10/14,0,252000,-351000,-99000
2009/10/15,0,615000,0,615000
2009/10/16,0,170000,-336000,-166000
2009/10/19,0,501000,-60000,441000
2009/10/20,0,213000,-1229000,-1016000
2009/10/21,0,102000,-828000,-726000
2009/10/22,0,105000,-228000,-123000
2009/10/23,0,67000,-35000,32000
2009/10/26,0,0,-272000,-272000
2009/10/27,0,30000,-50000,-20000
2009/10/28,0,132000,-670000,-538000
2009/10/29,0,100000,-351000,-251000
2009/10/30,0,857000,-100000,757000
2009/11/02,0,202000,0,202000
2009/11/03,0,605000,-200000,405000
2009/11/04,0,509000,0,509000
2009/11/05,0,46000,-100000,-54000
2009/11/06,0,434000,-27000,407000
2009/11/09,0,778000,-150000,628000
2009/11/10,0,845000,-61000,784000
2009/11/11,0,330000,0,330000
2009/11/12,0,250000,-101000,149000
2009/11/13,0,752000,-1000,751000
2009/11/16,0,326000,-1000,325000
2009/11/17,0,0,0,0
2009/11/18,0,10000,-1000,9000
2009/11/19,0,194000,-700000,-506000
2009/11/20,0,0,-100000,-100000
2009/11/23,0,458000,-44000,414000
2009/11/24,0,0,-428000,-428000
2009/11/25,0,318000,-1038000,-720000
2009/11/26,0,379000,-1129000,-750000
2009/11/27,0,0,-685000,-685000
2009/11/30,0,290000,-1198000,-908000
2009/12/01,0,260000,-792000,-532000
2009/12/02,0,1162000,-1004000,158000
2009/12/03,0,99000,-1306000,-1207000
2009/12/04,0,0,-6452000,-6452000
2009/12/07,0,41000,-2018000,-1977000
2009/12/08,0,0,-927000,-927000
2009/12/09,0,150000,-628000,-478000
2009/12/10,0,144000,-175000,-31000
2009/12/11,0,0,-1268000,-1268000
2009/12/14,0,93000,-331000,-238000
2009/12/15,0,252000,-835000,-583000
2009/12/16,0,49000,-205000,-156000
2009/12/17,0,100000,-606000,-506000
2009/12/18,0,1000,0,1000
2009/12/21,0,295000,0,295000
2009/12/22,0,38000,-1848000,-1810000
2009/12/23,0,87000,-1266000,-1179000
2009/12/24,0,0,-1070000,-1070000
2009/12/25,0,0,-1545000,-1545000
2009/12/28,0,42000,-644000,-602000
2009/12/29,0,21000,-441000,-420000
2009/12/30,0,212000,-484000,-272000
2009/12/31,0,671000,-147000,524000
2010/01/01,0,0,0,0
2010/01/04,0,25000,-23000,2000
2010/01/05,0,165000,-1886000,-1721000
2010/01/06,0,196000,-1453000,-1257000
2010/01/07,0,788000,-2542000,-1754000
2010/01/08,0,720000,-1234000,-514000
2010/01/11,0,335000,-60000,275000
2010/01/12,0,160000,-623000,-463000
2010/01/13,0,0,0,0
2010/01/14,0,507000,-100000,407000
2010/01/15,0,310000,-217000,93000
2010/01/18,0,0,-135000,-135000
2010/01/19,0,2368000,-325000,2043000
2010/01/20,0,4112000,-310000,3802000
2010/01/21,0,1568000,-500000,1068000
2010/01/22,0,615000,0,615000
2010/01/25,0,1694000,-1000,1693000
2010/01/26,0,425000,-895000,-470000
2010/01/27,0,952000,0,952000
2010/01/28,0,349000,-840000,-491000
2010/01/29,0,749000,-197000,552000
2010/02/01,0,100000,0,100000
2010/02/02,0,8000,-44000,-36000
2010/02/03,0,125000,-1000,124000
2010/02/04,0,1000,-106000,-105000
2010/02/05,0,33000,-36000,-3000
2010/02/08,0,293000,0,293000
2010/02/09,0,81000,0,81000
2010/02/10,0,833000,0,833000
2010/02/11,0,0,0,0
2010/02/12,0,0,0,0
2010/02/15,0,0,0,0
2010/02/16,0,0,0,0
2010/02/17,0,0,0,0
2010/02/18,0,0,0,0
2010/02/19,0,0,0,0
2010/02/22,0,160000,-1103000,-943000
2010/02/23,0,169000,-1067000,-898000
2010/02/24,0,746000,0,746000
2010/02/25,0,550000,-191000,359000
2010/02/26,0,2000,-560000,-558000
2010/03/01,0,250000,-1011000,-761000
2010/03/02,0,286000,-402000,-116000
2010/03/03,0,2304000,-1327000,977000
2010/03/04,0,72000,0,72000
2010/03/05,0,270000,-500000,-230000
2010/03/08,0,203000,-97000,106000
2010/03/09,0,546000,-1650000,-1104000
2010/03/10,0,258000,-1105000,-847000
2010/03/11,0,260000,-333000,-73000
2010/03/12,0,80000,-303000,-223000
2010/03/15,0,200000,-867000,-667000
2010/03/16,0,0,0,0
2010/03/17,0,415000,-1000,414000
2010/03/18,0,239000,0,239000
2010/03/19,0,0,-67000,-67000
2010/03/22,0,0,-126000,-126000
2010/03/23,0,0,-148000,-148000
2010/03/24,0,0,-101000,-101000
2010/03/25,0,0,-136000,-136000
2010/03/26,0,50000,-587000,-537000
2010/03/29,0,1000,-972000,-971000
2010/03/30,0,0,-684000,-684000
2010/03/31,0,0,-1193000,-1193000
2010/04/01,0,0,-1986000,-1986000
2010/04/02,0,0,-1200000,-1200000
2010/04/05,0,0,0,0
2010/04/06,0,0,-1409000,-1409000
2010/04/07,0,0,-1990000,-1990000
2010/04/08,0,0,-890000,-890000
2010/04/09,0,0,-1190000,-1190000
2010/04/12,0,21000,-1045000,-1024000
2010/04/13,0,11000,-664000,-653000
2010/04/14,0,0,-241000,-241000
2010/04/15,0,0,-501000,-501000
2010/04/16,0,200000,-501000,-301000
2010/04/19,0,0,-522317,-522317
2010/04/20,0,1000,-287000,-286000
2010/04/21,0,0,-2040000,-2040000
2010/04/22,0,250000,-1420000,-1170000
2010/04/23,0,60000,-1190000,-1130000
2010/04/26,0,0,-120000,-120000
2010/04/27,0,0,-681000,-681000
2010/04/28,0,0,-193000,-193000
2010/04/29,0,887000,0,887000
2010/04/30,0,1892000,-151000,1741000
2010/05/03,0,803000,0,803000
2010/05/04,0,909000,0,909000
2010/05/05,0,2532000,-1000,2531000
2010/05/06,0,377000,-30000,347000
2010/05/07,0,712000,0,712000
2010/05/10,0,1270000,-16000,1254000
2010/05/11,0,742000,-16000,726000
2010/05/12,0,91000,0,91000
2010/05/13,0,1106000,0,1106000
2010/05/14,0,900000,-52000,848000
2010/05/17,0,722000,-315000,407000
2010/05/18,0,201000,0,201000
2010/05/19,0,216000,0,216000
2010/05/20,0,0,-55000,-55000
2010/05/21,0,375000,-1088000,-713000
2010/05/24,0,0,-410000,-410000
2010/05/25,0,1000,-749000,-748000
2010/05/26,0,12000,-638000,-626000
2010/05/27,0,91000,-657000,-566000
2010/05/28,0,109000,-232000,-123000
2010/05/31,0,310000,-60000,250000
2010/06/01,0,439000,0,439000
2010/06/02,0,0,0,0
2010/06/03,0,867000,0,867000
2010/06/04,0,500000,-262000,238000
2010/06/07,0,0,0,0
2010/06/08,0,1000,-125000,-124000
2010/06/09,0,0,-17000,-17000
2010/06/10,0,41000,0,41000
2010/06/11,0,100000,-343000,-243000
2010/06/14,0,130000,0,130000
2010/06/15,0,330000,-222000,108000
2010/06/16,0,0,0,0
2010/06/17,0,1000000,-305000,695000
2010/06/18,0,230000,-115000,115000
2010/06/21,0,500000,-200000,300000
2010/06/22,0,20000,-803000,-783000
2010/06/23,0,0,-914000,-914000
2010/06/24,0,36000,-960000,-924000
2010/06/25,0,31000,-1589000,-1558000
2010/06/28,0,0,-1368000,-1368000
2010/06/29,0,250000,-1080000,-830000
2010/06/30,0,300000,-2316000,-2016000
2010/07/01,0,67000,-1111000,-1044000
2010/07/02,0,1000000,-1480000,-480000
2010/07/05,0,225000,-295000,-70000
2010/07/06,0,56000,0,56000
2010/07/07,0,65000,-262000,-197000
2010/07/08,0,486000,0,486000
2010/07/09,0,0,0,0
2010/07/12,0,0,-579000,-579000
2010/07/13,0,0,0,0
2010/07/14,0,0,-1200000,-1200000
2010/07/15,0,250000,-827000,-577000
2010/07/16,0,156000,-176000,-20000
2010/07/19,0,20000,-202000,-182000
2010/07/20,0,393000,0,393000
2010/07/21,0,0,-1000,-1000
2010/07/22,0,143000,-160000,-17000
2010/07/23,0,0,0,0
2010/07/26,0,10000,-470000,-460000
2010/07/27,0,18000,-758000,-740000
2010/07/28,0,120000,-47000,73000
2010/07/29,0,0,-300000,-300000
2010/07/30,0,0,-437000,-437000
2010/08/02,0,2000,-2000,0
2010/08/03,0,0,-12000,-12000
2010/08/04,0,0,-120000,-120000
2010/08/05,0,0,-239000,-239000
2010/08/06,0,0,-40000,-40000
2010/08/09,0,2000,-120000,-118000
2010/08/10,0,68000,0,68000
2010/08/11,0,36000,0,36000
2010/08/12,0,1000,-26000,-25000
2010/08/13,0,184000,-43000,141000
2010/08/16,0,0,-462000,-462000
2010/08/17,0,103000,0,103000
2010/08/18,0,400000,0,400000
2010/08/19,0,77000,0,77000
2010/08/20,0,359000,0,359000
2010/08/23,0,0,-180000,-180000
2010/08/24,0,440000,0,440000
2010/08/25,0,89000,-31000,58000
2010/08/26,0,25000,-332000,-307000
2010/08/27,0,65000,-267000,-202000
2010/08/30,0,1000,0,1000
2010/08/31,0,5000,0,5000
2010/09/01,0,0,0,0
2010/09/02,0,0,0,0
2010/09/03,0,145000,0,145000
2010/09/06,0,145000,0,145000
2010/09/07,0,651000,0,651000
2010/09/08,0,120000,0,120000
2010/09/09,0,930000,-500000,430000
2010/09/10,0,1115000,0,1115000
2010/09/13,0,1978000,0,1978000
2010/09/14,0,367000,-29000,338000
2010/09/15,0,612000,-409000,203000
2010/09/16,0,200000,-699000,-499000
2010/09/17,0,0,-15000,-15000
2010/09/20,0,0,-10000,-10000
2010/09/21,0,60000,-40000,20000
2010/09/22,0,0,0,0
2010/09/23,0,348000,-30000,318000
2010/09/24,0,1055000,-541000,514000
2010/09/27,0,100000,0,100000
2010/09/28,0,1551000,-350000,1201000
2010/09/29,0,2646000,0,2646000
2010/09/30,0,2400000,-56000,2344000
2010/10/01,0,421000,-150000,271000
2010/10/04,0,310000,-140000,170000
2010/10/05,0,525000,-250000,275000
2010/10/06,0,1888000,-148000,1740000
2010/10/07,0,200000,-170000,30000
2010/10/08,0,454000,-306000,148000
2010/10/11,0,105000,0,105000
2010/10/12,0,99000,-38000,61000
2010/10/13,0,5000,-35000,-30000
2010/10/14,0,101000,0,101000
2010/10/15,0,40000,-369000,-329000
2010/10/18,0,600000,-320000,280000
2010/10/19,0,664000,-419000,245000
2010/10/20,0,501000,-52000,449000
2010/10/21,0,969000,-250000,719000
2010/10/22,0,636000,0,636000
2010/10/25,0,195000,0,195000
2010/10/26,0,339000,-5000,334000
2010/10/27,0,300000,-60000,240000
2010/10/28,0,705000,0,705000
2010/10/29,0,300000,-68000,232000
2010/11/01,0,370000,-100000,270000
2010/11/02,0,541000,0,541000
2010/11/03,0,293000,0,293000
2010/11/04,0,693000,-316000,377000
2010/11/05,0,1280000,-251000,1029000
2010/11/08,0,500000,-404000,96000
2010/11/09,0,1000,-158000,-157000
2010/11/10,0,0,-418000,-418000
2010/11/11,0,290000,-321000,-31000
2010/11/12,0,970000,-469000,501000
2010/11/15,0,1130000,-60000,1070000
2010/11/16,0,549000,-301000,248000
2010/11/17,0,170000,0,170000
2010/11/18,0,25000,-150000,-125000
2010/11/19,0,277000,-10000,267000
2010/11/22,0,198000,-101000,97000
2010/11/23,0,206000,0,206000
2010/11/24,0,146000,-150000,-4000
2010/11/25,0,454000,0,454000
2010/11/26,0,45000,0,45000
2010/11/29,0,245000,-130000,115000
2010/11/30,0,54000,-1358000,-1304000
2010/12/01,0,0,-293000,-293000
2010/12/02,0,0,-51000,-51000
2010/12/03,0,0,-44000,-44000
2010/12/06,0,605000,-137000,468000
2010/12/07,0,0,0,0
2010/12/08,0,0,-79000,-79000
2010/12/09,0,407000,0,407000
2010/12/10,0,1069000,-121000,948000
2010/12/13,0,730000,-527000,203000
2010/12/14,0,46000,-1573000,-1527000
2010/12/15,0,106000,-556000,-450000
2010/12/16,0,300000,-638000,-338000
2010/12/17,0,177000,-18000,159000
2010/12/20,0,0,-214000,-214000
2010/12/21,0,122000,-156000,-34000
2010/12/22,0,0,-167000,-167000
2010/12/23,0,0,-372000,-372000
2010/12/24,0,0,-388000,-388000
2010/12/27,0,0,-1354000,-1354000
2010/12/28,0,132000,-330000,-198000
2010/12/29,0,348000,-400000,-52000
2010/12/30,0,763000,-850000,-87000
2010/12/31,0,137000,-1361000,-1224000
2011/01/03,0,0,-1338000,-1338000
2011/01/04,0,15000,-1122000,-1107000
2011/01/05,0,1000,-1044000,-1043000
2011/01/06,0,388000,-381000,7000
2011/01/07,0,192000,-1181000,-989000
2011/01/10,0,80000,-781000,-701000
2011/01/11,0,225000,-3000,222000
2011/01/12,0,41000,-70000,-29000
2011/01/13,0,15000,-489000,-474000
2011/01/14,0,14000,0,14000
2011/01/17,0,382000,-340000,42000
2011/01/18,0,52000,0,52000
2011/01/19,0,90000,-641000,-551000
2011/01/20,0,0,-138000,-138000
2011/01/21,0,1000,-303000,-302000
2011/01/24,0,0,-500000,-500000
2011/01/25,0,0,-215000,-215000
2011/01/26,0,40000,-50000,-10000
2011/01/27,0,230000,-262000,-32000
2011/01/28,0,0,-951000,-951000
2011/01/31,0,0,0,0
2011/02/01,0,0,0,0
2011/02/02,0,0,0,0
2011/02/03,0,0,0,0
2011/02/04,0,0,0,0
2011/02/07,0,0,0,0
2011/02/08,0,0,-368000,-368000
2011/02/09,0,0,-296000,-296000
2011/02/10,0,355000,-856000,-501000
2011/02/11,0,370000,-531000,-161000
2011/02/14,0,124000,-35000,89000
2011/02/15,0,592000,-148000,444000
2011/02/16,0,100000,-480000,-380000
2011/02/17,0,110000,-108000,2000
2011/02/18,0,138000,-12000,126000
2011/02/21,0,134000,-365000,-231000
2011/02/22,0,301000,-142000,159000
2011/02/23,0,603000,-25000,578000
2011/02/24,0,60000,0,60000
2011/02/25,0,207000,-1000,206000
2011/02/28,0,0,0,0
2011/03/01,0,890000,0,890000
2011/03/02,0,0,0,0
2011/03/03,0,1729000,-414000,1315000
2011/03/04,0,1780000,-50000,1730000
2011/03/07,0,618000,0,618000
2011/03/08,0,107000,-44000,63000
2011/03/09,0,602000,-89000,513000
2011/03/10,0,860000,-158000,702000
2011/03/11,0,416000,-352000,64000
2011/03/14,0,31000,-60000,-29000
2011/03/15,0,25000,-506000,-481000
2011/03/16,0,805000,-1035000,-230000
2011/03/17,0,69000,-1653000,-1584000
2011/03/18,0,1501000,-70000,1431000
2011/03/21,0,52000,-385000,-333000
2011/03/22,0,0,-99000,-99000
2011/03/23,0,402000,-647000,-245000
2011/03/24,0,112000,-275000,-163000
2011/03/25,0,1355000,-167000,1188000
2011/03/28,0,0,-361000,-361000
2011/03/29,0,600000,-1621000,-1021000
2011/03/30,0,0,-1403000,-1403000
2011/03/31,0,45000,-1144000,-1099000
2011/04/01,0,0,-534000,-534000
2011/04/04,0,0,0,0
2011/04/05,0,0,0,0
2011/04/06,0,21000,-112000,-91000
2011/04/07,0,0,-1292000,-1292000
2011/04/08,0,0,-1341000,-1341000
2011/04/11,0,0,-728000,-728000
2011/04/12,0,170000,-355000,-185000
2011/04/13,0,0,-1604000,-1604000
2011/04/14,0,0,-479000,-479000
2011/04/15,0,0,-1643000,-1643000
2011/04/18,0,929000,0,929000
2011/04/19,0,32000,0,32000
2011/04/20,0,146000,0,146000
2011/04/21,0,366000,0,366000
2011/04/22,0,2676000,-94000,2582000
2011/04/25,0,500000,-133000,367000
2011/04/26,0,639000,-975000,-336000
2011/04/27,0,622000,-215845,406155
2011/04/28,0,710000,-183000,527000
2011/04/29,0,691000,-664000,27000
2011/05/02,0,0,0,0
2011/05/03,0,246000,-278000,-32000
2011/05/04,0,750000,-243000,507000
2011/05/05,0,793000,0,793000
2011/05/06,0,683000,0,683000
2011/05/09,0,775000,-907000,-132000
2011/05/10,0,1126000,-1362000,-236000
2011/05/11,0,496000,-200000,296000
2011/05/12,0,710000,-384000,326000
2011/05/13,0,162000,-22000,140000
2011/05/16,0,40000,-1798000,-1758000
2011/05/17,0,1193000,-1853000,-660000
2011/05/18,0,1043000,-543000,500000
2011/05/19,0,749000,-212000,537000
2011/05/20,0,607000,-106000,501000
2011/05/23,0,722000,-803000,-81000
2011/05/24,0,587000,-11000,576000
2011/05/25,0,319000,0,319000
2011/05/26,0,1938000,-81000,1857000
2011/05/27,0,550000,-175000,375000
2011/05/30,0,701000,-30000,671000
2011/05/31,0,1272000,0,1272000
2011/06/01,0,480000,-93000,387000
2011/06/02,0,883000,-680000,203000
2011/06/03,0,719000,-94000,625000
2011/06/06,0,0,0,0
2011/06/07,0,466000,-527000,-61000
2011/06/08,0,526000,-122000,404000
2011/06/09,0,1114000,-268000,846000
2011/06/10,0,730000,-49000,681000
2011/06/13,0,1001000,-342000,659000
2011/06/14,0,772000,-1274000,-502000
2011/06/15,0,430000,-124000,306000
2011/06/16,0,913000,-116000,797000
2011/06/17,0,697000,-1000,696000
2011/06/20,0,151000,0,151000
2011/06/21,0,2021000,0,2021000
2011/06/22,0,2394000,0,2394000
2011/06/23,0,1104000,0,1104000
2011/06/24,0,820000,0,820000
2011/06/27,0,559000,0,559000
2011/06/28,0,910000,-95000,815000
2011/06/29,0,185000,0,185000
2011/06/30,0,1072000,-865000,207000
2011/07/01,0,351000,-152000,199000
2011/07/04,0,451000,-277000,174000
2011/07/05,0,444000,-1000,443000
2011/07/06,0,522000,-221000,301000
2011/07/07,0,200000,-726000,-526000
2011/07/08,0,184000,-3718000,-3534000
2011/07/11,0,10000,-1554000,-1544000
2011/07/12,0,146000,-235000,-89000
2011/07/13,0,211000,-1025000,-814000
2011/07/14,0,253000,-750000,-497000
2011/07/15,0,825000,0,825000
2011/07/18,0,78000,-585000,-507000
2011/07/19,0,255000,-316000,-61000
2011/07/20,0,612000,-20000,592000
2011/07/21,0,160000,-568000,-408000
2011/07/22,0,229000,-333000,-104000
2011/07/25,0,18000,-545000,-527000
2011/07/26,0,317000,-105000,212000
2011/07/27,0,2172000,-55000,2117000
2011/07/28,0,680000,-430000,250000
2011/07/29,0,0,-719000,-719000
2011/08/01,0,33000,0,33000
2011/08/02,0,70000,-462000,-392000
2011/08/03,0,172000,-1461000,-1289000
2011/08/04,0,584000,-1129000,-545000
2011/08/05,0,178000,-1121000,-943000
2011/08/08,0,1254000,-1773000,-519000
2011/08/09,0,377000,-186000,191000
2011/08/10,0,430000,0,430000
2011/08/11,0,311000,-500000,-189000
2011/08/12,0,753000,-586000,167000
2011/08/15,0,451000,-458000,-7000
2011/08/16,0,586000,-2044000,-1458000
2011/08/17,0,512000,-757000,-245000
2011/08/18,0,142000,-684000,-542000
2011/08/19,0,187000,-200000,-13000
2011/08/22,0,511000,-1215000,-704000
2011/08/23,0,1301000,-1106000,195000
2011/08/24,0,2341000,-372000,1969000
2011/08/25,0,42000,-225000,-183000
2011/08/26,0,1287000,-130000,1157000
2011/08/29,0,1771000,0,1771000
2011/08/30,0,1211000,-102000,1109000
2011/08/31,0,132000,-110000,22000
2011/09/01,0,227000,-65000,162000
2011/09/02,0,18000,0,18000
2011/09/05,0,325000,-1000,324000
2011/09/06,0,744000,-350000,394000
2011/09/07,0,807000,-223000,584000
2011/09/08,0,583500,-621000,-37500
2011/09/09,0,387000,-10000,377000
2011/09/12,0,0,0,0
2011/09/13,0,110000,-85473,24527
2011/09/14,0,725000,-743000,-18000
2011/09/15,0,494000,-89000,405000
2011/09/16,0,279000,-155000,124000
2011/09/19,0,135000,-633000,-498000
2011/09/20,0,365000,-2049000,-1684000
2011/09/21,0,359200,-190000,169200
2011/09/22,0,969000,-81000,888000
2011/09/23,0,759000,-372000,387000
2011/09/26,0,28000,-497000,-469000
2011/09/27,0,1392000,-200000,1192000
2011/09/28,0,2000,-48000,-46000
2011/09/29,0,419000,-35000,384000
2011/09/30,0,245000,-223000,22000
2011/10/03,0,184000,0,184000
2011/10/04,0,408000,-160000,248000
2011/10/05,0,314000,0,314000
2011/10/06,0,523000,-279000,244000
2011/10/07,0,499000,-867000,-368000
2011/10/10,0,0,0,0
2011/10/11,0,253000,0,253000
2011/10/12,0,499000,-226000,273000
2011/10/13,0,339000,-1148000,-809000
2011/10/14,0,19000,-4343000,-4324000
2011/10/17,0,215000,-1343508,-1128508
2011/10/18,0,2901,-190000,-187099
2011/10/19,0,203000,-301000,-98000
2011/10/20,0,0,-1141000,-1141000
2011/10/21,0,130000,-2053000,-1923000
2011/10/24,0,47000,-334000,-287000
2011/10/25,0,320000,-120000,200000
2011/10/26,0,169000,-1110000,-941000
2011/10/27,0,96000,-10000,86000
2011/10/28,0,148000,-88000,60000
2011/10/31,0,168000,-259000,-91000
2011/11/01,0,325000,-620000,-295000
2011/11/02,0,297000,-92000,205000
2011/11/03,0,617000,-637000,-20000
2011/11/04,0,410000,-180000,230000
2011/11/07,0,0,0,0
2011/11/08,0,73000,0,73000
2011/11/09,0,180000,-107000,73000
2011/11/10,0,145000,-57000,88000
2011/11/11,0,19000,-101000,-82000
2011/11/14,0,331000,-25991,305009
2011/11/15,0,50000,0,50000
2011/11/16,0,495000,0,495000
2011/11/17,0,55000,-23000,32000
2011/11/18,0,115000,-140000,-25000
2011/11/21,0,169000,0,169000
2011/11/22,0,101000,-241000,-140000
2011/11/23,0,249000,-168000,81000
2011/11/24,0,171000,0,171000
2011/11/25,0,851000,-238000,613000
2011/11/28,0,1339000,0,1339000
2011/11/29,0,234000,-60000,174000
2011/11/30,0,154000,-178000,-24000
2011/12/01,0,635000,-293000,342000
2011/12/02,0,243000,-1571000,-1328000
2011/12/05,0,31000,-1328000,-1297000
2011/12/06,0,377000,-4022000,-3645000
2011/12/07,0,249000,-863000,-614000
2011/12/08,0,536000,-1344000,-808000
2011/12/09,0,495000,-1928579,-1433579
2011/12/12,0,1174000,-1020000,154000
2011/12/13,0,1145000,-128000,1017000
2011/12/14,0,476000,-97000,379000
2011/12/15,0,494000,-315000,179000
2011/12/16,0,518000,-182000,336000
2011/12/19,0,407000,-491000,-84000
2011/12/20,0,147000,-284000,-137000
2011/12/21,0,1586000,0,1586000
2011/12/22,0,2442000,-140000,2302000
2011/12/23,0,875000,-191000,684000
2011/12/26,0,926000,0,926000
2011/12/27,0,98000,-924000,-826000
2011/12/28,0,400000,-100000,300000
2011/12/29,0,0,-146000,-146000
2011/12/30,0,155000,-684000,-529000
2012/01/02,0,1000,-661000,-660000
2012/01/03,0,17000,-547000,-530000
2012/01/04,0,844000,-1112000,-268000
2012/01/05,0,0,-1273028,-1273028
2012/01/06,0,79000,-1179000,-1100000
2012/01/09,0,131000,-77000,54000
2012/01/10,0,602000,-593000,9000
2012/01/11,0,630000,-1000,629000
2012/01/12,0,597000,-2000,595000
2012/01/13,0,62000,-816020,-754020
2012/01/16,0,0,-1619000,-1619000
2012/01/17,0,77000,-1298000,-1221000
2012/01/18,0,794000,-1350000,-556000
2012/01/19,0,0,0,0
2012/01/20,0,0,0,0
2012/01/23,0,0,0,0
2012/01/24,0,0,0,0
2012/01/25,0,0,0,0
2012/01/26,0,0,0,0
2012/01/27,0,0,0,0
2012/01/30,0,10000,0,10000
2012/01/31,0,670000,-49000,621000
2012/02/01,0,321000,-1225000,-904000
2012/02/02,0,0,-1340000,-1340000
2012/02/03,0,0,-814000,-814000
2012/02/06,0,75000,-370000,-295000
2012/02/07,0,349000,-1079000,-730000
2012/02/08,0,765000,-813000,-48000
2012/02/09,0,1049041,-165000,884041
2012/02/10,0,0,-1266000,-1266000
2012/02/13,0,0,-123000,-123000
2012/02/14,0,23000,-1232000,-1209000
2012/02/15,0,23000,-252000,-229000
2012/02/16,0,20000,-210000,-190000
2012/02/17,0,40000,-101000,-61000
2012/02/20,0,462000,0,462000
2012/02/21,0,1240000,-14000,1226000
2012/02/22,0,155000,0,155000
2012/02/23,0,474000,-1000,473000
2012/02/24,0,271000,-25000,246000
2012/02/27,0,0,0,0
2012/02/28,0,0,0,0
2012/02/29,0,277000,-40000,237000
2012/03/01,0,290000,-157000,133000
2012/03/02,0,0,-157000,-157000
2012/03/05,0,71000,-374000,-303000
2012/03/06,0,0,-719000,-719000
2012/03/07,0,201000,-366000,-165000
2012/03/08,0,0,-1499,-1499
2012/03/09,0,17000,-41000,-24000
2012/03/12,0,0,-173000,-173000
2012/03/13,0,31000,-55000,-24000
2012/03/14,0,407000,-3000,404000
2012/03/15,0,791000,-583000,208000
2012/03/16,0,60000,-450000,-390000
2012/03/19,0,150000,-13000,137000
2012/03/20,0,10000,0,10000
2012/03/21,0,20000,-548000,-528000
2012/03/22,0,49000,0,49000
2012/03/23,0,39000,0,39000
2012/03/26,0,33000,-842000,-809000
2012/03/27,0,15000,-455000,-440000
2012/03/28,0,7000,-100000,-93000
2012/03/29,0,150000,-100000,50000
2012/03/30,0,250000,-134000,116000
2012/04/02,0,100000,0,100000
2012/04/03,0,3000,-127000,-124000
2012/04/04,0,0,0,0
2012/04/05,0,388000,-131289,256711
2012/04/06,0,224000,0,224000
2012/04/09,0,5000,-122000,-117000
2012/04/10,0,0,-76000,-76000
2012/04/11,0,0,0,0
2012/04/12,0,0,0,0
2012/04/13,0,5000,-146000,-141000
2012/04/16,0,41000,0,41000
2012/04/17,0,15000,-321000,-306000
2012/04/18,0,59000,-178000,-119000
2012/04/19,0,60000,-103000,-43000
2012/04/20,0,347000,-407000,-60000
2012/04/23,0,162000,-277000,-115000
2012/04/24,0,95000,0,95000
2012/04/25,0,100000,0,100000
2012/04/26,0,730000,0,730000
2012/04/27,0,598000,0,598000
2012/04/30,0,113000,0,113000
2012/05/01,0,0,0,0
2012/05/02,0,109000,-150000,-41000
2012/05/03,0,367337,-151000,216337
2012/05/04,0,372000,-589000,-217000
2012/05/07,0,74000,-220400,-146400
2012/05/08,0,188000,-336000,-148000
2012/05/09,0,222000,0,222000
2012/05/10,0,695000,-115000,580000
2012/05/11,0,122000,-526000,-404000
2012/05/14,0,69000,-470000,-401000
2012/05/15,0,268000,0,268000
2012/05/16,0,533000,-38000,495000
2012/05/17,0,804000,-142000,662000
2012/05/18,0,594000,0,594000
2012/05/21,0,384000,0,384000
2012/05/22,0,322000,-247000,75000
2012/05/23,0,40000,-291000,-251000
2012/05/24,0,424000,-80000,344000
2012/05/25,0,507000,-131000,376000
2012/05/28,0,676000,-356000,320000
2012/05/29,0,705000,-5000,700000
2012/05/30,0,226000,-1242840,-1016840
2012/05/31,0,248000,-2206000,-1958000
2012/06/01,0,100000,-733000,-633000
2012/06/04,0,654000,-731000,-77000
2012/06/05,0,279000,-1095000,-816000
2012/06/06,0,177000,-150000,27000
2012/06/07,0,110000,0,110000
2012/06/08,0,19000,-259000,-240000
2012/06/11,0,106000,-404000,-298000
2012/06/12,0,11000,0,11000
2012/06/13,0,372000,-158000,214000
2012/06/14,0,4000,-241000,-237000
2012/06/15,0,0,0,0
2012/06/18,0,389000,-15000,374000
2012/06/19,0,258000,-706000,-448000
2012/06/20,0,0,-3744000,-3744000
2012/06/21,0,0,-1450000,-1450000
2012/06/22,0,0,-120000,-120000
2012/06/25,0,0,-3000,-3000
2012/06/26,0,1582,-123000,-121418
2012/06/27,0,100000,-682000,-582000
2012/06/28,0,0,-64000,-64000
2012/06/29,0,0,-662000,-662000
2012/07/02,0,0,-510000,-510000
2012/07/03,0,0,-884000,-884000
2012/07/04,0,14000,-150000,-136000
2012/07/05,0,108000,-66000,42000
2012/07/06,0,0,-286000,-286000
2012/07/09,0,0,-116000,-116000
2012/07/10,0,0,-45000,-45000
2012/07/11,0,37000,-212000,-175000
2012/07/12,0,20000,-170000,-150000
2012/07/13,0,119000,-122000,-3000
2012/07/16,0,0,0,0
2012/07/17,0,28000,0,28000
2012/07/18,0,905000,0,905000
2012/07/19,0,2093000,0,2093000
2012/07/20,0,523000,-145000,378000
2012/07/23,0,15000,0,15000
2012/07/24,0,62000,0,62000
2012/07/25,0,203000,0,203000
2012/07/26,0,17000,0,17000
2012/07/27,0,436000,0,436000
2012/07/30,0,1309000,0,1309000
2012/07/31,0,237000,-30000,207000
2012/08/01,0,80000,-320000,-240000
2012/08/02,0,0,0,0
2012/08/03,0,50000,0,50000
2012/08/06,0,41000,-1000,40000
2012/08/07,0,81000,-465000,-384000
2012/08/08,0,96000,-1000,95000
2012/08/09,0,592000,-468000,124000
2012/08/10,0,481000,-1000,480000
2012/08/13,0,390000,0,390000
2012/08/14,0,449000,-1000,448000
2012/08/15,0,83000,-257000,-174000
2012/08/16,0,589000,-452000,137000
2012/08/17,0,276000,-36645,239355
2012/08/20,0,52000,0,52000
2012/08/21,0,493000,-35000,458000
2012/08/22,0,145000,-85000,60000
2012/08/23,0,1000,0,1000
2012/08/24,0,500,0,500
2012/08/27,0,0,-72000,-72000
2012/08/28,0,38000,-90000,-52000
2012/08/29,0,351000,-1000,350000
2012/08/30,0,233000,0,233000
2012/08/31,0,26000,0,26000
2012/09/03,0,24000,0,24000
2012/09/04,0,0,-278000,-278000
2012/09/05,0,128000,-91000,37000
2012/09/06,0,42000,0,42000
2012/09/07,0,209000,-17000,192000
2012/09/10,0,598000,0,598000
2012/09/11,0,0,0,0
2012/09/12,0,0,-884000,-884000
2012/09/13,0,0,-341000,-341000
2012/09/14,0,36000,-40000,-4000
2012/09/17,0,0,-104000,-104000
2012/09/18,0,155000,-8000,147000
2012/09/19,0,322000,-597000,-275000
2012/09/20,0,0,-319000,-319000
2012/09/21,0,0,-52000,-52000
2012/09/24,0,58000,-141000,-83000
2012/09/25,0,0,-122000,-122000
2012/09/26,0,0,-121000,-121000
2012/09/27,0,0,-500000,-500000
2012/09/28,0,0,-535000,-535000
2012/10/01,0,1000,-16000,-15000
2012/10/02,0,0,-1181000,-1181000
2012/10/03,0,0,-871000,-871000
2012/10/04,0,0,-444000,-444000
2012/10/05,0,0,-338000,-338000
2012/10/08,0,0,-626000,-626000
2012/10/09,0,0,-279000,-279000
2012/10/10,0,0,0,0
2012/10/11,0,180000,-29000,151000
2012/10/12,0,0,-27000,-27000
2012/10/15,0,150000,-270000,-120000
2012/10/16,0,70000,-456000,-386000
2012/10/17,0,35000,-94000,-59000
2012/10/18,0,0,-283100,-283100
2012/10/19,0,0,-277000,-277000
2012/10/22,0,0,0,0
2012/10/23,0,0,-5000,-5000
2012/10/24,0,25000,0,25000
2012/10/25,0,25000,-26000,-1000
2012/10/26,0,0,-58000,-58000
2012/10/29,0,81340,-33000,48340
2012/10/30,0,15000,-33000,-18000
2012/10/31,0,69000,-17000,52000
2012/11/01,0,195000,-10000,185000
2012/11/02,0,1213000,0,1213000
2012/11/05,0,120000,0,120000
2012/11/06,0,217000,0,217000
2012/11/07,0,1016000,0,1016000
2012/11/08,0,577000,-5000,572000
2012/11/09,0,898000,0,898000
2012/11/12,0,124000,-54000,70000
2012/11/13,0,1725000,-37000,1688000
2012/11/14,0,455000,-131000,324000
2012/11/15,0,573000,0,573000
2012/11/16,0,570000,0,570000
2012/11/19,0,450000,0,450000
2012/11/20,0,1065000,-90000,975000
2012/11/21,0,144000,-58000,86000
2012/11/22,0,50000,0,50000
2012/11/23,0,340000,0,340000
2012/11/26,0,711000,0,711000
2012/11/27,0,40000,0,40000
2012/11/28,0,175000,-2000,173000
2012/11/29,0,355000,-1080000,-725000
2012/11/30,0,1550000,-157000,1393000
2012/12/03,0,494000,-3000,491000
2012/12/04,0,0,-205000,-205000
2012/12/05,0,70000,-623000,-553000
2012/12/06,0,0,-14000,-14000
2012/12/07,0,10000,-423000,-413000
2012/12/10,0,9000,-337000,-328000
2012/12/11,0,0,0,0
2012/12/12,0,0,0,0
2012/12/13,0,0,-22000,-22000
2012/12/14,0,5000,-112000,-107000
2012/12/17,0,60000,-282000,-222000
2012/12/18,0,0,-70000,-70000
2012/12/19,0,30000,-50000,-20000
2012/12/20,0,146000,-92000,54000
2012/12/21,0,198000,-86000,112000
2012/12/24,0,140000,0,140000
2012/12/25,0,180000,0,180000
2012/12/26,0,0,0,0
2012/12/27,0,409000,-168000,241000
2012/12/28,0,0,-292000,-292000
2012/12/31,0,0,0,0
2013/01/01,0,0,0,0
2013/01/02,0,5000,-440000,-435000
2013/01/03,0,155000,0,155000
2013/01/04,0,5000,-2000,3000
2013/01/07,0,50000,-1000,49000
2013/01/08,0,221000,-2000,219000
2013/01/09,0,73000,-102000,-29000
2013/01/10,0,10000,0,10000
2013/01/11,0,90000,-1000,89000
2013/01/14,0,41000,0,41000
2013/01/15,0,57000,-1000,56000
2013/01/16,0,910000,-93000,817000
2013/01/17,0,289000,-72293,216707
2013/01/18,0,306000,0,306000
2013/01/21,0,103000,-2000,101000
2013/01/22,0,0,-1000,-1000
2013/01/23,0,130000,-1000,129000
2013/01/24,0,0,-1000,-1000
2013/01/25,0,0,-231000,-231000
2013/01/28,0,120000,0,120000
2013/01/29,0,288000,-500,287500
2013/01/30,0,0,0,0
2013/01/31,0,70000,-1000,69000
2013/02/01,0,201000,-12000,189000
2013/02/04,0,236000,-37000,199000
2013/02/05,0,6000,0,6000
2013/02/06,0,781000,-2000,779000
2013/02/07,0,0,0,0
2013/02/08,0,0,0,0
2013/02/11,0,0,0,0
2013/02/12,0,0,0,0
2013/02/13,0,0,0,0
2013/02/14,0,0,0,0
2013/02/15,0,0,0,0
2013/02/18,0,506000,-1000,505000
2013/02/19,0,635000,-477000,158000
2013/02/20,0,389000,-270000,119000
2013/02/21,0,100000,-563000,-463000
2013/02/22,0,230000,-300000,-70000
2013/02/25,0,285000,-379000,-94000
2013/02/26,0,35000,-229000,-194000
2013/02/27,0,0,-414000,-414000
2013/02/28,0,0,0,0
2013/03/01,0,0,-359000,-359000
2013/03/04,0,0,-1275000,-1275000
2013/03/05,0,88000,-376000,-288000
2013/03/06,0,278000,-35000,243000
2013/03/07,0,0,0,0
2013/03/08,0,0,-239000,-239000
2013/03/11,0,0,-163000,-163000
2013/03/12,0,0,-373000,-373000
2013/03/13,0,0,-313000,-313000
2013/03/14,0,0,-575000,-575000
2013/03/15,0,20000,-647000,-627000
2013/03/18,0,0,-165000,-165000
2013/03/19,0,187000,-266000,-79000
2013/03/20,0,100000,-316000,-216000
2013/03/21,0,0,-230000,-230000
2013/03/22,0,69000,-1000,68000
2013/03/25,0,75000,0,75000
2013/03/26,0,25000,-19000,6000
2013/03/27,0,529000,-5000,524000
2013/03/28,0,285000,-10000,275000
2013/03/29,0,53000,0,53000
2013/04/01,0,0,-10000,-10000
2013/04/02,0,0,0,0
2013/04/03,0,26000,-206000,-180000
2013/04/04,0,0,0,0
2013/04/05,0,0,0,0
2013/04/08,0,0,-20000,-20000
2013/04/09,0,0,-8000,-8000
2013/04/10,0,52000,0,52000
2013/04/11,0,12000,-50000,-38000
2013/04/12,0,0,-39000,-39000
2013/04/15,0,210000,-31000,179000
2013/04/16,0,80000,-35000,45000
2013/04/17,0,355000,0,355000
2013/04/18,0,487000,0,487000
2013/04/19,0,1394585,0,1394585
2013/04/22,0,100000,-1000,99000
2013/04/23,0,199000,-1000,198000
2013/04/24,0,269000,-1000,268000
2013/04/25,0,215000,-58000,157000
2013/04/26,0,445000,-1000,444000
2013/04/29,0,136000,-1000,135000
2013/04/30,0,267000,0,267000
2013/05/01,0,0,0,0
2013/05/02,0,555000,-31000,524000
2013/05/03,0,0,-519000,-519000
2013/05/06,0,361000,-51000,310000
2013/05/07,0,277000,0,277000
2013/05/08,0,1842000,-60000,1782000
2013/05/09,0,558000,0,558000
2013/05/10,0,260000,-82000,178000
2013/05/13,0,20000,0,20000
2013/05/14,0,229000,-1026000,-797000
2013/05/15,0,116000,-362000,-246000
2013/05/16,0,28000,-40000,-12000
2013/05/17,0,0,-9000,-9000
2013/05/20,0,0,-501000,-501000
2013/05/21,0,126000,-300000,-174000
2013/05/22,0,19000,-136000,-117000
2013/05/23,0,209000,-260000,-51000
2013/05/24,0,31000,-371000,-340000
2013/05/27,0,24000,-16000,8000
2013/05/28,0,77000,-35000,42000
2013/05/29,0,107000,-30000,77000
2013/05/30,0,102000,-49000,53000
2013/05/31,0,10000,0,10000
2013/06/03,0,225000,0,225000
2013/06/04,0,68000,0,68000
2013/06/05,0,370000,-48000,322000
2013/06/06,0,255000,-13000,242000
2013/06/07,0,188000,-127000,61000
2013/06/10,0,1268000,-315000,953000
2013/06/11,0,525000,-121000,404000
2013/06/12,0,0,0,0
2013/06/13,0,18000,-124000,-106000
2013/06/14,0,884000,-299000,585000
2013/06/17,0,601000,-28000,573000
2013/06/18,0,414000,-10000,404000
2013/06/19,0,190000,-1000,189000
2013/06/20,0,93000,-40000,53000
2013/06/21,0,845000,-200000,645000
2013/06/24,0,220000,0,220000
2013/06/25,0,33000,-99000,-66000
2013/06/26,0,783000,-11000,772000
2013/06/27,0,1021000,-100000,921000
2013/06/28,0,251000,-30000,221000
2013/07/01,0,461000,-350000,111000
2013/07/02,0,393000,-80000,313000
2013/07/03,0,179000,-10000,169000
2013/07/04,0,100000,-441000,-341000
2013/07/05,0,300000,-475000,-175000
2013/07/08,0,200000,-418000,-218000
2013/07/09,0,8000,-810000,-802000
2013/07/10,0,0,-91000,-91000
2013/07/11,0,240000,-865273,-625273
2013/07/12,0,0,-1060000,-1060000
2013/07/15,0,0,-250000,-250000
2013/07/16,0,300000,-300000,0
2013/07/17,0,691000,-998000,-307000
2013/07/18,0,459000,-1257000,-798000
2013/07/19,0,61000,-1842000,-1781000
2013/07/22,0,0,0,0
2013/07/23,0,45000,-100000,-55000
2013/07/24,0,0,-323000,-323000
2013/07/25,0,0,0,0
2013/07/26,0,512000,0,512000
2013/07/29,0,0,0,0
2013/07/30,0,3000,-53000,-50000
2013/07/31,0,200000,-20000,180000
2013/08/01,0,25000,-60000,-35000
2013/08/02,0,99000,-160000,-61000
2013/08/05,0,0,-77000,-77000
2013/08/06,0,0,-63000,-63000
2013/08/07,0,50000,-78000,-28000
2013/08/08,0,0,-35000,-35000
2013/08/09,0,113000,-38000,75000
2013/08/12,0,0,0,0
2013/08/13,0,834000,0,834000
2013/08/14,0,373000,0,373000
2013/08/15,0,201000,0,201000
2013/08/16,0,121000,-150000,-29000
2013/08/19,0,107000,-59000,48000
2013/08/20,0,50000,0,50000
2013/08/21,0,0,0,0
2013/08/22,0,440000,0,440000
2013/08/23,0,329000,0,329000
2013/08/26,0,111000,-257000,-146000
2013/08/27,0,0,-70000,-70000
2013/08/28,0,57000,-60000,-3000
2013/08/29,0,58000,0,58000
2013/08/30,0,87000,-711000,-624000
2013/09/02,0,60000,0,60000
2013/09/03,0,52627,-300000,-247373
2013/09/04,0,0,-1015000,-1015000
2013/09/05,0,125000,-407000,-282000
2013/09/06,0,510000,-847000,-337000
2013/09/09,0,174000,-88000,86000
2013/09/10,0,10000,-135000,-125000
2013/09/11,0,263000,-761000,-498000
2013/09/12,0,35000,-202000,-167000
2013/09/13,0,485000,-479000,6000
2013/09/16,0,1000,-461000,-460000
2013/09/17,0,40000,-484000,-444000
2013/09/18,0,28000,-146000,-118000
2013/09/19,0,0,0,0
2013/09/20,0,0,0,0
2013/09/23,0,430000,-275000,155000
2013/09/24,0,149000,-59000,90000
2013/09/25,0,0,-501000,-501000
2013/09/26,0,0,0,0
2013/09/27,0,100000,-37000,63000
2013/09/30,0,37000,-156000,-119000
2013/10/01,0,101000,-91000,10000
2013/10/02,0,420000,-130000,290000
2013/10/03,0,16000,0,16000
2013/10/04,0,0,0,0
2013/10/07,0,0,-448000,-448000
2013/10/08,0,279000,-282000,-3000
2013/10/09,0,54000,-884000,-830000
2013/10/10,0,0,0,0
2013/10/11,0,233000,-178000,55000
2013/10/14,0,23000,-203000,-180000
2013/10/15,0,0,-80000,-80000
2013/10/16,0,80000,-108000,-28000
2013/10/17,0,0,-130000,-130000
2013/10/18,0,42000,-78000,-36000
2013/10/21,0,451000,-117000,334000
2013/10/22,0,109000,-3000,106000
2013/10/23,0,521000,-21000,500000
2013/10/24,0,159000,-150000,9000
2013/10/25,0,101000,0,101000
2013/10/28,0,20000,0,20000
2013/10/29,0,184000,-100000,84000
2013/10/30,0,620000,-70000,550000
2013/10/31,0,342000,-200000,142000
2013/11/01,0,931000,-121000,810000
2013/11/04,0,76000,-62000,14000
2013/11/05,0,524000,-135000,389000
2013/11/06,0,130000,-200000,-70000
2013/11/07,0,50000,-100000,-50000
2013/11/08,0,0,-32000,-32000
2013/11/11,0,30000,0,30000
2013/11/12,0,0,0,0
2013/11/13,0,10000,-18000,-8000
2013/11/14,0,12000,-304000,-292000
2013/11/15,0,37000,0,37000
2013/11/18,0,28000,0,28000
2013/11/19,0,19000,0,19000
2013/11/20,0,4000,0,4000
2013/11/21,0,133000,0,133000
2013/11/22,0,0,-120000,-120000
2013/11/25,0,252000,-945,251055
2013/11/26,0,10000,-56000,-46000
2013/11/27,0,47000,-100000,-53000
2013/11/28,0,324000,-115000,209000
2013/11/29,0,10000,0,10000
2013/12/02,0,40000,-1000,39000
2013/12/03,0,65000,-20000,45000
2013/12/04,0,28000,-202000,-174000
2013/12/05,0,0,-203000,-203000
2013/12/06,0,0,-483000,-483000
2013/12/09,0,18000,-317000,-299000
2013/12/10,0,0,-456000,-456000
2013/12/11,0,0,-931000,-931000
2013/12/12,0,15000,-310000,-295000
2013/12/13,0,0,-535000,-535000
2013/12/16,0,0,0,0
2013/12/17,0,0,-757000,-757000
2013/12/18,0,0,-738000,-738000
2013/12/19,0,20000,-835000,-815000
2013/12/20,0,10000,-624000,-614000
2013/12/23,0,0,-396000,-396000
2013/12/24,0,0,-733000,-733000
2013/12/25,0,0,-397000,-397000
2013/12/26,0,0,-131000,-131000
2013/12/27,0,1000,-100000,-99000
2013/12/30,0,91000,-18000,73000
2013/12/31,0,0,-31000,-31000
2014/01/02,0,26000,-1000,25000
2014/01/03,0,0,0,0
2014/01/06,0,0,-40000,-40000
2014/01/07,0,0,-170000,-170000
2014/01/08,0,0,-150000,-150000
2014/01/09,0,0,0,0
2014/01/10,0,1000,0,1000
2014/01/13,0,0,-124000,-124000
2014/01/14,0,0,-91000,-91000
2014/01/15,0,0,-478000,-478000
2014/01/16,0,0,-247000,-247000
2014/01/17,0,0,-128000,-128000
2014/01/20,0,306000,-500000,-194000
2014/01/21,0,123000,-404000,-281000
2014/01/22,0,1181000,-882000,299000
2014/01/23,0,1362000,-332000,1030000
2014/01/24,0,702000,0,702000
2014/01/27,0,598000,-35000,563000
2014/02/05,0,196000,-11000,185000
2014/02/06,0,312000,0,312000
2014/02/07,0,376000,0,376000
2014/02/10,0,510000,0,510000
2014/02/11,0,152000,-15000,137000
2014/02/12,0,120000,-81000,39000
2014/02/13,0,2654,0,2654
2014/02/14,0,0,-306000,-306000
2014/02/17,0,200000,-208000,-8000
2014/02/18,0,227000,-220000,7000
2014/02/19,0,33000,-748000,-715000
2014/02/20,0,34000,-219000,-185000
2014/02/21,0,10000,-337000,-327000
2014/02/24,0,30000,-260000,-230000
2014/02/25,0,0,-307000,-307000
2014/02/26,0,0,-398000,-398000
2014/02/27,0,30000,-169000,-139000
2014/03/03,0,0,-1180000,-1180000
2014/03/04,0,0,-600000,-600000
2014/03/05,0,0,-606000,-606000
2014/03/06,0,261000,-368000,-107000
2014/03/07,0,95000,-461000,-366000
2014/03/10,0,86000,-107000,-21000
2014/03/11,0,67000,-433000,-366000
2014/03/12,0,240000,-824000,-584000
2014/03/13,0,0,-235000,-235000
2014/03/14,0,121000,0,121000
2014/03/17,0,1368000,-314000,1054000
2014/03/18,0,619000,-60000,559000
2014/03/19,0,86000,-1000,85000
2014/03/20,0,445000,-115000,330000
2014/03/21,0,179000,-139000,40000
2014/03/24,0,820000,0,820000
2014/03/25,0,332000,0,332000
2014/03/26,0,834000,0,834000
2014/03/27,0,30000,-40000,-10000
2014/03/28,0,90000,-20000,70000
2014/03/31,0,920000,-200000,720000
2014/04/01,0,33000,-330000,-297000
2014/04/02,0,358000,-251000,107000
2014/04/03,0,0,-264000,-264000
2014/04/07,0,0,-102000,-102000
2014/04/08,0,0,-117000,-117000
2014/04/09,0,166000,-79000,87000
2014/04/10,0,0,-245596,-245596
2014/04/11,0,0,-8000,-8000
2014/04/14,0,10000,-31000,-21000
2014/04/15,0,32000,-70000,-38000
2014/04/16,0,368000,-20000,348000
2014/04/17,0,176000,0,176000
2014/04/18,0,260000,-95000,165000
2014/04/21,0,221000,-13000,208000
2014/04/22,0,0,-767000,-767000
2014/04/23,0,150000,-102000,48000
2014/04/24,0,0,-472000,-472000
2014/04/25,0,35000,0,35000
2014/04/28,0,12000,-90000,-78000
2014/04/29,0,0,-162000,-162000
2014/04/30,0,1000,-10000,-9000
2014/05/02,0,150000,0,150000
2014/05/05,0,1630000,-288000,1342000
2014/05/06,0,1341000,-35000,1306000
2014/05/07,0,729000,-624000,105000
2014/05/08,0,1591000,-310000,1281000
2014/05/09,0,1067000,-575000,492000
2014/05/12,0,154000,-6000,148000
2014/05/13,0,86000,-315000,-229000
2014/05/14,0,31000,-60000,-29000
2014/05/15,0,59000,-160000,-101000
2014/05/16,0,42000,-375000,-333000
2014/05/19,0,737000,-161000,576000
2014/05/20,0,1127000,-250000,877000
2014/05/21,0,445000,-70000,375000
2014/05/22,0,663000,-20000,643000
2014/05/23,0,1265000,-60000,1205000
2014/05/26,0,110000,-19000,91000
2014/05/27,0,472000,-80000,392000
2014/05/28,0,874000,-186000,688000
2014/05/29,0,700000,-16000,684000
2014/05/30,0,752000,-23000,729000
2014/06/03,0,432000,-169000,263000
2014/06/04,0,558000,-33000,525000
2014/06/05,0,610000,-309000,301000
2014/06/06,0,110000,-57000,53000
2014/06/09,0,227000,-466000,-239000
2014/06/10,0,0,-222000,-222000
2014/06/11,0,16000,-265000,-249000
2014/06/12,0,70000,-241000,-171000
2014/06/13,0,45000,-14000,31000
2014/06/16,0,147000,-2000,145000
2014/06/17,0,30000,-62000,-32000
2014/06/18,0,80000,-297000,-217000
2014/06/19,0,186000,-572000,-386000
2014/06/20,0,130000,-295000,-165000
2014/06/23,0,0,-175000,-175000
2014/06/24,0,122000,-256000,-134000
2014/06/25,0,140000,-149000,-9000
2014/06/26,0,115000,0,115000
2014/06/27,0,20000,-54000,-34000
2014/06/30,0,35000,-60000,-25000
2014/07/01,0,80000,-241000,-161000
2014/07/02,0,54674,-419000,-364326
2014/07/03,0,104000,0,104000
2014/07/04,0,45000,-12000,33000
2014/07/07,0,0,-15000,-15000
2014/07/08,0,54000,-35000,19000
2014/07/09,0,0,-87000,-87000
2014/07/10,0,0,-939000,-939000
2014/07/11,0,0,-12000,-12000
2014/07/14,0,0,-60000,-60000
2014/07/15,0,0,-411000,-411000
2014/07/16,0,0,-1126000,-1126000
2014/07/17,0,52000,-1728000,-1676000
2014/07/18,0,0,-720000,-720000
2014/07/21,0,0,-10000,-10000
2014/07/22,0,1000,-726000,-725000
2014/07/23,0,0,0,0
2014/07/24,0,1000,-1255000,-1254000
2014/07/25,0,0,-2493000,-2493000
2014/07/28,0,221000,-694000,-473000
2014/07/29,0,51000,-1650000,-1599000
2014/07/30,0,368000,-134000,234000
2014/07/31,0,318000,-743000,-425000
2014/08/01,0,37000,-208000,-171000
2014/08/04,0,25000,-398000,-373000
2014/08/05,0,40000,-1026000,-986000
2014/08/06,0,0,-23000,-23000
2014/08/07,0,4000,-44000,-40000
2014/08/08,0,36000,0,36000
2014/08/11,0,11000,0,11000
2014/08/12,0,207000,0,207000
2014/08/13,0,104000,-101000,3000
2014/08/14,0,91000,0,91000
2014/08/15,0,0,-129000,-129000
2014/08/18,0,10000,-25000,-15000
2014/08/19,0,6000,-50000,-44000
2014/08/20,0,0,-473000,-473000
2014/08/21,0,14000,-549000,-535000
2014/08/22,0,0,-7000,-7000
2014/08/25,0,50000,0,50000
2014/08/26,0,37000,-657000,-620000
2014/08/27,0,12000,-253000,-241000
2014/08/28,0,2000,-10000,-8000
2014/08/29,0,0,-316000,-316000
2014/09/01,0,0,-23000,-23000
2014/09/02,0,10000,-50000,-40000
2014/09/03,0,12000,-212000,-200000
2014/09/04,0,1000,-5000,-4000
2014/09/05,0,22000,-1552000,-1530000
2014/09/09,0,26000,-358000,-332000
2014/09/10,0,20000,-455000,-435000
2014/09/11,0,22000,-448000,-426000
2014/09/12,0,1000,-28000,-27000
2014/09/15,0,28000,-114000,-86000
2014/09/16,0,20000,-28000,-8000
2014/09/17,0,1000,0,1000
2014/09/18,0,211000,0,211000
2014/09/19,0,20000,0,20000
2014/09/22,0,2000,-40714,-38714
2014/09/23,0,0,-607000,-607000
2014/09/24,0,0,-9000,-9000
2014/09/25,0,20000,-130000,-110000
2014/09/26,0,40000,0,40000
2014/09/29,0,126000,-14000,112000
2014/09/30,0,155000,-110000,45000
2014/10/01,0,79000,-35000,44000
2014/10/02,0,6000,-35000,-29000
2014/10/03,0,22000,0,22000
2014/10/06,0,1000,0,1000
2014/10/07,0,0,-107000,-107000
2014/10/08,0,0,0,0
2014/10/09,0,0,-412000,-412000
2014/10/13,0,6000,-438000,-432000
2014/10/14,0,13000,0,13000
2014/10/15,0,15000,0,15000
2014/10/16,0,17000,0,17000
2014/10/17,0,47000,-120000,-73000
2014/10/20,0,48000,0,48000
2014/10/21,0,1000,0,1000
2014/10/22,0,30000,0,30000
2014/10/23,0,30000,-44000,-14000
2014/10/24,0,210000,-8000,202000
2014/10/27,0,32000,0,32000
2014/10/28,0,731000,-220000,511000
2014/10/29,0,150000,-15000,135000
2014/10/30,0,8000,-80000,-72000
2014/10/31,0,127000,-20000,107000
2014/11/03,0,198000,0,198000
2014/11/04,0,107000,-46000,61000
2014/11/05,0,0,0,0
2014/11/06,0,39000,-115000,-76000
2014/11/07,0,100000,-771000,-671000
2014/11/10,0,0,-604000,-604000
2014/11/11,0,76000,-50000,26000
2014/11/12,0,11000,-108000,-97000
2014/11/13,0,10000,0,10000
2014/11/14,0,0,0,0
2014/11/17,0,0,0,0
2014/11/18,0,60000,-63000,-3000
2014/11/19,0,0,-122000,-122000
2014/11/20,0,30000,-110000,-80000
2014/11/21,0,0,0,0
2014/11/24,0,0,-429000,-429000
2014/11/25,0,40000,0,40000
2014/11/26,0,0,-32000,-32000
2014/11/27,0,1000,0,1000
2014/11/28,0,40000,-288000,-248000
2014/12/01,0,100000,0,100000
2014/12/02,0,100000,0,100000
2014/12/03,0,87000,-185000,-98000
2014/12/04,0,20000,-115000,-95000
2014/12/05,0,0,-153000,-153000
2014/12/08,0,60000,-1486000,-1426000
2014/12/09,0,0,-797000,-797000
2014/12/10,0,0,-1711000,-1711000
2014/12/11,0,30460,-1702000,-1671540
2014/12/12,0,0,-1295000,-1295000
2014/12/15,0,0,-1284000,-1284000
2014/12/16,0,0,-668000,-668000
2014/12/17,0,0,-4000,-4000
2014/12/18,0,200000,-40000,160000
2014/12/19,0,128000,-1000,127000
2014/12/22,0,73000,-374000,-301000
2014/12/23,0,5000,-30000,-25000
2014/12/24,0,40000,-182000,-142000
2014/12/25,0,0,0,0
2014/12/26,0,10000,-126000,-116000
2014/12/29,0,0,-91000,-91000
2014/12/30,0,0,-493000,-493000
2014/12/31,0,0,-737000,-737000
2015/01/01,0,0,0,0
2015/01/02,0,0,0,0
2015/01/05,0,25000,-295000,-270000
2015/01/06,0,0,-14000,-14000
2015/01/07,0,0,-5000,-5000
2015/01/08,0,0,-160000,-160000
2015/01/09,0,0,-305000,-305000
2015/01/12,0,28000,-10000,18000
2015/01/13,0,0,-269000,-269000
2015/01/14,0,0,-5000,-5000
2015/01/15,0,0,-336000,-336000
2015/01/16,0,30000,-10000,20000
2015/01/19,0,0,-170000,-170000
2015/01/20,0,0,-75000,-75000
2015/01/21,0,0,-10000,-10000
2015/01/22,0,0,-980000,-980000
2015/01/23,0,0,-733000,-733000
2015/01/26,0,0,-497000,-497000
2015/01/27,0,0,-114632,-114632
2015/01/28,0,0,-412000,-412000
2015/01/29,0,0,-37000,-37000
2015/01/30,0,0,-472627,-472627
2015/02/02,0,0,-84000,-84000
2015/02/03,0,0,0,0
2015/02/04,0,0,0,0
2015/02/05,0,0,-15000,-15000
2015/02/06,0,0,0,0
2015/02/09,0,3000,-20000,-17000
2015/02/10,0,0,-95000,-95000
2015/02/11,0,0,-50000,-50000
2015/02/12,0,0,0,0
2015/02/13,0,0,0,0
2015/02/16,0,0,0,0
2015/02/17,0,0,0,0
2015/02/18,0,0,0,0
2015/02/19,0,0,0,0
2015/02/20,0,0,0,0
2015/02/23,0,0,0,0
2015/02/24,0,0,-80000,-80000
2015/02/25,0,0,-40000,-40000
2015/02/26,0,0,0,0
2015/02/27,0,0,0,0
2015/03/02,0,0,0,0
2015/03/03,0,27000,-50000,-23000
2015/03/04,0,1000,0,1000
2015/03/05,0,0,0,0
2015/03/06,0,0,-3000,-3000
2015/03/09,0,0,0,0
2015/03/10,0,0,0,0
2015/03/11,0,0,0,0
2015/03/12,0,784,0,784
2015/03/13,0,0,0,0
2015/03/16,0,0,-50000,-50000
2015/03/17,0,0,-260000,-260000
2015/03/18,0,0,0,0
2015/03/19,0,0,-10000,-10000
2015/03/20,0,0,0,0
2015/03/23,0,0,0,0
2015/03/24,0,0,-1000,-1000
2015/03/25,0,0,0,0
2015/03/26,0,0,-10000,-10000
2015/03/27,0,0,-35000,-35000
2015/03/30,0,0,0,0
2015/03/31,0,0,-55000,-55000
2015/04/01,0,0,0,0
2015/04/02,0,0,0,0
2015/04/03,0,0,0,0
2015/04/06,0,0,0,0
2015/04/07,0,0,0,0
2015/04/08,0,0,-80000,-80000
2015/04/09,0,0,-40000,-40000
2015/04/10,0,0,-38000,-38000
2015/04/13,0,0,0,0
2015/04/14,0,0,-110000,-110000
2015/04/15,0,0,-207000,-207000
2015/04/16,0,0,0,0
2015/04/17,0,0,0,0
2015/04/20,0,0,-41000,-41000
2015/04/21,0,0,-47000,-47000
2015/04/22,0,0,0,0
2015/04/23,0,0,-248000,-248000
2015/04/24,0,0,-373000,-373000
2015/04/27,0,0,0,0
2015/04/28,0,0,-25000,-25000
2015/04/29,0,0,-108000,-108000
2015/04/30,0,0,-143000,-143000
2015/05/01,0,0,0,0
2015/05/04,0,0,0,0
2015/05/05,0,0,0,0
2015/05/06,0,0,-100000,-100000
2015/05/07,0,0,-102000,-102000
2015/05/08,0,0,-102000,-102000
2015/05/11,0,0,-44000,-44000
2015/05/12,0,0,-59000,-59000
2015/05/13,0,0,0,0
2015/05/14,0,0,0,0
2015/05/15,0,0,0,0
2015/05/18,0,0,0,0
2015/05/19,0,0,-300000,-300000
2015/05/20,0,0,0,0
2015/05/21,0,0,0,0
2015/05/22,0,0,0,0
2015/05/25,0,0,0,0
2015/05/26,0,0,0,0
2015/05/27,0,0,0,0
2015/05/28,0,0,0,0
2015/05/29,0,0,0,0
2015/06/01,0,0,0,0
2015/06/02,0,0,0,0
2015/06/03,0,0,0,0
2015/06/04,0,0,-150,-150
2015/06/05,0,1000,0,1000
2015/06/08,0,0,0,0
2015/06/09,0,0,0,0
2015/06/10,0,0,0,0
2015/06/11,0,0,0,0
2015/06/12,0,0,0,0
2015/06/15,0,0,0,0
2015/06/16,0,0,0,0
2015/06/17,0,0,0,0
2015/06/18,0,331000,0,331000
2015/06/19,0,0,0,0
2015/06/22,0,0,-2000,-2000
2015/06/23,0,109000,0,109000
2015/06/24,0,0,0,0
2015/06/25,0,82000,0,82000
2015/06/26,0,32000,0,32000
2015/06/29,0,0,0,0
2015/06/30,0,0,0,0
2015/07/01,0,0,0,0
2015/07/02,0,0,0,0
2015/07/03,0,0,-440000,-440000
2015/07/06,0,0,0,0
2015/07/07,0,41000,0,41000
2015/07/08,0,0,0,0
2015/07/09,0,1000,0,1000
2015/07/10,0,0,0,0
2015/07/13,0,0,0,0
2015/07/14,0,0,0,0
2015/07/15,0,2000,0,2000
2015/07/16,0,0,0,0
2015/07/17,0,13000,0,13000
2015/07/20,0,0,0,0
2015/07/21,0,0,0,0
2015/07/22,0,0,0,0
2015/07/23,0,0,0,0
2015/07/24,0,5000,0,5000
2015/07/27,0,120000,0,120000
2015/07/28,0,46000,0,46000
2015/07/29,0,0,0,0
2015/07/30,0,1000,0,1000
2015/07/31,0,0,-28000,-28000
2015/08/03,0,42000,-27000,15000
2015/08/04,0,0,0,0
2015/08/05,0,0,0,0
2015/08/06,0,1000,0,1000
2015/08/07,0,0,0,0
2015/08/10,0,0,0,0
2015/08/11,0,19000,0,19000
2015/08/12,0,0,0,0
2015/08/13,0,1000,0,1000
2015/08/14,0,7000,0,7000
2015/08/17,0,0,0,0
2015/08/18,0,0,-198000,-198000
2015/08/19,0,24000,0,24000
2015/08/20,0,1000,0,1000
2015/08/21,0,0,0,0
2015/08/24,0,0,0,0
2015/08/25,0,560,0,560
2015/08/26,0,0,0,0
2015/08/27,0,0,0,0
2015/08/28,0,1000,0,1000
2015/08/31,0,0,-3000,-3000
2015/09/01,0,3000,-2000,1000
2015/09/02,0,0,0,0
2015/09/03,0,3000,0,3000
2015/09/04,0,0,0,0
2015/09/07,0,2000,0,2000
2015/09/08,0,1000,0,1000
2015/09/09,0,0,0,0
2015/09/10,0,0,0,0
2015/09/11,0,1000,0,1000
2015/09/14,0,1000,0,1000
2015/09/15,0,0,0,0
2015/09/16,0,0,0,0
2015/09/17,0,0,0,0
2015/09/18,0,0,-1000,-1000
2015/09/21,0,1000,-3000,-2000
2015/09/22,0,0,-1010,-1010
2015/09/23,0,0,0,0
2015/09/24,0,0,0,0
2015/09/25,0,0,0,0
2015/09/28,0,0,0,0
2015/09/29,0,0,0,0
2015/09/30,0,0,0,0
2015/10/01,0,0,0,0
2015/10/02,0,2000,0,2000
2015/10/05,0,1000,0,1000
2015/10/06,0,0,0,0
2015/10/07,0,1000,0,1000
2015/10/08,0,44000,0,44000
2015/10/09,0,0,0,0
2015/10/12,0,0,0,0
2015/10/13,0,0,0,0
2015/10/14,0,0,0,0
2015/10/15,0,248000,0,248000
2015/10/16,0,0,0,0
2015/10/19,0,88000,0,88000
2015/10/20,0,125000,0,125000
2015/10/21,0,0,0,0
2015/10/22,0,0,0,0
2015/10/23,0,45000,-23000,22000
2015/10/26,0,0,-46000,-46000
2015/10/27,0,0,-114000,-114000
2015/10/28,0,117000,0,117000
2015/10/29,0,0,0,0
2015/10/30,0,0,-21000,-21000
2015/11/02,0,0,0,0
2015/11/03,0,1000,-28000,-27000
2015/11/04,0,2000,-1000,1000
2015/11/05,0,0,0,0
2015/11/06,0,0,0,0
2015/11/09,0,0,0,0
2015/11/10,0,0,0,0
2015/11/11,0,0,0,0
2015/11/12,0,0,0,0
2015/11/13,0,0,0,0
2015/11/16,0,0,-140000,-140000
2015/11/17,0,0,0,0
2015/11/18,0,0,0,0
2015/11/19,0,0,-116000,-116000
2015/11/20,0,0,0,0
2015/11/23,0,0,0,0
2015/11/24,0,0,0,0
2015/11/25,0,0,-240000,-240000
2015/11/26,0,0,0,0
2015/11/27,0,0,-66000,-66000
2015/11/30,0,0,-13332,-13332
2015/12/01,0,0,-937,-937
2015/12/02,0,66000,0,66000
2015/12/03,0,198000,0,198000
2015/12/04,0,491000,0,491000
2015/12/07,0,150000,0,150000
2015/12/08,0,875000,0,875000
2015/12/09,0,0,0,0
2015/12/10,0,0,0,0
2015/12/11,0,0,0,0
2015/12/14,0,436781,0,436781
2015/12/15,0,350000,0,350000
2015/12/16,0,0,0,0
2015/12/17,0,0,0,0
2015/12/18,0,31000,0,31000
2015/12/21,0,0,0,0
2015/12/22,0,716000,0,716000
2015/12/23,0,467000,0,467000
2015/12/24,0,100000,0,100000
2015/12/25,0,88000,0,88000
2015/12/28,0,92000,0,92000
2015/12/29,0,53000,0,53000
2015/12/30,0,0,0,0
2015/12/31,0,0,0,0
2016/01/01,0,0,0,0
2016/01/04,0,0,0,0
2016/01/05,0,119000,0,119000
2016/01/06,0,0,0,0
2016/01/07,0,0,0,0
2016/01/08,0,0,0,0
2016/01/11,0,0,0,0
2016/01/12,0,0,0,0
2016/01/13,0,0,0,0
2016/01/14,0,0,0,0
2016/01/15,0,0,-7000,-7000
2016/01/18,0,0,-700000,-700000
2016/01/19,0,0,-1000,-1000
2016/01/20,0,0,-58000,-58000
2016/01/21,0,0,0,0
2016/01/22,0,0,-20000,-20000
2016/01/25,0,0,-128000,-128000
2016/01/26,0,0,0,0
2016/01/27,0,0,0,0
2016/01/28,0,0,-400000,-400000
2016/01/29,0,25000,-126000,-101000
2016/02/01,0,0,0,0
2016/02/02,0,150000,0,150000
2016/02/03,0,377000,0,377000
2016/02/04,0,0,0,0
2016/02/05,0,0,0,0
2016/02/08,0,0,0,0
2016/02/09,0,0,0,0
2016/02/10,0,0,0,0
2016/02/11,0,0,0,0
2016/02/12,0,0,0,0
2016/02/15,0,250000,-430,249570
2016/02/16,0,100000,0,100000
2016/02/17,0,50000,0,50000
2016/02/18,0,0,0,0
2016/02/19,0,0,0,0
2016/02/22,0,0,0,0
2016/02/23,0,192000,0,192000
2016/02/24,0,0,0,0
2016/02/25,0,0,0,0
2016/02/26,0,0,0,0
2016/02/29,0,0,0,0
2016/03/01,0,297000,0,297000
2016/03/02,0,20000,-1000,19000
2016/03/03,0,0,0,0
2016/03/04,0,0,0,0
2016/03/07,0,0,0,0
2016/03/08,0,11000,0,11000
2016/03/09,0,0,0,0
2016/03/10,0,0,0,0
2016/03/11,0,0,0,0
2016/03/14,0,0,0,0
2016/03/15,0,0,-1000,-1000
2016/03/16,0,0,0,0
2016/03/17,0,0,0,0
2016/03/18,0,0,0,0
2016/03/21,0,0,0,0
2016/03/22,0,0,-363000,-363000
2016/03/23,0,0,-398000,-398000
2016/03/24,0,0,0,0
2016/03/25,0,0,-25000,-25000
2016/03/28,0,0,0,0
2016/03/29,0,1000,-28000,-27000
2016/03/30,0,80000,0,80000
2016/03/31,0,0,0,0
2016/04/01,0,45000,0,45000
2016/04/04,0,0,0,0
2016/04/05,0,0,0,0
2016/04/06,0,0,0,0
2016/04/07,0,0,0,0
2016/04/08,0,0,0,0
2016/04/11,0,0,0,0
2016/04/12,0,0,0,0
2016/04/13,0,0,-100000,-100000
2016/04/14,0,0,-100000,-100000
2016/04/15,0,0,-1000,-1000
2016/04/18,0,0,0,0
2016/04/19,0,0,-411000,-411000
2016/04/20,0,0,-100000,-100000
2016/04/21,0,0,-288000,-288000
2016/04/22,0,0,-422000,-422000
2016/04/25,0,0,0,0
2016/04/26,0,0,0,0
2016/04/27,0,0,0,0
2016/04/28,0,0,0,0
2016/04/29,0,0,0,0
2016/05/02,0,0,0,0
2016/05/03,0,137000,-36000,101000
2016/05/04,0,125000,0,125000
2016/05/05,0,0,0,0
2016/05/06,0,0,-392000,-392000
2016/05/09,0,0,0,0
2016/05/10,0,65083,0,65083
2016/05/11,0,190000,0,190000
2016/05/12,0,0,0,0
2016/05/13,0,50000,0,50000
2016/05/16,0,0,0,0
2016/05/17,0,98000,0,98000
2016/05/18,0,165000,0,165000
2016/05/19,0,190000,0,190000
2016/05/20,0,471000,0,471000
2016/05/23,0,1537000,0,1537000
2016/05/24,0,275000,0,275000
2016/05/25,0,1496000,0,1496000
2016/05/26,0,0,-406000,-406000
2016/05/27,0,156000,-160000,-4000
2016/05/30,0,0,0,0
2016/05/31,0,163000,0,163000
2016/06/01,0,278000,-50000,228000
2016/06/02,0,0,-30000,-30000
2016/06/03,0,0,0,0
2016/06/06,0,12000,-43000,-31000
2016/06/07,0,54000,-52000,2000
2016/06/08,0,0,0,0
2016/06/09,0,0,0,0
2016/06/10,0,0,0,0
2016/06/13,0,0,-32000,-32000
2016/06/14,0,0,-140000,-140000
2016/06/15,0,55000,-40000,15000
2016/06/16,0,0,-111000,-111000
2016/06/17,0,1000,0,1000
2016/06/20,0,170000,0,170000
2016/06/21,0,203000,0,203000
2016/06/22,0,20000,-450000,-430000
2016/06/23,0,120000,-43000,77000
2016/06/24,0,20000,-92000,-72000
2016/06/27,0,163000,-33000,130000
2016/06/28,0,0,-18000,-18000
2016/06/29,0,215000,0,215000
2016/06/30,0,0,0,0
2016/07/01,0,0,-73000,-73000
2016/07/04,0,0,-150000,-150000
2016/07/05,0,0,-241000,-241000
2016/07/06,0,53000,-377000,-324000
2016/07/07,0,20000,-50000,-30000
2016/07/08,0,0,0,0
2016/07/11,0,0,0,0
2016/07/12,0,0,0,0
2016/07/13,0,0,-26000,-26000
2016/07/14,0,0,-232000,-232000
2016/07/15,0,0,-107000,-107000
2016/07/18,0,0,0,0
2016/07/19,0,0,0,0
2016/07/20,0,0,-1000,-1000
2016/07/21,0,0,-41000,-41000
2016/07/22,0,5000,-92000,-87000
2016/07/25,0,0,-100000,-100000
2016/07/26,0,0,-1147000,-1147000
2016/07/27,0,0,-552000,-552000
2016/07/28,0,0,-110000,-110000
2016/07/29,0,20573,-1000,19573
2016/08/01,0,0,0,0
2016/08/02,0,0,0,0
2016/08/03,0,0,-1000,-1000
2016/08/04,0,0,-36000,-36000
2016/08/05,0,0,-46000,-46000
2016/08/08,0,0,-2000,-2000
2016/08/09,0,0,0,0
2016/08/10,0,0,0,0
2016/08/11,0,0,0,0
2016/08/12,0,0,-1000,-1000
2016/08/15,0,0,-200000,-200000
2016/08/16,0,0,-41000,-41000
2016/08/17,0,0,0,0
2016/08/18,0,0,0,0
2016/08/19,0,0,-107000,-107000
2016/08/22,0,0,0,0
2016/08/23,0,0,0,0
2016/08/24,0,0,-31000,-31000
2016/08/25,0,0,-30000,-30000
2016/08/26,0,1000,0,1000
2016/08/29,0,0,0,0
2016/08/30,0,0,-653000,-653000
2016/08/31,0,51000,0,51000
2016/09/01,0,0,0,0
2016/09/02,0,101000,0,101000
2016/09/05,0,0,0,0
2016/09/06,0,0,0,0
2016/09/07,0,30000,0,30000
2016/09/08,0,0,0,0
2016/09/09,0,37000,-80000,-43000
2016/09/12,0,0,0,0
2016/09/13,0,15000,0,15000
2016/09/14,0,64000,0,64000
2016/09/15,0,0,0,0
2016/09/16,0,0,0,0
2016/09/19,0,0,0,0
2016/09/20,0,0,0,0
2016/09/21,0,0,-20000,-20000
2016/09/22,0,0,0,0
2016/09/23,0,0,-209000,-209000
2016/09/26,0,0,-103000,-103000
2016/09/27,0,0,0,0
2016/09/28,0,0,0,0
2016/09/29,0,0,-97000,-97000
2016/09/30,0,0,-229,-229
2016/10/03,0,0,-200000,-200000
2016/10/04,0,0,0,0
2016/10/05,0,0,0,0
2016/10/06,0,0,0,0
2016/10/07,0,30000,0,30000
2016/10/10,0,0,0,0
2016/10/11,0,0,0,0
2016/10/12,0,80000,0,80000
2016/10/13,0,25000,-1000,24000
2016/10/14,0,30000,0,30000
2016/10/17,0,20000,0,20000
2016/10/18,0,65000,0,65000
2016/10/19,0,90000,0,90000
2016/10/20,0,0,-17000,-17000
2016/10/21,0,0,-17000,-17000
2016/10/24,0,0,0,0
2016/10/25,0,0,-50000,-50000
2016/10/26,0,30000,0,30000
2016/10/27,0,457000,0,457000
2016/10/28,0,121000,0,121000
2016/10/31,0,200000,0,200000
2016/11/01,0,142000,0,142000
2016/11/02,0,15062,0,15062
2016/11/03,0,32000,0,32000
2016/11/04,0,19300,0,19300
2016/11/07,0,0,0,0
2016/11/08,0,19000,0,19000
2016/11/09,0,8000,0,8000
2016/11/10,0,100000,0,100000
2016/11/11,0,130000,0,130000
2016/11/14,0,0,0,0
2016/11/15,0,98000,0,98000
2016/11/16,0,99000,0,99000
2016/11/17,0,85000,0,85000
2016/11/18,0,300000,-86000,214000
2016/11/21,0,129000,0,129000
2016/11/22,0,1000,0,1000
2016/11/23,0,58000,0,58000
2016/11/24,0,0,0,0
2016/11/25,0,10000,0,10000
2016/11/28,0,0,0,0
2016/11/29,0,11000,0,11000
2016/11/30,0,0,0,0
2016/12/01,0,10000,0,10000
2016/12/02,0,10000,0,10000
2016/12/05,0,0,0,0
2016/12/06,0,9000,0,9000
2016/12/07,0,20000,0,20000
2016/12/08,0,10000,0,10000
2016/12/09,0,0,0,0
2016/12/12,0,0,0,0
2016/12/13,0,0,0,0
2016/12/14,0,0,0,0
2016/12/15,0,9000,0,9000
2016/12/16,0,0,0,0
2016/12/19,0,0,0,0
2016/12/20,0,0,0,0
2016/12/21,0,0,-9000,-9000
2016/12/22,0,0,0,0
2016/12/23,0,0,0,0
2016/12/26,0,10000,0,10000
2016/12/27,0,30000,0,30000
2016/12/28,0,0,0,0
2016/12/29,0,20000,0,20000
2016/12/30,0,0,0,0
2017/01/02,0,0,0,0
2017/01/03,0,8000,0,8000
2017/01/04,0,0,0,0
2017/01/05,0,292000,0,292000
2017/01/06,0,190000,-1000,189000
2017/01/09,0,161000,-45000,116000
2017/01/10,0,150000,0,150000
2017/01/11,0,166000,0,166000
2017/01/12,0,200000,0,200000
2017/01/13,0,0,0,0
2017/01/16,0,0,0,0
2017/01/17,0,0,0,0
2017/01/18,0,11000,0,11000
2017/01/19,0,157000,0,157000
2017/01/20,0,130000,-155000,-25000
2017/01/23,0,228,-100000,-99772
2017/01/24,0,0,-50000,-50000
2017/01/25,0,0,0,0
2017/01/26,0,0,0,0
2017/01/27,0,0,0,0
2017/01/30,0,0,0,0
2017/01/31,0,0,0,0
2017/02/01,0,0,0,0
2017/02/02,0,50000,0,50000
2017/02/03,0,68000,-50000,18000
2017/02/06,0,585000,0,585000
2017/02/07,0,572000,0,572000
2017/02/08,0,75000,0,75000
2017/02/09,0,640000,-10000,630000
2017/02/10,0,0,0,0
2017/02/13,0,5000,-10000,-5000
2017/02/14,0,853000,0,853000
2017/02/15,0,344000,0,344000
2017/02/16,0,0,-117000,-117000
2017/02/17,0,0,-84000,-84000
2017/02/20,0,0,0,0
2017/02/21,0,0,0,0
2017/02/22,0,0,-65000,-65000
2017/02/23,0,0,0,0
2017/02/24,0,180000,0,180000
2017/02/27,0,0,0,0
2017/02/28,0,0,0,0
2017/03/01,0,0,-275000,-275000
2017/03/02,0,0,-20000,-20000
2017/03/03,0,0,-126000,-126000
2017/03/06,0,180000,0,180000
2017/03/07,0,135000,-20000,115000
2017/03/08,0,0,-13000,-13000
2017/03/09,0,0,-155000,-155000
2017/03/10,0,0,-34000,-34000
2017/03/13,0,0,-170000,-170000
2017/03/14,0,0,0,0
2017/03/15,0,0,-20000,-20000
2017/03/16,0,0,-246000,-246000
2017/03/17,0,0,-1000,-1000
2017/03/20,0,299000,-93000,206000
2017/03/21,0,536000,0,536000
2017/03/22,0,185000,0,185000
2017/03/23,0,50000,0,50000
2017/03/24,0,200000,-1000,199000
2017/03/27,0,0,-32000,-32000
2017/03/28,0,120000,-215000,-95000
2017/03/29,0,40000,0,40000
2017/03/30,0,20000,-12000,8000
2017/03/31,0,0,-32000,-32000
2017/04/03,0,0,0,0
2017/04/04,0,0,0,0
2017/04/05,0,0,-437000,-437000
2017/04/06,0,0,0,0
2017/04/07,0,10000,-221000,-211000
2017/04/10,0,0,-282000,-282000
2017/04/11,0,0,0,0
2017/04/12,0,0,-641000,-641000
2017/04/13,0,0,-249000,-249000
2017/04/14,0,65000,-51000,14000
2017/04/17,0,0,-1169000,-1169000
2017/04/18,0,0,-445000,-445000
2017/04/19,0,68000,-49000,19000
