Date,Open,Buy,Sell,Total
2007/01/02,0,1747000,-4269850,-2522850
2007/01/03,0,5538000,-1858000,3680000
2007/01/04,0,4155000,-3738985,416015
2007/01/05,0,6689265,-7966211,-1276946
2007/01/08,0,5433000,-7442251,-2009251
2007/01/09,0,16248000,-3104102,13143898
2007/01/10,0,2379000,-6211883,-3832883
2007/01/11,0,4748000,-3067087,1680913
2007/01/12,0,4158000,-1269000,2889000
2007/01/15,0,5486000,-4492100,993900
2007/01/16,0,2141000,-1625099,515901
2007/01/17,0,1808000,-1803000,5000
2007/01/18,0,4690000,-916000,3774000
2007/01/19,0,3681000,-576000,3105000
2007/01/22,0,1725000,-6607654,-4882654
2007/01/23,0,5535000,-1736700,3798300
2007/01/24,0,4972000,-1659000,3313000
2007/01/25,0,1764000,-1362000,402000
2007/01/26,0,1001000,-1086000,-85000
2007/01/29,0,5073000,-10654265,-5581265
2007/01/30,0,6319020,-14911703,-8592683
2007/01/31,0,18022000,-7050050,10971950
2007/02/01,0,1756000,-2559864,-803864
2007/02/02,0,3364000,-3993000,-629000
2007/02/05,0,909000,-1291000,-382000
2007/02/06,0,4257000,-2093700,2163300
2007/02/07,0,2338000,-2740000,-402000
2007/02/08,0,223000,-823000,-600000
2007/02/09,0,5917000,-7420571,-1503571
2007/02/12,0,3260000,-2294845,965155
2007/02/13,0,1559000,-1152000,407000
2007/02/14,0,1321000,-2085903,-764903
2007/02/15,0,0,0,0
2007/02/16,0,0,0,0
2007/02/19,0,0,0,0
2007/02/20,0,0,0,0
2007/02/21,0,0,0,0
2007/02/22,0,0,0,0
2007/02/23,0,0,0,0
2007/02/26,0,4409200,-5602539,-1193339
2007/02/27,0,2942000,-3575000,-633000
2007/02/28,0,0,0,0
2007/03/01,0,7461000,-5210173,2250827
2007/03/02,0,3474000,-2057000,1417000
2007/03/05,0,7864000,-6948239,915761
2007/03/06,0,6965000,-9417520,-2452520
2007/03/07,0,4042000,-4282714,-240714
2007/03/08,0,3329000,-803302,2525698
2007/03/09,0,6806000,-1828000,4978000
2007/03/12,0,11183000,-2228000,8955000
2007/03/13,0,7580000,-2179000,5401000
2007/03/14,0,5942000,-5389000,553000
2007/03/15,0,8450000,-2351990,6098010
2007/03/16,0,9860000,-6403735,3456265
2007/03/19,0,4648000,-1359000,3289000
2007/03/20,0,3104000,-44000,3060000
2007/03/21,0,4461000,-956000,3505000
2007/03/22,0,3044000,-5863150,-2819150
2007/03/23,0,2981000,-2721000,260000
2007/03/26,0,4770000,-6046000,-1276000
2007/03/27,0,6689000,-4654050,2034950
2007/03/28,0,12015000,-10532399,1482601
2007/03/29,0,15625000,-16132560,-507560
2007/03/30,0,6783918,-3398000,3385918
2007/04/02,0,6853000,-6023000,830000
2007/04/03,0,7286000,-9186002,-1900002
2007/04/04,0,7932000,-6608209,1323791
2007/04/05,0,0,0,0
2007/04/06,0,0,0,0
2007/04/09,0,11438000,-10300000,1138000
2007/04/10,0,17266000,-11207000,6059000
2007/04/11,0,6599000,-5538165,1060835
2007/04/12,0,3604000,-2681000,923000
2007/04/13,0,1747000,-592000,1155000
2007/04/16,0,1693000,-76000,1617000
2007/04/17,0,8622621,-4761029,3861592
2007/04/18,0,1844000,-1659067,184933
2007/04/19,0,927000,-1174000,-247000
2007/04/20,0,2949000,-4206221,-1257221
2007/04/23,0,6567000,-2935000,3632000
2007/04/24,0,1556000,-1161000,395000
2007/04/25,0,467000,-3033000,-2566000
2007/04/26,0,2151000,-1182000,969000
2007/04/27,0,1071434,-282000,789434
2007/04/30,0,1195000,-1402476,-207476
2007/05/01,0,0,0,0
2007/05/02,0,4862000,-1315000,3547000
2007/05/03,0,1332000,-1896151,-564151
2007/05/04,0,12842000,-7734000,5108000
2007/05/07,0,4995000,-1946152,3048848
2007/05/08,0,2875000,-1392000,1483000
2007/05/09,0,2220000,-21000,2199000
2007/05/10,0,2670000,-821051,1848949
2007/05/11,0,131000,-2000,129000
2007/05/14,0,3990000,-249000,3741000
2007/05/15,0,1805000,-600000,1205000
2007/05/16,0,2726000,-1452911,1273089
2007/05/17,0,2220000,-1123000,1097000
2007/05/18,0,1601000,-2448160,-847160
2007/05/21,0,5373000,-8661000,-3288000
2007/05/22,0,3440000,-4157000,-717000
2007/05/23,0,5049000,-4399000,650000
2007/05/24,0,9037000,-1883353,7153647
2007/05/25,0,5002000,-931000,4071000
2007/05/28,0,5012000,-756000,4256000
2007/05/29,0,2635000,-408000,2227000
2007/05/30,0,3563000,-3213920,349080
2007/05/31,0,22178199,-13498117,8680082
2007/06/01,0,7203000,-3412000,3791000
2007/06/04,0,2486000,-3277000,-791000
2007/06/05,0,3910000,-3830000,80000
2007/06/06,0,2672000,-2736392,-64392
2007/06/07,0,1229000,-6809000,-5580000
2007/06/08,0,366000,-3935000,-3569000
2007/06/11,0,2636000,-4571403,-1935403
2007/06/12,0,5491533,-6830023,-1338490
2007/06/13,0,9025873,-5863434,3162439
2007/06/14,0,3987650,-1589000,2398650
2007/06/15,0,9738000,-4687000,5051000
2007/06/18,0,0,0,0
2007/06/19,0,0,0,0
2007/06/20,0,6111000,-4443000,1668000
2007/06/21,0,7290000,-2352000,4938000
2007/06/22,0,9370000,-5450568,3919432
2007/06/25,0,5124000,-1205000,3919000
2007/06/26,0,2914000,-2299124,614876
2007/06/27,0,1723000,-2001000,-278000
2007/06/28,0,8273000,-5291000,2982000
2007/06/29,0,13610000,-6555130,7054870
2007/07/02,0,6776000,-3683000,3093000
2007/07/03,0,6970000,-5317000,1653000
2007/07/04,0,2890000,-1863000,1027000
2007/07/05,0,1004000,-2378000,-1374000
2007/07/06,0,4402000,-3477850,924150
2007/07/09,0,4941000,-1616000,3325000
2007/07/10,0,3479000,-8146686,-4667686
2007/07/11,0,6150000,-8274900,-2124900
2007/07/12,0,3065000,-1247000,1818000
2007/07/13,0,5854000,-2819000,3035000
2007/07/16,0,2274000,-1680000,594000
2007/07/17,0,3036405,-4476939,-1440534
2007/07/18,0,3385000,-2042000,1343000
2007/07/19,0,3111000,-1116528,1994472
2007/07/20,0,3448000,-1318000,2130000
2007/07/23,0,3370000,-3457000,-87000
2007/07/24,0,6205000,-3357563,2847437
2007/07/25,0,7645000,-6882000,763000
2007/07/26,0,5769000,-1760000,4009000
2007/07/27,0,8100000,-11599520,-3499520
2007/07/30,0,9776000,-8713000,1063000
2007/07/31,0,6761000,-7943000,-1182000
2007/08/01,0,6226049,-12449950,-6223901
2007/08/02,0,3533000,-4789103,-1256103
2007/08/03,0,9172000,-3419000,5753000
2007/08/06,0,3766021,-6754000,-2987979
2007/08/07,0,304000,-2768000,-2464000
2007/08/08,0,3039100,-6140000,-3100900
2007/08/09,0,3719000,-4572000,-853000
2007/08/10,0,640000,-6927000,-6287000
2007/08/13,0,850000,-2023252,-1173252
2007/08/14,0,2374000,-6553790,-4179790
2007/08/15,0,6583000,-11809000,-5226000
2007/08/16,0,2166000,-3905000,-1739000
2007/08/17,0,2454000,-3157000,-703000
2007/08/20,0,3209000,-5049199,-1840199
2007/08/21,0,4816000,-4556000,260000
2007/08/22,0,1974000,-4448907,-2474907
2007/08/23,0,8034380,-6332210,1702170
2007/08/24,0,1343000,-2607948,-1264948
2007/08/27,0,1688000,-1171000,517000
2007/08/28,0,1268000,-969469,298531
2007/08/29,0,5739000,-2849699,2889301
2007/08/30,0,6690000,-3060000,3630000
2007/08/31,0,4757000,-3102903,1654097
2007/09/03,0,3101000,-5298743,-2197743
2007/09/04,0,4259000,-2430782,1828218
2007/09/05,0,2057000,-1452914,604086
2007/09/06,0,1289000,-1010693,278307
2007/09/07,0,1340000,-933000,407000
2007/09/10,0,1557000,-3815763,-2258763
2007/09/11,0,2414000,-2617572,-203572
2007/09/12,0,1923000,-442807,1480193
2007/09/13,0,2793000,-2202299,590701
2007/09/14,0,3097000,-4521000,-1424000
2007/09/17,0,2088966,-3433298,-1344332
2007/09/18,0,0,0,0
2007/09/19,0,4093000,-1612870,2480130
2007/09/20,0,4557000,-1190351,3366649
2007/09/21,0,5270000,-3560210,1709790
2007/09/24,0,0,0,0
2007/09/25,0,0,0,0
2007/09/26,0,2620000,-2045282,574718
2007/09/27,0,5823000,-7243297,-1420297
2007/09/28,0,1941000,-2741617,-800617
2007/10/01,0,2407000,-1291647,1115353
2007/10/02,0,5633000,-5390492,242508
2007/10/03,0,2656000,-2287792,368208
2007/10/04,0,3351000,-2347645,1003355
2007/10/05,0,2705000,-8386389,-5681389
2007/10/08,0,2422000,-2635361,-213361
2007/10/09,0,1526000,-1796000,-270000
2007/10/10,0,0,0,0
2007/10/11,0,2782000,-3754000,-972000
2007/10/12,0,2896000,-4703000,-1807000
2007/10/15,0,6616000,-3576000,3040000
2007/10/16,0,12686000,-1801599,10884401
2007/10/17,0,10766000,-2808270,7957730
2007/10/18,0,9166000,-3260064,5905936
2007/10/19,0,6187000,-2460270,3726730
2007/10/22,0,13324000,-5869197,7454803
2007/10/23,0,8923000,-1442190,7480810
2007/10/24,0,1824000,-1108505,715495
2007/10/25,0,2295121,-1455186,839935
2007/10/26,0,2657000,-4541661,-1884661
2007/10/29,0,5872505,-5261298,611207
2007/10/30,0,3178000,-1221602,1956398
2007/10/31,0,1846000,-3087587,-1241587
2007/11/01,0,2164000,-1363000,801000
2007/11/02,0,5134000,-3690000,1444000
2007/11/05,0,7432000,-8330638,-898638
2007/11/06,0,7394000,-4380008,3013992
2007/11/07,0,9865000,-3757701,6107299
2007/11/08,0,4778000,-4986000,-208000
2007/11/09,0,3349000,-5816000,-2467000
2007/11/12,0,1923000,-2898796,-975796
2007/11/13,0,4472000,-7700000,-3228000
2007/11/14,0,4173000,-5334209,-1161209
2007/11/15,0,3079000,-3558000,-479000
2007/11/16,0,1084000,-2454550,-1370550
2007/11/19,0,2730100,-3454350,-724250
2007/11/20,0,3338000,-7215347,-3877347
2007/11/21,0,5415949,-7793858,-2377909
2007/11/22,0,6422000,-8055449,-1633449
2007/11/23,0,4643000,-11844243,-7201243
2007/11/26,0,4835000,-5627000,-792000
2007/11/27,0,5558000,-6721000,-1163000
2007/11/28,0,3346000,-8663257,-5317257
2007/11/29,0,7059000,-10045098,-2986098
2007/11/30,0,5885000,-18326000,-12441000
2007/12/03,0,4089000,-8213490,-4124490
2007/12/04,0,2022000,-8199037,-6177037
2007/12/05,0,6000284,-5229000,771284
2007/12/06,0,8058000,-7795699,262301
2007/12/07,0,3599530,-4660053,-1060523
2007/12/10,0,765000,-3575000,-2810000
2007/12/11,0,5051000,-1269790,3781210
2007/12/12,0,8719920,-4431700,4288220
2007/12/13,0,10448000,-6825874,3622126
2007/12/14,0,5088000,-3887128,1200872
2007/12/17,0,3306000,-3765000,-459000
2007/12/18,0,3929000,-5603148,-1674148
2007/12/19,0,403000,-2327875,-1924875
2007/12/20,0,3474300,-4535000,-1060700
2007/12/21,0,5359000,-4889000,470000
2007/12/24,0,2535000,-1009000,1526000
2007/12/25,0,72000,-90000,-18000
2007/12/26,0,539000,-457000,82000
2007/12/27,0,1663000,-759000,904000
2007/12/28,0,4344000,-1246901,3097099
2007/12/31,0,1728000,-599000,1129000
2008/01/01,0,0,0,0
2008/01/02,0,1277000,-980000,297000
2008/01/03,0,2137500,-1956162,181338
2008/01/04,0,6056000,-10443026,-4387026
2008/01/07,0,8212000,-7600106,611894
2008/01/08,0,16433000,-26415848,-9982848
2008/01/09,0,21353000,-19148579,2204421
2008/01/10,0,5201000,-5757342,-556342
2008/01/11,0,3301000,-1395114,1905886
2008/01/14,0,6857000,-10729022,-3872022
2008/01/15,0,6873000,-14556946,-7683946
2008/01/16,0,9378000,-18997845,-9619845
2008/01/17,0,4117000,-14316088,-10199088
2008/01/18,0,8509038,-8031111,477927
2008/01/21,0,3562000,-5964000,-2402000
2008/01/22,0,4494000,-7584639,-3090639
2008/01/23,0,7306000,-4983000,2323000
2008/01/24,0,9759000,-6755740,3003260
2008/01/25,0,18571000,-13078536,5492464
2008/01/28,0,3483000,-6900000,-3417000
2008/01/29,0,8415390,-5581654,2833736
2008/01/30,0,7397998,-3449698,3948300
2008/01/31,0,3304400,-3751787,-447387
2008/02/01,0,4200000,-9193316,-4993316
2008/02/04,0,0,0,0
2008/02/05,0,0,0,0
2008/02/06,0,0,0,0
2008/02/07,0,0,0,0
2008/02/08,0,0,0,0
2008/02/11,0,0,0,0
2008/02/12,0,2432000,-1985843,446157
2008/02/13,0,253000,-1172000,-919000
2008/02/14,0,4595000,-4639419,-44419
2008/02/15,0,1000121,-2815000,-1814879
2008/02/18,0,1101000,-1799101,-698101
2008/02/19,0,7875070,-7945320,-70250
2008/02/20,0,11864030,-8461457,3402573
2008/02/21,0,3566000,-5495391,-1929391
2008/02/22,0,5335000,-5178000,157000
2008/02/25,0,11112000,-5832172,5279828
2008/02/26,0,8676000,-3029000,5647000
2008/02/27,0,7112170,-7585335,-473165
2008/02/28,0,0,0,0
2008/02/29,0,2421599,-7858234,-5436635
2008/03/03,0,2892000,-9127428,-6235428
2008/03/04,0,2727000,-3087138,-360138
2008/03/05,0,2880000,-3445910,-565910
2008/03/06,0,4597000,-9701839,-5104839
2008/03/07,0,5625000,-4262858,1362142
2008/03/10,0,3613000,-5428000,-1815000
2008/03/11,0,1958000,-7061000,-5103000
2008/03/12,0,5705776,-6046604,-340828
2008/03/13,0,741000,-7645000,-6904000
2008/03/14,0,10379000,-6422569,3956431
2008/03/17,0,3289000,-4954360,-1665360
2008/03/18,0,569000,-3089368,-2520368
2008/03/19,0,2264000,-3590362,-1326362
2008/03/20,0,2556000,-4871000,-2315000
2008/03/21,0,2829000,-2736396,92604
2008/03/24,0,10430000,-5551000,4879000
2008/03/25,0,2900000,-6125905,-3225905
2008/03/26,0,4198000,-6431500,-2233500
2008/03/27,0,273945,-3305000,-3031055
2008/03/28,0,2167945,-3678000,-1510055
2008/03/31,0,1946434,-4930978,-2984544
2008/04/01,0,4810100,-6691176,-1881076
2008/04/02,0,10108000,-13614009,-3506009
2008/04/03,0,991000,-7333873,-6342873
2008/04/04,0,0,0,0
2008/04/07,0,7908000,-11517745,-3609745
2008/04/08,0,2838000,-11251373,-8413373
2008/04/09,0,2768000,-3345000,-577000
2008/04/10,0,7002470,-5503000,1499470
2008/04/11,0,14616498,-9229448,5387050
2008/04/14,0,1941000,-968000,973000
2008/04/15,0,3663000,-1684000,1979000
2008/04/16,0,24935000,-20931000,4004000
2008/04/17,0,8587000,-5004000,3583000
2008/04/18,0,4181000,-8163001,-3982001
2008/04/21,0,7930000,-7276105,653895
2008/04/22,0,5280000,-5898000,-618000
2008/04/23,0,2716000,-4470000,-1754000
2008/04/24,0,2501000,-3578000,-1077000
2008/04/25,0,846000,-1785988,-939988
2008/04/28,0,2285000,-5707000,-3422000
2008/04/29,0,6228000,-7114628,-886628
2008/04/30,0,1052000,-4700000,-3648000
2008/05/01,0,0,0,0
2008/05/02,0,31302000,-93225886,-61923886
2008/05/05,0,23774000,-5855012,17918988
2008/05/06,0,10090000,-11279261,-1189261
2008/05/07,0,16020979,-3810249,12210730
2008/05/08,0,9140000,-13010103,-3870103
2008/05/09,0,4705000,-10122000,-5417000
2008/05/12,0,2594000,-4699000,-2105000
2008/05/13,0,6238000,-13550000,-7312000
2008/05/14,0,3821702,-7480000,-3658298
2008/05/15,0,16041000,-6435816,9605184
2008/05/16,0,19133000,-3777200,15355800
2008/05/19,0,1689000,-2887000,-1198000
2008/05/20,0,8135000,-15404000,-7269000
2008/05/21,0,4092000,-5000718,-908718
2008/05/22,0,3360000,-6313000,-2953000
2008/05/23,0,5416000,-4125994,1290006
2008/05/26,0,1006000,-1592000,-586000
2008/05/27,0,790000,-1421000,-631000
2008/05/28,0,1074000,-3444000,-2370000
2008/05/29,0,3413000,-7565000,-4152000
2008/05/30,0,6367125,-11239000,-4871875
2008/06/02,0,3684000,-7029000,-3345000
2008/06/03,0,2303000,-6103000,-3800000
2008/06/04,0,3058898,-1911972,1146926
2008/06/05,0,2090000,-4397000,-2307000
2008/06/06,0,1158960,-1725000,-566040
2008/06/09,0,1052000,-2062000,-1010000
2008/06/10,0,974300,-6301662,-5327362
2008/06/11,0,4100400,-11013000,-6912600
2008/06/12,0,4362000,-10786272,-6424272
2008/06/13,0,6034000,-8770060,-2736060
2008/06/16,0,5145000,-7935000,-2790000
2008/06/17,0,3543021,-5698539,-2155518
2008/06/18,0,2193000,-2260000,-67000
2008/06/19,0,1641000,-4228000,-2587000
2008/06/20,0,2744044,-6211524,-3467480
2008/06/23,0,5355000,-8405213,-3050213
2008/06/24,0,3857000,-6193766,-2336766
2008/06/25,0,2387000,-6726907,-4339907
2008/06/26,0,4966000,-13037793,-8071793
2008/06/27,0,7067000,-7738000,-671000
2008/06/30,0,1510000,-7469000,-5959000
2008/07/01,0,1732000,-2570816,-838816
2008/07/02,0,5343000,-5403000,-60000
2008/07/03,0,2418000,-3424000,-1006000
2008/07/04,0,536000,-4027930,-3491930
2008/07/07,0,4297000,-9068000,-4771000
2008/07/08,0,509000,-9814665,-9305665
2008/07/09,0,3093000,-14440165,-11347165
2008/07/10,0,2225727,-4425727,-2200000
2008/07/11,0,3100000,-3836300,-736300
2008/07/14,0,1523000,-2625000,-1102000
2008/07/15,0,1099000,-2073000,-974000
2008/07/16,0,1202000,-942000,260000
2008/07/17,0,4177000,-14950000,-10773000
2008/07/18,0,3113000,-6481000,-3368000
2008/07/21,0,6071000,-5130391,940609
2008/07/22,0,1422000,-4922100,-3500100
2008/07/23,0,12426000,-15661705,-3235705
2008/07/24,0,8135000,-4017000,4118000
2008/07/25,0,1212000,-2624000,-1412000
2008/07/28,0,0,0,0
2008/07/29,0,4337000,-6160000,-1823000
2008/07/30,0,1691000,-1287980,403020
2008/07/31,0,5137000,-9339400,-4202400
2008/08/01,0,2021000,-1796570,224430
2008/08/04,0,2551000,-2603588,-52588
2008/08/05,0,5032000,-5567396,-535396
2008/08/06,0,5839758,-7173500,-1333742
2008/08/07,0,2841501,-4553000,-1711499
2008/08/08,0,3692000,-11818898,-8126898
2008/08/11,0,10013000,-4513000,5500000
2008/08/12,0,8802000,-4919059,3882941
2008/08/13,0,6996000,-4021200,2974800
2008/08/14,0,2932000,-2516000,416000
2008/08/15,0,5801000,-7889000,-2088000
2008/08/18,0,1464000,-1418000,46000
2008/08/19,0,1923000,-3439000,-1516000
2008/08/20,0,2270000,-1546700,723300
2008/08/21,0,7772000,-4928500,2843500
2008/08/22,0,17657000,-4215000,13442000
2008/08/25,0,5604000,-5199001,404999
2008/08/26,0,1716000,-4625000,-2909000
2008/08/27,0,5056000,-482059,4573941
2008/08/28,0,5203175,-4344000,859175
2008/08/29,0,6114000,-3123465,2990535
2008/09/01,0,3224408,-2862000,362408
2008/09/02,0,613000,-1360000,-747000
2008/09/03,0,3077000,-629000,2448000
2008/09/04,0,2043000,-7341000,-5298000
2008/09/05,0,2178000,-6316270,-4138270
2008/09/08,0,887000,-4378600,-3491600
2008/09/09,0,2198000,-1612000,586000
2008/09/10,0,2867000,-6186128,-3319128
2008/09/11,0,657000,-3844673,-3187673
2008/09/12,0,3569000,-5737000,-2168000
2008/09/15,0,403000,-2852000,-2449000
2008/09/16,0,5996000,-2002892,3993108
2008/09/17,0,3355000,-4076688,-721688
2008/09/18,0,6386000,-7979045,-1593045
2008/09/19,0,1768000,-1450204,317796
2008/09/22,0,9129000,-4556200,4572800
2008/09/23,0,5497005,-4793000,704005
2008/09/24,0,2688747,-4842738,-2153991
2008/09/25,0,3797000,-5782737,-1985737
2008/09/26,0,3378000,-5425535,-2047535
2008/09/29,0,0,0,0
2008/09/30,0,4287000,-6521761,-2234761
2008/10/01,0,3970000,-5342587,-1372587
2008/10/02,0,3349000,-5107311,-1758311
2008/10/03,0,5951000,-10584800,-4633800
2008/10/06,0,4290141,-4508318,-218177
2008/10/07,0,3281241,-4998510,-1717269
2008/10/08,0,933000,-6121349,-5188349
2008/10/09,0,5229934,-8817416,-3587482
2008/10/10,0,0,0,0
2008/10/13,0,3085000,-4310737,-1225737
2008/10/14,0,5001000,-9406257,-4405257
2008/10/15,0,2019000,-4039306,-2020306
2008/10/16,0,148771,-815776,-667005
2008/10/17,0,2084000,-10901359,-8817359
2008/10/20,0,544000,-1598001,-1054001
2008/10/21,0,3901000,-12825051,-8924051
2008/10/22,0,1856000,-5305016,-3449016
2008/10/23,0,437000,-871000,-434000
2008/10/24,0,1633000,-997000,636000
2008/10/27,0,36000,-5891000,-5855000
2008/10/28,0,125000,-3215687,-3090687
2008/10/29,0,4542000,-17191913,-12649913
2008/10/30,0,3536000,-7329668,-3793668
2008/10/31,0,7086000,-4466121,2619879
2008/11/03,0,5980000,-9923000,-3943000
2008/11/04,0,5513000,-4688894,824106
2008/11/05,0,2230000,-10029519,-7799519
2008/11/06,0,1188000,-2269055,-1081055
2008/11/07,0,11081000,-9511194,1569806
2008/11/10,0,11187292,-5071292,6116000
2008/11/11,0,1634000,-7553536,-5919536
2008/11/12,0,3756000,-9403185,-5647185
2008/11/13,0,4125000,-5565373,-1440373
2008/11/14,0,8841000,-21092454,-12251454
2008/11/17,0,9231000,-7154556,2076444
2008/11/18,0,7411000,-9888649,-2477649
2008/11/19,0,2821000,-15268479,-12447479
2008/11/20,0,6108000,-4308840,1799160
2008/11/21,0,28376000,-19100795,9275205
2008/11/24,0,17716313,-3715224,14001089
2008/11/25,0,15255000,-5394905,9860095
2008/11/26,0,30964155,-8889058,22075097
2008/11/27,0,14045000,-9373383,4671617
2008/11/28,0,14549211,-10488288,4060923
2008/12/01,0,8031468,-2456371,5575097
2008/12/02,0,5954000,-2877357,3076643
2008/12/03,0,5602000,-4178149,1423851
2008/12/04,0,7883124,-9099782,-1216658
2008/12/05,0,2341542,-7869174,-5527632
2008/12/08,0,6996578,-4893655,2102923
2008/12/09,0,2950000,-1400612,1549388
2008/12/10,0,7500000,-3755856,3744144
2008/12/11,0,6412000,-12082011,-5670011
2008/12/12,0,2843000,-2782481,60519
2008/12/15,0,1685000,-2216000,-531000
2008/12/16,0,1559422,-1848343,-288921
2008/12/17,0,3984000,-5905378,-1921378
2008/12/18,0,2861000,-6320223,-3459223
2008/12/19,0,4068000,-3223000,845000
2008/12/22,0,827000,-2164129,-1337129
2008/12/23,0,2948000,-2465000,483000
2008/12/24,0,2614000,-1439399,1174601
2008/12/25,0,34000,-591000,-557000
2008/12/26,0,180000,-124000,56000
2008/12/29,0,221000,-457579,-236579
2008/12/30,0,2089000,-1664000,425000
2008/12/31,0,678000,-1273000,-595000
2009/01/01,0,0,0,0
2009/01/02,0,0,0,0
2009/01/05,0,2425000,-3599581,-1174581
2009/01/06,0,7095351,-3988421,3106930
2009/01/07,0,11328000,-7430053,3897947
2009/01/08,0,13176000,-7852000,5324000
2009/01/09,0,8912402,-5310000,3602402
2009/01/12,0,7656769,-5910000,1746769
2009/01/13,0,4772463,-6028666,-1256203
2009/01/14,0,1130000,-3315035,-2185035
2009/01/15,0,618500,-4216215,-3597715
2009/01/16,0,3500000,-12553955,-9053955
2009/01/19,0,1420000,-636800,783200
2009/01/20,0,2003000,-3164000,-1161000
2009/01/21,0,2175500,-6502690,-4327190
2009/01/22,0,0,0,0
2009/01/23,0,0,0,0
2009/01/26,0,0,0,0
2009/01/27,0,0,0,0
2009/01/28,0,0,0,0
2009/01/29,0,0,0,0
2009/01/30,0,0,0,0
2009/02/02,0,2688000,-7061492,-4373492
2009/02/03,0,1908000,-3835230,-1927230
2009/02/04,0,1236000,-1715000,-479000
2009/02/05,0,1565000,-10992000,-9427000
2009/02/06,0,1922000,-2112000,-190000
2009/02/09,0,14242000,-2309000,11933000
2009/02/10,0,8814000,-3240848,5573152
2009/02/11,0,9828000,-5360000,4468000
2009/02/12,0,8932000,-2825000,6107000
2009/02/13,0,2795131,-9539000,-6743869
2009/02/16,0,7887000,-13732000,-5845000
2009/02/17,0,6556000,-5755969,800031
2009/02/18,0,6742000,-3980786,2761214
2009/02/19,0,6181000,-2195016,3985984
2009/02/20,0,3645741,-2009511,1636230
2009/02/23,0,6212000,-2315177,3896823
2009/02/24,0,917000,-1693670,-776670
2009/02/25,0,1306000,-2741468,-1435468
2009/02/26,0,728000,-4512634,-3784634
2009/02/27,0,847000,-5424791,-4577791
2009/03/02,0,1654461,-9950995,-8296534
2009/03/03,0,722000,-2750500,-2028500
2009/03/04,0,898000,-2963440,-2065440
2009/03/05,0,1614000,-2088000,-474000
2009/03/06,0,8476000,-7731002,744998
2009/03/09,0,4586000,-3888036,697964
2009/03/10,0,3986000,-2855573,1130427
2009/03/11,0,8704000,-3780040,4923960
2009/03/12,0,4248770,-7389694,-3140924
2009/03/13,0,11487000,-9165551,2321449
2009/03/16,0,6307000,-5321287,985713
2009/03/17,0,12944125,-6215856,6728269
2009/03/18,0,16079000,-3373035,12705965
2009/03/19,0,4007000,-5831815,-1824815
2009/03/20,0,4831000,-7042566,-2211566
2009/03/23,0,6966000,-3625000,3341000
2009/03/24,0,15200000,-4486367,10713633
2009/03/25,0,3090000,-1809060,1280940
2009/03/26,0,8737000,-13174000,-4437000
2009/03/27,0,6945000,-11046969,-4101969
2009/03/30,0,7636000,-1090000,6546000
2009/03/31,0,4705000,-2015599,2689401
2009/04/01,0,14667000,-2543000,12124000
2009/04/02,0,11441250,-8256000,3185250
2009/04/03,0,3281000,-6664975,-3383975
2009/04/06,0,2229000,-10177000,-7948000
2009/04/07,0,2587059,-14932933,-12345874
2009/04/08,0,13352900,-9542000,3810900
2009/04/09,0,11759000,-2004103,9754897
2009/04/10,0,6033000,-8851000,-2818000
2009/04/13,0,7098000,-917000,6181000
2009/04/14,0,9204814,-8791000,413814
2009/04/15,0,3215000,-3302555,-87555
2009/04/16,0,5985000,-5839573,145427
2009/04/17,0,3063759,-5630000,-2566241
2009/04/20,0,1675000,-6215303,-4540303
2009/04/21,0,2060470,-1226000,834470
2009/04/22,0,3659000,-908000,2751000
2009/04/23,0,4157000,-1315000,2842000
2009/04/24,0,2137000,-1190000,947000
2009/04/27,0,1759000,-2456000,-697000
2009/04/28,0,2762000,-2351688,410312
2009/04/29,0,4316000,-3296901,1019099
2009/04/30,0,15273000,-12489000,2784000
2009/05/01,0,0,0,0
2009/05/04,0,14043614,-8086072,5957542
2009/05/05,0,5058000,-3636280,1421720
2009/05/06,0,11960000,-5699000,6261000
2009/05/07,0,10201000,-10609000,-408000
2009/05/08,0,7352000,-4538000,2814000
2009/05/11,0,5262629,-2566000,2696629
2009/05/12,0,3035000,-9028000,-5993000
2009/05/13,0,4769000,-6730735,-1961735
2009/05/14,0,5468000,-6369000,-901000
2009/05/15,0,5695000,-2138000,3557000
2009/05/18,0,7435000,-1946000,5489000
2009/05/19,0,3874000,-4091000,-217000
2009/05/20,0,13048900,-7328000,5720900
2009/05/21,0,9571853,-4708000,4863853
2009/05/22,0,10542000,-5409377,5132623
2009/05/25,0,6201000,-1408500,4792500
2009/05/26,0,2802000,-1186000,1616000
2009/05/27,0,18014000,-2404327,15609673
2009/05/28,0,0,0,0
2009/05/29,0,0,0,0
2009/06/01,0,23809000,-4218000,19591000
2009/06/02,0,32231000,-7821778,24409222
2009/06/03,0,15242000,-4487558,10754442
2009/06/04,0,12094420,-9535050,2559370
2009/06/05,0,6387593,-13263249,-6875656
2009/06/08,0,4825000,-2184000,2641000
2009/06/09,0,5927000,-8019173,-2092173
2009/06/10,0,8426000,-8477526,-51526
2009/06/11,0,5186549,-5949000,-762451
2009/06/12,0,14380000,-24953950,-10573950
2009/06/15,0,28037000,-10570000,17467000
2009/06/16,0,46015000,-14599053,31415947
2009/06/17,0,20240000,-5186046,15053954
2009/06/18,0,12028000,-8061000,3967000
2009/06/19,0,7617000,-6267058,1349942
2009/06/22,0,6813000,-2752121,4060879
2009/06/23,0,10257500,-8795000,1462500
2009/06/24,0,8805063,-5073000,3732063
2009/06/25,0,8657000,-3988000,4669000
2009/06/26,0,8041000,-4086000,3955000
2009/06/29,0,7570400,-3626855,3943545
2009/06/30,0,13219069,-9694698,3524371
2009/07/01,0,7552000,-4257900,3294100
2009/07/02,0,19599000,-3708412,15890588
2009/07/03,0,10423423,-11916076,-1492653
2009/07/06,0,11507000,-7550143,3956857
2009/07/07,0,6116707,-5227196,889511
2009/07/08,0,5326000,-3025263,2300737
2009/07/09,0,9501000,-9511400,-10400
2009/07/10,0,3058000,-1584823,1473177
2009/07/13,0,6063000,-8077000,-2014000
2009/07/14,0,4811000,-6826636,-2015636
2009/07/15,0,7303000,-5734501,1568499
2009/07/16,0,8729000,-3596000,5133000
2009/07/17,0,4897087,-3456270,1440817
2009/07/20,0,3020000,-1551445,1468555
2009/07/21,0,4521000,-3216330,1304670
2009/07/22,0,3003200,-3366000,-362800
2009/07/23,0,8161000,-3538020,4622980
2009/07/24,0,13077000,-7335799,5741201
2009/07/27,0,7151580,-6249597,901983
2009/07/28,0,5802500,-8709973,-2907473
2009/07/29,0,3022248,-5511000,-2488752
2009/07/30,0,6388785,-13253529,-6864744
2009/07/31,0,7698000,-3417000,4281000
2009/08/03,0,3046000,-1264000,1782000
2009/08/04,0,3529000,-6790873,-3261873
2009/08/05,0,2255000,-3433213,-1178213
2009/08/06,0,3875000,-2657000,1218000
2009/08/07,0,0,0,0
2009/08/10,0,9826000,-5337115,4488885
2009/08/11,0,2412000,-8911000,-6499000
2009/08/12,0,1558000,-3216243,-1658243
2009/08/13,0,4230000,-7273500,-3043500
2009/08/14,0,2492470,-9220000,-6727530
2009/08/17,0,1941890,-8469000,-6527110
2009/08/18,0,5363669,-9897000,-4533331
2009/08/19,0,901847,-4691542,-3789695
2009/08/20,0,1018000,-6681000,-5663000
2009/08/21,0,3787000,-8829520,-5042520
2009/08/24,0,4930890,-11198000,-6267110
2009/08/25,0,12957000,-16119998,-3162998
2009/08/26,0,27929416,-11396400,16533016
2009/08/27,0,5633000,-1880000,3753000
2009/08/28,0,9436000,-3324861,6111139
2009/08/31,0,3481757,-2964932,516825
2009/09/01,0,1694000,-3177739,-1483739
2009/09/02,0,7823024,-6828000,995024
2009/09/03,0,6197000,-8012123,-1815123
2009/09/04,0,2617028,-5157955,-2540927
2009/09/07,0,4236610,-7647358,-3410748
2009/09/08,0,2695000,-1788512,906488
2009/09/09,0,3153000,-3199711,-46711
2009/09/10,0,7354079,-1941310,5412769
2009/09/11,0,2106000,-434547,1671453
2009/09/14,0,5835000,-3039908,2795092
2009/09/15,0,2793264,-932000,1861264
2009/09/16,0,2438653,-4677280,-2238627
2009/09/17,0,7858102,-9166686,-1308584
2009/09/18,0,4571000,-2854474,1716526
2009/09/21,0,4841283,-3267390,1573893
2009/09/22,0,2664800,-10591964,-7927164
2009/09/23,0,6234000,-15460505,-9226505
2009/09/24,0,4621000,-3980000,641000
2009/09/25,0,10910090,-2577687,8332403
2009/09/28,0,1232000,-2156191,-924191
2009/09/29,0,3814260,-3846736,-32476
2009/09/30,0,3541000,-6338620,-2797620
2009/10/01,0,5006000,-2276196,2729804
2009/10/02,0,1830000,-3963252,-2133252
2009/10/05,0,3305467,-4954989,-1649522
2009/10/06,0,10839037,-3079800,7759237
2009/10/07,0,1462847,-2081400,-618553
2009/10/08,0,5456000,-3617474,1838526
2009/10/09,0,2484825,-3559000,-1074175
2009/10/12,0,1686000,-2112000,-426000
2009/10/13,0,3807580,-6521813,-2714233
2009/10/14,0,3834000,-9001274,-5167274
2009/10/15,0,6098000,-10397099,-4299099
2009/10/16,0,2922000,-4839378,-1917378
2009/10/19,0,5465000,-9651308,-4186308
2009/10/20,0,3594683,-5373092,-1778409
2009/10/21,0,3907279,-7294233,-3386954
2009/10/22,0,5379000,-5125539,253461
2009/10/23,0,8249015,-2274992,5974023
2009/10/26,0,2296000,-3243000,-947000
2009/10/27,0,1093000,-2792877,-1699877
2009/10/28,0,750000,-4246633,-3496633
2009/10/29,0,7342000,-19555691,-12213691
2009/10/30,0,13037107,-12020607,1016500
2009/11/02,0,3265000,-8064325,-4799325
2009/11/03,0,1252000,-3648000,-2396000
2009/11/04,0,4406210,-7984081,-3577871
2009/11/05,0,4453076,-4737659,-284583
2009/11/06,0,3759000,-1185000,2574000
2009/11/09,0,13733750,-2395000,11338750
2009/11/10,0,11359930,-9239366,2120564
2009/11/11,0,7343200,-4400748,2942452
2009/11/12,0,6052765,-675450,5377315
2009/11/13,0,9894200,-406000,9488200
2009/11/16,0,1880200,-2644000,-763800
2009/11/17,0,16053116,-7393522,8659594
2009/11/18,0,3159560,-2161493,998067
2009/11/19,0,3206299,-2710823,495476
2009/11/20,0,6925560,-6627940,297620
2009/11/23,0,3184560,-1155797,2028763
2009/11/24,0,2351560,-1382000,969560
2009/11/25,0,13007719,-7100254,5907465
2009/11/26,0,22808000,-13161810,9646190
2009/11/27,0,11904000,-11739290,164710
2009/11/30,0,4153289,-11141074,-6987785
2009/12/01,0,13173000,-10847367,2325633
2009/12/02,0,8148000,-13874911,-5726911
2009/12/03,0,6129851,-10713638,-4583787
2009/12/04,0,4669000,-14274393,-9605393
2009/12/07,0,4850880,-1727506,3123374
2009/12/08,0,6667000,-6270487,396513
2009/12/09,0,4824000,-10769641,-5945641
2009/12/10,0,6378000,-21252692,-14874692
2009/12/11,0,6107000,-13187927,-7080927
2009/12/14,0,7414000,-16690672,-9276672
2009/12/15,0,6033000,-7622880,-1589880
2009/12/16,0,10887000,-1730000,9157000
2009/12/17,0,3866580,-2684000,1182580
2009/12/18,0,3374000,-1769451,1604549
2009/12/21,0,3479560,-4211960,-732400
2009/12/22,0,3521000,-3628000,-107000
2009/12/23,0,1251000,-519393,731607
2009/12/24,0,3431000,-396200,3034800
2009/12/25,0,461000,-24000,437000
2009/12/28,0,1585790,-44000,1541790
2009/12/29,0,1905000,-423000,1482000
2009/12/30,0,2723000,-2241000,482000
2009/12/31,0,2161000,-1082000,1079000
2010/01/01,0,0,0,0
2010/01/04,0,3387935,-3228440,159495
2010/01/05,0,10931000,-1501931,9429069
2010/01/06,0,26162000,-1685264,24476736
2010/01/07,0,13714000,-3146099,10567901
2010/01/08,0,8034850,-1388621,6646229
2010/01/11,0,5868670,-1914955,3953715
2010/01/12,0,17996789,-11652876,6343913
2010/01/13,0,1961000,-7619174,-5658174
2010/01/14,0,8328601,-6117021,2211580
2010/01/15,0,8244000,-8138400,105600
2010/01/18,0,3978000,-2052000,1926000
2010/01/19,0,7496000,-4412910,3083090
2010/01/20,0,4752000,-4780424,-28424
2010/01/21,0,6184000,-1827221,4356779
2010/01/22,0,7035000,-9218000,-2183000
2010/01/25,0,1552040,-4210000,-2657960
2010/01/26,0,5217000,-6809260,-1592260
2010/01/27,0,4637000,-6178240,-1541240
2010/01/28,0,9803000,-9138000,665000
2010/01/29,0,7402000,-8400196,-998196
2010/02/01,0,4189168,-4271883,-82715
2010/02/02,0,8946000,-4517483,4428517
2010/02/03,0,6651330,-4127141,2524189
2010/02/04,0,3168000,-3723147,-555147
2010/02/05,0,4407000,-4737827,-330827
2010/02/08,0,1451000,-9311494,-7860494
2010/02/09,0,7639250,-11403190,-3763940
2010/02/10,0,4018000,-4016609,1391
2010/02/11,0,0,0,0
2010/02/12,0,0,0,0
2010/02/15,0,0,0,0
2010/02/16,0,0,0,0
2010/02/17,0,0,0,0
2010/02/18,0,0,0,0
2010/02/19,0,0,0,0
2010/02/22,0,7307500,-14544642,-7237142
2010/02/23,0,3805000,-16376514,-12571514
2010/02/24,0,1595000,-10093000,-8498000
2010/02/25,0,4027000,-8607717,-4580717
2010/02/26,0,1118799,-3743300,-2624501
2010/03/01,0,3983000,-3933000,50000
2010/03/02,0,1791000,-4679166,-2888166
2010/03/03,0,1112000,-3510244,-2398244
2010/03/04,0,2309000,-6032310,-3723310
2010/03/05,0,4323000,-5124412,-801412
2010/03/08,0,11344000,-5575500,5768500
2010/03/09,0,11160340,-7013000,4147340
2010/03/10,0,12215000,-10037197,2177803
2010/03/11,0,5700000,-19398200,-13698200
2010/03/12,0,7495400,-13231046,-5735646
2010/03/15,0,507000,-3370100,-2863100
2010/03/16,0,1109001,-719000,390001
2010/03/17,0,14693867,-4934952,9758915
2010/03/18,0,15326800,-2988399,12338401
2010/03/19,0,6041000,-1743026,4297974
2010/03/22,0,664867,-2125908,-1461041
2010/03/23,0,4270000,-3613017,656983
2010/03/24,0,11045184,-7363090,3682094
2010/03/25,0,10871943,-4163932,6708011
2010/03/26,0,4693000,-3255855,1437145
2010/03/29,0,6460000,-6317272,142728
2010/03/30,0,3144860,-7105000,-3960140
2010/03/31,0,2762000,-4025238,-1263238
2010/04/01,0,4832000,-4850954,-18954
2010/04/02,0,2195000,-1605167,589833
2010/04/05,0,0,0,0
2010/04/06,0,3049895,-244000,2805895
2010/04/07,0,5363680,-2699000,2664680
2010/04/08,0,6054180,-5347251,706929
2010/04/09,0,4758131,-7003236,-2245105
2010/04/12,0,10758180,-12499000,-1740820
2010/04/13,0,5582000,-8451163,-2869163
2010/04/14,0,8949000,-1108930,7840070
2010/04/15,0,9125000,-2930000,6195000
2010/04/16,0,15271360,-3522000,11749360
2010/04/19,0,2252000,-3043773,-791773
2010/04/20,0,3785000,-9824787,-6039787
2010/04/21,0,7167379,-11732614,-4565235
2010/04/22,0,6957165,-4414420,2542745
2010/04/23,0,6552000,-2362147,4189853
2010/04/26,0,8234000,-6424000,1810000
2010/04/27,0,18697010,-9000906,9696104
2010/04/28,0,5017000,-5993769,-976769
2010/04/29,0,7040362,-6503132,537230
2010/04/30,0,15321208,-5584988,9736220
2010/05/03,0,3906000,-5462000,-1556000
2010/05/04,0,2871001,-2351073,519928
2010/05/05,0,6097356,-13366930,-7269574
2010/05/06,0,1858828,-2996474,-1137646
2010/05/07,0,2079586,-5371621,-3292035
2010/05/10,0,9602970,-10457947,-854977
2010/05/11,0,4817000,-6549040,-1732040
2010/05/12,0,4243864,-8946564,-4702700
2010/05/13,0,4501000,-5061768,-560768
2010/05/14,0,3789000,-4611400,-822400
2010/05/17,0,3864000,-10254019,-6390019
2010/05/18,0,6308000,-7363000,-1055000
2010/05/19,0,4299001,-15230298,-10931297
2010/05/20,0,9884000,-10564000,-680000
2010/05/21,0,14241316,-6858726,7382590
2010/05/24,0,5992000,-5216000,776000
2010/05/25,0,5417000,-5470405,-53405
2010/05/26,0,4587320,-3894798,692522
2010/05/27,0,10089000,-12984374,-2895374
2010/05/28,0,10196000,-10284590,-88590
2010/05/31,0,7630000,-5472000,2158000
2010/06/01,0,8526000,-8552000,-26000
2010/06/02,0,5122000,-4458000,664000
2010/06/03,0,6079000,-5315775,763225
2010/06/04,0,5041570,-8940992,-3899422
2010/06/07,0,5170490,-4710743,459747
2010/06/08,0,9996000,-9011478,984522
2010/06/09,0,6941000,-5245422,1695578
2010/06/10,0,3123000,-3533000,-410000
2010/06/11,0,4299714,-10257926,-5958212
2010/06/14,0,3547574,-8255624,-4708050
2010/06/15,0,4221867,-6021756,-1799889
2010/06/16,0,0,0,0
2010/06/17,0,3157757,-14759531,-11601774
2010/06/18,0,9771233,-5823627,3947606
2010/06/21,0,9802218,-13002685,-3200467
2010/06/22,0,2140720,-3822140,-1681420
2010/06/23,0,1677190,-3941592,-2264402
2010/06/24,0,876000,-2238650,-1362650
2010/06/25,0,537417,-8856744,-8319327
2010/06/28,0,7598000,-14902997,-7304997
2010/06/29,0,4629914,-7589156,-2959242
2010/06/30,0,3183000,-16634946,-13451946
2010/07/01,0,4986300,-9682543,-4696243
2010/07/02,0,11184000,-6127000,5057000
2010/07/05,0,2121288,-6120020,-3998732
2010/07/06,0,4162000,-4322230,-160230
2010/07/07,0,8003645,-3977630,4026015
2010/07/08,0,9427000,-3432000,5995000
2010/07/09,0,12462000,-1660872,10801128
2010/07/12,0,11426640,-2410314,9016326
2010/07/13,0,3686000,-2185334,1500666
2010/07/14,0,8564204,-1844000,6720204
2010/07/15,0,2855000,-1718461,1136539
2010/07/16,0,2945985,-1411000,1534985
2010/07/19,0,4303000,-3174000,1129000
2010/07/20,0,3606649,-1179597,2427052
2010/07/21,0,3148000,-4729473,-1581473
2010/07/22,0,4730000,-3607135,1122865
2010/07/23,0,7717120,-1451000,6266120
2010/07/26,0,3698910,-2405922,1292988
2010/07/27,0,3040035,-4000000,-959965
2010/07/28,0,7156000,-6375000,781000
2010/07/29,0,3780000,-4037155,-257155
2010/07/30,0,1616683,-1703722,-87039
2010/08/02,0,12127692,-2116890,10010802
2010/08/03,0,7158542,-1879745,5278797
2010/08/04,0,4646000,-3847604,798396
2010/08/05,0,6136000,-3759000,2377000
2010/08/06,0,4460000,-8840905,-4380905
2010/08/09,0,1429000,-740000,689000
2010/08/10,0,3193000,-3048000,145000
2010/08/11,0,3561000,-17231754,-13670754
2010/08/12,0,3255000,-20294022,-17039022
2010/08/13,0,3109700,-12212085,-9102385
2010/08/16,0,1060000,-2737485,-1677485
2010/08/17,0,2202000,-3449000,-1247000
2010/08/18,0,5650000,-4292157,1357843
2010/08/19,0,1813000,-4952936,-3139936
2010/08/20,0,3567512,-3401569,165943
2010/08/23,0,7458500,-4031886,3426614
2010/08/24,0,4562436,-3467560,1094876
2010/08/25,0,3081000,-7572554,-4491554
2010/08/26,0,2918000,-6512130,-3594130
2010/08/27,0,3038000,-4333519,-1295519
2010/08/30,0,1858969,-2482742,-623773
2010/08/31,0,7155458,-6933273,222185
2010/09/01,0,4936597,-4066180,870417
2010/09/02,0,2083180,-1760001,323179
2010/09/03,0,4372000,-2086633,2285367
2010/09/06,0,4212000,-3602336,609664
2010/09/07,0,5402057,-1859543,3542514
2010/09/08,0,4436810,-3840703,596107
2010/09/09,0,7869000,-6763953,1105047
2010/09/10,0,5396410,-4804889,591521
2010/09/13,0,8106000,-3248000,4858000
2010/09/14,0,17477000,-4932000,12545000
2010/09/15,0,9408971,-1362000,8046971
2010/09/16,0,7328000,-6302649,1025351
2010/09/17,0,9267000,-4764551,4502449
2010/09/20,0,7462000,-2423000,5039000
2010/09/21,0,5210000,-1754000,3456000
2010/09/22,0,0,0,0
2010/09/23,0,15849000,-9278476,6570524
2010/09/24,0,4614460,-1982331,2632129
2010/09/27,0,5858160,-794348,5063812
2010/09/28,0,6101290,-128364,5972926
2010/09/29,0,12538430,-1418088,11120342
2010/09/30,0,11122290,-1655312,9466978
2010/10/01,0,4042990,-1020278,3022712
2010/10/04,0,2195000,-1523000,672000
2010/10/05,0,4818580,-2838700,1979880
2010/10/06,0,2945775,-740473,2205302
2010/10/07,0,4621050,-7587614,-2966564
2010/10/08,0,3997810,-7049297,-3051487
2010/10/11,0,4157070,-1709778,2447292
2010/10/12,0,2535112,-3217426,-682314
2010/10/13,0,1335920,-2219689,-883769
2010/10/14,0,3281350,-3297393,-16043
2010/10/15,0,3574750,-1050000,2524750
2010/10/18,0,8688000,-3649440,5038560
2010/10/19,0,3658600,-4937379,-1278779
2010/10/20,0,5253403,-2658398,2595005
2010/10/21,0,4943000,-3342000,1601000
2010/10/22,0,2136035,-3294000,-1157965
2010/10/25,0,4540000,-1147001,3392999
2010/10/26,0,10784327,-6641943,4142384
2010/10/27,0,15648380,-4357718,11290662
2010/10/28,0,12737939,-3437598,9300341
2010/10/29,0,12573146,-6516505,6056641
2010/11/01,0,10200304,-1016649,9183655
2010/11/02,0,8547910,-1328368,7219542
2010/11/03,0,11759749,-1755000,10004749
2010/11/04,0,6412537,-3710000,2702537
2010/11/05,0,9202000,-6095203,3106797
2010/11/08,0,6028500,-3599637,2428863
2010/11/09,0,2233000,-436262,1796738
2010/11/10,0,11032000,-11366600,-334600
2010/11/11,0,3277222,-964069,2313153
2010/11/12,0,5402000,-3275000,2127000
2010/11/15,0,3615204,-1199000,2416204
2010/11/16,0,3679000,-2414936,1264064
2010/11/17,0,3806000,-7207156,-3401156
2010/11/18,0,4612681,-3709241,903440
2010/11/19,0,7547410,-3121000,4426410
2010/11/22,0,6652460,-3904020,2748440
2010/11/23,0,4881180,-6419000,-1537820
2010/11/24,0,3819866,-3207700,612166
2010/11/25,0,4177800,-4537052,-359252
2010/11/26,0,3513000,-4520434,-1007434
2010/11/29,0,5541000,-2933301,2607699
2010/11/30,0,6892627,-8612571,-1719944
2010/12/01,0,3736115,-2060327,1675788
2010/12/02,0,7722497,-7947019,-224522
2010/12/03,0,3648000,-16359000,-12711000
2010/12/06,0,11919995,-5872200,6047795
2010/12/07,0,1700510,-3043453,-1342943
2010/12/08,0,3641889,-4775000,-1133111
2010/12/09,0,7393000,-3449986,3943014
2010/12/10,0,8865627,-1267914,7597713
2010/12/13,0,3178121,-2873605,304516
2010/12/14,0,4635500,-4972471,-336971
2010/12/15,0,7101000,-2976090,4124910
2010/12/16,0,3857000,-4153478,-296478
2010/12/17,0,2170703,-2287000,-116297
2010/12/20,0,3327950,-2575000,752950
2010/12/21,0,1490000,-2824898,-1334898
2010/12/22,0,3995000,-2970290,1024710
2010/12/23,0,914550,-1126349,-211799
2010/12/24,0,801150,-1265000,-463850
2010/12/27,0,1328000,-718000,610000
2010/12/28,0,2922963,-1150950,1772013
2010/12/29,0,2311870,-2790351,-478481
2010/12/30,0,2818000,-2642611,175389
2010/12/31,0,1724000,-315460,1408540
2011/01/03,0,3308001,-311000,2997001
2011/01/04,0,5913000,-1902006,4010994
2011/01/05,0,7012985,-11028766,-4015781
2011/01/06,0,2661000,-5699000,-3038000
2011/01/07,0,4156490,-3539069,617421
2011/01/10,0,2855000,-4106993,-1251993
2011/01/11,0,5366000,-3474000,1892000
2011/01/12,0,2573540,-4355162,-1781622
2011/01/13,0,2264029,-2953199,-689170
2011/01/14,0,2456000,-2306621,149379
2011/01/17,0,2723027,-2153000,570027
2011/01/18,0,2108000,-1944546,163454
2011/01/19,0,4909000,-6317690,-1408690
2011/01/20,0,2666000,-6021336,-3355336
2011/01/21,0,1325000,-5327287,-4002287
2011/01/24,0,1056000,-1593451,-537451
2011/01/25,0,1806926,-2894213,-1087287
2011/01/26,0,2844000,-2095939,748061
2011/01/27,0,4186000,-14782502,-10596502
2011/01/28,0,4047787,-9604593,-5556806
2011/01/31,0,0,0,0
2011/02/01,0,0,0,0
2011/02/02,0,0,0,0
2011/02/03,0,0,0,0
2011/02/04,0,0,0,0
2011/02/07,0,0,0,0
2011/02/08,0,5406000,-11477987,-6071987
2011/02/09,0,3232662,-8643522,-5410860
2011/02/10,0,9916000,-17278854,-7362854
2011/02/11,0,5889450,-17633281,-11743831
2011/02/14,0,3141980,-3519530,-377550
2011/02/15,0,2907400,-4875331,-1967931
2011/02/16,0,2212000,-8302253,-6090253
2011/02/17,0,1084000,-7927559,-6843559
2011/02/18,0,2354950,-3267131,-912181
2011/02/21,0,1360000,-2813210,-1453210
2011/02/22,0,2284000,-6721000,-4437000
2011/02/23,0,2077541,-2863530,-785989
2011/02/24,0,1722739,-3180270,-1457531
2011/02/25,0,2316925,-4124227,-1807302
2011/02/28,0,0,0,0
2011/03/01,0,3865737,-2151884,1713853
2011/03/02,0,2219739,-2721333,-501594
2011/03/03,0,4441975,-1402000,3039975
2011/03/04,0,6068306,-4591824,1476482
2011/03/07,0,4376000,-1378000,2998000
2011/03/08,0,3704975,-1881991,1822984
2011/03/09,0,1892482,-7720573,-5828091
2011/03/10,0,2810000,-13821758,-11011758
2011/03/11,0,5992000,-43313931,-37321931
2011/03/14,0,6577000,-6769193,-192193
2011/03/15,0,6048000,-14366527,-8318527
2011/03/16,0,5481230,-6529142,-1047912
2011/03/17,0,1774000,-3976187,-2202187
2011/03/18,0,2913839,-4759159,-1845320
2011/03/21,0,1332000,-7060109,-5728109
2011/03/22,0,2727527,-5997108,-3269581
2011/03/23,0,5090000,-5962144,-872144
2011/03/24,0,3498000,-3632000,-134000
2011/03/25,0,3744700,-2114466,1630234
2011/03/28,0,1694000,-17293000,-15599000
2011/03/29,0,5439000,-17593140,-12154140
2011/03/30,0,6557000,-43336543,-36779543
2011/03/31,0,4496356,-19076187,-14579831
2011/04/01,0,1694807,-3798626,-2103819
2011/04/04,0,0,0,0
2011/04/05,0,0,0,0
2011/04/06,0,10273255,-16397496,-6124241
2011/04/07,0,1487873,-7793762,-6305889
2011/04/08,0,6554068,-8859483,-2305415
2011/04/11,0,14070809,-18946521,-4875712
2011/04/12,0,2458975,-8940425,-6481450
2011/04/13,0,2170000,-6823679,-4653679
2011/04/14,0,5450609,-5222305,228304
2011/04/15,0,2298000,-4954471,-2656471
2011/04/18,0,7933000,-9347207,-1414207
2011/04/19,0,2869168,-2865281,3887
2011/04/20,0,7940535,-4127835,3812700
2011/04/21,0,9246190,-7815000,1431190
2011/04/22,0,1025580,-1536000,-510420
2011/04/25,0,2718000,-2667000,51000
2011/04/26,0,4269611,-6840881,-2571270
2011/04/27,0,4473000,-8007584,-3534584
2011/04/28,0,16518956,-3829436,12689520
2011/04/29,0,14892314,-3403205,11489109
2011/05/02,0,0,0,0
2011/05/03,0,8876924,-2102262,6774662
2011/05/04,0,3820420,-2857048,963372
2011/05/05,0,2508394,-818000,1690394
2011/05/06,0,5565149,-2230357,3334792
2011/05/09,0,12652000,-6560754,6091246
2011/05/10,0,7493980,-824902,6669078
2011/05/11,0,5960000,-3070661,2889339
2011/05/12,0,2713000,-7263932,-4550932
2011/05/13,0,3144585,-4336000,-1191415
2011/05/16,0,1854000,-2831000,-977000
2011/05/17,0,1886000,-4616000,-2730000
2011/05/18,0,6914000,-6504111,409889
2011/05/19,0,1896000,-5329823,-3433823
2011/05/20,0,1167000,-2557196,-1390196
2011/05/23,0,982000,-2093000,-1111000
2011/05/24,0,2779000,-3122943,-343943
2011/05/25,0,4096839,-3515200,581639
2011/05/26,0,7216337,-6057295,1159042
2011/05/27,0,10331000,-5775000,4556000
2011/05/30,0,7974496,-4260000,3714496
2011/05/31,0,10195000,-5483594,4711406
2011/06/01,0,10443700,-5522748,4920952
2011/06/02,0,9693000,-4456000,5237000
2011/06/03,0,6876539,-2055460,4821079
2011/06/06,0,0,0,0
2011/06/07,0,7644200,-2893999,4750201
2011/06/08,0,8091000,-2710738,5380262
2011/06/09,0,4631000,-1924773,2706227
2011/06/10,0,2191152,-3418679,-1227527
2011/06/13,0,2357000,-2692907,-335907
2011/06/14,0,2735000,-638000,2097000
2011/06/15,0,6310000,-6841786,-531786
2011/06/16,0,1880102,-3076677,-1196575
2011/06/17,0,3965000,-5913899,-1948899
2011/06/20,0,2103000,-2789353,-686353
2011/06/21,0,3171084,-3623658,-452574
2011/06/22,0,3081000,-2787000,294000
2011/06/23,0,1603708,-8257419,-6653711
2011/06/24,0,1878000,-9192605,-7314605
2011/06/27,0,4750000,-5619429,-869429
2011/06/28,0,3495000,-3555953,-60953
2011/06/29,0,3482313,-1365000,2117313
2011/06/30,0,3430000,-1467905,1962095
2011/07/01,0,3926907,-2073924,1852983
2011/07/04,0,1388745,-1623829,-235084
2011/07/05,0,1416996,-4583207,-3166211
2011/07/06,0,2016096,-4834272,-2818176
2011/07/07,0,3390542,-5482000,-2091458
2011/07/08,0,7212833,-1111515,6101318
2011/07/11,0,3388168,-3384000,4168
2011/07/12,0,1925915,-6825000,-4899085
2011/07/13,0,1605493,-4650482,-3044989
2011/07/14,0,1680886,-3779503,-2098617
2011/07/15,0,2267476,-5361000,-3093524
2011/07/18,0,1101219,-7618000,-6516781
2011/07/19,0,3717000,-7953289,-4236289
2011/07/20,0,4109832,-12843000,-8733168
2011/07/21,0,3306198,-5656641,-2350443
2011/07/22,0,5531102,-14213782,-8682680
2011/07/25,0,1766772,-8540027,-6773255
2011/07/26,0,5385675,-7396000,-2010325
2011/07/27,0,4379632,-8756000,-4376368
2011/07/28,0,2368201,-16084850,-13716649
2011/07/29,0,2317209,-7224711,-4907502
2011/08/01,0,8436321,-7002830,1433491
2011/08/02,0,976524,-4651000,-3674476
2011/08/03,0,1091661,-7151000,-6059339
2011/08/04,0,4091948,-6827000,-2735052
2011/08/05,0,9911982,-16283000,-6371018
2011/08/08,0,7246588,-18798889,-11552301
2011/08/09,0,7395212,-14112336,-6717124
2011/08/10,0,8552930,-19262774,-10709844
2011/08/11,0,5642292,-2615440,3026852
2011/08/12,0,1229000,-5861280,-4632280
2011/08/15,0,2939670,-731000,2208670
2011/08/16,0,5584553,-3938000,1646553
2011/08/17,0,2645602,-12235204,-9589602
2011/08/18,0,1728840,-15521946,-13793106
2011/08/19,0,5151353,-4633939,517414
2011/08/22,0,2908654,-7452487,-4543833
2011/08/23,0,5234220,-14362570,-9128350
2011/08/24,0,1268857,-10587376,-9318519
2011/08/25,0,3427798,-4454203,-1026405
2011/08/26,0,4299713,-2008536,2291177
2011/08/29,0,2499000,-2621954,-122954
2011/08/30,0,6294034,-4685000,1609034
2011/08/31,0,4889324,-4680000,209324
2011/09/01,0,12464727,-8511493,3953234
2011/09/02,0,2116635,-4744032,-2627397
2011/09/05,0,3239000,-3776200,-537200
2011/09/06,0,3587890,-6538729,-2950839
2011/09/07,0,2367331,-1075000,1292331
2011/09/08,0,6528578,-2512054,4016524
2011/09/09,0,5450000,-4582502,867498
2011/09/12,0,0,0,0
2011/09/13,0,2587603,-4712277,-2124674
2011/09/14,0,1400587,-2244573,-843986
2011/09/15,0,4790112,-1809119,2980993
2011/09/16,0,6573000,-5123915,1449085
2011/09/19,0,786567,-1678273,-891706
2011/09/20,0,2993963,-7883133,-4889170
2011/09/21,0,3211758,-6087051,-2875293
2011/09/22,0,1561416,-8524953,-6963537
2011/09/23,0,2349851,-8460860,-6111009
2011/09/26,0,2019560,-6542839,-4523279
2011/09/27,0,2640523,-4320568,-1680045
2011/09/28,0,2924078,-6667991,-3743913
2011/09/29,0,2531461,-10628768,-8097307
2011/09/30,0,6878000,-14796010,-7918010
2011/10/03,0,10796871,-7345192,3451679
2011/10/04,0,3724000,-17020286,-13296286
2011/10/05,0,4557000,-9113410,-4556410
2011/10/06,0,3049787,-13976559,-10926772
2011/10/07,0,3799000,-5104622,-1305622
2011/10/10,0,0,0,0
2011/10/11,0,11370000,-20725021,-9355021
2011/10/12,0,6091970,-10453300,-4361330
2011/10/13,0,6392591,-2534000,3858591
2011/10/14,0,9692107,-12070000,-2377893
2011/10/17,0,8396044,-6086496,2309548
2011/10/18,0,3883284,-4158287,-275003
2011/10/19,0,2809884,-3016533,-206649
2011/10/20,0,2695997,-1809762,886235
2011/10/21,0,1129591,-2983546,-1853955
2011/10/24,0,3713881,-1429263,2284618
2011/10/25,0,3832185,-10359000,-6526815
2011/10/26,0,2679000,-5968066,-3289066
2011/10/27,0,4107500,-4845658,-738158
2011/10/28,0,6511888,-919108,5592780
2011/10/31,0,5395000,-15015000,-9620000
2011/11/01,0,6120000,-947000,5173000
2011/11/02,0,2786000,-1692538,1093462
2011/11/03,0,3355000,-1998770,1356230
2011/11/04,0,3821000,-2640000,1181000
2011/11/07,0,1056000,-1086700,-30700
2011/11/08,0,9142226,-960191,8182035
2011/11/09,0,16756000,-3497910,13258090
2011/11/10,0,6318000,-2762000,3556000
2011/11/11,0,9347000,-2257776,7089224
2011/11/14,0,6780455,-1800437,4980018
2011/11/15,0,1472010,-2411261,-939251
2011/11/16,0,4489490,-2382000,2107490
2011/11/17,0,1738000,-947192,790808
2011/11/18,0,5663698,-3943541,1720157
2011/11/21,0,3556000,-11083000,-7527000
2011/11/22,0,4613000,-4505247,107753
2011/11/23,0,4954000,-4494112,459888
2011/11/24,0,2252090,-3456000,-1203910
2011/11/25,0,3506101,-3878241,-372140
2011/11/28,0,6086484,-3037950,3048534
2011/11/29,0,5015000,-3630073,1384927
2011/11/30,0,12338390,-3378861,8959529
2011/12/01,0,5763920,-2610239,3153681
2011/12/02,0,4989011,-1468000,3521011
2011/12/05,0,8818000,-2451094,6366906
2011/12/06,0,9899000,-3192900,6706100
2011/12/07,0,5491000,-504310,4986690
2011/12/08,0,2722000,-1252000,1470000
2011/12/09,0,7474599,-3256332,4218267
2011/12/12,0,9853000,-4828000,5025000
2011/12/13,0,9235820,-8584274,651546
2011/12/14,0,17189000,-15877544,1311456
2011/12/15,0,7205000,-7669999,-464999
2011/12/16,0,7223370,-6618316,605054
2011/12/19,0,4499000,-2314000,2185000
2011/12/20,0,4905000,-4939128,-34128
2011/12/21,0,6833000,-10125200,-3292200
2011/12/22,0,3217012,-8272967,-5055955
2011/12/23,0,7090000,-9745177,-2655177
2011/12/26,0,1944000,-1280000,664000
2011/12/27,0,878000,-153000,725000
2011/12/28,0,929000,-1624000,-695000
2011/12/29,0,2137000,-488855,1648145
2011/12/30,0,1696840,-606706,1090134
2012/01/02,0,784000,-1032000,-248000
2012/01/03,0,4451000,-3247538,1203462
2012/01/04,0,1563000,-5658538,-4095538
2012/01/05,0,8469000,-10878275,-2409275
2012/01/06,0,9866715,-10305225,-438510
2012/01/09,0,9258620,-9356477,-97857
2012/01/10,0,5829890,-6818031,-988141
2012/01/11,0,6298000,-3848623,2449377
2012/01/12,0,4470000,-1988000,2482000
2012/01/13,0,15828000,-9693000,6135000
2012/01/16,0,5657000,-6738000,-1081000
2012/01/17,0,6859000,-5774845,1084155
2012/01/18,0,13707000,-9718000,3989000
2012/01/19,0,0,0,0
2012/01/20,0,0,0,0
2012/01/23,0,0,0,0
2012/01/24,0,0,0,0
2012/01/25,0,0,0,0
2012/01/26,0,0,0,0
2012/01/27,0,0,0,0
2012/01/30,0,13021322,-12876230,145092
2012/01/31,0,13286810,-15515535,-2228725
2012/02/01,0,8516868,-6373196,2143672
2012/02/02,0,5192000,-5157000,35000
2012/02/03,0,11041486,-5844548,5196938
2012/02/06,0,5337635,-3550000,1787635
2012/02/07,0,11574000,-5755199,5818801
2012/02/08,0,20072700,-8581065,11491635
2012/02/09,0,19941000,-10574509,9366491
2012/02/10,0,7244060,-3238915,4005145
2012/02/13,0,5814220,-3372349,2441871
2012/02/14,0,5325999,-2979600,2346399
2012/02/15,0,8820420,-452753,8367667
2012/02/16,0,7384332,-2324100,5060232
2012/02/17,0,4584000,-1991000,2593000
2012/02/20,0,4199000,-5576830,-1377830
2012/02/21,0,4708700,-5408669,-699969
2012/02/22,0,8519858,-2304000,6215858
2012/02/23,0,3961581,-7649000,-3687419
2012/02/24,0,5700000,-2230740,3469260
2012/02/27,0,0,0,0
2012/02/28,0,0,0,0
2012/02/29,0,17139511,-2823370,14316141
2012/03/01,0,4432979,-4711356,-278377
2012/03/02,0,6593609,-4057000,2536609
2012/03/05,0,7197171,-1340000,5857171
2012/03/06,0,5294000,-1919908,3374092
2012/03/07,0,4893000,-4162000,731000
2012/03/08,0,7381000,-7516700,-135700
2012/03/09,0,10228000,-5849299,4378701
2012/03/12,0,2926000,-1792648,1133352
2012/03/13,0,5571694,-692591,4879103
2012/03/14,0,5418500,-2002845,3415655
2012/03/15,0,3817930,-1801000,2016930
2012/03/16,0,5564000,-1243641,4320359
2012/03/19,0,2848000,-6298050,-3450050
2012/03/20,0,2095000,-1074001,1020999
2012/03/21,0,7442040,-3970040,3472000
2012/03/22,0,4816000,-2955555,1860445
2012/03/23,0,5498000,-1473493,4024507
2012/03/26,0,4072909,-4130286,-57377
2012/03/27,0,15427000,-8120051,7306949
2012/03/28,0,9358000,-11573656,-2215656
2012/03/29,0,13432000,-13636000,-204000
2012/03/30,0,5363223,-12351490,-6988267
2012/04/02,0,5662000,-2321670,3340330
2012/04/03,0,10347001,-8382000,1965001
2012/04/04,0,0,0,0
2012/04/05,0,5071000,-1615000,3456000
2012/04/06,0,151459,-6215000,-6063541
2012/04/09,0,2547197,-3953000,-1405803
2012/04/10,0,3934690,-5088000,-1153310
2012/04/11,0,11409345,-11745912,-336567
2012/04/12,0,12185546,-8004000,4181546
2012/04/13,0,4073129,-7414882,-3341753
2012/04/16,0,2993000,-6986690,-3993690
2012/04/17,0,5386000,-13870207,-8484207
2012/04/18,0,5433000,-6552172,-1119172
2012/04/19,0,4086977,-8408060,-4321083
2012/04/20,0,3541000,-6435833,-2894833
2012/04/23,0,1664994,-1757000,-92006
2012/04/24,0,2094051,-2094094,-43
2012/04/25,0,4732000,-3774800,957200
2012/04/26,0,675000,-2634000,-1959000
2012/04/27,0,2531931,-6664000,-4132069
2012/04/30,0,4661000,-3744838,916162
2012/05/01,0,0,0,0
2012/05/02,0,9880000,-12240000,-2360000
2012/05/03,0,7847001,-8296112,-449111
2012/05/04,0,7963000,-7240745,722255
2012/05/07,0,4341000,-6692000,-2351000
2012/05/08,0,7367000,-6867347,499653
2012/05/09,0,10145000,-12208839,-2063839
2012/05/10,0,2708637,-6849581,-4140944
2012/05/11,0,5363283,-6900349,-1537066
2012/05/14,0,5219000,-7297320,-2078320
2012/05/15,0,3827000,-8944680,-5117680
2012/05/16,0,2189485,-6728000,-4538515
2012/05/17,0,2687000,-2582000,105000
2012/05/18,0,2340000,-3789721,-1449721
2012/05/21,0,1538000,-2475636,-937636
2012/05/22,0,2795000,-5769000,-2974000
2012/05/23,0,4978197,-8838199,-3860002
2012/05/24,0,9123000,-10562002,-1439002
2012/05/25,0,4818441,-8385000,-3566559
2012/05/28,0,9308000,-10232000,-924000
2012/05/29,0,2150000,-6863000,-4713000
2012/05/30,0,11232000,-7108916,4123084
2012/05/31,0,3824818,-4489804,-664986
2012/06/01,0,3171000,-4047500,-876500
2012/06/04,0,5698661,-3017277,2681384
2012/06/05,0,1632000,-4234000,-2602000
2012/06/06,0,2854000,-6333000,-3479000
2012/06/07,0,4997246,-3029580,1967666
2012/06/08,0,2959726,-4760000,-1800274
2012/06/11,0,8188763,-7837000,351763
2012/06/12,0,7608000,-8258000,-650000
2012/06/13,0,2173498,-1881117,292381
2012/06/14,0,2999193,-3218073,-218880
2012/06/15,0,5934381,-3725261,2209120
2012/06/18,0,8017371,-3583712,4433659
2012/06/19,0,2950493,-3012000,-61507
2012/06/20,0,4583341,-5709925,-1126584
2012/06/21,0,1801213,-5140721,-3339508
2012/06/22,0,3944782,-9730196,-5785414
2012/06/25,0,1757000,-1766042,-9042
2012/06/26,0,3166000,-2965000,201000
2012/06/27,0,1753407,-3836998,-2083591
2012/06/28,0,3880559,-6746533,-2865974
2012/06/29,0,7312233,-9950606,-2638373
2012/07/02,0,4876000,-6251000,-1375000
2012/07/03,0,6826000,-5234072,1591928
2012/07/04,0,7679509,-15187000,-7507491
2012/07/05,0,4833000,-8420206,-3587206
2012/07/06,0,5161000,-4872000,289000
2012/07/09,0,3997000,-4226700,-229700
2012/07/10,0,7791725,-9553000,-1761275
2012/07/11,0,4762000,-12025000,-7263000
2012/07/12,0,6588053,-8222000,-1633947
2012/07/13,0,1600645,-3177442,-1576797
2012/07/16,0,1841000,-4586100,-2745100
2012/07/17,0,2338000,-6718242,-4380242
2012/07/18,0,2778000,-5888900,-3110900
2012/07/19,0,4838000,-7573000,-2735000
2012/07/20,0,3712000,-6617000,-2905000
2012/07/23,0,3764260,-7001916,-3237656
2012/07/24,0,2172000,-3311000,-1139000
2012/07/25,0,3930000,-6895572,-2965572
2012/07/26,0,3552000,-5659347,-2107347
2012/07/27,0,5219000,-7110000,-1891000
2012/07/30,0,1451373,-3593359,-2141986
2012/07/31,0,6637000,-6220155,416845
2012/08/01,0,2160000,-2868499,-708499
2012/08/02,0,0,0,0
2012/08/03,0,6530632,-13363145,-6832513
2012/08/06,0,5738500,-4334399,1404101
2012/08/07,0,5191000,-3810000,1381000
2012/08/08,0,5752778,-7045665,-1292887
2012/08/09,0,7088000,-5694000,1394000
2012/08/10,0,5385300,-4278000,1107300
2012/08/13,0,1619000,-2337000,-718000
2012/08/14,0,5434479,-2370000,3064479
2012/08/15,0,2158000,-2879270,-721270
2012/08/16,0,3059900,-4964466,-1904566
2012/08/17,0,3612000,-5612857,-2000857
2012/08/20,0,3203000,-1639000,1564000
2012/08/21,0,7885463,-4168073,3717390
2012/08/22,0,5945801,-4304250,1641551
2012/08/23,0,2310867,-1805738,505129
2012/08/24,0,1958000,-5640621,-3682621
2012/08/27,0,1511000,-2487000,-976000
2012/08/28,0,2618694,-2354350,264344
2012/08/29,0,4121900,-6305318,-2183418
2012/08/30,0,2475000,-5421736,-2946736
2012/08/31,0,2411726,-2287600,124126
2012/09/03,0,823000,-1449850,-626850
2012/09/04,0,477490,-813012,-335522
2012/09/05,0,1893000,-9407741,-7514741
2012/09/06,0,818000,-2060742,-1242742
2012/09/07,0,1721117,-3800500,-2079383
2012/09/10,0,2774893,-9944300,-7169407
2012/09/11,0,4075500,-4745000,-669500
2012/09/12,0,6371000,-12067350,-5696350
2012/09/13,0,2237000,-850800,1386200
2012/09/14,0,11458000,-3885300,7572700
2012/09/17,0,3944001,-7347588,-3403587
2012/09/18,0,1298000,-5717307,-4419307
2012/09/19,0,4108000,-2970572,1137428
2012/09/20,0,4448000,-4151933,296067
2012/09/21,0,10430309,-2392800,8037509
2012/09/24,0,4406000,-3565953,840047
2012/09/25,0,4883000,-1497650,3385350
2012/09/26,0,3327000,-2275418,1051582
2012/09/27,0,1935000,-1203638,731362
2012/09/28,0,2102000,-785985,1316015
2012/10/01,0,1609000,-926750,682250
2012/10/02,0,2601655,-1972215,629440
2012/10/03,0,1080000,-3117050,-2037050
2012/10/04,0,6832000,-21309900,-14477900
2012/10/05,0,6917000,-13839068,-6922068
2012/10/08,0,3811000,-810700,3000300
2012/10/09,0,5766000,-11729834,-5963834
2012/10/10,0,0,0,0
2012/10/11,0,6358500,-9740122,-3381622
2012/10/12,0,3281000,-4078300,-797300
2012/10/15,0,2141873,-1314000,827873
2012/10/16,0,3019000,-4558442,-1539442
2012/10/17,0,4210435,-5129778,-919343
2012/10/18,0,1098000,-2343450,-1245450
2012/10/19,0,2193000,-1805000,388000
2012/10/22,0,6110300,-5823259,287041
2012/10/23,0,12543250,-9897235,2646015
2012/10/24,0,2698658,-3416974,-718316
2012/10/25,0,1953600,-3522000,-1568400
2012/10/26,0,4883000,-10448375,-5565375
2012/10/29,0,3933100,-7026105,-3093005
2012/10/30,0,4943000,-6848750,-1905750
2012/10/31,0,6147000,-2702800,3444200
2012/11/01,0,1179000,-5101050,-3922050
2012/11/02,0,8085000,-5675983,2409017
2012/11/05,0,4896000,-2596911,2299089
2012/11/06,0,3236000,-2704050,531950
2012/11/07,0,3333000,-3629692,-296692
2012/11/08,0,2122638,-3590330,-1467692
2012/11/09,0,1057000,-4310700,-3253700
2012/11/12,0,834000,-1665000,-831000
2012/11/13,0,1044237,-4285000,-3240763
2012/11/14,0,1407000,-4596681,-3189681
2012/11/15,0,1526000,-4400766,-2874766
2012/11/16,0,2345000,-3506700,-1161700
2012/11/19,0,1776431,-1952024,-175593
2012/11/20,0,1218000,-1939140,-721140
2012/11/21,0,2271100,-2876000,-604900
2012/11/22,0,1195200,-601000,594200
2012/11/23,0,3062000,-980000,2082000
2012/11/26,0,4355000,-3091001,1263999
2012/11/27,0,5542000,-4356810,1185190
2012/11/28,0,4105900,-4600000,-494100
2012/11/29,0,4839000,-2474365,2364635
2012/11/30,0,6441000,-3183355,3257645
2012/12/03,0,4914000,-3415794,1498206
2012/12/04,0,2434375,-2021197,413178
2012/12/05,0,2657100,-2099686,557414
2012/12/06,0,5772000,-5477992,294008
2012/12/07,0,4006000,-761000,3245000
2012/12/10,0,3126000,-2947542,178458
2012/12/11,0,3872445,-3008178,864267
2012/12/12,0,2933000,-3824514,-891514
2012/12/13,0,3444343,-1489000,1955343
2012/12/14,0,2908486,-2868000,40486
2012/12/17,0,2660000,-1996081,663919
2012/12/18,0,4805970,-6722979,-1917009
2012/12/19,0,4961000,-4071586,889414
2012/12/20,0,4286650,-5228000,-941350
2012/12/21,0,3004106,-2703884,300222
2012/12/24,0,650000,-1163000,-513000
2012/12/25,0,1591000,-218000,1373000
2012/12/26,0,613000,-1251023,-638023
2012/12/27,0,929652,-1438856,-509204
2012/12/28,0,3271368,-1976670,1294698
2012/12/31,0,0,0,0
2013/01/01,0,0,0,0
2013/01/02,0,5141580,-3160900,1980680
2013/01/03,0,3701000,-4344422,-643422
2013/01/04,0,3710075,-3299549,410526
2013/01/07,0,2183000,-1084400,1098600
2013/01/08,0,2108000,-3853769,-1745769
2013/01/09,0,1946000,-3788125,-1842125
2013/01/10,0,5246000,-2614300,2631700
2013/01/11,0,1777000,-543000,1234000
2013/01/14,0,6861391,-5519593,1341798
2013/01/15,0,3610000,-3877604,-267604
2013/01/16,0,15734000,-5007185,10726815
2013/01/17,0,26652000,-10650050,16001950
2013/01/18,0,13468000,-7902789,5565211
2013/01/21,0,5173000,-2301000,2872000
2013/01/22,0,4814000,-3364329,1449671
2013/01/23,0,4392600,-3660397,732203
2013/01/24,0,6924000,-1522000,5402000
2013/01/25,0,9507870,-4446000,5061870
2013/01/28,0,7187000,-4854100,2332900
2013/01/29,0,6010400,-5014500,995900
2013/01/30,0,5357000,-5714300,-357300
2013/01/31,0,12713307,-16468300,-3754993
2013/02/01,0,6213000,-3517925,2695075
2013/02/04,0,5632000,-3757538,1874462
2013/02/05,0,4404000,-4555939,-151939
2013/02/06,0,3497094,-6800500,-3303406
2013/02/07,0,0,0,0
2013/02/08,0,0,0,0
2013/02/11,0,0,0,0
2013/02/12,0,0,0,0
2013/02/13,0,0,0,0
2013/02/14,0,0,0,0
2013/02/15,0,0,0,0
2013/02/18,0,4683290,-5232920,-549630
2013/02/19,0,8077219,-6772000,1305219
2013/02/20,0,3320044,-2671600,648444
2013/02/21,0,6026000,-7172250,-1146250
2013/02/22,0,4143000,-5427099,-1284099
2013/02/25,0,5117903,-7455486,-2337583
2013/02/26,0,5006265,-4368000,638265
2013/02/27,0,5191760,-5128083,63677
2013/02/28,0,0,0,0
2013/03/01,0,9325000,-8999850,325150
2013/03/04,0,4407000,-3817000,590000
2013/03/05,0,2871000,-2010000,861000
2013/03/06,0,3632000,-2281350,1350650
2013/03/07,0,3434000,-2465605,968395
2013/03/08,0,6641100,-1299000,5342100
2013/03/11,0,3220000,-1336000,1884000
2013/03/12,0,3717000,-5662138,-1945138
2013/03/13,0,4335000,-4197816,137184
2013/03/14,0,3539000,-4330116,-791116
2013/03/15,0,5187922,-2329000,2858922
2013/03/18,0,3167000,-1765303,1401697
2013/03/19,0,3998000,-1075360,2922640
2013/03/20,0,2650000,-3736294,-1086294
2013/03/21,0,3254434,-1502000,1752434
2013/03/22,0,3634468,-2824830,809638
2013/03/25,0,4193000,-1202000,2991000
2013/03/26,0,2840288,-1478000,1362288
2013/03/27,0,5593000,-10278626,-4685626
2013/03/28,0,5418063,-6550328,-1132265
2013/03/29,0,1824000,-1257000,567000
2013/04/01,0,1196617,-2013950,-817333
2013/04/02,0,2288787,-1464000,824787
2013/04/03,0,4456000,-2675000,1781000
2013/04/04,0,0,0,0
2013/04/05,0,0,0,0
2013/04/08,0,8343794,-12284121,-3940327
2013/04/09,0,2968742,-9030970,-6062228
2013/04/10,0,3706442,-7432000,-3725558
2013/04/11,0,2701892,-7567079,-4865187
2013/04/12,0,1370000,-2026000,-656000
2013/04/15,0,1846008,-9404388,-7558380
2013/04/16,0,2689357,-7164213,-4474856
2013/04/17,0,1802000,-4353000,-2551000
2013/04/18,0,1250000,-5085000,-3835000
2013/04/19,0,3585500,-9662000,-6076500
2013/04/22,0,1970000,-13132000,-11162000
2013/04/23,0,2317000,-9309000,-6992000
2013/04/24,0,2864000,-8813000,-5949000
2013/04/25,0,3616866,-11015000,-7398134
2013/04/26,0,7758000,-6369000,1389000
2013/04/29,0,4759000,-3825741,933259
2013/04/30,0,8006000,-5268000,2738000
2013/05/01,0,0,0,0
2013/05/02,0,4518812,-4393895,124917
2013/05/03,0,2196000,-4704000,-2508000
2013/05/06,0,2206102,-2568625,-362523
2013/05/07,0,1091742,-4078600,-2986858
2013/05/08,0,5044753,-8431546,-3386793
2013/05/09,0,5373842,-6050000,-676158
2013/05/10,0,1547000,-7049746,-5502746
2013/05/13,0,4036000,-5555000,-1519000
2013/05/14,0,2067000,-4221000,-2154000
2013/05/15,0,3509000,-5826904,-2317904
2013/05/16,0,2873000,-3932557,-1059557
2013/05/17,0,1481892,-1145000,336892
2013/05/20,0,2015094,-1860000,155094
2013/05/21,0,846000,-1810026,-964026
2013/05/22,0,1342000,-2275000,-933000
2013/05/23,0,1268401,-4475876,-3207475
2013/05/24,0,2131020,-1962600,168420
2013/05/27,0,1479214,-3141820,-1662606
2013/05/28,0,3105000,-3587610,-482610
2013/05/29,0,2074000,-4058682,-1984682
2013/05/30,0,3292000,-3035000,257000
2013/05/31,0,4425500,-7413932,-2988432
2013/06/03,0,1060000,-3130100,-2070100
2013/06/04,0,1404000,-2110361,-706361
2013/06/05,0,2982000,-4463627,-1481627
2013/06/06,0,2689912,-6756201,-4066289
2013/06/07,0,1820211,-5247318,-3427107
2013/06/10,0,3002000,-4728000,-1726000
2013/06/11,0,1701736,-6159000,-4457264
2013/06/12,0,0,0,0
2013/06/13,0,3782000,-6219717,-2437717
2013/06/14,0,1943000,-5714154,-3771154
2013/06/17,0,778138,-4022000,-3243862
2013/06/18,0,1431000,-4954000,-3523000
2013/06/19,0,9129720,-13193500,-4063780
2013/06/20,0,4436000,-5340266,-904266
2013/06/21,0,23586779,-18522028,5064751
2013/06/24,0,1726292,-8020000,-6293708
2013/06/25,0,667681,-10577129,-9909448
2013/06/26,0,5800021,-8599468,-2799447
2013/06/27,0,2937000,-3165001,-228001
2013/06/28,0,5418225,-6076680,-658455
2013/07/01,0,1833519,-8745000,-6911481
2013/07/02,0,1800000,-10756285,-8956285
2013/07/03,0,1678000,-13253914,-11575914
2013/07/04,0,1745000,-1029000,716000
2013/07/05,0,3201000,-824000,2377000
2013/07/08,0,1150000,-2253000,-1103000
2013/07/09,0,2160000,-3873938,-1713938
2013/07/10,0,2188000,-5518250,-3330250
2013/07/11,0,3192000,-5244271,-2052271
2013/07/12,0,3638000,-12338000,-8700000
2013/07/15,0,3813000,-6499376,-2686376
2013/07/16,0,3438000,-3950000,-512000
2013/07/17,0,4429820,-4894820,-465000
2013/07/18,0,3755000,-6567000,-2812000
2013/07/19,0,4506406,-17842629,-13336223
2013/07/22,0,3828979,-2102261,1726718
2013/07/23,0,3359000,-2528000,831000
2013/07/24,0,2127950,-6091222,-3963272
2013/07/25,0,3209000,-2657000,552000
2013/07/26,0,2984526,-4276126,-1291600
2013/07/29,0,1299000,-1678930,-379930
2013/07/30,0,2457000,-4736000,-2279000
2013/07/31,0,4373000,-5255000,-882000
2013/08/01,0,3001800,-2707000,294800
2013/08/02,0,2204500,-8983378,-6778878
2013/08/05,0,2523000,-3186000,-663000
2013/08/06,0,1988000,-3463000,-1475000
2013/08/07,0,1303000,-7904000,-6601000
2013/08/08,0,1680000,-8075000,-6395000
2013/08/09,0,1970000,-6639750,-4669750
2013/08/12,0,1064000,-4697062,-3633062
2013/08/13,0,1398000,-3649000,-2251000
2013/08/14,0,1511304,-4688000,-3176696
2013/08/15,0,1602000,-4854372,-3252372
2013/08/16,0,937000,-4991131,-4054131
2013/08/19,0,3400214,-5870703,-2470489
2013/08/20,0,2138153,-5752300,-3614147
2013/08/21,0,0,0,0
2013/08/22,0,6199200,-10343359,-4144159
2013/08/23,0,3421000,-4008463,-587463
2013/08/26,0,902000,-2735756,-1833756
2013/08/27,0,2561000,-2143248,417752
2013/08/28,0,3092000,-3533000,-441000
2013/08/29,0,2635000,-2330000,305000
2013/08/30,0,1611000,-1693831,-82831
2013/09/02,0,15709000,-5070000,10639000
2013/09/03,0,17752650,-8007000,9745650
2013/09/04,0,12382732,-7474317,4908415
2013/09/05,0,7719255,-13527710,-5808455
2013/09/06,0,6641000,-3180100,3460900
2013/09/09,0,5305000,-1617000,3688000
2013/09/10,0,11396084,-8391150,3004934
2013/09/11,0,11125000,-10600062,524938
2013/09/12,0,5164750,-5277177,-112427
2013/09/13,0,6051800,-4099585,1952215
2013/09/16,0,6181000,-2391000,3790000
2013/09/17,0,3146000,-4164410,-1018410
2013/09/18,0,4086380,-2003433,2082947
2013/09/19,0,0,0,0
2013/09/20,0,0,0,0
2013/09/23,0,3441372,-8249507,-4808135
2013/09/24,0,4161000,-3973439,187561
2013/09/25,0,3566805,-3416805,150000
2013/09/26,0,3003850,-6401465,-3397615
2013/09/27,0,4617000,-1537772,3079228
2013/09/30,0,4112063,-9118700,-5006637
2013/10/01,0,2427400,-2832925,-405525
2013/10/02,0,3224754,-1633729,1591025
2013/10/03,0,5297683,-2736929,2560754
2013/10/04,0,3943000,-3325020,617980
2013/10/07,0,2118055,-1289000,829055
2013/10/08,0,4874122,-4644642,229480
2013/10/09,0,6041000,-11480585,-5439585
2013/10/10,0,0,0,0
2013/10/11,0,8692832,-15276850,-6584018
2013/10/14,0,3647400,-2499440,1147960
2013/10/15,0,1580000,-1342834,237166
2013/10/16,0,1558000,-2536525,-978525
2013/10/17,0,8211840,-4883648,3328192
2013/10/18,0,3272700,-3641794,-369094
2013/10/21,0,1608000,-2159000,-551000
2013/10/22,0,3143293,-530262,2613031
2013/10/23,0,1537486,-5181587,-3644101
2013/10/24,0,2641850,-4429000,-1787150
2013/10/25,0,1906000,-1741000,165000
2013/10/28,0,1609000,-1081000,528000
2013/10/29,0,2740000,-2316000,424000
2013/10/30,0,1921000,-301000,1620000
2013/10/31,0,5068000,-2868175,2199825
2013/11/01,0,2222000,-1001000,1221000
2013/11/04,0,5354000,-3672784,1681216
2013/11/05,0,4852000,-8467470,-3615470
2013/11/06,0,2639000,-3448152,-809152
2013/11/07,0,2332000,-4225000,-1893000
2013/11/08,0,1577128,-1844000,-266872
2013/11/11,0,2632482,-5066482,-2434000
2013/11/12,0,3993000,-3951000,42000
2013/11/13,0,979721,-5183000,-4203279
2013/11/14,0,1881042,-8057000,-6175958
2013/11/15,0,2001000,-5524000,-3523000
2013/11/18,0,1105000,-3949039,-2844039
2013/11/19,0,2275391,-1874606,400785
2013/11/20,0,426000,-2247509,-1821509
2013/11/21,0,363746,-3137000,-2773254
2013/11/22,0,1468881,-1228000,240881
2013/11/25,0,1229000,-880933,348067
2013/11/26,0,3884000,-3207260,676740
2013/11/27,0,5375055,-2936142,2438913
2013/11/28,0,6457000,-7933875,-1476875
2013/11/29,0,3669000,-1643100,2025900
2013/12/02,0,846055,-2039000,-1192945
2013/12/03,0,2093507,-2512904,-419397
2013/12/04,0,2102000,-2216000,-114000
2013/12/05,0,3479901,-2728440,751461
2013/12/06,0,5181000,-4923000,258000
2013/12/09,0,3515000,-1897194,1617806
2013/12/10,0,1608000,-2640660,-1032660
2013/12/11,0,2025000,-3915454,-1890454
2013/12/12,0,2015602,-16526729,-14511127
2013/12/13,0,1839000,-9195000,-7356000
2013/12/16,0,1714000,-8981131,-7267131
2013/12/17,0,1394000,-4668113,-3274113
2013/12/18,0,1169001,-7673000,-6503999
2013/12/19,0,834000,-6044714,-5210714
2013/12/20,0,1212128,-12556620,-11344492
2013/12/23,0,1518000,-1678000,-160000
2013/12/24,0,780400,-721000,59400
2013/12/25,0,497000,-338000,159000
2013/12/26,0,184000,-4777828,-4593828
2013/12/27,0,1200000,-6284000,-5084000
2013/12/30,0,2512628,-6170022,-3657394
2013/12/31,0,1813000,-3809000,-1996000
2014/01/02,0,843390,-1763397,-920007
2014/01/03,0,1517000,-4647000,-3130000
2014/01/06,0,1492000,-2432547,-940547
2014/01/07,0,1238000,-5815303,-4577303
2014/01/08,0,3360000,-6786166,-3426166
2014/01/09,0,953300,-2374132,-1420832
2014/01/10,0,1238000,-3150000,-1912000
2014/01/13,0,1066000,-3058000,-1992000
2014/01/14,0,1482000,-1548300,-66300
2014/01/15,0,4065000,-5145423,-1080423
2014/01/16,0,8699215,-6134750,2564465
2014/01/17,0,1531055,-7296910,-5765855
2014/01/20,0,3647000,-14795664,-11148664
2014/01/21,0,2904000,-8979971,-6075971
2014/01/22,0,2501800,-6786000,-4284200
2014/01/23,0,3431000,-6940000,-3509000
2014/01/24,0,3039343,-7583686,-4544343
2014/01/27,0,2844000,-6054318,-3210318
2014/02/05,0,1784291,-17904494,-16120203
2014/02/06,0,1362000,-4522000,-3160000
2014/02/07,0,1158000,-2130000,-972000
2014/02/10,0,883100,-1368000,-484900
2014/02/11,0,818449,-4409874,-3591425
2014/02/12,0,1613700,-3912734,-2299034
2014/02/13,0,1045600,-2094612,-1049012
2014/02/14,0,2157580,-1462703,694877
2014/02/17,0,673000,-1370000,-697000
2014/02/18,0,1771000,-201000,1570000
2014/02/19,0,1725000,-410277,1314723
2014/02/20,0,988417,-232463,755954
2014/02/21,0,2166400,-1424000,742400
2014/02/24,0,700000,-486115,213885
2014/02/25,0,1015351,-319959,695392
2014/02/26,0,2960000,-3771493,-811493
2014/02/27,0,2906521,-1722859,1183662
2014/03/03,0,6286000,-4041000,2245000
2014/03/04,0,899000,-2227000,-1328000
2014/03/05,0,1080000,-2770710,-1690710
2014/03/06,0,3135834,-1171556,1964278
2014/03/07,0,1442000,-608000,834000
2014/03/10,0,1636300,-799000,837300
2014/03/11,0,683000,-1939000,-1256000
2014/03/12,0,1185000,-640100,544900
2014/03/13,0,1568000,-1131609,436391
2014/03/14,0,1665000,-2753000,-1088000
2014/03/17,0,894000,-519000,375000
2014/03/18,0,3142944,-3257870,-114926
2014/03/19,0,682000,-613000,69000
2014/03/20,0,763000,-2472095,-1709095
2014/03/21,0,3835159,-2875385,959774
2014/03/24,0,839000,-968042,-129042
2014/03/25,0,1043000,-8279990,-7236990
2014/03/26,0,927900,-7437850,-6509950
2014/03/27,0,1855000,-4584000,-2729000
2014/03/28,0,2436000,-3914000,-1478000
2014/03/31,0,2818837,-5125766,-2306929
2014/04/01,0,8523000,-3180990,5342010
2014/04/02,0,1614536,-2874265,-1259729
2014/04/03,0,1964000,-2506000,-542000
2014/04/07,0,17954269,-3586000,14368269
2014/04/08,0,8185187,-3478000,4707187
2014/04/09,0,4982075,-2985100,1996975
2014/04/10,0,5834961,-5418641,416320
2014/04/11,0,5423386,-4255000,1168386
2014/04/14,0,1625000,-2051000,-426000
2014/04/15,0,1689000,-1529335,159665
2014/04/16,0,3350000,-1424000,1926000
2014/04/17,0,3030000,-923000,2107000
2014/04/18,0,340000,-454000,-114000
2014/04/21,0,1028000,-233000,795000
2014/04/22,0,2277000,-2216000,61000
2014/04/23,0,2345800,-544000,1801800
2014/04/24,0,1391111,-1912837,-521726
2014/04/25,0,1281000,-1916000,-635000
2014/04/28,0,2634000,-1102000,1532000
2014/04/29,0,1887000,-2165000,-278000
2014/04/30,0,3406462,-2751976,654486
2014/05/02,0,647000,-2096000,-1449000
2014/05/05,0,257000,-1328000,-1071000
2014/05/06,0,675000,-486000,189000
2014/05/07,0,1800000,-1525000,275000
2014/05/08,0,2292000,-926000,1366000
2014/05/09,0,1073000,-792000,281000
2014/05/12,0,559000,-2553598,-1994598
2014/05/13,0,2744320,-2093000,651320
2014/05/14,0,2869000,-857000,2012000
2014/05/15,0,5131000,-929000,4202000
2014/05/16,0,4935025,-484327,4450698
2014/05/19,0,1617000,-610676,1006324
2014/05/20,0,5183700,-2279566,2904134
2014/05/21,0,2534000,-519000,2015000
2014/05/22,0,5225000,-451000,4774000
2014/05/23,0,2926000,-455110,2470890
2014/05/26,0,4770000,-2496000,2274000
2014/05/27,0,913000,-952000,-39000
2014/05/28,0,3258000,-737000,2521000
2014/05/29,0,2185000,-566100,1618900
2014/05/30,0,3517000,-3033129,483871
2014/06/03,0,9044000,-3062439,5981561
2014/06/04,0,11868000,-13397000,-1529000
2014/06/05,0,12181120,-15965439,-3784319
2014/06/06,0,3842223,-2469000,1373223
2014/06/09,0,3399000,-1116000,2283000
2014/06/10,0,3973719,-2507100,1466619
2014/06/11,0,4334000,-2520607,1813393
2014/06/12,0,7025000,-1345236,5679764
2014/06/13,0,9905050,-1244000,8661050
2014/06/16,0,1828000,-2894842,-1066842
2014/06/17,0,1437000,-939000,498000
2014/06/18,0,5931000,-596500,5334500
2014/06/19,0,2564586,-1930300,634286
2014/06/20,0,1680000,-2784000,-1104000
2014/06/23,0,2834006,-535826,2298180
2014/06/24,0,2380000,-1064160,1315840
2014/06/25,0,1279000,-2766764,-1487764
2014/06/26,0,1567046,-811850,755196
2014/06/27,0,874750,-861000,13750
2014/06/30,0,1054900,-3287124,-2232224
2014/07/01,0,3378000,-2912000,466000
2014/07/02,0,6545000,-8827025,-2282025
2014/07/03,0,14614970,-6138000,8476970
2014/07/04,0,25874000,-1560500,24313500
2014/07/07,0,7163000,-5159000,2004000
2014/07/08,0,4397000,-1372000,3025000
2014/07/09,0,5200368,-5235000,-34632
2014/07/10,0,14891152,-5030000,9861152
2014/07/11,0,17738100,-3438500,14299600
2014/07/14,0,9941000,-2094050,7846950
2014/07/15,0,3452588,-4158626,-706038
2014/07/16,0,16854000,-8162000,8692000
2014/07/17,0,9160755,-7803000,1357755
2014/07/18,0,9702000,-8412000,1290000
2014/07/21,0,3838000,-7887000,-4049000
2014/07/22,0,17844355,-11492298,6352057
2014/07/23,0,0,0,0
2014/07/24,0,8266000,-2337000,5929000
2014/07/25,0,3499000,-1485000,2014000
2014/07/28,0,6176000,-1518000,4658000
2014/07/29,0,5615000,-1802000,3813000
2014/07/30,0,10319000,-4757321,5561679
2014/07/31,0,5590004,-7584758,-1994754
2014/08/01,0,3093057,-2937786,155271
2014/08/04,0,9636000,-3207000,6429000
2014/08/05,0,7484000,-5340220,2143780
2014/08/06,0,4600000,-4568300,31700
2014/08/07,0,5301612,-2612026,2689586
2014/08/08,0,5976265,-3802968,2173297
2014/08/11,0,20816533,-891100,19925433
2014/08/12,0,14643000,-2907012,11735988
2014/08/13,0,16860542,-950000,15910542
2014/08/14,0,25989000,-6653000,19336000
2014/08/15,0,29420837,-1188000,28232837
2014/08/18,0,21758000,-10842000,10916000
2014/08/19,0,16387420,-6717000,9670420
2014/08/20,0,21548670,-8428382,13120288
2014/08/21,0,33376000,-17753654,15622346
2014/08/22,0,14606059,-8574643,6031416
2014/08/25,0,12479000,-5483418,6995582
2014/08/26,0,26573606,-16084317,10489289
2014/08/27,0,22043000,-4093268,17949732
2014/08/28,0,12934343,-2141304,10793039
2014/08/29,0,9067000,-3233186,5833814
2014/09/01,0,10007000,-2210600,7796400
2014/09/02,0,6475000,-4689000,1786000
2014/09/03,0,13056398,-2264996,10791402
2014/09/04,0,5844000,-2172127,3671873
2014/09/05,0,8587920,-2861000,5726920
2014/09/09,0,14066000,-4716383,9349617
2014/09/10,0,9275080,-6870681,2404399
2014/09/11,0,13155000,-6403586,6751414
2014/09/12,0,10843481,-7291278,3552203
2014/09/15,0,16007000,-4481841,11525159
2014/09/16,0,2863209,-5049000,-2185791
2014/09/17,0,7813500,-7642000,171500
2014/09/18,0,6560850,-3789859,2770991
2014/09/19,0,9204000,-10461836,-1257836
2014/09/22,0,8412566,-10958000,-2545434
2014/09/23,0,9178000,-3363356,5814644
2014/09/24,0,7546000,-6160000,1386000
2014/09/25,0,6161000,-8963089,-2802089
2014/09/26,0,3335000,-4053003,-718003
2014/09/29,0,5569632,-7154000,-1584368
2014/09/30,0,10120000,-5757082,4362918
2014/10/01,0,4897656,-3038000,1859656
2014/10/02,0,4317730,-7512000,-3194270
2014/10/03,0,5188000,-3719280,1468720
2014/10/06,0,1430000,-3098000,-1668000
2014/10/07,0,3701000,-6267898,-2566898
2014/10/08,0,8235192,-3526692,4708500
2014/10/09,0,3844019,-3162704,681315
2014/10/13,0,5217000,-4451205,765795
2014/10/14,0,8486213,-5861900,2624313
2014/10/15,0,5730225,-8238754,-2508529
2014/10/16,0,7806890,-8374385,-567495
2014/10/17,0,9692377,-12567322,-2874945
2014/10/20,0,5962000,-8795914,-2833914
2014/10/21,0,3939000,-2484742,1454258
2014/10/22,0,2156000,-1966000,190000
2014/10/23,0,2898000,-1616000,1282000
2014/10/24,0,2058924,-3774513,-1715589
2014/10/27,0,3321000,-916000,2405000
2014/10/28,0,4444000,-1099202,3344798
2014/10/29,0,7668000,-5378020,2289980
2014/10/30,0,4710059,-5204929,-494870
2014/10/31,0,9352000,-9099000,253000
2014/11/03,0,4044709,-3810941,233768
2014/11/04,0,6064000,-11133000,-5069000
2014/11/05,0,4180888,-6248690,-2067802
2014/11/06,0,8879006,-14195670,-5316664
2014/11/07,0,7265000,-11878370,-4613370
2014/11/10,0,4580200,-4660236,-80036
2014/11/11,0,4784000,-5914000,-1130000
2014/11/12,0,3978572,-5500678,-1522106
2014/11/13,0,6798014,-9140014,-2342000
2014/11/14,0,5278000,-7234277,-1956277
2014/11/17,0,2780000,-9406459,-6626459
2014/11/18,0,2840053,-10618770,-7778717
2014/11/19,0,6584007,-9507199,-2923192
2014/11/20,0,3886000,-7749488,-3863488
2014/11/21,0,3549000,-4091868,-542868
2014/11/24,0,1786000,-7558205,-5772205
2014/11/25,0,5763293,-14591995,-8828702
2014/11/26,0,2629376,-5214347,-2584971
2014/11/27,0,2500024,-4673007,-2172983
2014/11/28,0,4203000,-5015986,-812986
2014/12/01,0,8453096,-7886787,566309
2014/12/02,0,2988275,-11440000,-8451725
2014/12/03,0,4281629,-8967640,-4686011
2014/12/04,0,8276000,-13729496,-5453496
2014/12/05,0,649000,-6613000,-5964000
2014/12/08,0,1012000,-12195077,-11183077
2014/12/09,0,1807000,-7018786,-5211786
2014/12/10,0,3698441,-5398409,-1699968
2014/12/11,0,2048336,-7302782,-5254446
2014/12/12,0,4553000,-9498370,-4945370
2014/12/15,0,3517000,-5977387,-2460387
2014/12/16,0,7441000,-5556000,1885000
2014/12/17,0,1110787,-10274252,-9163465
2014/12/18,0,2994000,-5751030,-2757030
2014/12/19,0,2013430,-2683182,-669752
2014/12/22,0,8173000,-5988100,2184900
2014/12/23,0,3851000,-3044000,807000
2014/12/24,0,1540000,-2504236,-964236
2014/12/25,0,810000,-654000,156000
2014/12/26,0,676000,-524000,152000
2014/12/29,0,3566504,-1497490,2069014
2014/12/30,0,1330000,-2354865,-1024865
2014/12/31,0,1770380,-677085,1093295
2015/01/01,0,0,0,0
2015/01/02,0,0,0,0
2015/01/05,0,2841000,-4176958,-1335958
2015/01/06,0,5437000,-6505000,-1068000
2015/01/07,0,1162000,-5524000,-4362000
2015/01/08,0,6759000,-3718696,3040304
2015/01/09,0,5661000,-7094981,-1433981
2015/01/12,0,989004,-3967205,-2978201
2015/01/13,0,9634000,-7935825,1698175
2015/01/14,0,8883000,-14036189,-5153189
2015/01/15,0,3878000,-10224000,-6346000
2015/01/16,0,10340000,-12336483,-1996483
2015/01/19,0,5922000,-4116000,1806000
2015/01/20,0,2034000,-4103244,-2069244
2015/01/21,0,2574000,-4468561,-1894561
2015/01/22,0,2640000,-10577000,-7937000
2015/01/23,0,6823000,-13402000,-6579000
2015/01/26,0,1910000,-6204000,-4294000
2015/01/27,0,4024000,-2885849,1138151
2015/01/28,0,1899000,-2368000,-469000
2015/01/29,0,2993000,-6304000,-3311000
2015/01/30,0,2585000,-3249000,-664000
2015/02/02,0,1875104,-2968986,-1093882
2015/02/03,0,1790000,-1948699,-158699
2015/02/04,0,4080000,-2577000,1503000
2015/02/05,0,1301000,-3645876,-2344876
2015/02/06,0,2570005,-3914047,-1344042
2015/02/09,0,1416106,-2435816,-1019710
2015/02/10,0,2171000,-2826003,-655003
2015/02/11,0,1794824,-2139000,-344176
2015/02/12,0,3147000,-4499001,-1352001
2015/02/13,0,4032000,-5051304,-1019304
2015/02/16,0,0,0,0
2015/02/17,0,0,0,0
2015/02/18,0,0,0,0
2015/02/19,0,0,0,0
2015/02/20,0,0,0,0
2015/02/23,0,0,0,0
2015/02/24,0,6102000,-7523322,-1421322
2015/02/25,0,2691000,-6636000,-3945000
2015/02/26,0,5215000,-6417871,-1202871
2015/02/27,0,0,0,0
2015/03/02,0,1908000,-7552885,-5644885
2015/03/03,0,1315927,-4858000,-3542073
2015/03/04,0,1681393,-4897562,-3216169
2015/03/05,0,1612000,-19867000,-18255000
2015/03/06,0,3250000,-10726800,-7476800
2015/03/09,0,2075000,-6296000,-4221000
2015/03/10,0,2038384,-8237266,-6198882
2015/03/11,0,5145000,-21001000,-15856000
2015/03/12,0,6897997,-9634850,-2736853
2015/03/13,0,4746224,-16202574,-11456350
2015/03/16,0,3773000,-11919582,-8146582
2015/03/17,0,2878000,-6163000,-3285000
2015/03/18,0,4761000,-12135837,-7374837
2015/03/19,0,4075290,-15476163,-11400873
2015/03/20,0,4748000,-20113795,-15365795
2015/03/23,0,2325001,-6385000,-4059999
2015/03/24,0,2329000,-4804403,-2475403
2015/03/25,0,2136205,-9123618,-6987413
2015/03/26,0,2698000,-7384562,-4686562
2015/03/27,0,3583000,-6943500,-3360500
2015/03/30,0,1707644,-7619234,-5911590
2015/03/31,0,4870000,-13340024,-8470024
2015/04/01,0,2908440,-5882000,-2973560
2015/04/02,0,2296000,-7997830,-5701830
2015/04/03,0,0,0,0
2015/04/06,0,0,0,0
2015/04/07,0,1227000,-1759000,-532000
2015/04/08,0,2949000,-8952872,-6003872
2015/04/09,0,2274000,-4048000,-1774000
2015/04/10,0,5123000,-6556435,-1433435
2015/04/13,0,1793000,-6332515,-4539515
2015/04/14,0,5365000,-5804074,-439074
2015/04/15,0,3823000,-9805070,-5982070
2015/04/16,0,5926000,-8146000,-2220000
2015/04/17,0,2515927,-6574721,-4058794
2015/04/20,0,2895000,-6727000,-3832000
2015/04/21,0,2582000,-4861795,-2279795
2015/04/22,0,5518000,-4083461,1434539
2015/04/23,0,5165000,-4103602,1061398
2015/04/24,0,11794000,-4560214,7233786
2015/04/27,0,5819324,-5697000,122324
2015/04/28,0,2966000,-6027000,-3061000
2015/04/29,0,3162000,-8879000,-5717000
2015/04/30,0,5194356,-14005100,-8810744
2015/05/01,0,0,0,0
2015/05/04,0,4125000,-11851000,-7726000
2015/05/05,0,2557609,-11527002,-8969393
2015/05/06,0,2756887,-13525928,-10769041
2015/05/07,0,4604000,-7341345,-2737345
2015/05/08,0,3661000,-6536000,-2875000
2015/05/11,0,1607000,-6478000,-4871000
2015/05/12,0,2002000,-5764000,-3762000
2015/05/13,0,6858000,-3846000,3012000
2015/05/14,0,3444800,-6006478,-2561678
2015/05/15,0,12214000,-2868716,9345284
2015/05/18,0,4975000,-9564500,-4589500
2015/05/19,0,3972200,-4746110,-773910
2015/05/20,0,1145000,-6236621,-5091621
2015/05/21,0,1456000,-3855707,-2399707
2015/05/22,0,883000,-5843854,-4960854
2015/05/25,0,2962000,-2829000,133000
2015/05/26,0,2761000,-2696000,65000
2015/05/27,0,2169000,-4699654,-2530654
2015/05/28,0,1576000,-4825811,-3249811
2015/05/29,0,3784403,-6779660,-2995257
2015/06/01,0,237000,-4607884,-4370884
2015/06/02,0,201100,-4290000,-4088900
2015/06/03,0,413000,-3066000,-2653000
2015/06/04,0,1239000,-10029190,-8790190
2015/06/05,0,1003515,-6043000,-5039485
2015/06/08,0,1749000,-4841000,-3092000
2015/06/09,0,674000,-6905032,-6231032
2015/06/10,0,1183243,-5071000,-3887757
2015/06/11,0,1102000,-8886000,-7784000
2015/06/12,0,1164000,-8934000,-7770000
2015/06/15,0,1100000,-4351504,-3251504
2015/06/16,0,1607000,-6825777,-5218777
2015/06/17,0,3409000,-6266951,-2857951
2015/06/18,0,2676157,-5518358,-2842201
2015/06/19,0,0,0,0
2015/06/22,0,2261547,-4527214,-2265667
2015/06/23,0,1155000,-4957000,-3802000
2015/06/24,0,613255,-1244940,-631685
2015/06/25,0,3020927,-8244591,-5223664
2015/06/26,0,810215,-2306000,-1495785
2015/06/29,0,1369000,-4407724,-3038724
2015/06/30,0,5498492,-7220410,-1721918
2015/07/01,0,1445000,-6073724,-4628724
2015/07/02,0,4129675,-6059962,-1930287
2015/07/03,0,931000,-7282814,-6351814
2015/07/06,0,1535000,-3449000,-1914000
2015/07/07,0,1453000,-5670000,-4217000
2015/07/08,0,901000,-8105313,-7204313
2015/07/09,0,2453000,-6876000,-4423000
2015/07/10,0,0,0,0
2015/07/13,0,2711843,-6889704,-4177861
2015/07/14,0,3081000,-4353424,-1272424
2015/07/15,0,2388000,-3586778,-1198778
2015/07/16,0,2218000,-5892000,-3674000
2015/07/17,0,1423000,-3496000,-2073000
2015/07/20,0,2932147,-2727000,205147
2015/07/21,0,1049000,-3270000,-2221000
2015/07/22,0,755000,-3246850,-2491850
2015/07/23,0,1001248,-2350000,-1348752
2015/07/24,0,166000,-2840153,-2674153
2015/07/27,0,2873000,-2799000,74000
2015/07/28,0,3832666,-4801088,-968422
2015/07/29,0,2221000,-4751992,-2530992
2015/07/30,0,3283000,-1574605,1708395
2015/07/31,0,3303899,-3379905,-76006
2015/08/03,0,1307643,-3092000,-1784357
2015/08/04,0,5668000,-4944869,723131
2015/08/05,0,1707000,-7980450,-6273450
2015/08/06,0,1446360,-7023830,-5577470
2015/08/07,0,4542988,-6489509,-1946521
2015/08/10,0,6071000,-6211240,-140240
2015/08/11,0,5765283,-8832000,-3066717
2015/08/12,0,3827640,-5754000,-1926360
2015/08/13,0,4435879,-9842130,-5406251
2015/08/14,0,6515350,-11371000,-4855650
2015/08/17,0,5470000,-6697737,-1227737
2015/08/18,0,1944000,-4690291,-2746291
2015/08/19,0,3176351,-6115000,-2938649
2015/08/20,0,3727984,-7202000,-3474016
2015/08/21,0,5133633,-5670775,-537142
2015/08/24,0,7259985,-4094000,3165985
2015/08/25,0,7572000,-4753584,2818416
2015/08/26,0,4021737,-8179876,-4158139
2015/08/27,0,5353000,-3941000,1412000
2015/08/28,0,8891449,-6581904,2309545
2015/08/31,0,6586368,-5717797,868571
2015/09/01,0,5587871,-10996335,-5408464
2015/09/02,0,4123000,-6028137,-1905137
2015/09/03,0,3419227,-4192992,-773765
2015/09/04,0,3281386,-12069640,-8788254
2015/09/07,0,3810000,-19055381,-15245381
2015/09/08,0,3898577,-16126945,-12228368
2015/09/09,0,8093139,-7985807,107332
2015/09/10,0,14947555,-2010224,12937331
2015/09/11,0,1639945,-4126000,-2486055
2015/09/14,0,11357913,-10120186,1237727
2015/09/15,0,4245000,-1901848,2343152
2015/09/16,0,5548000,-5078683,469317
2015/09/17,0,6240378,-3754546,2485832
2015/09/18,0,5009347,-7732936,-2723589
2015/09/21,0,1357000,-4755176,-3398176
2015/09/22,0,4844000,-1722362,3121638
2015/09/23,0,2393489,-7511397,-5117908
2015/09/24,0,3824000,-9679393,-5855393
2015/09/25,0,4368000,-3170745,1197255
2015/09/28,0,0,0,0
2015/09/29,0,0,0,0
2015/09/30,0,7284818,-8790981,-1506163
2015/10/01,0,7815002,-5375186,2439816
2015/10/02,0,1978000,-3567117,-1589117
2015/10/05,0,1626600,-3368864,-1742264
2015/10/06,0,5292730,-3777558,1515172
2015/10/07,0,5334866,-5829254,-494388
2015/10/08,0,4096300,-2778890,1317410
2015/10/09,0,0,0,0
2015/10/12,0,5647000,-5795881,-148881
2015/10/13,0,3262607,-3327044,-64437
2015/10/14,0,2156865,-3227000,-1070135
2015/10/15,0,4121928,-4409442,-287514
2015/10/16,0,4083000,-4937094,-854094
2015/10/19,0,1775279,-2271814,-496535
2015/10/20,0,3044785,-2572024,472761
2015/10/21,0,2558000,-1375000,1183000
2015/10/22,0,2357000,-3234000,-877000
2015/10/23,0,3019001,-2766609,252392
2015/10/26,0,3341002,-1614000,1727002
2015/10/27,0,3800000,-2273039,1526961
2015/10/28,0,1787000,-3343626,-1556626
2015/10/29,0,1818000,-4053584,-2235584
2015/10/30,0,2359000,-13611917,-11252917
2015/11/02,0,3697000,-6162000,-2465000
2015/11/03,0,2358000,-2969183,-611183
2015/11/04,0,5243000,-3031447,2211553
2015/11/05,0,3271000,-2650000,621000
2015/11/06,0,1986000,-8176000,-6190000
2015/11/09,0,1371000,-3580000,-2209000
2015/11/10,0,377675,-6488774,-6111099
2015/11/11,0,2620000,-5487000,-2867000
2015/11/12,0,999098,-4660000,-3660902
2015/11/13,0,628000,-2979413,-2351413
2015/11/16,0,3059398,-2821000,238398
2015/11/17,0,2766349,-2948263,-181914
2015/11/18,0,4438000,-3777000,661000
2015/11/19,0,4055000,-2256000,1799000
2015/11/20,0,3939000,-2143000,1796000
2015/11/23,0,5675390,-1431000,4244390
2015/11/24,0,6648011,-2744596,3903415
2015/11/25,0,3384398,-3614321,-229923
2015/11/26,0,9060000,-896000,8164000
2015/11/27,0,5615634,-2344000,3271634
2015/11/30,0,11474007,-8719638,2754369
2015/12/01,0,7653000,-10833853,-3180853
2015/12/02,0,6754000,-5409000,1345000
2015/12/03,0,4432787,-2628000,1804787
2015/12/04,0,4409435,-3891358,518077
2015/12/07,0,3572000,-360229,3211771
2015/12/08,0,17110000,-5317944,11792056
2015/12/09,0,13825000,-5609000,8216000
2015/12/10,0,12810000,-5249125,7560875
2015/12/11,0,11568784,-7484080,4084704
2015/12/14,0,7009000,-1935141,5073859
2015/12/15,0,6311754,-4735001,1576753
2015/12/16,0,11265869,-12790363,-1524494
2015/12/17,0,14346603,-4651525,9695078
2015/12/18,0,11343395,-5650092,5693303
2015/12/21,0,2508738,-5156000,-2647262
2015/12/22,0,4427908,-7779000,-3351092
2015/12/23,0,5976019,-1506245,4469774
2015/12/24,0,4196000,-1733000,2463000
2015/12/25,0,3806000,-537000,3269000
2015/12/28,0,3682073,-3007000,675073
2015/12/29,0,2313000,-3297979,-984979
2015/12/30,0,1915003,-5156906,-3241903
2015/12/31,0,5326000,-2081001,3244999
2016/01/01,0,0,0,0
2016/01/04,0,2817320,-3775000,-957680
2016/01/05,0,6076463,-2675354,3401109
2016/01/06,0,5709716,-4772000,937716
2016/01/07,0,11786502,-4036900,7749602
2016/01/08,0,6061383,-8940067,-2878684
2016/01/11,0,2483860,-7111962,-4628102
2016/01/12,0,5587198,-4794666,792532
2016/01/13,0,9159655,-9790934,-631279
2016/01/14,0,10635000,-9488717,1146283
2016/01/15,0,3700000,-5800878,-2100878
2016/01/18,0,4652823,-6837761,-2184938
2016/01/19,0,2486000,-1562551,923449
2016/01/20,0,14962657,-8727000,6235657
2016/01/21,0,7488279,-11612000,-4123721
2016/01/22,0,5004000,-2748000,2256000
2016/01/25,0,3722000,-5880474,-2158474
2016/01/26,0,8057735,-2747000,5310735
2016/01/27,0,2942000,-2777232,164768
2016/01/28,0,4931000,-2565234,2365766
2016/01/29,0,11058000,-4639000,6419000
2016/02/01,0,8974734,-3476000,5498734
2016/02/02,0,6743058,-5378516,1364542
2016/02/03,0,5307000,-2748333,2558667
2016/02/04,0,0,0,0
2016/02/05,0,0,0,0
2016/02/08,0,0,0,0
2016/02/09,0,0,0,0
2016/02/10,0,0,0,0
2016/02/11,0,0,0,0
2016/02/12,0,0,0,0
2016/02/15,0,5350000,-3382692,1967308
2016/02/16,0,4935000,-3752110,1182890
2016/02/17,0,15892000,-5017000,10875000
2016/02/18,0,10674836,-6283260,4391576
2016/02/19,0,5770702,-3175687,2595015
2016/02/22,0,4906000,-3771000,1135000
2016/02/23,0,4444028,-3189200,1254828
2016/02/24,0,12791000,-2437214,10353786
2016/02/25,0,6293959,-1109159,5184800
2016/02/26,0,6071785,-2136587,3935198
2016/02/29,0,0,0,0
2016/03/01,0,5074644,-2425196,2649448
2016/03/02,0,8752117,-1947000,6805117
2016/03/03,0,6382049,-646000,5736049
2016/03/04,0,6029091,-4159000,1870091
2016/03/07,0,19458000,-1646000,17812000
2016/03/08,0,6484912,-4585492,1899420
2016/03/09,0,6339833,-2066221,4273612
2016/03/10,0,8522183,-3074205,5447978
2016/03/11,0,7395848,-2177084,5218764
2016/03/14,0,8861000,-1482000,7379000
2016/03/15,0,10885000,-5822577,5062423
2016/03/16,0,8384000,-6366000,2018000
2016/03/17,0,11672872,-6549000,5123872
2016/03/18,0,25346000,-7325973,18020027
2016/03/21,0,18259000,-9497782,8761218
2016/03/22,0,6025441,-8439094,-2413653
2016/03/23,0,16538000,-11601000,4937000
2016/03/24,0,5501000,-9843000,-4342000
2016/03/25,0,6109000,-7564000,-1455000
2016/03/28,0,4726000,-21921000,-17195000
2016/03/29,0,9899000,-13558000,-3659000
2016/03/30,0,15529000,-8329000,7200000
2016/03/31,0,10940000,-20249175,-9309175
2016/04/01,0,3708185,-8303049,-4594864
2016/04/04,0,0,0,0
2016/04/05,0,0,0,0
2016/04/06,0,5055034,-8772531,-3717497
2016/04/07,0,4261000,-6009000,-1748000
2016/04/08,0,3684000,-7113300,-3429300
2016/04/11,0,4504000,-6569440,-2065440
2016/04/12,0,4936358,-9732000,-4795642
2016/04/13,0,6013000,-6389000,-376000
2016/04/14,0,1945000,-7020799,-5075799
2016/04/15,0,11138905,-9897000,1241905
2016/04/18,0,1660000,-2090296,-430296
2016/04/19,0,3837539,-3775000,62539
2016/04/20,0,2690816,-6836700,-4145884
2016/04/21,0,870000,-2398000,-1528000
2016/04/22,0,1436435,-1485000,-48565
2016/04/25,0,3266052,-834000,2432052
2016/04/26,0,3026678,-2084000,942678
2016/04/27,0,1501000,-5218226,-3717226
2016/04/28,0,13512184,-4322911,9189273
2016/04/29,0,5525000,-4710363,814637
2016/05/02,0,0,0,0
2016/05/03,0,3217000,-4662000,-1445000
2016/05/04,0,3519000,-6086084,-2567084
2016/05/05,0,3085000,-4918097,-1833097
2016/05/06,0,3603870,-6317509,-2713639
2016/05/09,0,6036800,-3720000,2316800
2016/05/10,0,5871435,-3739000,2132435
2016/05/11,0,1731164,-8707000,-6975836
2016/05/12,0,2538989,-3615000,-1076011
2016/05/13,0,4182513,-7051800,-2869287
2016/05/16,0,6915000,-4748000,2167000
2016/05/17,0,8791026,-4179758,4611268
2016/05/18,0,6366705,-7248000,-881295
2016/05/19,0,6443000,-5777000,666000
2016/05/20,0,14805537,-3376751,11428786
2016/05/23,0,18883728,-2030000,16853728
2016/05/24,0,9863159,-4856000,5007159
2016/05/25,0,10531435,-4266000,6265435
2016/05/26,0,13310268,-2154000,11156268
2016/05/27,0,6389436,-2521401,3868035
2016/05/30,0,8096000,-566000,7530000
2016/05/31,0,13639809,-6613619,7026190
2016/06/01,0,6358761,-1827308,4531453
2016/06/02,0,6437696,-5029000,1408696
2016/06/03,0,9237000,-326326,8910674
2016/06/06,0,5737230,-3125074,2612156
2016/06/07,0,8932000,-2918000,6014000
2016/06/08,0,9679000,-3898000,5781000
2016/06/09,0,0,0,0
2016/06/10,0,0,0,0
2016/06/13,0,9077000,-5201000,3876000
2016/06/14,0,9751158,-2780000,6971158
2016/06/15,0,5149000,-5897000,-748000
2016/06/16,0,6153000,-4845000,1308000
2016/06/17,0,5415000,-3421823,1993177
2016/06/20,0,7143000,-6710115,432885
2016/06/21,0,7909022,-891580,7017442
2016/06/22,0,6564892,-1657000,4907892
2016/06/23,0,4798610,-3969000,829610
2016/06/24,0,6926000,-5386212,1539788
2016/06/27,0,4205959,-2755552,1450407
2016/06/28,0,5157000,-6685000,-1528000
2016/06/29,0,6281000,-852134,5428866
2016/06/30,0,7407000,-2338041,5068959
2016/07/01,0,11851000,-8122261,3728739
2016/07/04,0,7286000,-1066455,6219545
2016/07/05,0,8979000,-8283000,696000
2016/07/06,0,9658000,-3573000,6085000
2016/07/07,0,14125351,-3398661,10726690
2016/07/08,0,0,0,0
2016/07/11,0,11561816,-1605524,9956292
2016/07/12,0,7691416,-5221829,2469587
2016/07/13,0,21507967,-3999276,17508691
2016/07/14,0,19584696,-6177000,13407696
2016/07/15,0,9955970,-9698200,257770
2016/07/18,0,17690000,-13007000,4683000
2016/07/19,0,16281476,-3485000,12796476
2016/07/20,0,9236661,-5310242,3926419
2016/07/21,0,5863000,-2394518,3468482
2016/07/22,0,11493870,-6829000,4664870
2016/07/25,0,6646000,-5568600,1077400
2016/07/26,0,8592000,-4989000,3603000
2016/07/27,0,10753374,-6519000,4234374
2016/07/28,0,8222687,-4098000,4124687
2016/07/29,0,11473038,-4658000,6815038
2016/08/01,0,8807973,-16939000,-8131027
2016/08/02,0,12026126,-10281118,1745008
2016/08/03,0,12862131,-14580000,-1717869
2016/08/04,0,7494066,-6951265,542801
2016/08/05,0,5825000,-12269000,-6444000
2016/08/08,0,6228987,-8514000,-2285013
2016/08/09,0,18953548,-5715000,13238548
2016/08/10,0,9585828,-9003000,582828
2016/08/11,0,10154480,-6683000,3471480
2016/08/12,0,9273217,-3063000,6210217
2016/08/15,0,5021148,-14568066,-9546918
2016/08/16,0,17391130,-10896000,6495130
2016/08/17,0,17859595,-8955000,8904595
2016/08/18,0,5641948,-4499000,1142948
2016/08/19,0,3153309,-2250266,903043
2016/08/22,0,4414600,-4709000,-294400
2016/08/23,0,4822674,-3132000,1690674
2016/08/24,0,4076348,-4471000,-394652
2016/08/25,0,3780600,-2630000,1150600
2016/08/26,0,3380480,-1549000,1831480
2016/08/29,0,3447600,-2586000,861600
2016/08/30,0,3525138,-2443781,1081357
2016/08/31,0,14284130,-8011306,6272824
2016/09/01,0,4908905,-9171293,-4262388
2016/09/02,0,3635052,-2445137,1189915
2016/09/05,0,3696000,-993046,2702954
2016/09/06,0,11913532,-1815542,10097990
2016/09/07,0,4958402,-4434514,523888
2016/09/08,0,6328597,-8248014,-1919417
2016/09/09,0,7243346,-10868538,-3625192
2016/09/12,0,4242415,-13025081,-8782666
2016/09/13,0,9946389,-14153501,-4207112
2016/09/14,0,7950536,-7913715,36821
2016/09/15,0,0,0,0
2016/09/16,0,0,0,0
2016/09/19,0,11298843,-6605762,4693081
2016/09/20,0,6023529,-4692507,1331022
2016/09/21,0,4884813,-2673000,2211813
2016/09/22,0,3557491,-1491340,2066151
2016/09/23,0,10441525,-5944192,4497333
2016/09/26,0,2420687,-3880944,-1460257
2016/09/27,0,0,0,0
2016/09/28,0,0,0,0
2016/09/29,0,13936879,-8139130,5797749
2016/09/30,0,7738717,-11267444,-3528727
2016/10/03,0,3312634,-5216482,-1903848
2016/10/04,0,8564021,-7615280,948741
2016/10/05,0,11896000,-11817877,78123
2016/10/06,0,5721700,-2549000,3172700
2016/10/07,0,5995842,-1518384,4477458
2016/10/10,0,0,0,0
2016/10/11,0,8939142,-5244417,3694725
2016/10/12,0,4082965,-3807993,274972
2016/10/13,0,6789000,-5243000,1546000
2016/10/14,0,5273000,-2485000,2788000
2016/10/17,0,2306000,-3241124,-935124
2016/10/18,0,2495777,-2529863,-34086
2016/10/19,0,2982591,-1694807,1287784
2016/10/20,0,2081378,-1122993,958385
2016/10/21,0,4190000,-5134806,-944806
2016/10/24,0,2328400,-946524,1381876
2016/10/25,0,1614509,-760000,854509
2016/10/26,0,2359000,-3348395,-989395
2016/10/27,0,3833236,-4627000,-793764
2016/10/28,0,5826000,-3179816,2646184
2016/10/31,0,7039250,-2459002,4580248
2016/11/01,0,4903084,-2082000,2821084
2016/11/02,0,1383062,-3421444,-2038382
2016/11/03,0,3415000,-5333515,-1918515
2016/11/04,0,2738000,-4340000,-1602000
2016/11/07,0,3242000,-2635081,606919
2016/11/08,0,5564369,-3966000,1598369
2016/11/09,0,6018000,-5536000,482000
2016/11/10,0,10255000,-2218000,8037000
2016/11/11,0,4095593,-11241478,-7145885
2016/11/14,0,3900187,-10348549,-6448362
2016/11/15,0,14917052,-8990088,5926964
2016/11/16,0,7110000,-6414739,695261
2016/11/17,0,4565201,-4392922,172279
2016/11/18,0,5616000,-4262000,1354000
2016/11/21,0,4853000,-3734992,1118008
2016/11/22,0,5147000,-4065097,1081903
2016/11/23,0,4525000,-3871029,653971
2016/11/24,0,1587754,-2468005,-880251
2016/11/25,0,1020000,-2286039,-1266039
2016/11/28,0,2601000,-3029000,-428000
2016/11/29,0,4799269,-5998435,-1199166
2016/11/30,0,9294000,-9140037,153963
2016/12/01,0,6269382,-3900706,2368676
2016/12/02,0,5414000,-7294035,-1880035
2016/12/05,0,7500208,-8115641,-615433
2016/12/06,0,6534221,-4517258,2016963
2016/12/07,0,3290471,-2229000,1061471
2016/12/08,0,3205000,-4853000,-1648000
2016/12/09,0,11555728,-5680302,5875426
2016/12/12,0,2807000,-1595730,1211270
2016/12/13,0,2603249,-2306909,296340
2016/12/14,0,3255630,-1556517,1699113
2016/12/15,0,3639000,-1843361,1795639
2016/12/16,0,3910284,-3784426,125858
2016/12/19,0,3842980,-1718000,2124980
2016/12/20,0,3464820,-3285735,179085
2016/12/21,0,4361000,-3905961,455039
2016/12/22,0,4649748,-4669175,-19427
2016/12/23,0,3758000,-2336000,1422000
2016/12/26,0,451000,-1072000,-621000
2016/12/27,0,563196,-391000,172196
2016/12/28,0,4110000,-661649,3448351
2016/12/29,0,15573166,-3346555,12226611
2016/12/30,0,8150000,-3821537,4328463
2017/01/02,0,0,0,0
2017/01/03,0,6750830,-1652000,5098830
2017/01/04,0,1464000,-2709000,-1245000
2017/01/05,0,3874385,-2357516,1516869
2017/01/06,0,9682000,-1505000,8177000
2017/01/09,0,4947618,-2140315,2807303
2017/01/10,0,4677000,-2989153,1687847
2017/01/11,0,29829649,-1120112,28709537
2017/01/12,0,6059000,-3230781,2828219
2017/01/13,0,11338916,-5951000,5387916
2017/01/16,0,3191000,-1832363,1358637
2017/01/17,0,9001838,-2190000,6811838
2017/01/18,0,5255000,-3762088,1492912
2017/01/19,0,5189224,-3132901,2056323
2017/01/20,0,7729930,-2781080,4948850
2017/01/23,0,5333000,-1119128,4213872
2017/01/24,0,9609986,-3467000,6142986
2017/01/25,0,0,0,0
2017/01/26,0,0,0,0
2017/01/27,0,0,0,0
2017/01/30,0,0,0,0
2017/01/31,0,0,0,0
2017/02/01,0,0,0,0
2017/02/02,0,13241188,-10197562,3043626
2017/02/03,0,13304000,-12141015,1162985
2017/02/06,0,3148201,-7119777,-3971576
2017/02/07,0,12967342,-11279206,1688136
2017/02/08,0,11009660,-12278544,-1268884
2017/02/09,0,3106937,-2448000,658937
2017/02/10,0,6670276,-6596251,74025
2017/02/13,0,3890830,-3792572,98258
2017/02/14,0,9345378,-11977805,-2632427
2017/02/15,0,5497000,-5602049,-105049
2017/02/16,0,5165378,-5334000,-168622
2017/02/17,0,4723000,-3660000,1063000
2017/02/20,0,2339154,-2387000,-47846
2017/02/21,0,2210000,-3914000,-1704000
2017/02/22,0,7609738,-4579109,3030629
2017/02/23,0,3137000,-3422000,-285000
2017/02/24,0,5805000,-6791781,-986781
2017/02/27,0,0,0,0
2017/02/28,0,0,0,0
2017/03/01,0,4411625,-5477475,-1065850
2017/03/02,0,4799847,-4790678,9169
2017/03/03,0,5970000,-6668204,-698204
2017/03/06,0,3984924,-5887840,-1902916
2017/03/07,0,1913590,-1989992,-76402
2017/03/08,0,7237000,-4261890,2975110
2017/03/09,0,4951714,-5363258,-411544
2017/03/10,0,13418354,-6523948,6894406
2017/03/13,0,6237902,-5698223,539679
2017/03/14,0,6999697,-6241623,758074
2017/03/15,0,4769448,-7179135,-2409687
2017/03/16,0,6844351,-7659712,-815361
2017/03/17,0,4943364,-4270360,673004
2017/03/20,0,8066000,-7273631,792369
2017/03/21,0,22104653,-4243960,17860693
2017/03/22,0,11423967,-3265711,8158256
2017/03/23,0,6370000,-3318060,3051940
2017/03/24,0,2986921,-1559323,1427598
2017/03/27,0,5069646,-1970257,3099389
2017/03/28,0,4213000,-1887259,2325741
2017/03/29,0,2913340,-3518000,-604660
2017/03/30,0,8611000,-3565449,5045551
2017/03/31,0,7217148,-4423214,2793934
2017/04/03,0,0,0,0
2017/04/04,0,0,0,0
2017/04/05,0,17222042,-2902135,14319907
2017/04/06,0,12973000,-4800811,8172189
2017/04/07,0,9495163,-3919529,5575634
2017/04/10,0,2959000,-2614182,344818
2017/04/11,0,7153810,-2154600,4999210
2017/04/12,0,4167000,-3033464,1133536
2017/04/13,0,3608000,-9328000,-5720000
2017/04/14,0,2150000,-556000,1594000
2017/04/17,0,2186000,-438000,1748000
2017/04/18,0,8669000,-11505575,-2836575
2017/04/19,0,12620053,-8122417,4497636
2017/04/20,0,6582045,-5209206,1372839
2017/04/21,0,6232295,-3359701,2872594
2017/04/24,0,8656872,-6237000,2419872
2017/04/25,0,9558625,-3631000,5927625
2017/04/26,0,5352700,-5035000,317700
2017/04/27,0,3476204,-2720917,755287
2017/04/28,0,9574030,-3844000,5730030
2017/05/01,0,0,0,0
2017/05/02,0,9746863,-2821719,6925144
2017/05/03,0,3872911,-1372002,2500909
2017/05/04,0,4127955,-3582700,545255
2017/05/05,0,4579810,-3140000,1439810
2017/05/08,0,7089352,-15194722,-8105370
2017/05/09,0,10550662,-15591763,-5041101
2017/05/10,0,4664879,-2329000,2335879
2017/05/11,0,5471384,-4154000,1317384
2017/05/12,0,5483442,-3798000,1685442
2017/05/15,0,5693235,-4645000,1048235
2017/05/16,0,7633584,-7434000,199584
2017/05/17,0,3313000,-5398050,-2085050
2017/05/18,0,3330905,-3694000,-363095
2017/05/19,0,2818000,-2715497,102503
2017/05/22,0,4190111,-4938515,-748404
2017/05/23,0,2840100,-10644000,-7803900
2017/05/24,0,7606205,-2909733,4696472
2017/05/25,0,3702000,-1869223,1832777
2017/05/26,0,0,0,0
2017/05/29,0,0,0,0
2017/05/30,0,0,0,0
2017/05/31,0,5203643,-3769862,1433781
2017/06/01,0,6674000,-4380254,2293746
2017/06/02,0,6488385,-3040938,3447447
2017/06/05,0,4797160,-1880000,2917160
2017/06/06,0,2793000,-1052000,1741000
2017/06/07,0,3978180,-2263672,1714508
2017/06/08,0,3126000,-912640,2213360
2017/06/09,0,8328000,-2741000,5587000
2017/06/12,0,9213646,-3381000,5832646
2017/06/13,0,3605000,-3910000,-305000
2017/06/14,0,4780000,-5286435,-506435
2017/06/15,0,10287000,-3594000,6693000
2017/06/16,0,11186039,-6297582,4888457
2017/06/19,0,8996830,-8416000,580830
2017/06/20,0,5094000,-1349000,3745000
2017/06/21,0,5596544,-3751870,1844674
2017/06/22,0,3379062,-2056000,1323062
2017/06/23,0,10705814,-3967606,6738208
2017/06/26,0,6299860,-1658500,4641360
2017/06/27,0,3948242,-4345000,-396758
2017/06/28,0,4789000,-6042832,-1253832
2017/06/29,0,6241000,-7015376,-774376
2017/06/30,0,5589000,-2639000,2950000
2017/07/03,0,3400000,-2377756,1022244
2017/07/04,0,1378000,-5608132,-4230132
2017/07/05,0,3706000,-1687404,2018596
2017/07/06,0,3246000,-2775000,471000
2017/07/07,0,1936850,-5669505,-3732655
2017/07/10,0,1660897,-2730192,-1069295
2017/07/11,0,5019692,-1364000,3655692
2017/07/12,0,5119000,-4315525,803475
2017/07/13,0,5519993,-8145083,-2625090
2017/07/14,0,1650000,-4178395,-2528395
2017/07/17,0,4298071,-2261052,2037019
2017/07/18,0,1867257,-3145131,-1277874
2017/07/19,0,2318396,-3561092,-1242696
2017/07/20,0,2279049,-4838054,-2559005
2017/07/21,0,2805687,-2288512,517175
2017/07/24,0,5200451,-4985285,215166
2017/07/25,0,2883000,-2041016,841984
2017/07/26,0,443000,-2877599,-2434599
2017/07/27,0,5053000,-1268708,3784292
2017/07/28,0,1280000,-2310491,-1030491
2017/07/31,0,2679000,-3964183,-1285183
2017/08/01,0,3727000,-6637778,-2910778
2017/08/02,0,1822355,-6279290,-4456935
2017/08/03,0,2324740,-2902046,-577306
2017/08/04,0,4507234,-3039754,1467480
2017/08/07,0,1877618,-4141504,-2263886
2017/08/08,0,3075000,-8463991,-5388991
2017/08/09,0,5407198,-1972159,3435039
2017/08/10,0,4763833,-3244466,1519367
2017/08/11,0,13912108,-20779092,-6866984
2017/08/14,0,4821000,-6579839,-1758839
2017/08/15,0,6705480,-7628000,-922520
2017/08/16,0,3668295,-6060000,-2391705
2017/08/17,0,5960000,-8373000,-2413000
2017/08/18,0,4054154,-11440743,-7386589
