Date,Open,Buy,Sell,Total
2007/01/02,0,0,-174000,-174000
2007/01/03,0,0,-916,-916
2007/01/04,0,0,-400000,-400000
2007/01/05,0,0,-231697,-231697
2007/01/08,0,0,0,0
2007/01/09,0,0,-85000,-85000
2007/01/10,0,150000,0,150000
2007/01/11,0,3000,0,3000
2007/01/12,0,6000,0,6000
2007/01/15,0,0,-400000,-400000
2007/01/16,0,2000,-59000,-57000
2007/01/17,0,49000,-93000,-44000
2007/01/18,0,650000,-31000,619000
2007/01/19,0,60000,-115000,-55000
2007/01/22,0,12000,-2000,10000
2007/01/23,0,0,-61000,-61000
2007/01/24,0,8000,0,8000
2007/01/25,0,8000,0,8000
2007/01/26,0,0,-1000,-1000
2007/01/29,0,0,-1000,-1000
2007/01/30,0,28000,-577000,-549000
2007/01/31,0,0,-800000,-800000
2007/02/01,0,430000,0,430000
2007/02/02,0,2000,0,2000
2007/02/05,0,17000,-1000,16000
2007/02/06,0,543000,0,543000
2007/02/07,0,0,-652000,-652000
2007/02/08,0,1000,-100000,-99000
2007/02/09,0,0,-1000,-1000
2007/02/12,0,0,-300000,-300000
2007/02/13,0,100000,0,100000
2007/02/14,0,37000,0,37000
2007/02/15,0,0,0,0
2007/02/16,0,0,0,0
2007/02/19,0,0,0,0
2007/02/20,0,0,0,0
2007/02/21,0,0,0,0
2007/02/22,0,0,0,0
2007/02/23,0,0,0,0
2007/02/26,0,0,0,0
2007/02/27,0,0,-980000,-980000
2007/02/28,0,0,0,0
2007/03/01,0,0,0,0
2007/03/02,0,100000,-100000,0
2007/03/05,0,0,-4000,-4000
2007/03/06,0,0,-400000,-400000
2007/03/07,0,0,-519000,-519000
2007/03/08,0,0,0,0
2007/03/09,0,0,0,0
2007/03/12,0,185000,-1000,184000
2007/03/13,0,0,-2000,-2000
2007/03/14,0,0,0,0
2007/03/15,0,200000,0,200000
2007/03/16,0,0,-209000,-209000
2007/03/19,0,1000,0,1000
2007/03/20,0,0,-8000,-8000
2007/03/21,0,0,-200000,-200000
2007/03/22,0,0,0,0
2007/03/23,0,0,0,0
2007/03/26,0,0,0,0
2007/03/27,0,0,-242000,-242000
2007/03/28,0,120000,0,120000
2007/03/29,0,2030000,-20000,2010000
2007/03/30,0,0,-51000,-51000
2007/04/02,0,21000,0,21000
2007/04/03,0,0,-200000,-200000
2007/04/04,0,0,0,0
2007/04/05,0,0,0,0
2007/04/06,0,0,0,0
2007/04/09,0,0,-100000,-100000
2007/04/10,0,0,-2000,-2000
2007/04/11,0,0,-302000,-302000
2007/04/12,0,0,-4000,-4000
2007/04/13,0,0,-1000,-1000
2007/04/16,0,1000000,0,1000000
2007/04/17,0,125000,-35000,90000
2007/04/18,0,280000,-23000,257000
2007/04/19,0,0,0,0
2007/04/20,0,76000,-14000,62000
2007/04/23,0,253000,0,253000
2007/04/24,0,7000,0,7000
2007/04/25,0,1090000,0,1090000
2007/04/26,0,10000,0,10000
2007/04/27,0,0,0,0
2007/04/30,0,20000,0,20000
2007/05/01,0,0,0,0
2007/05/02,0,0,0,0
2007/05/03,0,200000,0,200000
2007/05/04,0,60000,0,60000
2007/05/07,0,0,0,0
2007/05/08,0,0,-1000,-1000
2007/05/09,0,0,0,0
2007/05/10,0,0,-104000,-104000
2007/05/11,0,0,-853000,-853000
2007/05/14,0,613000,-989000,-376000
2007/05/15,0,290000,0,290000
2007/05/16,0,0,-1000,-1000
2007/05/17,0,0,-2000,-2000
2007/05/18,0,0,0,0
2007/05/21,0,20000,0,20000
2007/05/22,0,102000,0,102000
2007/05/23,0,15000,0,15000
2007/05/24,0,0,-760000,-760000
2007/05/25,0,1000,0,1000
2007/05/28,0,0,0,0
2007/05/29,0,2000,0,2000
2007/05/30,0,65000,0,65000
2007/05/31,0,150000,-75000,75000
2007/06/01,0,0,0,0
2007/06/04,0,0,-818000,-818000
2007/06/05,0,0,0,0
2007/06/06,0,2000,0,2000
2007/06/07,0,50000,-100000,-50000
2007/06/08,0,50000,-130000,-80000
2007/06/11,0,50000,-151000,-101000
2007/06/12,0,28000,-150000,-122000
2007/06/13,0,0,0,0
2007/06/14,0,0,-2000,-2000
2007/06/15,0,0,-2000,-2000
2007/06/18,0,0,0,0
2007/06/19,0,0,0,0
2007/06/20,0,0,-39000,-39000
2007/06/21,0,0,-3000,-3000
2007/06/22,0,100000,0,100000
2007/06/25,0,158000,-444000,-286000
2007/06/26,0,0,0,0
2007/06/27,0,0,0,0
2007/06/28,0,0,-241000,-241000
2007/06/29,0,671000,0,671000
2007/07/02,0,0,0,0
2007/07/03,0,190000,-95000,95000
2007/07/04,0,1000,-50000,-49000
2007/07/05,0,52000,-194000,-142000
2007/07/06,0,363000,0,363000
2007/07/09,0,111000,-2000,109000
2007/07/10,0,0,0,0
2007/07/11,0,71000,-140000,-69000
2007/07/12,0,62000,-110000,-48000
2007/07/13,0,0,0,0
2007/07/16,0,0,0,0
2007/07/17,0,0,-302000,-302000
2007/07/18,0,3000,-1000,2000
2007/07/19,0,1000,0,1000
2007/07/20,0,2000,0,2000
2007/07/23,0,1000,0,1000
2007/07/24,0,0,-1000,-1000
2007/07/25,0,1000,0,1000
2007/07/26,0,1000,-6000,-5000
2007/07/27,0,2586000,0,2586000
2007/07/30,0,0,0,0
2007/07/31,0,647000,0,647000
2007/08/01,0,15000,0,15000
2007/08/02,0,423000,-1000,422000
2007/08/03,0,743000,-6000,737000
2007/08/06,0,150000,0,150000
2007/08/07,0,51000,0,51000
2007/08/08,0,25000,0,25000
2007/08/09,0,101000,0,101000
2007/08/10,0,104000,-26000,78000
2007/08/13,0,100000,-641000,-541000
2007/08/14,0,452000,-1000,451000
2007/08/15,0,330000,0,330000
2007/08/16,0,54000,-14000,40000
2007/08/17,0,501000,-2000,499000
2007/08/20,0,166000,-5000,161000
2007/08/21,0,795000,0,795000
2007/08/22,0,4000,0,4000
2007/08/23,0,2000,0,2000
2007/08/24,0,2765000,-17000,2748000
2007/08/27,0,6000,0,6000
2007/08/28,0,0,0,0
2007/08/29,0,270000,-39000,231000
2007/08/30,0,816000,-150000,666000
2007/08/31,0,4000,-5000,-1000
2007/09/03,0,1446000,-35000,1411000
2007/09/04,0,1003001,-11000,992001
2007/09/05,0,0,-1000,-1000
2007/09/06,0,100000,-70000,30000
2007/09/07,0,0,-75539,-75539
2007/09/10,0,851000,-1000,850000
2007/09/11,0,0,0,0
2007/09/12,0,3000,-1156000,-1153000
2007/09/13,0,0,-400000,-400000
2007/09/14,0,32000,0,32000
2007/09/17,0,0,-40000,-40000
2007/09/18,0,0,0,0
2007/09/19,0,0,0,0
2007/09/20,0,0,0,0
2007/09/21,0,10000,-738000,-728000
2007/09/24,0,0,0,0
2007/09/25,0,0,0,0
2007/09/26,0,0,-106000,-106000
2007/09/27,0,1801000,0,1801000
2007/09/28,0,0,-135000,-135000
2007/10/01,0,400000,-1516000,-1116000
2007/10/02,0,10000,-28000,-18000
2007/10/03,0,0,-1914000,-1914000
2007/10/04,0,1001000,-3218489,-2217489
2007/10/05,0,0,-635584,-635584
2007/10/08,0,0,-307940,-307940
2007/10/09,0,1000,-750000,-749000
2007/10/10,0,0,0,0
2007/10/11,0,0,-38000,-38000
2007/10/12,0,1300000,0,1300000
2007/10/15,0,1000,-2000,-1000
2007/10/16,0,562000,-48000,514000
2007/10/17,0,50000,0,50000
2007/10/18,0,1268000,-34000,1234000
2007/10/19,0,430000,-144000,286000
2007/10/22,0,0,-50000,-50000
2007/10/23,0,690000,-1875000,-1185000
2007/10/24,0,0,0,0
2007/10/25,0,2000,-1687000,-1685000
2007/10/26,0,1000000,-917970,82030
2007/10/29,0,2000,-200000,-198000
2007/10/30,0,61000,-454000,-393000
2007/10/31,0,150000,-87000,63000
2007/11/01,0,0,-261000,-261000
2007/11/02,0,3041000,0,3041000
2007/11/05,0,4693000,0,4693000
2007/11/06,0,1350000,-1000,1349000
2007/11/07,0,35000,0,35000
2007/11/08,0,321000,0,321000
2007/11/09,0,15000,-60000,-45000
2007/11/12,0,2000,-1000,1000
2007/11/13,0,54000,-1000,53000
2007/11/14,0,1000,-2000,-1000
2007/11/15,0,200000,0,200000
2007/11/16,0,0,0,0
2007/11/19,0,1332000,-1000,1331000
2007/11/20,0,539000,0,539000
2007/11/21,0,17000,0,17000
2007/11/22,0,1000,-1650000,-1649000
2007/11/23,0,4000,-948000,-944000
2007/11/26,0,71000,-75000,-4000
2007/11/27,0,0,-320000,-320000
2007/11/28,0,594000,0,594000
2007/11/29,0,1292000,0,1292000
2007/11/30,0,90000,-50000,40000
2007/12/03,0,2032000,-699000,1333000
2007/12/04,0,3654000,-100555,3553445
2007/12/05,0,305000,-112000,193000
2007/12/06,0,471000,-856,470144
2007/12/07,0,100000,0,100000
2007/12/10,0,1270000,0,1270000
2007/12/11,0,120000,-70000,50000
2007/12/12,0,3237000,-100000,3137000
2007/12/13,0,2738000,-24000,2714000
2007/12/14,0,440000,-408000,32000
2007/12/17,0,584000,-410000,174000
2007/12/18,0,95000,0,95000
2007/12/19,0,1307000,-394000,913000
2007/12/20,0,0,0,0
2007/12/21,0,85000,-3000,82000
2007/12/24,0,277000,-253000,24000
2007/12/25,0,200000,-1000,199000
2007/12/26,0,0,0,0
2007/12/27,0,486000,0,486000
2007/12/28,0,0,-701000,-701000
2007/12/31,0,946000,-350000,596000
2008/01/01,0,0,0,0
2008/01/02,0,2339000,-650000,1689000
2008/01/03,0,561000,0,561000
2008/01/04,0,980000,-663000,317000
2008/01/07,0,0,-5171000,-5171000
2008/01/08,0,1122000,-5973000,-4851000
2008/01/09,0,825000,-989000,-164000
2008/01/10,0,837000,-6000,831000
2008/01/11,0,44000,0,44000
2008/01/14,0,1030000,-901000,129000
2008/01/15,0,101000,-1076000,-975000
2008/01/16,0,180000,-1035000,-855000
2008/01/17,0,331000,0,331000
2008/01/18,0,12000,0,12000
2008/01/21,0,154000,-99000,55000
2008/01/22,0,0,-226000,-226000
2008/01/23,0,201000,0,201000
2008/01/24,0,373000,0,373000
2008/01/25,0,546000,0,546000
2008/01/28,0,1000,-429000,-428000
2008/01/29,0,597000,0,597000
2008/01/30,0,201000,0,201000
2008/01/31,0,608000,0,608000
2008/02/01,0,299000,0,299000
2008/02/04,0,0,0,0
2008/02/05,0,0,0,0
2008/02/06,0,0,0,0
2008/02/07,0,0,0,0
2008/02/08,0,0,0,0
2008/02/11,0,0,0,0
2008/02/12,0,194000,-102000,92000
2008/02/13,0,180000,0,180000
2008/02/14,0,288000,0,288000
2008/02/15,0,101000,0,101000
2008/02/18,0,471000,0,471000
2008/02/19,0,52000,-10000,42000
2008/02/20,0,765000,-349000,416000
2008/02/21,0,400000,0,400000
2008/02/22,0,134000,0,134000
2008/02/25,0,1000,0,1000
2008/02/26,0,50000,-42000,8000
2008/02/27,0,0,-519000,-519000
2008/02/28,0,0,0,0
2008/02/29,0,1000,-198000,-197000
2008/03/03,0,0,-354000,-354000
2008/03/04,0,1000,-2050000,-2049000
2008/03/05,0,1000,-385000,-384000
2008/03/06,0,250000,-2152000,-1902000
2008/03/07,0,0,0,0
2008/03/10,0,2000,-200000,-198000
2008/03/11,0,618000,-100000,518000
2008/03/12,0,1548000,0,1548000
2008/03/13,0,0,0,0
2008/03/14,0,1506000,0,1506000
2008/03/17,0,22000,0,22000
2008/03/18,0,1106000,-7675,1098325
2008/03/19,0,2000,0,2000
2008/03/20,0,1000,0,1000
2008/03/21,0,2000,-3130000,-3128000
2008/03/24,0,1003000,0,1003000
2008/03/25,0,59000,-3000,56000
2008/03/26,0,118000,0,118000
2008/03/27,0,2000,-4000,-2000
2008/03/28,0,2000,0,2000
2008/03/31,0,2000,-151000,-149000
2008/04/01,0,51000,-1200000,-1149000
2008/04/02,0,3566000,-1100000,2466000
2008/04/03,0,7201000,-75000,7126000
2008/04/04,0,0,0,0
2008/04/07,0,1001000,0,1001000
2008/04/08,0,227000,0,227000
2008/04/09,0,406000,-251000,155000
2008/04/10,0,1000,0,1000
2008/04/11,0,0,-4000,-4000
2008/04/14,0,2000,-1000,1000
2008/04/15,0,0,-300000,-300000
2008/04/16,0,1254000,-3000,1251000
2008/04/17,0,280000,-5000,275000
2008/04/18,0,3350000,-9000,3341000
2008/04/21,0,1797000,-180000,1617000
2008/04/22,0,82000,-150000,-68000
2008/04/23,0,1000,0,1000
2008/04/24,0,1403000,0,1403000
2008/04/25,0,31000,0,31000
2008/04/28,0,8000,0,8000
2008/04/29,0,2709000,-191000,2518000
2008/04/30,0,9000,0,9000
2008/05/01,0,0,0,0
2008/05/02,0,5434000,-3701957,1732043
2008/05/05,0,4923000,-3254000,1669000
2008/05/06,0,4689000,-2700000,1989000
2008/05/07,0,2148000,-242000,1906000
2008/05/08,0,2510000,-5742000,-3232000
2008/05/09,0,853000,-1263000,-410000
2008/05/12,0,487000,-972000,-485000
2008/05/13,0,870000,-2770000,-1900000
2008/05/14,0,2755000,-1000000,1755000
2008/05/15,0,2563000,0,2563000
2008/05/16,0,2452000,-85000,2367000
2008/05/19,0,1717000,-70000,1647000
2008/05/20,0,1901000,-182000,1719000
2008/05/21,0,469000,0,469000
2008/05/22,0,294000,0,294000
2008/05/23,0,1100000,-1000,1099000
2008/05/26,0,1490000,0,1490000
2008/05/27,0,2384000,0,2384000
2008/05/28,0,1004000,-368000,636000
2008/05/29,0,972000,-80000,892000
2008/05/30,0,158000,-62000,96000
2008/06/02,0,58000,-409000,-351000
2008/06/03,0,1290000,0,1290000
2008/06/04,0,702000,0,702000
2008/06/05,0,873000,0,873000
2008/06/06,0,3315000,0,3315000
2008/06/09,0,651000,-450000,201000
2008/06/10,0,500000,0,500000
2008/06/11,0,1252000,-85000,1167000
2008/06/12,0,405000,0,405000
2008/06/13,0,1019000,-50000,969000
2008/06/16,0,1660000,-2000,1658000
2008/06/17,0,2669000,0,2669000
2008/06/18,0,50000,0,50000
2008/06/19,0,15000,-184000,-169000
2008/06/20,0,401000,-4000,397000
2008/06/23,0,502000,-343000,159000
2008/06/24,0,717000,0,717000
2008/06/25,0,1546000,-1000,1545000
2008/06/26,0,2346000,0,2346000
2008/06/27,0,61000,0,61000
2008/06/30,0,1862000,-243000,1619000
2008/07/01,0,2218000,-1000000,1218000
2008/07/02,0,3330000,-901000,2429000
2008/07/03,0,2000,-434000,-432000
2008/07/04,0,285000,-240000,45000
2008/07/07,0,258000,-870000,-612000
2008/07/08,0,2090000,0,2090000
2008/07/09,0,717000,-2000,715000
2008/07/10,0,0,-1050000,-1050000
2008/07/11,0,286000,-542000,-256000
2008/07/14,0,1000,-850000,-849000
2008/07/15,0,795000,-1003000,-208000
2008/07/16,0,280000,0,280000
2008/07/17,0,482000,0,482000
2008/07/18,0,45000,-2785000,-2740000
2008/07/21,0,1072000,0,1072000
2008/07/22,0,6925000,-1600000,5325000
2008/07/23,0,5072000,-16000,5056000
2008/07/24,0,1012000,-155000,857000
2008/07/25,0,900000,-3292000,-2392000
2008/07/28,0,0,0,0
2008/07/29,0,346000,-802000,-456000
2008/07/30,0,288000,-5000,283000
2008/07/31,0,3202000,0,3202000
2008/08/01,0,1202000,0,1202000
2008/08/04,0,446000,0,446000
2008/08/05,0,0,0,0
2008/08/06,0,3116000,0,3116000
2008/08/07,0,1084000,0,1084000
2008/08/08,0,2096000,0,2096000
2008/08/11,0,1732000,-2000000,-268000
2008/08/12,0,3612000,-1911000,1701000
2008/08/13,0,550000,-2660000,-2110000
2008/08/14,0,215000,-366000,-151000
2008/08/15,0,260000,-3911000,-3651000
2008/08/18,0,1000,-729000,-728000
2008/08/19,0,451000,-1088000,-637000
2008/08/20,0,101000,-1005000,-904000
2008/08/21,0,564000,-5000,559000
2008/08/22,0,1111000,-5740000,-4629000
2008/08/25,0,223000,-1001000,-778000
2008/08/26,0,196000,-4611000,-4415000
2008/08/27,0,685000,-170000,515000
2008/08/28,0,940000,0,940000
2008/08/29,0,61000,-6538000,-6477000
2008/09/01,0,2000,-2896000,-2894000
2008/09/02,0,13000,-75000,-62000
2008/09/03,0,340000,-924000,-584000
2008/09/04,0,829000,-117000,712000
2008/09/05,0,1118000,0,1118000
2008/09/08,0,1348000,0,1348000
2008/09/09,0,1068000,-1023000,45000
2008/09/10,0,6000,-197000,-191000
2008/09/11,0,1835000,-120000,1715000
2008/09/12,0,1337000,-3550000,-2213000
2008/09/15,0,1419000,-455000,964000
2008/09/16,0,1700000,-2000,1698000
2008/09/17,0,785000,-842000,-57000
2008/09/18,0,855000,-91774,763226
2008/09/19,0,645000,0,645000
2008/09/22,0,1543000,0,1543000
2008/09/23,0,2128000,-249000,1879000
2008/09/24,0,904000,-857000,47000
2008/09/25,0,102000,-2103000,-2001000
2008/09/26,0,405000,-152000,253000
2008/09/29,0,0,0,0
2008/09/30,0,461000,-39855,421145
2008/10/01,0,925000,-3000,922000
2008/10/02,0,400000,-32235,367765
2008/10/03,0,3112000,-57851,3054149
2008/10/06,0,188000,-5743,182257
2008/10/07,0,2845000,-6000,2839000
2008/10/08,0,1222000,-319931,902069
2008/10/09,0,358000,-101000,257000
2008/10/10,0,0,0,0
2008/10/13,0,747000,-1024000,-277000
2008/10/14,0,1330000,-25506,1304494
2008/10/15,0,4000,-1402,2598
2008/10/16,0,649000,-276760,372240
2008/10/17,0,7090000,-2553371,4536629
2008/10/20,0,800000,-20469,779531
2008/10/21,0,3074000,-472760,2601240
2008/10/22,0,250000,-2494829,-2244829
2008/10/23,0,14000,-100201,-86201
2008/10/24,0,0,0,0
2008/10/27,0,20000,-544483,-524483
2008/10/28,0,225000,-1885,223115
2008/10/29,0,2450000,-5230220,-2780220
2008/10/30,0,1536000,-1429977,106023
2008/10/31,0,0,-2949000,-2949000
2008/11/03,0,1802000,0,1802000
2008/11/04,0,1844000,-471572,1372428
2008/11/05,0,272000,-3837065,-3565065
2008/11/06,0,2000,-3373121,-3371121
2008/11/07,0,3085000,-6559603,-3474603
2008/11/10,0,1063000,-847865,215135
2008/11/11,0,50000,-600000,-550000
2008/11/12,0,0,-1595132,-1595132
2008/11/13,0,10000,-516000,-506000
2008/11/14,0,935000,-3914000,-2979000
2008/11/17,0,454000,-3111663,-2657663
2008/11/18,0,890000,-7045927,-6155927
2008/11/19,0,285000,-6569809,-6284809
2008/11/20,0,0,-2021750,-2021750
2008/11/21,0,2181000,-4557143,-2376143
2008/11/24,0,1270000,-1441398,-171398
2008/11/25,0,3402000,-770914,2631086
2008/11/26,0,513000,-1293000,-780000
2008/11/27,0,1893000,-700036,1192964
2008/11/28,0,200000,-1519658,-1319658
2008/12/01,0,3436000,-737189,2698811
2008/12/02,0,1574000,-4177462,-2603462
2008/12/03,0,732000,-134506,597494
2008/12/04,0,71000,-293000,-222000
2008/12/05,0,500000,-140000,360000
2008/12/08,0,1564000,-36000,1528000
2008/12/09,0,2856000,0,2856000
2008/12/10,0,2567000,0,2567000
2008/12/11,0,1025000,-1000,1024000
2008/12/12,0,2516000,-1001000,1515000
2008/12/15,0,2668000,-190000,2478000
2008/12/16,0,1855000,0,1855000
2008/12/17,0,1649000,0,1649000
2008/12/18,0,2199000,-155000,2044000
2008/12/19,0,3004000,-1386388,1617612
2008/12/22,0,18000,-1888000,-1870000
2008/12/23,0,0,-3651392,-3651392
2008/12/24,0,520000,-139000,381000
2008/12/25,0,473000,-195829,277171
2008/12/26,0,21000,-629000,-608000
2008/12/29,0,42000,-90000,-48000
2008/12/30,0,100000,-500000,-400000
2008/12/31,0,280000,-1374000,-1094000
2009/01/01,0,0,0,0
2009/01/02,0,0,0,0
2009/01/05,0,500000,-400000,100000
2009/01/06,0,3656000,-2303000,1353000
2009/01/07,0,3500000,-75000,3425000
2009/01/08,0,1097000,-9000,1088000
2009/01/09,0,0,-9365000,-9365000
2009/01/12,0,1450000,-1923000,-473000
2009/01/13,0,0,-833553,-833553
2009/01/14,0,420000,-375000,45000
2009/01/15,0,77000,-502000,-425000
2009/01/16,0,711000,-3579000,-2868000
2009/01/19,0,0,-1101000,-1101000
2009/01/20,0,150000,-1605037,-1455037
2009/01/21,0,1372000,-715000,657000
2009/01/22,0,0,0,0
2009/01/23,0,0,0,0
2009/01/26,0,0,0,0
2009/01/27,0,0,0,0
2009/01/28,0,0,0,0
2009/01/29,0,0,0,0
2009/01/30,0,0,0,0
2009/02/02,0,205000,-500000,-295000
2009/02/03,0,480000,-678000,-198000
2009/02/04,0,1176000,-223111,952889
2009/02/05,0,300000,-100867,199133
2009/02/06,0,0,-447000,-447000
2009/02/09,0,800000,-207897,592103
2009/02/10,0,240000,-1247795,-1007795
2009/02/11,0,0,-30000,-30000
2009/02/12,0,131000,-18000,113000
2009/02/13,0,368000,-403000,-35000
2009/02/16,0,1380000,-492000,888000
2009/02/17,0,350000,-288000,62000
2009/02/18,0,1706000,-1802000,-96000
2009/02/19,0,1170000,-2100628,-930628
2009/02/20,0,312000,-2003000,-1691000
2009/02/23,0,1321000,-175000,1146000
2009/02/24,0,400000,-120000,280000
2009/02/25,0,1445000,0,1445000
2009/02/26,0,150000,-1000,149000
2009/02/27,0,1678000,-900000,778000
2009/03/02,0,77000,-1068000,-991000
2009/03/03,0,384000,-280000,104000
2009/03/04,0,1801000,-1000,1800000
2009/03/05,0,497000,0,497000
2009/03/06,0,346000,-4000,342000
2009/03/09,0,900000,-4000,896000
2009/03/10,0,1007000,-1000,1006000
2009/03/11,0,8510000,-631000,7879000
2009/03/12,0,5108000,-1024000,4084000
2009/03/13,0,1509000,-1750000,-241000
2009/03/16,0,1063000,-200000,863000
2009/03/17,0,1010000,-684000,326000
2009/03/18,0,310000,-1002000,-692000
2009/03/19,0,2154000,-2220000,-66000
2009/03/20,0,600000,-4598000,-3998000
2009/03/23,0,1137000,-35000,1102000
2009/03/24,0,6617000,-2268000,4349000
2009/03/25,0,17000,-630000,-613000
2009/03/26,0,100000,-627000,-527000
2009/03/27,0,21000,-1321365,-1300365
2009/03/30,0,1000000,-510000,490000
2009/03/31,0,4352000,-2601000,1751000
2009/04/01,0,1490000,-600000,890000
2009/04/02,0,4007000,-802000,3205000
2009/04/03,0,230000,-361000,-131000
2009/04/06,0,1338000,-1165000,173000
2009/04/07,0,731000,-1777000,-1046000
2009/04/08,0,0,-410000,-410000
2009/04/09,0,1415000,-1917286,-502286
2009/04/10,0,2070000,-403889,1666111
2009/04/13,0,1014000,-4048301,-3034301
2009/04/14,0,2012000,-152000,1860000
2009/04/15,0,3745000,-202000,3543000
2009/04/16,0,2382000,-551000,1831000
2009/04/17,0,1071000,-3347000,-2276000
2009/04/20,0,2465000,-2831931,-366931
2009/04/21,0,415000,-2750000,-2335000
2009/04/22,0,561000,-50000,511000
2009/04/23,0,1988000,-580000,1408000
2009/04/24,0,204000,0,204000
2009/04/27,0,0,-943000,-943000
2009/04/28,0,1309000,-345000,964000
2009/04/29,0,552000,-110000,442000
2009/04/30,0,730000,-17000,713000
2009/05/01,0,0,0,0
2009/05/04,0,631000,0,631000
2009/05/05,0,11000,-173000,-162000
2009/05/06,0,1867000,-1160000,707000
2009/05/07,0,2595000,-83000,2512000
2009/05/08,0,50000,-300000,-250000
2009/05/11,0,300000,-1330000,-1030000
2009/05/12,0,500000,-4169743,-3669743
2009/05/13,0,1131000,-165000,966000
2009/05/14,0,2013000,-18000,1995000
2009/05/15,0,1015000,-86000,929000
2009/05/18,0,3786000,-63000,3723000
2009/05/19,0,7374000,0,7374000
2009/05/20,0,10061000,-1377000,8684000
2009/05/21,0,3325000,-1516000,1809000
2009/05/22,0,5021000,-1175000,3846000
2009/05/25,0,5000,-151000,-146000
2009/05/26,0,1164000,-5000,1159000
2009/05/27,0,347000,-2433000,-2086000
2009/05/28,0,0,0,0
2009/05/29,0,0,0,0
2009/06/01,0,25000,-1587115,-1562115
2009/06/02,0,310000,-1735000,-1425000
2009/06/03,0,52000,-337000,-285000
2009/06/04,0,215000,-4419000,-4204000
2009/06/05,0,0,-1218000,-1218000
2009/06/08,0,10000,-1354000,-1344000
2009/06/09,0,2682000,-177000,2505000
2009/06/10,0,3610000,-64000,3546000
2009/06/11,0,779000,-524000,255000
2009/06/12,0,177000,-900000,-723000
2009/06/15,0,3513000,-3318000,195000
2009/06/16,0,183000,-1729166,-1546166
2009/06/17,0,606000,-110000,496000
2009/06/18,0,994000,-1469000,-475000
2009/06/19,0,1349000,-1417964,-68964
2009/06/22,0,237000,-627000,-390000
2009/06/23,0,150000,-308000,-158000
2009/06/24,0,92000,-1611000,-1519000
2009/06/25,0,0,-5200000,-5200000
2009/06/26,0,202000,-224000,-22000
2009/06/29,0,870000,-461000,409000
2009/06/30,0,100000,-50000,50000
2009/07/01,0,78000,-700000,-622000
2009/07/02,0,2150000,-550000,1600000
2009/07/03,0,0,-82000,-82000
2009/07/06,0,86000,-836000,-750000
2009/07/07,0,2000,0,2000
2009/07/08,0,0,-851000,-851000
2009/07/09,0,0,-41000,-41000
2009/07/10,0,0,-102000,-102000
2009/07/13,0,20000,-4000,16000
2009/07/14,0,500000,-13000,487000
2009/07/15,0,108000,-7000,101000
2009/07/16,0,0,-62000,-62000
2009/07/17,0,1000,0,1000
2009/07/20,0,0,-754000,-754000
2009/07/21,0,30000,-307000,-277000
2009/07/22,0,0,-2201000,-2201000
2009/07/23,0,0,-512000,-512000
2009/07/24,0,150000,-808000,-658000
2009/07/27,0,0,-801000,-801000
2009/07/28,0,0,-2076000,-2076000
2009/07/29,0,0,-3963000,-3963000
2009/07/30,0,1387000,-3773000,-2386000
2009/07/31,0,756000,-2190000,-1434000
2009/08/03,0,0,-1445000,-1445000
2009/08/04,0,6000,-1905000,-1899000
2009/08/05,0,0,-3367000,-3367000
2009/08/06,0,629000,-1423000,-794000
2009/08/07,0,0,0,0
2009/08/10,0,266000,-115000,151000
2009/08/11,0,402000,-1350000,-948000
2009/08/12,0,699000,-1181000,-482000
2009/08/13,0,25000,-214777,-189777
2009/08/14,0,1017000,-92000,925000
2009/08/17,0,2636000,-777000,1859000
2009/08/18,0,2000,-2839000,-2837000
2009/08/19,0,2085000,-90000,1995000
2009/08/20,0,26000,-1076000,-1050000
2009/08/21,0,275000,-184000,91000
2009/08/24,0,1012000,-406000,606000
2009/08/25,0,1911000,-560000,1351000
2009/08/26,0,216000,-70000,146000
2009/08/27,0,114000,-1624000,-1510000
2009/08/28,0,65000,-1368000,-1303000
2009/08/31,0,1852000,-61000,1791000
2009/09/01,0,470000,-230000,240000
2009/09/02,0,350000,-3938000,-3588000
2009/09/03,0,1455000,-3205000,-1750000
2009/09/04,0,500000,-2698000,-2198000
2009/09/07,0,0,-982442,-982442
2009/09/08,0,100000,-24403,75597
2009/09/09,0,45000,-1279138,-1234138
2009/09/10,0,16000,-261000,-245000
2009/09/11,0,0,-291795,-291795
2009/09/14,0,4000,-866345,-862345
2009/09/15,0,2000,-60948,-58948
2009/09/16,0,1479000,-666139,812861
2009/09/17,0,0,-1397419,-1397419
2009/09/18,0,1534000,-863840,670160
2009/09/21,0,670000,-2848686,-2178686
2009/09/22,0,0,-1692286,-1692286
2009/09/23,0,354000,-5070446,-4716446
2009/09/24,0,489000,-994458,-505458
2009/09/25,0,0,-250000,-250000
2009/09/28,0,3000,-2391036,-2388036
2009/09/29,0,3000,-1372121,-1369121
2009/09/30,0,0,-154189,-154189
2009/10/01,0,0,-918425,-918425
2009/10/02,0,103000,-1482000,-1379000
2009/10/05,0,0,-210270,-210270
2009/10/06,0,200000,-930370,-730370
2009/10/07,0,0,-163000,-163000
2009/10/08,0,0,-109000,-109000
2009/10/09,0,5000,0,5000
2009/10/12,0,0,0,0
2009/10/13,0,10000,-119290,-109290
2009/10/14,0,0,-1774591,-1774591
2009/10/15,0,0,-4157920,-4157920
2009/10/16,0,0,-1087146,-1087146
2009/10/19,0,4000,0,4000
2009/10/20,0,28000,-1883000,-1855000
2009/10/21,0,16000,-1643827,-1627827
2009/10/22,0,0,-355003,-355003
2009/10/23,0,0,-953653,-953653
2009/10/26,0,0,-266471,-266471
2009/10/27,0,2000,-2559577,-2557577
2009/10/28,0,0,-193000,-193000
2009/10/29,0,402000,-920000,-518000
2009/10/30,0,1628000,-720699,907301
2009/11/02,0,82000,-144,81856
2009/11/03,0,202000,0,202000
2009/11/04,0,228000,-633284,-405284
2009/11/05,0,669000,-355000,314000
2009/11/06,0,401000,-231929,169071
2009/11/09,0,168000,-208000,-40000
2009/11/10,0,76000,-98000,-22000
2009/11/11,0,255000,-25000,230000
2009/11/12,0,0,-422000,-422000
2009/11/13,0,265000,-3000,262000
2009/11/16,0,562000,-1003000,-441000
2009/11/17,0,0,-51000,-51000
2009/11/18,0,0,-3000,-3000
2009/11/19,0,0,-395741,-395741
2009/11/20,0,6000,-1248569,-1242569
2009/11/23,0,150000,-2252850,-2102850
2009/11/24,0,0,-1000,-1000
2009/11/25,0,45000,0,45000
2009/11/26,0,0,0,0
2009/11/27,0,470000,-600000,-130000
2009/11/30,0,332000,-1236449,-904449
2009/12/01,0,800000,-1973587,-1173587
2009/12/02,0,1250000,-2552415,-1302415
2009/12/03,0,0,-1538000,-1538000
2009/12/04,0,1200000,-2588031,-1388031
2009/12/07,0,0,-611063,-611063
2009/12/08,0,0,-839,-839
2009/12/09,0,250000,-353881,-103881
2009/12/10,0,250000,-428725,-178725
2009/12/11,0,2000,0,2000
2009/12/14,0,273000,-4000,269000
2009/12/15,0,127000,-122000,5000
2009/12/16,0,30000,-34000,-4000
2009/12/17,0,510000,0,510000
2009/12/18,0,303000,-10000,293000
2009/12/21,0,257000,-13000,244000
2009/12/22,0,0,-2000,-2000
2009/12/23,0,735000,0,735000
2009/12/24,0,550000,-745000,-195000
2009/12/25,0,32000,-4000,28000
2009/12/28,0,420000,-44000,376000
2009/12/29,0,230000,-44000,186000
2009/12/30,0,0,-176000,-176000
2009/12/31,0,332000,0,332000
2010/01/01,0,0,0,0
2010/01/04,0,202000,0,202000
2010/01/05,0,200000,0,200000
2010/01/06,0,2396000,0,2396000
2010/01/07,0,1351000,-274000,1077000
2010/01/08,0,635000,-23000,612000
2010/01/11,0,135000,-1000,134000
2010/01/12,0,0,-2000,-2000
2010/01/13,0,80000,0,80000
2010/01/14,0,400000,-81000,319000
2010/01/15,0,150000,-52000,98000
2010/01/18,0,0,-9000,-9000
2010/01/19,0,46000,-44000,2000
2010/01/20,0,105000,-675000,-570000
2010/01/21,0,0,-576000,-576000
2010/01/22,0,0,0,0
2010/01/25,0,0,-29000,-29000
2010/01/26,0,280000,-334000,-54000
2010/01/27,0,1050000,0,1050000
2010/01/28,0,99000,-1000,98000
2010/01/29,0,640000,0,640000
2010/02/01,0,2000,-1000,1000
2010/02/02,0,225000,0,225000
2010/02/03,0,250000,-1638000,-1388000
2010/02/04,0,240000,-159000,81000
2010/02/05,0,10000,-1414000,-1404000
2010/02/08,0,5000,-2115000,-2110000
2010/02/09,0,42000,-521000,-479000
2010/02/10,0,1224000,-500000,724000
2010/02/11,0,0,0,0
2010/02/12,0,0,0,0
2010/02/15,0,0,0,0
2010/02/16,0,0,0,0
2010/02/17,0,0,0,0
2010/02/18,0,0,0,0
2010/02/19,0,0,0,0
2010/02/22,0,1000,-121000,-120000
2010/02/23,0,1199000,-895083,303917
2010/02/24,0,593000,-644403,-51403
2010/02/25,0,787000,0,787000
2010/02/26,0,970000,-583000,387000
2010/03/01,0,623000,-80000,543000
2010/03/02,0,425000,0,425000
2010/03/03,0,200000,-300000,-100000
2010/03/04,0,50000,-1000,49000
2010/03/05,0,951000,-199000,752000
2010/03/08,0,927000,0,927000
2010/03/09,0,651000,0,651000
2010/03/10,0,21000,-1000,20000
2010/03/11,0,845000,-60000,785000
2010/03/12,0,704000,-300000,404000
2010/03/15,0,0,-857304,-857304
2010/03/16,0,211000,-1000,210000
2010/03/17,0,25000,-332736,-307736
2010/03/18,0,0,-832000,-832000
2010/03/19,0,15000,-561000,-546000
2010/03/22,0,15000,-222000,-207000
2010/03/23,0,61000,-96000,-35000
2010/03/24,0,40000,-202000,-162000
2010/03/25,0,45000,-588000,-543000
2010/03/26,0,80000,-127000,-47000
2010/03/29,0,2000,0,2000
2010/03/30,0,1000,-134000,-133000
2010/03/31,0,0,-208000,-208000
2010/04/01,0,0,-952000,-952000
2010/04/02,0,125000,-744051,-619051
2010/04/05,0,0,0,0
2010/04/06,0,0,-949476,-949476
2010/04/07,0,0,-31000,-31000
2010/04/08,0,15000,-634388,-619388
2010/04/09,0,10000,-761000,-751000
2010/04/12,0,68000,-251881,-183881
2010/04/13,0,20000,-522000,-502000
2010/04/14,0,74000,-21000,53000
2010/04/15,0,0,-332000,-332000
2010/04/16,0,0,-4000,-4000
2010/04/19,0,290000,-274,289726
2010/04/20,0,881000,-3000,878000
2010/04/21,0,900000,-60000,840000
2010/04/22,0,230000,0,230000
2010/04/23,0,0,0,0
2010/04/26,0,3305000,0,3305000
2010/04/27,0,2502000,-400000,2102000
2010/04/28,0,451000,-1440000,-989000
2010/04/29,0,806000,-1200000,-394000
2010/04/30,0,0,-748816,-748816
2010/05/03,0,0,0,0
2010/05/04,0,0,-400000,-400000
2010/05/05,0,291000,-5000,286000
2010/05/06,0,0,-902000,-902000
2010/05/07,0,104000,0,104000
2010/05/10,0,873000,-300776,572224
2010/05/11,0,4000,0,4000
2010/05/12,0,0,-300000,-300000
2010/05/13,0,171000,-600000,-429000
2010/05/14,0,9000,-1150000,-1141000
2010/05/17,0,2000,-437000,-435000
2010/05/18,0,2000,-1967000,-1965000
2010/05/19,0,777000,-649000,128000
2010/05/20,0,937000,-1265000,-328000
2010/05/21,0,85000,-523000,-438000
2010/05/24,0,200000,-1000,199000
2010/05/25,0,2000,0,2000
2010/05/26,0,394000,0,394000
2010/05/27,0,837000,-100000,737000
2010/05/28,0,66000,-1000,65000
2010/05/31,0,0,-120000,-120000
2010/06/01,0,211000,0,211000
2010/06/02,0,115000,0,115000
2010/06/03,0,0,-2000,-2000
2010/06/04,0,50000,-581600,-531600
2010/06/07,0,0,-1559000,-1559000
2010/06/08,0,3000,-1843000,-1840000
2010/06/09,0,1000,-4362000,-4361000
2010/06/10,0,3000,-203982,-200982
2010/06/11,0,20000,0,20000
2010/06/14,0,2000,-541000,-539000
2010/06/15,0,0,-579000,-579000
2010/06/16,0,0,0,0
2010/06/17,0,388000,0,388000
2010/06/18,0,254000,0,254000
2010/06/21,0,0,-544000,-544000
2010/06/22,0,183000,-271000,-88000
2010/06/23,0,630000,-17000,613000
2010/06/24,0,532000,-2000,530000
2010/06/25,0,550000,-780000,-230000
2010/06/28,0,52000,-1738000,-1686000
2010/06/29,0,2000,0,2000
2010/06/30,0,500000,-1544000,-1044000
2010/07/01,0,100000,-519000,-419000
2010/07/02,0,3000,-250000,-247000
2010/07/05,0,0,-1000,-1000
2010/07/06,0,7000,0,7000
2010/07/07,0,0,-3041000,-3041000
2010/07/08,0,1590000,0,1590000
2010/07/09,0,165000,0,165000
2010/07/12,0,1000,-366393,-365393
2010/07/13,0,500000,-467000,33000
2010/07/14,0,0,-778000,-778000
2010/07/15,0,0,-38000,-38000
2010/07/16,0,0,-896690,-896690
2010/07/19,0,56000,-38000,18000
2010/07/20,0,5000,-505000,-500000
2010/07/21,0,1000000,-131000,869000
2010/07/22,0,3000,0,3000
2010/07/23,0,3000,0,3000
2010/07/26,0,0,0,0
2010/07/27,0,19000,0,19000
2010/07/28,0,119000,0,119000
2010/07/29,0,1300000,0,1300000
2010/07/30,0,1200000,-9000,1191000
2010/08/02,0,1010000,-227000,783000
2010/08/03,0,435000,-530000,-95000
2010/08/04,0,1751000,-247000,1504000
2010/08/05,0,0,-1141000,-1141000
2010/08/06,0,0,-2000,-2000
2010/08/09,0,41000,0,41000
2010/08/10,0,30000,-506000,-476000
2010/08/11,0,43000,-602000,-559000
2010/08/12,0,580000,-1401000,-821000
2010/08/13,0,0,-423000,-423000
2010/08/16,0,210000,-61000,149000
2010/08/17,0,401000,-307000,94000
2010/08/18,0,1940000,-2000,1938000
2010/08/19,0,126000,-682000,-556000
2010/08/20,0,174000,-23000,151000
2010/08/23,0,248000,0,248000
2010/08/24,0,400000,-22000,378000
2010/08/25,0,513000,-66055,446945
2010/08/26,0,180000,-494000,-314000
2010/08/27,0,1000,0,1000
2010/08/30,0,5000,-5983,-983
2010/08/31,0,199000,-159586,39414
2010/09/01,0,20000,0,20000
2010/09/02,0,110000,-48332,61668
2010/09/03,0,205000,0,205000
2010/09/06,0,711000,-208950,502050
2010/09/07,0,20000,0,20000
2010/09/08,0,10000,0,10000
2010/09/09,0,100000,-124,99876
2010/09/10,0,1994000,-18000,1976000
2010/09/13,0,470000,0,470000
2010/09/14,0,11000,-2000,9000
2010/09/15,0,0,-34000,-34000
2010/09/16,0,0,-2000,-2000
2010/09/17,0,120000,-131000,-11000
2010/09/20,0,0,-201034,-201034
2010/09/21,0,0,-334000,-334000
2010/09/22,0,0,0,0
2010/09/23,0,30000,-99982,-69982
2010/09/24,0,0,-1000,-1000
2010/09/27,0,0,-2000,-2000
2010/09/28,0,28000,-17216,10784
2010/09/29,0,304000,-13000,291000
2010/09/30,0,178000,-16000,162000
2010/10/01,0,900000,0,900000
2010/10/04,0,0,-2000,-2000
2010/10/05,0,3000,-1676197,-1673197
2010/10/06,0,300000,0,300000
2010/10/07,0,300000,0,300000
2010/10/08,0,200000,-1000,199000
2010/10/11,0,500000,0,500000
2010/10/12,0,1150000,-1000,1149000
2010/10/13,0,2306000,0,2306000
2010/10/14,0,1427000,-4000,1423000
2010/10/15,0,0,-2000,-2000
2010/10/18,0,851000,0,851000
2010/10/19,0,1184000,0,1184000
2010/10/20,0,1690000,0,1690000
2010/10/21,0,4092000,0,4092000
2010/10/22,0,374000,-4000,370000
2010/10/25,0,401000,-48,400952
2010/10/26,0,2335000,0,2335000
2010/10/27,0,1564000,-500000,1064000
2010/10/28,0,385000,-3550000,-3165000
2010/10/29,0,276000,-2251000,-1975000
2010/11/01,0,1030000,-844000,186000
2010/11/02,0,112000,-1228000,-1116000
2010/11/03,0,219000,-294000,-75000
2010/11/04,0,530000,-1985556,-1455556
2010/11/05,0,347000,-2996000,-2649000
2010/11/08,0,0,-3142376,-3142376
2010/11/09,0,3000,-1731482,-1728482
2010/11/10,0,150000,-1000,149000
2010/11/11,0,41000,-330048,-289048
2010/11/12,0,0,-114000,-114000
2010/11/15,0,0,-165000,-165000
2010/11/16,0,182000,-3000,179000
2010/11/17,0,447000,-100000,347000
2010/11/18,0,0,0,0
2010/11/19,0,140000,0,140000
2010/11/22,0,153000,-500000,-347000
2010/11/23,0,45000,-170000,-125000
2010/11/24,0,0,-346,-346
2010/11/25,0,830000,-358000,472000
2010/11/26,0,20000,-100000,-80000
2010/11/29,0,0,-85000,-85000
2010/11/30,0,0,-19000,-19000
2010/12/01,0,0,-2956000,-2956000
2010/12/02,0,0,-6587000,-6587000
2010/12/03,0,0,-258027,-258027
2010/12/06,0,0,-695000,-695000
2010/12/07,0,1000,-300000,-299000
2010/12/08,0,0,-2245000,-2245000
2010/12/09,0,1000,-1734011,-1733011
2010/12/10,0,0,-1000331,-1000331
2010/12/13,0,0,-253000,-253000
2010/12/14,0,0,-321000,-321000
2010/12/15,0,0,-6000,-6000
2010/12/16,0,0,-428103,-428103
2010/12/17,0,47000,-1044511,-997511
2010/12/20,0,0,-782000,-782000
2010/12/21,0,1000,0,1000
2010/12/22,0,1000,-23000,-22000
2010/12/23,0,0,-302000,-302000
2010/12/24,0,0,-300000,-300000
2010/12/27,0,0,-1000,-1000
2010/12/28,0,0,0,0
2010/12/29,0,0,-25000,-25000
2010/12/30,0,0,0,0
2010/12/31,0,0,-377000,-377000
2011/01/03,0,0,-661000,-661000
2011/01/04,0,0,0,0
2011/01/05,0,6000,0,6000
2011/01/06,0,500000,-190000,310000
2011/01/07,0,0,0,0
2011/01/10,0,500000,-110000,390000
2011/01/11,0,0,-100000,-100000
2011/01/12,0,0,-355000,-355000
2011/01/13,0,25000,-466772,-441772
2011/01/14,0,153000,0,153000
2011/01/17,0,0,0,0
2011/01/18,0,0,-50000,-50000
2011/01/19,0,202000,-105000,97000
2011/01/20,0,0,-66000,-66000
2011/01/21,0,2000,-28000,-26000
2011/01/24,0,0,-40000,-40000
2011/01/25,0,6000,0,6000
2011/01/26,0,0,0,0
2011/01/27,0,115000,-237249,-122249
2011/01/28,0,386000,-303000,83000
2011/01/31,0,0,0,0
2011/02/01,0,0,0,0
2011/02/02,0,0,0,0
2011/02/03,0,0,0,0
2011/02/04,0,0,0,0
2011/02/07,0,0,0,0
2011/02/08,0,0,-68000,-68000
2011/02/09,0,250000,-500000,-250000
2011/02/10,0,168000,-57000,111000
2011/02/11,0,254000,-640000,-386000
2011/02/14,0,2000,0,2000
2011/02/15,0,127000,0,127000
2011/02/16,0,48000,-43000,5000
2011/02/17,0,0,-130000,-130000
2011/02/18,0,101000,0,101000
2011/02/21,0,39000,-66000,-27000
2011/02/22,0,0,-200000,-200000
2011/02/23,0,23000,0,23000
2011/02/24,0,2000,0,2000
2011/02/25,0,1000,-10000,-9000
2011/02/28,0,0,0,0
2011/03/01,0,600000,0,600000
2011/03/02,0,302000,0,302000
2011/03/03,0,0,0,0
2011/03/04,0,198000,0,198000
2011/03/07,0,1300000,0,1300000
2011/03/08,0,1200000,0,1200000
2011/03/09,0,1150000,0,1150000
2011/03/10,0,0,0,0
2011/03/11,0,89000,-1371544,-1282544
2011/03/14,0,52000,-1575000,-1523000
2011/03/15,0,578000,-115000,463000
2011/03/16,0,307000,0,307000
2011/03/17,0,3000,0,3000
2011/03/18,0,95000,0,95000
2011/03/21,0,0,0,0
2011/03/22,0,0,0,0
2011/03/23,0,1692000,0,1692000
2011/03/24,0,2229000,0,2229000
2011/03/25,0,553000,0,553000
2011/03/28,0,23000,-65000,-42000
2011/03/29,0,1215000,-2230000,-1015000
2011/03/30,0,1426000,-20000,1406000
2011/03/31,0,5000,0,5000
2011/04/01,0,24000,0,24000
2011/04/04,0,0,0,0
2011/04/05,0,0,0,0
2011/04/06,0,173000,-1000,172000
2011/04/07,0,180000,-60000,120000
2011/04/08,0,333000,-60000,273000
2011/04/11,0,127000,-600000,-473000
2011/04/12,0,0,-405000,-405000
2011/04/13,0,0,-200000,-200000
2011/04/14,0,2000000,-660000,1340000
2011/04/15,0,211000,0,211000
2011/04/18,0,70000,-10000,60000
2011/04/19,0,52000,-128000,-76000
2011/04/20,0,50000,-150000,-100000
2011/04/21,0,810000,-1000,809000
2011/04/22,0,47000,0,47000
2011/04/25,0,25000,-18000,7000
2011/04/26,0,810000,-2000,808000
2011/04/27,0,429000,-2888,426112
2011/04/28,0,5305000,-2000,5303000
2011/04/29,0,2476000,0,2476000
2011/05/02,0,0,0,0
2011/05/03,0,207000,-194000,13000
2011/05/04,0,23000,-24000,-1000
2011/05/05,0,47000,0,47000
2011/05/06,0,30000,0,30000
2011/05/09,0,70000,0,70000
2011/05/10,0,0,0,0
2011/05/11,0,0,0,0
2011/05/12,0,2604000,-41000,2563000
2011/05/13,0,53000,-183000,-130000
2011/05/16,0,7000,-150000,-143000
2011/05/17,0,1000,-30000,-29000
2011/05/18,0,630000,-1000000,-370000
2011/05/19,0,100000,0,100000
2011/05/20,0,576000,-1000000,-424000
2011/05/23,0,51000,-17000,34000
2011/05/24,0,380000,0,380000
2011/05/25,0,37000,-276000,-239000
2011/05/26,0,790000,-1002000,-212000
2011/05/27,0,3668000,-1048000,2620000
2011/05/30,0,361000,-500942,-139942
2011/05/31,0,4229000,-279000,3950000
2011/06/01,0,554000,-265000,289000
2011/06/02,0,216000,0,216000
2011/06/03,0,670000,-70000,600000
2011/06/06,0,0,0,0
2011/06/07,0,730000,0,730000
2011/06/08,0,793000,-1185000,-392000
2011/06/09,0,0,-2127000,-2127000
2011/06/10,0,90000,-46000,44000
2011/06/13,0,400000,-70000,330000
2011/06/14,0,3000,-100000,-97000
2011/06/15,0,90000,-364000,-274000
2011/06/16,0,110000,-607730,-497730
2011/06/17,0,3000,-622000,-619000
2011/06/20,0,852000,-653000,199000
2011/06/21,0,856000,-380000,476000
2011/06/22,0,891000,0,891000
2011/06/23,0,102000,-46000,56000
2011/06/24,0,51000,-40000,11000
2011/06/27,0,71000,-1783000,-1712000
2011/06/28,0,79000,-18000,61000
2011/06/29,0,5000,-107000,-102000
2011/06/30,0,56000,-496000,-440000
2011/07/01,0,1267000,-109000,1158000
2011/07/04,0,54000,-1710000,-1656000
2011/07/05,0,273000,-775000,-502000
2011/07/06,0,2183000,-3206000,-1023000
2011/07/07,0,0,-1052000,-1052000
2011/07/08,0,70000,-568000,-498000
2011/07/11,0,276000,-554000,-278000
2011/07/12,0,41000,-7000,34000
2011/07/13,0,102000,0,102000
2011/07/14,0,10000,-8000,2000
2011/07/15,0,3000,-1502000,-1499000
2011/07/18,0,0,-17000,-17000
2011/07/19,0,152000,-598000,-446000
2011/07/20,0,370000,-1031000,-661000
2011/07/21,0,202000,-1614000,-1412000
2011/07/22,0,1730000,-2000,1728000
2011/07/25,0,100000,-8000,92000
2011/07/26,0,434000,-677000,-243000
2011/07/27,0,1067000,-2000,1065000
2011/07/28,0,837000,-2000,835000
2011/07/29,0,1029000,-180000,849000
2011/08/01,0,2000,-109000,-107000
2011/08/02,0,613000,-3000,610000
2011/08/03,0,333000,-6000,327000
2011/08/04,0,11000,-90572,-79572
2011/08/05,0,43000,-50000,-7000
2011/08/08,0,1151000,0,1151000
2011/08/09,0,123000,-50000,73000
2011/08/10,0,910000,-2112000,-1202000
2011/08/11,0,254000,0,254000
2011/08/12,0,370000,-10000,360000
2011/08/15,0,673000,-2500000,-1827000
2011/08/16,0,822000,-502000,320000
2011/08/17,0,215000,-1431000,-1216000
2011/08/18,0,156000,-238000,-82000
2011/08/19,0,231000,-2426000,-2195000
2011/08/22,0,402000,-5540000,-5138000
2011/08/23,0,52000,-320000,-268000
2011/08/24,0,0,-1387000,-1387000
2011/08/25,0,1200000,-476284,723716
2011/08/26,0,657000,-529000,128000
2011/08/29,0,837000,-112000,725000
2011/08/30,0,3036000,0,3036000
2011/08/31,0,1495000,-102000,1393000
2011/09/01,0,1638000,-600000,1038000
2011/09/02,0,110000,-103000,7000
2011/09/05,0,397000,-406000,-9000
2011/09/06,0,0,-100000,-100000
2011/09/07,0,146000,0,146000
2011/09/08,0,1103000,-335000,768000
2011/09/09,0,333000,-270000,63000
2011/09/12,0,0,0,0
2011/09/13,0,442000,-12569,429431
2011/09/14,0,3000,-42873,-39873
2011/09/15,0,319000,-138894,180106
2011/09/16,0,931000,-310000,621000
2011/09/19,0,142000,0,142000
2011/09/20,0,3000,-222950,-219950
2011/09/21,0,385000,-386272,-1272
2011/09/22,0,0,-4155798,-4155798
2011/09/23,0,3000,-706927,-703927
2011/09/26,0,234000,-700000,-466000
2011/09/27,0,810000,0,810000
2011/09/28,0,1109000,-2000,1107000
2011/09/29,0,16000,-719000,-703000
2011/09/30,0,2608000,-32000,2576000
2011/10/03,0,1090000,-2270000,-1180000
2011/10/04,0,1946000,0,1946000
2011/10/05,0,2117000,-141000,1976000
2011/10/06,0,1059000,-1000,1058000
2011/10/07,0,381000,-75000,306000
2011/10/10,0,0,0,0
2011/10/11,0,3280000,0,3280000
2011/10/12,0,656000,-118000,538000
2011/10/13,0,319000,-87594,231406
2011/10/14,0,825000,-74000,751000
2011/10/17,0,150000,-22026,127974
2011/10/18,0,456749,0,456749
2011/10/19,0,753000,0,753000
2011/10/20,0,1113000,-42000,1071000
2011/10/21,0,189000,0,189000
2011/10/24,0,263000,-26000,237000
2011/10/25,0,262000,-73000,189000
2011/10/26,0,1000,-1914000,-1913000
2011/10/27,0,152000,-3439665,-3287665
2011/10/28,0,203000,-100000,103000
2011/10/31,0,630000,-3402000,-2772000
2011/11/01,0,35000,-1269000,-1234000
2011/11/02,0,128000,-891000,-763000
2011/11/03,0,36000,-1207416,-1171416
2011/11/04,0,20000,-1054000,-1034000
2011/11/07,0,0,-750000,-750000
2011/11/08,0,508000,-901000,-393000
2011/11/09,0,568000,-1643254,-1075254
2011/11/10,0,294000,-39000,255000
2011/11/11,0,619000,-273000,346000
2011/11/14,0,416000,-1004009,-588009
2011/11/15,0,1060000,-629081,430919
2011/11/16,0,0,-520000,-520000
2011/11/17,0,2000,-1000,1000
2011/11/18,0,18000,-482686,-464686
2011/11/21,0,300000,-759000,-459000
2011/11/22,0,432000,-480000,-48000
2011/11/23,0,7000,-340000,-333000
2011/11/24,0,304000,-100000,204000
2011/11/25,0,5000,-135000,-130000
2011/11/28,0,402000,-340000,62000
2011/11/29,0,1795000,-87337,1707663
2011/11/30,0,521000,-1000,520000
2011/12/01,0,2815000,-14000,2801000
2011/12/02,0,0,-385329,-385329
2011/12/05,0,325000,-3000,322000
2011/12/06,0,403000,-450000,-47000
2011/12/07,0,652000,-400000,252000
2011/12/08,0,1777000,0,1777000
2011/12/09,0,1947000,-1323,1945677
2011/12/12,0,1668000,0,1668000
2011/12/13,0,2620000,0,2620000
2011/12/14,0,1815000,-45000,1770000
2011/12/15,0,400000,-43000,357000
2011/12/16,0,853000,-9000,844000
2011/12/19,0,654000,0,654000
2011/12/20,0,1116000,0,1116000
2011/12/21,0,2419000,-9000,2410000
2011/12/22,0,2000,-800000,-798000
2011/12/23,0,330000,-2833000,-2503000
2011/12/26,0,0,-1259000,-1259000
2011/12/27,0,68000,-1163000,-1095000
2011/12/28,0,15000,-791000,-776000
2011/12/29,0,500000,-1060000,-560000
2011/12/30,0,650000,-316000,334000
2012/01/02,0,355000,-1115000,-760000
2012/01/03,0,2564000,-7000,2557000
2012/01/04,0,708000,0,708000
2012/01/05,0,1644000,-300549,1343451
2012/01/06,0,6081000,-251000,5830000
2012/01/09,0,3048000,-567000,2481000
2012/01/10,0,1405000,-91000,1314000
2012/01/11,0,1277000,-772000,505000
2012/01/12,0,435000,-11000,424000
2012/01/13,0,477000,-1747000,-1270000
2012/01/16,0,1870000,-892000,978000
2012/01/17,0,266000,-793000,-527000
2012/01/18,0,0,-514000,-514000
2012/01/19,0,0,0,0
2012/01/20,0,0,0,0
2012/01/23,0,0,0,0
2012/01/24,0,0,0,0
2012/01/25,0,0,0,0
2012/01/26,0,0,0,0
2012/01/27,0,0,0,0
2012/01/30,0,703000,-211000,492000
2012/01/31,0,301000,-212000,89000
2012/02/01,0,0,-3071000,-3071000
2012/02/02,0,679000,-1021000,-342000
2012/02/03,0,0,-361000,-361000
2012/02/06,0,0,-1008000,-1008000
2012/02/07,0,50000,-41000,9000
2012/02/08,0,568000,-3000,565000
2012/02/09,0,2436,-410000,-407564
2012/02/10,0,0,-326000,-326000
2012/02/13,0,304000,-1021000,-717000
2012/02/14,0,0,-2926000,-2926000
2012/02/15,0,0,-820000,-820000
2012/02/16,0,0,-154000,-154000
2012/02/17,0,5000,0,5000
2012/02/20,0,0,-2000,-2000
2012/02/21,0,0,-1690000,-1690000
2012/02/22,0,0,-2250480,-2250480
2012/02/23,0,0,-428000,-428000
2012/02/24,0,0,-1103000,-1103000
2012/02/27,0,0,0,0
2012/02/28,0,0,0,0
2012/02/29,0,0,-102000,-102000
2012/03/01,0,0,-840000,-840000
2012/03/02,0,0,-500000,-500000
2012/03/05,0,284000,-785000,-501000
2012/03/06,0,0,-551000,-551000
2012/03/07,0,0,-2140000,-2140000
2012/03/08,0,50000,-924089,-874089
2012/03/09,0,0,-493000,-493000
2012/03/12,0,0,-379000,-379000
2012/03/13,0,0,-1551000,-1551000
2012/03/14,0,0,-28000,-28000
2012/03/15,0,0,-81000,-81000
2012/03/16,0,0,-2267000,-2267000
2012/03/19,0,168000,-444000,-276000
2012/03/20,0,0,-1170836,-1170836
2012/03/21,0,0,0,0
2012/03/22,0,40000,-116000,-76000
2012/03/23,0,0,-1343000,-1343000
2012/03/26,0,0,-1091000,-1091000
2012/03/27,0,0,-2362000,-2362000
2012/03/28,0,328000,-1000000,-672000
2012/03/29,0,329000,-696000,-367000
2012/03/30,0,22000,-1419000,-1397000
2012/04/02,0,0,0,0
2012/04/03,0,0,-543000,-543000
2012/04/04,0,0,0,0
2012/04/05,0,0,-446394,-446394
2012/04/06,0,6000,-370000,-364000
2012/04/09,0,171000,-4000,167000
2012/04/10,0,0,-36087,-36087
2012/04/11,0,86000,-476000,-390000
2012/04/12,0,0,0,0
2012/04/13,0,6000,0,6000
2012/04/16,0,0,-72000,-72000
2012/04/17,0,0,-48000,-48000
2012/04/18,0,0,-49000,-49000
2012/04/19,0,1011000,-285000,726000
2012/04/20,0,1012000,0,1012000
2012/04/23,0,1658000,0,1658000
2012/04/24,0,857000,0,857000
2012/04/25,0,30000,-40000,-10000
2012/04/26,0,821000,0,821000
2012/04/27,0,66000,-500000,-434000
2012/04/30,0,472000,-29000,443000
2012/05/01,0,0,0,0
2012/05/02,0,850000,-185000,665000
2012/05/03,0,1010597,-353000,657597
2012/05/04,0,5000,-13000,-8000
2012/05/07,0,0,-1007000,-1007000
2012/05/08,0,0,-77000,-77000
2012/05/09,0,187000,-993000,-806000
2012/05/10,0,765000,0,765000
2012/05/11,0,32000,-321000,-289000
2012/05/14,0,1000000,0,1000000
2012/05/15,0,7000,-75000,-68000
2012/05/16,0,240000,0,240000
2012/05/17,0,50000,0,50000
2012/05/18,0,8000,-101000,-93000
2012/05/21,0,0,0,0
2012/05/22,0,132000,0,132000
2012/05/23,0,950000,-213000,737000
2012/05/24,0,0,-900000,-900000
2012/05/25,0,7000,0,7000
2012/05/28,0,1250000,0,1250000
2012/05/29,0,3000,-83000,-80000
2012/05/30,0,0,-9495,-9495
2012/05/31,0,0,-670000,-670000
2012/06/01,0,12000,-368054,-356054
2012/06/04,0,6000,-335000,-329000
2012/06/05,0,1010000,0,1010000
2012/06/06,0,0,-48000,-48000
2012/06/07,0,150000,-24994,125006
2012/06/08,0,983000,-911,982089
2012/06/11,0,27000,-150000,-123000
2012/06/12,0,140000,-50000,90000
2012/06/13,0,58000,0,58000
2012/06/14,0,35000,-1093000,-1058000
2012/06/15,0,0,-1300000,-1300000
2012/06/18,0,60000,0,60000
2012/06/19,0,0,-544000,-544000
2012/06/20,0,0,-600000,-600000
2012/06/21,0,0,-155000,-155000
2012/06/22,0,0,-200000,-200000
2012/06/25,0,0,-968000,-968000
2012/06/26,0,13,-282000,-281987
2012/06/27,0,0,-155000,-155000
2012/06/28,0,0,-156000,-156000
2012/06/29,0,0,-84000,-84000
2012/07/02,0,193000,-5000,188000
2012/07/03,0,432000,-345000,87000
2012/07/04,0,312301,0,312301
2012/07/05,0,123000,-2000,121000
2012/07/06,0,0,-109000,-109000
2012/07/09,0,0,-1000,-1000
2012/07/10,0,171000,-890000,-719000
2012/07/11,0,301000,-28000,273000
2012/07/12,0,70000,0,70000
2012/07/13,0,150000,0,150000
2012/07/16,0,250000,-81000,169000
2012/07/17,0,59000,0,59000
2012/07/18,0,8000,-200000,-192000
2012/07/19,0,1000,-105000,-104000
2012/07/20,0,0,0,0
2012/07/23,0,0,-5000,-5000
2012/07/24,0,0,-124000,-124000
2012/07/25,0,0,0,0
2012/07/26,0,17000,0,17000
2012/07/27,0,265000,-827000,-562000
2012/07/30,0,110000,0,110000
2012/07/31,0,0,0,0
2012/08/01,0,9000,0,9000
2012/08/02,0,0,0,0
2012/08/03,0,0,-619977,-619977
2012/08/06,0,23000,0,23000
2012/08/07,0,43000,-106000,-63000
2012/08/08,0,1000,-25000,-24000
2012/08/09,0,42000,-12000,30000
2012/08/10,0,1000,-10000,-9000
2012/08/13,0,0,-138000,-138000
2012/08/14,0,0,-1319000,-1319000
2012/08/15,0,281600,-27000,254600
2012/08/16,0,0,-72450,-72450
2012/08/17,0,33109,-102850,-69741
2012/08/20,0,2000,-5000,-3000
2012/08/21,0,0,-34998,-34998
2012/08/22,0,180000,-144000,36000
2012/08/23,0,73000,-19000,54000
2012/08/24,0,0,0,0
2012/08/27,0,101000,-42350,58650
2012/08/28,0,190000,-1000,189000
2012/08/29,0,410000,-172950,237050
2012/08/30,0,500000,0,500000
2012/08/31,0,8000,-111000,-103000
2012/09/03,0,5000,-104000,-99000
2012/09/04,0,0,-674000,-674000
2012/09/05,0,151000,-303961,-152961
2012/09/06,0,3000,-739000,-736000
2012/09/07,0,642000,-365000,277000
2012/09/10,0,535000,0,535000
2012/09/11,0,0,-267000,-267000
2012/09/12,0,10000,-500000,-490000
2012/09/13,0,1000,-344116,-343116
2012/09/14,0,0,0,0
2012/09/17,0,2000,0,2000
2012/09/18,0,0,-144000,-144000
2012/09/19,0,0,-2209392,-2209392
2012/09/20,0,0,-13000,-13000
2012/09/21,0,594000,-59000,535000
2012/09/24,0,3000,-10000,-7000
2012/09/25,0,0,-317000,-317000
2012/09/26,0,0,-17850,-17850
2012/09/27,0,62000,-353000,-291000
2012/09/28,0,3000,0,3000
2012/10/01,0,40000,-7000,33000
2012/10/02,0,30000,0,30000
2012/10/03,0,0,0,0
2012/10/04,0,129000,0,129000
2012/10/05,0,500000,-664250,-164250
2012/10/08,0,0,-1155000,-1155000
2012/10/09,0,0,-55000,-55000
2012/10/10,0,0,0,0
2012/10/11,0,51000,0,51000
2012/10/12,0,2000,-8200,-6200
2012/10/15,0,7000,0,7000
2012/10/16,0,0,-138064,-138064
2012/10/17,0,2000,0,2000
2012/10/18,0,11000,0,11000
2012/10/19,0,0,0,0
2012/10/22,0,0,0,0
2012/10/23,0,16000,-582000,-566000
2012/10/24,0,0,-550000,-550000
2012/10/25,0,0,-832000,-832000
2012/10/26,0,4000,0,4000
2012/10/29,0,8356,-674000,-665644
2012/10/30,0,0,-560000,-560000
2012/10/31,0,0,-9000,-9000
2012/11/01,0,6000,0,6000
2012/11/02,0,12000,0,12000
2012/11/05,0,0,-130000,-130000
2012/11/06,0,0,0,0
2012/11/07,0,1198000,0,1198000
2012/11/08,0,0,-8000,-8000
2012/11/09,0,701000,0,701000
2012/11/12,0,0,-1000,-1000
2012/11/13,0,3000,-84000,-81000
2012/11/14,0,0,-197500,-197500
2012/11/15,0,104000,-3000,101000
2012/11/16,0,400000,-12000,388000
2012/11/19,0,0,0,0
2012/11/20,0,0,0,0
2012/11/21,0,0,0,0
2012/11/22,0,0,-5000,-5000
2012/11/23,0,0,-832000,-832000
2012/11/26,0,300000,-534000,-234000
2012/11/27,0,89000,-544000,-455000
2012/11/28,0,95000,-8000,87000
2012/11/29,0,0,0,0
2012/11/30,0,270000,-111000,159000
2012/12/03,0,0,-8000,-8000
2012/12/04,0,0,-3000,-3000
2012/12/05,0,0,-2000,-2000
2012/12/06,0,0,0,0
2012/12/07,0,0,0,0
2012/12/10,0,0,-17000,-17000
2012/12/11,0,0,0,0
2012/12/12,0,0,0,0
2012/12/13,0,0,0,0
2012/12/14,0,0,-1000,-1000
2012/12/17,0,0,-12000,-12000
2012/12/18,0,0,-338850,-338850
2012/12/19,0,0,0,0
2012/12/20,0,0,-12000,-12000
2012/12/21,0,36000,-39000,-3000
2012/12/24,0,306000,0,306000
2012/12/25,0,273000,0,273000
2012/12/26,0,68000,0,68000
2012/12/27,0,0,0,0
2012/12/28,0,0,0,0
2012/12/31,0,0,0,0
2013/01/01,0,0,0,0
2013/01/02,0,7000,0,7000
2013/01/03,0,0,-3000,-3000
2013/01/04,0,0,-9000,-9000
2013/01/07,0,162000,-20000,142000
2013/01/08,0,0,-1000,-1000
2013/01/09,0,0,-4000,-4000
2013/01/10,0,0,0,0
2013/01/11,0,0,-5000,-5000
2013/01/14,0,32000,0,32000
2013/01/15,0,0,-3000,-3000
2013/01/16,0,133000,-2787000,-2654000
2013/01/17,0,3570000,-3251669,318331
2013/01/18,0,3040000,-2001000,1039000
2013/01/21,0,85000,-951000,-866000
2013/01/22,0,1475000,-1074000,401000
2013/01/23,0,200000,-2000,198000
2013/01/24,0,60000,-92000,-32000
2013/01/25,0,676000,-3000,673000
2013/01/28,0,213000,0,213000
2013/01/29,0,300000,-1000,299000
2013/01/30,0,500000,0,500000
2013/01/31,0,355000,-38000,317000
2013/02/01,0,0,-487000,-487000
2013/02/04,0,7000,-549000,-542000
2013/02/05,0,0,-730000,-730000
2013/02/06,0,2000,-112000,-110000
2013/02/07,0,0,0,0
2013/02/08,0,0,0,0
2013/02/11,0,0,0,0
2013/02/12,0,0,0,0
2013/02/13,0,0,0,0
2013/02/14,0,0,0,0
2013/02/15,0,0,0,0
2013/02/18,0,0,-23000,-23000
2013/02/19,0,0,-2000,-2000
2013/02/20,0,0,-716000,-716000
2013/02/21,0,0,-252000,-252000
2013/02/22,0,0,-1038000,-1038000
2013/02/25,0,0,-178000,-178000
2013/02/26,0,0,-1000,-1000
2013/02/27,0,200000,0,200000
2013/02/28,0,0,0,0
2013/03/01,0,250000,-300000,-50000
2013/03/04,0,100000,-30000,70000
2013/03/05,0,0,0,0
2013/03/06,0,0,-1232000,-1232000
2013/03/07,0,0,-2757000,-2757000
2013/03/08,0,0,-19000,-19000
2013/03/11,0,0,-1000,-1000
2013/03/12,0,150000,0,150000
2013/03/13,0,5000,-4000,1000
2013/03/14,0,439000,-247000,192000
2013/03/15,0,2679000,-4000,2675000
2013/03/18,0,321000,-456000,-135000
2013/03/19,0,0,0,0
2013/03/20,0,0,-1000,-1000
2013/03/21,0,0,0,0
2013/03/22,0,0,-2000,-2000
2013/03/25,0,0,0,0
2013/03/26,0,0,0,0
2013/03/27,0,1242000,-14000,1228000
2013/03/28,0,0,0,0
2013/03/29,0,0,0,0
2013/04/01,0,555000,-202000,353000
2013/04/02,0,0,-5000,-5000
2013/04/03,0,0,0,0
2013/04/04,0,0,0,0
2013/04/05,0,0,0,0
2013/04/08,0,0,-3000,-3000
2013/04/09,0,0,-1000,-1000
2013/04/10,0,0,0,0
2013/04/11,0,0,0,0
2013/04/12,0,0,-2000,-2000
2013/04/15,0,10000,-1000,9000
2013/04/16,0,179000,-1285000,-1106000
2013/04/17,0,78000,-393700,-315700
2013/04/18,0,0,-855000,-855000
2013/04/19,0,9976,0,9976
2013/04/22,0,0,-116949,-116949
2013/04/23,0,670000,-6000,664000
2013/04/24,0,0,-1000,-1000
2013/04/25,0,0,-6000,-6000
2013/04/26,0,0,-4000,-4000
2013/04/29,0,0,-3000,-3000
2013/04/30,0,0,0,0
2013/05/01,0,0,0,0
2013/05/02,0,0,0,0
2013/05/03,0,0,-9000,-9000
2013/05/06,0,0,-151000,-151000
2013/05/07,0,0,0,0
2013/05/08,0,0,0,0
2013/05/09,0,0,-2000,-2000
2013/05/10,0,0,-59000,-59000
2013/05/13,0,6000,-6000,0
2013/05/14,0,8000,0,8000
2013/05/15,0,50000,0,50000
2013/05/16,0,0,0,0
2013/05/17,0,0,-2000,-2000
2013/05/20,0,0,-142000,-142000
2013/05/21,0,0,0,0
2013/05/22,0,0,-12000,-12000
2013/05/23,0,0,-1000,-1000
2013/05/24,0,512000,-9000,503000
2013/05/27,0,1750000,-1000,1749000
2013/05/28,0,0,0,0
2013/05/29,0,0,0,0
2013/05/30,0,0,-1000,-1000
2013/05/31,0,0,0,0
2013/06/03,0,0,-12000,-12000
2013/06/04,0,0,0,0
2013/06/05,0,0,0,0
2013/06/06,0,0,0,0
2013/06/07,0,0,-70000,-70000
2013/06/10,0,2000,0,2000
2013/06/11,0,0,-728000,-728000
2013/06/12,0,0,0,0
2013/06/13,0,0,-21000,-21000
2013/06/14,0,0,-200000,-200000
2013/06/17,0,0,0,0
2013/06/18,0,0,-2000,-2000
2013/06/19,0,0,-1400000,-1400000
2013/06/20,0,0,-3279000,-3279000
2013/06/21,0,406000,-11508342,-11102342
2013/06/24,0,110000,-426717,-316717
2013/06/25,0,0,0,0
2013/06/26,0,0,-5000,-5000
2013/06/27,0,0,-1000,-1000
2013/06/28,0,1000,0,1000
2013/07/01,0,0,-44950,-44950
2013/07/02,0,0,-539050,-539050
2013/07/03,0,5000,-1907000,-1902000
2013/07/04,0,0,-893000,-893000
2013/07/05,0,0,-148000,-148000
2013/07/08,0,0,0,0
2013/07/09,0,0,-1298920,-1298920
2013/07/10,0,0,0,0
2013/07/11,0,0,-7743,-7743
2013/07/12,0,0,-7000,-7000
2013/07/15,0,0,0,0
2013/07/16,0,0,0,0
2013/07/17,0,0,0,0
2013/07/18,0,1000,0,1000
2013/07/19,0,1000,0,1000
2013/07/22,0,0,0,0
2013/07/23,0,1000,0,1000
2013/07/24,0,585000,0,585000
2013/07/25,0,0,0,0
2013/07/26,0,0,0,0
2013/07/29,0,0,0,0
2013/07/30,0,37000,-255000,-218000
2013/07/31,0,0,-2000,-2000
2013/08/01,0,180000,0,180000
2013/08/02,0,0,0,0
2013/08/05,0,6000,0,6000
2013/08/06,0,0,0,0
2013/08/07,0,0,0,0
2013/08/08,0,0,0,0
2013/08/09,0,0,-287000,-287000
2013/08/12,0,0,-167000,-167000
2013/08/13,0,10000,-167000,-157000
2013/08/14,0,203000,-166000,37000
2013/08/15,0,0,-4000,-4000
2013/08/16,0,18000,-1000,17000
2013/08/19,0,4000,0,4000
2013/08/20,0,0,-9000,-9000
2013/08/21,0,0,0,0
2013/08/22,0,4000,-9000,-5000
2013/08/23,0,7000,-7000,0
2013/08/26,0,11000,0,11000
2013/08/27,0,100000,0,100000
2013/08/28,0,347000,0,347000
2013/08/29,0,675000,0,675000
2013/08/30,0,686000,-3000,683000
2013/09/02,0,5246000,-10000,5236000
2013/09/03,0,10664651,0,10664651
2013/09/04,0,5377000,0,5377000
2013/09/05,0,1550000,-132000,1418000
2013/09/06,0,4615000,-50000,4565000
2013/09/09,0,322000,0,322000
2013/09/10,0,5647000,-1350,5645650
2013/09/11,0,810000,0,810000
2013/09/12,0,128000,-81000,47000
2013/09/13,0,1573000,0,1573000
2013/09/16,0,2000,0,2000
2013/09/17,0,0,0,0
2013/09/18,0,694000,-3000,691000
2013/09/19,0,0,0,0
2013/09/20,0,0,0,0
2013/09/23,0,0,-7000,-7000
2013/09/24,0,0,0,0
2013/09/25,0,0,0,0
2013/09/26,0,1000,0,1000
2013/09/27,0,0,0,0
2013/09/30,0,2000,-1286000,-1284000
2013/10/01,0,51000,-504000,-453000
2013/10/02,0,0,-817000,-817000
2013/10/03,0,54000,-530000,-476000
2013/10/04,0,0,-1385000,-1385000
2013/10/07,0,1000,-1031000,-1030000
2013/10/08,0,0,-92100,-92100
2013/10/09,0,0,-1325000,-1325000
2013/10/10,0,0,0,0
2013/10/11,0,0,-1607000,-1607000
2013/10/14,0,0,-330000,-330000
2013/10/15,0,0,-700000,-700000
2013/10/16,0,0,-5030000,-5030000
2013/10/17,0,0,-1650000,-1650000
2013/10/18,0,576000,0,576000
2013/10/21,0,57000,-6263000,-6206000
2013/10/22,0,3000000,-12000,2988000
2013/10/23,0,614000,-748000,-134000
2013/10/24,0,0,-2266000,-2266000
2013/10/25,0,0,-1997000,-1997000
2013/10/28,0,0,-984000,-984000
2013/10/29,0,0,-1962000,-1962000
2013/10/30,0,0,-125000,-125000
2013/10/31,0,0,-33000,-33000
2013/11/01,0,1000,0,1000
2013/11/04,0,0,0,0
2013/11/05,0,0,0,0
2013/11/06,0,0,0,0
2013/11/07,0,0,0,0
2013/11/08,0,0,-1000000,-1000000
2013/11/11,0,0,-1000,-1000
2013/11/12,0,0,0,0
2013/11/13,0,0,0,0
2013/11/14,0,0,0,0
2013/11/15,0,0,-3000,-3000
2013/11/18,0,0,0,0
2013/11/19,0,0,0,0
2013/11/20,0,0,0,0
2013/11/21,0,0,-1000,-1000
2013/11/22,0,1000,0,1000
2013/11/25,0,4525,0,4525
2013/11/26,0,0,0,0
2013/11/27,0,0,0,0
2013/11/28,0,0,0,0
2013/11/29,0,10000,0,10000
2013/12/02,0,0,0,0
2013/12/03,0,0,0,0
2013/12/04,0,0,-100000,-100000
2013/12/05,0,0,-200000,-200000
2013/12/06,0,0,-100000,-100000
2013/12/09,0,0,0,0
2013/12/10,0,5000,0,5000
2013/12/11,0,0,0,0
2013/12/12,0,0,0,0
2013/12/13,0,0,0,0
2013/12/16,0,0,-645000,-645000
2013/12/17,0,0,-2000,-2000
2013/12/18,0,0,0,0
2013/12/19,0,0,0,0
2013/12/20,0,203000,-3586000,-3383000
2013/12/23,0,0,0,0
2013/12/24,0,0,-376000,-376000
2013/12/25,0,0,-7000,-7000
2013/12/26,0,0,-1127000,-1127000
2013/12/27,0,3000,-1071000,-1068000
2013/12/30,0,25000,-1188000,-1163000
2013/12/31,0,0,-898000,-898000
2014/01/02,0,24000,-1001500,-977500
2014/01/03,0,0,-200000,-200000
2014/01/06,0,0,-95625,-95625
2014/01/07,0,0,-1000,-1000
2014/01/08,0,0,0,0
2014/01/09,0,0,0,0
2014/01/10,0,193000,0,193000
2014/01/13,0,248000,0,248000
2014/01/14,0,369000,0,369000
2014/01/15,0,5000,-1000,4000
2014/01/16,0,0,0,0
2014/01/17,0,0,-1815400,-1815400
2014/01/20,0,0,0,0
2014/01/21,0,0,-2000,-2000
2014/01/22,0,46000,-3000,43000
2014/01/23,0,0,-300000,-300000
2014/01/24,0,0,0,0
2014/01/27,0,0,-1000,-1000
2014/02/05,0,212000,0,212000
2014/02/06,0,151000,0,151000
2014/02/07,0,0,0,0
2014/02/10,0,78000,0,78000
2014/02/11,0,0,-1000,-1000
2014/02/12,0,0,0,0
2014/02/13,0,9000,-6000,3000
2014/02/14,0,548,0,548
2014/02/17,0,0,0,0
2014/02/18,0,0,0,0
2014/02/19,0,0,-1000,-1000
2014/02/20,0,0,-3000,-3000
2014/02/21,0,14000,-2000,12000
2014/02/24,0,0,-8000,-8000
2014/02/25,0,0,0,0
2014/02/26,0,0,0,0
2014/02/27,0,4000,-1000,3000
2014/03/03,0,0,0,0
2014/03/04,0,0,0,0
2014/03/05,0,0,0,0
2014/03/06,0,0,-2000,-2000
2014/03/07,0,0,-1000,-1000
2014/03/10,0,0,-8000,-8000
2014/03/11,0,0,-5000,-5000
2014/03/12,0,0,-1000,-1000
2014/03/13,0,0,0,0
2014/03/14,0,8000,-602000,-594000
2014/03/17,0,0,-1000,-1000
2014/03/18,0,0,0,0
2014/03/19,0,0,0,0
2014/03/20,0,0,0,0
2014/03/21,0,0,-336000,-336000
2014/03/24,0,0,0,0
2014/03/25,0,0,0,0
2014/03/26,0,0,0,0
2014/03/27,0,0,0,0
2014/03/28,0,0,-1000,-1000
2014/03/31,0,0,0,0
2014/04/01,0,0,-17000,-17000
2014/04/02,0,0,0,0
2014/04/03,0,84000,-1000,83000
2014/04/07,0,0,-17000,-17000
2014/04/08,0,0,0,0
2014/04/09,0,0,0,0
2014/04/10,0,4770,0,4770
2014/04/11,0,0,0,0
2014/04/14,0,0,0,0
2014/04/15,0,0,0,0
2014/04/16,0,0,0,0
2014/04/17,0,4000,-1000,3000
2014/04/18,0,0,-1000,-1000
2014/04/21,0,0,-57000,-57000
2014/04/22,0,0,-1000,-1000
2014/04/23,0,0,-2000,-2000
2014/04/24,0,0,0,0
2014/04/25,0,0,0,0
2014/04/28,0,0,0,0
2014/04/29,0,0,0,0
2014/04/30,0,5000,-28000,-23000
2014/05/02,0,0,0,0
2014/05/05,0,0,-9000,-9000
2014/05/06,0,0,-282000,-282000
2014/05/07,0,0,-239000,-239000
2014/05/08,0,2000,-220000,-218000
2014/05/09,0,0,-558000,-558000
2014/05/12,0,0,0,0
2014/05/13,0,0,0,0
2014/05/14,0,0,0,0
2014/05/15,0,0,0,0
2014/05/16,0,24000,0,24000
2014/05/19,0,0,-1000,-1000
2014/05/20,0,0,0,0
2014/05/21,0,0,0,0
2014/05/22,0,0,0,0
2014/05/23,0,0,0,0
2014/05/26,0,0,-130000,-130000
2014/05/27,0,0,-151000,-151000
2014/05/28,0,0,-7000,-7000
2014/05/29,0,0,-2000,-2000
2014/05/30,0,1000,-3000,-2000
2014/06/03,0,0,0,0
2014/06/04,0,0,0,0
2014/06/05,0,200000,0,200000
2014/06/06,0,966000,0,966000
2014/06/09,0,400000,0,400000
2014/06/10,0,790000,-7000,783000
2014/06/11,0,0,-10000,-10000
2014/06/12,0,636000,-7000,629000
2014/06/13,0,400000,-8000,392000
2014/06/16,0,447000,-568,446432
2014/06/17,0,162000,0,162000
2014/06/18,0,599000,0,599000
2014/06/19,0,96000,0,96000
2014/06/20,0,177000,-88000,89000
2014/06/23,0,0,-447000,-447000
2014/06/24,0,4000,-4000,0
2014/06/25,0,0,-4000,-4000
2014/06/26,0,0,0,0
2014/06/27,0,0,0,0
2014/06/30,0,3000,-2000,1000
2014/07/01,0,0,0,0
2014/07/02,0,0,-52172,-52172
2014/07/03,0,795000,0,795000
2014/07/04,0,320000,0,320000
2014/07/07,0,333000,0,333000
2014/07/08,0,0,-2000,-2000
2014/07/09,0,0,0,0
2014/07/10,0,0,-52000,-52000
2014/07/11,0,689000,0,689000
2014/07/14,0,0,0,0
2014/07/15,0,0,-7000,-7000
2014/07/16,0,622000,0,622000
2014/07/17,0,591000,-165000,426000
2014/07/18,0,0,0,0
2014/07/21,0,0,0,0
2014/07/22,0,172000,0,172000
2014/07/23,0,0,0,0
2014/07/24,0,5000,0,5000
2014/07/25,0,459000,0,459000
2014/07/28,0,307000,0,307000
2014/07/29,0,1403000,0,1403000
2014/07/30,0,2274000,0,2274000
2014/07/31,0,182000,0,182000
2014/08/01,0,31000,0,31000
2014/08/04,0,1063000,-1000,1062000
2014/08/05,0,350000,0,350000
2014/08/06,0,506000,0,506000
2014/08/07,0,47000,0,47000
2014/08/08,0,344000,0,344000
2014/08/11,0,244000,0,244000
2014/08/12,0,1380000,0,1380000
2014/08/13,0,264000,0,264000
2014/08/14,0,1531000,-182000,1349000
2014/08/15,0,137000,0,137000
2014/08/18,0,365000,0,365000
2014/08/19,0,181000,0,181000
2014/08/20,0,13000,0,13000
2014/08/21,0,20000,-112644,-92644
2014/08/22,0,159000,0,159000
2014/08/25,0,305000,0,305000
2014/08/26,0,1000,0,1000
2014/08/27,0,61000,0,61000
2014/08/28,0,17000,-113000,-96000
2014/08/29,0,0,-133000,-133000
2014/09/01,0,0,-434000,-434000
2014/09/02,0,0,-300000,-300000
2014/09/03,0,153000,-104088,48912
2014/09/04,0,10000,0,10000
2014/09/05,0,63000,-65000,-2000
2014/09/09,0,300000,-4020000,-3720000
2014/09/10,0,148000,-69,147931
2014/09/11,0,20000,-318516,-298516
2014/09/12,0,342000,-150000,192000
2014/09/15,0,0,-21000,-21000
2014/09/16,0,3000,-20000,-17000
2014/09/17,0,7000,0,7000
2014/09/18,0,10000,0,10000
2014/09/19,0,0,-1559000,-1559000
2014/09/22,0,22067,-67000,-44933
2014/09/23,0,184000,0,184000
2014/09/24,0,3000,-169000,-166000
2014/09/25,0,398000,-194166,203834
2014/09/26,0,0,0,0
2014/09/29,0,0,-295276,-295276
2014/09/30,0,21000,-124000,-103000
2014/10/01,0,0,-60000,-60000
2014/10/02,0,1208000,0,1208000
2014/10/03,0,0,0,0
2014/10/06,0,1314000,0,1314000
2014/10/07,0,847000,0,847000
2014/10/08,0,1000,0,1000
2014/10/09,0,0,-320,-320
2014/10/13,0,0,0,0
2014/10/14,0,510000,0,510000
2014/10/15,0,3000,0,3000
2014/10/16,0,0,0,0
2014/10/17,0,2000,0,2000
2014/10/20,0,0,0,0
2014/10/21,0,2000,0,2000
2014/10/22,0,0,0,0
2014/10/23,0,795000,0,795000
2014/10/24,0,0,0,0
2014/10/27,0,0,0,0
2014/10/28,0,360000,0,360000
2014/10/29,0,1750000,0,1750000
2014/10/30,0,0,-580021,-580021
2014/10/31,0,0,-2000,-2000
2014/11/03,0,0,-2000,-2000
2014/11/04,0,0,-231000,-231000
2014/11/05,0,0,-75000,-75000
2014/11/06,0,0,-4623000,-4623000
2014/11/07,0,0,-249647,-249647
2014/11/10,0,0,0,0
2014/11/11,0,18000,0,18000
2014/11/12,0,8000,0,8000
2014/11/13,0,0,0,0
2014/11/14,0,720000,0,720000
2014/11/17,0,0,0,0
2014/11/18,0,0,0,0
2014/11/19,0,0,0,0
2014/11/20,0,3000,0,3000
2014/11/21,0,37000,0,37000
2014/11/24,0,0,0,0
2014/11/25,0,1594000,-2734000,-1140000
2014/11/26,0,2000,0,2000
2014/11/27,0,1134000,-1000,1133000
2014/11/28,0,150000,0,150000
2014/12/01,0,0,0,0
2014/12/02,0,1400000,0,1400000
2014/12/03,0,0,-4000,-4000
2014/12/04,0,538000,0,538000
2014/12/05,0,0,-294000,-294000
2014/12/08,0,0,-2000,-2000
2014/12/09,0,526000,0,526000
2014/12/10,0,252000,-5000,247000
2014/12/11,0,508046,-132000,376046
2014/12/12,0,0,0,0
2014/12/15,0,0,-150000,-150000
2014/12/16,0,11000,-304000,-293000
2014/12/17,0,757000,-448000,309000
2014/12/18,0,0,0,0
2014/12/19,0,0,-14000,-14000
2014/12/22,0,261000,0,261000
2014/12/23,0,499000,0,499000
2014/12/24,0,297000,-400000,-103000
2014/12/25,0,1442000,0,1442000
2014/12/26,0,0,0,0
2014/12/29,0,40000,-1400000,-1360000
2014/12/30,0,391000,-2000,389000
2014/12/31,0,1000,-1000,0
2015/01/01,0,0,0,0
2015/01/02,0,0,0,0
2015/01/05,0,0,0,0
2015/01/06,0,0,-720000,-720000
2015/01/07,0,0,-2000,-2000
2015/01/08,0,0,0,0
2015/01/09,0,0,0,0
2015/01/12,0,348000,0,348000
2015/01/13,0,283000,-289000,-6000
2015/01/14,0,386000,-2000,384000
2015/01/15,0,0,0,0
2015/01/16,0,0,0,0
2015/01/19,0,108000,-68000,40000
2015/01/20,0,287000,-91000,196000
2015/01/21,0,0,-1133000,-1133000
2015/01/22,0,156000,-229000,-73000
2015/01/23,0,0,-274000,-274000
2015/01/26,0,0,0,0
2015/01/27,0,0,0,0
2015/01/28,0,0,0,0
2015/01/29,0,0,-510000,-510000
2015/01/30,0,0,-5000,-5000
2015/02/02,0,0,0,0
2015/02/03,0,78000,0,78000
2015/02/04,0,0,0,0
2015/02/05,0,0,0,0
2015/02/06,0,0,0,0
2015/02/09,0,5000,0,5000
2015/02/10,0,0,0,0
2015/02/11,0,0,0,0
2015/02/12,0,0,-1000,-1000
2015/02/13,0,0,-1422000,-1422000
2015/02/16,0,0,0,0
2015/02/17,0,0,0,0
2015/02/18,0,0,0,0
2015/02/19,0,0,0,0
2015/02/20,0,0,0,0
2015/02/23,0,0,0,0
2015/02/24,0,0,0,0
2015/02/25,0,0,0,0
2015/02/26,0,3000,-834000,-831000
2015/02/27,0,0,0,0
2015/03/02,0,384000,0,384000
2015/03/03,0,0,-1000,-1000
2015/03/04,0,0,-727000,-727000
2015/03/05,0,594000,-1133000,-539000
2015/03/06,0,0,-542000,-542000
2015/03/09,0,200000,-2000,198000
2015/03/10,0,0,0,0
2015/03/11,0,200000,-658000,-458000
2015/03/12,0,150000,-1068453,-918453
2015/03/13,0,0,-769000,-769000
2015/03/16,0,50000,-1590000,-1540000
2015/03/17,0,0,-138000,-138000
2015/03/18,0,100000,0,100000
2015/03/19,0,0,-11,-11
2015/03/20,0,671000,0,671000
2015/03/23,0,91000,0,91000
2015/03/24,0,0,0,0
2015/03/25,0,0,0,0
2015/03/26,0,0,-398000,-398000
2015/03/27,0,0,-84000,-84000
2015/03/30,0,0,0,0
2015/03/31,0,0,-28000,-28000
2015/04/01,0,0,0,0
2015/04/02,0,0,0,0
2015/04/03,0,0,0,0
2015/04/06,0,0,0,0
2015/04/07,0,0,0,0
2015/04/08,0,0,-135000,-135000
2015/04/09,0,0,0,0
2015/04/10,0,0,0,0
2015/04/13,0,0,0,0
2015/04/14,0,0,-747000,-747000
2015/04/15,0,0,-10000,-10000
2015/04/16,0,0,0,0
2015/04/17,0,0,-1160000,-1160000
2015/04/20,0,0,-688000,-688000
2015/04/21,0,0,-1763000,-1763000
2015/04/22,0,0,0,0
2015/04/23,0,0,-1530575,-1530575
2015/04/24,0,0,-509000,-509000
2015/04/27,0,0,0,0
2015/04/28,0,0,0,0
2015/04/29,0,0,-3000,-3000
2015/04/30,0,0,0,0
2015/05/01,0,0,0,0
2015/05/04,0,0,-88000,-88000
2015/05/05,0,0,-1000,-1000
2015/05/06,0,0,0,0
2015/05/07,0,0,-510000,-510000
2015/05/08,0,0,0,0
2015/05/11,0,0,-51000,-51000
2015/05/12,0,0,0,0
2015/05/13,0,0,0,0
2015/05/14,0,1000,0,1000
2015/05/15,0,500000,-20000,480000
2015/05/18,0,0,0,0
2015/05/19,0,0,0,0
2015/05/20,0,2000,0,2000
2015/05/21,0,0,0,0
2015/05/22,0,0,0,0
2015/05/25,0,0,0,0
2015/05/26,0,120000,0,120000
2015/05/27,0,0,0,0
2015/05/28,0,0,-31000,-31000
2015/05/29,0,0,0,0
2015/06/01,0,0,0,0
2015/06/02,0,0,0,0
2015/06/03,0,0,-300000,-300000
2015/06/04,0,1748,0,1748
2015/06/05,0,3000,-2000,1000
2015/06/08,0,0,-284000,-284000
2015/06/09,0,0,-200000,-200000
2015/06/10,0,0,-5000,-5000
2015/06/11,0,0,0,0
2015/06/12,0,0,-4000,-4000
2015/06/15,0,0,0,0
2015/06/16,0,0,0,0
2015/06/17,0,0,0,0
2015/06/18,0,110000,-5000,105000
2015/06/19,0,0,0,0
2015/06/22,0,1000000,-19000,981000
2015/06/23,0,0,0,0
2015/06/24,0,0,-1000,-1000
2015/06/25,0,1000000,0,1000000
2015/06/26,0,0,0,0
2015/06/29,0,0,-1000,-1000
2015/06/30,0,0,-120000,-120000
2015/07/01,0,0,-300000,-300000
2015/07/02,0,91000,0,91000
2015/07/03,0,108000,0,108000
2015/07/06,0,0,0,0
2015/07/07,0,0,0,0
2015/07/08,0,0,0,0
2015/07/09,0,1000,-7000,-6000
2015/07/10,0,0,0,0
2015/07/13,0,0,-30000,-30000
2015/07/14,0,0,0,0
2015/07/15,0,12000,0,12000
2015/07/16,0,0,0,0
2015/07/17,0,43000,0,43000
2015/07/20,0,1000000,0,1000000
2015/07/21,0,1000,0,1000
2015/07/22,0,0,-401,-401
2015/07/23,0,1000,0,1000
2015/07/24,0,48000,0,48000
2015/07/27,0,0,-128000,-128000
2015/07/28,0,23000,0,23000
2015/07/29,0,435000,0,435000
2015/07/30,0,4000,0,4000
2015/07/31,0,3000,0,3000
2015/08/03,0,9000,0,9000
2015/08/04,0,403000,0,403000
2015/08/05,0,0,0,0
2015/08/06,0,9000,0,9000
2015/08/07,0,335000,0,335000
2015/08/10,0,3000,0,3000
2015/08/11,0,3000,0,3000
2015/08/12,0,0,-5000,-5000
2015/08/13,0,7000,-700000,-693000
2015/08/14,0,0,-2140000,-2140000
2015/08/17,0,0,-1909000,-1909000
2015/08/18,0,0,-280000,-280000
2015/08/19,0,0,0,0
2015/08/20,0,1000,0,1000
2015/08/21,0,2000,0,2000
2015/08/24,0,0,0,0
2015/08/25,0,1000,0,1000
2015/08/26,0,56471,-820000,-763529
2015/08/27,0,0,-780000,-780000
2015/08/28,0,6000,0,6000
2015/08/31,0,36000,-78304,-42304
2015/09/01,0,39000,-12000,27000
2015/09/02,0,0,0,0
2015/09/03,0,31000,-938792,-907792
2015/09/04,0,6000,-3290,2710
2015/09/07,0,19000,0,19000
2015/09/08,0,9000,0,9000
2015/09/09,0,0,0,0
2015/09/10,0,0,0,0
2015/09/11,0,2419000,0,2419000
2015/09/14,0,4000,-209224,-205224
2015/09/15,0,4000,0,4000
2015/09/16,0,0,-150000,-150000
2015/09/17,0,0,0,0
2015/09/18,0,5817000,0,5817000
2015/09/21,0,27000,-4000,23000
2015/09/22,0,284,0,284
2015/09/23,0,500000,-250000,250000
2015/09/24,0,0,0,0
2015/09/25,0,0,0,0
2015/09/28,0,0,0,0
2015/09/29,0,0,0,0
2015/09/30,0,0,0,0
2015/10/01,0,5000,0,5000
2015/10/02,0,13000,0,13000
2015/10/05,0,2000,0,2000
2015/10/06,0,1000,0,1000
2015/10/07,0,2000,0,2000
2015/10/08,0,0,0,0
2015/10/09,0,0,0,0
2015/10/12,0,0,0,0
2015/10/13,0,0,0,0
2015/10/14,0,294000,0,294000
2015/10/15,0,0,0,0
2015/10/16,0,6000,0,6000
2015/10/19,0,0,0,0
2015/10/20,0,0,0,0
2015/10/21,0,0,0,0
2015/10/22,0,0,0,0
2015/10/23,0,0,-192000,-192000
2015/10/26,0,0,0,0
2015/10/27,0,0,0,0
2015/10/28,0,0,0,0
2015/10/29,0,0,0,0
2015/10/30,0,0,0,0
2015/11/02,0,0,-292000,-292000
2015/11/03,0,5000,0,5000
2015/11/04,0,14000,0,14000
2015/11/05,0,0,0,0
2015/11/06,0,0,0,0
2015/11/09,0,93000,0,93000
2015/11/10,0,0,-1510000,-1510000
2015/11/11,0,0,0,0
2015/11/12,0,0,0,0
2015/11/13,0,0,-600000,-600000
2015/11/16,0,0,0,0
2015/11/17,0,0,0,0
2015/11/18,0,1000,0,1000
2015/11/19,0,0,0,0
2015/11/20,0,0,-4000,-4000
2015/11/23,0,0,-1000,-1000
2015/11/24,0,880000,-2000,878000
2015/11/25,0,0,0,0
2015/11/26,0,0,0,0
2015/11/27,0,0,0,0
2015/11/30,0,1000,0,1000
2015/12/01,0,0,0,0
2015/12/02,0,0,0,0
2015/12/03,0,0,0,0
2015/12/04,0,0,0,0
2015/12/07,0,0,0,0
2015/12/08,0,1184000,0,1184000
2015/12/09,0,2490000,0,2490000
2015/12/10,0,1597000,0,1597000
2015/12/11,0,1217000,0,1217000
2015/12/14,0,0,-2309,-2309
2015/12/15,0,248000,0,248000
2015/12/16,0,151000,0,151000
2015/12/17,0,147000,0,147000
2015/12/18,0,3363000,0,3363000
2015/12/21,0,349000,0,349000
2015/12/22,0,300000,-500000,-200000
2015/12/23,0,300000,0,300000
2015/12/24,0,0,0,0
2015/12/25,0,0,0,0
2015/12/28,0,603000,0,603000
2015/12/29,0,77000,0,77000
2015/12/30,0,0,-150000,-150000
2015/12/31,0,0,0,0
2016/01/01,0,0,0,0
2016/01/04,0,0,0,0
2016/01/05,0,800000,-780000,20000
2016/01/06,0,0,-2354000,-2354000
2016/01/07,0,0,0,0
2016/01/08,0,400000,0,400000
2016/01/11,0,0,0,0
2016/01/12,0,0,-1000,-1000
2016/01/13,0,0,-912000,-912000
2016/01/14,0,0,-408000,-408000
2016/01/15,0,0,-17000,-17000
2016/01/18,0,0,-965000,-965000
2016/01/19,0,0,-272000,-272000
2016/01/20,0,500000,-17000,483000
2016/01/21,0,250000,-268733,-18733
2016/01/22,0,0,-396000,-396000
2016/01/25,0,250000,0,250000
2016/01/26,0,80000,0,80000
2016/01/27,0,0,0,0
2016/01/28,0,0,0,0
2016/01/29,0,1000,0,1000
2016/02/01,0,100000,0,100000
2016/02/02,0,0,0,0
2016/02/03,0,0,-265000,-265000
2016/02/04,0,0,0,0
2016/02/05,0,0,0,0
2016/02/08,0,0,0,0
2016/02/09,0,0,0,0
2016/02/10,0,0,0,0
2016/02/11,0,0,0,0
2016/02/12,0,0,0,0
2016/02/15,0,2107,-499000,-496893
2016/02/16,0,0,0,0
2016/02/17,0,1000,0,1000
2016/02/18,0,100000,0,100000
2016/02/19,0,3000,-4000,-1000
2016/02/22,0,0,0,0
2016/02/23,0,0,0,0
2016/02/24,0,0,0,0
2016/02/25,0,0,0,0
2016/02/26,0,0,0,0
2016/02/29,0,0,0,0
2016/03/01,0,0,0,0
2016/03/02,0,0,-2000,-2000
2016/03/03,0,0,0,0
2016/03/04,0,40000,0,40000
2016/03/07,0,0,0,0
2016/03/08,0,0,-689000,-689000
2016/03/09,0,0,0,0
2016/03/10,0,0,0,0
2016/03/11,0,0,0,0
2016/03/14,0,0,-175000,-175000
2016/03/15,0,0,0,0
2016/03/16,0,0,0,0
2016/03/17,0,0,0,0
2016/03/18,0,0,-7031000,-7031000
2016/03/21,0,797000,-100000,697000
2016/03/22,0,34000,0,34000
2016/03/23,0,0,-1000000,-1000000
2016/03/24,0,0,0,0
2016/03/25,0,0,0,0
2016/03/28,0,0,-410000,-410000
2016/03/29,0,1000,-1221000,-1220000
2016/03/30,0,0,-686000,-686000
2016/03/31,0,0,-870000,-870000
2016/04/01,0,0,0,0
2016/04/04,0,0,0,0
2016/04/05,0,0,0,0
2016/04/06,0,0,0,0
2016/04/07,0,0,-2000,-2000
2016/04/08,0,0,0,0
2016/04/11,0,0,0,0
2016/04/12,0,0,0,0
2016/04/13,0,0,0,0
2016/04/14,0,0,0,0
2016/04/15,0,0,-206000,-206000
2016/04/18,0,0,0,0
2016/04/19,0,0,0,0
2016/04/20,0,0,-2000,-2000
2016/04/21,0,0,-74000,-74000
2016/04/22,0,0,0,0
2016/04/25,0,0,-1000,-1000
2016/04/26,0,0,0,0
2016/04/27,0,0,0,0
2016/04/28,0,0,0,0
2016/04/29,0,0,0,0
2016/05/02,0,0,0,0
2016/05/03,0,0,-9000,-9000
2016/05/04,0,0,0,0
2016/05/05,0,0,0,0
2016/05/06,0,0,0,0
2016/05/09,0,0,0,0
2016/05/10,0,0,-640,-640
2016/05/11,0,0,0,0
2016/05/12,0,0,0,0
2016/05/13,0,0,0,0
2016/05/16,0,0,0,0
2016/05/17,0,0,0,0
2016/05/18,0,0,0,0
2016/05/19,0,0,0,0
2016/05/20,0,0,-2000,-2000
2016/05/23,0,0,0,0
2016/05/24,0,0,0,0
2016/05/25,0,0,0,0
2016/05/26,0,65000,-279000,-214000
2016/05/27,0,0,-175000,-175000
2016/05/30,0,0,0,0
2016/05/31,0,0,-151000,-151000
2016/06/01,0,0,0,0
2016/06/02,0,0,0,0
2016/06/03,0,0,-1000,-1000
2016/06/06,0,0,-200000,-200000
2016/06/07,0,0,0,0
2016/06/08,0,0,0,0
2016/06/09,0,0,0,0
2016/06/10,0,0,0,0
2016/06/13,0,0,0,0
2016/06/14,0,0,0,0
2016/06/15,0,1500000,0,1500000
2016/06/16,0,0,0,0
2016/06/17,0,155000,0,155000
2016/06/20,0,0,-450000,-450000
2016/06/21,0,1600000,-1208000,392000
2016/06/22,0,0,0,0
2016/06/23,0,1600000,0,1600000
2016/06/24,0,0,-62000,-62000
2016/06/27,0,0,0,0
2016/06/28,0,1000,-500000,-499000
2016/06/29,0,0,-1500898,-1500898
2016/06/30,0,0,0,0
2016/07/01,0,0,0,0
2016/07/04,0,0,0,0
2016/07/05,0,0,0,0
2016/07/06,0,0,-523,-523
2016/07/07,0,0,0,0
2016/07/08,0,0,0,0
2016/07/11,0,0,0,0
2016/07/12,0,0,0,0
2016/07/13,0,0,0,0
2016/07/14,0,0,-1000,-1000
2016/07/15,0,0,0,0
2016/07/18,0,0,0,0
2016/07/19,0,29000,-1000,28000
2016/07/20,0,0,-2000,-2000
2016/07/21,0,1000,-4000,-3000
2016/07/22,0,2000,-2000,0
2016/07/25,0,30000,0,30000
2016/07/26,0,11000,0,11000
2016/07/27,0,0,0,0
2016/07/28,0,0,0,0
2016/07/29,0,0,-3232,-3232
2016/08/01,0,0,0,0
2016/08/02,0,0,-328000,-328000
2016/08/03,0,0,-252000,-252000
2016/08/04,0,1000,-520000,-519000
2016/08/05,0,0,-7000,-7000
2016/08/08,0,10000,-1000,9000
2016/08/09,0,20000,0,20000
2016/08/10,0,0,0,0
2016/08/11,0,0,-3200000,-3200000
2016/08/12,0,34000,-1000,33000
2016/08/15,0,33000,0,33000
2016/08/16,0,0,-1000,-1000
2016/08/17,0,10000,0,10000
2016/08/18,0,0,0,0
2016/08/19,0,6000,0,6000
2016/08/22,0,0,0,0
2016/08/23,0,13000,0,13000
2016/08/24,0,0,-1000,-1000
2016/08/25,0,6000,0,6000
2016/08/26,0,1000,0,1000
2016/08/29,0,16000,0,16000
2016/08/30,0,23000,0,23000
2016/08/31,0,0,0,0
2016/09/01,0,1000,-95722,-94722
2016/09/02,0,3000,0,3000
2016/09/05,0,0,0,0
2016/09/06,0,0,0,0
2016/09/07,0,0,0,0
2016/09/08,0,0,0,0
2016/09/09,0,0,0,0
2016/09/12,0,0,-2000,-2000
2016/09/13,0,0,-9000,-9000
2016/09/14,0,0,-131000,-131000
2016/09/15,0,0,0,0
2016/09/16,0,0,0,0
2016/09/19,0,0,0,0
2016/09/20,0,0,0,0
2016/09/21,0,0,0,0
2016/09/22,0,800000,0,800000
2016/09/23,0,1400000,0,1400000
2016/09/26,0,713000,0,713000
2016/09/27,0,0,0,0
2016/09/28,0,0,0,0
2016/09/29,0,1033000,0,1033000
2016/09/30,0,1115508,0,1115508
2016/10/03,0,0,0,0
2016/10/04,0,383000,0,383000
2016/10/05,0,2665000,0,2665000
2016/10/06,0,1389000,0,1389000
2016/10/07,0,0,0,0
2016/10/10,0,0,0,0
2016/10/11,0,401000,0,401000
2016/10/12,0,400000,0,400000
2016/10/13,0,1000,0,1000
2016/10/14,0,0,0,0
2016/10/17,0,0,0,0
2016/10/18,0,0,0,0
2016/10/19,0,0,0,0
2016/10/20,0,26000,0,26000
2016/10/21,0,26000,0,26000
2016/10/24,0,0,0,0
2016/10/25,0,0,-68000,-68000
2016/10/26,0,0,0,0
2016/10/27,0,0,0,0
2016/10/28,0,0,0,0
2016/10/31,0,0,0,0
2016/11/01,0,0,0,0
2016/11/02,0,0,-184,-184
2016/11/03,0,0,-1000,-1000
2016/11/04,0,150,0,150
2016/11/07,0,0,0,0
2016/11/08,0,0,0,0
2016/11/09,0,0,0,0
2016/11/10,0,763000,0,763000
2016/11/11,0,0,0,0
2016/11/14,0,500000,0,500000
2016/11/15,0,0,0,0
2016/11/16,0,599000,0,599000
2016/11/17,0,120000,0,120000
2016/11/18,0,367000,0,367000
2016/11/21,0,0,0,0
2016/11/22,0,54000,0,54000
2016/11/23,0,0,0,0
2016/11/24,0,0,0,0
2016/11/25,0,0,0,0
2016/11/28,0,0,0,0
2016/11/29,0,13000,-1000000,-987000
2016/11/30,0,0,-2000,-2000
2016/12/01,0,4000,0,4000
2016/12/02,0,0,0,0
2016/12/05,0,0,-300000,-300000
2016/12/06,0,0,0,0
2016/12/07,0,0,-780000,-780000
2016/12/08,0,0,0,0
2016/12/09,0,0,0,0
2016/12/12,0,0,0,0
2016/12/13,0,0,0,0
2016/12/14,0,0,0,0
2016/12/15,0,0,0,0
2016/12/16,0,0,-506600,-506600
2016/12/19,0,0,0,0
2016/12/20,0,0,0,0
2016/12/21,0,0,0,0
2016/12/22,0,0,0,0
2016/12/23,0,0,0,0
2016/12/26,0,0,0,0
2016/12/27,0,0,0,0
2016/12/28,0,0,0,0
2016/12/29,0,0,0,0
2016/12/30,0,950000,0,950000
2017/01/02,0,0,0,0
2017/01/03,0,600000,-306000,294000
2017/01/04,0,0,0,0
2017/01/05,0,42000,-644000,-602000
2017/01/06,0,571000,-111000,460000
2017/01/09,0,0,0,0
2017/01/10,0,650000,0,650000
2017/01/11,0,70000,0,70000
2017/01/12,0,792000,0,792000
2017/01/13,0,33000,0,33000
2017/01/16,0,0,0,0
2017/01/17,0,0,0,0
2017/01/18,0,34000,0,34000
2017/01/19,0,0,0,0
2017/01/20,0,0,0,0
2017/01/23,0,230000,-81,229919
2017/01/24,0,0,0,0
2017/01/25,0,0,0,0
2017/01/26,0,0,0,0
2017/01/27,0,0,0,0
2017/01/30,0,0,0,0
2017/01/31,0,0,0,0
2017/02/01,0,0,0,0
2017/02/02,0,306000,0,306000
2017/02/03,0,18000,-480000,-462000
2017/02/06,0,0,0,0
2017/02/07,0,0,0,0
2017/02/08,0,0,0,0
2017/02/09,0,0,-149000,-149000
2017/02/10,0,0,-344000,-344000
2017/02/13,0,0,-478000,-478000
2017/02/14,0,0,0,0
2017/02/15,0,0,-363000,-363000
2017/02/16,0,0,-1554000,-1554000
2017/02/17,0,0,-1103000,-1103000
2017/02/20,0,0,-585000,-585000
2017/02/21,0,0,-765000,-765000
2017/02/22,0,0,-386000,-386000
2017/02/23,0,0,0,0
2017/02/24,0,1000,0,1000
2017/02/27,0,0,0,0
2017/02/28,0,0,0,0
2017/03/01,0,0,0,0
2017/03/02,0,0,0,0
2017/03/03,0,0,-100000,-100000
2017/03/06,0,0,0,0
2017/03/07,0,0,0,0
2017/03/08,0,0,0,0
2017/03/09,0,0,0,0
2017/03/10,0,0,0,0
2017/03/13,0,0,0,0
2017/03/14,0,0,0,0
2017/03/15,0,0,0,0
2017/03/16,0,101000,0,101000
2017/03/17,0,122000,-6000,116000
2017/03/20,0,83000,0,83000
2017/03/21,0,158000,-43000,115000
2017/03/22,0,50000,0,50000
2017/03/23,0,0,0,0
2017/03/24,0,0,0,0
2017/03/27,0,189000,0,189000
2017/03/28,0,0,0,0
2017/03/29,0,127000,-40000,87000
2017/03/30,0,38000,0,38000
2017/03/31,0,37000,0,37000
2017/04/03,0,0,0,0
2017/04/04,0,0,0,0
2017/04/05,0,114000,0,114000
2017/04/06,0,182000,0,182000
2017/04/07,0,39000,0,39000
2017/04/10,0,0,-120000,-120000
2017/04/11,0,77000,-20000,57000
2017/04/12,0,0,-101000,-101000
2017/04/13,0,1000,-80000,-79000
2017/04/14,0,0,-7000,-7000
2017/04/17,0,0,-1146000,-1146000
2017/04/18,0,0,-58000,-58000
2017/04/19,0,45000,-1560000,-1515000
2017/04/20,0,0,-592000,-592000
2017/04/21,0,0,0,0
2017/04/24,0,39000,0,39000
2017/04/25,0,0,-276,-276
2017/04/26,0,0,0,0
2017/04/27,0,0,0,0
2017/04/28,0,0,0,0
2017/05/01,0,0,0,0
2017/05/02,0,0,-4000,-4000
2017/05/03,0,0,0,0
2017/05/04,0,0,-78000,-78000
2017/05/05,0,0,-122000,-122000
2017/05/08,0,0,-173000,-173000
2017/05/09,0,0,0,0
2017/05/10,0,0,0,0
2017/05/11,0,0,0,0
2017/05/12,0,0,0,0
2017/05/15,0,104000,0,104000
2017/05/16,0,305000,0,305000
2017/05/17,0,0,-550000,-550000
2017/05/18,0,0,-652000,-652000
2017/05/19,0,21000,-325000,-304000
2017/05/22,0,0,-898000,-898000
2017/05/23,0,0,0,0
2017/05/24,0,0,-181000,-181000
2017/05/25,0,0,-3000,-3000
2017/05/26,0,0,-14000,-14000
2017/05/29,0,0,0,0
2017/05/30,0,0,0,0
2017/05/31,0,0,0,0
2017/06/01,0,0,0,0
2017/06/02,0,0,-10000,-10000
2017/06/05,0,0,-73000,-73000
2017/06/06,0,0,-106000,-106000
2017/06/07,0,0,-4000,-4000
2017/06/08,0,0,0,0
2017/06/09,0,891000,-4000,887000
2017/06/12,0,150000,0,150000
2017/06/13,0,150000,0,150000
2017/06/14,0,0,0,0
2017/06/15,0,0,-733000,-733000
2017/06/16,0,0,-1766000,-1766000
2017/06/19,0,92000,-6000,86000
2017/06/20,0,2000,-8000,-6000
2017/06/21,0,7000,-35000,-28000
2017/06/22,0,0,-36000,-36000
2017/06/23,0,100000,-38000,62000
2017/06/26,0,0,-4000,-4000
2017/06/27,0,0,-30000,-30000
2017/06/28,0,0,-32000,-32000
2017/06/29,0,2000,-34000,-32000
2017/06/30,0,6000,0,6000
2017/07/03,0,0,0,0
2017/07/04,0,0,-2000,-2000
2017/07/05,0,0,-130000,-130000
2017/07/06,0,0,0,0
2017/07/07,0,0,0,0
2017/07/10,0,0,-203000,-203000
2017/07/11,0,0,0,0
2017/07/12,0,570000,-5000,565000
2017/07/13,0,0,-5000,-5000
2017/07/14,0,0,-145000,-145000
2017/07/17,0,12,0,12
2017/07/18,0,8000,0,8000
2017/07/19,0,0,0,0
2017/07/20,0,2000,-860000,-858000
2017/07/21,0,0,0,0
2017/07/24,0,0,0,0
2017/07/25,0,1000,-91000,-90000
2017/07/26,0,1000,0,1000
2017/07/27,0,0,0,0
2017/07/28,0,0,0,0
2017/07/31,0,0,0,0
2017/08/01,0,0,-2000,-2000
2017/08/02,0,5000,0,5000
2017/08/03,0,0,0,0
2017/08/04,0,0,-3000,-3000
2017/08/07,0,13000,0,13000
2017/08/08,0,0,-3000,-3000
2017/08/09,0,23000,0,23000
2017/08/10,0,14000,0,14000
2017/08/11,0,0,0,0
2017/08/14,0,0,0,0
2017/08/15,0,0,-570000,-570000
2017/08/16,0,21000,0,21000
2017/08/17,0,0,0,0
2017/08/18,0,0,-1000,-1000
