Date,Open,Buy,Sell,Total
2007/04/23,0,147000,-3000,144000
2007/04/24,0,10000,-5000,5000
2007/04/25,0,5000,-53000,-48000
2007/04/26,0,4000,-1000,3000
2007/04/27,0,50000,0,50000
2007/04/30,0,0,-106000,-106000
2007/05/01,0,0,0,0
2007/05/02,0,8000,-50000,-42000
2007/05/03,0,22000,-10000,12000
2007/05/04,0,1516000,-20,1515980
2007/05/07,0,252000,-110000,142000
2007/05/08,0,286000,-337000,-51000
2007/05/09,0,0,-720000,-720000
2007/05/10,0,1000,-25000,-24000
2007/05/11,0,1000,-48000,-47000
2007/05/14,0,0,-24700,-24700
2007/05/15,0,15000,-4000,11000
2007/05/16,0,153000,-39000,114000
2007/05/17,0,50000,-67000,-17000
2007/05/18,0,2000,-57000,-55000
2007/05/21,0,0,-32000,-32000
2007/05/22,0,0,-44000,-44000
2007/05/23,0,64000,-2000,62000
2007/05/24,0,30000,-10000,20000
2007/05/25,0,204000,0,204000
2007/05/28,0,53000,-15000,38000
2007/05/29,0,61000,-211000,-150000
2007/05/30,0,150000,-79000,71000
2007/05/31,0,973000,-478000,495000
2007/06/01,0,198000,-15000,183000
2007/06/04,0,252000,-41000,211000
2007/06/05,0,0,-38000,-38000
2007/06/06,0,2000,-130000,-128000
2007/06/07,0,978000,-141824,836176
2007/06/08,0,6000,-189000,-183000
2007/06/11,0,150000,-380000,-230000
2007/06/12,0,32000,-40000,-8000
2007/06/13,0,103000,-16000,87000
2007/06/14,0,65000,-225000,-160000
2007/06/15,0,60000,-235000,-175000
2007/06/18,0,0,0,0
2007/06/19,0,0,0,0
2007/06/20,0,429000,-90000,339000
2007/06/21,0,140000,-10000,130000
2007/06/22,0,176000,-950000,-774000
2007/06/25,0,25000,-113000,-88000
2007/06/26,0,7000,-20000,-13000
2007/06/27,0,1000,-10000,-9000
2007/06/28,0,103000,-8000,95000
2007/06/29,0,885000,-207000,678000
2007/07/02,0,384000,-62000,322000
2007/07/03,0,45000,-147000,-102000
2007/07/04,0,20000,-107000,-87000
2007/07/05,0,22000,-65000,-43000
2007/07/06,0,87000,-36000,51000
2007/07/09,0,282000,-74000,208000
2007/07/10,0,17000,-66000,-49000
2007/07/11,0,48000,-169948,-121948
2007/07/12,0,126000,-679000,-553000
2007/07/13,0,114000,-344943,-230943
2007/07/16,0,23000,-382000,-359000
2007/07/17,0,25000,-120000,-95000
2007/07/18,0,113000,-752000,-639000
2007/07/19,0,14000,-189938,-175938
2007/07/20,0,13000,-11164,1836
2007/07/23,0,14000,-85000,-71000
2007/07/24,0,56000,-16000,40000
2007/07/25,0,315000,0,315000
2007/07/26,0,17000,-24000,-7000
2007/07/27,0,4000,-147000,-143000
2007/07/30,0,16000,-421000,-405000
2007/07/31,0,721000,-52000,669000
2007/08/01,0,254000,-650000,-396000
2007/08/02,0,97000,-93515,3485
2007/08/03,0,106000,-27000,79000
2007/08/06,0,20000,-212000,-192000
2007/08/07,0,12000,-62000,-50000
2007/08/08,0,40000,-27000,13000
2007/08/09,0,0,-44336,-44336
2007/08/10,0,20000,-248000,-228000
2007/08/13,0,0,-175000,-175000
2007/08/14,0,2000,-103000,-101000
2007/08/15,0,186000,-184000,2000
2007/08/16,0,54000,-16000,38000
2007/08/17,0,615000,-252000,363000
2007/08/20,0,77000,-3000,74000
2007/08/21,0,4000,0,4000
2007/08/22,0,56000,-3000,53000
2007/08/23,0,140000,-9000,131000
2007/08/24,0,57000,-90000,-33000
2007/08/27,0,20000,-149000,-129000
2007/08/28,0,3000,-3000,0
2007/08/29,0,106000,-5000,101000
2007/08/30,0,198000,-11000,187000
2007/08/31,0,103604,-2000,101604
2007/09/03,0,391000,-123237,267763
2007/09/04,0,19000,-39000,-20000
2007/09/05,0,240000,-3000,237000
2007/09/06,0,21000,0,21000
2007/09/07,0,305000,-40000,265000
2007/09/10,0,60000,-12000,48000
2007/09/11,0,0,-9878,-9878
2007/09/12,0,320000,-2000,318000
2007/09/13,0,51000,-212000,-161000
2007/09/14,0,77000,-24000,53000
2007/09/17,0,51000,-714493,-663493
2007/09/18,0,0,0,0
2007/09/19,0,0,-62090,-62090
2007/09/20,0,15000,-6000,9000
2007/09/21,0,56000,-201000,-145000
2007/09/24,0,0,0,0
2007/09/25,0,0,0,0
2007/09/26,0,121000,0,121000
2007/09/27,0,735000,-46000,689000
2007/09/28,0,43000,-14000,29000
2007/10/01,0,16000,-22000,-6000
2007/10/02,0,507000,-235000,272000
2007/10/03,0,573000,-306000,267000
2007/10/04,0,119000,-334000,-215000
2007/10/05,0,103000,-383000,-280000
2007/10/08,0,78000,-635000,-557000
2007/10/09,0,1000,-334000,-333000
2007/10/10,0,0,0,0
2007/10/11,0,91000,-28921,62079
2007/10/12,0,260000,-281000,-21000
2007/10/15,0,456000,-53000,403000
2007/10/16,0,445000,0,445000
2007/10/17,0,135000,-20000,115000
2007/10/18,0,591000,-23000,568000
2007/10/19,0,30000,-788000,-758000
2007/10/22,0,88000,-182000,-94000
2007/10/23,0,104000,-115000,-11000
2007/10/24,0,14000,-128782,-114782
2007/10/25,0,42000,-30000,12000
2007/10/26,0,1000,-51000,-50000
2007/10/29,0,327000,-285916,41084
2007/10/30,0,70000,-44000,26000
2007/10/31,0,13000,-13000,0
2007/11/01,0,35000,-31000,4000
2007/11/02,0,753000,-301000,452000
2007/11/05,0,91000,-108000,-17000
2007/11/06,0,53000,-550000,-497000
2007/11/07,0,18000,-248000,-230000
2007/11/08,0,13000,-620000,-607000
2007/11/09,0,11000,-247000,-236000
2007/11/12,0,10000,-130000,-120000
2007/11/13,0,17000,-37000,-20000
2007/11/14,0,0,-11000,-11000
2007/11/15,0,11000,-1000,10000
2007/11/16,0,10000,-35000,-25000
2007/11/19,0,10000,-15000,-5000
2007/11/20,0,6000,-139000,-133000
2007/11/21,0,28000,-48000,-20000
2007/11/22,0,15000,-352000,-337000
2007/11/23,0,10000,-152000,-142000
2007/11/26,0,86000,-5000,81000
2007/11/27,0,36000,-66000,-30000
2007/11/28,0,4000,-36000,-32000
2007/11/29,0,0,-15000,-15000
2007/11/30,0,0,-137000,-137000
2007/12/03,0,557000,-10000,547000
2007/12/04,0,77000,0,77000
2007/12/05,0,157000,0,157000
2007/12/06,0,294000,-92000,202000
2007/12/07,0,145000,-94000,51000
2007/12/10,0,456000,-79000,377000
2007/12/11,0,10000,-305000,-295000
2007/12/12,0,87000,0,87000
2007/12/13,0,65000,-755000,-690000
2007/12/14,0,14000,-51000,-37000
2007/12/17,0,11000,-77000,-66000
2007/12/18,0,63000,-55000,8000
2007/12/19,0,287000,-48000,239000
2007/12/20,0,251000,-83000,168000
2007/12/21,0,266000,-125000,141000
2007/12/24,0,122000,-13000,109000
2007/12/25,0,11000,-15000,-4000
2007/12/26,0,105000,-15000,90000
2007/12/27,0,14000,-8000,6000
2007/12/28,0,75000,-89128,-14128
2007/12/31,0,6000,-151000,-145000
2008/01/01,0,0,0,0
2008/01/02,0,27000,-48000,-21000
2008/01/03,0,50000,-10000,40000
2008/01/04,0,60000,-397000,-337000
2008/01/07,0,190000,-83000,107000
2008/01/08,0,399000,-49000,350000
2008/01/09,0,4000,-312000,-308000
2008/01/10,0,51000,-694000,-643000
2008/01/11,0,1000,-1000,0
2008/01/14,0,211000,-92000,119000
2008/01/15,0,177000,-165000,12000
2008/01/16,0,243000,-7000,236000
2008/01/17,0,59000,-16000,43000
2008/01/18,0,256000,-381000,-125000
2008/01/21,0,45000,-14000,31000
2008/01/22,0,150000,-1000,149000
2008/01/23,0,228000,-224000,4000
2008/01/24,0,61000,-66000,-5000
2008/01/25,0,212000,-13000,199000
2008/01/28,0,50000,-395000,-345000
2008/01/29,0,5000,-87000,-82000
2008/01/30,0,4000,-73000,-69000
2008/01/31,0,52000,-198000,-146000
2008/02/01,0,217000,-1000,216000
2008/02/04,0,0,0,0
2008/02/05,0,0,0,0
2008/02/06,0,0,0,0
2008/02/07,0,0,0,0
2008/02/08,0,0,0,0
2008/02/11,0,0,0,0
2008/02/12,0,3000,-55871,-52871
2008/02/13,0,10000,-6000,4000
2008/02/14,0,386000,-360000,26000
2008/02/15,0,153000,-9170,143830
2008/02/18,0,12000,-22000,-10000
2008/02/19,0,499000,-323000,176000
2008/02/20,0,89000,-269000,-180000
2008/02/21,0,203000,-75000,128000
2008/02/22,0,146000,0,146000
2008/02/25,0,137000,-150180,-13180
2008/02/26,0,113000,-81708,31292
2008/02/27,0,207000,-37472,169528
2008/02/28,0,0,0,0
2008/02/29,0,205000,-16000,189000
2008/03/03,0,1350000,-361854,988146
2008/03/04,0,83000,-237000,-154000
2008/03/05,0,0,-56000,-56000
2008/03/06,0,622000,-456708,165292
2008/03/07,0,9000,-1117000,-1108000
2008/03/10,0,43000,-715000,-672000
2008/03/11,0,31000,-5000,26000
2008/03/12,0,6000,-61030,-55030
2008/03/13,0,27000,-56466,-29466
2008/03/14,0,2000,-87000,-85000
2008/03/17,0,5000,-63000,-58000
2008/03/18,0,49000,-3000,46000
2008/03/19,0,4000,-2000,2000
2008/03/20,0,105000,-3000,102000
2008/03/21,0,452000,-27000,425000
2008/03/24,0,29000,-455000,-426000
2008/03/25,0,3000,-112000,-109000
2008/03/26,0,7000,-13000,-6000
2008/03/27,0,4000,-264428,-260428
2008/03/28,0,22000,-52000,-30000
2008/03/31,0,7000,-24000,-17000
2008/04/01,0,763000,-31168,731832
2008/04/02,0,173000,-301000,-128000
2008/04/03,0,476000,-4000,472000
2008/04/04,0,0,0,0
2008/04/07,0,724000,-30000,694000
2008/04/08,0,1174000,-76000,1098000
2008/04/09,0,476000,-13000,463000
2008/04/10,0,38000,-193000,-155000
2008/04/11,0,124000,-254000,-130000
2008/04/14,0,359000,-41331,317669
2008/04/15,0,20000,-515000,-495000
2008/04/16,0,467000,-600000,-133000
2008/04/17,0,897000,-804000,93000
2008/04/18,0,182000,-212000,-30000
2008/04/21,0,290000,-190000,100000
2008/04/22,0,433000,-138000,295000
2008/04/23,0,612000,-83000,529000
2008/04/24,0,481000,-91000,390000
2008/04/25,0,82000,-10000,72000
2008/04/28,0,238000,-38000,200000
2008/04/29,0,33000,-283000,-250000
2008/04/30,0,71000,0,71000
2008/05/01,0,0,0,0
2008/05/02,0,7995000,-1216000,6779000
2008/05/05,0,1627000,-1263000,364000
2008/05/06,0,68000,-599000,-531000
2008/05/07,0,1213000,-4488000,-3275000
2008/05/08,0,123000,-1209000,-1086000
2008/05/09,0,381000,-135000,246000
2008/05/12,0,211000,0,211000
2008/05/13,0,725000,-30209,694791
2008/05/14,0,225000,-201000,24000
2008/05/15,0,526000,-335000,191000
2008/05/16,0,76000,-1865000,-1789000
2008/05/19,0,288000,-206000,82000
2008/05/20,0,645000,-208000,437000
2008/05/21,0,448000,-188000,260000
2008/05/22,0,195000,-239000,-44000
2008/05/23,0,1000,-289000,-288000
2008/05/26,0,86000,-449000,-363000
2008/05/27,0,2000,-68000,-66000
2008/05/28,0,138000,-83000,55000
2008/05/29,0,111000,-848000,-737000
2008/05/30,0,141000,-394000,-253000
2008/06/02,0,115000,-271000,-156000
2008/06/03,0,164597,-101000,63597
2008/06/04,0,73000,-202000,-129000
2008/06/05,0,261000,-158000,103000
2008/06/06,0,1083000,-207000,876000
2008/06/09,0,417000,-211000,206000
2008/06/10,0,436000,-225000,211000
2008/06/11,0,236000,-411000,-175000
2008/06/12,0,1450000,-1235000,215000
2008/06/13,0,351000,-184000,167000
2008/06/16,0,268000,-451000,-183000
2008/06/17,0,347000,-530000,-183000
2008/06/18,0,111000,-36000,75000
2008/06/19,0,286000,-14000,272000
2008/06/20,0,174000,-286000,-112000
2008/06/23,0,95000,-287000,-192000
2008/06/24,0,262000,-4000,258000
2008/06/25,0,488000,-362000,126000
2008/06/26,0,782000,-85000,697000
2008/06/27,0,580000,-648000,-68000
2008/06/30,0,160000,-1182000,-1022000
2008/07/01,0,224000,-216000,8000
2008/07/02,0,920000,-133000,787000
2008/07/03,0,437000,-320371,116629
2008/07/04,0,393000,-194000,199000
2008/07/07,0,44000,-1526000,-1482000
2008/07/08,0,191000,-200000,-9000
2008/07/09,0,169000,-158000,11000
2008/07/10,0,134000,-104000,30000
2008/07/11,0,153000,-203000,-50000
2008/07/14,0,5000,-103000,-98000
2008/07/15,0,12000,-1094000,-1082000
2008/07/16,0,0,-170000,-170000
2008/07/17,0,181000,-73000,108000
2008/07/18,0,440000,-22000,418000
2008/07/21,0,242000,-60000,182000
2008/07/22,0,515000,-125000,390000
2008/07/23,0,1265000,-548000,717000
2008/07/24,0,445000,-219000,226000
2008/07/25,0,361000,-60000,301000
2008/07/28,0,0,0,0
2008/07/29,0,393000,-303000,90000
2008/07/30,0,320000,-427000,-107000
2008/07/31,0,477000,-354000,123000
2008/08/01,0,88000,-343000,-255000
2008/08/04,0,137000,-62000,75000
2008/08/05,0,16000,-670000,-654000
2008/08/06,0,432000,-281000,151000
2008/08/07,0,439000,-86000,353000
2008/08/08,0,2293000,-58000,2235000
2008/08/11,0,502000,-2023000,-1521000
2008/08/12,0,360000,-800000,-440000
2008/08/13,0,370000,-721000,-351000
2008/08/14,0,567000,-21000,546000
2008/08/15,0,1135000,-905000,230000
2008/08/18,0,227000,-452000,-225000
2008/08/19,0,335000,-246000,89000
2008/08/20,0,508000,-575000,-67000
2008/08/21,0,292000,-887000,-595000
2008/08/22,0,222000,-2474000,-2252000
2008/08/25,0,17000,-1634000,-1617000
2008/08/26,0,11000,-445000,-434000
2008/08/27,0,123000,-252000,-129000
2008/08/28,0,36000,-156000,-120000
2008/08/29,0,282000,-273000,9000
2008/09/01,0,374000,-65000,309000
2008/09/02,0,96000,-115000,-19000
2008/09/03,0,135000,-282000,-147000
2008/09/04,0,989000,-136000,853000
2008/09/05,0,193000,-229000,-36000
2008/09/08,0,164000,-769000,-605000
2008/09/09,0,123000,-261000,-138000
2008/09/10,0,82000,-623000,-541000
2008/09/11,0,8000,-124000,-116000
2008/09/12,0,677000,-74000,603000
2008/09/15,0,273000,-117000,156000
2008/09/16,0,99000,-92000,7000
2008/09/17,0,149000,-89000,60000
2008/09/18,0,257000,-50000,207000
2008/09/19,0,0,-275000,-275000
2008/09/22,0,150000,-371000,-221000
2008/09/23,0,554000,-22000,532000
2008/09/24,0,499000,-65000,434000
2008/09/25,0,423000,-69000,354000
2008/09/26,0,91000,-630000,-539000
2008/09/29,0,0,0,0
2008/09/30,0,202000,-895000,-693000
2008/10/01,0,203614,-209245,-5631
2008/10/02,0,43482,-798234,-754752
2008/10/03,0,143000,-743000,-600000
2008/10/06,0,304000,-20000,284000
2008/10/07,0,50090,-329580,-279490
2008/10/08,0,74000,-39000,35000
2008/10/09,0,277000,-227000,50000
2008/10/10,0,0,0,0
2008/10/13,0,209000,-126000,83000
2008/10/14,0,196000,-144000,52000
2008/10/15,0,278000,0,278000
2008/10/16,0,0,0,0
2008/10/17,0,395000,-57899,337101
2008/10/20,0,39000,-15766,23234
2008/10/21,0,390000,-475000,-85000
2008/10/22,0,184000,-35000,149000
2008/10/23,0,10000,0,10000
2008/10/24,0,35000,-2000,33000
2008/10/27,0,8000,-20000,-12000
2008/10/28,0,54000,0,54000
2008/10/29,0,630594,-521000,109594
2008/10/30,0,358000,-132389,225611
2008/10/31,0,0,-7904,-7904
2008/11/03,0,465000,-319474,145526
2008/11/04,0,506000,-119409,386591
2008/11/05,0,818000,-63000,755000
2008/11/06,0,81000,-13000,68000
2008/11/07,0,250000,-387000,-137000
2008/11/10,0,89000,-558436,-469436
2008/11/11,0,25000,-3000,22000
2008/11/12,0,597000,-31031,565969
2008/11/13,0,42000,-3000,39000
2008/11/14,0,69000,-262000,-193000
2008/11/17,0,103000,-1327340,-1224340
2008/11/18,0,50000,-191000,-141000
2008/11/19,0,54000,-149856,-95856
2008/11/20,0,19000,-122735,-103735
2008/11/21,0,771000,-20000,751000
2008/11/24,0,193000,-311000,-118000
2008/11/25,0,114000,-373000,-259000
2008/11/26,0,294000,-63049,230951
2008/11/27,0,143000,-8000,135000
2008/11/28,0,178000,-20000,158000
2008/12/01,0,167000,-96000,71000
2008/12/02,0,265000,-141000,124000
2008/12/03,0,117000,-118000,-1000
2008/12/04,0,51000,-46000,5000
2008/12/05,0,136000,-28000,108000
2008/12/08,0,661000,-3000,658000
2008/12/09,0,1045000,-13000,1032000
2008/12/10,0,1051000,-1544000,-493000
2008/12/11,0,144000,-234000,-90000
2008/12/12,0,311000,-510000,-199000
2008/12/15,0,751000,-56000,695000
2008/12/16,0,83000,-128000,-45000
2008/12/17,0,529000,-704000,-175000
2008/12/18,0,380000,-79375,300625
2008/12/19,0,733000,-224000,509000
2008/12/22,0,65000,-876000,-811000
2008/12/23,0,806000,-617000,189000
2008/12/24,0,290000,-487000,-197000
2008/12/25,0,23000,-120000,-97000
2008/12/26,0,135000,-62000,73000
2008/12/29,0,43000,-103000,-60000
2008/12/30,0,264000,-199000,65000
2008/12/31,0,69000,-268000,-199000
2009/01/01,0,0,0,0
2009/01/02,0,0,0,0
2009/01/05,0,678000,-61376,616624
2009/01/06,0,595000,-101000,494000
2009/01/07,0,714000,-439000,275000
2009/01/08,0,184000,-273000,-89000
2009/01/09,0,977000,-654540,322460
2009/01/12,0,645000,-274000,371000
2009/01/13,0,72000,-697000,-625000
2009/01/14,0,696000,-335000,361000
2009/01/15,0,127000,-473000,-346000
2009/01/16,0,218000,-371000,-153000
2009/01/19,0,428000,-353000,75000
2009/01/20,0,500138,-267000,233138
2009/01/21,0,470000,-10000,460000
2009/01/22,0,0,0,0
2009/01/23,0,0,0,0
2009/01/26,0,0,0,0
2009/01/27,0,0,0,0
2009/01/28,0,0,0,0
2009/01/29,0,0,0,0
2009/01/30,0,0,0,0
2009/02/02,0,68000,-40185,27815
2009/02/03,0,441000,-144000,297000
2009/02/04,0,713000,-139000,574000
2009/02/05,0,65000,-183000,-118000
2009/02/06,0,689000,-347000,342000
2009/02/09,0,590000,-1206000,-616000
2009/02/10,0,148000,-728000,-580000
2009/02/11,0,513000,-173000,340000
2009/02/12,0,313051,-585000,-271949
2009/02/13,0,836000,-113000,723000
2009/02/16,0,155000,-243000,-88000
2009/02/17,0,181000,-710000,-529000
2009/02/18,0,821000,-523000,298000
2009/02/19,0,482000,-379000,103000
2009/02/20,0,99000,-79949,19051
2009/02/23,0,375000,-94000,281000
2009/02/24,0,279000,-224000,55000
2009/02/25,0,644000,-712000,-68000
2009/02/26,0,401000,-1805000,-1404000
2009/02/27,0,100000,-251000,-151000
2009/03/02,0,1194000,-312000,882000
2009/03/03,0,991000,-285000,706000
2009/03/04,0,709000,-611000,98000
2009/03/05,0,1736000,-712000,1024000
2009/03/06,0,175000,-1062000,-887000
2009/03/09,0,282000,-983000,-701000
2009/03/10,0,423000,-913000,-490000
2009/03/11,0,454000,-1450000,-996000
2009/03/12,0,351000,-1330000,-979000
2009/03/13,0,532000,-563000,-31000
2009/03/16,0,43000,-607000,-564000
2009/03/17,0,285000,-190000,95000
2009/03/18,0,777000,-443000,334000
2009/03/19,0,1559000,-115000,1444000
2009/03/20,0,556000,-122000,434000
2009/03/23,0,160000,-137000,23000
2009/03/24,0,527000,-409000,118000
2009/03/25,0,450000,-186000,264000
2009/03/26,0,825000,-299000,526000
2009/03/27,0,422000,-467000,-45000
2009/03/30,0,962000,-247000,715000
2009/03/31,0,1573000,-177000,1396000
2009/04/01,0,826000,-376000,450000
2009/04/02,0,415000,-1592728,-1177728
2009/04/03,0,304000,-337000,-33000
2009/04/06,0,663000,-927309,-264309
2009/04/07,0,851000,-354000,497000
2009/04/08,0,181000,-345000,-164000
2009/04/09,0,879000,-1076000,-197000
2009/04/10,0,516000,-1117760,-601760
2009/04/13,0,208000,-2121000,-1913000
2009/04/14,0,517000,-288000,229000
2009/04/15,0,1393000,-178000,1215000
2009/04/16,0,1273000,-378000,895000
2009/04/17,0,464000,-1563000,-1099000
2009/04/20,0,1122000,-646000,476000
2009/04/21,0,797000,-141000,656000
2009/04/22,0,456000,-591000,-135000
2009/04/23,0,415000,-584000,-169000
2009/04/24,0,771000,-2350000,-1579000
2009/04/27,0,626000,-752000,-126000
2009/04/28,0,1349000,-1076517,272483
2009/04/29,0,510000,-516000,-6000
2009/04/30,0,840000,-164000,676000
2009/05/01,0,0,0,0
2009/05/04,0,899000,-1478106,-579106
2009/05/05,0,433150,-1470000,-1036850
2009/05/06,0,699000,-528399,170601
2009/05/07,0,120000,-1426150,-1306150
2009/05/08,0,737000,-445000,292000
2009/05/11,0,141000,-565000,-424000
2009/05/12,0,489000,-373000,116000
2009/05/13,0,592000,-599000,-7000
2009/05/14,0,295000,-121000,174000
2009/05/15,0,274000,-169000,105000
2009/05/18,0,454000,-575000,-121000
2009/05/19,0,1500000,-946000,554000
2009/05/20,0,569000,-1174000,-605000
2009/05/21,0,855000,-215000,640000
2009/05/22,0,936000,-1162228,-226228
2009/05/25,0,151000,-247000,-96000
2009/05/26,0,101000,-217000,-116000
2009/05/27,0,859000,-91000,768000
2009/05/28,0,0,0,0
2009/05/29,0,0,0,0
2009/06/01,0,217000,-876546,-659546
2009/06/02,0,264000,-876000,-612000
2009/06/03,0,157000,-1338000,-1181000
2009/06/04,0,413000,-791000,-378000
2009/06/05,0,146000,-507000,-361000
2009/06/08,0,208000,-112000,96000
2009/06/09,0,855000,-177000,678000
2009/06/10,0,942000,-289229,652771
2009/06/11,0,673000,-171000,502000
2009/06/12,0,1041000,-792049,248951
2009/06/15,0,278000,-628000,-350000
2009/06/16,0,289185,-1099000,-809815
2009/06/17,0,1430000,-262000,1168000
2009/06/18,0,330000,-355000,-25000
2009/06/19,0,255000,-14000,241000
2009/06/22,0,270000,-46000,224000
2009/06/23,0,58000,-147000,-89000
2009/06/24,0,306000,-839000,-533000
2009/06/25,0,127000,-458000,-331000
2009/06/26,0,632000,-346000,286000
2009/06/29,0,128000,-749000,-621000
2009/06/30,0,136000,-109000,27000
2009/07/01,0,502000,-97000,405000
2009/07/02,0,413000,-363000,50000
2009/07/03,0,171000,-33001,137999
2009/07/06,0,203000,-198749,4251
2009/07/07,0,266390,-703000,-436610
2009/07/08,0,68000,-143000,-75000
2009/07/09,0,557100,-850000,-292900
2009/07/10,0,44000,-30000,14000
2009/07/13,0,241000,-234250,6750
2009/07/14,0,172000,-66000,106000
2009/07/15,0,778270,-122000,656270
2009/07/16,0,590000,-443520,146480
2009/07/17,0,433000,-209000,224000
2009/07/20,0,95000,-494000,-399000
2009/07/21,0,103000,-665300,-562300
2009/07/22,0,478000,-612000,-134000
2009/07/23,0,67000,-693000,-626000
2009/07/24,0,1272000,-513000,759000
2009/07/27,0,69000,-71500,-2500
2009/07/28,0,225000,-960000,-735000
2009/07/29,0,405170,-121000,284170
2009/07/30,0,506220,-249000,257220
2009/07/31,0,183000,-292590,-109590
2009/08/03,0,459246,-215298,243948
2009/08/04,0,28000,-1368793,-1340793
2009/08/05,0,167000,-2000,165000
2009/08/06,0,221000,-359000,-138000
2009/08/07,0,0,0,0
2009/08/10,0,475000,-303207,171793
2009/08/11,0,198000,-116000,82000
2009/08/12,0,274000,-96000,178000
2009/08/13,0,675000,-170000,505000
2009/08/14,0,210000,-207000,3000
2009/08/17,0,179000,-60000,119000
2009/08/18,0,372000,-657000,-285000
2009/08/19,0,66000,-76000,-10000
2009/08/20,0,148000,-106000,42000
2009/08/21,0,348000,-199000,149000
2009/08/24,0,365081,-237000,128081
2009/08/25,0,872000,-192000,680000
2009/08/26,0,475000,-1829386,-1354386
2009/08/27,0,324000,-67000,257000
2009/08/28,0,445000,-403000,42000
2009/08/31,0,507000,-934000,-427000
2009/09/01,0,1096000,-183000,913000
2009/09/02,0,759018,-807000,-47982
2009/09/03,0,534000,-542000,-8000
2009/09/04,0,134602,-139000,-4398
2009/09/07,0,543000,-106000,437000
2009/09/08,0,119000,-805216,-686216
2009/09/09,0,515000,-1235373,-720373
2009/09/10,0,212000,-645968,-433968
2009/09/11,0,52000,-193440,-141440
2009/09/14,0,11000,-318000,-307000
2009/09/15,0,721000,-334000,387000
2009/09/16,0,1819000,-79393,1739607
2009/09/17,0,57000,-873000,-816000
2009/09/18,0,27000,-106000,-79000
2009/09/21,0,570000,-510000,60000
2009/09/22,0,145000,-529995,-384995
2009/09/23,0,910000,-388661,521339
2009/09/24,0,515000,-122000,393000
2009/09/25,0,206000,-163000,43000
2009/09/28,0,274000,-136464,137536
2009/09/29,0,163000,-124000,39000
2009/09/30,0,136000,-150000,-14000
2009/10/01,0,14000,-164000,-150000
2009/10/02,0,104000,-144000,-40000
2009/10/05,0,164000,-162098,1902
2009/10/06,0,302000,-223000,79000
2009/10/07,0,70000,-333000,-263000
2009/10/08,0,61000,-859440,-798440
2009/10/09,0,155000,-157000,-2000
2009/10/12,0,152000,-385000,-233000
2009/10/13,0,121000,-144000,-23000
2009/10/14,0,341000,-300000,41000
2009/10/15,0,138000,-1185000,-1047000
2009/10/16,0,170000,-187000,-17000
2009/10/19,0,140000,-6000,134000
2009/10/20,0,23000,-432393,-409393
2009/10/21,0,85000,-49306,35694
2009/10/22,0,59000,-554000,-495000
2009/10/23,0,287000,-204000,83000
2009/10/26,0,167000,-283000,-116000
2009/10/27,0,44000,-232000,-188000
2009/10/28,0,78300,-237000,-158700
2009/10/29,0,369000,-532000,-163000
2009/10/30,0,72000,-148540,-76540
2009/11/02,0,341000,-70000,271000
2009/11/03,0,25000,-180000,-155000
2009/11/04,0,201000,-53000,148000
2009/11/05,0,355000,-217000,138000
2009/11/06,0,144000,-352000,-208000
2009/11/09,0,215000,-149000,66000
2009/11/10,0,211000,-83000,128000
2009/11/11,0,211000,-243000,-32000
2009/11/12,0,162000,-75000,87000
2009/11/13,0,190000,-149000,41000
2009/11/16,0,73000,-41000,32000
2009/11/17,0,72000,-208000,-136000
2009/11/18,0,18000,-107000,-89000
2009/11/19,0,19000,-28000,-9000
2009/11/20,0,9000,-51000,-42000
2009/11/23,0,25000,-6000,19000
2009/11/24,0,4000,-124000,-120000
2009/11/25,0,290000,-64000,226000
2009/11/26,0,445000,-49000,396000
2009/11/27,0,74000,-202000,-128000
2009/11/30,0,201000,-20095,180905
2009/12/01,0,229000,-128000,101000
2009/12/02,0,257000,-46000,211000
2009/12/03,0,247000,-130000,117000
2009/12/04,0,20000,-26000,-6000
2009/12/07,0,334000,-75196,258804
2009/12/08,0,53000,-231000,-178000
2009/12/09,0,301000,-449000,-148000
2009/12/10,0,74000,-376000,-302000
2009/12/11,0,85000,-308000,-223000
2009/12/14,0,97000,-92000,5000
2009/12/15,0,64000,-84000,-20000
2009/12/16,0,111000,-193000,-82000
2009/12/17,0,76000,-52000,24000
2009/12/18,0,53000,-72000,-19000
2009/12/21,0,181000,-72000,109000
2009/12/22,0,58000,-59903,-1903
2009/12/23,0,75000,-85000,-10000
2009/12/24,0,54000,-14000,40000
2009/12/25,0,20000,-1000,19000
2009/12/28,0,50000,-55000,-5000
2009/12/29,0,28000,-25000,3000
2009/12/30,0,260000,-281000,-21000
2009/12/31,0,385000,-97000,288000
2010/01/01,0,0,0,0
2010/01/04,0,28000,-731000,-703000
2010/01/05,0,156000,-234000,-78000
2010/01/06,0,1778000,-466000,1312000
2010/01/07,0,1417000,-687000,730000
2010/01/08,0,508000,-238474,269526
2010/01/11,0,442000,-180000,262000
2010/01/12,0,134000,-440000,-306000
2010/01/13,0,243000,-186000,57000
2010/01/14,0,901000,-715898,185102
2010/01/15,0,506000,-530000,-24000
2010/01/18,0,73000,-244000,-171000
2010/01/19,0,457000,-695000,-238000
2010/01/20,0,393980,-1682000,-1288020
2010/01/21,0,11000,-337000,-326000
2010/01/22,0,71000,-438000,-367000
2010/01/25,0,122000,-270000,-148000
2010/01/26,0,112000,-660000,-548000
2010/01/27,0,521000,-328000,193000
2010/01/28,0,409000,-296000,113000
2010/01/29,0,160000,-112000,48000
2010/02/01,0,340000,-235000,105000
2010/02/02,0,345000,-463000,-118000
2010/02/03,0,405000,-396000,9000
2010/02/04,0,57000,-20000,37000
2010/02/05,0,96000,-835000,-739000
2010/02/08,0,201000,-329001,-128001
2010/02/09,0,474000,-96000,378000
2010/02/10,0,131000,-57056,73944
2010/02/11,0,0,0,0
2010/02/12,0,0,0,0
2010/02/15,0,0,0,0
2010/02/16,0,0,0,0
2010/02/17,0,0,0,0
2010/02/18,0,0,0,0
2010/02/19,0,0,0,0
2010/02/22,0,166000,-484000,-318000
2010/02/23,0,101000,-153000,-52000
2010/02/24,0,28000,-100000,-72000
2010/02/25,0,218000,-251000,-33000
2010/02/26,0,99000,-116000,-17000
2010/03/01,0,155000,-62000,93000
2010/03/02,0,29000,-202000,-173000
2010/03/03,0,22000,-42000,-20000
2010/03/04,0,18000,-278000,-260000
2010/03/05,0,155000,-53000,102000
2010/03/08,0,241000,-124000,117000
2010/03/09,0,217000,-42000,175000
2010/03/10,0,37000,-82000,-45000
2010/03/11,0,232000,-89000,143000
2010/03/12,0,80000,-120000,-40000
2010/03/15,0,24000,-263000,-239000
2010/03/16,0,81000,-61000,20000
2010/03/17,0,368000,-92810,275190
2010/03/18,0,267000,-37000,230000
2010/03/19,0,191000,-23000,168000
2010/03/22,0,68000,-373000,-305000
2010/03/23,0,555000,-214000,341000
2010/03/24,0,195000,-61375,133625
2010/03/25,0,432000,-159000,273000
2010/03/26,0,186000,-124000,62000
2010/03/29,0,140000,-99000,41000
2010/03/30,0,113000,-72000,41000
2010/03/31,0,12000,-9000,3000
2010/04/01,0,196000,-48000,148000
2010/04/02,0,48000,-39000,9000
2010/04/05,0,0,0,0
2010/04/06,0,199000,-124000,75000
2010/04/07,0,34000,-114000,-80000
2010/04/08,0,82000,-220000,-138000
2010/04/09,0,72000,-90000,-18000
2010/04/12,0,80000,-67000,13000
2010/04/13,0,8000,-386000,-378000
2010/04/14,0,306000,-37000,269000
2010/04/15,0,315000,-124000,191000
2010/04/16,0,464000,-266000,198000
2010/04/19,0,109000,-1223279,-1114279
2010/04/20,0,104000,-473000,-369000
2010/04/21,0,728000,-133000,595000
2010/04/22,0,708000,-88000,620000
2010/04/23,0,47000,-185000,-138000
2010/04/26,0,1051000,-1226000,-175000
2010/04/27,0,834000,-601000,233000
2010/04/28,0,550000,-352000,198000
2010/04/29,0,306000,-523000,-217000
2010/04/30,0,53000,-573000,-520000
2010/05/03,0,122000,-488000,-366000
2010/05/04,0,123000,-632000,-509000
2010/05/05,0,174000,-480000,-306000
2010/05/06,0,162000,-295000,-133000
2010/05/07,0,346000,-134000,212000
2010/05/10,0,71000,-91000,-20000
2010/05/11,0,35000,-261000,-226000
2010/05/12,0,54000,-306000,-252000
2010/05/13,0,87000,-30000,57000
2010/05/14,0,265000,-11362,253638
2010/05/17,0,514000,-471000,43000
2010/05/18,0,361000,-30000,331000
2010/05/19,0,1364000,-178000,1186000
2010/05/20,0,231000,-436000,-205000
2010/05/21,0,75000,-186000,-111000
2010/05/24,0,97000,-118000,-21000
2010/05/25,0,282000,-382000,-100000
2010/05/26,0,280000,-982000,-702000
2010/05/27,0,237000,-272000,-35000
2010/05/28,0,114000,-121000,-7000
2010/05/31,0,205000,-39000,166000
2010/06/01,0,37000,-106000,-69000
2010/06/02,0,64000,-260000,-196000
2010/06/03,0,231000,-25000,206000
2010/06/04,0,157000,-72000,85000
2010/06/07,0,84000,-195000,-111000
2010/06/08,0,90000,-155000,-65000
2010/06/09,0,68000,-400000,-332000
2010/06/10,0,560000,-50000,510000
2010/06/11,0,443000,-178000,265000
2010/06/14,0,98000,-21000,77000
2010/06/15,0,404000,-88000,316000
2010/06/16,0,0,0,0
2010/06/17,0,865000,-84000,781000
2010/06/18,0,378000,-49000,329000
2010/06/21,0,293000,-1149000,-856000
2010/06/22,0,25000,-23000,2000
2010/06/23,0,72000,-237000,-165000
2010/06/24,0,19000,-99000,-80000
2010/06/25,0,104000,-74000,30000
2010/06/28,0,53000,-220000,-167000
2010/06/29,0,52000,-80000,-28000
2010/06/30,0,65000,-161000,-96000
2010/07/01,0,187000,-116000,71000
2010/07/02,0,393000,-184000,209000
2010/07/05,0,129000,-26000,103000
2010/07/06,0,24000,-17000,7000
2010/07/07,0,91000,-328000,-237000
2010/07/08,0,90000,-152330,-62330
2010/07/09,0,139000,-33000,106000
2010/07/12,0,26000,-86000,-60000
2010/07/13,0,14000,-6000,8000
2010/07/14,0,40000,-5000,35000
2010/07/15,0,20000,-11000,9000
2010/07/16,0,12000,-30000,-18000
2010/07/19,0,65000,-69000,-4000
2010/07/20,0,68000,-4000,64000
2010/07/21,0,18000,-23000,-5000
2010/07/22,0,14000,-81000,-67000
2010/07/23,0,95000,-22000,73000
2010/07/26,0,98000,-53000,45000
2010/07/27,0,102000,-27000,75000
2010/07/28,0,2891000,-15000,2876000
2010/07/29,0,62000,-2507000,-2445000
2010/07/30,0,10000,-204000,-194000
2010/08/02,0,96000,-258000,-162000
2010/08/03,0,42000,-98000,-56000
2010/08/04,0,108000,-147000,-39000
2010/08/05,0,0,-76000,-76000
2010/08/06,0,40000,-4000,36000
2010/08/09,0,2000,-74000,-72000
2010/08/10,0,5000,-99000,-94000
2010/08/11,0,15000,-98000,-83000
2010/08/12,0,96000,-78000,18000
2010/08/13,0,1255000,-37000,1218000
2010/08/16,0,25000,-6000,19000
2010/08/17,0,253000,-37000,216000
2010/08/18,0,60000,-465000,-405000
2010/08/19,0,21000,-459000,-438000
2010/08/20,0,20000,-718000,-698000
2010/08/23,0,47000,-45000,2000
2010/08/24,0,69000,-96000,-27000
2010/08/25,0,10000,-218000,-208000
2010/08/26,0,48000,-54000,-6000
2010/08/27,0,56000,-77000,-21000
2010/08/30,0,52000,-58000,-6000
2010/08/31,0,13000,-88000,-75000
2010/09/01,0,196000,-28000,168000
2010/09/02,0,82000,-55103,26897
2010/09/03,0,137000,-54000,83000
2010/09/06,0,96786,-21000,75786
2010/09/07,0,10398,-27000,-16602
2010/09/08,0,313000,-25000,288000
2010/09/09,0,361000,-49000,312000
2010/09/10,0,334000,-16000,318000
2010/09/13,0,212000,-514000,-302000
2010/09/14,0,37000,-159000,-122000
2010/09/15,0,251000,-158661,92339
2010/09/16,0,159000,-47000,112000
2010/09/17,0,280000,-82000,198000
2010/09/20,0,23000,-209000,-186000
2010/09/21,0,9000,-32000,-23000
2010/09/22,0,0,0,0
2010/09/23,0,393000,-8000,385000
2010/09/24,0,17000,-10000,7000
2010/09/27,0,230000,-327000,-97000
2010/09/28,0,208000,-123000,85000
2010/09/29,0,723000,-136000,587000
2010/09/30,0,59000,-135000,-76000
2010/10/01,0,50000,-304000,-254000
2010/10/04,0,123000,-107000,16000
2010/10/05,0,59000,-111000,-52000
2010/10/06,0,50000,-373265,-323265
2010/10/07,0,118000,-310926,-192926
2010/10/08,0,72000,-11000,61000
2010/10/11,0,166000,-12000,154000
2010/10/12,0,1000,-232000,-231000
2010/10/13,0,20000,-48000,-28000
2010/10/14,0,106000,-10000,96000
2010/10/15,0,109000,-27000,82000
2010/10/18,0,157000,-46000,111000
2010/10/19,0,27000,-81000,-54000
2010/10/20,0,1097000,-34000,1063000
2010/10/21,0,526000,-147000,379000
2010/10/22,0,456000,-51000,405000
2010/10/25,0,679000,-96000,583000
2010/10/26,0,503000,-263000,240000
2010/10/27,0,127000,-656000,-529000
2010/10/28,0,251000,-1062000,-811000
2010/10/29,0,2492000,-496058,1995942
2010/11/01,0,463000,-600000,-137000
2010/11/02,0,43389,-601000,-557611
2010/11/03,0,24000,-987000,-963000
2010/11/04,0,854000,-656000,198000
2010/11/05,0,166000,-645000,-479000
2010/11/08,0,115000,-40000,75000
2010/11/09,0,419196,-108000,311196
2010/11/10,0,636000,-171000,465000
2010/11/11,0,194000,-64000,130000
2010/11/12,0,90000,-187000,-97000
2010/11/15,0,153000,-31000,122000
2010/11/16,0,183000,-140000,43000
2010/11/17,0,133000,-317000,-184000
2010/11/18,0,146000,-170000,-24000
2010/11/19,0,46000,-1012000,-966000
2010/11/22,0,103000,-247000,-144000
2010/11/23,0,59000,-109000,-50000
2010/11/24,0,73000,-82000,-9000
2010/11/25,0,3000,-26000,-23000
2010/11/26,0,431000,-45423,385577
2010/11/29,0,248000,-211000,37000
2010/11/30,0,263000,-609000,-346000
2010/12/01,0,260000,-108000,152000
2010/12/02,0,147000,-406000,-259000
2010/12/03,0,191000,-185000,6000
2010/12/06,0,579000,-529000,50000
2010/12/07,0,21000,-66000,-45000
2010/12/08,0,90000,-55000,35000
2010/12/09,0,195000,-95000,100000
2010/12/10,0,23000,-41000,-18000
2010/12/13,0,65000,-77000,-12000
2010/12/14,0,18000,-236934,-218934
2010/12/15,0,30000,-528000,-498000
2010/12/16,0,7000,-132000,-125000
2010/12/17,0,47000,-215000,-168000
2010/12/20,0,20000,-38000,-18000
2010/12/21,0,27000,-13295,13705
2010/12/22,0,46000,-65000,-19000
2010/12/23,0,34000,-74000,-40000
2010/12/24,0,10000,-42302,-32302
2010/12/27,0,46000,-45000,1000
2010/12/28,0,16000,-104000,-88000
2010/12/29,0,23000,-107214,-84214
2010/12/30,0,35000,-42000,-7000
2010/12/31,0,3000,-19000,-16000
2011/01/03,0,20000,-37000,-17000
2011/01/04,0,47000,-143000,-96000
2011/01/05,0,445000,-101000,344000
2011/01/06,0,73000,-90000,-17000
2011/01/07,0,60000,-114000,-54000
2011/01/10,0,8000,-14000,-6000
2011/01/11,0,424000,-119000,305000
2011/01/12,0,108000,-263000,-155000
2011/01/13,0,20000,-414000,-394000
2011/01/14,0,8000,-14000,-6000
2011/01/17,0,26000,-470570,-444570
2011/01/18,0,22000,-35000,-13000
2011/01/19,0,10000,-179000,-169000
2011/01/20,0,8000,-35000,-27000
2011/01/21,0,25000,-80000,-55000
2011/01/24,0,44000,-102000,-58000
2011/01/25,0,33000,-18000,15000
2011/01/26,0,20000,-60000,-40000
2011/01/27,0,50000,-142000,-92000
2011/01/28,0,22000,-202000,-180000
2011/01/31,0,0,0,0
2011/02/01,0,0,0,0
2011/02/02,0,0,0,0
2011/02/03,0,0,0,0
2011/02/04,0,0,0,0
2011/02/07,0,0,0,0
2011/02/08,0,44000,-68000,-24000
2011/02/09,0,107000,-87000,20000
2011/02/10,0,221000,-62000,159000
2011/02/11,0,82000,-95000,-13000
2011/02/14,0,88000,-51000,37000
2011/02/15,0,20000,-89000,-69000
2011/02/16,0,86000,-86000,0
2011/02/17,0,9000,-96000,-87000
2011/02/18,0,652000,-9566,642434
2011/02/21,0,72000,-90000,-18000
2011/02/22,0,175000,-59000,116000
2011/02/23,0,257000,-105000,152000
2011/02/24,0,300000,-5000,295000
2011/02/25,0,687000,-23000,664000
2011/02/28,0,0,0,0
2011/03/01,0,750000,-47000,703000
2011/03/02,0,110000,-32000,78000
2011/03/03,0,1091000,-12000,1079000
2011/03/04,0,27000,-830000,-803000
2011/03/07,0,231000,-641000,-410000
2011/03/08,0,40000,-16000,24000
2011/03/09,0,463000,-704986,-241986
2011/03/10,0,161000,-875000,-714000
2011/03/11,0,436000,-219000,217000
2011/03/14,0,252000,-170000,82000
2011/03/15,0,529000,-78000,451000
2011/03/16,0,185000,-88000,97000
2011/03/17,0,198000,-69000,129000
2011/03/18,0,252000,-187000,65000
2011/03/21,0,22000,-92000,-70000
2011/03/22,0,21000,-98000,-77000
2011/03/23,0,448000,-49151,398849
2011/03/24,0,38000,-5000,33000
2011/03/25,0,144300,-362000,-217700
2011/03/28,0,145000,-529000,-384000
2011/03/29,0,672450,-102000,570450
2011/03/30,0,406000,-132000,274000
2011/03/31,0,626000,-493000,133000
2011/04/01,0,352000,-596000,-244000
2011/04/04,0,0,0,0
2011/04/05,0,0,0,0
2011/04/06,0,372000,-62000,310000
2011/04/07,0,370000,-367000,3000
2011/04/08,0,166000,-66000,100000
2011/04/11,0,126000,-257000,-131000
2011/04/12,0,260000,-104000,156000
2011/04/13,0,171000,-11000,160000
2011/04/14,0,354000,-117088,236912
2011/04/15,0,101000,-171000,-70000
2011/04/18,0,221000,-78040,142960
2011/04/19,0,109000,-159000,-50000
2011/04/20,0,786000,-37000,749000
2011/04/21,0,147000,-144000,3000
2011/04/22,0,1387000,-40000,1347000
2011/04/25,0,71000,-60000,11000
2011/04/26,0,49000,-20000,29000
2011/04/27,0,967000,-108000,859000
2011/04/28,0,334000,-336000,-2000
2011/04/29,0,267000,-337000,-70000
2011/05/02,0,0,0,0
2011/05/03,0,193000,-210789,-17789
2011/05/04,0,473000,-127000,346000
2011/05/05,0,243000,-38000,205000
2011/05/06,0,223000,-67000,156000
2011/05/09,0,69000,-59000,10000
2011/05/10,0,129000,-76000,53000
2011/05/11,0,100000,-179382,-79382
2011/05/12,0,59000,-132000,-73000
2011/05/13,0,56000,-35000,21000
2011/05/16,0,78000,-236000,-158000
2011/05/17,0,39000,-1188000,-1149000
2011/05/18,0,108000,-131000,-23000
2011/05/19,0,130000,-220412,-90412
2011/05/20,0,61000,-62000,-1000
2011/05/23,0,101000,-37000,64000
2011/05/24,0,182000,-30000,152000
2011/05/25,0,250000,-10000,240000
2011/05/26,0,313000,-14000,299000
2011/05/27,0,633000,-43000,590000
2011/05/30,0,347000,-514000,-167000
2011/05/31,0,319250,-447251,-128001
2011/06/01,0,98000,-265000,-167000
2011/06/02,0,206000,-184000,22000
2011/06/03,0,317000,-554000,-237000
2011/06/06,0,0,0,0
2011/06/07,0,365000,-2394000,-2029000
2011/06/08,0,302000,-569000,-267000
2011/06/09,0,369000,-221000,148000
2011/06/10,0,474000,-231000,243000
2011/06/13,0,125000,-408000,-283000
2011/06/14,0,128000,-18000,110000
2011/06/15,0,112000,-37000,75000
2011/06/16,0,161000,-518000,-357000
2011/06/17,0,146000,-83000,63000
2011/06/20,0,196000,-250000,-54000
2011/06/21,0,279000,-45000,234000
2011/06/22,0,43000,-91000,-48000
2011/06/23,0,180000,-69000,111000
2011/06/24,0,108000,-11000,97000
2011/06/27,0,76000,-61000,15000
2011/06/28,0,37000,0,37000
2011/06/29,0,255000,-147000,108000
2011/06/30,0,70000,-140000,-70000
2011/07/01,0,26000,-39000,-13000
2011/07/04,0,15000,-119000,-104000
2011/07/05,0,93000,-112000,-19000
2011/07/06,0,357000,-79000,278000
2011/07/07,0,690000,-85000,605000
2011/07/08,0,29000,-805000,-776000
2011/07/11,0,101000,-48000,53000
2011/07/12,0,144000,-117000,27000
2011/07/13,0,304000,-23000,281000
2011/07/14,0,269000,-30000,239000
2011/07/15,0,1318000,-6000,1312000
2011/07/18,0,1153000,-39770,1113230
2011/07/19,0,917000,-2000,915000
2011/07/20,0,2357000,-157000,2200000
2011/07/21,0,329000,-23000,306000
2011/07/22,0,423000,-803000,-380000
2011/07/25,0,270000,-60000,210000
2011/07/26,0,105000,-163000,-58000
2011/07/27,0,74000,-62000,12000
2011/07/28,0,407000,-95000,312000
2011/07/29,0,224000,-3251000,-3027000
2011/08/01,0,132000,-784000,-652000
2011/08/02,0,95000,-102000,-7000
2011/08/03,0,430000,-126000,304000
2011/08/04,0,281000,-53000,228000
2011/08/05,0,624000,-248000,376000
2011/08/08,0,911400,-291000,620400
2011/08/09,0,996000,-103000,893000
2011/08/10,0,133000,-58000,75000
2011/08/11,0,191000,-61000,130000
2011/08/12,0,81000,-270878,-189878
2011/08/15,0,90000,-1000,89000
2011/08/16,0,191000,-519000,-328000
2011/08/17,0,327000,-57000,270000
2011/08/18,0,976000,-115000,861000
2011/08/19,0,849000,-235000,614000
2011/08/22,0,1595010,-228000,1367010
2011/08/23,0,2592000,-373000,2219000
2011/08/24,0,1784000,-81000,1703000
2011/08/25,0,692000,-962000,-270000
2011/08/26,0,302000,-110000,192000
2011/08/29,0,328000,-74000,254000
2011/08/30,0,215000,-3741000,-3526000
2011/08/31,0,142000,-942000,-800000
2011/09/01,0,62000,-1192000,-1130000
2011/09/02,0,167000,-287000,-120000
2011/09/05,0,230000,-264000,-34000
2011/09/06,0,313000,-141000,172000
2011/09/07,0,354000,-353000,1000
2011/09/08,0,232000,-657000,-425000
2011/09/09,0,939000,-688759,250241
2011/09/12,0,0,0,0
2011/09/13,0,239000,-79000,160000
2011/09/14,0,468000,-307241,160759
2011/09/15,0,343036,-106721,236315
2011/09/16,0,98000,-195000,-97000
2011/09/19,0,30002,-37000,-6998
2011/09/20,0,402000,-286010,115990
2011/09/21,0,109000,-178000,-69000
2011/09/22,0,388000,-399198,-11198
2011/09/23,0,609000,-143299,465701
2011/09/26,0,429000,-80000,349000
2011/09/27,0,48000,-76000,-28000
2011/09/28,0,216000,-398000,-182000
2011/09/29,0,226000,-262000,-36000
2011/09/30,0,860000,-352000,508000
2011/10/03,0,723000,-1242733,-519733
2011/10/04,0,672000,-532000,140000
2011/10/05,0,458000,-316000,142000
2011/10/06,0,431000,-324491,106509
2011/10/07,0,42000,-351669,-309669
2011/10/10,0,0,0,0
2011/10/11,0,1337000,-585372,751628
2011/10/12,0,791000,-492000,299000
2011/10/13,0,569000,-804000,-235000
2011/10/14,0,332000,-410000,-78000
2011/10/17,0,262000,-467093,-205093
2011/10/18,0,114000,-356000,-242000
2011/10/19,0,246000,-16000,230000
2011/10/20,0,391000,-53000,338000
2011/10/21,0,327284,-286000,41284
2011/10/24,0,548000,-522000,26000
2011/10/25,0,766000,-746000,20000
2011/10/26,0,539000,-292000,247000
2011/10/27,0,518000,-124000,394000
2011/10/28,0,190000,-464000,-274000
2011/10/31,0,971000,-1262406,-291406
2011/11/01,0,176000,-588000,-412000
2011/11/02,0,122000,-123000,-1000
2011/11/03,0,126000,-53000,73000
2011/11/04,0,155000,-166000,-11000
2011/11/07,0,1185000,-829000,356000
2011/11/08,0,829000,-389000,440000
2011/11/09,0,377000,-1596000,-1219000
2011/11/10,0,642000,-368000,274000
2011/11/11,0,319000,-266000,53000
2011/11/14,0,113000,-377000,-264000
2011/11/15,0,43000,-384000,-341000
2011/11/16,0,92000,-100000,-8000
2011/11/17,0,252000,-27000,225000
2011/11/18,0,359000,-121000,238000
2011/11/21,0,637000,-212037,424963
2011/11/22,0,345000,-359000,-14000
2011/11/23,0,494000,-156000,338000
2011/11/24,0,156000,-45000,111000
2011/11/25,0,143000,-55000,88000
2011/11/28,0,149000,-190000,-41000
2011/11/29,0,607000,-85000,522000
2011/11/30,0,229000,-304000,-75000
2011/12/01,0,364000,-240000,124000
2011/12/02,0,17000,-368000,-351000
2011/12/05,0,125000,-81000,44000
2011/12/06,0,31000,-77000,-46000
2011/12/07,0,58000,-31000,27000
2011/12/08,0,4000,-152000,-148000
2011/12/09,0,198000,-107000,91000
2011/12/12,0,176000,-103000,73000
2011/12/13,0,65000,-106000,-41000
2011/12/14,0,162000,-178000,-16000
2011/12/15,0,114000,-127000,-13000
2011/12/16,0,116000,-25000,91000
2011/12/19,0,247000,-107000,140000
2011/12/20,0,277000,-81000,196000
2011/12/21,0,541000,-385000,156000
2011/12/22,0,252000,-385000,-133000
2011/12/23,0,350000,-132000,218000
2011/12/26,0,181000,-169000,12000
2011/12/27,0,448000,-57000,391000
2011/12/28,0,259000,-95000,164000
2011/12/29,0,338000,-285000,53000
2011/12/30,0,90000,-47000,43000
2012/01/02,0,158000,-150000,8000
2012/01/03,0,452000,-100000,352000
2012/01/04,0,222000,-436000,-214000
2012/01/05,0,892000,-315128,576872
2012/01/06,0,528000,-899000,-371000
2012/01/09,0,217000,-399000,-182000
2012/01/10,0,160000,-306000,-146000
2012/01/11,0,207000,-157000,50000
2012/01/12,0,188000,-16000,172000
2012/01/13,0,287000,-578000,-291000
2012/01/16,0,195000,-536000,-341000
2012/01/17,0,544000,-377000,167000
2012/01/18,0,85000,-610000,-525000
2012/01/19,0,0,0,0
2012/01/20,0,0,0,0
2012/01/23,0,0,0,0
2012/01/24,0,0,0,0
2012/01/25,0,0,0,0
2012/01/26,0,0,0,0
2012/01/27,0,0,0,0
2012/01/30,0,488000,-60000,428000
2012/01/31,0,225000,-203000,22000
2012/02/01,0,289000,-385000,-96000
2012/02/02,0,1119000,-226000,893000
2012/02/03,0,910000,-544000,366000
2012/02/06,0,150000,-155000,-5000
2012/02/07,0,758000,-485000,273000
2012/02/08,0,752000,-741000,11000
2012/02/09,0,364000,-480000,-116000
2012/02/10,0,62000,-865000,-803000
2012/02/13,0,482000,-261000,221000
2012/02/14,0,184000,-414000,-230000
2012/02/15,0,389000,-237000,152000
2012/02/16,0,290000,-748000,-458000
2012/02/17,0,352000,-223613,128387
2012/02/20,0,204000,-517000,-313000
2012/02/21,0,170000,-1095000,-925000
2012/02/22,0,169000,-246000,-77000
2012/02/23,0,147000,-546000,-399000
2012/02/24,0,121000,-427000,-306000
2012/02/27,0,0,0,0
2012/02/28,0,0,0,0
2012/02/29,0,526016,-221000,305016
2012/03/01,0,44000,-118000,-74000
2012/03/02,0,216000,-623000,-407000
2012/03/05,0,13000,-613000,-600000
2012/03/06,0,142000,-187000,-45000
2012/03/07,0,13000,-366000,-353000
2012/03/08,0,518000,-149000,369000
2012/03/09,0,127000,-249000,-122000
2012/03/12,0,207000,-358064,-151064
2012/03/13,0,48000,-246000,-198000
2012/03/14,0,128000,-220000,-92000
2012/03/15,0,150000,-139000,11000
2012/03/16,0,262000,-153000,109000
2012/03/19,0,146000,-392000,-246000
2012/03/20,0,82000,-184000,-102000
2012/03/21,0,137000,-126000,11000
2012/03/22,0,473000,-40000,433000
2012/03/23,0,256000,-35000,221000
2012/03/26,0,550000,-704000,-154000
2012/03/27,0,84000,-658000,-574000
2012/03/28,0,199000,-128000,71000
2012/03/29,0,548000,-446427,101573
2012/03/30,0,163000,-384000,-221000
2012/04/02,0,22000,-192000,-170000
2012/04/03,0,83000,-338000,-255000
2012/04/04,0,0,0,0
2012/04/05,0,117000,-368000,-251000
2012/04/06,0,61000,-168000,-107000
2012/04/09,0,59000,-68000,-9000
2012/04/10,0,153000,-20000,133000
2012/04/11,0,151000,-36000,115000
2012/04/12,0,38000,-160000,-122000
2012/04/13,0,168000,-71000,97000
2012/04/16,0,93000,-143000,-50000
2012/04/17,0,234000,-173000,61000
2012/04/18,0,302000,-186000,116000
2012/04/19,0,468000,-18000,450000
2012/04/20,0,1000000,-44000,956000
2012/04/23,0,305000,-14000,291000
2012/04/24,0,31000,-24000,7000
2012/04/25,0,145000,-143000,2000
2012/04/26,0,66007,-56000,10007
2012/04/27,0,134000,-283419,-149419
2012/04/30,0,139000,-138000,1000
2012/05/01,0,0,0,0
2012/05/02,0,152000,-26000,126000
2012/05/03,0,31000,-38000,-7000
2012/05/04,0,162178,-97000,65178
2012/05/07,0,70000,-52000,18000
2012/05/08,0,35000,-38000,-3000
2012/05/09,0,310000,-23613,286387
2012/05/10,0,108000,-47000,61000
2012/05/11,0,132000,-208000,-76000
2012/05/14,0,113000,-52000,61000
2012/05/15,0,370000,-45000,325000
2012/05/16,0,348000,-371000,-23000
2012/05/17,0,143000,-53000,90000
2012/05/18,0,207000,-61000,146000
2012/05/21,0,204000,-42000,162000
2012/05/22,0,43000,-50000,-7000
2012/05/23,0,301000,-185000,116000
2012/05/24,0,462000,-117000,345000
2012/05/25,0,250000,-122000,128000
2012/05/28,0,61000,-268000,-207000
2012/05/29,0,249000,-88000,161000
2012/05/30,0,118000,-228000,-110000
2012/05/31,0,98000,-141000,-43000
2012/06/01,0,601000,-113000,488000
2012/06/04,0,333000,-75000,258000
2012/06/05,0,68000,-49000,19000
2012/06/06,0,22000,-13000,9000
2012/06/07,0,290000,-82000,208000
2012/06/08,0,18000,-39000,-21000
2012/06/11,0,24000,-66000,-42000
2012/06/12,0,25000,-147000,-122000
2012/06/13,0,405000,-400000,5000
2012/06/14,0,34000,-49000,-15000
2012/06/15,0,141000,-102000,39000
2012/06/18,0,305000,-137000,168000
2012/06/19,0,83000,-40000,43000
2012/06/20,0,59000,-118000,-59000
2012/06/21,0,333000,-64000,269000
2012/06/22,0,137000,-348000,-211000
2012/06/25,0,64000,-51000,13000
2012/06/26,0,113000,-57000,56000
2012/06/27,0,270000,-56000,214000
2012/06/28,0,159000,-58000,101000
2012/06/29,0,243000,-9000,234000
2012/07/02,0,96000,-139000,-43000
2012/07/03,0,232000,-510000,-278000
2012/07/04,0,44000,-308000,-264000
2012/07/05,0,83000,-7000,76000
2012/07/06,0,100000,-41000,59000
2012/07/09,0,2000,-167000,-165000
2012/07/10,0,175000,-175000,0
2012/07/11,0,44000,-72000,-28000
2012/07/12,0,65000,-18546,46454
2012/07/13,0,127000,-41000,86000
2012/07/16,0,43000,-6280,36720
2012/07/17,0,58000,-64000,-6000
2012/07/18,0,3000,-276000,-273000
2012/07/19,0,29000,-16000,13000
2012/07/20,0,43000,-36000,7000
2012/07/23,0,250000,-42000,208000
2012/07/24,0,231000,-18000,213000
2012/07/25,0,122000,-29001,92999
2012/07/26,0,3583000,-8000,3575000
2012/07/27,0,144000,-3006000,-2862000
2012/07/30,0,120000,-111000,9000
2012/07/31,0,105000,-496000,-391000
2012/08/01,0,156000,-102000,54000
2012/08/02,0,0,0,0
2012/08/03,0,113000,-114000,-1000
2012/08/06,0,71000,-155000,-84000
2012/08/07,0,170000,-147000,23000
2012/08/08,0,126000,-101000,25000
2012/08/09,0,206000,-69000,137000
2012/08/10,0,322000,-90000,232000
2012/08/13,0,367000,-78000,289000
2012/08/14,0,192000,-155000,37000
2012/08/15,0,223000,-328000,-105000
2012/08/16,0,99000,-33000,66000
2012/08/17,0,236000,-59000,177000
2012/08/20,0,228000,-162000,66000
2012/08/21,0,357000,-210000,147000
2012/08/22,0,145000,-402000,-257000
2012/08/23,0,133000,-193000,-60000
2012/08/24,0,133000,-225000,-92000
2012/08/27,0,371000,-131000,240000
2012/08/28,0,124000,-313000,-189000
2012/08/29,0,99000,-345000,-246000
2012/08/30,0,136000,-225000,-89000
2012/08/31,0,40000,-211500,-171500
2012/09/03,0,8000,-81094,-73094
2012/09/04,0,88000,-232000,-144000
2012/09/05,0,259000,-131000,128000
2012/09/06,0,16000,-369000,-353000
2012/09/07,0,59000,-138000,-79000
2012/09/10,0,46000,-96000,-50000
2012/09/11,0,74000,-138100,-64100
2012/09/12,0,154000,-95000,59000
2012/09/13,0,150000,-81100,68900
2012/09/14,0,1468000,-384000,1084000
2012/09/17,0,108000,-1191000,-1083000
2012/09/18,0,42000,-131000,-89000
2012/09/19,0,31000,-273600,-242600
2012/09/20,0,105000,-188000,-83000
2012/09/21,0,309000,-264000,45000
2012/09/24,0,133000,-197000,-64000
2012/09/25,0,200000,-173000,27000
2012/09/26,0,99000,-76000,23000
2012/09/27,0,87000,-40000,47000
2012/09/28,0,104000,-61000,43000
2012/10/01,0,35000,-319000,-284000
2012/10/02,0,45000,-682000,-637000
2012/10/03,0,382000,-650000,-268000
2012/10/04,0,524000,-325000,199000
2012/10/05,0,215000,-223000,-8000
2012/10/08,0,24000,-171000,-147000
2012/10/09,0,266000,-54000,212000
2012/10/10,0,0,0,0
2012/10/11,0,438000,-303000,135000
2012/10/12,0,140000,-28000,112000
2012/10/15,0,167000,-69000,98000
2012/10/16,0,101000,-78000,23000
2012/10/17,0,106000,-36000,70000
2012/10/18,0,330000,-172000,158000
2012/10/19,0,256000,-35000,221000
2012/10/22,0,69000,-51000,18000
2012/10/23,0,28000,-182000,-154000
2012/10/24,0,431000,-44000,387000
2012/10/25,0,143000,-49000,94000
2012/10/26,0,426000,-182000,244000
2012/10/29,0,423000,-169000,254000
2012/10/30,0,188000,-46050,141950
2012/10/31,0,258000,-106000,152000
2012/11/01,0,456000,-78000,378000
2012/11/02,0,102000,-194000,-92000
2012/11/05,0,184000,-131000,53000
2012/11/06,0,169000,-68000,101000
2012/11/07,0,85000,-103000,-18000
2012/11/08,0,254000,-23000,231000
2012/11/09,0,238000,-24000,214000
2012/11/12,0,82000,-168000,-86000
2012/11/13,0,165000,-78000,87000
2012/11/14,0,385500,-401500,-16000
2012/11/15,0,127000,-54000,73000
2012/11/16,0,68000,-98000,-30000
2012/11/19,0,8000,-31000,-23000
2012/11/20,0,14000,-23000,-9000
2012/11/21,0,111000,-17000,94000
2012/11/22,0,93000,-51000,42000
2012/11/23,0,140000,-64000,76000
2012/11/26,0,139000,-82000,57000
2012/11/27,0,389000,-163000,226000
2012/11/28,0,105000,-495000,-390000
2012/11/29,0,126000,-80000,46000
2012/11/30,0,91000,-464000,-373000
2012/12/03,0,79000,-83500,-4500
2012/12/04,0,41000,-145150,-104150
2012/12/05,0,80000,-168000,-88000
2012/12/06,0,27000,-101000,-74000
2012/12/07,0,29000,-213000,-184000
2012/12/10,0,1000,-56000,-55000
2012/12/11,0,26000,-323000,-297000
2012/12/12,0,16000,-350000,-334000
2012/12/13,0,11000,-191550,-180550
2012/12/14,0,64000,0,64000
2012/12/17,0,50000,-29000,21000
2012/12/18,0,251000,-12000,239000
2012/12/19,0,9000,-146000,-137000
2012/12/20,0,147000,-105000,42000
2012/12/21,0,15000,-14000,1000
2012/12/24,0,2000,-8000,-6000
2012/12/25,0,420000,-120000,300000
2012/12/26,0,82000,-168000,-86000
2012/12/27,0,32000,-115000,-83000
2012/12/28,0,20000,-207000,-187000
2012/12/31,0,0,0,0
2013/01/01,0,0,0,0
2013/01/02,0,19000,-29000,-10000
2013/01/03,0,46000,-73000,-27000
2013/01/04,0,6000,-224491,-218491
2013/01/07,0,281000,-109000,172000
2013/01/08,0,21000,-208000,-187000
2013/01/09,0,30000,-20000,10000
2013/01/10,0,416000,-132000,284000
2013/01/11,0,94000,-374000,-280000
2013/01/14,0,479000,-205000,274000
2013/01/15,0,31000,-250000,-219000
2013/01/16,0,782000,-282000,500000
2013/01/17,0,1730000,-1039000,691000
2013/01/18,0,184000,-1571000,-1387000
2013/01/21,0,63000,-264000,-201000
2013/01/22,0,93000,-178000,-85000
2013/01/23,0,526000,-381000,145000
2013/01/24,0,350000,-691000,-341000
2013/01/25,0,284000,-398000,-114000
2013/01/28,0,378000,-213000,165000
2013/01/29,0,193000,-192000,1000
2013/01/30,0,283000,-183000,100000
2013/01/31,0,635000,-207000,428000
2013/02/01,0,123000,-470000,-347000
2013/02/04,0,34000,-388000,-354000
2013/02/05,0,464000,-104000,360000
2013/02/06,0,496000,-363000,133000
2013/02/07,0,0,0,0
2013/02/08,0,0,0,0
2013/02/11,0,0,0,0
2013/02/12,0,0,0,0
2013/02/13,0,0,0,0
2013/02/14,0,0,0,0
2013/02/15,0,0,0,0
2013/02/18,0,300000,-290000,10000
2013/02/19,0,265000,-273000,-8000
2013/02/20,0,138000,-155000,-17000
2013/02/21,0,51000,-211000,-160000
2013/02/22,0,51000,-192136,-141136
2013/02/25,0,89000,-85000,4000
2013/02/26,0,468000,-124000,344000
2013/02/27,0,78000,-207000,-129000
2013/02/28,0,0,0,0
2013/03/01,0,108000,-142000,-34000
2013/03/04,0,68000,-80000,-12000
2013/03/05,0,572000,-187000,385000
2013/03/06,0,266000,-300000,-34000
2013/03/07,0,376000,-149000,227000
2013/03/08,0,247000,-209000,38000
2013/03/11,0,225000,-111000,114000
2013/03/12,0,93000,-787000,-694000
2013/03/13,0,87000,-193000,-106000
2013/03/14,0,55000,-226000,-171000
2013/03/15,0,108000,-167000,-59000
2013/03/18,0,121000,-167000,-46000
2013/03/19,0,204000,-92000,112000
2013/03/20,0,300000,-587000,-287000
2013/03/21,0,344000,-88000,256000
2013/03/22,0,8000,-14000,-6000
2013/03/25,0,79000,-49000,30000
2013/03/26,0,1114000,-69000,1045000
2013/03/27,0,335000,-678000,-343000
2013/03/28,0,141000,-767000,-626000
2013/03/29,0,120000,-189000,-69000
2013/04/01,0,26000,-24000,2000
2013/04/02,0,22000,-333000,-311000
2013/04/03,0,73000,-13000,60000
2013/04/04,0,0,0,0
2013/04/05,0,0,0,0
2013/04/08,0,136000,-251000,-115000
2013/04/09,0,186000,-230000,-44000
2013/04/10,0,204000,-66000,138000
2013/04/11,0,171000,-120000,51000
2013/04/12,0,110000,-145000,-35000
2013/04/15,0,114000,-325000,-211000
2013/04/16,0,193000,-14000,179000
2013/04/17,0,80000,-159000,-79000
2013/04/18,0,2000,-18000,-16000
2013/04/19,0,237000,-28000,209000
2013/04/22,0,74000,-568000,-494000
2013/04/23,0,1115000,-89000,1026000
2013/04/24,0,377000,-625000,-248000
2013/04/25,0,956000,-406000,550000
2013/04/26,0,306000,-569000,-263000
2013/04/29,0,193000,-103000,90000
2013/04/30,0,190000,-349000,-159000
2013/05/01,0,0,0,0
2013/05/02,0,108000,-248000,-140000
2013/05/03,0,113000,-512000,-399000
2013/05/06,0,89000,-75000,14000
2013/05/07,0,27000,-32000,-5000
2013/05/08,0,233000,-124000,109000
2013/05/09,0,290000,-233000,57000
2013/05/10,0,179000,-72000,107000
2013/05/13,0,228000,-107000,121000
2013/05/14,0,166000,-182000,-16000
2013/05/15,0,29000,-91000,-62000
2013/05/16,0,204000,-190000,14000
2013/05/17,0,140000,-202000,-62000
2013/05/20,0,92000,-51000,41000
2013/05/21,0,35000,-124000,-89000
2013/05/22,0,31000,-82000,-51000
2013/05/23,0,49000,-217000,-168000
2013/05/24,0,1179000,-201000,978000
2013/05/27,0,129000,-828000,-699000
2013/05/28,0,157000,-129000,28000
2013/05/29,0,49000,-228000,-179000
2013/05/30,0,1173000,-219000,954000
2013/05/31,0,42000,-1248000,-1206000
2013/06/03,0,18000,-120201,-102201
2013/06/04,0,38000,-52000,-14000
2013/06/05,0,15000,-83000,-68000
2013/06/06,0,48000,-94000,-46000
2013/06/07,0,28000,-177000,-149000
2013/06/10,0,446000,-92000,354000
2013/06/11,0,336000,-460000,-124000
2013/06/12,0,0,0,0
2013/06/13,0,164000,-255000,-91000
2013/06/14,0,61000,-189000,-128000
2013/06/17,0,113000,-49000,64000
2013/06/18,0,49000,-18000,31000
2013/06/19,0,99000,-338000,-239000
2013/06/20,0,26000,-83000,-57000
2013/06/21,0,354000,-32000,322000
2013/06/24,0,507000,-1000,506000
2013/06/25,0,126000,-617000,-491000
2013/06/26,0,27000,-54000,-27000
2013/06/27,0,111000,-25000,86000
2013/06/28,0,27000,-105000,-78000
2013/07/01,0,222000,-262000,-40000
2013/07/02,0,43000,-402000,-359000
2013/07/03,0,395000,-156000,239000
2013/07/04,0,258000,-174000,84000
2013/07/05,0,87000,-39000,48000
2013/07/08,0,22000,-59000,-37000
2013/07/09,0,73000,-50000,23000
2013/07/10,0,71000,-39000,32000
2013/07/11,0,120000,-57000,63000
2013/07/12,0,1859000,-40000,1819000
2013/07/15,0,131000,-829000,-698000
2013/07/16,0,221000,-513000,-292000
2013/07/17,0,646000,-345000,301000
2013/07/18,0,328000,-132000,196000
2013/07/19,0,237000,-674000,-437000
2013/07/22,0,13000,-276000,-263000
2013/07/23,0,157000,-40000,117000
2013/07/24,0,1637000,-70000,1567000
2013/07/25,0,730000,-326000,404000
2013/07/26,0,609000,-87000,522000
2013/07/29,0,282000,-235000,47000
2013/07/30,0,3727000,0,3727000
2013/07/31,0,3188000,-91074,3096926
2013/08/01,0,1985000,-1412000,573000
2013/08/02,0,923000,-4514000,-3591000
2013/08/05,0,122000,-152000,-30000
2013/08/06,0,193000,-266000,-73000
2013/08/07,0,136000,-174000,-38000
2013/08/08,0,142000,-227000,-85000
2013/08/09,0,245000,-338000,-93000
2013/08/12,0,256000,-209355,46645
2013/08/13,0,81000,-279000,-198000
2013/08/14,0,2062000,-155000,1907000
2013/08/15,0,534000,-661000,-127000
2013/08/16,0,1423000,-381000,1042000
2013/08/19,0,520000,-219000,301000
2013/08/20,0,515000,-1080501,-565501
2013/08/21,0,0,0,0
2013/08/22,0,359000,-459000,-100000
2013/08/23,0,919000,-443500,475500
2013/08/26,0,284000,-378000,-94000
2013/08/27,0,115000,-211000,-96000
2013/08/28,0,2390000,-271000,2119000
2013/08/29,0,732000,-1129000,-397000
2013/08/30,0,264000,-451000,-187000
2013/09/02,0,2695000,-1431000,1264000
2013/09/03,0,3875000,-3667500,207500
2013/09/04,0,466000,-2974000,-2508000
2013/09/05,0,2091000,-691000,1400000
2013/09/06,0,1326000,-1007000,319000
2013/09/09,0,1273000,-1271000,2000
2013/09/10,0,2379000,-2306000,73000
2013/09/11,0,689000,-2332000,-1643000
2013/09/12,0,381000,-616000,-235000
2013/09/13,0,681000,-381000,300000
2013/09/16,0,554000,-1027000,-473000
2013/09/17,0,396000,-1791000,-1395000
2013/09/18,0,298100,-852000,-553900
2013/09/19,0,0,0,0
2013/09/20,0,0,0,0
2013/09/23,0,337000,-351000,-14000
2013/09/24,0,2102000,-430000,1672000
2013/09/25,0,1949000,-506002,1442998
2013/09/26,0,1499000,-2379000,-880000
2013/09/27,0,291000,-1482000,-1191000
2013/09/30,0,466000,-1855000,-1389000
2013/10/01,0,316000,-500000,-184000
2013/10/02,0,225000,-231000,-6000
2013/10/03,0,820000,-80000,740000
2013/10/04,0,166000,-432000,-266000
2013/10/07,0,83000,-68000,15000
2013/10/08,0,100000,-6000,94000
2013/10/09,0,272000,-1075250,-803250
2013/10/10,0,0,0,0
2013/10/11,0,917000,-1187000,-270000
2013/10/14,0,451000,-462000,-11000
2013/10/15,0,327000,-679000,-352000
2013/10/16,0,706000,-448000,258000
2013/10/17,0,2221000,-192000,2029000
2013/10/18,0,716000,-1009000,-293000
2013/10/21,0,756000,-635000,121000
2013/10/22,0,519000,-462000,57000
2013/10/23,0,373000,-319000,54000
2013/10/24,0,215000,-971000,-756000
2013/10/25,0,247000,-171000,76000
2013/10/28,0,102000,-52000,50000
2013/10/29,0,62000,-90000,-28000
2013/10/30,0,88000,-50000,38000
2013/10/31,0,523000,-41000,482000
2013/11/01,0,223000,-294000,-71000
2013/11/04,0,357000,-2075000,-1718000
2013/11/05,0,336000,-1217000,-881000
2013/11/06,0,253000,-271000,-18000
2013/11/07,0,201000,-71700,129300
2013/11/08,0,158000,-120000,38000
2013/11/11,0,200000,-1007000,-807000
2013/11/12,0,445000,-281000,164000
2013/11/13,0,199000,-368000,-169000
2013/11/14,0,419000,-440000,-21000
2013/11/15,0,1083000,-149000,934000
2013/11/18,0,106000,-145000,-39000
2013/11/19,0,60000,-34000,26000
2013/11/20,0,61000,-185000,-124000
2013/11/21,0,248000,-195000,53000
2013/11/22,0,179000,-130000,49000
2013/11/25,0,51000,-1071000,-1020000
2013/11/26,0,251000,-837000,-586000
2013/11/27,0,120000,-427000,-307000
2013/11/28,0,80000,-318000,-238000
2013/11/29,0,236000,-174000,62000
2013/12/02,0,178000,-128000,50000
2013/12/03,0,17000,-410000,-393000
2013/12/04,0,105000,-16000,89000
2013/12/05,0,112000,-37000,75000
2013/12/06,0,193000,-45150,147850
2013/12/09,0,18000,-148000,-130000
2013/12/10,0,120000,-105000,15000
2013/12/11,0,90000,-348000,-258000
2013/12/12,0,372000,-396100,-24100
2013/12/13,0,384000,-67000,317000
2013/12/16,0,20000,-225000,-205000
2013/12/17,0,85000,-76000,9000
2013/12/18,0,213000,-173000,40000
2013/12/19,0,93000,-113000,-20000
2013/12/20,0,272000,-555000,-283000
2013/12/23,0,501000,-164000,337000
2013/12/24,0,327000,-160000,167000
2013/12/25,0,1366000,-222000,1144000
2013/12/26,0,509000,-932000,-423000
2013/12/27,0,399000,-223000,176000
2013/12/30,0,240000,-158000,82000
2013/12/31,0,126000,-178000,-52000
2014/01/02,0,79000,-105000,-26000
2014/01/03,0,264000,-217000,47000
2014/01/06,0,387000,-205000,182000
2014/01/07,0,300000,-124000,176000
2014/01/08,0,717000,-182000,535000
2014/01/09,0,387000,-241000,146000
2014/01/10,0,1587000,-186820,1400180
2014/01/13,0,881000,-1216000,-335000
2014/01/14,0,403000,-843000,-440000
2014/01/15,0,2143000,-464000,1679000
2014/01/16,0,221000,-1870000,-1649000
2014/01/17,0,411000,-965000,-554000
2014/01/20,0,778000,-518000,260000
2014/01/21,0,493000,-361043,131957
2014/01/22,0,396000,-210000,186000
2014/01/23,0,304000,-617000,-313000
2014/01/24,0,223000,-217000,6000
2014/01/27,0,36000,-262000,-226000
2014/02/05,0,676000,-428984,247016
2014/02/06,0,324000,-70000,254000
2014/02/07,0,116000,-140000,-24000
2014/02/10,0,70000,-85000,-15000
2014/02/11,0,120000,-142000,-22000
2014/02/12,0,40000,-207000,-167000
2014/02/13,0,390000,-72000,318000
2014/02/14,0,674000,-331000,343000
2014/02/17,0,43000,-748000,-705000
2014/02/18,0,136000,-323000,-187000
2014/02/19,0,114000,-649000,-535000
2014/02/20,0,18000,-335000,-317000
2014/02/21,0,74000,-51000,23000
2014/02/24,0,38000,-16000,22000
2014/02/25,0,50000,-19000,31000
2014/02/26,0,2197000,-106000,2091000
2014/02/27,0,140000,-831000,-691000
2014/03/03,0,327000,-358000,-31000
2014/03/04,0,2000,-250000,-248000
2014/03/05,0,1378000,-165000,1213000
2014/03/06,0,178000,-872000,-694000
2014/03/07,0,91000,-309000,-218000
2014/03/10,0,10000,-61000,-51000
2014/03/11,0,31000,-27000,4000
2014/03/12,0,2115000,-19000,2096000
2014/03/13,0,64000,-962000,-898000
2014/03/14,0,87000,-265000,-178000
2014/03/17,0,90000,-78000,12000
2014/03/18,0,17000,-63000,-46000
2014/03/19,0,198000,-309000,-111000
2014/03/20,0,5000,-244000,-239000
2014/03/21,0,75000,-79000,-4000
2014/03/24,0,50000,-45000,5000
2014/03/25,0,108000,-199550,-91550
2014/03/26,0,79000,-335000,-256000
2014/03/27,0,247000,-85000,162000
2014/03/28,0,687000,-371000,316000
2014/03/31,0,125000,-214000,-89000
2014/04/01,0,120000,-227650,-107650
2014/04/02,0,1906000,-124000,1782000
2014/04/03,0,41000,-360000,-319000
2014/04/07,0,1512000,-267000,1245000
2014/04/08,0,566000,-1001000,-435000
2014/04/09,0,159000,-1356000,-1197000
2014/04/10,0,1201000,-279000,922000
2014/04/11,0,70000,-1075000,-1005000
2014/04/14,0,228000,-98000,130000
2014/04/15,0,323000,-290500,32500
2014/04/16,0,154000,-586000,-432000
2014/04/17,0,42000,-202000,-160000
2014/04/18,0,73000,-327000,-254000
2014/04/21,0,122000,-54000,68000
2014/04/22,0,647000,-67000,580000
2014/04/23,0,30000,-680000,-650000
2014/04/24,0,1147000,-108000,1039000
2014/04/25,0,170000,-1372000,-1202000
2014/04/28,0,154000,-119000,35000
2014/04/29,0,52000,-279000,-227000
2014/04/30,0,77000,-176000,-99000
2014/05/02,0,10000,-72000,-62000
2014/05/05,0,1912000,-164000,1748000
2014/05/06,0,1000,-1642000,-1641000
2014/05/07,0,50000,-279000,-229000
2014/05/08,0,32000,-302889,-270889
2014/05/09,0,17000,-380000,-363000
2014/05/12,0,165000,-271000,-106000
2014/05/13,0,94000,-253000,-159000
2014/05/14,0,130000,-226000,-96000
2014/05/15,0,102000,-1183000,-1081000
2014/05/16,0,261000,-144000,117000
2014/05/19,0,65000,-3000,62000
2014/05/20,0,13000,-10000,3000
2014/05/21,0,30000,-158000,-128000
2014/05/22,0,335000,-47000,288000
2014/05/23,0,236000,-141000,95000
2014/05/26,0,30000,-94000,-64000
2014/05/27,0,0,-55000,-55000
2014/05/28,0,13000,-43000,-30000
2014/05/29,0,7000,-36000,-29000
2014/05/30,0,20000,-4000,16000
2014/06/03,0,4214000,-80000,4134000
2014/06/04,0,1075000,-2232000,-1157000
2014/06/05,0,1142000,-241000,901000
2014/06/06,0,189000,-483000,-294000
2014/06/09,0,2192000,-245000,1947000
2014/06/10,0,114000,-1620000,-1506000
2014/06/11,0,184000,-319000,-135000
2014/06/12,0,3091000,-245000,2846000
2014/06/13,0,366000,-2544000,-2178000
2014/06/16,0,434000,-224000,210000
2014/06/17,0,188000,-128000,60000
2014/06/18,0,357000,-1661000,-1304000
2014/06/19,0,1063000,-771000,292000
2014/06/20,0,112000,-1409000,-1297000
2014/06/23,0,26000,-711000,-685000
2014/06/24,0,1216000,-135000,1081000
2014/06/25,0,57000,-874169,-817169
2014/06/26,0,161000,-486000,-325000
2014/06/27,0,105000,-101000,4000
2014/06/30,0,88000,-116000,-28000
2014/07/01,0,1914000,-97000,1817000
2014/07/02,0,295000,-2035000,-1740000
2014/07/03,0,1685000,-514000,1171000
2014/07/04,0,6124000,-1139000,4985000
2014/07/07,0,1521000,-3446000,-1925000
2014/07/08,0,329000,-687000,-358000
2014/07/09,0,183000,-1075000,-892000
2014/07/10,0,2581000,-290000,2291000
2014/07/11,0,1538000,-2826000,-1288000
2014/07/14,0,413000,-2608000,-2195000
2014/07/15,0,544000,-657000,-113000
2014/07/16,0,291000,-633022,-342022
2014/07/17,0,108000,-1124000,-1016000
2014/07/18,0,489000,-665000,-176000
2014/07/21,0,142000,-120000,22000
2014/07/22,0,5288000,-472000,4816000
2014/07/23,0,0,0,0
2014/07/24,0,2172000,-1493000,679000
2014/07/25,0,3325000,-262000,3063000
2014/07/28,0,5440000,-1012151,4427849
2014/07/29,0,272000,-10285000,-10013000
2014/07/30,0,1260000,-3436000,-2176000
2014/07/31,0,204000,-572000,-368000
2014/08/01,0,88000,-1268000,-1180000
2014/08/04,0,2197000,-243000,1954000
2014/08/05,0,344000,-2489000,-2145000
2014/08/06,0,292000,-937000,-645000
2014/08/07,0,75000,-294000,-219000
2014/08/08,0,435000,-406000,29000
2014/08/11,0,3069000,-849000,2220000
2014/08/12,0,1584000,-1983000,-399000
2014/08/13,0,54000,-2268000,-2214000
2014/08/14,0,1156000,-470000,686000
2014/08/15,0,511000,-725000,-214000
2014/08/18,0,2982000,-335000,2647000
2014/08/19,0,1199001,-1989962,-790961
2014/08/20,0,1039000,-1311000,-272000
2014/08/21,0,1631857,-936119,695738
2014/08/22,0,561000,-964133,-403133
2014/08/25,0,243000,-1207010,-964010
2014/08/26,0,2392000,-442000,1950000
2014/08/27,0,478000,-2217000,-1739000
2014/08/28,0,161000,-591000,-430000
2014/08/29,0,380000,-227000,153000
2014/09/01,0,119000,-75040,43960
2014/09/02,0,214000,-433000,-219000
2014/09/03,0,720000,-328480,391520
2014/09/04,0,223000,-523522,-300522
2014/09/05,0,536000,-999000,-463000
2014/09/09,0,185000,-140000,45000
2014/09/10,0,221000,-263000,-42000
2014/09/11,0,235000,-647000,-412000
2014/09/12,0,491000,-1262000,-771000
2014/09/15,0,3832000,-286000,3546000
2014/09/16,0,467000,-2062000,-1595000
2014/09/17,0,230000,-1165000,-935000
2014/09/18,0,221000,-360502,-139502
2014/09/19,0,207000,-453181,-246181
2014/09/22,0,198000,-1039000,-841000
2014/09/23,0,880000,-395000,485000
2014/09/24,0,1288000,-718000,570000
2014/09/25,0,737000,-921000,-184000
2014/09/26,0,291000,-472000,-181000
2014/09/29,0,76000,-622000,-546000
2014/09/30,0,346000,-345000,1000
2014/10/01,0,408000,-162000,246000
2014/10/02,0,1357000,-203000,1154000
2014/10/03,0,505000,-943000,-438000
2014/10/06,0,691000,-449000,242000
2014/10/07,0,393000,-788000,-395000
2014/10/08,0,795000,-617000,178000
2014/10/09,0,433000,-868000,-435000
2014/10/13,0,304000,-1032000,-728000
2014/10/14,0,756000,-402000,354000
2014/10/15,0,551000,-1188685,-637685
2014/10/16,0,1251000,-572000,679000
2014/10/17,0,534000,-2090000,-1556000
2014/10/20,0,1265000,-257000,1008000
2014/10/21,0,78000,-486000,-408000
2014/10/22,0,69000,-66000,3000
2014/10/23,0,1045000,-562000,483000
2014/10/24,0,417000,-1117805,-700805
2014/10/27,0,137000,-151000,-14000
2014/10/28,0,547000,-242000,305000
2014/10/29,0,4809000,-189000,4620000
2014/10/30,0,339000,-889000,-550000
2014/10/31,0,240000,-690000,-450000
2014/11/03,0,712000,-234000,478000
2014/11/04,0,118000,-714000,-596000
2014/11/05,0,301000,-664000,-363000
2014/11/06,0,452000,-1331660,-879660
2014/11/07,0,1121000,-218000,903000
2014/11/10,0,220000,-625000,-405000
2014/11/11,0,2329000,-189000,2140000
2014/11/12,0,257000,-2082000,-1825000
2014/11/13,0,453000,-553000,-100000
2014/11/14,0,1905000,-261000,1644000
2014/11/17,0,637000,-810000,-173000
2014/11/18,0,460000,-2232000,-1772000
2014/11/19,0,633000,-354000,279000
2014/11/20,0,362000,-1564000,-1202000
2014/11/21,0,321000,-88000,233000
2014/11/24,0,92000,-225000,-133000
2014/11/25,0,896000,-719000,177000
2014/11/26,0,1757000,-261000,1496000
2014/11/27,0,789000,-530000,259000
2014/11/28,0,159000,-786000,-627000
2014/12/01,0,962000,-4232000,-3270000
2014/12/02,0,176000,-686000,-510000
2014/12/03,0,296000,-67004,228996
2014/12/04,0,3678000,-368000,3310000
2014/12/05,0,804000,-864000,-60000
2014/12/08,0,411000,-833000,-422000
2014/12/09,0,385000,-186000,199000
2014/12/10,0,211000,-412000,-201000
2014/12/11,0,114000,-1857000,-1743000
2014/12/12,0,523000,-217000,306000
2014/12/15,0,383000,-625000,-242000
2014/12/16,0,1303000,-331000,972000
2014/12/17,0,350000,-422000,-72000
2014/12/18,0,293000,-739000,-446000
2014/12/19,0,446000,-526161,-80161
2014/12/22,0,2524000,-362000,2162000
2014/12/23,0,2000,-974000,-972000
2014/12/24,0,794000,-101000,693000
2014/12/25,0,121000,-409000,-288000
2014/12/26,0,5000,-382000,-377000
2014/12/29,0,36000,-290000,-254000
2014/12/30,0,33000,-223000,-190000
2014/12/31,0,0,-807000,-807000
2015/01/01,0,0,0,0
2015/01/02,0,0,0,0
2015/01/05,0,85000,-38000,47000
2015/01/06,0,127000,-853000,-726000
2015/01/07,0,161000,-52000,109000
2015/01/08,0,1024281,-86000,938281
2015/01/09,0,101000,-738000,-637000
2015/01/12,0,63000,-18404,44596
2015/01/13,0,4997000,-176000,4821000
2015/01/14,0,529000,-2923000,-2394000
2015/01/15,0,91000,-836000,-745000
2015/01/16,0,807000,-1529249,-722249
2015/01/19,0,192000,-720000,-528000
2015/01/20,0,1402000,-305000,1097000
2015/01/21,0,167000,-1153149,-986149
2015/01/22,0,3287000,-592000,2695000
2015/01/23,0,960000,-2591000,-1631000
2015/01/26,0,966000,-187000,779000
2015/01/27,0,445000,-99000,346000
2015/01/28,0,379000,-75000,304000
2015/01/29,0,471000,-394000,77000
2015/01/30,0,309000,-543000,-234000
2015/02/02,0,72000,-264000,-192000
2015/02/03,0,56000,-244000,-188000
2015/02/04,0,338000,-291150,46850
2015/02/05,0,3378000,-820149,2557851
2015/02/06,0,206000,-2327000,-2121000
2015/02/09,0,4000,-489000,-485000
2015/02/10,0,115000,-105000,10000
2015/02/11,0,42000,-537000,-495000
2015/02/12,0,684000,-461000,223000
2015/02/13,0,537000,-916000,-379000
2015/02/16,0,0,0,0
2015/02/17,0,0,0,0
2015/02/18,0,0,0,0
2015/02/19,0,0,0,0
2015/02/20,0,0,0,0
2015/02/23,0,0,0,0
2015/02/24,0,811000,-408000,403000
2015/02/25,0,120000,-462100,-342100
2015/02/26,0,1355000,-806000,549000
2015/02/27,0,0,0,0
2015/03/02,0,2117000,-885000,1232000
2015/03/03,0,288000,-2167000,-1879000
2015/03/04,0,370000,-245000,125000
2015/03/05,0,336000,-415170,-79170
2015/03/06,0,281000,-315000,-34000
2015/03/09,0,929000,-448000,481000
2015/03/10,0,636000,-767782,-131782
2015/03/11,0,964000,-332000,632000
2015/03/12,0,998000,-315000,683000
2015/03/13,0,115000,-1481000,-1366000
2015/03/16,0,165000,-939000,-774000
2015/03/17,0,674000,-987100,-313100
2015/03/18,0,632000,-473000,159000
2015/03/19,0,1721000,-179000,1542000
2015/03/20,0,302000,-937000,-635000
2015/03/23,0,1012000,-337000,675000
2015/03/24,0,54000,-621000,-567000
2015/03/25,0,87000,-629000,-542000
2015/03/26,0,587000,-79000,508000
2015/03/27,0,102000,-205000,-103000
2015/03/30,0,212000,-397000,-185000
2015/03/31,0,266000,-1011000,-745000
2015/04/01,0,333000,-233000,100000
2015/04/02,0,352000,-132000,220000
2015/04/03,0,0,0,0
2015/04/06,0,0,0,0
2015/04/07,0,87000,-208000,-121000
2015/04/08,0,173000,-183000,-10000
2015/04/09,0,88000,-190000,-102000
2015/04/10,0,221000,-355000,-134000
2015/04/13,0,237000,-64000,173000
2015/04/14,0,463000,-62000,401000
2015/04/15,0,154000,-1151000,-997000
2015/04/16,0,624000,-223000,401000
2015/04/17,0,148000,-193000,-45000
2015/04/20,0,153000,-368000,-215000
2015/04/21,0,252000,-373000,-121000
2015/04/22,0,420000,-324000,96000
2015/04/23,0,492000,-240000,252000
2015/04/24,0,424000,-947000,-523000
2015/04/27,0,870000,-207000,663000
2015/04/28,0,119000,-706000,-587000
2015/04/29,0,270000,-298000,-28000
2015/04/30,0,374000,-197000,177000
2015/05/01,0,0,0,0
2015/05/04,0,402000,-38000,364000
2015/05/05,0,229000,-482000,-253000
2015/05/06,0,196000,-562000,-366000
2015/05/07,0,1106000,-146000,960000
2015/05/08,0,226000,-335000,-109000
2015/05/11,0,185000,-617000,-432000
2015/05/12,0,189000,-1476000,-1287000
2015/05/13,0,1324000,-73000,1251000
2015/05/14,0,147000,-741000,-594000
2015/05/15,0,1297000,-329000,968000
2015/05/18,0,456000,-407000,49000
2015/05/19,0,1271000,-73000,1198000
2015/05/20,0,254000,-842000,-588000
2015/05/21,0,288000,-123000,165000
2015/05/22,0,195000,-100000,95000
2015/05/25,0,1686000,-319000,1367000
2015/05/26,0,179000,-864000,-685000
2015/05/27,0,356000,-118000,238000
2015/05/28,0,1154000,-102000,1052000
2015/05/29,0,715000,-682000,33000
2015/06/01,0,246000,-404000,-158000
2015/06/02,0,687000,-62000,625000
2015/06/03,0,126000,-1306000,-1180000
2015/06/04,0,351000,-1569000,-1218000
2015/06/05,0,990000,-261000,729000
2015/06/08,0,165000,-1045000,-880000
2015/06/09,0,856000,-754000,102000
2015/06/10,0,996000,-155000,841000
2015/06/11,0,268000,-734000,-466000
2015/06/12,0,665000,-144000,521000
2015/06/15,0,440000,-176000,264000
2015/06/16,0,507000,-1529000,-1022000
2015/06/17,0,974000,-278000,696000
2015/06/18,0,384000,-276000,108000
2015/06/19,0,0,0,0
2015/06/22,0,146000,-120000,26000
2015/06/23,0,74000,-5000,69000
2015/06/24,0,53000,-71000,-18000
2015/06/25,0,846000,-20000,826000
2015/06/26,0,216000,-529000,-313000
2015/06/29,0,116000,-451000,-335000
2015/06/30,0,824000,-137000,687000
2015/07/01,0,1104000,-483000,621000
2015/07/02,0,1040000,-1134000,-94000
2015/07/03,0,212000,-1180000,-968000
2015/07/06,0,189000,-80000,109000
2015/07/07,0,596000,-81000,515000
2015/07/08,0,330000,-1579000,-1249000
2015/07/09,0,2118000,-63000,2055000
2015/07/10,0,0,0,0
2015/07/13,0,166000,-582000,-416000
2015/07/14,0,130000,-103000,27000
2015/07/15,0,97000,-517000,-420000
2015/07/16,0,980000,-182000,798000
2015/07/17,0,184000,-726000,-542000
2015/07/20,0,243000,-370000,-127000
2015/07/21,0,275000,-202000,73000
2015/07/22,0,344000,-272000,72000
2015/07/23,0,390000,-404000,-14000
2015/07/24,0,467000,-118000,349000
2015/07/27,0,704000,-1444000,-740000
2015/07/28,0,1291000,-153000,1138000
2015/07/29,0,340000,-35000,305000
2015/07/30,0,297000,-227000,70000
2015/07/31,0,160000,-258000,-98000
2015/08/03,0,149000,-197000,-48000
2015/08/04,0,440000,-374000,66000
2015/08/05,0,2545009,-51751,2493258
2015/08/06,0,718000,-1868000,-1150000
2015/08/07,0,495000,-639000,-144000
2015/08/10,0,512000,-337000,175000
2015/08/11,0,314000,-321000,-7000
2015/08/12,0,363000,-48000,315000
2015/08/13,0,21000,-771000,-750000
2015/08/14,0,429000,-342000,87000
2015/08/17,0,346000,-131000,215000
2015/08/18,0,379000,-627000,-248000
2015/08/19,0,341000,-565000,-224000
2015/08/20,0,843000,-325000,518000
2015/08/21,0,314000,-965000,-651000
2015/08/24,0,1020000,-165000,855000
2015/08/25,0,494000,-126000,368000
2015/08/26,0,465000,-220000,245000
2015/08/27,0,318000,-290000,28000
2015/08/28,0,667000,-416907,250093
2015/08/31,0,451000,-484074,-33074
2015/09/01,0,96000,-361000,-265000
2015/09/02,0,366000,-154926,211074
2015/09/03,0,298000,-834000,-536000
2015/09/04,0,70000,-405000,-335000
2015/09/07,0,218000,-199000,19000
2015/09/08,0,371000,-266001,104999
2015/09/09,0,54000,-500000,-446000
2015/09/10,0,1748000,-173000,1575000
2015/09/11,0,1098000,-1025000,73000
2015/09/14,0,351000,-1495000,-1144000
2015/09/15,0,121000,-348843,-227843
2015/09/16,0,79000,-86000,-7000
2015/09/17,0,94000,-184000,-90000
2015/09/18,0,1149000,-174000,975000
2015/09/21,0,11000,-200000,-189000
2015/09/22,0,703000,-200030,502970
2015/09/23,0,87000,-762000,-675000
2015/09/24,0,204000,-857000,-653000
2015/09/25,0,336000,-321000,15000
2015/09/28,0,0,0,0
2015/09/29,0,0,0,0
2015/09/30,0,440000,-208000,232000
2015/10/01,0,248000,-126000,122000
2015/10/02,0,118000,-129000,-11000
2015/10/05,0,31000,-54000,-23000
2015/10/06,0,386000,-67000,319000
2015/10/07,0,150000,-289000,-139000
2015/10/08,0,203000,-728000,-525000
2015/10/09,0,0,0,0
2015/10/12,0,1701000,-53000,1648000
2015/10/13,0,104000,-1438000,-1334000
2015/10/14,0,842000,-134000,708000
2015/10/15,0,59000,-702000,-643000
2015/10/16,0,315000,-587000,-272000
2015/10/19,0,153000,-124000,29000
2015/10/20,0,234000,-232000,2000
2015/10/21,0,212000,-274000,-62000
2015/10/22,0,1440000,-133000,1307000
2015/10/23,0,278000,-912000,-634000
2015/10/26,0,239000,-425000,-186000
2015/10/27,0,166000,-251000,-85000
2015/10/28,0,132000,-91000,41000
2015/10/29,0,183000,-926497,-743497
2015/10/30,0,523000,-1050000,-527000
2015/11/02,0,519000,-163000,356000
2015/11/03,0,92000,-75000,17000
2015/11/04,0,1314000,-112000,1202000
2015/11/05,0,1268000,-709000,559000
2015/11/06,0,47000,-871000,-824000
2015/11/09,0,226000,-421000,-195000
2015/11/10,0,243000,-281000,-38000
2015/11/11,0,420000,-1525000,-1105000
2015/11/12,0,919000,-314000,605000
2015/11/13,0,421000,-351000,70000
2015/11/16,0,469000,-224000,245000
2015/11/17,0,482000,-161000,321000
2015/11/18,0,86000,-776000,-690000
2015/11/19,0,804000,-117000,687000
2015/11/20,0,96000,-640000,-544000
2015/11/23,0,275000,-177000,98000
2015/11/24,0,872000,-355000,517000
2015/11/25,0,288000,-967860,-679860
2015/11/26,0,1180000,-328272,851728
2015/11/27,0,70000,-752000,-682000
2015/11/30,0,170000,-211000,-41000
2015/12/01,0,379000,-117000,262000
2015/12/02,0,612000,-295799,316201
2015/12/03,0,270000,-520000,-250000
2015/12/04,0,5000,-416000,-411000
2015/12/07,0,877000,-23000,854000
2015/12/08,0,3960000,-860000,3100000
2015/12/09,0,2403000,-1676000,727000
2015/12/10,0,1707000,-1410899,296101
2015/12/11,0,1877000,-1552000,325000
2015/12/14,0,751000,-1311000,-560000
2015/12/15,0,634000,-719000,-85000
2015/12/16,0,1172000,-733445,438555
2015/12/17,0,1319000,-1618000,-299000
2015/12/18,0,7099000,-1693000,5406000
2015/12/21,0,519000,-4377000,-3858000
2015/12/22,0,194000,-999000,-805000
2015/12/23,0,1102000,-481000,621000
2015/12/24,0,992000,-1244000,-252000
2015/12/25,0,357000,-307000,50000
2015/12/28,0,3163000,-307000,2856000
2015/12/29,0,169000,-2148000,-1979000
2015/12/30,0,215000,-1158000,-943000
2015/12/31,0,322000,-952000,-630000
2016/01/01,0,0,0,0
2016/01/04,0,233000,-428000,-195000
2016/01/05,0,174000,-460000,-286000
2016/01/06,0,348000,-1368000,-1020000
2016/01/07,0,997000,-848000,149000
2016/01/08,0,714000,-179000,535000
2016/01/11,0,378000,-827000,-449000
2016/01/12,0,114000,-359000,-245000
2016/01/13,0,242000,-1223000,-981000
2016/01/14,0,638000,-769000,-131000
2016/01/15,0,624000,-99000,525000
2016/01/18,0,242000,-120000,122000
2016/01/19,0,293000,-315000,-22000
2016/01/20,0,3643000,-93000,3550000
2016/01/21,0,271000,-1971000,-1700000
2016/01/22,0,1300000,-242000,1058000
2016/01/25,0,315000,-79000,236000
2016/01/26,0,257000,-67000,190000
2016/01/27,0,473000,-22000,451000
2016/01/28,0,206000,-296000,-90000
2016/01/29,0,4437000,-770000,3667000
2016/02/01,0,390000,-1068000,-678000
2016/02/02,0,308000,-795000,-487000
2016/02/03,0,317000,-932614,-615614
2016/02/04,0,0,0,0
2016/02/05,0,0,0,0
2016/02/08,0,0,0,0
2016/02/09,0,0,0,0
2016/02/10,0,0,0,0
2016/02/11,0,0,0,0
2016/02/12,0,0,0,0
2016/02/15,0,205000,-231000,-26000
2016/02/16,0,215000,-479000,-264000
2016/02/17,0,2038000,-995000,1043000
2016/02/18,0,873000,-1893000,-1020000
2016/02/19,0,690000,-348000,342000
2016/02/22,0,408000,-1553000,-1145000
2016/02/23,0,37000,-625000,-588000
2016/02/24,0,1040000,-314000,726000
2016/02/25,0,130000,-707000,-577000
2016/02/26,0,0,-620000,-620000
2016/02/29,0,0,0,0
2016/03/01,0,175000,-445000,-270000
2016/03/02,0,286000,-164000,122000
2016/03/03,0,74000,-585000,-511000
2016/03/04,0,29000,-304000,-275000
2016/03/07,0,1975000,-269000,1706000
2016/03/08,0,125000,-1518000,-1393000
2016/03/09,0,144000,-299000,-155000
2016/03/10,0,1850000,-1828000,22000
2016/03/11,0,489000,-1203000,-714000
2016/03/14,0,1859000,-294000,1565000
2016/03/15,0,118000,-2251000,-2133000
2016/03/16,0,804000,-322000,482000
2016/03/17,0,61000,-1204000,-1143000
2016/03/18,0,5265000,-464000,4801000
2016/03/21,0,4023000,-3966000,57000
2016/03/22,0,129000,-1671000,-1542000
2016/03/23,0,44000,-1052000,-1008000
2016/03/24,0,29000,-2589000,-2560000
2016/03/25,0,90000,-522000,-432000
2016/03/28,0,274000,-216000,58000
2016/03/29,0,349000,-833122,-484122
2016/03/30,0,1787000,-281000,1506000
2016/03/31,0,270000,-467000,-197000
2016/04/01,0,78000,-1251000,-1173000
2016/04/04,0,0,0,0
2016/04/05,0,0,0,0
2016/04/06,0,128000,-244000,-116000
2016/04/07,0,179000,-144000,35000
2016/04/08,0,41000,-38000,3000
2016/04/11,0,1111000,-92000,1019000
2016/04/12,0,167000,-1113000,-946000
2016/04/13,0,512000,-157000,355000
2016/04/14,0,64000,-172000,-108000
2016/04/15,0,205000,-274000,-69000
2016/04/18,0,30000,-193000,-163000
2016/04/19,0,105000,-73000,32000
2016/04/20,0,152000,-955000,-803000
2016/04/21,0,86000,-408000,-322000
2016/04/22,0,64000,-357000,-293000
2016/04/25,0,64000,-111000,-47000
2016/04/26,0,74000,-96000,-22000
2016/04/27,0,71000,-107000,-36000
2016/04/28,0,605000,-175000,430000
2016/04/29,0,219000,-400000,-181000
2016/05/02,0,0,0,0
2016/05/03,0,193000,-108000,85000
2016/05/04,0,392000,-229000,163000
2016/05/05,0,577000,-140000,437000
2016/05/06,0,348000,-134000,214000
2016/05/09,0,493000,-18000,475000
2016/05/10,0,227000,-380000,-153000
2016/05/11,0,246000,-380000,-134000
2016/05/12,0,141000,-79000,62000
2016/05/13,0,449000,-99000,350000
2016/05/16,0,1071000,-20000,1051000
2016/05/17,0,758000,-465000,293000
2016/05/18,0,153000,-710000,-557000
2016/05/19,0,105000,-129000,-24000
2016/05/20,0,805000,-66000,739000
2016/05/23,0,514000,-217000,297000
2016/05/24,0,375000,-463000,-88000
2016/05/25,0,282000,-412000,-130000
2016/05/26,0,1195000,-193000,1002000
2016/05/27,0,204000,-921000,-717000
2016/05/30,0,726000,-196000,530000
2016/05/31,0,536000,-588000,-52000
2016/06/01,0,158000,-525000,-367000
2016/06/02,0,102000,-494000,-392000
2016/06/03,0,102000,-458000,-356000
2016/06/06,0,68000,-154000,-86000
2016/06/07,0,910000,-306000,604000
2016/06/08,0,130000,-833000,-703000
2016/06/09,0,0,0,0
2016/06/10,0,0,0,0
2016/06/13,0,184000,-286840,-102840
2016/06/14,0,1258000,-112000,1146000
2016/06/15,0,407000,-897000,-490000
2016/06/16,0,88000,-560000,-472000
2016/06/17,0,113000,-108000,5000
2016/06/20,0,79000,-342000,-263000
2016/06/21,0,640000,-228000,412000
2016/06/22,0,6000,-358000,-352000
2016/06/23,0,62000,-121000,-59000
2016/06/24,0,22000,-620000,-598000
2016/06/27,0,2023000,-43000,1980000
2016/06/28,0,2326000,-141000,2185000
2016/06/29,0,3778000,-339000,3439000
2016/06/30,0,392000,-524000,-132000
2016/07/01,0,1968000,-550000,1418000
2016/07/04,0,1860000,-351000,1509000
2016/07/05,0,29000,-246000,-217000
2016/07/06,0,403000,-207000,196000
2016/07/07,0,234000,-535000,-301000
2016/07/08,0,0,0,0
2016/07/11,0,352000,-493000,-141000
2016/07/12,0,103000,-403000,-300000
2016/07/13,0,646000,-498000,148000
2016/07/14,0,114000,-444000,-330000
2016/07/15,0,121000,-304000,-183000
2016/07/18,0,234000,-815000,-581000
2016/07/19,0,708000,-344000,364000
2016/07/20,0,23000,-807000,-784000
2016/07/21,0,145000,-244000,-99000
2016/07/22,0,179000,-162000,17000
2016/07/25,0,21000,-398000,-377000
2016/07/26,0,14000,-148000,-134000
2016/07/27,0,35000,-131000,-96000
2016/07/28,0,106000,-271000,-165000
2016/07/29,0,138000,-73000,65000
2016/08/01,0,420000,-479000,-59000
2016/08/02,0,496000,-517000,-21000
2016/08/03,0,291000,-281000,10000
2016/08/04,0,194000,-326000,-132000
2016/08/05,0,734000,-139000,595000
2016/08/08,0,5498000,-147384,5350616
2016/08/09,0,88000,-5950000,-5862000
2016/08/10,0,292000,-664000,-372000
2016/08/11,0,316000,-289000,27000
2016/08/12,0,81000,-320000,-239000
2016/08/15,0,152000,-290000,-138000
2016/08/16,0,853000,-380000,473000
2016/08/17,0,2961000,-921000,2040000
2016/08/18,0,47000,-2258000,-2211000
2016/08/19,0,15000,-265000,-250000
2016/08/22,0,21000,-95000,-74000
2016/08/23,0,190000,-131000,59000
2016/08/24,0,28000,-248000,-220000
2016/08/25,0,275000,-178000,97000
2016/08/26,0,34000,-74000,-40000
2016/08/29,0,26000,-149000,-123000
2016/08/30,0,49000,-77009,-28009
2016/08/31,0,908000,-438179,469821
2016/09/01,0,319000,-288947,30053
2016/09/02,0,42000,-150000,-108000
2016/09/05,0,82000,-221555,-139555
2016/09/06,0,1187000,-104247,1082753
2016/09/07,0,83000,-1117000,-1034000
2016/09/08,0,94000,-177000,-83000
2016/09/09,0,215000,-146206,68794
2016/09/12,0,91000,-294000,-203000
2016/09/13,0,184000,-625000,-441000
2016/09/14,0,40000,-147000,-107000
2016/09/15,0,0,0,0
2016/09/16,0,0,0,0
2016/09/19,0,586000,-74000,512000
2016/09/20,0,6000,-134897,-128897
2016/09/21,0,85000,-223000,-138000
2016/09/22,0,338057,-181000,157057
2016/09/23,0,701000,-46000,655000
2016/09/26,0,26000,-317290,-291290
2016/09/27,0,0,0,0
2016/09/28,0,0,0,0
2016/09/29,0,477000,-50379,426621
2016/09/30,0,175000,-514042,-339042
2016/10/03,0,347000,-131000,216000
2016/10/04,0,987000,-33000,954000
2016/10/05,0,1441000,-305000,1136000
2016/10/06,0,101000,-1205000,-1104000
2016/10/07,0,117000,-692000,-575000
2016/10/10,0,0,0,0
2016/10/11,0,171000,-402000,-231000
2016/10/12,0,772000,-27000,745000
2016/10/13,0,260000,-321000,-61000
2016/10/14,0,241000,-496000,-255000
2016/10/17,0,101000,-480000,-379000
2016/10/18,0,143000,-129000,14000
2016/10/19,0,109000,-207000,-98000
2016/10/20,0,83000,-71000,12000
2016/10/21,0,81000,-95000,-14000
2016/10/24,0,49000,-15000,34000
2016/10/25,0,82000,-8000,74000
2016/10/26,0,251000,-2000,249000
2016/10/27,0,53000,-79000,-26000
2016/10/28,0,142000,-182000,-40000
2016/10/31,0,126000,-56000,70000
2016/11/01,0,974000,-15000,959000
2016/11/02,0,127000,-230000,-103000
2016/11/03,0,186000,-615000,-429000
2016/11/04,0,179000,-78000,101000
2016/11/07,0,70000,-91000,-21000
2016/11/08,0,7000,-57000,-50000
2016/11/09,0,475000,-297000,178000
2016/11/10,0,805000,-30000,775000
2016/11/11,0,526000,-349000,177000
2016/11/14,0,314000,-285000,29000
2016/11/15,0,780000,-90000,690000
2016/11/16,0,104000,-595000,-491000
2016/11/17,0,174000,-254000,-80000
2016/11/18,0,206000,-207214,-1214
2016/11/21,0,71000,-108000,-37000
2016/11/22,0,249000,-19000,230000
2016/11/23,0,26000,-153000,-127000
2016/11/24,0,100000,-250000,-150000
2016/11/25,0,87000,-248000,-161000
2016/11/28,0,31000,-128780,-97780
2016/11/29,0,169000,-24000,145000
2016/11/30,0,0,-172000,-172000
2016/12/01,0,30000,-30000,0
2016/12/02,0,55000,-250000,-195000
2016/12/05,0,48000,-259000,-211000
2016/12/06,0,243000,-29000,214000
2016/12/07,0,0,-237448,-237448
2016/12/08,0,370000,-29000,341000
2016/12/09,0,302000,-180000,122000
2016/12/12,0,53000,-228000,-175000
2016/12/13,0,123000,-21000,102000
2016/12/14,0,21000,-84000,-63000
2016/12/15,0,57000,-57000,0
2016/12/16,0,135000,-47000,88000
2016/12/19,0,145000,-1909000,-1764000
2016/12/20,0,126000,-1822000,-1696000
2016/12/21,0,159000,-1928000,-1769000
2016/12/22,0,105000,-168000,-63000
2016/12/23,0,152000,-48000,104000
2016/12/26,0,59000,-1857000,-1798000
2016/12/27,0,38000,-2000,36000
2016/12/28,0,22000,-1846000,-1824000
2016/12/29,0,5385000,-2136000,3249000
2016/12/30,0,140000,-3210000,-3070000
2017/01/02,0,0,0,0
2017/01/03,0,798000,-199000,599000
2017/01/04,0,329000,-187000,142000
2017/01/05,0,400000,-223000,177000
2017/01/06,0,1050000,-684000,366000
2017/01/09,0,1588000,-619000,969000
2017/01/10,0,128000,-682000,-554000
2017/01/11,0,5629000,-1633000,3996000
2017/01/12,0,849000,-2636000,-1787000
2017/01/13,0,3611000,-1363000,2248000
2017/01/16,0,766000,-1334000,-568000
2017/01/17,0,462000,-4414000,-3952000
2017/01/18,0,1089000,-1509000,-420000
2017/01/19,0,213000,-606000,-393000
2017/01/20,0,2357000,-367000,1990000
2017/01/23,0,206000,-882000,-676000
2017/01/24,0,149000,-864000,-715000
2017/01/25,0,0,0,0
2017/01/26,0,0,0,0
2017/01/27,0,0,0,0
2017/01/30,0,0,0,0
2017/01/31,0,0,0,0
2017/02/01,0,0,0,0
2017/02/02,0,2567000,-1560000,1007000
2017/02/03,0,532000,-837000,-305000
2017/02/06,0,366000,-1848000,-1482000
2017/02/07,0,104000,-1095000,-991000
2017/02/08,0,962000,-719000,243000
2017/02/09,0,874000,-470000,404000
2017/02/10,0,389000,-246000,143000
2017/02/13,0,551000,-396000,155000
2017/02/14,0,232000,-1250000,-1018000
2017/02/15,0,98000,-731000,-633000
2017/02/16,0,4000,-1504000,-1500000
2017/02/17,0,30000,-929000,-899000
2017/02/20,0,7000,-305000,-298000
2017/02/21,0,450000,-441000,9000
2017/02/22,0,276000,-312000,-36000
2017/02/23,0,29000,-320000,-291000
2017/02/24,0,29000,-183000,-154000
2017/02/27,0,0,0,0
2017/02/28,0,0,0,0
2017/03/01,0,157000,-134000,23000
2017/03/02,0,463000,-43000,420000
2017/03/03,0,1422000,-180000,1242000
2017/03/06,0,31000,-744000,-713000
2017/03/07,0,112000,-257000,-145000
2017/03/08,0,53000,-526000,-473000
2017/03/09,0,107000,-410000,-303000
2017/03/10,0,243000,-319000,-76000
2017/03/13,0,75000,-387000,-312000
2017/03/14,0,270000,-175000,95000
2017/03/15,0,2737000,-158000,2579000
2017/03/16,0,218000,-824000,-606000
2017/03/17,0,192000,-612000,-420000
2017/03/20,0,1101000,-365000,736000
2017/03/21,0,8572000,-2961000,5611000
2017/03/22,0,724000,-5549000,-4825000
2017/03/23,0,185000,-1573000,-1388000
2017/03/24,0,118000,-423000,-305000
2017/03/27,0,1993000,-308000,1685000
2017/03/28,0,448000,-1730000,-1282000
2017/03/29,0,189000,-286000,-97000
2017/03/30,0,283000,-570000,-287000
2017/03/31,0,311000,-588691,-277691
2017/04/03,0,0,0,0
2017/04/04,0,0,0,0
2017/04/05,0,1244000,-184000,1060000
2017/04/06,0,133000,-1945000,-1812000
2017/04/07,0,43000,-582000,-539000
2017/04/10,0,47000,-288000,-241000
2017/04/11,0,1512000,-387000,1125000
2017/04/12,0,209000,-1168000,-959000
2017/04/13,0,888000,-626000,262000
2017/04/14,0,163000,-1258000,-1095000
2017/04/17,0,245000,-542000,-297000
2017/04/18,0,259000,-300000,-41000
2017/04/19,0,223000,-466000,-243000
2017/04/20,0,119000,-154000,-35000
2017/04/21,0,138000,-84000,54000
2017/04/24,0,260000,-359000,-99000
2017/04/25,0,720000,-147000,573000
2017/04/26,0,298000,-657000,-359000
2017/04/27,0,46000,-59000,-13000
2017/04/28,0,58000,-407000,-349000
2017/05/01,0,0,0,0
2017/05/02,0,426000,-217000,209000
2017/05/03,0,1108000,-53000,1055000
2017/05/04,0,225000,-505000,-280000
2017/05/05,0,123000,-881000,-758000
2017/05/08,0,1492000,-229000,1263000
2017/05/09,0,69000,-1288825,-1219825
2017/05/10,0,1168000,-113000,1055000
2017/05/11,0,142000,-546000,-404000
2017/05/12,0,79000,-65000,14000
2017/05/15,0,120000,-26000,94000
2017/05/16,0,351000,-202000,149000
2017/05/17,0,378000,-191000,187000
2017/05/18,0,195000,-314000,-119000
2017/05/19,0,63000,-70000,-7000
2017/05/22,0,126000,-527000,-401000
2017/05/23,0,622000,-114000,508000
2017/05/24,0,408000,-251000,157000
2017/05/25,0,110000,-282000,-172000
2017/05/26,0,76000,-99000,-23000
2017/05/29,0,0,0,0
2017/05/30,0,0,0,0
2017/05/31,0,239000,-414000,-175000
2017/06/01,0,3287000,-788000,2499000
2017/06/02,0,346000,-776000,-430000
2017/06/05,0,61000,-463000,-402000
2017/06/06,0,110000,-198583,-88583
2017/06/07,0,392000,-598000,-206000
2017/06/08,0,230000,-37000,193000
2017/06/09,0,3853000,-322000,3531000
2017/06/12,0,3181000,-1443000,1738000
2017/06/13,0,958000,-1913000,-955000
2017/06/14,0,1995000,-880000,1115000
2017/06/15,0,2436000,-1046000,1390000
2017/06/16,0,414000,-1423000,-1009000
2017/06/19,0,2706000,-787000,1919000
2017/06/20,0,311000,-4865000,-4554000
2017/06/21,0,244000,-469000,-225000
2017/06/22,0,216000,-234000,-18000
2017/06/23,0,1431000,-174000,1257000
2017/06/26,0,3907000,-3639000,268000
2017/06/27,0,3385000,-1442000,1943000
2017/06/28,0,121000,-286000,-165000
2017/06/29,0,3544000,-176000,3368000
2017/06/30,0,113000,-503000,-390000
2017/07/03,0,16000,-198000,-182000
2017/07/04,0,56000,-157000,-101000
2017/07/05,0,226000,-107000,119000
2017/07/06,0,84000,-95000,-11000
2017/07/07,0,1752000,-305000,1447000
2017/07/10,0,23000,-345000,-322000
2017/07/11,0,518000,-480000,38000
2017/07/12,0,216000,-329000,-113000
2017/07/13,0,622000,-225000,397000
2017/07/14,0,13000,-870000,-857000
2017/07/17,0,102000,-431000,-329000
2017/07/18,0,29000,-271000,-242000
2017/07/19,0,317000,-140000,177000
2017/07/20,0,72000,-304000,-232000
2017/07/21,0,476000,-147000,329000
2017/07/24,0,166000,-400000,-234000
2017/07/25,0,811000,-353000,458000
2017/07/26,0,560000,-480000,80000
2017/07/27,0,674000,-238000,436000
2017/07/28,0,261000,-358000,-97000
2017/07/31,0,1513000,-83000,1430000
2017/08/01,0,4639000,-51556,4587444
2017/08/02,0,289000,-3909000,-3620000
2017/08/03,0,373000,-1523000,-1150000
2017/08/04,0,139000,-1082000,-943000
2017/08/07,0,190000,-279000,-89000
2017/08/08,0,228000,-127000,101000
2017/08/09,0,108000,-596000,-488000
2017/08/10,0,161000,-813000,-652000
2017/08/11,0,150000,-242000,-92000
2017/08/14,0,111000,-493000,-382000
2017/08/15,0,205000,-67000,138000
2017/08/16,0,203000,-224000,-21000
2017/08/17,0,590000,-313000,277000
2017/08/18,0,63000,-509000,-446000
