Date,Open,Buy,Sell,Total
2007/01/02,0,4000,-4000,0
2007/01/03,0,11000,0,11000
2007/01/04,0,2000,-3000,-1000
2007/01/05,0,6000,-12000,-6000
2007/01/08,0,15000,0,15000
2007/01/09,0,0,0,0
2007/01/10,0,0,0,0
2007/01/11,0,0,-1000,-1000
2007/01/12,0,9000,0,9000
2007/01/15,0,0,-10000,-10000
2007/01/16,0,0,-11000,-11000
2007/01/17,0,0,-33000,-33000
2007/01/18,0,0,-17000,-17000
2007/01/19,0,1000,-4000,-3000
2007/01/22,0,2000,-11000,-9000
2007/01/23,0,2000,-4000,-2000
2007/01/24,0,1000,-8000,-7000
2007/01/25,0,3000,-2000,1000
2007/01/26,0,0,0,0
2007/01/29,0,9000,0,9000
2007/01/30,0,0,0,0
2007/01/31,0,3000,0,3000
2007/02/01,0,0,-3000,-3000
2007/02/02,0,0,0,0
2007/02/05,0,0,-1000,-1000
2007/02/06,0,0,0,0
2007/02/07,0,0,-53000,-53000
2007/02/08,0,11000,0,11000
2007/02/09,0,4000,0,4000
2007/02/12,0,0,-34000,-34000
2007/02/13,0,11000,0,11000
2007/02/14,0,2000,0,2000
2007/02/15,0,0,0,0
2007/02/16,0,0,0,0
2007/02/19,0,0,0,0
2007/02/20,0,0,0,0
2007/02/21,0,0,0,0
2007/02/22,0,0,0,0
2007/02/23,0,0,0,0
2007/02/26,0,0,-11000,-11000
2007/02/27,0,5000,-8000,-3000
2007/02/28,0,0,0,0
2007/03/01,0,4000,-17000,-13000
2007/03/02,0,3000,-2000,1000
2007/03/05,0,0,-18000,-18000
2007/03/06,0,31000,0,31000
2007/03/07,0,31000,-10000,21000
2007/03/08,0,24000,0,24000
2007/03/09,0,0,0,0
2007/03/12,0,0,0,0
2007/03/13,0,0,0,0
2007/03/14,0,1000,0,1000
2007/03/15,0,7000,0,7000
2007/03/16,0,1000,-1000,0
2007/03/19,0,0,0,0
2007/03/20,0,0,0,0
2007/03/21,0,1000,-8000,-7000
2007/03/22,0,1000,-6000,-5000
2007/03/23,0,6000,-1000,5000
2007/03/26,0,2000,0,2000
2007/03/27,0,5000,-1000,4000
2007/03/28,0,0,-32000,-32000
2007/03/29,0,6000,-4000,2000
2007/03/30,0,2000,-10000,-8000
2007/04/02,0,0,-16000,-16000
2007/04/03,0,1000,-8000,-7000
2007/04/04,0,1000,-10000,-9000
2007/04/05,0,0,0,0
2007/04/06,0,0,0,0
2007/04/09,0,900,0,900
2007/04/10,0,0,-1000,-1000
2007/04/11,0,0,0,0
2007/04/12,0,0,0,0
2007/04/13,0,4000,0,4000
2007/04/16,0,0,-92000,-92000
2007/04/17,0,0,-6000,-6000
2007/04/18,0,1000,0,1000
2007/04/19,0,0,0,0
2007/04/20,0,8000,-2000,6000
2007/04/23,0,0,0,0
2007/04/24,0,0,-1000,-1000
2007/04/25,0,0,-1000,-1000
2007/04/26,0,0,0,0
2007/04/27,0,0,-2000,-2000
2007/04/30,0,0,0,0
2007/05/01,0,0,0,0
2007/05/02,0,2000,-4000,-2000
2007/05/03,0,0,-1000,-1000
2007/05/04,0,1000,0,1000
2007/05/07,0,0,0,0
2007/05/08,0,0,0,0
2007/05/09,0,6000,-2000,4000
2007/05/10,0,1000,0,1000
2007/05/11,0,0,0,0
2007/05/14,0,1000,0,1000
2007/05/15,0,0,-7000,-7000
2007/05/16,0,0,0,0
2007/05/17,0,0,0,0
2007/05/18,0,6000,0,6000
2007/05/21,0,0,-7000,-7000
2007/05/22,0,0,0,0
2007/05/23,0,0,0,0
2007/05/24,0,0,-1000,-1000
2007/05/25,0,1000,0,1000
2007/05/28,0,0,0,0
2007/05/29,0,4000,0,4000
2007/05/30,0,0,-4000,-4000
2007/05/31,0,0,0,0
2007/06/01,0,6000,0,6000
2007/06/04,0,1000,-2000,-1000
2007/06/05,0,0,-3000,-3000
2007/06/06,0,0,0,0
2007/06/07,0,0,-4000,-4000
2007/06/08,0,0,-1000,-1000
2007/06/11,0,0,-10000,-10000
2007/06/12,0,19000,0,19000
2007/06/13,0,0,0,0
2007/06/14,0,0,-5000,-5000
2007/06/15,0,0,0,0
2007/06/18,0,0,0,0
2007/06/19,0,0,0,0
2007/06/20,0,7000,-11000,-4000
2007/06/21,0,27000,-1000,26000
2007/06/22,0,0,0,0
2007/06/25,0,40000,-2000,38000
2007/06/26,0,0,0,0
2007/06/27,0,0,0,0
2007/06/28,0,0,0,0
2007/06/29,0,10000,0,10000
2007/07/02,0,0,0,0
2007/07/03,0,0,0,0
2007/07/04,0,6000,0,6000
2007/07/05,0,5000,0,5000
2007/07/06,0,0,0,0
2007/07/09,0,19000,0,19000
2007/07/10,0,12000,-3000,9000
2007/07/11,0,8000,-12000,-4000
2007/07/12,0,0,-8000,-8000
2007/07/13,0,11000,0,11000
2007/07/16,0,0,-7000,-7000
2007/07/17,0,5000,0,5000
2007/07/18,0,13000,0,13000
2007/07/19,0,7000,-14000,-7000
2007/07/20,0,3000,0,3000
2007/07/23,0,3000,0,3000
2007/07/24,0,12000,-4000,8000
2007/07/25,0,22000,0,22000
2007/07/26,0,20000,-18000,2000
2007/07/27,0,16000,-11000,5000
2007/07/30,0,1000,-21000,-20000
2007/07/31,0,4000,-41000,-37000
2007/08/01,0,12960,-37000,-24040
2007/08/02,0,2000,-15000,-13000
2007/08/03,0,2000,-1000,1000
2007/08/06,0,0,0,0
2007/08/07,0,0,0,0
2007/08/08,0,12000,-31000,-19000
2007/08/09,0,7000,-13000,-6000
2007/08/10,0,0,-18000,-18000
2007/08/13,0,0,0,0
2007/08/14,0,0,0,0
2007/08/15,0,0,-7000,-7000
2007/08/16,0,0,-8000,-8000
2007/08/17,0,0,-1000,-1000
2007/08/20,0,3000,0,3000
2007/08/21,0,2000,-3000,-1000
2007/08/22,0,1000,0,1000
2007/08/23,0,2000,0,2000
2007/08/24,0,0,-5000,-5000
2007/08/27,0,0,-4000,-4000
2007/08/28,0,7000,0,7000
2007/08/29,0,15000,0,15000
2007/08/30,0,0,-7000,-7000
2007/08/31,0,30000,0,30000
2007/09/03,0,1000,-6000,-5000
2007/09/04,0,2000,-5000,-3000
2007/09/05,0,1000,-2000,-1000
2007/09/06,0,0,-2000,-2000
2007/09/07,0,6000,-3000,3000
2007/09/10,0,0,-5000,-5000
2007/09/11,0,3000,-1000,2000
2007/09/12,0,0,0,0
2007/09/13,0,0,0,0
2007/09/14,0,0,0,0
2007/09/17,0,1000,-5000,-4000
2007/09/18,0,0,0,0
2007/09/19,0,2000,-1000,1000
2007/09/20,0,2000,0,2000
2007/09/21,0,8000,0,8000
2007/09/24,0,0,0,0
2007/09/25,0,0,0,0
2007/09/26,0,3000,-1000,2000
2007/09/27,0,12000,-4000,8000
2007/09/28,0,1000,-5000,-4000
2007/10/01,0,0,0,0
2007/10/02,0,2000,0,2000
2007/10/03,0,8000,0,8000
2007/10/04,0,0,-4000,-4000
2007/10/05,0,8000,-1000,7000
2007/10/08,0,4000,0,4000
2007/10/09,0,4000,-4000,0
2007/10/10,0,0,0,0
2007/10/11,0,1000,-14109,-13109
2007/10/12,0,0,0,0
2007/10/15,0,0,-6000,-6000
2007/10/16,0,0,0,0
2007/10/17,0,36000,0,36000
2007/10/18,0,1000,-12000,-11000
2007/10/19,0,5000,-1000,4000
2007/10/22,0,0,-22000,-22000
2007/10/23,0,2000,0,2000
2007/10/24,0,0,-6000,-6000
2007/10/25,0,0,-5000,-5000
2007/10/26,0,0,0,0
2007/10/29,0,9000,0,9000
2007/10/30,0,84000,0,84000
2007/10/31,0,48000,-1000,47000
2007/11/01,0,1000,-4000,-3000
2007/11/02,0,0,0,0
2007/11/05,0,5000,0,5000
2007/11/06,0,6000,-2001,3999
2007/11/07,0,1000,0,1000
2007/11/08,0,0,-13000,-13000
2007/11/09,0,26000,-2000,24000
2007/11/12,0,0,-8000,-8000
2007/11/13,0,1000,-2000,-1000
2007/11/14,0,3000,-2000,1000
2007/11/15,0,5000,-3000,2000
2007/11/16,0,0,-14000,-14000
2007/11/19,0,0,0,0
2007/11/20,0,5000,-5000,0
2007/11/21,0,0,-20000,-20000
2007/11/22,0,3000,0,3000
2007/11/23,0,3000,-6000,-3000
2007/11/26,0,8000,-2000,6000
2007/11/27,0,8000,-2000,6000
2007/11/28,0,0,0,0
2007/11/29,0,0,-5000,-5000
2007/11/30,0,8000,0,8000
2007/12/03,0,0,0,0
2007/12/04,0,1000,-1000,0
2007/12/05,0,7000,-9000,-2000
2007/12/06,0,2000,-3000,-1000
2007/12/07,0,4000,-5846,-1846
2007/12/10,0,2000,-4000,-2000
2007/12/11,0,6000,-1000,5000
2007/12/12,0,1000,0,1000
2007/12/13,0,0,-6000,-6000
2007/12/14,0,1000,-7000,-6000
2007/12/17,0,3000,-9000,-6000
2007/12/18,0,0,-10000,-10000
2007/12/19,0,3000,-3000,0
2007/12/20,0,0,-3000,-3000
2007/12/21,0,0,0,0
2007/12/24,0,2000,0,2000
2007/12/25,0,1000,-2000,-1000
2007/12/26,0,3000,0,3000
2007/12/27,0,0,-5000,-5000
2007/12/28,0,4000,-4000,0
2007/12/31,0,3000,-3000,0
2008/01/01,0,0,0,0
2008/01/02,0,0,-4050,-4050
2008/01/03,0,4000,0,4000
2008/01/04,0,0,-3000,-3000
2008/01/07,0,0,-2000,-2000
2008/01/08,0,0,-15000,-15000
2008/01/09,0,1000,0,1000
2008/01/10,0,0,-1000,-1000
2008/01/11,0,0,0,0
2008/01/14,0,1000,0,1000
2008/01/15,0,0,0,0
2008/01/16,0,0,-1000,-1000
2008/01/17,0,22000,0,22000
2008/01/18,0,3000,-6000,-3000
2008/01/21,0,0,0,0
2008/01/22,0,0,-3000,-3000
2008/01/23,0,0,0,0
2008/01/24,0,0,0,0
2008/01/25,0,5000,0,5000
2008/01/28,0,1000,-5000,-4000
2008/01/29,0,16000,0,16000
2008/01/30,0,0,-5000,-5000
2008/01/31,0,14000,-1000,13000
2008/02/01,0,12000,-1000,11000
2008/02/04,0,0,0,0
2008/02/05,0,0,0,0
2008/02/06,0,0,0,0
2008/02/07,0,0,0,0
2008/02/08,0,0,0,0
2008/02/11,0,0,0,0
2008/02/12,0,19000,0,19000
2008/02/13,0,0,-3000,-3000
2008/02/14,0,2000,0,2000
2008/02/15,0,5000,-2000,3000
2008/02/18,0,1000,0,1000
2008/02/19,0,0,-6000,-6000
2008/02/20,0,4000,0,4000
2008/02/21,0,1000,-4000,-3000
2008/02/22,0,0,-3000,-3000
2008/02/25,0,5000,0,5000
2008/02/26,0,0,-1000,-1000
2008/02/27,0,3000,-3000,0
2008/02/28,0,0,0,0
2008/02/29,0,2000,0,2000
2008/03/03,0,2000,-2000,0
2008/03/04,0,0,0,0
2008/03/05,0,2000,-4000,-2000
2008/03/06,0,14000,-1000,13000
2008/03/07,0,5000,0,5000
2008/03/10,0,9000,0,9000
2008/03/11,0,0,0,0
2008/03/12,0,28000,0,28000
2008/03/13,0,0,-8000,-8000
2008/03/14,0,0,-4000,-4000
2008/03/17,0,0,-1000,-1000
2008/03/18,0,6000,0,6000
2008/03/19,0,3000,-6000,-3000
2008/03/20,0,26000,0,26000
2008/03/21,0,31000,-3000,28000
2008/03/24,0,43000,-6000,37000
2008/03/25,0,92000,-1000,91000
2008/03/26,0,31000,-1000,30000
2008/03/27,0,24000,0,24000
2008/03/28,0,0,0,0
2008/03/31,0,37000,0,37000
2008/04/01,0,65000,-7000,58000
2008/04/02,0,4000,0,4000
2008/04/03,0,5000,0,5000
2008/04/04,0,0,0,0
2008/04/07,0,8000,-5000,3000
2008/04/08,0,0,-11000,-11000
2008/04/09,0,0,-14000,-14000
2008/04/10,0,5000,0,5000
2008/04/11,0,1000,0,1000
2008/04/14,0,0,-4000,-4000
2008/04/15,0,0,-9000,-9000
2008/04/16,0,5000,0,5000
2008/04/17,0,60000,-33000,27000
2008/04/18,0,6000,-2000,4000
2008/04/21,0,6000,-4000,2000
2008/04/22,0,8000,0,8000
2008/04/23,0,8000,-5000,3000
2008/04/24,0,0,-2000,-2000
2008/04/25,0,3000,-1000,2000
2008/04/28,0,2000,-2000,0
2008/04/29,0,0,-53000,-53000
2008/04/30,0,0,0,0
2008/05/01,0,0,0,0
2008/05/02,0,7000,0,7000
2008/05/05,0,0,0,0
2008/05/06,0,4000,-4000,0
2008/05/07,0,11000,0,11000
2008/05/08,0,0,0,0
2008/05/09,0,3000,-1000,2000
2008/05/12,0,2000,-4000,-2000
2008/05/13,0,0,0,0
2008/05/14,0,5000,-7000,-2000
2008/05/15,0,1000,-1000,0
2008/05/16,0,35000,0,35000
2008/05/19,0,3000,0,3000
2008/05/20,0,0,0,0
2008/05/21,0,29000,-42000,-13000
2008/05/22,0,27000,-21000,6000
2008/05/23,0,2000,-12000,-10000
2008/05/26,0,4000,-1000,3000
2008/05/27,0,1000,-5000,-4000
2008/05/28,0,21000,-2000,19000
2008/05/29,0,23000,-7000,16000
2008/05/30,0,2000,-1000,1000
2008/06/02,0,14000,-2000,12000
2008/06/03,0,3000,-6000,-3000
2008/06/04,0,19000,-14000,5000
2008/06/05,0,19000,-149000,-130000
2008/06/06,0,0,-3000,-3000
2008/06/09,0,10000,-8000,2000
2008/06/10,0,3000,-22130,-19130
2008/06/11,0,7000,-55000,-48000
2008/06/12,0,14000,-10000,4000
2008/06/13,0,0,-103000,-103000
2008/06/16,0,13000,-9000,4000
2008/06/17,0,29000,0,29000
2008/06/18,0,27000,-18000,9000
2008/06/19,0,2000,-47000,-45000
2008/06/20,0,2000,-32000,-30000
2008/06/23,0,3000,-2000,1000
2008/06/24,0,2000,-3000,-1000
2008/06/25,0,3000,-3000,0
2008/06/26,0,34000,0,34000
2008/06/27,0,18000,-33000,-15000
2008/06/30,0,9000,-23000,-14000
2008/07/01,0,20000,-2000,18000
2008/07/02,0,115000,0,115000
2008/07/03,0,49000,-33000,16000
2008/07/04,0,9000,-50000,-41000
2008/07/07,0,0,-3000,-3000
2008/07/08,0,15000,-41000,-26000
2008/07/09,0,22000,-16000,6000
2008/07/10,0,60000,-22000,38000
2008/07/11,0,21000,-42000,-21000
2008/07/14,0,23000,-20000,3000
2008/07/15,0,7000,-7000,0
2008/07/16,0,12000,-12000,0
2008/07/17,0,11000,-29000,-18000
2008/07/18,0,1000,-26000,-25000
2008/07/21,0,33000,-1000,32000
2008/07/22,0,21000,-32000,-11000
2008/07/23,0,201000,-1000,200000
2008/07/24,0,0,-176000,-176000
2008/07/25,0,8000,-18000,-10000
2008/07/28,0,0,0,0
2008/07/29,0,27000,-9000,18000
2008/07/30,0,3000,-20000,-17000
2008/07/31,0,1000,-10000,-9000
2008/08/01,0,24000,-1000,23000
2008/08/04,0,0,-24000,-24000
2008/08/05,0,3000,0,3000
2008/08/06,0,20000,0,20000
2008/08/07,0,0,0,0
2008/08/08,0,0,0,0
2008/08/11,0,0,0,0
2008/08/12,0,9000,-17000,-8000
2008/08/13,0,2000,0,2000
2008/08/14,0,30000,-3000,27000
2008/08/15,0,21000,-17000,4000
2008/08/18,0,0,-1000,-1000
2008/08/19,0,1000,-21154,-20154
2008/08/20,0,47000,-12000,35000
2008/08/21,0,0,-63000,-63000
2008/08/22,0,3000,-4000,-1000
2008/08/25,0,14000,-6000,8000
2008/08/26,0,3000,-14000,-11000
2008/08/27,0,33000,-3000,30000
2008/08/28,0,36000,-62000,-26000
2008/08/29,0,24000,-20000,4000
2008/09/01,0,1000,-19000,-18000
2008/09/02,0,0,-19000,-19000
2008/09/03,0,5000,-2000,3000
2008/09/04,0,3000,-4000,-1000
2008/09/05,0,39000,-24000,15000
2008/09/08,0,1000,-38000,-37000
2008/09/09,0,4000,-1000,3000
2008/09/10,0,34000,-7000,27000
2008/09/11,0,7000,-59000,-52000
2008/09/12,0,1000,-2000,-1000
2008/09/15,0,10000,-1000,9000
2008/09/16,0,0,0,0
2008/09/17,0,145000,-18000,127000
2008/09/18,0,36000,0,36000
2008/09/19,0,121000,-6000,115000
2008/09/22,0,107000,-6000,101000
2008/09/23,0,0,-17000,-17000
2008/09/24,0,16000,-144000,-128000
2008/09/25,0,0,-43000,-43000
2008/09/26,0,0,-33000,-33000
2008/09/29,0,0,0,0
2008/09/30,0,0,0,0
2008/10/01,0,0,-5000,-5000
2008/10/02,0,22000,0,22000
2008/10/03,0,29000,-27000,2000
2008/10/06,0,16000,-72000,-56000
2008/10/07,0,20000,-92540,-72540
2008/10/08,0,1000,-33000,-32000
2008/10/09,0,4000,-9000,-5000
2008/10/10,0,0,0,0
2008/10/13,0,19000,-4000,15000
2008/10/14,0,21000,0,21000
2008/10/15,0,20000,-1000,19000
2008/10/16,0,0,-1000,-1000
2008/10/17,0,0,-15000,-15000
2008/10/20,0,8000,0,8000
2008/10/21,0,37000,-19000,18000
2008/10/22,0,0,-17000,-17000
2008/10/23,0,0,-23000,-23000
2008/10/24,0,0,-13000,-13000
2008/10/27,0,0,-4000,-4000
2008/10/28,0,0,-14000,-14000
2008/10/29,0,1000,0,1000
2008/10/30,0,2000,-1000,1000
2008/10/31,0,72000,-3000,69000
2008/11/03,0,0,-15000,-15000
2008/11/04,0,1000,-10000,-9000
2008/11/05,0,16000,-1000,15000
2008/11/06,0,0,-18000,-18000
2008/11/07,0,3000,-15000,-12000
2008/11/10,0,9000,-19000,-10000
2008/11/11,0,10000,-5000,5000
2008/11/12,0,10000,-14000,-4000
2008/11/13,0,0,0,0
2008/11/14,0,10000,-7000,3000
2008/11/17,0,0,-13000,-13000
2008/11/18,0,0,0,0
2008/11/19,0,3000,0,3000
2008/11/20,0,0,0,0
2008/11/21,0,0,0,0
2008/11/24,0,0,0,0
2008/11/25,0,0,0,0
2008/11/26,0,0,0,0
2008/11/27,0,12000,0,12000
2008/11/28,0,12000,-2000,10000
2008/12/01,0,10000,-3000,7000
2008/12/02,0,0,-27000,-27000
2008/12/03,0,2000,-37000,-35000
2008/12/04,0,19000,-2000,17000
2008/12/05,0,21000,-1000,20000
2008/12/08,0,20000,-2000,18000
2008/12/09,0,0,0,0
2008/12/10,0,0,0,0
2008/12/11,0,0,-161000,-161000
2008/12/12,0,66000,-55000,11000
2008/12/15,0,0,0,0
2008/12/16,0,21000,-16000,5000
2008/12/17,0,2000,-23000,-21000
2008/12/18,0,35000,-49000,-14000
2008/12/19,0,23000,-39000,-16000
2008/12/22,0,4000,-15000,-11000
2008/12/23,0,3000,-11000,-8000
2008/12/24,0,9000,-3000,6000
2008/12/25,0,1000,-14000,-13000
2008/12/26,0,3000,-3000,0
2008/12/29,0,16000,-3000,13000
2008/12/30,0,3000,-10000,-7000
2008/12/31,0,24000,-9000,15000
2009/01/01,0,0,0,0
2009/01/02,0,0,0,0
2009/01/05,0,106000,-26000,80000
2009/01/06,0,4000,-106000,-102000
2009/01/07,0,3000,-4000,-1000
2009/01/08,0,1000,-3000,-2000
2009/01/09,0,0,-1000,-1000
2009/01/12,0,10000,0,10000
2009/01/13,0,0,-12000,-12000
2009/01/14,0,4000,0,4000
2009/01/15,0,0,-4000,-4000
2009/01/16,0,8000,-29000,-21000
2009/01/19,0,0,-8000,-8000
2009/01/20,0,4000,-1000,3000
2009/01/21,0,14000,-38000,-24000
2009/01/22,0,0,0,0
2009/01/23,0,0,0,0
2009/01/26,0,0,0,0
2009/01/27,0,0,0,0
2009/01/28,0,0,0,0
2009/01/29,0,0,0,0
2009/01/30,0,0,0,0
2009/02/02,0,4000,-14000,-10000
2009/02/03,0,58000,-6000,52000
2009/02/04,0,3000,-28000,-25000
2009/02/05,0,44000,-3000,41000
2009/02/06,0,14000,-24000,-10000
2009/02/09,0,12000,-3000,9000
2009/02/10,0,17000,0,17000
2009/02/11,0,0,-13000,-13000
2009/02/12,0,0,-73171,-73171
2009/02/13,0,155000,-11000,144000
2009/02/16,0,0,-34000,-34000
2009/02/17,0,0,0,0
2009/02/18,0,0,0,0
2009/02/19,0,1000,0,1000
2009/02/20,0,0,-1000,-1000
2009/02/23,0,8000,0,8000
2009/02/24,0,10000,-8000,2000
2009/02/25,0,37000,0,37000
2009/02/26,0,15000,0,15000
2009/02/27,0,64000,0,64000
2009/03/02,0,0,0,0
2009/03/03,0,0,-6000,-6000
2009/03/04,0,24000,-13000,11000
2009/03/05,0,54000,0,54000
2009/03/06,0,0,0,0
2009/03/09,0,0,-70000,-70000
2009/03/10,0,40000,-15000,25000
2009/03/11,0,0,0,0
2009/03/12,0,0,-72000,-72000
2009/03/13,0,25000,-27000,-2000
2009/03/16,0,6000,0,6000
2009/03/17,0,2000,0,2000
2009/03/18,0,4000,-7000,-3000
2009/03/19,0,14000,-28000,-14000
2009/03/20,0,10000,-20000,-10000
2009/03/23,0,23000,0,23000
2009/03/24,0,28000,-23000,5000
2009/03/25,0,92000,0,92000
2009/03/26,0,0,-45000,-45000
2009/03/27,0,0,-11000,-11000
2009/03/30,0,0,-9000,-9000
2009/03/31,0,1000,-21000,-20000
2009/04/01,0,0,-5000,-5000
2009/04/02,0,32000,-22000,10000
2009/04/03,0,31000,-4000,27000
2009/04/06,0,0,-7000,-7000
2009/04/07,0,5000,0,5000
2009/04/08,0,41000,0,41000
2009/04/09,0,0,0,0
2009/04/10,0,0,0,0
2009/04/13,0,3000,-3000,0
2009/04/14,0,24000,-12000,12000
2009/04/15,0,13000,-23000,-10000
2009/04/16,0,27000,-13000,14000
2009/04/17,0,26000,-63000,-37000
2009/04/20,0,5000,-42000,-37000
2009/04/21,0,64000,-31000,33000
2009/04/22,0,5000,-42000,-37000
2009/04/23,0,13000,-6000,7000
2009/04/24,0,2000,-2000,0
2009/04/27,0,17000,-84000,-67000
2009/04/28,0,16000,-37000,-21000
2009/04/29,0,4000,-12000,-8000
2009/04/30,0,21000,0,21000
2009/05/01,0,0,0,0
2009/05/04,0,5000,-1000,4000
2009/05/05,0,40000,-21000,19000
2009/05/06,0,60000,-3000,57000
2009/05/07,0,21000,-32000,-11000
2009/05/08,0,66000,-4000,62000
2009/05/11,0,39000,-8000,31000
2009/05/12,0,3000,-48000,-45000
2009/05/13,0,33000,-19000,14000
2009/05/14,0,34000,-35000,-1000
2009/05/15,0,25000,-16000,9000
2009/05/18,0,7000,-13000,-6000
2009/05/19,0,160000,0,160000
2009/05/20,0,0,-5000,-5000
2009/05/21,0,3000,-174000,-171000
2009/05/22,0,42000,-14000,28000
2009/05/25,0,9000,-38000,-29000
2009/05/26,0,183000,-2000,181000
2009/05/27,0,0,-7000,-7000
2009/05/28,0,0,0,0
2009/05/29,0,0,0,0
2009/06/01,0,0,0,0
2009/06/02,0,0,-269000,-269000
2009/06/03,0,6000,-10000,-4000
2009/06/04,0,222000,0,222000
2009/06/05,0,5000,-222000,-217000
2009/06/08,0,9000,-7000,2000
2009/06/09,0,24000,-9000,15000
2009/06/10,0,5000,-16000,-11000
2009/06/11,0,18000,-5000,13000
2009/06/12,0,133000,-27000,106000
2009/06/15,0,0,-134000,-134000
2009/06/16,0,156000,0,156000
2009/06/17,0,4000,-157000,-153000
2009/06/18,0,11000,-4000,7000
2009/06/19,0,4000,-10000,-6000
2009/06/22,0,180000,-4000,176000
2009/06/23,0,37000,-190000,-153000
2009/06/24,0,6000,-34000,-28000
2009/06/25,0,0,-5000,-5000
2009/06/26,0,16000,0,16000
2009/06/29,0,32000,-16000,16000
2009/06/30,0,9000,-30000,-21000
2009/07/01,0,8000,-10000,-2000
2009/07/02,0,23000,-5000,18000
2009/07/03,0,21000,-2000,19000
2009/07/06,0,14000,-22000,-8000
2009/07/07,0,0,0,0
2009/07/08,0,23000,-37000,-14000
2009/07/09,0,4000,-23000,-19000
2009/07/10,0,11000,-4000,7000
2009/07/13,0,21000,-11000,10000
2009/07/14,0,21000,-17000,4000
2009/07/15,0,40000,-62000,-22000
2009/07/16,0,0,-1000,-1000
2009/07/17,0,2000,-3000,-1000
2009/07/20,0,12000,-4000,8000
2009/07/21,0,16000,-7000,9000
2009/07/22,0,58000,-21000,37000
2009/07/23,0,20000,-11000,9000
2009/07/24,0,44000,-9000,35000
2009/07/27,0,1000,-40000,-39000
2009/07/28,0,9000,-1000,8000
2009/07/29,0,0,-2000,-2000
2009/07/30,0,2000,0,2000
2009/07/31,0,8000,-1000,7000
2009/08/03,0,5000,-36000,-31000
2009/08/04,0,0,-14000,-14000
2009/08/05,0,0,-3000,-3000
2009/08/06,0,15000,-1000,14000
2009/08/07,0,0,0,0
2009/08/10,0,1000,-16000,-15000
2009/08/11,0,2000,-2000,0
2009/08/12,0,12000,-3000,9000
2009/08/13,0,4000,-12000,-8000
2009/08/14,0,5000,-5000,0
2009/08/17,0,8000,0,8000
2009/08/18,0,6000,-7000,-1000
2009/08/19,0,0,-15000,-15000
2009/08/20,0,7000,-2000,5000
2009/08/21,0,5000,-9000,-4000
2009/08/24,0,5000,-5000,0
2009/08/25,0,7000,-5000,2000
2009/08/26,0,0,-7000,-7000
2009/08/27,0,0,0,0
2009/08/28,0,0,0,0
2009/08/31,0,0,-1000,-1000
2009/09/01,0,7000,0,7000
2009/09/02,0,1000,0,1000
2009/09/03,0,0,-8000,-8000
2009/09/04,0,1000,0,1000
2009/09/07,0,25000,-1000,24000
2009/09/08,0,20000,-17000,3000
2009/09/09,0,81000,-9000,72000
2009/09/10,0,20000,-30000,-10000
2009/09/11,0,4000,0,4000
2009/09/14,0,1000,-1000,0
2009/09/15,0,0,0,0
2009/09/16,0,14000,-40000,-26000
2009/09/17,0,26000,-2000,24000
2009/09/18,0,141000,0,141000
2009/09/21,0,35000,-54000,-19000
2009/09/22,0,80000,0,80000
2009/09/23,0,17000,-14000,3000
2009/09/24,0,21000,-4000,17000
2009/09/25,0,0,-10000,-10000
2009/09/28,0,0,-1000,-1000
2009/09/29,0,2000,-43000,-41000
2009/09/30,0,13203,-43000,-29797
2009/10/01,0,16000,-30000,-14000
2009/10/02,0,0,-68000,-68000
2009/10/05,0,0,-28000,-28000
2009/10/06,0,22000,0,22000
2009/10/07,0,4000,-8000,-4000
2009/10/08,0,5000,-28000,-23000
2009/10/09,0,2000,-8000,-6000
2009/10/12,0,1000,-2000,-1000
2009/10/13,0,99000,-9000,90000
2009/10/14,0,5000,-32000,-27000
2009/10/15,0,15000,-6000,9000
2009/10/16,0,7000,-25000,-18000
2009/10/19,0,2000,-41000,-39000
2009/10/20,0,0,-44000,-44000
2009/10/21,0,0,-28000,-28000
2009/10/22,0,2000,-17000,-15000
2009/10/23,0,0,-2000,-2000
2009/10/26,0,0,0,0
2009/10/27,0,0,0,0
2009/10/28,0,0,0,0
2009/10/29,0,3000,0,3000
2009/10/30,0,0,-10000,-10000
2009/11/02,0,10000,-5000,5000
2009/11/03,0,0,-13000,-13000
2009/11/04,0,16000,-1000,15000
2009/11/05,0,5000,-14000,-9000
2009/11/06,0,0,-1000,-1000
2009/11/09,0,0,0,0
2009/11/10,0,0,0,0
2009/11/11,0,8000,0,8000
2009/11/12,0,0,0,0
2009/11/13,0,17000,0,17000
2009/11/16,0,29000,-18000,11000
2009/11/17,0,22000,-11000,11000
2009/11/18,0,28000,-10000,18000
2009/11/19,0,0,0,0
2009/11/20,0,0,-1000,-1000
2009/11/23,0,1000,0,1000
2009/11/24,0,0,0,0
2009/11/25,0,6000,0,6000
2009/11/26,0,0,0,0
2009/11/27,0,0,-6000,-6000
2009/11/30,0,2000,-1000,1000
2009/12/01,0,14000,-4000,10000
2009/12/02,0,0,-11000,-11000
2009/12/03,0,1000,0,1000
2009/12/04,0,8000,-13000,-5000
2009/12/07,0,63000,-3000,60000
2009/12/08,0,2000,-56000,-54000
2009/12/09,0,21000,-8000,13000
2009/12/10,0,0,-54000,-54000
2009/12/11,0,26000,-4000,22000
2009/12/14,0,4000,-34000,-30000
2009/12/15,0,27000,-4000,23000
2009/12/16,0,2000,-8000,-6000
2009/12/17,0,2000,-27000,-25000
2009/12/18,0,7000,-3000,4000
2009/12/21,0,0,-1000,-1000
2009/12/22,0,0,-2000,-2000
2009/12/23,0,0,0,0
2009/12/24,0,0,0,0
2009/12/25,0,0,0,0
2009/12/28,0,1000,0,1000
2009/12/29,0,0,0,0
2009/12/30,0,7000,0,7000
2009/12/31,0,39000,-5000,34000
2010/01/01,0,0,0,0
2010/01/04,0,0,-47000,-47000
2010/01/05,0,2100,-2000,100
2010/01/06,0,7000,-12000,-5000
2010/01/07,0,12060,-7000,5060
2010/01/08,0,4000,0,4000
2010/01/11,0,0,-24000,-24000
2010/01/12,0,0,0,0
2010/01/13,0,2000,-1000,1000
2010/01/14,0,1000,0,1000
2010/01/15,0,14000,0,14000
2010/01/18,0,0,0,0
2010/01/19,0,12000,-12000,0
2010/01/20,0,4000,0,4000
2010/01/21,0,10000,0,10000
2010/01/22,0,3126,0,3126
2010/01/25,0,2000,0,2000
2010/01/26,0,0,-2000,-2000
2010/01/27,0,100,-3000,-2900
2010/01/28,0,4000,-2000,2000
2010/01/29,0,0,-5000,-5000
2010/02/01,0,0,-7000,-7000
2010/02/02,0,0,-9000,-9000
2010/02/03,0,8000,-3000,5000
2010/02/04,0,0,-4000,-4000
2010/02/05,0,4000,-10000,-6000
2010/02/08,0,19000,-4000,15000
2010/02/09,0,0,-15000,-15000
2010/02/10,0,1000,-12000,-11000
2010/02/11,0,0,0,0
2010/02/12,0,0,0,0
2010/02/15,0,0,0,0
2010/02/16,0,0,0,0
2010/02/17,0,0,0,0
2010/02/18,0,0,0,0
2010/02/19,0,0,0,0
2010/02/22,0,0,0,0
2010/02/23,0,0,-23000,-23000
2010/02/24,0,2000,-2000,0
2010/02/25,0,0,-7000,-7000
2010/02/26,0,2000,0,2000
2010/03/01,0,0,-2000,-2000
2010/03/02,0,7000,0,7000
2010/03/03,0,3000,0,3000
2010/03/04,0,0,0,0
2010/03/05,0,4000,0,4000
2010/03/08,0,0,0,0
2010/03/09,0,7000,-1000,6000
2010/03/10,0,0,-8386,-8386
2010/03/11,0,4000,-2000,2000
2010/03/12,0,1000,-2000,-1000
2010/03/15,0,0,-2000,-2000
2010/03/16,0,6000,0,6000
2010/03/17,0,9000,0,9000
2010/03/18,0,23000,0,23000
2010/03/19,0,7000,-1000,6000
2010/03/22,0,4000,-4000,0
2010/03/23,0,9000,0,9000
2010/03/24,0,14000,-8000,6000
2010/03/25,0,23000,-16000,7000
2010/03/26,0,0,-21000,-21000
2010/03/29,0,11000,0,11000
2010/03/30,0,7000,0,7000
2010/03/31,0,5000,0,5000
2010/04/01,0,14000,0,14000
2010/04/02,0,0,-16000,-16000
2010/04/05,0,0,0,0
2010/04/06,0,45000,0,45000
2010/04/07,0,19000,-16000,3000
2010/04/08,0,14000,-35000,-21000
2010/04/09,0,19000,0,19000
2010/04/12,0,5000,0,5000
2010/04/13,0,1000,-3000,-2000
2010/04/14,0,53000,0,53000
2010/04/15,0,36000,-2000,34000
2010/04/16,0,41000,-3000,38000
2010/04/19,0,21000,-66000,-45000
2010/04/20,0,3000,-46000,-43000
2010/04/21,0,0,-11000,-11000
2010/04/22,0,2000,-22000,-20000
2010/04/23,0,0,-20000,-20000
2010/04/26,0,33000,0,33000
2010/04/27,0,43000,-2000,41000
2010/04/28,0,28000,-19000,9000
2010/04/29,0,7000,-29000,-22000
2010/04/30,0,82000,0,82000
2010/05/03,0,0,-1000,-1000
2010/05/04,0,0,-62000,-62000
2010/05/05,0,23000,-18000,5000
2010/05/06,0,2000,-62000,-60000
2010/05/07,0,52000,-7000,45000
2010/05/10,0,11000,-16000,-5000
2010/05/11,0,0,-185000,-185000
2010/05/12,0,48000,0,48000
2010/05/13,0,0,-38000,-38000
2010/05/14,0,33000,0,33000
2010/05/17,0,11000,-39000,-28000
2010/05/18,0,3000,0,3000
2010/05/19,0,57000,-10000,47000
2010/05/20,0,32000,-37000,-5000
2010/05/21,0,0,-26000,-26000
2010/05/24,0,0,-64000,-64000
2010/05/25,0,44000,-5000,39000
2010/05/26,0,33000,-26000,7000
2010/05/27,0,80000,-8000,72000
2010/05/28,0,3000,-78000,-75000
2010/05/31,0,16000,0,16000
2010/06/01,0,11000,-5000,6000
2010/06/02,0,403000,-36000,367000
2010/06/03,0,4000,-59000,-55000
2010/06/04,0,53000,-10000,43000
2010/06/07,0,0,-68000,-68000
2010/06/08,0,14000,-152000,-138000
2010/06/09,0,57000,-115000,-58000
2010/06/10,0,101000,-12000,89000
2010/06/11,0,28000,-142000,-114000
2010/06/14,0,49000,-8000,41000
2010/06/15,0,4000,-37000,-33000
2010/06/16,0,0,0,0
2010/06/17,0,23000,0,23000
2010/06/18,0,9000,0,9000
2010/06/21,0,10000,-11000,-1000
2010/06/22,0,0,0,0
2010/06/23,0,0,0,0
2010/06/24,0,6000,0,6000
2010/06/25,0,18000,-6161,11839
2010/06/28,0,31000,-7000,24000
2010/06/29,0,20000,-82000,-62000
2010/06/30,0,55000,-9000,46000
2010/07/01,0,70000,-68000,2000
2010/07/02,0,20000,-13000,7000
2010/07/05,0,46000,-44000,2000
2010/07/06,0,18000,-77000,-59000
2010/07/07,0,10000,-15000,-5000
2010/07/08,0,60000,0,60000
2010/07/09,0,15000,-1000,14000
2010/07/12,0,1000,-4000,-3000
2010/07/13,0,0,-11000,-11000
2010/07/14,0,2000,-94000,-92000
2010/07/15,0,7000,-35000,-28000
2010/07/16,0,0,0,0
2010/07/19,0,21000,-6000,15000
2010/07/20,0,29000,-2000,27000
2010/07/21,0,16000,-38000,-22000
2010/07/22,0,0,-1000,-1000
2010/07/23,0,13000,0,13000
2010/07/26,0,16000,-2000,14000
2010/07/27,0,0,-16000,-16000
2010/07/28,0,8000,-115000,-107000
2010/07/29,0,0,-16000,-16000
2010/07/30,0,10000,-12000,-2000
2010/08/02,0,30000,-3000,27000
2010/08/03,0,33000,0,33000
2010/08/04,0,33000,0,33000
2010/08/05,0,5000,-26000,-21000
2010/08/06,0,3000,-63000,-60000
2010/08/09,0,7000,-5000,2000
2010/08/10,0,1000,-3000,-2000
2010/08/11,0,0,0,0
2010/08/12,0,0,-14000,-14000
2010/08/13,0,469000,-10000,459000
2010/08/16,0,82000,-24000,58000
2010/08/17,0,11000,0,11000
2010/08/18,0,139000,-74000,65000
2010/08/19,0,11000,-30000,-19000
2010/08/20,0,27000,-1000,26000
2010/08/23,0,23000,-29000,-6000
2010/08/24,0,10000,-13000,-3000
2010/08/25,0,26000,-21000,5000
2010/08/26,0,73000,-65000,8000
2010/08/27,0,172000,-9000,163000
2010/08/30,0,40000,-26000,14000
2010/08/31,0,21000,-35000,-14000
2010/09/01,0,167000,-32000,135000
2010/09/02,0,97000,-1000,96000
2010/09/03,0,1000,-126000,-125000
2010/09/06,0,28000,0,28000
2010/09/07,0,216000,-25000,191000
2010/09/08,0,782000,-36000,746000
2010/09/09,0,137000,-15000,122000
2010/09/10,0,73000,-137000,-64000
2010/09/13,0,0,-31000,-31000
2010/09/14,0,21000,-25000,-4000
2010/09/15,0,179000,-83000,96000
2010/09/16,0,107000,-68000,39000
2010/09/17,0,38000,-466000,-428000
2010/09/20,0,66000,-190000,-124000
2010/09/21,0,206000,-1000,205000
2010/09/22,0,0,0,0
2010/09/23,0,17000,-614000,-597000
2010/09/24,0,13000,-217000,-204000
2010/09/27,0,23000,-6000,17000
2010/09/28,0,153000,-1000,152000
2010/09/29,0,52000,-173000,-121000
2010/09/30,0,79000,-3000,76000
2010/10/01,0,127000,-5000,122000
2010/10/04,0,13000,-57000,-44000
2010/10/05,0,164000,-5000,159000
2010/10/06,0,560000,-84000,476000
2010/10/07,0,493000,-136000,357000
2010/10/08,0,373000,-109000,264000
2010/10/11,0,88000,-26000,62000
2010/10/12,0,45000,-283000,-238000
2010/10/13,0,108000,-4000,104000
2010/10/14,0,216000,-5000,211000
2010/10/15,0,5000,-26000,-21000
2010/10/18,0,55000,-20000,35000
2010/10/19,0,6000,-89000,-83000
2010/10/20,0,172000,-1000,171000
2010/10/21,0,35000,-117000,-82000
2010/10/22,0,170000,-48000,122000
2010/10/25,0,1017000,0,1017000
2010/10/26,0,441000,-118000,323000
2010/10/27,0,347000,-131000,216000
2010/10/28,0,202000,-4000,198000
2010/10/29,0,96000,-19000,77000
2010/11/01,0,204000,-19000,185000
2010/11/02,0,531000,-7000,524000
2010/11/03,0,160000,-109000,51000
2010/11/04,0,19000,0,19000
2010/11/05,0,93000,-321000,-228000
2010/11/08,0,5000,-15000,-10000
2010/11/09,0,40000,-136000,-96000
2010/11/10,0,190000,-4000,186000
2010/11/11,0,160000,-3000,157000
2010/11/12,0,147000,-62000,85000
2010/11/15,0,40000,-583000,-543000
2010/11/16,0,76000,-261000,-185000
2010/11/17,0,133000,-960000,-827000
2010/11/18,0,130000,-43000,87000
2010/11/19,0,169000,-101000,68000
2010/11/22,0,134000,-560000,-426000
2010/11/23,0,170000,-9000,161000
2010/11/24,0,327000,-8000,319000
2010/11/25,0,179000,-21000,158000
2010/11/26,0,121000,-13000,108000
2010/11/29,0,93000,-121000,-28000
2010/11/30,0,9000,-299000,-290000
2010/12/01,0,0,0,0
2010/12/02,0,70000,0,70000
2010/12/03,0,250000,0,250000
2010/12/06,0,83000,-45000,38000
2010/12/07,0,6000,-36000,-30000
2010/12/08,0,31000,-35000,-4000
2010/12/09,0,203000,-6000,197000
2010/12/10,0,15000,0,15000
2010/12/13,0,41000,-8202,32798
2010/12/14,0,85000,-8000,77000
2010/12/15,0,40000,0,40000
2010/12/16,0,11000,-1000,10000
2010/12/17,0,16000,0,16000
2010/12/20,0,46000,0,46000
2010/12/21,0,40000,-23000,17000
2010/12/22,0,0,-61000,-61000
2010/12/23,0,109000,-31000,78000
2010/12/24,0,0,-4000,-4000
2010/12/27,0,53000,-15000,38000
2010/12/28,0,76000,0,76000
2010/12/29,0,2000,0,2000
2010/12/30,0,28000,0,28000
2010/12/31,0,51000,-1000,50000
2011/01/03,0,0,0,0
2011/01/04,0,5000,0,5000
2011/01/05,0,39000,0,39000
2011/01/06,0,55000,-62000,-7000
2011/01/07,0,50000,0,50000
2011/01/10,0,31000,-3000,28000
2011/01/11,0,26000,0,26000
2011/01/12,0,0,-50000,-50000
2011/01/13,0,2000,0,2000
2011/01/14,0,23000,-1000,22000
2011/01/17,0,14000,-11000,3000
2011/01/18,0,22000,-204000,-182000
2011/01/19,0,41000,-127000,-86000
2011/01/20,0,72000,-304000,-232000
2011/01/21,0,79000,-798000,-719000
2011/01/24,0,31000,-57000,-26000
2011/01/25,0,53000,-624000,-571000
2011/01/26,0,3000,-30000,-27000
2011/01/27,0,9000,-161000,-152000
2011/01/28,0,19000,-39000,-20000
2011/01/31,0,0,0,0
2011/02/01,0,0,0,0
2011/02/02,0,0,0,0
2011/02/03,0,0,0,0
2011/02/04,0,0,0,0
2011/02/07,0,0,0,0
2011/02/08,0,272000,-216000,56000
2011/02/09,0,72000,-360000,-288000
2011/02/10,0,17000,-36000,-19000
2011/02/11,0,7000,-42000,-35000
2011/02/14,0,4000,-90000,-86000
2011/02/15,0,53640,-94000,-40360
2011/02/16,0,20000,-64000,-44000
2011/02/17,0,12000,-50000,-38000
2011/02/18,0,59000,-51000,8000
2011/02/21,0,20000,-57000,-37000
2011/02/22,0,12000,-267000,-255000
2011/02/23,0,13000,-175000,-162000
2011/02/24,0,7000,-36000,-29000
2011/02/25,0,80000,-75000,5000
2011/02/28,0,0,0,0
2011/03/01,0,93000,-85000,8000
2011/03/02,0,171360,-53000,118360
2011/03/03,0,304000,-17000,287000
2011/03/04,0,128000,-236000,-108000
2011/03/07,0,10000,-20000,-10000
2011/03/08,0,80000,-341000,-261000
2011/03/09,0,119000,-235000,-116000
2011/03/10,0,8000,-60000,-52000
2011/03/11,0,28000,-118000,-90000
2011/03/14,0,90000,-14000,76000
2011/03/15,0,131000,-65000,66000
2011/03/16,0,60000,-28000,32000
2011/03/17,0,23000,-51000,-28000
2011/03/18,0,75000,-193000,-118000
2011/03/21,0,44000,-62000,-18000
2011/03/22,0,285000,-99000,186000
2011/03/23,0,5000,-35000,-30000
2011/03/24,0,12000,-4000,8000
2011/03/25,0,18000,-13000,5000
2011/03/28,0,6000,-22000,-16000
2011/03/29,0,20000,-91000,-71000
2011/03/30,0,19000,-166000,-147000
2011/03/31,0,18344,-67000,-48656
2011/04/01,0,76000,-10000,66000
2011/04/04,0,0,0,0
2011/04/05,0,0,0,0
2011/04/06,0,83000,-89000,-6000
2011/04/07,0,450000,-4000,446000
2011/04/08,0,218000,-40000,178000
2011/04/11,0,0,-89000,-89000
2011/04/12,0,3000,-126000,-123000
2011/04/13,0,10000,-382000,-372000
2011/04/14,0,8000,-7000,1000
2011/04/15,0,152000,-39000,113000
2011/04/18,0,12000,-50000,-38000
2011/04/19,0,17000,-148000,-131000
2011/04/20,0,24000,-22000,2000
2011/04/21,0,47000,-3000,44000
2011/04/22,0,106000,-18000,88000
2011/04/25,0,19000,-36000,-17000
2011/04/26,0,29000,-18000,11000
2011/04/27,0,96000,-43000,53000
2011/04/28,0,43000,-20000,23000
2011/04/29,0,54000,-98000,-44000
2011/05/02,0,0,0,0
2011/05/03,0,346000,-55000,291000
2011/05/04,0,42000,-75000,-33000
2011/05/05,0,189000,-28000,161000
2011/05/06,0,181000,-41000,140000
2011/05/09,0,175000,-100000,75000
2011/05/10,0,378000,-2000,376000
2011/05/11,0,249000,-18000,231000
2011/05/12,0,116000,-11000,105000
2011/05/13,0,20000,-38000,-18000
2011/05/16,0,25000,-32000,-7000
2011/05/17,0,5000,-74000,-69000
2011/05/18,0,34000,-24000,10000
2011/05/19,0,16000,-62000,-46000
2011/05/20,0,18000,-175000,-157000
2011/05/23,0,32000,-52000,-20000
2011/05/24,0,715000,-131204,583796
2011/05/25,0,443000,-365000,78000
2011/05/26,0,92000,-7248,84752
2011/05/27,0,109000,-251000,-142000
2011/05/30,0,30599,-171000,-140401
2011/05/31,0,247000,-22000,225000
2011/06/01,0,190000,-255000,-65000
2011/06/02,0,129000,-551517,-422517
2011/06/03,0,23000,-15000,8000
2011/06/06,0,0,0,0
2011/06/07,0,38000,-177000,-139000
2011/06/08,0,193000,-24000,169000
2011/06/09,0,239000,-6000,233000
2011/06/10,0,38000,-121000,-83000
2011/06/13,0,62000,-40000,22000
2011/06/14,0,3000,-148000,-145000
2011/06/15,0,140000,-105000,35000
2011/06/16,0,3000,-23000,-20000
2011/06/17,0,40000,-51000,-11000
2011/06/20,0,18000,-40000,-22000
2011/06/21,0,216000,-78000,138000
2011/06/22,0,49000,-104000,-55000
2011/06/23,0,154000,-1000,153000
2011/06/24,0,38000,-89000,-51000
2011/06/27,0,3000,-17000,-14000
2011/06/28,0,59000,-104204,-45204
2011/06/29,0,27000,-31000,-4000
2011/06/30,0,79000,-60000,19000
2011/07/01,0,12000,-49000,-37000
2011/07/04,0,16000,-11000,5000
2011/07/05,0,10000,-208000,-198000
2011/07/06,0,36000,-4000,32000
2011/07/07,0,275000,-31000,244000
2011/07/08,0,14000,-52000,-38000
2011/07/11,0,4000,-7000,-3000
2011/07/12,0,21000,-5000,16000
2011/07/13,0,62000,-2000,60000
2011/07/14,0,6000,-40000,-34000
2011/07/15,0,101000,-1000,100000
2011/07/18,0,135000,0,135000
2011/07/19,0,101000,-20000,81000
2011/07/20,0,344000,-48000,296000
2011/07/21,0,719000,-160000,559000
2011/07/22,0,380000,-22000,358000
2011/07/25,0,34000,-313000,-279000
2011/07/26,0,260000,-113000,147000
2011/07/27,0,461000,-30000,431000
2011/07/28,0,2026000,-145000,1881000
2011/07/29,0,767000,-473000,294000
2011/08/01,0,585000,-8000,577000
2011/08/02,0,73000,-1040000,-967000
2011/08/03,0,173000,-278000,-105000
2011/08/04,0,714000,-168000,546000
2011/08/05,0,62000,-362000,-300000
2011/08/08,0,107000,-184000,-77000
2011/08/09,0,235000,-114000,121000
2011/08/10,0,622000,-66000,556000
2011/08/11,0,935000,-39000,896000
2011/08/12,0,488400,-58000,430400
2011/08/15,0,282000,-47000,235000
2011/08/16,0,145000,-27000,118000
2011/08/17,0,69000,-1194102,-1125102
2011/08/18,0,213000,-347000,-134000
2011/08/19,0,124000,-583000,-459000
2011/08/22,0,82000,-598000,-516000
2011/08/23,0,142000,-730000,-588000
2011/08/24,0,228000,-72000,156000
2011/08/25,0,496000,-115000,381000
2011/08/26,0,224000,-304000,-80000
2011/08/29,0,132000,-185000,-53000
2011/08/30,0,7000,-225000,-218000
2011/08/31,0,113000,-157000,-44000
2011/09/01,0,55000,-101000,-46000
2011/09/02,0,21000,-173000,-152000
2011/09/05,0,236000,-113000,123000
2011/09/06,0,241000,-484000,-243000
2011/09/07,0,217000,-70000,147000
2011/09/08,0,116000,-169000,-53000
2011/09/09,0,101000,-120000,-19000
2011/09/12,0,0,0,0
2011/09/13,0,117000,-105000,12000
2011/09/14,0,14000,-79000,-65000
2011/09/15,0,65000,-65000,0
2011/09/16,0,500000,-79400,420600
2011/09/19,0,282000,-39000,243000
2011/09/20,0,23000,-45000,-22000
2011/09/21,0,33000,-772000,-739000
2011/09/22,0,112000,-51000,61000
2011/09/23,0,8000,-60000,-52000
2011/09/26,0,18000,-74000,-56000
2011/09/27,0,123000,-786000,-663000
2011/09/28,0,319000,-930000,-611000
2011/09/29,0,76000,-302000,-226000
2011/09/30,0,190000,-689000,-499000
2011/10/03,0,165000,-512000,-347000
2011/10/04,0,272000,-443000,-171000
2011/10/05,0,153000,-269000,-116000
2011/10/06,0,102000,-500000,-398000
2011/10/07,0,269000,-540000,-271000
2011/10/10,0,0,0,0
2011/10/11,0,363000,-144000,219000
2011/10/12,0,96000,-347000,-251000
2011/10/13,0,275000,-150000,125000
2011/10/14,0,291000,-42000,249000
2011/10/17,0,100000,-208030,-108030
2011/10/18,0,67000,-60000,7000
2011/10/19,0,25000,-359000,-334000
2011/10/20,0,86000,-112000,-26000
2011/10/21,0,70000,-55000,15000
2011/10/24,0,6000,0,6000
2011/10/25,0,57000,-9000,48000
2011/10/26,0,68000,-27000,41000
2011/10/27,0,361000,-22000,339000
2011/10/28,0,178000,-125000,53000
2011/10/31,0,350000,-3000,347000
2011/11/01,0,181000,-367000,-186000
2011/11/02,0,11000,-46000,-35000
2011/11/03,0,11000,-489000,-478000
2011/11/04,0,54000,-558000,-504000
2011/11/07,0,101000,-60000,41000
2011/11/08,0,311000,-255000,56000
2011/11/09,0,287000,-41000,246000
2011/11/10,0,93000,-446000,-353000
2011/11/11,0,173000,-86000,87000
2011/11/14,0,700000,-156102,543898
2011/11/15,0,95000,-307000,-212000
2011/11/16,0,130000,-239000,-109000
2011/11/17,0,205000,-191000,14000
2011/11/18,0,57000,-150000,-93000
2011/11/21,0,1000,-278000,-277000
2011/11/22,0,331000,-76000,255000
2011/11/23,0,560000,-230000,330000
2011/11/24,0,155000,-447000,-292000
2011/11/25,0,689000,-224000,465000
2011/11/28,0,43000,-375000,-332000
2011/11/29,0,515000,-184000,331000
2011/11/30,0,33000,-54000,-21000
2011/12/01,0,632000,-21000,611000
2011/12/02,0,414000,-39000,375000
2011/12/05,0,4000,-329000,-325000
2011/12/06,0,30000,-74000,-44000
2011/12/07,0,84000,-713000,-629000
2011/12/08,0,83606,-611000,-527394
2011/12/09,0,200000,-79000,121000
2011/12/12,0,8000,-28000,-20000
2011/12/13,0,92000,-98000,-6000
2011/12/14,0,351000,-60000,291000
2011/12/15,0,107000,-65000,42000
2011/12/16,0,24000,-347000,-323000
2011/12/19,0,81000,-240000,-159000
2011/12/20,0,24000,-13000,11000
2011/12/21,0,60000,-41000,19000
2011/12/22,0,741000,-112000,629000
2011/12/23,0,203000,-75000,128000
2011/12/26,0,1033000,-25000,1008000
2011/12/27,0,148000,-509000,-361000
2011/12/28,0,74000,-76322,-2322
2011/12/29,0,723000,-58142,664858
2011/12/30,0,1909000,-58000,1851000
2012/01/02,0,1350000,-540000,810000
2012/01/03,0,100000,-1082204,-982204
2012/01/04,0,183000,-495000,-312000
2012/01/05,0,375000,-656000,-281000
2012/01/06,0,500000,-329000,171000
2012/01/09,0,204000,-584000,-380000
2012/01/10,0,324000,-306000,18000
2012/01/11,0,155000,-383000,-228000
2012/01/12,0,58000,-423000,-365000
2012/01/13,0,44000,-143000,-99000
2012/01/16,0,41000,-64000,-23000
2012/01/17,0,690000,-198000,492000
2012/01/18,0,776000,-370142,405858
2012/01/19,0,0,0,0
2012/01/20,0,0,0,0
2012/01/23,0,0,0,0
2012/01/24,0,0,0,0
2012/01/25,0,0,0,0
2012/01/26,0,0,0,0
2012/01/27,0,0,0,0
2012/01/30,0,127000,-10000,117000
2012/01/31,0,459000,-910000,-451000
2012/02/01,0,1030000,-372000,658000
2012/02/02,0,700000,-145000,555000
2012/02/03,0,26000,-424000,-398000
2012/02/06,0,13000,-183000,-170000
2012/02/07,0,561000,-9000,552000
2012/02/08,0,401000,-197000,204000
2012/02/09,0,229000,-389000,-160000
2012/02/10,0,672000,-799000,-127000
2012/02/13,0,274000,-120000,154000
2012/02/14,0,206000,-158000,48000
2012/02/15,0,42000,-409000,-367000
2012/02/16,0,81000,-117000,-36000
2012/02/17,0,652000,-297500,354500
2012/02/20,0,139000,-675000,-536000
2012/02/21,0,47000,-238000,-191000
2012/02/22,0,317000,-583000,-266000
2012/02/23,0,16000,-182000,-166000
2012/02/24,0,29000,-18000,11000
2012/02/27,0,0,0,0
2012/02/28,0,0,0,0
2012/02/29,0,145000,-57000,88000
2012/03/01,0,242000,-197800,44200
2012/03/02,0,542000,-113000,429000
2012/03/05,0,267000,-1341000,-1074000
2012/03/06,0,258000,-340000,-82000
2012/03/07,0,10000,-282000,-272000
2012/03/08,0,109000,-173000,-64000
2012/03/09,0,141000,-57000,84000
2012/03/12,0,0,-313000,-313000
2012/03/13,0,244000,-715000,-471000
2012/03/14,0,525000,-259000,266000
2012/03/15,0,28000,-179000,-151000
2012/03/16,0,106000,-607000,-501000
2012/03/19,0,48000,-64000,-16000
2012/03/20,0,127000,-291000,-164000
2012/03/21,0,102000,-587000,-485000
2012/03/22,0,1063000,-796000,267000
2012/03/23,0,820000,-601200,218800
2012/03/26,0,70000,-575000,-505000
2012/03/27,0,29000,-215000,-186000
2012/03/28,0,11000,-137000,-126000
2012/03/29,0,191000,-135000,56000
2012/03/30,0,328000,-144000,184000
2012/04/02,0,55000,-147000,-92000
2012/04/03,0,107000,-201000,-94000
2012/04/04,0,0,0,0
2012/04/05,0,617000,-54000,563000
2012/04/06,0,225000,-272000,-47000
2012/04/09,0,215000,-517000,-302000
2012/04/10,0,318000,-154000,164000
2012/04/11,0,691000,-185000,506000
2012/04/12,0,124993,-253000,-128007
2012/04/13,0,125000,-168000,-43000
2012/04/16,0,47000,-4000,43000
2012/04/17,0,35000,-426000,-391000
2012/04/18,0,653000,-843000,-190000
2012/04/19,0,597000,-53000,544000
2012/04/20,0,327000,-620000,-293000
2012/04/23,0,440000,-474000,-34000
2012/04/24,0,822000,-15000,807000
2012/04/25,0,574000,-984000,-410000
2012/04/26,0,95000,-668000,-573000
2012/04/27,0,85000,-333000,-248000
2012/04/30,0,486000,-1060000,-574000
2012/05/01,0,0,0,0
2012/05/02,0,15000,-59000,-44000
2012/05/03,0,194000,-329000,-135000
2012/05/04,0,498000,-259000,239000
2012/05/07,0,8000,-918000,-910000
2012/05/08,0,167000,-318000,-151000
2012/05/09,0,677000,-173000,504000
2012/05/10,0,389000,-173000,216000
2012/05/11,0,70000,-84000,-14000
2012/05/14,0,419000,-134000,285000
2012/05/15,0,152000,-456000,-304000
2012/05/16,0,135000,-529000,-394000
2012/05/17,0,166000,-261000,-95000
2012/05/18,0,21000,-558000,-537000
2012/05/21,0,225000,-139000,86000
2012/05/22,0,2340,-34000,-31660
2012/05/23,0,42000,-132000,-90000
2012/05/24,0,15000,-186000,-171000
2012/05/25,0,130000,-680000,-550000
2012/05/28,0,197000,-88000,109000
2012/05/29,0,16000,-71000,-55000
2012/05/30,0,379000,-75030,303970
2012/05/31,0,218000,-126651,91349
2012/06/01,0,205000,-416310,-211310
2012/06/04,0,1000,-69000,-68000
2012/06/05,0,2000,-569000,-567000
2012/06/06,0,44000,-13000,31000
2012/06/07,0,155000,-36000,119000
2012/06/08,0,129000,-26000,103000
2012/06/11,0,114000,-122000,-8000
2012/06/12,0,40000,-78000,-38000
2012/06/13,0,284000,-63000,221000
2012/06/14,0,58898,-18000,40898
2012/06/15,0,110000,-46000,64000
2012/06/18,0,654000,-43000,611000
2012/06/19,0,703000,-26000,677000
2012/06/20,0,71000,-6000,65000
2012/06/21,0,31000,-39000,-8000
2012/06/22,0,82000,-83000,-1000
2012/06/25,0,34000,-54000,-20000
2012/06/26,0,49000,-150000,-101000
2012/06/27,0,60000,-41000,19000
2012/06/28,0,30631,-81000,-50369
2012/06/29,0,62630,-204000,-141370
2012/07/02,0,18000,-45000,-27000
2012/07/03,0,172000,-8000,164000
2012/07/04,0,9000,-79000,-70000
2012/07/05,0,26000,-51000,-25000
2012/07/06,0,71000,-159000,-88000
2012/07/09,0,180000,-8000,172000
2012/07/10,0,66000,-11000,55000
2012/07/11,0,231000,-119000,112000
2012/07/12,0,186000,-40000,146000
2012/07/13,0,48000,-37000,11000
2012/07/16,0,90000,-21000,69000
2012/07/17,0,41000,-22000,19000
2012/07/18,0,36000,-208000,-172000
2012/07/19,0,9000,-182000,-173000
2012/07/20,0,35000,-7000,28000
2012/07/23,0,7002,-176000,-168998
2012/07/24,0,7000,-11000,-4000
2012/07/25,0,2000,-10000,-8000
2012/07/26,0,80000,-16000,64000
2012/07/27,0,329000,0,329000
2012/07/30,0,270000,-23000,247000
2012/07/31,0,8000,-31000,-23000
2012/08/01,0,245000,-78000,167000
2012/08/02,0,0,0,0
2012/08/03,0,469000,-189000,280000
2012/08/06,0,105000,-61000,44000
2012/08/07,0,127000,-105000,22000
2012/08/08,0,35000,-167000,-132000
2012/08/09,0,123000,-380000,-257000
2012/08/10,0,789000,-788000,1000
2012/08/13,0,53000,-672000,-619000
2012/08/14,0,17000,-85000,-68000
2012/08/15,0,7000,-124000,-117000
2012/08/16,0,2000,-4000,-2000
2012/08/17,0,0,-92000,-92000
2012/08/20,0,90000,-9000,81000
2012/08/21,0,24000,-79000,-55000
2012/08/22,0,95000,-56000,39000
2012/08/23,0,127000,-70000,57000
2012/08/24,0,355000,-49000,306000
2012/08/27,0,146000,0,146000
2012/08/28,0,8000,-26000,-18000
2012/08/29,0,47000,-24000,23000
2012/08/30,0,34000,-103000,-69000
2012/08/31,0,187000,-106000,81000
2012/09/03,0,524000,-79000,445000
2012/09/04,0,0,-144000,-144000
2012/09/05,0,5000,-40000,-35000
2012/09/06,0,6000,-25000,-19000
2012/09/07,0,4000,-529000,-525000
2012/09/10,0,25000,-221000,-196000
2012/09/11,0,0,-163000,-163000
2012/09/12,0,3000,-3000,0
2012/09/13,0,37000,-3000,34000
2012/09/14,0,115000,-40000,75000
2012/09/17,0,118000,-45000,73000
2012/09/18,0,419000,-115000,304000
2012/09/19,0,895000,-52000,843000
2012/09/20,0,335000,-53000,282000
2012/09/21,0,526000,-283000,243000
2012/09/24,0,19000,-101000,-82000
2012/09/25,0,27000,-64000,-37000
2012/09/26,0,159000,-684408,-525408
2012/09/27,0,220000,-112000,108000
2012/09/28,0,128000,-116000,12000
2012/10/01,0,225000,-128000,97000
2012/10/02,0,264000,-24000,240000
2012/10/03,0,154000,-45000,109000
2012/10/04,0,360000,-44000,316000
2012/10/05,0,241000,-81000,160000
2012/10/08,0,13000,-645000,-632000
2012/10/09,0,121000,-54995,66005
2012/10/10,0,0,0,0
2012/10/11,0,249000,-97000,152000
2012/10/12,0,215000,-243000,-28000
2012/10/15,0,33000,-150000,-117000
2012/10/16,0,227000,-90000,137000
2012/10/17,0,161000,-167000,-6000
2012/10/18,0,109000,-387000,-278000
2012/10/19,0,20000,-169000,-149000
2012/10/22,0,6000,-287000,-281000
2012/10/23,0,116000,-22000,94000
2012/10/24,0,12000,-50000,-38000
2012/10/25,0,20000,-127000,-107000
2012/10/26,0,44000,-226000,-182000
2012/10/29,0,13000,-212000,-199000
2012/10/30,0,258000,-154000,104000
2012/10/31,0,403000,-65000,338000
2012/11/01,0,198000,-34000,164000
2012/11/02,0,300000,-50000,250000
2012/11/05,0,190000,-72000,118000
2012/11/06,0,407000,-7000,400000
2012/11/07,0,85000,-103000,-18000
2012/11/08,0,62000,-197000,-135000
2012/11/09,0,273000,-432000,-159000
2012/11/12,0,33000,-7000,26000
2012/11/13,0,126000,-21000,105000
2012/11/14,0,65000,-6000,59000
2012/11/15,0,210000,-41000,169000
2012/11/16,0,15000,-35000,-20000
2012/11/19,0,142000,0,142000
2012/11/20,0,54000,-116000,-62000
2012/11/21,0,43000,-34000,9000
2012/11/22,0,105000,-5000,100000
2012/11/23,0,422000,-3000,419000
2012/11/26,0,404000,-34000,370000
2012/11/27,0,219001,-44000,175001
2012/11/28,0,41000,-2000,39000
2012/11/29,0,25000,-46000,-21000
2012/11/30,0,31000,-52000,-21000
2012/12/03,0,58000,-47000,11000
2012/12/04,0,165000,-2001,162999
2012/12/05,0,8000,-90000,-82000
2012/12/06,0,466000,-1358000,-892000
2012/12/07,0,196000,-244000,-48000
2012/12/10,0,91000,-230000,-139000
2012/12/11,0,30000,-305000,-275000
2012/12/12,0,242000,-38000,204000
2012/12/13,0,171000,-84000,87000
2012/12/14,0,29000,-435000,-406000
2012/12/17,0,96000,-572000,-476000
2012/12/18,0,3000,-153000,-150000
2012/12/19,0,54000,-203000,-149000
2012/12/20,0,116000,-299060,-183060
2012/12/21,0,15000,-191000,-176000
2012/12/24,0,34000,-4000,30000
2012/12/25,0,35000,-25000,10000
2012/12/26,0,13000,-30000,-17000
2012/12/27,0,13000,-15000,-2000
2012/12/28,0,11000,-15000,-4000
2012/12/31,0,0,0,0
2013/01/01,0,0,0,0
2013/01/02,0,231000,-195000,36000
2013/01/03,0,5000,-220000,-215000
2013/01/04,0,25000,-158000,-133000
2013/01/07,0,81000,-82000,-1000
2013/01/08,0,76000,-642000,-566000
2013/01/09,0,582000,-35000,547000
2013/01/10,0,64000,-10000,54000
2013/01/11,0,157000,-18000,139000
2013/01/14,0,35000,-19000,16000
2013/01/15,0,4000,-333000,-329000
2013/01/16,0,25000,-15000,10000
2013/01/17,0,267000,-52000,215000
2013/01/18,0,111000,-455000,-344000
2013/01/21,0,198000,-35000,163000
2013/01/22,0,1000,-52000,-51000
2013/01/23,0,92000,-247000,-155000
2013/01/24,0,105000,-135000,-30000
2013/01/25,0,12000,-152000,-140000
2013/01/28,0,19000,-116000,-97000
2013/01/29,0,227000,-27000,200000
2013/01/30,0,46000,-44000,2000
2013/01/31,0,22000,-178000,-156000
2013/02/01,0,36000,-18000,18000
2013/02/04,0,29000,-62000,-33000
2013/02/05,0,29000,-44000,-15000
2013/02/06,0,20000,-132000,-112000
2013/02/07,0,0,0,0
2013/02/08,0,0,0,0
2013/02/11,0,0,0,0
2013/02/12,0,0,0,0
2013/02/13,0,0,0,0
2013/02/14,0,0,0,0
2013/02/15,0,0,0,0
2013/02/18,0,9000,-35000,-26000
2013/02/19,0,175000,-16000,159000
2013/02/20,0,709000,-102000,607000
2013/02/21,0,271000,-12000,259000
2013/02/22,0,544000,-53000,491000
2013/02/25,0,0,-52000,-52000
2013/02/26,0,12000,-4000,8000
2013/02/27,0,3000,-25000,-22000
2013/02/28,0,0,0,0
2013/03/01,0,23000,-2000,21000
2013/03/04,0,2000,-19000,-17000
2013/03/05,0,18000,-113000,-95000
2013/03/06,0,71100,-16000,55100
2013/03/07,0,25100,-18000,7100
2013/03/08,0,7000,-75000,-68000
2013/03/11,0,9000,-72000,-63000
2013/03/12,0,60000,-70000,-10000
2013/03/13,0,200,-102000,-101800
2013/03/14,0,1000,-88000,-87000
2013/03/15,0,0,-110000,-110000
2013/03/18,0,0,-316000,-316000
2013/03/19,0,0,-12000,-12000
2013/03/20,0,0,-40000,-40000
2013/03/21,0,17000,-30000,-13000
2013/03/22,0,15000,-98000,-83000
2013/03/25,0,52000,-47000,5000
2013/03/26,0,140000,-17000,123000
2013/03/27,0,32000,-37000,-5000
2013/03/28,0,23000,-20000,3000
2013/03/29,0,66000,-33000,33000
2013/04/01,0,19000,-16000,3000
2013/04/02,0,22000,-48000,-26000
2013/04/03,0,54000,-93000,-39000
2013/04/04,0,0,0,0
2013/04/05,0,0,0,0
2013/04/08,0,91100,-14000,77100
2013/04/09,0,19000,-23000,-4000
2013/04/10,0,185267,-65000,120267
2013/04/11,0,3000,-47000,-44000
2013/04/12,0,0,-323000,-323000
2013/04/15,0,22000,-202000,-180000
2013/04/16,0,64000,-181000,-117000
2013/04/17,0,68000,-172518,-104518
2013/04/18,0,656100,-94426,561674
2013/04/19,0,83000,-76000,7000
2013/04/22,0,1000,-28574,-27574
2013/04/23,0,96000,-62000,34000
2013/04/24,0,100000,-404000,-304000
2013/04/25,0,40000,-46000,-6000
2013/04/26,0,34000,-131000,-97000
2013/04/29,0,7000,-27000,-20000
2013/04/30,0,21000,-130000,-109000
2013/05/01,0,0,0,0
2013/05/02,0,51000,-287000,-236000
2013/05/03,0,144000,-133000,11000
2013/05/06,0,348000,-243000,105000
2013/05/07,0,77000,-12000,65000
2013/05/08,0,20845,-165000,-144155
2013/05/09,0,27000,-390940,-363940
2013/05/10,0,240100,-12000,228100
2013/05/13,0,176100,-1000,175100
2013/05/14,0,18000,-4000,14000
2013/05/15,0,970000,-24000,946000
2013/05/16,0,883000,-69000,814000
2013/05/17,0,104000,-79000,25000
2013/05/20,0,320000,-130000,190000
2013/05/21,0,673000,-190000,483000
2013/05/22,0,468000,-127000,341000
2013/05/23,0,250000,-91000,159000
2013/05/24,0,97000,-114000,-17000
2013/05/27,0,37000,-33000,4000
2013/05/28,0,49000,-13000,36000
2013/05/29,0,178000,-158000,20000
2013/05/30,0,571000,-142000,429000
2013/05/31,0,400000,-175000,225000
2013/06/03,0,64000,-156000,-92000
2013/06/04,0,326000,-210000,116000
2013/06/05,0,101000,-307000,-206000
2013/06/06,0,119000,-558000,-439000
2013/06/07,0,144000,-41000,103000
2013/06/10,0,195000,-2232000,-2037000
2013/06/11,0,86000,-158000,-72000
2013/06/12,0,0,0,0
2013/06/13,0,11000,-115000,-104000
2013/06/14,0,31000,-101000,-70000
2013/06/17,0,1000,-88000,-87000
2013/06/18,0,1000,-102000,-101000
2013/06/19,0,133000,-12518,120482
2013/06/20,0,1000,-75000,-74000
2013/06/21,0,56000,-150000,-94000
2013/06/24,0,100,-21000,-20900
2013/06/25,0,9000,-5000,4000
2013/06/26,0,6000,-24000,-18000
2013/06/27,0,7000,-39000,-32000
2013/06/28,0,0,-39000,-39000
2013/07/01,0,139000,-2000,137000
2013/07/02,0,8000,-56284,-48284
2013/07/03,0,14000,-11000,3000
2013/07/04,0,104000,0,104000
2013/07/05,0,214411,0,214411
2013/07/08,0,92000,-1000,91000
2013/07/09,0,732179,-77662,654517
2013/07/10,0,159000,-91000,68000
2013/07/11,0,78000,-21000,57000
2013/07/12,0,16000,-34000,-18000
2013/07/15,0,50000,-75000,-25000
2013/07/16,0,1000,-16000,-15000
2013/07/17,0,1000,-11000,-10000
2013/07/18,0,2000,-23286,-21286
2013/07/19,0,0,-7000,-7000
2013/07/22,0,100,-7000,-6900
2013/07/23,0,20000,-32000,-12000
2013/07/24,0,3000,-239000,-236000
2013/07/25,0,16000,-201000,-185000
2013/07/26,0,170000,-42000,128000
2013/07/29,0,10000,-63000,-53000
2013/07/30,0,14000,-72000,-58000
2013/07/31,0,5000,-246000,-241000
2013/08/01,0,11000,0,11000
2013/08/02,0,46000,-115000,-69000
2013/08/05,0,127000,-27000,100000
2013/08/06,0,260000,-36000,224000
2013/08/07,0,29000,-53000,-24000
2013/08/08,0,18000,-35000,-17000
2013/08/09,0,339000,-67000,272000
2013/08/12,0,39363,-80000,-40637
2013/08/13,0,294000,-225000,69000
2013/08/14,0,27000,-169502,-142502
2013/08/15,0,17000,-135911,-118911
2013/08/16,0,21000,-17000,4000
2013/08/19,0,4000,-8000,-4000
2013/08/20,0,1000,-281000,-280000
2013/08/21,0,0,0,0
2013/08/22,0,35000,-55000,-20000
2013/08/23,0,29000,-216000,-187000
2013/08/26,0,144000,-78000,66000
2013/08/27,0,112000,-348000,-236000
2013/08/28,0,146000,-29000,117000
2013/08/29,0,5000,-160000,-155000
2013/08/30,0,18100,-157000,-138900
2013/09/02,0,0,-47000,-47000
2013/09/03,0,46000,-35000,11000
2013/09/04,0,61100,-128000,-66900
2013/09/05,0,333000,-20000,313000
2013/09/06,0,24000,-49000,-25000
2013/09/09,0,98000,-228000,-130000
2013/09/10,0,12100,-357000,-344900
2013/09/11,0,143000,-408000,-265000
2013/09/12,0,212000,-232000,-20000
2013/09/13,0,43000,-13000,30000
2013/09/16,0,83000,-72000,11000
2013/09/17,0,27000,-146000,-119000
2013/09/18,0,32000,-174937,-142937
2013/09/19,0,0,0,0
2013/09/20,0,0,0,0
2013/09/23,0,44000,-20000,24000
2013/09/24,0,21000,-111536,-90536
2013/09/25,0,11000,-288206,-277206
2013/09/26,0,31000,-197000,-166000
2013/09/27,0,10000,-25000,-15000
2013/09/30,0,28000,-50000,-22000
2013/10/01,0,4000,-67000,-63000
2013/10/02,0,2000,-42500,-40500
2013/10/03,0,959000,-38000,921000
2013/10/04,0,497000,-75000,422000
2013/10/07,0,19000,-51000,-32000
2013/10/08,0,74000,-228000,-154000
2013/10/09,0,110000,-341000,-231000
2013/10/10,0,0,0,0
2013/10/11,0,220000,-1141000,-921000
2013/10/14,0,93000,-298000,-205000
2013/10/15,0,288000,-52000,236000
2013/10/16,0,226000,-209000,17000
2013/10/17,0,329100,-48000,281100
2013/10/18,0,338000,-97000,241000
2013/10/21,0,121000,-160000,-39000
2013/10/22,0,128000,-250000,-122000
2013/10/23,0,135000,-1112000,-977000
2013/10/24,0,299000,-1099000,-800000
2013/10/25,0,109000,-130000,-21000
2013/10/28,0,64929,-231000,-166071
2013/10/29,0,261000,-111000,150000
2013/10/30,0,46000,-286000,-240000
2013/10/31,0,39000,-75000,-36000
2013/11/01,0,71000,-104000,-33000
2013/11/04,0,93000,-185000,-92000
2013/11/05,0,185000,-218000,-33000
2013/11/06,0,105000,-96000,9000
2013/11/07,0,172000,-89000,83000
2013/11/08,0,720000,-64000,656000
2013/11/11,0,181000,-95000,86000
2013/11/12,0,108000,-120000,-12000
2013/11/13,0,196000,-287000,-91000
2013/11/14,0,287000,-185000,102000
2013/11/15,0,57000,-525000,-468000
2013/11/18,0,109000,-97000,12000
2013/11/19,0,56000,-102000,-46000
2013/11/20,0,155000,-106000,49000
2013/11/21,0,6000,-162000,-156000
2013/11/22,0,113000,-240000,-127000
2013/11/25,0,100000,-19000,81000
2013/11/26,0,34000,-77714,-43714
2013/11/27,0,26000,-73196,-47196
2013/11/28,0,630000,-213000,417000
2013/11/29,0,296000,-179000,117000
2013/12/02,0,27000,-72000,-45000
2013/12/03,0,203000,-94000,109000
2013/12/04,0,19000,-72000,-53000
2013/12/05,0,69000,-63000,6000
2013/12/06,0,67000,-97000,-30000
2013/12/09,0,41100,-86000,-44900
2013/12/10,0,249050,-136000,113050
2013/12/11,0,3000,-245000,-242000
2013/12/12,0,111000,-194000,-83000
2013/12/13,0,69000,-44000,25000
2013/12/16,0,37000,-24000,13000
2013/12/17,0,141000,-127000,14000
2013/12/18,0,9100,-121000,-111900
2013/12/19,0,43000,-45050,-2050
2013/12/20,0,3000,-60000,-57000
2013/12/23,0,23000,-43000,-20000
2013/12/24,0,25000,-33000,-8000
2013/12/25,0,60000,-27000,33000
2013/12/26,0,1000,-72000,-71000
2013/12/27,0,14000,-95000,-81000
2013/12/30,0,23000,-101000,-78000
2013/12/31,0,11000,-36000,-25000
2014/01/02,0,13000,-97000,-84000
2014/01/03,0,3000,-52000,-49000
2014/01/06,0,65000,-102000,-37000
2014/01/07,0,31000,-57000,-26000
2014/01/08,0,29000,-26089,2911
2014/01/09,0,77000,-147000,-70000
2014/01/10,0,45000,-39000,6000
2014/01/13,0,111000,-19000,92000
2014/01/14,0,67000,-6000,61000
2014/01/15,0,94000,-14000,80000
2014/01/16,0,47000,-65000,-18000
2014/01/17,0,157000,-27000,130000
2014/01/20,0,56000,-13000,43000
2014/01/21,0,214000,-77000,137000
2014/01/22,0,46000,-68000,-22000
2014/01/23,0,9000,-38000,-29000
2014/01/24,0,44000,-198000,-154000
2014/01/27,0,49000,-10000,39000
2014/02/05,0,45000,-118000,-73000
2014/02/06,0,20000,-289000,-269000
2014/02/07,0,21000,-122000,-101000
2014/02/10,0,19000,-232000,-213000
2014/02/11,0,45000,-58000,-13000
2014/02/12,0,399000,-26000,373000
2014/02/13,0,6000,-103000,-97000
2014/02/14,0,60000,-80000,-20000
2014/02/17,0,95000,-43000,52000
2014/02/18,0,34000,-49000,-15000
2014/02/19,0,28000,-50000,-22000
2014/02/20,0,10000,-42000,-32000
2014/02/21,0,26000,-27000,-1000
2014/02/24,0,18000,-74000,-56000
2014/02/25,0,7000,-32000,-25000
2014/02/26,0,8000,-9000,-1000
2014/02/27,0,10000,-14000,-4000
2014/03/03,0,32000,-6000,26000
2014/03/04,0,18000,-23000,-5000
2014/03/05,0,25000,-29000,-4000
2014/03/06,0,1000,-116000,-115000
2014/03/07,0,20000,-11000,9000
2014/03/10,0,169000,0,169000
2014/03/11,0,0,-6000,-6000
2014/03/12,0,8000,-2000,6000
2014/03/13,0,17000,-1000,16000
2014/03/14,0,24000,-8000,16000
2014/03/17,0,71000,-3000,68000
2014/03/18,0,34000,-3000,31000
2014/03/19,0,21000,-1000,20000
2014/03/20,0,3000,-27000,-24000
2014/03/21,0,85000,-14000,71000
2014/03/24,0,24000,-2000,22000
2014/03/25,0,17000,-8000,9000
2014/03/26,0,39000,-2000,37000
2014/03/27,0,26000,-6000,20000
2014/03/28,0,10000,-44000,-34000
2014/03/31,0,49000,-23000,26000
2014/04/01,0,44000,-9000,35000
2014/04/02,0,26000,-13000,13000
2014/04/03,0,93000,-22000,71000
2014/04/07,0,325000,-50000,275000
2014/04/08,0,610000,-18000,592000
2014/04/09,0,458000,-60000,398000
2014/04/10,0,1223000,-15000,1208000
2014/04/11,0,265000,-97000,168000
2014/04/14,0,274000,-157000,117000
2014/04/15,0,225322,-139000,86322
2014/04/16,0,359000,-46000,313000
2014/04/17,0,319000,-117322,201678
2014/04/18,0,48000,-43000,5000
2014/04/21,0,46000,-41000,5000
2014/04/22,0,16196,-220000,-203804
2014/04/23,0,83000,-79000,4000
2014/04/24,0,186000,-24000,162000
2014/04/25,0,145000,-98000,47000
2014/04/28,0,52000,-255000,-203000
2014/04/29,0,79000,-143000,-64000
2014/04/30,0,125000,-103000,22000
2014/05/02,0,165000,-83000,82000
2014/05/05,0,17000,-61000,-44000
2014/05/06,0,67000,-99000,-32000
2014/05/07,0,177000,-62000,115000
2014/05/08,0,133000,-566000,-433000
2014/05/09,0,42000,-293000,-251000
2014/05/12,0,16000,-125000,-109000
2014/05/13,0,241100,-104000,137100
2014/05/14,0,4796,-623000,-618204
2014/05/15,0,535000,-98625,436375
2014/05/16,0,95000,-598000,-503000
2014/05/19,0,40000,-155000,-115000
2014/05/20,0,10992,-7000,3992
2014/05/21,0,93000,-132000,-39000
2014/05/22,0,86000,-192000,-106000
2014/05/23,0,150000,-126200,23800
2014/05/26,0,130000,-64000,66000
2014/05/27,0,4100,-131000,-126900
2014/05/28,0,83000,-224000,-141000
2014/05/29,0,9000,-194178,-185178
2014/05/30,0,22000,-76000,-54000
2014/06/03,0,107000,-295000,-188000
2014/06/04,0,76000,-44000,32000
2014/06/05,0,20000,-20000,0
2014/06/06,0,24000,-53000,-29000
2014/06/09,0,13000,-207000,-194000
2014/06/10,0,66000,-96200,-30200
2014/06/11,0,81000,-485000,-404000
2014/06/12,0,54000,-170000,-116000
2014/06/13,0,31000,-26000,5000
2014/06/16,0,214000,-37000,177000
2014/06/17,0,5000,-39000,-34000
2014/06/18,0,58000,-95000,-37000
2014/06/19,0,14000,-1000,13000
2014/06/20,0,16000,-6000,10000
2014/06/23,0,42000,-81000,-39000
2014/06/24,0,25000,-2000,23000
2014/06/25,0,7000,-9000,-2000
2014/06/26,0,10000,-91000,-81000
2014/06/27,0,9000,-17000,-8000
2014/06/30,0,4000,-4000,0
2014/07/01,0,30000,-8000,22000
2014/07/02,0,21000,-7000,14000
2014/07/03,0,225000,-6000,219000
2014/07/04,0,209000,-61000,148000
2014/07/07,0,77000,-115000,-38000
2014/07/08,0,42000,-117000,-75000
2014/07/09,0,3000,-114000,-111000
2014/07/10,0,11000,-10000,1000
2014/07/11,0,16000,-74000,-58000
2014/07/14,0,6000,-67000,-61000
2014/07/15,0,9000,-39000,-30000
2014/07/16,0,25000,-73000,-48000
2014/07/17,0,49000,-1000,48000
2014/07/18,0,29000,-32000,-3000
2014/07/21,0,11000,-3000,8000
2014/07/22,0,56000,-5000,51000
2014/07/23,0,0,0,0
2014/07/24,0,30000,-28000,2000
2014/07/25,0,32000,-96000,-64000
2014/07/28,0,51000,-61000,-10000
2014/07/29,0,53000,-29000,24000
2014/07/30,0,14000,-172000,-158000
2014/07/31,0,18000,-136000,-118000
2014/08/01,0,26000,-3000,23000
2014/08/04,0,51000,-2000,49000
2014/08/05,0,20000,-61000,-41000
2014/08/06,0,123000,-21000,102000
2014/08/07,0,100000,-66000,34000
2014/08/08,0,66000,-184000,-118000
2014/08/11,0,21000,-6000,15000
2014/08/12,0,59000,-47000,12000
2014/08/13,0,45000,0,45000
2014/08/14,0,206100,-33000,173100
2014/08/15,0,316000,-155000,161000
2014/08/18,0,118000,-458000,-340000
2014/08/19,0,34000,-303000,-269000
2014/08/20,0,113000,-24000,89000
2014/08/21,0,23100,-32757,-9657
2014/08/22,0,450000,-18000,432000
2014/08/25,0,217000,-32000,185000
2014/08/26,0,469785,-112000,357785
2014/08/27,0,573000,-61000,512000
2014/08/28,0,18000,-86000,-68000
2014/08/29,0,72000,-11000,61000
2014/09/01,0,30000,-25000,5000
2014/09/02,0,85000,-113000,-28000
2014/09/03,0,59000,-30000,29000
2014/09/04,0,44000,-116000,-72000
2014/09/05,0,23000,-106000,-83000
2014/09/09,0,158000,-76000,82000
2014/09/10,0,41000,-281000,-240000
2014/09/11,0,36000,-76000,-40000
2014/09/12,0,20000,-108100,-88100
2014/09/15,0,42000,-94000,-52000
2014/09/16,0,141000,-42100,98900
2014/09/17,0,143000,-126000,17000
2014/09/18,0,44000,-169000,-125000
2014/09/19,0,133000,-33081,99919
2014/09/22,0,4000,-35000,-31000
2014/09/23,0,241000,-54000,187000
2014/09/24,0,116000,-307000,-191000
2014/09/25,0,46000,-1000,45000
2014/09/26,0,397000,-43000,354000
2014/09/29,0,128000,-59000,69000
2014/09/30,0,319000,-301000,18000
2014/10/01,0,851000,-179000,672000
2014/10/02,0,85000,-241000,-156000
2014/10/03,0,21000,-567200,-546200
2014/10/06,0,63000,-493000,-430000
2014/10/07,0,69000,-65000,4000
2014/10/08,0,71000,-111000,-40000
2014/10/09,0,16000,-26000,-10000
2014/10/13,0,4000,0,4000
2014/10/14,0,362000,-36000,326000
2014/10/15,0,370000,-175000,195000
2014/10/16,0,348000,-162000,186000
2014/10/17,0,43077,-368000,-324923
2014/10/20,0,39000,-96000,-57000
2014/10/21,0,108000,-196000,-88000
2014/10/22,0,24000,-340000,-316000
2014/10/23,0,27000,-46000,-19000
2014/10/24,0,15100,-209000,-193900
2014/10/27,0,12000,-256720,-244720
2014/10/28,0,94000,-120000,-26000
2014/10/29,0,43000,-128000,-85000
2014/10/30,0,22000,-81000,-59000
2014/10/31,0,8000,-34000,-26000
2014/11/03,0,23000,-55000,-32000
2014/11/04,0,25000,-57000,-32000
2014/11/05,0,46000,-9000,37000
2014/11/06,0,43000,-197000,-154000
2014/11/07,0,225000,-7000,218000
2014/11/10,0,23000,-145000,-122000
2014/11/11,0,139000,-150000,-11000
2014/11/12,0,65000,-11000,54000
2014/11/13,0,246000,-91177,154823
2014/11/14,0,851000,-159000,692000
2014/11/17,0,893000,-232000,661000
2014/11/18,0,390000,-452000,-62000
2014/11/19,0,462000,-260000,202000
2014/11/20,0,1090000,-83200,1006800
2014/11/21,0,219000,-568000,-349000
2014/11/24,0,381100,-284000,97100
2014/11/25,0,639000,-504000,135000
2014/11/26,0,475000,-179000,296000
2014/11/27,0,365000,-163000,202000
2014/11/28,0,51000,-615100,-564100
2014/12/01,0,379000,-155716,223284
2014/12/02,0,286000,-645000,-359000
2014/12/03,0,943000,-211000,732000
2014/12/04,0,328000,-212000,116000
2014/12/05,0,277000,-209000,68000
2014/12/08,0,488000,-165000,323000
2014/12/09,0,362000,-471000,-109000
2014/12/10,0,544000,-517000,27000
2014/12/11,0,824000,-157000,667000
2014/12/12,0,193000,-759000,-566000
2014/12/15,0,105000,-187000,-82000
2014/12/16,0,42000,-474000,-432000
2014/12/17,0,161000,-222000,-61000
2014/12/18,0,329000,-110000,219000
2014/12/19,0,413000,-163000,250000
2014/12/22,0,234000,-139000,95000
2014/12/23,0,184000,-664000,-480000
2014/12/24,0,4000,-128000,-124000
2014/12/25,0,35000,-136000,-101000
2014/12/26,0,61000,-156000,-95000
2014/12/29,0,9000,-194000,-185000
2014/12/30,0,285000,-138000,147000
2014/12/31,0,465000,-44000,421000
2015/01/01,0,0,0,0
2015/01/02,0,0,0,0
2015/01/05,0,35000,-294000,-259000
2015/01/06,0,43000,-379000,-336000
2015/01/07,0,79000,-225000,-146000
2015/01/08,0,62000,-90000,-28000
2015/01/09,0,193000,-208000,-15000
2015/01/12,0,100000,-329000,-229000
2015/01/13,0,123000,-168000,-45000
2015/01/14,0,47000,-127000,-80000
2015/01/15,0,10000,-158000,-148000
2015/01/16,0,145000,-239244,-94244
2015/01/19,0,214000,-77000,137000
2015/01/20,0,111000,-24000,87000
2015/01/21,0,5000,-94000,-89000
2015/01/22,0,110000,-242000,-132000
2015/01/23,0,14000,-107000,-93000
2015/01/26,0,187000,-35000,152000
2015/01/27,0,201000,-159000,42000
2015/01/28,0,308000,-183000,125000
2015/01/29,0,37000,-338000,-301000
2015/01/30,0,27000,-62000,-35000
2015/02/02,0,31000,-77000,-46000
2015/02/03,0,53000,-41000,12000
2015/02/04,0,92000,-101000,-9000
2015/02/05,0,66000,-215000,-149000
2015/02/06,0,247000,-59000,188000
2015/02/09,0,2100,-235000,-232900
2015/02/10,0,258000,-29000,229000
2015/02/11,0,410000,-204000,206000
2015/02/12,0,5000,-158000,-153000
2015/02/13,0,110000,-98000,12000
2015/02/16,0,0,0,0
2015/02/17,0,0,0,0
2015/02/18,0,0,0,0
2015/02/19,0,0,0,0
2015/02/20,0,0,0,0
2015/02/23,0,0,0,0
2015/02/24,0,16000,-231000,-215000
2015/02/25,0,35000,-152367,-117367
2015/02/26,0,70000,-141000,-71000
2015/02/27,0,0,0,0
2015/03/02,0,24000,-73000,-49000
2015/03/03,0,28000,-100000,-72000
2015/03/04,0,29000,-84000,-55000
2015/03/05,0,31000,-21000,10000
2015/03/06,0,19000,-202000,-183000
2015/03/09,0,99000,-105000,-6000
2015/03/10,0,84000,-35000,49000
2015/03/11,0,1000,-77000,-76000
2015/03/12,0,5000,-42000,-37000
2015/03/13,0,11000,-16000,-5000
2015/03/16,0,17000,-92861,-75861
2015/03/17,0,60000,-23000,37000
2015/03/18,0,29000,-24000,5000
2015/03/19,0,282000,-38100,243900
2015/03/20,0,7000,-33000,-26000
2015/03/23,0,287000,-42000,245000
2015/03/24,0,148000,-33000,115000
2015/03/25,0,39000,-171000,-132000
2015/03/26,0,372000,-19000,353000
2015/03/27,0,194000,-58000,136000
2015/03/30,0,655797,-13000,642797
2015/03/31,0,99000,-164000,-65000
2015/04/01,0,11000,-36000,-25000
2015/04/02,0,17000,-28000,-11000
2015/04/03,0,0,0,0
2015/04/06,0,0,0,0
2015/04/07,0,26000,-19000,7000
2015/04/08,0,3000,-14000,-11000
2015/04/09,0,45000,-47000,-2000
2015/04/10,0,36000,-31000,5000
2015/04/13,0,110000,-544000,-434000
2015/04/14,0,128000,-448000,-320000
2015/04/15,0,20000,-614000,-594000
2015/04/16,0,20000,-318000,-298000
2015/04/17,0,53000,-577000,-524000
2015/04/20,0,178000,-78000,100000
2015/04/21,0,124000,-149993,-25993
2015/04/22,0,28000,-31000,-3000
2015/04/23,0,42000,-48000,-6000
2015/04/24,0,110000,-194000,-84000
2015/04/27,0,158000,-130000,28000
2015/04/28,0,30000,-78000,-48000
2015/04/29,0,47000,-70000,-23000
2015/04/30,0,152000,-88000,64000
2015/05/01,0,0,0,0
2015/05/04,0,15000,-165000,-150000
2015/05/05,0,59000,-86000,-27000
2015/05/06,0,65000,-125000,-60000
2015/05/07,0,54000,-32000,22000
2015/05/08,0,23000,-332000,-309000
2015/05/11,0,330000,-24000,306000
2015/05/12,0,383000,-19000,364000
2015/05/13,0,6000,-83000,-77000
2015/05/14,0,105000,-52000,53000
2015/05/15,0,83000,-71000,12000
2015/05/18,0,178000,-90000,88000
2015/05/19,0,61000,-172000,-111000
2015/05/20,0,380000,-211000,169000
2015/05/21,0,171000,-132000,39000
2015/05/22,0,25000,-153000,-128000
2015/05/25,0,26000,-40000,-14000
2015/05/26,0,96000,-111000,-15000
2015/05/27,0,13000,-100000,-87000
2015/05/28,0,20000,-37000,-17000
2015/05/29,0,9000,-110000,-101000
2015/06/01,0,8000,-142000,-134000
2015/06/02,0,349000,-45000,304000
2015/06/03,0,127000,-357000,-230000
2015/06/04,0,134000,-73000,61000
2015/06/05,0,238000,-380000,-142000
2015/06/08,0,183000,-51000,132000
2015/06/09,0,294000,-55000,239000
2015/06/10,0,257000,-92000,165000
2015/06/11,0,10000,-76000,-66000
2015/06/12,0,154000,-51000,103000
2015/06/15,0,118000,-193000,-75000
2015/06/16,0,21000,-190000,-169000
2015/06/17,0,35000,-148000,-113000
2015/06/18,0,7000,-78000,-71000
2015/06/19,0,0,0,0
2015/06/22,0,16000,-110000,-94000
2015/06/23,0,91000,-31000,60000
2015/06/24,0,5000,-54000,-49000
2015/06/25,0,18000,-15000,3000
2015/06/26,0,12000,-48000,-36000
2015/06/29,0,60000,-32000,28000
2015/06/30,0,194000,-23000,171000
2015/07/01,0,41000,-91000,-50000
2015/07/02,0,35000,-154000,-119000
2015/07/03,0,43000,-93000,-50000
2015/07/06,0,31000,-32000,-1000
2015/07/07,0,37000,-113000,-76000
2015/07/08,0,69000,-74000,-5000
2015/07/09,0,68000,-54000,14000
2015/07/10,0,0,0,0
2015/07/13,0,104000,-54000,50000
2015/07/14,0,53000,-80000,-27000
2015/07/15,0,24000,-100000,-76000
2015/07/16,0,362436,-31000,331436
2015/07/17,0,228000,-130000,98000
2015/07/20,0,23000,-91000,-68000
2015/07/21,0,27000,-79000,-52000
2015/07/22,0,7000,-115000,-108000
2015/07/23,0,20000,-18000,2000
2015/07/24,0,23000,-53000,-30000
2015/07/27,0,30000,-100000,-70000
2015/07/28,0,154000,-20000,134000
2015/07/29,0,39000,-98000,-59000
2015/07/30,0,12000,-26000,-14000
2015/07/31,0,125000,-43000,82000
2015/08/03,0,94000,-20535,73465
2015/08/04,0,30000,-44000,-14000
2015/08/05,0,16000,0,16000
2015/08/06,0,68000,-30000,38000
2015/08/07,0,81000,-14000,67000
2015/08/10,0,156000,-45000,111000
2015/08/11,0,27000,-148000,-121000
2015/08/12,0,104000,-16000,88000
2015/08/13,0,70626,-44000,26626
2015/08/14,0,60000,-31000,29000
2015/08/17,0,145000,-72000,73000
2015/08/18,0,11000,-24000,-13000
2015/08/19,0,113000,-47000,66000
2015/08/20,0,99000,-36000,63000
2015/08/21,0,189000,-82000,107000
2015/08/24,0,415000,-44000,371000
2015/08/25,0,219947,-99000,120947
2015/08/26,0,223000,-120000,103000
2015/08/27,0,62000,-97000,-35000
2015/08/28,0,184000,-61000,123000
2015/08/31,0,138000,-66000,72000
2015/09/01,0,140000,-31000,109000
2015/09/02,0,97822,-76000,21822
2015/09/03,0,118000,-38000,80000
2015/09/04,0,29000,-229000,-200000
2015/09/07,0,129000,-10000,119000
2015/09/08,0,180000,-44000,136000
2015/09/09,0,80276,-61000,19276
2015/09/10,0,138000,-28000,110000
2015/09/11,0,45000,-113982,-68982
2015/09/14,0,63000,-153000,-90000
2015/09/15,0,75000,-58000,17000
2015/09/16,0,137000,-37000,100000
2015/09/17,0,61000,-33000,28000
2015/09/18,0,169000,-30160,138840
2015/09/21,0,26000,-34000,-8000
2015/09/22,0,92000,-36000,56000
2015/09/23,0,76000,-45000,31000
2015/09/24,0,80000,-59000,21000
2015/09/25,0,87000,-18000,69000
2015/09/28,0,0,0,0
2015/09/29,0,0,0,0
2015/09/30,0,102000,-9000,93000
2015/10/01,0,119000,-37000,82000
2015/10/02,0,81000,-30000,51000
2015/10/05,0,42000,-233000,-191000
2015/10/06,0,143000,-154000,-11000
2015/10/07,0,76000,-54000,22000
2015/10/08,0,27000,-99000,-72000
2015/10/09,0,0,0,0
2015/10/12,0,74000,-125000,-51000
2015/10/13,0,53000,-45000,8000
2015/10/14,0,101000,-117000,-16000
2015/10/15,0,284000,-178000,106000
2015/10/16,0,55000,-125000,-70000
2015/10/19,0,233000,-16000,217000
2015/10/20,0,45000,-6000,39000
2015/10/21,0,187000,-99000,88000
2015/10/22,0,48000,-21000,27000
2015/10/23,0,150000,-161000,-11000
2015/10/26,0,61000,-59000,2000
2015/10/27,0,172000,-152000,20000
2015/10/28,0,68000,-213000,-145000
2015/10/29,0,134000,-86000,48000
2015/10/30,0,82000,-67000,15000
2015/11/02,0,177000,-64000,113000
2015/11/03,0,101000,-46000,55000
2015/11/04,0,308000,-102000,206000
2015/11/05,0,54000,-185000,-131000
2015/11/06,0,101000,-129000,-28000
2015/11/09,0,61000,-79000,-18000
2015/11/10,0,129000,-81000,48000
2015/11/11,0,73000,-135000,-62000
2015/11/12,0,66000,-151000,-85000
2015/11/13,0,60000,-100000,-40000
2015/11/16,0,155000,-200000,-45000
2015/11/17,0,175000,-35000,140000
2015/11/18,0,343000,-122000,221000
2015/11/19,0,87000,-233000,-146000
2015/11/20,0,139000,-55000,84000
2015/11/23,0,35000,-64000,-29000
2015/11/24,0,93000,-72000,21000
2015/11/25,0,20000,-52000,-32000
2015/11/26,0,120000,-144000,-24000
2015/11/27,0,60000,-90000,-30000
2015/11/30,0,14000,-209000,-195000
2015/12/01,0,165000,-115863,49137
2015/12/02,0,66000,-40000,26000
2015/12/03,0,81000,-50000,31000
2015/12/04,0,73000,-117000,-44000
2015/12/07,0,26000,-57000,-31000
2015/12/08,0,82000,-63000,19000
2015/12/09,0,8000,-87000,-79000
2015/12/10,0,46000,-60000,-14000
2015/12/11,0,49000,-112000,-63000
2015/12/14,0,118000,-48000,70000
2015/12/15,0,115000,-78000,37000
2015/12/16,0,120000,-71000,49000
2015/12/17,0,88000,-121000,-33000
2015/12/18,0,76000,-51178,24822
2015/12/21,0,305000,-47000,258000
2015/12/22,0,153000,-126000,27000
2015/12/23,0,199000,-86200,112800
2015/12/24,0,44000,-14000,30000
2015/12/25,0,43000,-23000,20000
2015/12/28,0,83000,-34000,49000
2015/12/29,0,59000,-58000,1000
2015/12/30,0,54000,-11000,43000
2015/12/31,0,34000,-61000,-27000
2016/01/01,0,0,0,0
2016/01/04,0,51000,-167000,-116000
2016/01/05,0,122000,-23000,99000
2016/01/06,0,247000,-22000,225000
2016/01/07,0,321000,-124000,197000
2016/01/08,0,252000,-185000,67000
2016/01/11,0,55000,-236000,-181000
2016/01/12,0,158000,-84000,74000
2016/01/13,0,205000,-43000,162000
2016/01/14,0,180000,-119000,61000
2016/01/15,0,194000,-22000,172000
2016/01/18,0,252000,-59000,193000
2016/01/19,0,60000,-277000,-217000
2016/01/20,0,70000,-153000,-83000
2016/01/21,0,70000,-153000,-83000
2016/01/22,0,34000,-70000,-36000
2016/01/25,0,116000,-22000,94000
2016/01/26,0,24000,-21000,3000
2016/01/27,0,309000,-74000,235000
2016/01/28,0,69000,-30000,39000
2016/01/29,0,61000,-78000,-17000
2016/02/01,0,32000,-40000,-8000
2016/02/02,0,37000,-24000,13000
2016/02/03,0,41000,-31000,10000
2016/02/04,0,0,0,0
2016/02/05,0,0,0,0
2016/02/08,0,0,0,0
2016/02/09,0,0,0,0
2016/02/10,0,0,0,0
2016/02/11,0,0,0,0
2016/02/12,0,0,0,0
2016/02/15,0,109000,-60000,49000
2016/02/16,0,80000,-95000,-15000
2016/02/17,0,205000,-72000,133000
2016/02/18,0,48000,-33000,15000
2016/02/19,0,71000,-124000,-53000
2016/02/22,0,4000,-30000,-26000
2016/02/23,0,99000,-44000,55000
2016/02/24,0,134000,-35000,99000
2016/02/25,0,68000,-101637,-33637
2016/02/26,0,150000,-162000,-12000
2016/02/29,0,0,0,0
2016/03/01,0,103000,-84000,19000
2016/03/02,0,173993,-48000,125993
2016/03/03,0,68050,-15000,53050
2016/03/04,0,69000,-23000,46000
2016/03/07,0,35000,-85000,-50000
2016/03/08,0,206000,-88000,118000
2016/03/09,0,155000,-229000,-74000
2016/03/10,0,101000,-113000,-12000
2016/03/11,0,29000,-78000,-49000
2016/03/14,0,40000,-148000,-108000
2016/03/15,0,6000,-154000,-148000
2016/03/16,0,36000,-34000,2000
2016/03/17,0,114000,-61000,53000
2016/03/18,0,106000,-45000,61000
2016/03/21,0,88000,-40000,48000
2016/03/22,0,131000,-60000,71000
2016/03/23,0,2000,-38000,-36000
2016/03/24,0,33000,-41000,-8000
2016/03/25,0,0,-76000,-76000
2016/03/28,0,27000,-28000,-1000
2016/03/29,0,178000,-37000,141000
2016/03/30,0,129000,-42000,87000
2016/03/31,0,75000,-68000,7000
2016/04/01,0,96000,-63000,33000
2016/04/04,0,0,0,0
2016/04/05,0,0,0,0
2016/04/06,0,20000,-142000,-122000
2016/04/07,0,17000,-63000,-46000
2016/04/08,0,58000,-30000,28000
2016/04/11,0,73000,-96000,-23000
2016/04/12,0,354000,-243000,111000
2016/04/13,0,120000,-386000,-266000
2016/04/14,0,18000,-358000,-340000
2016/04/15,0,37000,-238000,-201000
2016/04/18,0,47000,-61000,-14000
2016/04/19,0,7000,-274000,-267000
2016/04/20,0,109000,-229000,-120000
2016/04/21,0,48000,-37000,11000
2016/04/22,0,27000,-52000,-25000
2016/04/25,0,34000,-27000,7000
2016/04/26,0,2000,-46000,-44000
2016/04/27,0,70000,-28000,42000
2016/04/28,0,137000,-108000,29000
2016/04/29,0,134000,-310000,-176000
2016/05/02,0,0,0,0
2016/05/03,0,24000,-39000,-15000
2016/05/04,0,41000,-95000,-54000
2016/05/05,0,104000,-30000,74000
2016/05/06,0,72000,-28000,44000
2016/05/09,0,441000,-117000,324000
2016/05/10,0,37000,-180000,-143000
2016/05/11,0,78000,-78000,0
2016/05/12,0,64000,-93000,-29000
2016/05/13,0,119000,-88000,31000
2016/05/16,0,23000,-179000,-156000
2016/05/17,0,140000,-93000,47000
2016/05/18,0,32000,-136000,-104000
2016/05/19,0,20000,-98000,-78000
2016/05/20,0,13000,-11000,2000
2016/05/23,0,145000,-40000,105000
2016/05/24,0,87000,-101000,-14000
2016/05/25,0,177000,-127000,50000
2016/05/26,0,14000,-209000,-195000
2016/05/27,0,8000,-68000,-60000
2016/05/30,0,31000,-44000,-13000
2016/05/31,0,320000,-102357,217643
2016/06/01,0,60000,-182000,-122000
2016/06/02,0,116000,-36000,80000
2016/06/03,0,185000,-46000,139000
2016/06/06,0,57000,-139000,-82000
2016/06/07,0,40050,-49000,-8950
2016/06/08,0,255000,-273000,-18000
2016/06/09,0,0,0,0
2016/06/10,0,0,0,0
2016/06/13,0,43000,-245000,-202000
2016/06/14,0,91000,-214000,-123000
2016/06/15,0,56000,-164000,-108000
2016/06/16,0,18000,-164000,-146000
2016/06/17,0,21000,-64000,-43000
2016/06/20,0,31000,-55000,-24000
2016/06/21,0,22000,-32000,-10000
2016/06/22,0,51000,-25000,26000
2016/06/23,0,25000,-18000,7000
2016/06/24,0,92000,-101000,-9000
2016/06/27,0,400000,-235000,165000
2016/06/28,0,326000,-324000,2000
2016/06/29,0,62000,-281000,-219000
2016/06/30,0,22000,-117000,-95000
2016/07/01,0,86000,-189000,-103000
2016/07/04,0,52000,-137000,-85000
2016/07/05,0,28000,-106000,-78000
2016/07/06,0,21000,-218000,-197000
2016/07/07,0,119000,-219000,-100000
2016/07/08,0,0,0,0
2016/07/11,0,16000,-18000,-2000
2016/07/12,0,43000,-26000,17000
2016/07/13,0,224000,-49000,175000
2016/07/14,0,163000,-66000,97000
2016/07/15,0,23000,-56000,-33000
2016/07/18,0,210000,-119000,91000
2016/07/19,0,55000,-299000,-244000
2016/07/20,0,725000,-213000,512000
2016/07/21,0,38000,-411000,-373000
2016/07/22,0,241000,-213000,28000
2016/07/25,0,52000,-154000,-102000
2016/07/26,0,143000,-40000,103000
2016/07/27,0,111000,-55000,56000
2016/07/28,0,157000,-23000,134000
2016/07/29,0,163000,-82000,81000
2016/08/01,0,90000,-14000,76000
2016/08/02,0,8000,-27100,-19100
2016/08/03,0,31000,-75000,-44000
2016/08/04,0,6000,-74000,-68000
2016/08/05,0,349000,-31000,318000
2016/08/08,0,142000,-48000,94000
2016/08/09,0,41000,-19000,22000
2016/08/10,0,13269,-77000,-63731
2016/08/11,0,26000,-157000,-131000
2016/08/12,0,94000,-20000,74000
2016/08/15,0,85000,-40000,45000
2016/08/16,0,1000,-62000,-61000
2016/08/17,0,46834,-160000,-113166
2016/08/18,0,70000,-160000,-90000
2016/08/19,0,183000,-113834,69166
2016/08/22,0,117000,-98000,19000
2016/08/23,0,21000,-33000,-12000
2016/08/24,0,64000,-9000,55000
2016/08/25,0,55000,-22000,33000
2016/08/26,0,44000,-10000,34000
2016/08/29,0,84000,-27000,57000
2016/08/30,0,60000,-20000,40000
2016/08/31,0,70000,-17000,53000
2016/09/01,0,30000,-7000,23000
2016/09/02,0,25000,-13000,12000
2016/09/05,0,14000,-17000,-3000
2016/09/06,0,61000,-10000,51000
2016/09/07,0,112000,-29000,83000
2016/09/08,0,153000,-125000,28000
2016/09/09,0,100000,-101000,-1000
2016/09/12,0,11000,-47000,-36000
2016/09/13,0,7000,-102000,-95000
2016/09/14,0,35000,-125000,-90000
2016/09/15,0,0,0,0
2016/09/16,0,0,0,0
2016/09/19,0,44000,-37000,7000
2016/09/20,0,107000,-47000,60000
2016/09/21,0,259000,-20000,239000
2016/09/22,0,12000,-21000,-9000
2016/09/23,0,8000,-7000,1000
2016/09/26,0,9000,-19000,-10000
2016/09/27,0,0,0,0
2016/09/28,0,0,0,0
2016/09/29,0,18000,-144000,-126000
2016/09/30,0,6000,-28000,-22000
2016/10/03,0,14000,-56000,-42000
2016/10/04,0,20000,-21000,-1000
2016/10/05,0,110000,-33000,77000
2016/10/06,0,92000,-52000,40000
2016/10/07,0,11000,-21000,-10000
2016/10/10,0,0,0,0
2016/10/11,0,11000,-74000,-63000
2016/10/12,0,28000,-161000,-133000
2016/10/13,0,1000,-84000,-83000
2016/10/14,0,21000,-69000,-48000
2016/10/17,0,23000,-15000,8000
2016/10/18,0,4000,-16000,-12000
2016/10/19,0,32000,-96000,-64000
2016/10/20,0,133000,-30000,103000
2016/10/21,0,43000,-17000,26000
2016/10/24,0,111000,-3000,108000
2016/10/25,0,52000,-5000,47000
2016/10/26,0,126000,-69000,57000
2016/10/27,0,22000,-45000,-23000
2016/10/28,0,54000,-16000,38000
2016/10/31,0,9000,-11000,-2000
2016/11/01,0,31000,-14000,17000
2016/11/02,0,30000,-72000,-42000
2016/11/03,0,36000,-80000,-44000
2016/11/04,0,16000,-55000,-39000
2016/11/07,0,55000,-91000,-36000
2016/11/08,0,6000,-38000,-32000
2016/11/09,0,24000,-41000,-17000
2016/11/10,0,12000,-77000,-65000
2016/11/11,0,110000,-161000,-51000
2016/11/14,0,72000,-87000,-15000
2016/11/15,0,147000,-96000,51000
2016/11/16,0,545000,-49000,496000
2016/11/17,0,625000,-107000,518000
2016/11/18,0,1127000,-567066,559934
2016/11/21,0,156000,-717000,-561000
2016/11/22,0,500000,-18000,482000
2016/11/23,0,62000,-626000,-564000
2016/11/24,0,1710000,-188000,1522000
2016/11/25,0,185000,-248000,-63000
2016/11/28,0,170000,-779000,-609000
2016/11/29,0,258000,-131000,127000
2016/11/30,0,529000,-219971,309029
2016/12/01,0,204000,-385000,-181000
2016/12/02,0,261000,-200000,61000
2016/12/05,0,257000,-320000,-63000
2016/12/06,0,363000,-274000,89000
2016/12/07,0,35000,-250000,-215000
2016/12/08,0,164000,-79000,85000
2016/12/09,0,1608000,-341000,1267000
2016/12/12,0,221000,-925000,-704000
2016/12/13,0,117000,-701000,-584000
2016/12/14,0,344000,-449000,-105000
2016/12/15,0,331000,-175000,156000
2016/12/16,0,452000,-865000,-413000
2016/12/19,0,405000,-291000,114000
2016/12/20,0,958000,-141000,817000
2016/12/21,0,188000,-654000,-466000
2016/12/22,0,321000,-135000,186000
2016/12/23,0,198000,-204000,-6000
2016/12/26,0,517000,-224000,293000
2016/12/27,0,248000,-256000,-8000
2016/12/28,0,50000,-217000,-167000
2016/12/29,0,137000,-814375,-677375
2016/12/30,0,667000,-191000,476000
2017/01/02,0,0,0,0
2017/01/03,0,113000,-297000,-184000
2017/01/04,0,261000,-383000,-122000
2017/01/05,0,310000,-666000,-356000
2017/01/06,0,230000,-54000,176000
2017/01/09,0,344000,-327000,17000
2017/01/10,0,425000,-122000,303000
2017/01/11,0,196000,-152000,44000
2017/01/12,0,211000,-75000,136000
2017/01/13,0,392000,-234111,157889
2017/01/16,0,678000,-770000,-92000
2017/01/17,0,1221000,-343000,878000
2017/01/18,0,1449000,-1369126,79874
2017/01/19,0,2305000,-945356,1359644
2017/01/20,0,396000,-360000,36000
2017/01/23,0,52000,-139000,-87000
2017/01/24,0,104000,-149000,-45000
2017/01/25,0,0,0,0
2017/01/26,0,0,0,0
2017/01/27,0,0,0,0
2017/01/30,0,0,0,0
2017/01/31,0,0,0,0
2017/02/01,0,0,0,0
2017/02/02,0,145000,-92000,53000
2017/02/03,0,188000,-204000,-16000
2017/02/06,0,124000,-234000,-110000
2017/02/07,0,260000,-327000,-67000
2017/02/08,0,75000,-158000,-83000
2017/02/09,0,87000,-37000,50000
2017/02/10,0,13000,-255000,-242000
2017/02/13,0,6000,-98000,-92000
2017/02/14,0,21000,-86000,-65000
2017/02/15,0,36000,-118000,-82000
2017/02/16,0,451000,-458000,-7000
2017/02/17,0,206000,-365000,-159000
2017/02/20,0,173000,-378000,-205000
2017/02/21,0,64000,-1000,63000
2017/02/22,0,721000,-736192,-15192
2017/02/23,0,397000,-285000,112000
2017/02/24,0,38000,-346331,-308331
2017/02/27,0,0,0,0
2017/02/28,0,0,0,0
2017/03/01,0,89000,-1202000,-1113000
2017/03/02,0,1058000,-1197000,-139000
2017/03/03,0,149000,-682969,-533969
2017/03/06,0,410000,-449398,-39398
2017/03/07,0,249000,-238000,11000
2017/03/08,0,586000,-433817,152183
2017/03/09,0,129041,-397837,-268796
2017/03/10,0,412000,-392820,19180
2017/03/13,0,538000,-279672,258328
2017/03/14,0,107000,-249824,-142824
2017/03/15,0,1000,-197830,-196830
2017/03/16,0,197000,-168233,28767
2017/03/17,0,346775,-361587,-14812
2017/03/20,0,144000,-41437,102563
2017/03/21,0,561000,-40000,521000
2017/03/22,0,573000,-425835,147165
2017/03/23,0,593000,-300000,293000
2017/03/24,0,195000,-99000,96000
2017/03/27,0,215050,-416000,-200950
2017/03/28,0,335100,-280000,55100
2017/03/29,0,2826000,-226100,2599900
2017/03/30,0,1403000,-482000,921000
2017/03/31,0,767000,-2482050,-1715050
2017/04/03,0,0,0,0
2017/04/04,0,0,0,0
2017/04/05,0,999000,-1240000,-241000
2017/04/06,0,536000,-1107000,-571000
2017/04/07,0,1524000,-318000,1206000
2017/04/10,0,1515000,-774000,741000
2017/04/11,0,2204000,-2103435,100565
2017/04/12,0,1458988,-427000,1031988
2017/04/13,0,511000,-733000,-222000
2017/04/14,0,1218000,-245000,973000
2017/04/17,0,420000,-528000,-108000
2017/04/18,0,860030,-296000,564030
2017/04/19,0,312000,-958167,-646167
