Date,Open,Buy,Sell,Total
2007/01/02,0,948000,-763000,185000
2007/01/03,0,652000,-19000,633000
2007/01/04,0,956000,-73000,883000
2007/01/05,0,269000,-763000,-494000
2007/01/08,0,288000,-7000,281000
2007/01/09,0,0,-800000,-800000
2007/01/10,0,290000,-1242000,-952000
2007/01/11,0,101000,-5338000,-5237000
2007/01/12,0,19000,-2729000,-2710000
2007/01/15,0,5000,-743000,-738000
2007/01/16,0,9000,-2158000,-2149000
2007/01/17,0,1105300,-290000,815300
2007/01/18,0,141000,-402000,-261000
2007/01/19,0,1022000,-25000,997000
2007/01/22,0,1172000,-838000,334000
2007/01/23,0,1003000,-2129000,-1126000
2007/01/24,0,190000,-407000,-217000
2007/01/25,0,130000,-667000,-537000
2007/01/26,0,48000,-136000,-88000
2007/01/29,0,385000,0,385000
2007/01/30,0,105000,-2000,103000
2007/01/31,0,85000,-21000,64000
2007/02/01,0,330000,-547000,-217000
2007/02/02,0,2766000,-1010000,1756000
2007/02/05,0,1363000,-542000,821000
2007/02/06,0,1422000,-16000,1406000
2007/02/07,0,1663100,-1984900,-321800
2007/02/08,0,913000,-335000,578000
2007/02/09,0,3000,0,3000
2007/02/12,0,377000,-62000,315000
2007/02/13,0,611000,-596000,15000
2007/02/14,0,1483000,-1446000,37000
2007/02/15,0,0,0,0
2007/02/16,0,0,0,0
2007/02/19,0,0,0,0
2007/02/20,0,0,0,0
2007/02/21,0,0,0,0
2007/02/22,0,0,0,0
2007/02/23,0,0,0,0
2007/02/26,0,666700,-604000,62700
2007/02/27,0,533000,-573000,-40000
2007/02/28,0,0,0,0
2007/03/01,0,2582000,-565000,2017000
2007/03/02,0,1898000,-342000,1556000
2007/03/05,0,1490000,-925000,565000
2007/03/06,0,516000,-610000,-94000
2007/03/07,0,501000,-147000,354000
2007/03/08,0,115000,-2492000,-2377000
2007/03/09,0,385000,-13000,372000
2007/03/12,0,3989000,-312000,3677000
2007/03/13,0,771000,-560000,211000
2007/03/14,0,421000,-780000,-359000
2007/03/15,0,1724000,-4080000,-2356000
2007/03/16,0,3182000,-2896800,285200
2007/03/19,0,503000,-2950000,-2447000
2007/03/20,0,535000,-92000,443000
2007/03/21,0,66000,-794500,-728500
2007/03/22,0,372100,-2258000,-1885900
2007/03/23,0,35100,-7000,28100
2007/03/26,0,24100,-29000,-4900
2007/03/27,0,24000,-147000,-123000
2007/03/28,0,196000,-1715000,-1519000
2007/03/29,0,155000,-2459000,-2304000
2007/03/30,0,592100,-155000,437100
2007/04/02,0,44100,-111000,-66900
2007/04/03,0,1131400,-88000,1043400
2007/04/04,0,1148100,-78000,1070100
2007/04/05,0,0,0,0
2007/04/06,0,0,0,0
2007/04/09,0,22000,-90000,-68000
2007/04/10,0,52200,-99000,-46800
2007/04/11,0,423000,-1419000,-996000
2007/04/12,0,1974200,-935000,1039200
2007/04/13,0,5551000,-774000,4777000
2007/04/16,0,754000,-82000,672000
2007/04/17,0,598000,-506000,92000
2007/04/18,0,292500,-584000,-291500
2007/04/19,0,129000,-1277700,-1148700
2007/04/20,0,917200,-1306000,-388800
2007/04/23,0,130000,-586000,-456000
2007/04/24,0,966000,-130000,836000
2007/04/25,0,321000,-91000,230000
2007/04/26,0,898000,-993000,-95000
2007/04/27,0,650000,-144000,506000
2007/04/30,0,261000,-496000,-235000
2007/05/01,0,0,0,0
2007/05/02,0,23000,-1107000,-1084000
2007/05/03,0,939000,-550000,389000
2007/05/04,0,8143100,-332000,7811100
2007/05/07,0,1225000,-1463000,-238000
2007/05/08,0,366000,-726000,-360000
2007/05/09,0,1945000,-1556000,389000
2007/05/10,0,2685000,-1154000,1531000
2007/05/11,0,112000,-215000,-103000
2007/05/14,0,2990000,-849000,2141000
2007/05/15,0,669000,-264000,405000
2007/05/16,0,50000,-18000,32000
2007/05/17,0,1255000,-3539000,-2284000
2007/05/18,0,271000,-1890000,-1619000
2007/05/21,0,1009000,-562000,447000
2007/05/22,0,2642000,-878000,1764000
2007/05/23,0,3585000,-880000,2705000
2007/05/24,0,3194000,-1830800,1363200
2007/05/25,0,1755000,-1072000,683000
2007/05/28,0,10552000,-62000,10490000
2007/05/29,0,6639000,-13000,6626000
2007/05/30,0,6824000,-1785000,5039000
2007/05/31,0,62748133,-30729000,32019133
2007/06/01,0,11097300,-8460000,2637300
2007/06/04,0,3293000,-27000,3266000
2007/06/05,0,5981000,-191000,5790000
2007/06/06,0,3705000,-359000,3346000
2007/06/07,0,919000,-233000,686000
2007/06/08,0,456000,-1865000,-1409000
2007/06/11,0,604000,-216000,388000
2007/06/12,0,701000,-559000,142000
2007/06/13,0,1576000,-110000,1466000
2007/06/14,0,606000,-133000,473000
2007/06/15,0,1422200,-238000,1184200
2007/06/18,0,0,0,0
2007/06/19,0,0,0,0
2007/06/20,0,10018000,-3710820,6307180
2007/06/21,0,8531000,-1739000,6792000
2007/06/22,0,11124000,-918000,10206000
2007/06/25,0,6960000,-2197000,4763000
2007/06/26,0,1242438,-390000,852438
2007/06/27,0,1757000,-1037000,720000
2007/06/28,0,2062000,-1746000,316000
2007/06/29,0,613000,-407000,206000
2007/07/02,0,661000,-1404000,-743000
2007/07/03,0,1586000,-20000,1566000
2007/07/04,0,3969000,-530000,3439000
2007/07/05,0,2976000,-548000,2428000
2007/07/06,0,3831000,-3498000,333000
2007/07/09,0,4592000,-495000,4097000
2007/07/10,0,2389000,-598000,1791000
2007/07/11,0,1399200,-380000,1019200
2007/07/12,0,2001000,-1355000,646000
2007/07/13,0,3219000,-765000,2454000
2007/07/16,0,791000,-2507000,-1716000
2007/07/17,0,1772000,-6365000,-4593000
2007/07/18,0,3707000,-3978000,-271000
2007/07/19,0,3253000,-1985000,1268000
2007/07/20,0,2405000,-380000,2025000
2007/07/23,0,6314000,-762000,5552000
2007/07/24,0,4769000,-929000,3840000
2007/07/25,0,2235000,-1145000,1090000
2007/07/26,0,3291000,-1007000,2284000
2007/07/27,0,2829500,-8888000,-6058500
2007/07/30,0,2810000,-6569000,-3759000
2007/07/31,0,2946000,-3677000,-731000
2007/08/01,0,4583000,-9713000,-5130000
2007/08/02,0,4348000,-2280000,2068000
2007/08/03,0,454000,-1773000,-1319000
2007/08/06,0,183000,-2447000,-2264000
2007/08/07,0,1914000,-763000,1151000
2007/08/08,0,1658000,-413000,1245000
2007/08/09,0,4531000,-590000,3941000
2007/08/10,0,3486000,-4087000,-601000
2007/08/13,0,4769000,-252000,4517000
2007/08/14,0,1495000,-4123000,-2628000
2007/08/15,0,5703000,-3334000,2369000
2007/08/16,0,1825000,-6071000,-4246000
2007/08/17,0,147000,-4005000,-3858000
2007/08/20,0,252000,-180000,72000
2007/08/21,0,1306000,-213000,1093000
2007/08/22,0,1743000,-251000,1492000
2007/08/23,0,2901000,-2853200,47800
2007/08/24,0,404000,-2290000,-1886000
2007/08/27,0,860000,-5726000,-4866000
2007/08/28,0,454000,-450900,3100
2007/08/29,0,1292500,-1849400,-556900
2007/08/30,0,2196000,-401000,1795000
2007/08/31,0,3658000,-369000,3289000
2007/09/03,0,335000,-466000,-131000
2007/09/04,0,1062000,-207000,855000
2007/09/05,0,508000,-1114000,-606000
2007/09/06,0,2141000,-657000,1484000
2007/09/07,0,795000,-469000,326000
2007/09/10,0,517000,-2410000,-1893000
2007/09/11,0,222000,-432000,-210000
2007/09/12,0,827000,-824000,3000
2007/09/13,0,206000,-1373000,-1167000
2007/09/14,0,2895000,-321000,2574000
2007/09/17,0,337000,-2085000,-1748000
2007/09/18,0,0,0,0
2007/09/19,0,5507000,-523000,4984000
2007/09/20,0,3787000,-292000,3495000
2007/09/21,0,1732000,-759950,972050
2007/09/24,0,0,0,0
2007/09/25,0,0,0,0
2007/09/26,0,1925140,-3929840,-2004700
2007/09/27,0,4508000,-960860,3547140
2007/09/28,0,1182000,-708000,474000
2007/10/01,0,298000,-691820,-393820
2007/10/02,0,2392100,-71000,2321100
2007/10/03,0,3494000,-580820,2913180
2007/10/04,0,1617000,-1355000,262000
2007/10/05,0,797000,-33000,764000
2007/10/08,0,1124000,-1252000,-128000
2007/10/09,0,3157000,-728000,2429000
2007/10/10,0,0,0,0
2007/10/11,0,2803000,-6000,2797000
2007/10/12,0,567000,-1745800,-1178800
2007/10/15,0,594000,-354000,240000
2007/10/16,0,3451000,-1338000,2113000
2007/10/17,0,303000,-2036000,-1733000
2007/10/18,0,1548000,-781000,767000
2007/10/19,0,50000,-312000,-262000
2007/10/22,0,820000,-5748354,-4928354
2007/10/23,0,1126000,-4000000,-2874000
2007/10/24,0,554000,-2937740,-2383740
2007/10/25,0,1507750,-113280,1394470
2007/10/26,0,3467000,-1255000,2212000
2007/10/29,0,3239000,-73580,3165420
2007/10/30,0,432000,-1332920,-900920
2007/10/31,0,1261000,-685780,575220
2007/11/01,0,1946000,-1102800,843200
2007/11/02,0,2047000,-3594120,-1547120
2007/11/05,0,428000,-2486000,-2058000
2007/11/06,0,212000,-1260700,-1048700
2007/11/07,0,329000,-1715519,-1386519
2007/11/08,0,585000,-4331000,-3746000
2007/11/09,0,2435000,-343559,2091441
2007/11/12,0,1517558,-2746000,-1228442
2007/11/13,0,2581000,-2199000,382000
2007/11/14,0,3186000,-3375000,-189000
2007/11/15,0,114000,-2027000,-1913000
2007/11/16,0,206000,-3949000,-3743000
2007/11/19,0,635000,-1843000,-1208000
2007/11/20,0,2997800,-2225643,772157
2007/11/21,0,589000,-5810860,-5221860
2007/11/22,0,1072000,-1128428,-56428
2007/11/23,0,266000,-1660000,-1394000
2007/11/26,0,3245000,-1619000,1626000
2007/11/27,0,1600000,-1585000,15000
2007/11/28,0,485000,-1156420,-671420
2007/11/29,0,2890000,-658913,2231087
2007/11/30,0,3863000,-2771000,1092000
2007/12/03,0,3304800,-362000,2942800
2007/12/04,0,263000,-1064000,-801000
2007/12/05,0,793000,-1653000,-860000
2007/12/06,0,2578400,-1512000,1066400
2007/12/07,0,1610084,-164000,1446084
2007/12/10,0,538000,-213000,325000
2007/12/11,0,819000,-333000,486000
2007/12/12,0,501000,-598000,-97000
2007/12/13,0,358000,-2709676,-2351676
2007/12/14,0,1769000,-1667000,102000
2007/12/17,0,257000,-1421000,-1164000
2007/12/18,0,2216000,-5866360,-3650360
2007/12/19,0,106000,-4392140,-4286140
2007/12/20,0,811500,-2303000,-1491500
2007/12/21,0,2488000,-2501050,-13050
2007/12/24,0,148000,-484000,-336000
2007/12/25,0,65000,-52000,13000
2007/12/26,0,573000,-71000,502000
2007/12/27,0,1263000,-3488000,-2225000
2007/12/28,0,1844000,-5693000,-3849000
2007/12/31,0,942000,-4078000,-3136000
2008/01/01,0,0,0,0
2008/01/02,0,674000,-5943720,-5269720
2008/01/03,0,1073000,-2847000,-1774000
2008/01/04,0,1151000,-1900000,-749000
2008/01/07,0,162000,-3843000,-3681000
2008/01/08,0,608000,-3063000,-2455000
2008/01/09,0,2713000,-765000,1948000
2008/01/10,0,973000,-1274000,-301000
2008/01/11,0,720000,-1962000,-1242000
2008/01/14,0,4054000,-588981,3465019
2008/01/15,0,5248000,-3773360,1474640
2008/01/16,0,1084000,-2009803,-925803
2008/01/17,0,4056000,-3697100,358900
2008/01/18,0,4869916,-5210803,-340887
2008/01/21,0,2599000,-2617000,-18000
2008/01/22,0,90000,-4896000,-4806000
2008/01/23,0,1278000,-4142000,-2864000
2008/01/24,0,1763000,-996700,766300
2008/01/25,0,636000,-273000,363000
2008/01/28,0,387000,-1983000,-1596000
2008/01/29,0,1567950,-445680,1122270
2008/01/30,0,3945322,-3979000,-33678
2008/01/31,0,2389000,-197000,2192000
2008/02/01,0,107000,-716000,-609000
2008/02/04,0,0,0,0
2008/02/05,0,0,0,0
2008/02/06,0,0,0,0
2008/02/07,0,0,0,0
2008/02/08,0,0,0,0
2008/02/11,0,0,0,0
2008/02/12,0,1262000,-2609000,-1347000
2008/02/13,0,1035000,-1368000,-333000
2008/02/14,0,3866000,-740000,3126000
2008/02/15,0,570000,-509000,61000
2008/02/18,0,820000,-917800,-97800
2008/02/19,0,2405000,-371000,2034000
2008/02/20,0,535000,-2695000,-2160000
2008/02/21,0,2042000,-171621,1870379
2008/02/22,0,593000,-915000,-322000
2008/02/25,0,3338000,-776000,2562000
2008/02/26,0,2684000,-768000,1916000
2008/02/27,0,7515000,-2965000,4550000
2008/02/28,0,0,0,0
2008/02/29,0,2369053,-1752000,617053
2008/03/03,0,1016000,-2687000,-1671000
2008/03/04,0,6127000,-434000,5693000
2008/03/05,0,2469000,-244000,2225000
2008/03/06,0,7046000,-118360,6927640
2008/03/07,0,2812000,-494000,2318000
2008/03/10,0,2752000,-2694000,58000
2008/03/11,0,1485000,-968000,517000
2008/03/12,0,3448667,-198200,3250467
2008/03/13,0,1996000,-2261400,-265400
2008/03/14,0,2427000,-2694000,-267000
2008/03/17,0,1845000,-4687000,-2842000
2008/03/18,0,2967000,-1668483,1298517
2008/03/19,0,3147000,-422000,2725000
2008/03/20,0,5545000,-498000,5047000
2008/03/21,0,4518000,-83000,4435000
2008/03/24,0,8230000,-726000,7504000
2008/03/25,0,4929000,-121000,4808000
2008/03/26,0,3501000,-243000,3258000
2008/03/27,0,1292740,-658000,634740
2008/03/28,0,5559740,-4094000,1465740
2008/03/31,0,2529327,-2163000,366327
2008/04/01,0,4820781,-3193000,1627781
2008/04/02,0,5804000,-68000,5736000
2008/04/03,0,328000,-886000,-558000
2008/04/04,0,0,0,0
2008/04/07,0,2850000,-894000,1956000
2008/04/08,0,1890000,-2655500,-765500
2008/04/09,0,327000,-1361000,-1034000
2008/04/10,0,1804000,-50000,1754000
2008/04/11,0,1328000,-364298,963702
2008/04/14,0,289000,-493000,-204000
2008/04/15,0,126000,-612000,-486000
2008/04/16,0,799000,-47000,752000
2008/04/17,0,3184000,-885000,2299000
2008/04/18,0,818000,-15000,803000
2008/04/21,0,1968000,-62000,1906000
2008/04/22,0,1941714,-970400,971314
2008/04/23,0,1230000,-482060,747940
2008/04/24,0,457000,-880000,-423000
2008/04/25,0,1361000,-2298840,-937840
2008/04/28,0,3619000,-155000,3464000
2008/04/29,0,1212000,-2760000,-1548000
2008/04/30,0,1181000,-957000,224000
2008/05/01,0,0,0,0
2008/05/02,0,1932000,-986000,946000
2008/05/05,0,600000,-2896000,-2296000
2008/05/06,0,1496000,-264127,1231873
2008/05/07,0,919162,-1203000,-283838
2008/05/08,0,810000,-7147760,-6337760
2008/05/09,0,535000,-2427000,-1892000
2008/05/12,0,852000,-1181000,-329000
2008/05/13,0,2909000,-1036000,1873000
2008/05/14,0,1933000,-1377000,556000
2008/05/15,0,4012000,-1645000,2367000
2008/05/16,0,2354000,-976000,1378000
2008/05/19,0,808000,-125000,683000
2008/05/20,0,1168000,-2404000,-1236000
2008/05/21,0,3268000,-5030240,-1762240
2008/05/22,0,708000,-7454000,-6746000
2008/05/23,0,1560000,-7799000,-6239000
2008/05/26,0,1512000,-4229000,-2717000
2008/05/27,0,473000,-6638000,-6165000
2008/05/28,0,2709000,-12853000,-10144000
2008/05/29,0,5269000,-13953000,-8684000
2008/05/30,0,45577700,-67665062,-22087362
2008/06/02,0,6517000,-9064000,-2547000
2008/06/03,0,4451000,-7850000,-3399000
2008/06/04,0,2742000,-3020000,-278000
2008/06/05,0,14058000,-8083000,5975000
2008/06/06,0,311000,-2285000,-1974000
2008/06/09,0,1463000,-761000,702000
2008/06/10,0,2503000,-4168496,-1665496
2008/06/11,0,2073000,-216000,1857000
2008/06/12,0,2547000,-2652319,-105319
2008/06/13,0,5528000,-3192000,2336000
2008/06/16,0,1828000,-1527000,301000
2008/06/17,0,117838,-2790540,-2672702
2008/06/18,0,204000,-3777000,-3573000
2008/06/19,0,1028000,-5443000,-4415000
2008/06/20,0,521540,-4709000,-4187460
2008/06/23,0,990000,-818000,172000
2008/06/24,0,459000,-568000,-109000
2008/06/25,0,1845000,-2397000,-552000
2008/06/26,0,2972000,-638000,2334000
2008/06/27,0,1971000,-2498000,-527000
2008/06/30,0,1095000,-1068000,27000
2008/07/01,0,1607000,-414000,1193000
2008/07/02,0,518000,-7170000,-6652000
2008/07/03,0,420000,-2970000,-2550000
2008/07/04,0,24000,-1147000,-1123000
2008/07/07,0,1107000,-1612000,-505000
2008/07/08,0,286000,-4933000,-4647000
2008/07/09,0,1639000,-1760000,-121000
2008/07/10,0,1628000,-2836000,-1208000
2008/07/11,0,1148000,-1926000,-778000
2008/07/14,0,1436000,-393000,1043000
2008/07/15,0,662000,-1199000,-537000
2008/07/16,0,861000,-1531000,-670000
2008/07/17,0,949000,-3322000,-2373000
2008/07/18,0,484000,-2633000,-2149000
2008/07/21,0,1660000,-2784260,-1124260
2008/07/22,0,573000,-1961000,-1388000
2008/07/23,0,697000,-5355000,-4658000
2008/07/24,0,1014000,-1697600,-683600
2008/07/25,0,646000,-645000,1000
2008/07/28,0,0,0,0
2008/07/29,0,48000,-601000,-553000
2008/07/30,0,599000,-966180,-367180
2008/07/31,0,1399000,-2312000,-913000
2008/08/01,0,325000,-488000,-163000
2008/08/04,0,84000,-2442000,-2358000
2008/08/05,0,3193000,-1878000,1315000
2008/08/06,0,1567000,-1508000,59000
2008/08/07,0,336000,-9030000,-8694000
2008/08/08,0,2192000,-3748000,-1556000
2008/08/11,0,51000,-280000,-229000
2008/08/12,0,570000,-750000,-180000
2008/08/13,0,300000,-4401000,-4101000
2008/08/14,0,693000,-285000,408000
2008/08/15,0,1129000,-995000,134000
2008/08/18,0,935000,-673000,262000
2008/08/19,0,566000,-1818000,-1252000
2008/08/20,0,707000,-875000,-168000
2008/08/21,0,812000,-1527000,-715000
2008/08/22,0,116000,-887000,-771000
2008/08/25,0,1417000,-39000,1378000
2008/08/26,0,184000,-28000,156000
2008/08/27,0,2055000,-542000,1513000
2008/08/28,0,1992000,-1355000,637000
2008/08/29,0,448000,-562725,-114725
2008/09/01,0,1080000,-5193000,-4113000
2008/09/02,0,295000,-4422000,-4127000
2008/09/03,0,2503000,-133000,2370000
2008/09/04,0,2021000,-801000,1220000
2008/09/05,0,1413000,-4902000,-3489000
2008/09/08,0,745000,-2073000,-1328000
2008/09/09,0,1729000,-1124000,605000
2008/09/10,0,1730000,-1083000,647000
2008/09/11,0,1883000,-4246000,-2363000
2008/09/12,0,616000,-157240,458760
2008/09/15,0,722000,-2455000,-1733000
2008/09/16,0,320000,-366000,-46000
2008/09/17,0,849000,-3323400,-2474400
2008/09/18,0,1165000,-3842000,-2677000
2008/09/19,0,2046000,-1769680,276320
2008/09/22,0,87000,-425000,-338000
2008/09/23,0,475000,-1458000,-983000
2008/09/24,0,324412,-2279412,-1955000
2008/09/25,0,5211000,-2088000,3123000
2008/09/26,0,2216000,-4793000,-2577000
2008/09/29,0,0,0,0
2008/09/30,0,1532000,-397000,1135000
2008/10/01,0,1697000,-2058000,-361000
2008/10/02,0,260000,-3199000,-2939000
2008/10/03,0,1411000,-3892000,-2481000
2008/10/06,0,88000,-3737000,-3649000
2008/10/07,0,757000,-806000,-49000
2008/10/08,0,521000,-2169000,-1648000
2008/10/09,0,622000,-3816000,-3194000
2008/10/10,0,0,0,0
2008/10/13,0,1818000,-2802100,-984100
2008/10/14,0,926000,-658000,268000
2008/10/15,0,1204000,-864000,340000
2008/10/16,0,349000,-80000,269000
2008/10/17,0,409000,-3712000,-3303000
2008/10/20,0,146340,-1928000,-1781660
2008/10/21,0,301000,-1160000,-859000
2008/10/22,0,433000,-380000,53000
2008/10/23,0,401000,-5000,396000
2008/10/24,0,0,-28000,-28000
2008/10/27,0,4000,-111000,-107000
2008/10/28,0,8000,-1098981,-1090981
2008/10/29,0,620000,-1565000,-945000
2008/10/30,0,2260000,-1497000,763000
2008/10/31,0,1509000,-1487000,22000
2008/11/03,0,4512000,-1172000,3340000
2008/11/04,0,5944000,-463000,5481000
2008/11/05,0,5160000,-1725000,3435000
2008/11/06,0,1830000,-433000,1397000
2008/11/07,0,442000,-1952000,-1510000
2008/11/10,0,288000,-130000,158000
2008/11/11,0,372400,-446659,-74259
2008/11/12,0,232000,-565000,-333000
2008/11/13,0,180000,-472000,-292000
2008/11/14,0,248000,-283000,-35000
2008/11/17,0,367000,-206000,161000
2008/11/18,0,8000,-16000,-8000
2008/11/19,0,191200,-971660,-780460
2008/11/20,0,244100,-520100,-276000
2008/11/21,0,651000,-431000,220000
2008/11/24,0,201000,-310000,-109000
2008/11/25,0,688000,-591610,96390
2008/11/26,0,258000,-281379,-23379
2008/11/27,0,343000,-13000,330000
2008/11/28,0,508000,-374360,133640
2008/12/01,0,1385000,-202000,1183000
2008/12/02,0,116000,-1210000,-1094000
2008/12/03,0,1157200,-966040,191160
2008/12/04,0,37000,-477000,-440000
2008/12/05,0,724000,-852780,-128780
2008/12/08,0,2354000,-2253000,101000
2008/12/09,0,1002000,-1111000,-109000
2008/12/10,0,1335148,-1871800,-536652
2008/12/11,0,2188000,-283000,1905000
2008/12/12,0,312100,-1558000,-1245900
2008/12/15,0,841000,-71000,770000
2008/12/16,0,1433000,-205000,1228000
2008/12/17,0,1981000,-1456000,525000
2008/12/18,0,1073000,-1461204,-388204
2008/12/19,0,16000,-251000,-235000
2008/12/22,0,485000,-882000,-397000
2008/12/23,0,529280,-639000,-109720
2008/12/24,0,370180,-1326000,-955820
2008/12/25,0,24000,-517000,-493000
2008/12/26,0,32200,-131000,-98800
2008/12/29,0,375000,-181000,194000
2008/12/30,0,772000,-77000,695000
2008/12/31,0,231200,-473000,-241800
2009/01/01,0,0,0,0
2009/01/02,0,0,0,0
2009/01/05,0,500000,-422000,78000
2009/01/06,0,2604000,-58000,2546000
2009/01/07,0,7217000,-192000,7025000
2009/01/08,0,4113000,-2085500,2027500
2009/01/09,0,1742000,-375100,1366900
2009/01/12,0,1700445,-689080,1011365
2009/01/13,0,2054150,-199000,1855150
2009/01/14,0,2994000,-693000,2301000
2009/01/15,0,1753000,-1294000,459000
2009/01/16,0,3310000,-390500,2919500
2009/01/19,0,6627000,-573310,6053690
2009/01/20,0,4843000,-1552000,3291000
2009/01/21,0,4078000,-1060000,3018000
2009/01/22,0,0,0,0
2009/01/23,0,0,0,0
2009/01/26,0,0,0,0
2009/01/27,0,0,0,0
2009/01/28,0,0,0,0
2009/01/29,0,0,0,0
2009/01/30,0,0,0,0
2009/02/02,0,4911000,-865263,4045737
2009/02/03,0,5921000,-721140,5199860
2009/02/04,0,7106000,-1738000,5368000
2009/02/05,0,5465000,-346000,5119000
2009/02/06,0,3947000,-209000,3738000
2009/02/09,0,5783000,-122000,5661000
2009/02/10,0,3088000,-590000,2498000
2009/02/11,0,5904000,-727000,5177000
2009/02/12,0,737000,-1381000,-644000
2009/02/13,0,1031000,-392000,639000
2009/02/16,0,276000,-303000,-27000
2009/02/17,0,521000,-451000,70000
2009/02/18,0,2452000,-1891480,560520
2009/02/19,0,1891000,-703000,1188000
2009/02/20,0,298000,-2154000,-1856000
2009/02/23,0,1100000,-1524000,-424000
2009/02/24,0,306000,-946300,-640300
2009/02/25,0,1236000,-556710,679290
2009/02/26,0,1129000,-732470,396530
2009/02/27,0,833000,-4959897,-4126897
2009/03/02,0,1777000,-6309000,-4532000
2009/03/03,0,1856000,-1575000,281000
2009/03/04,0,382000,-556000,-174000
2009/03/05,0,394200,-1112000,-717800
2009/03/06,0,820000,-531500,288500
2009/03/09,0,1217000,-301000,916000
2009/03/10,0,1037000,-179000,858000
2009/03/11,0,2016000,-662497,1353503
2009/03/12,0,904000,-1128000,-224000
2009/03/13,0,5852000,-607000,5245000
2009/03/16,0,1698000,-215000,1483000
2009/03/17,0,935000,-328000,607000
2009/03/18,0,3453000,-1204000,2249000
2009/03/19,0,1254000,-1466000,-212000
2009/03/20,0,289000,-690750,-401750
2009/03/23,0,1056000,-543640,512360
2009/03/24,0,385000,-386000,-1000
2009/03/25,0,1069000,-128870,940130
2009/03/26,0,224000,-47050,176950
2009/03/27,0,3000,-246000,-243000
2009/03/30,0,442000,-4244000,-3802000
2009/03/31,0,991000,-579000,412000
2009/04/01,0,642000,-2078188,-1436188
2009/04/02,0,1954000,-179000,1775000
2009/04/03,0,418000,-246000,172000
2009/04/06,0,534000,-761000,-227000
2009/04/07,0,3857000,-248000,3609000
2009/04/08,0,3678000,-3570000,108000
2009/04/09,0,1279000,-1548000,-269000
2009/04/10,0,1506000,-167000,1339000
2009/04/13,0,1214000,-137000,1077000
2009/04/14,0,1529476,-983000,546476
2009/04/15,0,812000,-1916000,-1104000
2009/04/16,0,437000,-244000,193000
2009/04/17,0,9591850,-621000,8970850
2009/04/20,0,977000,-412000,565000
2009/04/21,0,1292000,-739000,553000
2009/04/22,0,1977000,-1190000,787000
2009/04/23,0,1142000,-9930000,-8788000
2009/04/24,0,2133000,-4884000,-2751000
2009/04/27,0,1063000,-119000,944000
2009/04/28,0,9657000,-8930000,727000
2009/04/29,0,2645000,-615000,2030000
2009/04/30,0,3705220,-807000,2898220
2009/05/01,0,0,0,0
2009/05/04,0,3344804,-121000,3223804
2009/05/05,0,1701000,-263000,1438000
2009/05/06,0,733000,-488000,245000
2009/05/07,0,1529000,-2173000,-644000
2009/05/08,0,1698000,-388000,1310000
2009/05/11,0,752100,-2167000,-1414900
2009/05/12,0,1284000,-260000,1024000
2009/05/13,0,804000,-7465000,-6661000
2009/05/14,0,427000,-1510000,-1083000
2009/05/15,0,456000,-1338000,-882000
2009/05/18,0,548000,-1274000,-726000
2009/05/19,0,2582000,-418000,2164000
2009/05/20,0,655000,-1406000,-751000
2009/05/21,0,2071000,-1044024,1026976
2009/05/22,0,1784000,-4007000,-2223000
2009/05/25,0,161000,-1043000,-882000
2009/05/26,0,754000,-905690,-151690
2009/05/27,0,3166000,-2948189,217811
2009/05/28,0,0,0,0
2009/05/29,0,0,0,0
2009/06/01,0,4513000,-916339,3596661
2009/06/02,0,2148000,-505000,1643000
2009/06/03,0,3461000,-746622,2714378
2009/06/04,0,3152000,-803000,2349000
2009/06/05,0,230000,-672225,-442225
2009/06/08,0,125000,-1359000,-1234000
2009/06/09,0,1474200,-4223000,-2748800
2009/06/10,0,501376,-173000,328376
2009/06/11,0,2215200,-3053000,-837800
2009/06/12,0,524000,-2528000,-2004000
2009/06/15,0,553000,-7172000,-6619000
2009/06/16,0,1252000,-1936800,-684800
2009/06/17,0,141000,-1928000,-1787000
2009/06/18,0,499000,-809000,-310000
2009/06/19,0,655002,-1201000,-545998
2009/06/22,0,620000,-538000,82000
2009/06/23,0,679520,-1917220,-1237700
2009/06/24,0,6190000,-1696000,4494000
2009/06/25,0,11673100,-3254000,8419100
2009/06/26,0,3033000,-647000,2386000
2009/06/29,0,797000,-1380000,-583000
2009/06/30,0,1466000,-277990,1188010
2009/07/01,0,1345794,-234121,1111673
2009/07/02,0,1664000,-433405,1230595
2009/07/03,0,4373000,-1880338,2492662
2009/07/06,0,193000,-634000,-441000
2009/07/07,0,342100,-293320,48780
2009/07/08,0,151250,-507000,-355750
2009/07/09,0,334100,-146000,188100
2009/07/10,0,194000,-158000,36000
2009/07/13,0,263000,-1483000,-1220000
2009/07/14,0,222700,-443398,-220698
2009/07/15,0,1815300,-472000,1343300
2009/07/16,0,241150,-3494000,-3252850
2009/07/17,0,13777000,-11608060,2168940
2009/07/20,0,1367718,-339000,1028718
2009/07/21,0,266000,-4507130,-4241130
2009/07/22,0,10766000,-448000,10318000
2009/07/23,0,8735000,-3806675,4928325
2009/07/24,0,8467000,-923630,7543370
2009/07/27,0,7390000,-599000,6791000
2009/07/28,0,1712000,-842000,870000
2009/07/29,0,797166,-1256400,-459234
2009/07/30,0,356000,-16256000,-15900000
2009/07/31,0,948000,-35283000,-34335000
2009/08/03,0,966000,-4456000,-3490000
2009/08/04,0,1828000,-2413000,-585000
2009/08/05,0,353380,-1908000,-1554620
2009/08/06,0,660000,-1036000,-376000
2009/08/07,0,0,0,0
2009/08/10,0,16505000,-77127450,-60622450
2009/08/11,0,23878300,-67565030,-43686730
2009/08/12,0,9625000,-15687340,-6062340
2009/08/13,0,5815000,-8349960,-2534960
2009/08/14,0,2974000,-6178000,-3204000
2009/08/17,0,3877000,-10765000,-6888000
2009/08/18,0,9090000,-5552380,3537620
2009/08/19,0,4663717,-924000,3739717
2009/08/20,0,12673000,-2586000,10087000
2009/08/21,0,5246000,-3577890,1668110
2009/08/24,0,10143000,-3988277,6154723
2009/08/25,0,6300000,-2608000,3692000
2009/08/26,0,5631528,-1033000,4598528
2009/08/27,0,16679000,-2942000,13737000
2009/08/28,0,8950000,-2533750,6416250
2009/08/31,0,25234000,-12223693,13010307
2009/09/01,0,2855695,-3334941,-479246
2009/09/02,0,1308000,-4200000,-2892000
2009/09/03,0,10777000,-4611000,6166000
2009/09/04,0,6472000,-6233000,239000
2009/09/07,0,264000,-4787000,-4523000
2009/09/08,0,4924000,-3881000,1043000
2009/09/09,0,3539000,-4432380,-893380
2009/09/10,0,8379000,-1519140,6859860
2009/09/11,0,4113000,-6075000,-1962000
2009/09/14,0,1305000,-6377000,-5072000
2009/09/15,0,2874000,-6069000,-3195000
2009/09/16,0,3049000,-3236220,-187220
2009/09/17,0,4131000,-372010,3758990
2009/09/18,0,5554230,-2696000,2858230
2009/09/21,0,4391000,-1494000,2897000
2009/09/22,0,4512480,-2160754,2351726
2009/09/23,0,2205210,-8220651,-6015441
2009/09/24,0,2879000,-8976327,-6097327
2009/09/25,0,1847000,-12763760,-10916760
2009/09/28,0,585000,-8923431,-8338431
2009/09/29,0,3546000,-7525000,-3979000
2009/09/30,0,5431000,-18160530,-12729530
2009/10/01,0,1946000,-9149200,-7203200
2009/10/02,0,1267000,-19605000,-18338000
2009/10/05,0,704880,-12307880,-11603000
2009/10/06,0,4275000,-10107000,-5832000
2009/10/07,0,649000,-11615360,-10966360
2009/10/08,0,1061000,-7197000,-6136000
2009/10/09,0,5261000,-16323000,-11062000
2009/10/12,0,15725000,-8433000,7292000
2009/10/13,0,10219450,-2651380,7568070
2009/10/14,0,1469000,-3077000,-1608000
2009/10/15,0,5548000,-8641000,-3093000
2009/10/16,0,717000,-3437000,-2720000
2009/10/19,0,1244000,-2582335,-1338335
2009/10/20,0,116000,-5302000,-5186000
2009/10/21,0,1052000,-10370000,-9318000
2009/10/22,0,303000,-9368000,-9065000
2009/10/23,0,2453000,-6115690,-3662690
2009/10/26,0,918000,-7798000,-6880000
2009/10/27,0,1039000,-12862440,-11823440
2009/10/28,0,870000,-5882000,-5012000
2009/10/29,0,483000,-7402000,-6919000
2009/10/30,0,2957000,-11570560,-8613560
2009/11/02,0,615000,-3558000,-2943000
2009/11/03,0,720000,-9925000,-9205000
2009/11/04,0,570000,-3465339,-2895339
2009/11/05,0,1419865,-11095000,-9675135
2009/11/06,0,1714000,-6958630,-5244630
2009/11/09,0,1096000,-1242000,-146000
2009/11/10,0,1180000,-2412760,-1232760
2009/11/11,0,1753000,-139000,1614000
2009/11/12,0,1494458,-1704000,-209542
2009/11/13,0,1306000,-3898000,-2592000
2009/11/16,0,2530000,-5561000,-3031000
2009/11/17,0,2226676,-2712000,-485324
2009/11/18,0,2036000,-10945000,-8909000
2009/11/19,0,1494889,-1371000,123889
2009/11/20,0,727000,-2528050,-1801050
2009/11/23,0,226000,-4009000,-3783000
2009/11/24,0,879000,-1406000,-527000
2009/11/25,0,2213211,-3930000,-1716789
2009/11/26,0,674299,-5907570,-5233271
2009/11/27,0,724000,-4880250,-4156250
2009/11/30,0,2364399,-4012204,-1647805
2009/12/01,0,1876000,-5279000,-3403000
2009/12/02,0,11800000,-1498000,10302000
2009/12/03,0,10243215,-5971164,4272051
2009/12/04,0,6105000,-2009000,4096000
2009/12/07,0,869000,-759800,109200
2009/12/08,0,4325050,-926260,3398790
2009/12/09,0,1155000,-1507400,-352400
2009/12/10,0,1976000,-3156810,-1180810
2009/12/11,0,1601303,-1008000,593303
2009/12/14,0,3422000,-443000,2979000
2009/12/15,0,1377000,-523000,854000
2009/12/16,0,1220000,-1376000,-156000
2009/12/17,0,320050,-6690000,-6369950
2009/12/18,0,229000,-4501000,-4272000
2009/12/21,0,2348000,-550000,1798000
2009/12/22,0,684000,-163000,521000
2009/12/23,0,6885000,-400846,6484154
2009/12/24,0,2072000,-1321000,751000
2009/12/25,0,3671000,-459000,3212000
2009/12/28,0,9762000,-3795000,5967000
2009/12/29,0,3089000,-310000,2779000
2009/12/30,0,5304000,-1603000,3701000
2009/12/31,0,2403000,-277000,2126000
2010/01/01,0,0,0,0
2010/01/04,0,11016000,-1259000,9757000
2010/01/05,0,12081000,-4196000,7885000
2010/01/06,0,8764526,-1620000,7144526
2010/01/07,0,6546825,-5659665,887160
2010/01/08,0,1198540,-1854000,-655460
2010/01/11,0,1808000,-965000,843000
2010/01/12,0,5273000,-12394000,-7121000
2010/01/13,0,4932000,-12008000,-7076000
2010/01/14,0,1598000,-5141260,-3543260
2010/01/15,0,1108000,-4773000,-3665000
2010/01/18,0,553000,-2253000,-1700000
2010/01/19,0,2127000,-5342820,-3215820
2010/01/20,0,3824657,-1785700,2038957
2010/01/21,0,2518000,-1114817,1403183
2010/01/22,0,2545000,-3672000,-1127000
2010/01/25,0,1699370,-3766000,-2066630
2010/01/26,0,323623,-9753000,-9429377
2010/01/27,0,2283000,-1579780,703220
2010/01/28,0,262000,-3589000,-3327000
2010/01/29,0,1902207,-9765800,-7863593
2010/02/01,0,5308260,-2341910,2966350
2010/02/02,0,5533140,-3947260,1585880
2010/02/03,0,2572464,-494000,2078464
2010/02/04,0,2009492,-2785000,-775508
2010/02/05,0,1070024,-6975330,-5905306
2010/02/08,0,161530,-1607615,-1446085
2010/02/09,0,688000,-3175700,-2487700
2010/02/10,0,340000,-4285323,-3945323
2010/02/11,0,0,0,0
2010/02/12,0,0,0,0
2010/02/15,0,0,0,0
2010/02/16,0,0,0,0
2010/02/17,0,0,0,0
2010/02/18,0,0,0,0
2010/02/19,0,0,0,0
2010/02/22,0,12026134,-2259364,9766770
2010/02/23,0,1564000,-2436120,-872120
2010/02/24,0,4206000,-4272000,-66000
2010/02/25,0,2009563,-2676000,-666437
2010/02/26,0,1576000,-2063648,-487648
2010/03/01,0,2730000,-902000,1828000
2010/03/02,0,11934300,-2879300,9055000
2010/03/03,0,2833000,-305059,2527941
2010/03/04,0,1817000,-1653000,164000
2010/03/05,0,1426000,-462000,964000
2010/03/08,0,1253000,-3298000,-2045000
2010/03/09,0,2769922,-1609342,1160580
2010/03/10,0,813185,-1428000,-614815
2010/03/11,0,799000,-203000,596000
2010/03/12,0,1398000,-266000,1132000
2010/03/15,0,245000,-931000,-686000
2010/03/16,0,2297001,-63000,2234001
2010/03/17,0,8047000,-793623,7253377
2010/03/18,0,14416000,-6606000,7810000
2010/03/19,0,3425000,-59000,3366000
2010/03/22,0,729000,-1327840,-598840
2010/03/23,0,604000,-551000,53000
2010/03/24,0,710000,-859000,-149000
2010/03/25,0,1677000,-2820773,-1143773
2010/03/26,0,4545279,-1251994,3293285
2010/03/29,0,2442277,-8102000,-5659723
2010/03/30,0,5536000,-5303000,233000
2010/03/31,0,4003000,-502780,3500220
2010/04/01,0,3691000,-6483940,-2792940
2010/04/02,0,812000,-380000,432000
2010/04/05,0,0,0,0
2010/04/06,0,3413000,-778769,2634231
2010/04/07,0,2740580,-2106000,634580
2010/04/08,0,2488000,-2098157,389843
2010/04/09,0,1373000,-348980,1024020
2010/04/12,0,1724420,-643000,1081420
2010/04/13,0,258000,-1267000,-1009000
2010/04/14,0,1441000,-3132500,-1691500
2010/04/15,0,787000,-12303278,-11516278
2010/04/16,0,3131550,-23143000,-20011450
2010/04/19,0,11388000,-18581982,-7193982
2010/04/20,0,279000,-1818000,-1539000
2010/04/21,0,3923000,-3875000,48000
2010/04/22,0,6708887,-3487800,3221087
2010/04/23,0,3121000,-2330000,791000
2010/04/26,0,4018000,-208594,3809406
2010/04/27,0,3515615,-3493615,22000
2010/04/28,0,2110000,-2306549,-196549
2010/04/29,0,164000,-1353000,-1189000
2010/04/30,0,3051965,-1905535,1146430
2010/05/03,0,72000,-6499000,-6427000
2010/05/04,0,962073,-5578000,-4615927
2010/05/05,0,564000,-8923000,-8359000
2010/05/06,0,3604036,-4154000,-549964
2010/05/07,0,1378000,-7590138,-6212138
2010/05/10,0,5590000,-2410032,3179968
2010/05/11,0,9692000,-6721000,2971000
2010/05/12,0,5228000,-911391,4316609
2010/05/13,0,9400000,-6277000,3123000
2010/05/14,0,830000,-1383000,-553000
2010/05/17,0,693000,-10400910,-9707910
2010/05/18,0,2237000,-9275896,-7038896
2010/05/19,0,6641001,-14007000,-7365999
2010/05/20,0,5396000,-3919000,1477000
2010/05/21,0,8595000,-4206510,4388490
2010/05/24,0,4700000,-2475000,2225000
2010/05/25,0,303000,-2300812,-1997812
2010/05/26,0,3372560,-5942000,-2569440
2010/05/27,0,6125832,-2069540,4056292
2010/05/28,0,2035000,-4682000,-2647000
2010/05/31,0,8690000,-2699000,5991000
2010/06/01,0,1841000,-6361000,-4520000
2010/06/02,0,3950000,-2807000,1143000
2010/06/03,0,5244000,-1011000,4233000
2010/06/04,0,9466000,-190000,9276000
2010/06/07,0,3694000,-2304415,1389585
2010/06/08,0,1253000,-1355000,-102000
2010/06/09,0,1737000,-1660000,77000
2010/06/10,0,759000,-1880000,-1121000
2010/06/11,0,1364102,-1460000,-95898
2010/06/14,0,1465102,-2052000,-586898
2010/06/15,0,2357204,-2523206,-166002
2010/06/16,0,0,0,0
2010/06/17,0,10140061,-382400,9757661
2010/06/18,0,8214117,-790000,7424117
2010/06/21,0,6962076,-979206,5982870
2010/06/22,0,2293198,-155000,2138198
2010/06/23,0,1141270,-254642,886628
2010/06/24,0,1486000,-2080810,-594810
2010/06/25,0,6227711,-9191000,-2963289
2010/06/28,0,4980000,-4318000,662000
2010/06/29,0,1516000,-18524000,-17008000
2010/06/30,0,2295000,-10902000,-8607000
2010/07/01,0,1936000,-15598400,-13662400
2010/07/02,0,548000,-5067270,-4519270
2010/07/05,0,544000,-546425,-2425
2010/07/06,0,2526000,-831000,1695000
2010/07/07,0,1535783,-1534000,1783
2010/07/08,0,707000,-1741000,-1034000
2010/07/09,0,655000,-3670945,-3015945
2010/07/12,0,3940000,-2809622,1130378
2010/07/13,0,483000,-178000,305000
2010/07/14,0,2376612,-1905000,471612
2010/07/15,0,1137000,-803000,334000
2010/07/16,0,328637,-5380000,-5051363
2010/07/19,0,885000,-3864000,-2979000
2010/07/20,0,2608385,-1396000,1212385
2010/07/21,0,1844000,-881000,963000
2010/07/22,0,391268,-9267000,-8875732
2010/07/23,0,3359000,-2697000,662000
2010/07/26,0,2941990,-9093185,-6151195
2010/07/27,0,814661,-3517000,-2702339
2010/07/28,0,2578000,-5997840,-3419840
2010/07/29,0,1154000,-4595082,-3441082
2010/07/30,0,538789,-5492000,-4953211
2010/08/02,0,3028000,-3511000,-483000
2010/08/03,0,4769000,-5351000,-582000
2010/08/04,0,665000,-8219000,-7554000
2010/08/05,0,1477000,-364000,1113000
2010/08/06,0,3418000,-171000,3247000
2010/08/09,0,989000,-343000,646000
2010/08/10,0,2555000,-2484000,71000
2010/08/11,0,516000,-712540,-196540
2010/08/12,0,419000,-4897000,-4478000
2010/08/13,0,9273640,-2699100,6574540
2010/08/16,0,4208000,-2549000,1659000
2010/08/17,0,2388000,-1125000,1263000
2010/08/18,0,2380000,-1159000,1221000
2010/08/19,0,1111000,-898000,213000
2010/08/20,0,2914000,-1279000,1635000
2010/08/23,0,2504000,-508000,1996000
2010/08/24,0,1473000,-1181000,292000
2010/08/25,0,837000,-5777000,-4940000
2010/08/26,0,2340000,-1634000,706000
2010/08/27,0,1567000,-2731180,-1164180
2010/08/30,0,2542387,-801000,1741387
2010/08/31,0,2482000,-3613390,-1131390
2010/09/01,0,2625000,-816000,1809000
2010/09/02,0,913439,-276000,637439
2010/09/03,0,6039000,-1355043,4683957
2010/09/06,0,10524000,-900000,9624000
2010/09/07,0,1138000,-9009440,-7871440
2010/09/08,0,2085790,-2784872,-699082
2010/09/09,0,2786000,-3399388,-613388
2010/09/10,0,3538370,-158000,3380370
2010/09/13,0,5833000,-207000,5626000
2010/09/14,0,2570000,-359000,2211000
2010/09/15,0,2734741,-375000,2359741
2010/09/16,0,2046000,-1080000,966000
2010/09/17,0,3209000,-2662000,547000
2010/09/20,0,1413000,-7648671,-6235671
2010/09/21,0,4331000,-6093000,-1762000
2010/09/22,0,0,0,0
2010/09/23,0,1646197,-195000,1451197
2010/09/24,0,1524340,-683000,841340
2010/09/27,0,10919880,-521000,10398880
2010/09/28,0,3652940,-6097000,-2444060
2010/09/29,0,18783000,-5425000,13358000
2010/09/30,0,8724000,-7828000,896000
2010/10/01,0,5619198,-6442000,-822802
2010/10/04,0,1347830,-18704000,-17356170
2010/10/05,0,3039525,-16068550,-13029025
2010/10/06,0,6795427,-6786000,9427
2010/10/07,0,3991900,-7560000,-3568100
2010/10/08,0,2070650,-2202000,-131350
2010/10/11,0,2236980,-5480000,-3243020
2010/10/12,0,1981130,-5475000,-3493870
2010/10/13,0,3455840,-4617000,-1161160
2010/10/14,0,2111260,-5421000,-3309740
2010/10/15,0,887660,-5609000,-4721340
2010/10/18,0,2235000,-5350000,-3115000
2010/10/19,0,920000,-2205000,-1285000
2010/10/20,0,1435000,-2452000,-1017000
2010/10/21,0,718000,-5427120,-4709120
2010/10/22,0,1258000,-5710000,-4452000
2010/10/25,0,1661000,-3432000,-1771000
2010/10/26,0,1208971,-358000,850971
2010/10/27,0,647290,-2758000,-2110710
2010/10/28,0,5158516,-3289000,1869516
2010/10/29,0,459000,-627000,-168000
2010/11/01,0,2969000,-2015000,954000
2010/11/02,0,3657000,-10800000,-7143000
2010/11/03,0,6607000,-7092000,-485000
2010/11/04,0,9553000,-1107000,8446000
2010/11/05,0,2551000,-1544457,1006543
2010/11/08,0,3193000,-1034000,2159000
2010/11/09,0,586000,-263000,323000
2010/11/10,0,1994000,-1882830,111170
2010/11/11,0,817000,-1871437,-1054437
2010/11/12,0,735000,-2284000,-1549000
2010/11/15,0,1645179,-1374000,271179
2010/11/16,0,1406000,-5617000,-4211000
2010/11/17,0,2151000,-4129000,-1978000
2010/11/18,0,2636000,-277300,2358700
2010/11/19,0,2512290,-1967000,545290
2010/11/22,0,366120,-439000,-72880
2010/11/23,0,4385720,-1538000,2847720
2010/11/24,0,5521000,-2105000,3416000
2010/11/25,0,2368000,-1674000,694000
2010/11/26,0,1302000,-769000,533000
2010/11/29,0,1323000,-1940532,-617532
2010/11/30,0,5110844,-4844644,266200
2010/12/01,0,793000,-917000,-124000
2010/12/02,0,2877000,-237788,2639212
2010/12/03,0,6093000,-2008000,4085000
2010/12/06,0,2254000,-2712000,-458000
2010/12/07,0,2489670,-2438000,51670
2010/12/08,0,1790000,-5896000,-4106000
2010/12/09,0,1799000,-470000,1329000
2010/12/10,0,15121000,-2132000,12989000
2010/12/13,0,1166000,-1389000,-223000
2010/12/14,0,3930000,-1127000,2803000
2010/12/15,0,1333000,-3710000,-2377000
2010/12/16,0,523000,-3548000,-3025000
2010/12/17,0,1342000,-3072000,-1730000
2010/12/20,0,494370,-1570000,-1075630
2010/12/21,0,529000,-499480,29520
2010/12/22,0,5745000,-2434880,3310120
2010/12/23,0,6071000,-1029000,5042000
2010/12/24,0,505000,-2099000,-1594000
2010/12/27,0,1128000,-1337000,-209000
2010/12/28,0,4627000,-617000,4010000
2010/12/29,0,1517410,-660000,857410
2010/12/30,0,2387000,-3300000,-913000
2010/12/31,0,1557000,-1080100,476900
2011/01/03,0,2225000,-1631000,594000
2011/01/04,0,2949000,-1413000,1536000
2011/01/05,0,11460000,-3229990,8230010
2011/01/06,0,5628000,-1858000,3770000
2011/01/07,0,21325000,-8759000,12566000
2011/01/10,0,782000,-2071000,-1289000
2011/01/11,0,9341000,-2309000,7032000
2011/01/12,0,7475000,-10033000,-2558000
2011/01/13,0,8728438,-12304620,-3576182
2011/01/14,0,1930000,-5181000,-3251000
2011/01/17,0,2720561,-2231000,489561
2011/01/18,0,4042000,-2299510,1742490
2011/01/19,0,3671000,-2529000,1142000
2011/01/20,0,2061000,-2654000,-593000
2011/01/21,0,11938000,-4360934,7577066
2011/01/24,0,4581000,-1874000,2707000
2011/01/25,0,33359000,-2435000,30924000
2011/01/26,0,26060000,-5293962,20766038
2011/01/27,0,6017000,-12165490,-6148490
2011/01/28,0,8796750,-20128000,-11331250
2011/01/31,0,0,0,0
2011/02/01,0,0,0,0
2011/02/02,0,0,0,0
2011/02/03,0,0,0,0
2011/02/04,0,0,0,0
2011/02/07,0,0,0,0
2011/02/08,0,8068000,-13355300,-5287300
2011/02/09,0,4915399,-7858793,-2943394
2011/02/10,0,2116000,-8381119,-6265119
2011/02/11,0,2900000,-7791000,-4891000
2011/02/14,0,5460900,-5221171,239729
2011/02/15,0,4571000,-2921348,1649652
2011/02/16,0,15778000,-12354000,3424000
2011/02/17,0,829000,-5734850,-4905850
2011/02/18,0,1234900,-1640369,-405469
2011/02/21,0,762000,-2265000,-1503000
2011/02/22,0,2961000,-9658000,-6697000
2011/02/23,0,4721132,-11232120,-6510988
2011/02/24,0,1882000,-10681346,-8799346
2011/02/25,0,2980000,-4824373,-1844373
2011/02/28,0,0,0,0
2011/03/01,0,3625000,-12552000,-8927000
2011/03/02,0,3904000,-3712000,192000
2011/03/03,0,6522000,-2751000,3771000
2011/03/04,0,8085776,-4718000,3367776
2011/03/07,0,8195000,-3935000,4260000
2011/03/08,0,5171000,-7026000,-1855000
2011/03/09,0,6572000,-6969500,-397500
2011/03/10,0,3836000,-13855830,-10019830
2011/03/11,0,2288000,-3793840,-1505840
2011/03/14,0,2090000,-1047000,1043000
2011/03/15,0,7754000,-3907840,3846160
2011/03/16,0,6355000,-2494750,3860250
2011/03/17,0,4494000,-1538780,2955220
2011/03/18,0,2089000,-1393852,695148
2011/03/21,0,9843000,-1972000,7871000
2011/03/22,0,2846000,-5925000,-3079000
2011/03/23,0,1350000,-9528000,-8178000
2011/03/24,0,9659000,-4168000,5491000
2011/03/25,0,10415000,-2019000,8396000
2011/03/28,0,5376000,-2882000,2494000
2011/03/29,0,2880000,-2056000,824000
2011/03/30,0,3437000,-1003000,2434000
2011/03/31,0,876000,-4846554,-3970554
2011/04/01,0,1161666,-1015000,146666
2011/04/04,0,0,0,0
2011/04/05,0,0,0,0
2011/04/06,0,3952638,-2036924,1915714
2011/04/07,0,2383861,-7508861,-5125000
2011/04/08,0,4114223,-3684000,430223
2011/04/11,0,2808000,-273000,2535000
2011/04/12,0,2938140,-3008000,-69860
2011/04/13,0,1759000,-4477000,-2718000
2011/04/14,0,2469000,-2859000,-390000
2011/04/15,0,1037000,-1826000,-789000
2011/04/18,0,874000,-499976,374024
2011/04/19,0,3593000,-2720000,873000
2011/04/20,0,7509000,-1082777,6426223
2011/04/21,0,6856000,-723000,6133000
2011/04/22,0,6576000,-788000,5788000
2011/04/25,0,560000,-277000,283000
2011/04/26,0,2458000,-295266,2162734
2011/04/27,0,2657000,-4295000,-1638000
2011/04/28,0,1032582,-2859000,-1826418
2011/04/29,0,409000,-701200,-292200
2011/05/02,0,0,0,0
2011/05/03,0,1488000,-10135000,-8647000
2011/05/04,0,1632000,-5270000,-3638000
2011/05/05,0,117000,-683000,-566000
2011/05/06,0,728128,-1444000,-715872
2011/05/09,0,1443000,-950000,493000
2011/05/10,0,1578000,-5850000,-4272000
2011/05/11,0,1220000,-1401000,-181000
2011/05/12,0,1081000,-3170000,-2089000
2011/05/13,0,1117000,-3911000,-2794000
2011/05/16,0,867000,-669000,198000
2011/05/17,0,605000,-1625000,-1020000
2011/05/18,0,2069000,-332000,1737000
2011/05/19,0,3006000,-1114560,1891440
2011/05/20,0,2226228,-1426870,799358
2011/05/23,0,3322000,-2960000,362000
2011/05/24,0,5142000,-5574742,-432742
2011/05/25,0,1429000,-7786160,-6357160
2011/05/26,0,2027029,-4172601,-2145572
2011/05/27,0,395000,-5064000,-4669000
2011/05/30,0,1080000,-3888000,-2808000
2011/05/31,0,5409000,-4275162,1133838
2011/06/01,0,1687100,-6545089,-4857989
2011/06/02,0,1686000,-1423000,263000
2011/06/03,0,716000,-1219000,-503000
2011/06/06,0,0,0,0
2011/06/07,0,312000,-3165139,-2853139
2011/06/08,0,1427000,-7974000,-6547000
2011/06/09,0,962000,-4127000,-3165000
2011/06/10,0,1227000,-2814338,-1587338
2011/06/13,0,909000,-9644965,-8735965
2011/06/14,0,2155000,-2873000,-718000
2011/06/15,0,7076000,-5634000,1442000
2011/06/16,0,1242660,-2254000,-1011340
2011/06/17,0,2816000,-8047000,-5231000
2011/06/20,0,4909000,-5032289,-123289
2011/06/21,0,1939000,-3404000,-1465000
2011/06/22,0,789000,-1331000,-542000
2011/06/23,0,1215281,-2417181,-1201900
2011/06/24,0,1702000,-9275215,-7573215
2011/06/27,0,3353000,-5457351,-2104351
2011/06/28,0,2864000,-1628255,1235745
2011/06/29,0,2616000,-6832000,-4216000
2011/06/30,0,2960000,-10232000,-7272000
2011/07/01,0,866344,-1947000,-1080656
2011/07/04,0,1000,-1277520,-1276520
2011/07/05,0,2364680,-3613000,-1248320
2011/07/06,0,972000,-2155000,-1183000
2011/07/07,0,782000,-2269000,-1487000
2011/07/08,0,1856000,-1834000,22000
2011/07/11,0,2081000,-2225109,-144109
2011/07/12,0,663045,-1259000,-595955
2011/07/13,0,1053000,-6729000,-5676000
2011/07/14,0,1997000,-1169000,828000
2011/07/15,0,2559640,-2943000,-383360
2011/07/18,0,119000,-1964000,-1845000
2011/07/19,0,1006000,-8764600,-7758600
2011/07/20,0,3031627,-24713000,-21681373
2011/07/21,0,2954772,-5022643,-2067871
2011/07/22,0,4599000,-1444000,3155000
2011/07/25,0,7511482,-1577000,5934482
2011/07/26,0,9115112,-7252000,1863112
2011/07/27,0,342000,-4151000,-3809000
2011/07/28,0,2001000,-1843000,158000
2011/07/29,0,2241000,-4270569,-2029569
2011/08/01,0,3312775,-2466000,846775
2011/08/02,0,79000,-2115000,-2036000
2011/08/03,0,954000,-2299000,-1345000
2011/08/04,0,2514000,-4465000,-1951000
2011/08/05,0,1375000,-2722000,-1347000
2011/08/08,0,706000,-2470000,-1764000
2011/08/09,0,1511000,-12162000,-10651000
2011/08/10,0,4821000,-7553000,-2732000
2011/08/11,0,2283000,-2876000,-593000
2011/08/12,0,1073000,-5509547,-4436547
2011/08/15,0,1164771,-2553000,-1388229
2011/08/16,0,1414000,-3167931,-1753931
2011/08/17,0,3550000,-1636000,1914000
2011/08/18,0,820883,-4132000,-3311117
2011/08/19,0,1770000,-2829000,-1059000
2011/08/22,0,1640000,-1535000,105000
2011/08/23,0,2868000,-1201973,1666027
2011/08/24,0,10023000,-2780000,7243000
2011/08/25,0,5639000,-2206901,3432099
2011/08/26,0,4660000,-1856000,2804000
2011/08/29,0,3028000,-264000,2764000
2011/08/30,0,3701000,-3202000,499000
2011/08/31,0,3298543,-2450000,848543
2011/09/01,0,2875000,-1344000,1531000
2011/09/02,0,1833000,-1808387,24613
2011/09/05,0,3214000,-6193000,-2979000
2011/09/06,0,1891000,-2012252,-121252
2011/09/07,0,4105000,-624000,3481000
2011/09/08,0,787000,-6377000,-5590000
2011/09/09,0,10415000,-2131000,8284000
2011/09/12,0,0,0,0
2011/09/13,0,19501000,-3176604,16324396
2011/09/14,0,20330000,-4386486,15943514
2011/09/15,0,3043000,-1974930,1068070
2011/09/16,0,3751000,-2405551,1345449
2011/09/19,0,444000,-1262000,-818000
2011/09/20,0,1559114,-2380000,-820886
2011/09/21,0,1440000,-5616000,-4176000
2011/09/22,0,902761,-8453000,-7550239
2011/09/23,0,2546000,-1076000,1470000
2011/09/26,0,2796000,-2717000,79000
2011/09/27,0,2149000,-940000,1209000
2011/09/28,0,2678440,-1327000,1351440
2011/09/29,0,3440100,-2381000,1059100
2011/09/30,0,1912000,-3024000,-1112000
2011/10/03,0,761100,-1025000,-263900
2011/10/04,0,3346000,-1491000,1855000
2011/10/05,0,1872000,-1183000,689000
2011/10/06,0,2790000,-381000,2409000
2011/10/07,0,1630000,-734000,896000
2011/10/10,0,0,0,0
2011/10/11,0,2012200,-770000,1242200
2011/10/12,0,1830000,-3104000,-1274000
2011/10/13,0,1796000,-1248000,548000
2011/10/14,0,1720000,-951000,769000
2011/10/17,0,2469000,-121000,2348000
2011/10/18,0,748000,-1953000,-1205000
2011/10/19,0,1613000,-2078000,-465000
2011/10/20,0,1269000,-2939000,-1670000
2011/10/21,0,642000,-8977000,-8335000
2011/10/24,0,3694300,-15924000,-12229700
2011/10/25,0,2025000,-4430000,-2405000
2011/10/26,0,1700000,-14215000,-12515000
2011/10/27,0,1506200,-9023976,-7517776
2011/10/28,0,2846000,-8416496,-5570496
2011/10/31,0,4944000,-7625000,-2681000
2011/11/01,0,5663000,-7804000,-2141000
2011/11/02,0,4845000,-10470000,-5625000
2011/11/03,0,1033100,-6073000,-5039900
2011/11/04,0,3777000,-21388000,-17611000
2011/11/07,0,3049000,-10738000,-7689000
2011/11/08,0,913000,-5337248,-4424248
2011/11/09,0,4574000,-8830000,-4256000
2011/11/10,0,506000,-9473000,-8967000
2011/11/11,0,1387000,-10289000,-8902000
2011/11/14,0,3333000,-12075000,-8742000
2011/11/15,0,761000,-8721253,-7960253
2011/11/16,0,2168000,-4408000,-2240000
2011/11/17,0,1961000,-2548784,-587784
2011/11/18,0,407000,-1512000,-1105000
2011/11/21,0,47000,-407000,-360000
2011/11/22,0,608000,-3252000,-2644000
2011/11/23,0,3361000,-3729000,-368000
2011/11/24,0,649000,-633000,16000
2011/11/25,0,6177000,-7299000,-1122000
2011/11/28,0,3641480,-2842000,799480
2011/11/29,0,1660000,-5253000,-3593000
2011/11/30,0,8054000,-3264000,4790000
2011/12/01,0,4065000,-1459000,2606000
2011/12/02,0,2311000,-2195000,116000
2011/12/05,0,441000,-2434000,-1993000
2011/12/06,0,594000,-1145000,-551000
2011/12/07,0,4765000,-2469000,2296000
2011/12/08,0,1778000,-5683000,-3905000
2011/12/09,0,2174000,-2153800,20200
2011/12/12,0,3853000,-425000,3428000
2011/12/13,0,2376000,-722000,1654000
2011/12/14,0,506000,-863000,-357000
2011/12/15,0,3323000,-1655000,1668000
2011/12/16,0,1455000,-692109,762891
2011/12/19,0,1247000,-971000,276000
2011/12/20,0,603000,-2919000,-2316000
2011/12/21,0,943000,-1396000,-453000
2011/12/22,0,641000,-368000,273000
2011/12/23,0,865000,-349000,516000
2011/12/26,0,3535000,-294000,3241000
2011/12/27,0,3560000,-65000,3495000
2011/12/28,0,7960000,-1552000,6408000
2011/12/29,0,2603000,-2969000,-366000
2011/12/30,0,1774000,-2487000,-713000
2012/01/02,0,277000,-384000,-107000
2012/01/03,0,1633000,-816000,817000
2012/01/04,0,1272000,-2335000,-1063000
2012/01/05,0,1794000,-1777000,17000
2012/01/06,0,1604000,-2905000,-1301000
2012/01/09,0,2188000,-2213000,-25000
2012/01/10,0,3010000,-1465000,1545000
2012/01/11,0,543000,-1938000,-1395000
2012/01/12,0,1333000,-1608000,-275000
2012/01/13,0,2201000,-1097000,1104000
2012/01/16,0,567000,-2188000,-1621000
2012/01/17,0,945000,-799000,146000
2012/01/18,0,1466000,-2347000,-881000
2012/01/19,0,0,0,0
2012/01/20,0,0,0,0
2012/01/23,0,0,0,0
2012/01/24,0,0,0,0
2012/01/25,0,0,0,0
2012/01/26,0,0,0,0
2012/01/27,0,0,0,0
2012/01/30,0,3315695,-3331000,-15305
2012/01/31,0,2230000,-4785000,-2555000
2012/02/01,0,1726000,-3802000,-2076000
2012/02/02,0,7775000,-612000,7163000
2012/02/03,0,1400000,-1944000,-544000
2012/02/06,0,1319000,-1624000,-305000
2012/02/07,0,1936000,-1240000,696000
2012/02/08,0,2149000,-1627000,522000
2012/02/09,0,997000,-1672163,-675163
2012/02/10,0,1438000,-1779000,-341000
2012/02/13,0,1885000,-1082000,803000
2012/02/14,0,453000,-3008100,-2555100
2012/02/15,0,1666000,-552000,1114000
2012/02/16,0,12258158,-3490000,8768158
2012/02/17,0,3147000,-1865000,1282000
2012/02/20,0,2420000,-1083000,1337000
2012/02/21,0,873000,-4973000,-4100000
2012/02/22,0,4335000,-2249000,2086000
2012/02/23,0,1697000,-3659000,-1962000
2012/02/24,0,1988000,-1140000,848000
2012/02/27,0,0,0,0
2012/02/28,0,0,0,0
2012/02/29,0,0,-646634,-646634
2012/03/01,0,2198000,-49000,2149000
2012/03/02,0,23405034,-2800000,20605034
2012/03/05,0,631000,-3300000,-2669000
2012/03/06,0,1857000,-1618000,239000
2012/03/07,0,2341000,-1113000,1228000
2012/03/08,0,3751769,-1207000,2544769
2012/03/09,0,4854000,-1094000,3760000
2012/03/12,0,870000,-1826000,-956000
2012/03/13,0,2995000,-572000,2423000
2012/03/14,0,2518000,-238530,2279470
2012/03/15,0,5578000,-1375000,4203000
2012/03/16,0,1811000,-956000,855000
2012/03/19,0,1922000,-1276000,646000
2012/03/20,0,1087000,-664000,423000
2012/03/21,0,1888000,-1862000,26000
2012/03/22,0,1940600,-439000,1501600
2012/03/23,0,3671000,-131000,3540000
2012/03/26,0,9392000,-3109000,6283000
2012/03/27,0,7373000,-1498000,5875000
2012/03/28,0,7571000,-2351000,5220000
2012/03/29,0,11654000,-1643000,10011000
2012/03/30,0,6240000,-1573000,4667000
2012/04/02,0,7616000,-2452000,5164000
2012/04/03,0,12334161,-7359000,4975161
2012/04/04,0,0,0,0
2012/04/05,0,14601000,-14711000,-110000
2012/04/06,0,4262000,-3656069,605931
2012/04/09,0,3867000,-1862000,2005000
2012/04/10,0,2920000,-1684000,1236000
2012/04/11,0,1780000,-1637395,142605
2012/04/12,0,5459000,-2857000,2602000
2012/04/13,0,6271070,-908000,5363070
2012/04/16,0,4260000,-1142000,3118000
2012/04/17,0,1783000,-1810000,-27000
2012/04/18,0,2547000,-2410000,137000
2012/04/19,0,2383000,-4383000,-2000000
2012/04/20,0,6007000,-9367644,-3360644
2012/04/23,0,8122000,-2720134,5401866
2012/04/24,0,3733000,-976821,2756179
2012/04/25,0,7866000,-833000,7033000
2012/04/26,0,4132000,-2769000,1363000
2012/04/27,0,2954000,-1094000,1860000
2012/04/30,0,3349000,-820659,2528341
2012/05/01,0,0,0,0
2012/05/02,0,5190000,-2559000,2631000
2012/05/03,0,3788000,-790000,2998000
2012/05/04,0,6441000,-1052000,5389000
2012/05/07,0,7269000,-3417000,3852000
2012/05/08,0,11749000,-2468000,9281000
2012/05/09,0,8120000,-2185000,5935000
2012/05/10,0,6200000,-1238555,4961445
2012/05/11,0,6713000,-2160000,4553000
2012/05/14,0,2572000,-2131000,441000
2012/05/15,0,2777000,-525000,2252000
2012/05/16,0,612000,-4935000,-4323000
2012/05/17,0,2148000,-2799000,-651000
2012/05/18,0,3668000,-11168000,-7500000
2012/05/21,0,3392000,-5640000,-2248000
2012/05/22,0,985000,-883000,102000
2012/05/23,0,2819000,-3565000,-746000
2012/05/24,0,2537000,-1562000,975000
2012/05/25,0,592000,-414000,178000
2012/05/28,0,552000,-715000,-163000
2012/05/29,0,2445000,-1682000,763000
2012/05/30,0,4395000,-4991577,-596577
2012/05/31,0,4302552,-6048652,-1746100
2012/06/01,0,1011000,-2587975,-1576975
2012/06/04,0,1778190,-2919000,-1140810
2012/06/05,0,981000,-963000,18000
2012/06/06,0,1579000,-3345000,-1766000
2012/06/07,0,1620489,-390000,1230489
2012/06/08,0,3113347,-1191000,1922347
2012/06/11,0,2098000,-837000,1261000
2012/06/12,0,534000,-1623000,-1089000
2012/06/13,0,766000,-794000,-28000
2012/06/14,0,1077000,-102070,974930
2012/06/15,0,1783000,-644668,1138332
2012/06/18,0,838000,-368000,470000
2012/06/19,0,595000,-285000,310000
2012/06/20,0,1828000,-832545,995455
2012/06/21,0,614506,-552000,62506
2012/06/22,0,673000,-1563000,-890000
2012/06/25,0,712000,-3836000,-3124000
2012/06/26,0,468000,-648000,-180000
2012/06/27,0,1299000,-903000,396000
2012/06/28,0,1108000,-1829000,-721000
2012/06/29,0,3308000,-2893000,415000
2012/07/02,0,1132000,-1325000,-193000
2012/07/03,0,2024000,-364000,1660000
2012/07/04,0,469000,-2971000,-2502000
2012/07/05,0,888000,-189000,699000
2012/07/06,0,1297000,-137000,1160000
2012/07/09,0,1766000,-3952000,-2186000
2012/07/10,0,500000,-431000,69000
2012/07/11,0,524000,-464000,60000
2012/07/12,0,455000,-3539000,-3084000
2012/07/13,0,673000,-587032,85968
2012/07/16,0,661000,-2682000,-2021000
2012/07/17,0,2410000,-3856000,-1446000
2012/07/18,0,1872000,-6870000,-4998000
2012/07/19,0,2657000,-4170000,-1513000
2012/07/20,0,3457000,-2701000,756000
2012/07/23,0,2230000,-3867000,-1637000
2012/07/24,0,3485000,-4250000,-765000
2012/07/25,0,1672000,-4033000,-2361000
2012/07/26,0,698000,-3601997,-2903997
2012/07/27,0,2934000,-5944000,-3010000
2012/07/30,0,1665649,-1782000,-116351
2012/07/31,0,3773000,-4053000,-280000
2012/08/01,0,2564000,-1722000,842000
2012/08/02,0,0,0,0
2012/08/03,0,1898676,-2573000,-674324
2012/08/06,0,3884000,-1502000,2382000
2012/08/07,0,2323000,-1107000,1216000
2012/08/08,0,1820618,-1235000,585618
2012/08/09,0,4012000,-1175000,2837000
2012/08/10,0,1411000,-483000,928000
2012/08/13,0,1090000,-603000,487000
2012/08/14,0,2548000,-192000,2356000
2012/08/15,0,1091000,-162000,929000
2012/08/16,0,1066000,-1122000,-56000
2012/08/17,0,899000,-144000,755000
2012/08/20,0,369000,-353000,16000
2012/08/21,0,3323980,-477000,2846980
2012/08/22,0,537259,-877000,-339741
2012/08/23,0,772622,-2327000,-1554378
2012/08/24,0,520000,-1143000,-623000
2012/08/27,0,1060000,-2586000,-1526000
2012/08/28,0,1265000,-436000,829000
2012/08/29,0,913000,-1324000,-411000
2012/08/30,0,1813000,-4335000,-2522000
2012/08/31,0,1337000,-2335300,-998300
2012/09/03,0,627000,-3751000,-3124000
2012/09/04,0,335000,-1883000,-1548000
2012/09/05,0,526000,-3641000,-3115000
2012/09/06,0,380000,-3243000,-2863000
2012/09/07,0,518000,-1303537,-785537
2012/09/10,0,322000,-773000,-451000
2012/09/11,0,1029000,-246000,783000
2012/09/12,0,929000,-608000,321000
2012/09/13,0,1307000,-2459000,-1152000
2012/09/14,0,2229000,-4262000,-2033000
2012/09/17,0,1543000,-4241000,-2698000
2012/09/18,0,1261000,-4410000,-3149000
2012/09/19,0,3614000,-4388000,-774000
2012/09/20,0,2306000,-1701000,605000
2012/09/21,0,2076000,-1348000,728000
2012/09/24,0,1475000,-2538000,-1063000
2012/09/25,0,4092000,-1721000,2371000
2012/09/26,0,938000,-3341000,-2403000
2012/09/27,0,2016000,-3110649,-1094649
2012/09/28,0,4913000,-3280305,1632695
2012/10/01,0,684000,-2158000,-1474000
2012/10/02,0,1027000,-1251000,-224000
2012/10/03,0,213000,-2771000,-2558000
2012/10/04,0,665000,-1828000,-1163000
2012/10/05,0,471000,-2149000,-1678000
2012/10/08,0,907900,-1005000,-97100
2012/10/09,0,1290000,-890000,400000
2012/10/10,0,0,0,0
2012/10/11,0,76000,-4637000,-4561000
2012/10/12,0,560000,-4880000,-4320000
2012/10/15,0,495000,-2073000,-1578000
2012/10/16,0,181000,-2048000,-1867000
2012/10/17,0,1435000,-1826000,-391000
2012/10/18,0,91000,-319000,-228000
2012/10/19,0,410000,-2684000,-2274000
2012/10/22,0,2465000,-2493000,-28000
2012/10/23,0,3549700,-3781616,-231916
2012/10/24,0,4295000,-3060411,1234589
2012/10/25,0,2848000,-2826000,22000
2012/10/26,0,3278000,-3838000,-560000
2012/10/29,0,913900,-2151000,-1237100
2012/10/30,0,1066000,-2915000,-1849000
2012/10/31,0,3546000,-3600000,-54000
2012/11/01,0,1000000,-3745000,-2745000
2012/11/02,0,10000,-60000,-50000
2012/11/05,0,105000,0,105000
2012/11/06,0,2187000,-1065000,1122000
2012/11/07,0,1169000,-7219000,-6050000
2012/11/08,0,250000,-4787000,-4537000
2012/11/09,0,148000,-1622000,-1474000
2012/11/12,0,65000,-2441155,-2376155
2012/11/13,0,2266000,-2709000,-443000
2012/11/14,0,303000,-1454000,-1151000
2012/11/15,0,10107000,-8594000,1513000
2012/11/16,0,4161000,-6748340,-2587340
2012/11/19,0,2041000,-7443000,-5402000
2012/11/20,0,447000,-3153000,-2706000
2012/11/21,0,494000,-6002168,-5508168
2012/11/22,0,923000,-3515000,-2592000
2012/11/23,0,704000,-654857,49143
2012/11/26,0,237000,-950783,-713783
2012/11/27,0,1003000,-2872684,-1869684
2012/11/28,0,1923000,-4453480,-2530480
2012/11/29,0,5109000,-5497403,-388403
2012/11/30,0,51509000,-104125500,-52616500
2012/12/03,0,6247000,-12501653,-6254653
2012/12/04,0,4149000,-4413000,-264000
2012/12/05,0,1447000,-3355241,-1908241
2012/12/06,0,2126000,-1976263,149737
2012/12/07,0,0,-925000,-925000
2012/12/10,0,1293000,-3590898,-2297898
2012/12/11,0,1632000,-1805437,-173437
2012/12/12,0,1247000,-1992000,-745000
2012/12/13,0,2005000,-1314800,690200
2012/12/14,0,3959000,-425000,3534000
2012/12/17,0,6633000,-317000,6316000
2012/12/18,0,3066000,-6147396,-3081396
2012/12/19,0,25000,-617000,-592000
2012/12/20,0,1719000,-3078000,-1359000
2012/12/21,0,224000,-442769,-218769
2012/12/24,0,1110000,-1055000,55000
2012/12/25,0,14000,-6000,8000
2012/12/26,0,7000,-361000,-354000
2012/12/27,0,26000,-604000,-578000
2012/12/28,0,58000,-580000,-522000
2012/12/31,0,0,0,0
2013/01/01,0,0,0,0
2013/01/02,0,144000,-1434000,-1290000
2013/01/03,0,117000,-696240,-579240
2013/01/04,0,75000,-332000,-257000
2013/01/07,0,0,-1158959,-1158959
2013/01/08,0,187000,-682000,-495000
2013/01/09,0,3477000,-3236000,241000
2013/01/10,0,4621000,-2096000,2525000
2013/01/11,0,5024000,-1598000,3426000
2013/01/14,0,1347000,-1804000,-457000
2013/01/15,0,2470000,-1939000,531000
2013/01/16,0,1219000,-545420,673580
2013/01/17,0,1711000,-1042000,669000
2013/01/18,0,101000,-2787000,-2686000
2013/01/21,0,1350000,-1503000,-153000
2013/01/22,0,4000,-225000,-221000
2013/01/23,0,217000,-1097786,-880786
2013/01/24,0,364000,-1283000,-919000
2013/01/25,0,4310001,-2369000,1941001
2013/01/28,0,6100000,-1316000,4784000
2013/01/29,0,7037000,-983000,6054000
2013/01/30,0,2465000,-771000,1694000
2013/01/31,0,2020000,-2827000,-807000
2013/02/01,0,636000,-547000,89000
2013/02/04,0,2854000,-383000,2471000
2013/02/05,0,318000,-376000,-58000
2013/02/06,0,460000,-1142000,-682000
2013/02/07,0,0,0,0
2013/02/08,0,0,0,0
2013/02/11,0,0,0,0
2013/02/12,0,0,0,0
2013/02/13,0,0,0,0
2013/02/14,0,0,0,0
2013/02/15,0,0,0,0
2013/02/18,0,2578000,-1730000,848000
2013/02/19,0,933000,-1020000,-87000
2013/02/20,0,3588000,-1754000,1834000
2013/02/21,0,2065000,-4589000,-2524000
2013/02/22,0,0,-637000,-637000
2013/02/25,0,562000,-1841270,-1279270
2013/02/26,0,710000,-595501,114499
2013/02/27,0,2690000,-3497000,-807000
2013/02/28,0,0,0,0
2013/03/01,0,3177000,-925000,2252000
2013/03/04,0,3229000,-1123000,2106000
2013/03/05,0,1249000,-2506000,-1257000
2013/03/06,0,155000,-4122000,-3967000
2013/03/07,0,151000,-1315175,-1164175
2013/03/08,0,1485000,-3652629,-2167629
2013/03/11,0,2901000,-4816629,-1915629
2013/03/12,0,1526000,-1590629,-64629
2013/03/13,0,6448000,-3802113,2645887
2013/03/14,0,4355000,-4938630,-583630
2013/03/15,0,8953000,-10179122,-1226122
2013/03/18,0,5654500,-2148618,3505882
2013/03/19,0,1352000,-743882,608118
2013/03/20,0,6032000,-2356187,3675813
2013/03/21,0,3425000,-1829500,1595500
2013/03/22,0,4965000,-1747000,3218000
2013/03/25,0,3862000,-865000,2997000
2013/03/26,0,5849000,-1870000,3979000
2013/03/27,0,8562000,-1332000,7230000
2013/03/28,0,9447000,-951096,8495904
2013/03/29,0,9653000,-740146,8912854
2013/04/01,0,8299000,-2654000,5645000
2013/04/02,0,3290000,-396000,2894000
2013/04/03,0,1620000,-425000,1195000
2013/04/04,0,0,0,0
2013/04/05,0,0,0,0
2013/04/08,0,7534000,-5150000,2384000
2013/04/09,0,7799000,-844000,6955000
2013/04/10,0,3280000,-1343000,1937000
2013/04/11,0,5058000,-1068000,3990000
2013/04/12,0,3662271,-1828000,1834271
2013/04/15,0,6367000,-1092000,5275000
2013/04/16,0,4958000,-6687000,-1729000
2013/04/17,0,5920100,-1155700,4764400
2013/04/18,0,3119000,-834200,2284800
2013/04/19,0,3572000,-1730700,1841300
2013/04/22,0,6188000,-3189000,2999000
2013/04/23,0,3232000,-3934000,-702000
2013/04/24,0,6992000,-10494000,-3502000
2013/04/25,0,6908000,-5029083,1878917
2013/04/26,0,6444000,-7739500,-1295500
2013/04/29,0,5184820,-6172000,-987180
2013/04/30,0,6209000,-7396800,-1187800
2013/05/01,0,0,0,0
2013/05/02,0,5727000,-4420141,1306859
2013/05/03,0,4396000,-1521000,2875000
2013/05/06,0,3514000,-66000,3448000
2013/05/07,0,5964000,-1788000,4176000
2013/05/08,0,6626000,-4406339,2219661
2013/05/09,0,3808571,-18869000,-15060429
2013/05/10,0,3797000,-8073000,-4276000
2013/05/13,0,1891000,-8827800,-6936800
2013/05/14,0,1886000,-3470820,-1584820
2013/05/15,0,1484000,-4598143,-3114143
2013/05/16,0,2010000,-3623000,-1613000
2013/05/17,0,2525000,-2823271,-298271
2013/05/20,0,168000,-852000,-684000
2013/05/21,0,948000,-1435000,-487000
2013/05/22,0,705000,-1642000,-937000
2013/05/23,0,1442000,-3401000,-1959000
2013/05/24,0,518000,-2618000,-2100000
2013/05/27,0,256000,-3038000,-2782000
2013/05/28,0,514000,-3870000,-3356000
2013/05/29,0,1007000,-3277000,-2270000
2013/05/30,0,76000,-2400428,-2324428
2013/05/31,0,348000,-10689858,-10341858
2013/06/03,0,4026000,-3678000,348000
2013/06/04,0,316000,-170818,145182
2013/06/05,0,2442000,-1067000,1375000
2013/06/06,0,790000,-1281000,-491000
2013/06/07,0,874000,-1743000,-869000
2013/06/10,0,1702000,-3100000,-1398000
2013/06/11,0,4763000,-178000,4585000
2013/06/12,0,0,0,0
2013/06/13,0,1774000,-580000,1194000
2013/06/14,0,3127000,-644000,2483000
2013/06/17,0,10357000,-751100,9605900
2013/06/18,0,7351000,-4520695,2830305
2013/06/19,0,3169000,-187310,2981690
2013/06/20,0,6187000,-4861000,1326000
2013/06/21,0,7899220,-3206850,4692370
2013/06/24,0,6983000,-3752000,3231000
2013/06/25,0,13825000,-2128000,11697000
2013/06/26,0,6650000,-879000,5771000
2013/06/27,0,9986000,-2761000,7225000
2013/06/28,0,14784000,-5202000,9582000
2013/07/01,0,13283000,-4303000,8980000
2013/07/02,0,4569000,-1435154,3133846
2013/07/03,0,2509000,-1849000,660000
2013/07/04,0,7198000,-3502000,3696000
2013/07/05,0,6890000,-8021000,-1131000
2013/07/08,0,11117000,-6036000,5081000
2013/07/09,0,3099000,-1811000,1288000
2013/07/10,0,6463000,-4270000,2193000
2013/07/11,0,7404000,-7100000,304000
2013/07/12,0,5307000,-4880000,427000
2013/07/15,0,1906000,-2329000,-423000
2013/07/16,0,3471000,-2411297,1059703
2013/07/17,0,722000,-1526188,-804188
2013/07/18,0,2958000,-4465000,-1507000
2013/07/19,0,1254489,-709000,545489
2013/07/22,0,1276000,-1854000,-578000
2013/07/23,0,1292000,-3155000,-1863000
2013/07/24,0,3582000,-564000,3018000
2013/07/25,0,1803457,-2370000,-566543
2013/07/26,0,351000,-3173000,-2822000
2013/07/29,0,746000,-1946000,-1200000
2013/07/30,0,4658000,-15105000,-10447000
2013/07/31,0,8240000,-3057000,5183000
2013/08/01,0,3168000,-11649000,-8481000
2013/08/02,0,4268000,-3801000,467000
2013/08/05,0,1000,-423000,-422000
2013/08/06,0,294000,-364000,-70000
2013/08/07,0,652000,-3321000,-2669000
2013/08/08,0,435000,-1264000,-829000
2013/08/09,0,1584000,-4562000,-2978000
2013/08/12,0,2081000,-1072159,1008841
2013/08/13,0,505000,-1792000,-1287000
2013/08/14,0,4841000,-777000,4064000
2013/08/15,0,899000,-1845000,-946000
2013/08/16,0,3817000,-723000,3094000
2013/08/19,0,1948000,-1936179,11821
2013/08/20,0,657000,-1182000,-525000
2013/08/21,0,0,0,0
2013/08/22,0,345000,-1972239,-1627239
2013/08/23,0,278000,-594000,-316000
2013/08/26,0,295000,-170000,125000
2013/08/27,0,283000,-191000,92000
2013/08/28,0,341000,-1425000,-1084000
2013/08/29,0,201000,-353000,-152000
2013/08/30,0,309000,-771000,-462000
2013/09/02,0,237000,-495000,-258000
2013/09/03,0,743000,-318000,425000
2013/09/04,0,170000,-1312000,-1142000
2013/09/05,0,50000,-1181000,-1131000
2013/09/06,0,5773000,-1566000,4207000
2013/09/09,0,1276000,-1739000,-463000
2013/09/10,0,2802000,-1266000,1536000
2013/09/11,0,2002000,-231000,1771000
2013/09/12,0,11527000,-1762000,9765000
2013/09/13,0,1618678,-2254000,-635322
2013/09/16,0,2144000,-1436000,708000
2013/09/17,0,1721000,-1536000,185000
2013/09/18,0,521000,-497000,24000
2013/09/19,0,0,0,0
2013/09/20,0,0,0,0
2013/09/23,0,4037000,-428000,3609000
2013/09/24,0,5436240,-1295082,4141158
2013/09/25,0,1683000,-1080900,602100
2013/09/26,0,861000,-502000,359000
2013/09/27,0,0,-1076000,-1076000
2013/09/30,0,1616000,-2007000,-391000
2013/10/01,0,1452000,-1501000,-49000
2013/10/02,0,8097000,-1557000,6540000
2013/10/03,0,10937000,-4242000,6695000
2013/10/04,0,3676000,-926000,2750000
2013/10/07,0,9996000,-2205174,7790826
2013/10/08,0,3738000,-937000,2801000
2013/10/09,0,8128000,-3236000,4892000
2013/10/10,0,0,0,0
2013/10/11,0,5283000,-2058000,3225000
2013/10/14,0,4848000,-2042000,2806000
2013/10/15,0,1943000,-327000,1616000
2013/10/16,0,2728000,-479000,2249000
2013/10/17,0,3171000,-2271000,900000
2013/10/18,0,5207000,-207000,5000000
2013/10/21,0,6452000,-3997000,2455000
2013/10/22,0,5313000,-3123000,2190000
2013/10/23,0,5553000,-1429000,4124000
2013/10/24,0,4168000,-539074,3628926
2013/10/25,0,8277000,-1091377,7185623
2013/10/28,0,3527000,-1904000,1623000
2013/10/29,0,7295000,-1628000,5667000
2013/10/30,0,3959000,-2771000,1188000
2013/10/31,0,6887000,-859000,6028000
2013/11/01,0,3631000,-539000,3092000
2013/11/04,0,5064000,-1866000,3198000
2013/11/05,0,14574000,-4166000,10408000
2013/11/06,0,12836000,-781000,12055000
2013/11/07,0,16020000,-584000,15436000
2013/11/08,0,12254000,-5487000,6767000
2013/11/11,0,3241000,-5639000,-2398000
2013/11/12,0,6566000,-2647000,3919000
2013/11/13,0,3717000,-392000,3325000
2013/11/14,0,2122000,-2157000,-35000
2013/11/15,0,8726000,-666000,8060000
2013/11/18,0,7644000,-1160000,6484000
2013/11/19,0,17287000,-4475000,12812000
2013/11/20,0,9028000,-5055000,3973000
2013/11/21,0,5838483,-1611000,4227483
2013/11/22,0,3822000,-3537000,285000
2013/11/25,0,10657000,-8020571,2636429
2013/11/26,0,3981000,-4408000,-427000
2013/11/27,0,6631000,-2194000,4437000
2013/11/28,0,11514000,-2618000,8896000
2013/11/29,0,16293000,-8428000,7865000
2013/12/02,0,4265000,-6948000,-2683000
2013/12/03,0,5021000,-6946000,-1925000
2013/12/04,0,6605000,-3380000,3225000
2013/12/05,0,8608000,-10822000,-2214000
2013/12/06,0,9458000,-4898000,4560000
2013/12/09,0,10660000,-3592000,7068000
2013/12/10,0,20304000,-2184000,18120000
2013/12/11,0,13655000,-7499000,6156000
2013/12/12,0,11252000,-4403000,6849000
2013/12/13,0,12584000,-7170000,5414000
2013/12/16,0,6189000,-10872000,-4683000
2013/12/17,0,8834000,-6830000,2004000
2013/12/18,0,7745000,-6897050,847950
2013/12/19,0,11090000,-29071000,-17981000
2013/12/20,0,6861000,-9234000,-2373000
2013/12/23,0,2268000,-8111000,-5843000
2013/12/24,0,4063000,-2353000,1710000
2013/12/25,0,1989000,-4456000,-2467000
2013/12/26,0,776000,-1039000,-263000
2013/12/27,0,943000,-1707000,-764000
2013/12/30,0,2164000,-2428000,-264000
2013/12/31,0,861000,-1423000,-562000
2014/01/02,0,5050000,-8134000,-3084000
2014/01/03,0,22956000,-10740715,12215285
2014/01/06,0,7658912,-12455000,-4796088
2014/01/07,0,15299000,-9356000,5943000
2014/01/08,0,36142000,-8158000,27984000
2014/01/09,0,13866000,-18523000,-4657000
2014/01/10,0,5417000,-15473000,-10056000
2014/01/13,0,7874222,-4828000,3046222
2014/01/14,0,4030000,-6977000,-2947000
2014/01/15,0,12217000,-18000000,-5783000
2014/01/16,0,9970000,-14441000,-4471000
2014/01/17,0,15570000,-6404000,9166000
2014/01/20,0,5867000,-8848000,-2981000
2014/01/21,0,13718000,-2231000,11487000
2014/01/22,0,2932000,-7461000,-4529000
2014/01/23,0,3607000,-5991000,-2384000
2014/01/24,0,1180000,-8015000,-6835000
2014/01/27,0,4211000,-23575600,-19364600
2014/02/05,0,4587000,-27813361,-23226361
2014/02/06,0,13617000,-7542000,6075000
2014/02/07,0,19126000,-3796986,15329014
2014/02/10,0,3364000,-10163327,-6799327
2014/02/11,0,2030000,-2593000,-563000
2014/02/12,0,11354000,-8298000,3056000
2014/02/13,0,3241000,-5736072,-2495072
2014/02/14,0,11209000,-9038000,2171000
2014/02/17,0,5084000,-3916000,1168000
2014/02/18,0,2792000,-6713099,-3921099
2014/02/19,0,7386001,-4058000,3328001
2014/02/20,0,13326000,-5522431,7803569
2014/02/21,0,3035000,-2191000,844000
2014/02/24,0,2927000,-5373139,-2446139
2014/02/25,0,2218775,-4156000,-1937225
2014/02/26,0,3688000,-4265000,-577000
2014/02/27,0,3566000,-3406000,160000
2014/03/03,0,9305000,-8319000,986000
2014/03/04,0,10720000,-5978000,4742000
2014/03/05,0,6024000,-5175000,849000
2014/03/06,0,10562000,-8781000,1781000
2014/03/07,0,4192000,-7175000,-2983000
2014/03/10,0,4822000,-3856000,966000
2014/03/11,0,7838000,-6683573,1154427
2014/03/12,0,4279000,-2562250,1716750
2014/03/13,0,7594000,-4345000,3249000
2014/03/14,0,2307000,-3432000,-1125000
2014/03/17,0,5063000,-5201000,-138000
2014/03/18,0,6565000,-5540000,1025000
2014/03/19,0,5006000,-3849000,1157000
2014/03/20,0,9664496,-8917496,747000
2014/03/21,0,48483600,-46600000,1883600
2014/03/24,0,4636400,-3602000,1034400
2014/03/25,0,6551000,-8202750,-1651750
2014/03/26,0,5048000,-3143108,1904892
2014/03/27,0,9247000,-3989000,5258000
2014/03/28,0,5339000,-5459042,-120042
2014/03/31,0,5340000,-11572400,-6232400
2014/04/01,0,6701000,-2742000,3959000
2014/04/02,0,6832000,-4321000,2511000
2014/04/03,0,3929000,-2852000,1077000
2014/04/07,0,3341000,-14373000,-11032000
2014/04/08,0,3360000,-11137000,-7777000
2014/04/09,0,5647000,-8961000,-3314000
2014/04/10,0,15031393,-10033000,4998393
2014/04/11,0,4640000,-2640000,2000000
2014/04/14,0,3530000,-3841000,-311000
2014/04/15,0,1707000,-4280000,-2573000
2014/04/16,0,2881000,-7009000,-4128000
2014/04/17,0,15039000,-24716000,-9677000
2014/04/18,0,21143000,-10365000,10778000
2014/04/21,0,22194000,-15771000,6423000
2014/04/22,0,19340000,-27435000,-8095000
2014/04/23,0,41609359,-25917400,15691959
2014/04/24,0,20032000,-39869000,-19837000
2014/04/25,0,10553000,-8840000,1713000
2014/04/28,0,11144000,-15754000,-4610000
2014/04/29,0,21874718,-36819000,-14944282
2014/04/30,0,14359696,-14191000,168696
2014/05/02,0,7217000,-8647000,-1430000
2014/05/05,0,15634000,-8945000,6689000
2014/05/06,0,17020000,-10622000,6398000
2014/05/07,0,4283000,-17979249,-13696249
2014/05/08,0,3084000,-18908529,-15824529
2014/05/09,0,17098983,-69577920,-52478937
2014/05/12,0,9702200,-21910000,-12207800
2014/05/13,0,5680000,-9536000,-3856000
2014/05/14,0,11074500,-16884000,-5809500
2014/05/15,0,21171500,-23267000,-2095500
2014/05/16,0,12592000,-16053544,-3461544
2014/05/19,0,7358000,-18151965,-10793965
2014/05/20,0,13241167,-33460500,-20219333
2014/05/21,0,16242160,-31237301,-14995141
2014/05/22,0,37278700,-29749400,7529300
2014/05/23,0,54929000,-48263995,6665005
2014/05/26,0,21804000,-22769000,-965000
2014/05/27,0,14219000,-22834000,-8615000
2014/05/28,0,19170812,-15630000,3540812
2014/05/29,0,18959000,-24930525,-5971525
2014/05/30,0,130492525,-96928104,33564421
2014/06/03,0,66525000,-65252800,1272200
2014/06/04,0,35774000,-31357000,4417000
2014/06/05,0,54229000,-37846047,16382953
2014/06/06,0,36915670,-62453150,-25537480
2014/06/09,0,27587000,-19771300,7815700
2014/06/10,0,16698033,-11896145,4801888
2014/06/11,0,9556812,-16916522,-7359710
2014/06/12,0,20937200,-21610597,-673397
2014/06/13,0,10637812,-14218270,-3580458
2014/06/16,0,17168000,-14958112,2209888
2014/06/17,0,17849865,-9000944,8848921
2014/06/18,0,9641000,-18048960,-8407960
2014/06/19,0,4775666,-5402000,-626334
2014/06/20,0,6272000,-8133026,-1861026
2014/06/23,0,8166265,-7635629,530636
2014/06/24,0,9541221,-9685620,-144399
2014/06/25,0,7625800,-6719968,905832
2014/06/26,0,4580028,-6693878,-2113850
2014/06/27,0,9623000,-7102000,2521000
2014/06/30,0,11056580,-20008455,-8951875
2014/07/01,0,10637000,-6677000,3960000
2014/07/02,0,14338000,-10396202,3941798
2014/07/03,0,5054000,-14766100,-9712100
2014/07/04,0,3977591,-23773591,-19796000
2014/07/07,0,8403000,-10109783,-1706783
2014/07/08,0,4318000,-4210000,108000
2014/07/09,0,7819380,-11926000,-4106620
2014/07/10,0,5538925,-3695600,1843325
2014/07/11,0,8692178,-15230235,-6538057
2014/07/14,0,8605100,-8637331,-32231
2014/07/15,0,10233629,-8219000,2014629
2014/07/16,0,4483945,-5433000,-949055
2014/07/17,0,4001963,-9836327,-5834364
2014/07/18,0,5107000,-5384000,-277000
2014/07/21,0,4275000,-2584497,1690503
2014/07/22,0,10034000,-3115000,6919000
2014/07/23,0,0,0,0
2014/07/24,0,7504458,-13580925,-6076467
2014/07/25,0,5353000,-10328431,-4975431
2014/07/28,0,7715000,-12976000,-5261000
2014/07/29,0,14112714,-18537000,-4424286
2014/07/30,0,22604000,-22798520,-194520
2014/07/31,0,13576100,-8344794,5231306
2014/08/01,0,13930659,-6337000,7593659
2014/08/04,0,9642300,-7158300,2484000
2014/08/05,0,8333260,-13975469,-5642209
2014/08/06,0,8912556,-17867000,-8954444
2014/08/07,0,7571169,-14430375,-6859206
2014/08/08,0,16362100,-4235000,12127100
2014/08/11,0,22288000,-14781088,7506912
2014/08/12,0,9622703,-16012255,-6389552
2014/08/13,0,3692000,-1867000,1825000
2014/08/14,0,14375179,-8459764,5915415
2014/08/15,0,11773000,-5361000,6412000
2014/08/18,0,7401000,-4820428,2580572
2014/08/19,0,16021396,-13450000,2571396
2014/08/20,0,17388738,-9158000,8230738
2014/08/21,0,11692940,-5580940,6112000
2014/08/22,0,12528203,-5826000,6702203
2014/08/25,0,9597133,-9128000,469133
2014/08/26,0,17080807,-6590000,10490807
2014/08/27,0,9461000,-6253994,3207006
2014/08/28,0,9378658,-7686667,1691991
2014/08/29,0,41364000,-5242000,36122000
2014/09/01,0,19540000,-6123150,13416850
2014/09/02,0,6322000,-6036000,286000
2014/09/03,0,22040433,-16216001,5824432
2014/09/04,0,7328290,-7640290,-312000
2014/09/05,0,4026000,-3896000,130000
2014/09/09,0,15063182,-9351701,5711481
2014/09/10,0,10749389,-8150500,2598889
2014/09/11,0,11711000,-4423404,7287596
2014/09/12,0,4516654,-11191200,-6674546
2014/09/15,0,7561000,-17994974,-10433974
2014/09/16,0,30498809,-12646000,17852809
2014/09/17,0,11231000,-10086356,1144644
2014/09/18,0,9811759,-5276000,4535759
2014/09/19,0,4193000,-2614000,1579000
2014/09/22,0,6590000,-20637167,-14047167
2014/09/23,0,16743000,-15590200,1152800
2014/09/24,0,8216000,-6671000,1545000
2014/09/25,0,7704000,-6883865,820135
2014/09/26,0,21760000,-3293742,18466258
2014/09/29,0,17003000,-12477034,4525966
2014/09/30,0,20133000,-17515780,2617220
2014/10/01,0,13596000,-9669983,3926017
2014/10/02,0,17148000,-7912865,9235135
2014/10/03,0,8851000,-6827000,2024000
2014/10/06,0,12464464,-35667100,-23202636
2014/10/07,0,14271000,-9025878,5245122
2014/10/08,0,4813000,-6421254,-1608254
2014/10/09,0,5553000,-7671687,-2118687
2014/10/13,0,3078000,-15180000,-12102000
2014/10/14,0,6757000,-20740846,-13983846
2014/10/15,0,17963000,-7751000,10212000
2014/10/16,0,15943000,-7828017,8114983
2014/10/17,0,17916000,-18432000,-516000
2014/10/20,0,12862000,-6409017,6452983
2014/10/21,0,7982000,-9186000,-1204000
2014/10/22,0,11888180,-9679858,2208322
2014/10/23,0,3123000,-3930000,-807000
2014/10/24,0,6431000,-6066637,364363
2014/10/27,0,7979000,-2261000,5718000
2014/10/28,0,16067000,-4046000,12021000
2014/10/29,0,15533000,-3807590,11725410
2014/10/30,0,11883000,-19804054,-7921054
2014/10/31,0,14921000,-5143000,9778000
2014/11/03,0,10201000,-2915000,7286000
2014/11/04,0,10695000,-769880,9925120
2014/11/05,0,5257500,-4191000,1066500
2014/11/06,0,4499880,-3408000,1091880
2014/11/07,0,7135000,-2492000,4643000
2014/11/10,0,4799763,-3742363,1057400
2014/11/11,0,3782000,-7182000,-3400000
2014/11/12,0,3267950,-6048000,-2780050
2014/11/13,0,6737059,-2838059,3899000
2014/11/14,0,3065000,-2584000,481000
2014/11/17,0,3257000,-21648000,-18391000
2014/11/18,0,13180473,-8849889,4330584
2014/11/19,0,20296324,-6726931,13569393
2014/11/20,0,9972000,-2460000,7512000
2014/11/21,0,5267000,-4157000,1110000
2014/11/24,0,4639000,-1600000,3039000
2014/11/25,0,17904580,-2318747,15585833
2014/11/26,0,9279000,-2711000,6568000
2014/11/27,0,22627000,-3535000,19092000
2014/11/28,0,12858000,-5119000,7739000
2014/12/01,0,9141000,-7014000,2127000
2014/12/02,0,5519000,-5899000,-380000
2014/12/03,0,8202327,-4798327,3404000
2014/12/04,0,23990100,-4963086,19027014
2014/12/05,0,11812300,-11645000,167300
2014/12/08,0,12175000,-6121473,6053527
2014/12/09,0,4875250,-13057200,-8181950
2014/12/10,0,6502353,-6452353,50000
2014/12/11,0,1636000,-4380400,-2744400
2014/12/12,0,4455723,-5908500,-1452777
2014/12/15,0,3013000,-5436750,-2423750
2014/12/16,0,1628000,-6630937,-5002937
2014/12/17,0,9822632,-10993712,-1171080
2014/12/18,0,3318000,-4847000,-1529000
2014/12/19,0,8752146,-8044594,707552
2014/12/22,0,7139000,-3052750,4086250
2014/12/23,0,2984000,-3218624,-234624
2014/12/24,0,1725000,-2944362,-1219362
2014/12/25,0,2067000,-797000,1270000
2014/12/26,0,4862000,-931000,3931000
2014/12/29,0,17040283,-3628283,13412000
2014/12/30,0,9483000,-8367627,1115373
2014/12/31,0,3525000,-1551000,1974000
2015/01/01,0,0,0,0
2015/01/02,0,0,0,0
2015/01/05,0,7843000,-5337000,2506000
2015/01/06,0,5010000,-7473240,-2463240
2015/01/07,0,6035757,-6260607,-224850
2015/01/08,0,8363400,-5837536,2525864
2015/01/09,0,6234000,-3084582,3149418
2015/01/12,0,7450000,-3063927,4386073
2015/01/13,0,6288000,-19590489,-13302489
2015/01/14,0,7493000,-17883000,-10390000
2015/01/15,0,7683000,-18790400,-11107400
2015/01/16,0,4950086,-25638054,-20687968
2015/01/19,0,5757448,-22765477,-17008029
2015/01/20,0,9113148,-8857850,255298
2015/01/21,0,10997517,-10373681,623836
2015/01/22,0,5025467,-7425300,-2399833
2015/01/23,0,7325200,-3475488,3849712
2015/01/26,0,17719000,-3621000,14098000
2015/01/27,0,10022500,-7773689,2248811
2015/01/28,0,10587240,-7273000,3314240
2015/01/29,0,5554000,-6739400,-1185400
2015/01/30,0,5348000,-3909000,1439000
2015/02/02,0,2051060,-2317525,-266465
2015/02/03,0,3580000,-4030761,-450761
2015/02/04,0,4387710,-5253790,-866080
2015/02/05,0,6108000,-4026000,2082000
2015/02/06,0,4811000,-4468675,342325
2015/02/09,0,3966000,-6694000,-2728000
2015/02/10,0,8988000,-3717000,5271000
2015/02/11,0,6382000,-25802000,-19420000
2015/02/12,0,10041800,-3760500,6281300
2015/02/13,0,7038433,-2787705,4250728
2015/02/16,0,0,0,0
2015/02/17,0,0,0,0
2015/02/18,0,0,0,0
2015/02/19,0,0,0,0
2015/02/20,0,0,0,0
2015/02/23,0,0,0,0
2015/02/24,0,11621000,-14951170,-3330170
2015/02/25,0,9708810,-9936616,-227806
2015/02/26,0,13007453,-6104559,6902894
2015/02/27,0,0,0,0
2015/03/02,0,11669000,-15394724,-3725724
2015/03/03,0,6499689,-2195139,4304550
2015/03/04,0,8132000,-6299000,1833000
2015/03/05,0,2551000,-4760300,-2209300
2015/03/06,0,3826000,-2162488,1663512
2015/03/09,0,3497000,-7488300,-3991300
2015/03/10,0,8854754,-9891806,-1037052
2015/03/11,0,3113000,-4295300,-1182300
2015/03/12,0,3416000,-4308207,-892207
2015/03/13,0,3128150,-12283500,-9155350
2015/03/16,0,1909000,-3487046,-1578046
2015/03/17,0,3629200,-4961217,-1332017
2015/03/18,0,8427000,-13428335,-5001335
2015/03/19,0,6495000,-9106668,-2611668
2015/03/20,0,1448000,-6021000,-4573000
2015/03/23,0,6992000,-7378000,-386000
2015/03/24,0,5637582,-11241000,-5603418
2015/03/25,0,3384000,-5753433,-2369433
2015/03/26,0,10370000,-11694000,-1324000
2015/03/27,0,5777450,-23852000,-18074550
2015/03/30,0,5735000,-9960000,-4225000
2015/03/31,0,10824000,-14360000,-3536000
2015/04/01,0,4234000,-11419000,-7185000
2015/04/02,0,4818723,-22205750,-17387027
2015/04/03,0,0,0,0
2015/04/06,0,0,0,0
2015/04/07,0,3920000,-13381904,-9461904
2015/04/08,0,11084000,-20065105,-8981105
2015/04/09,0,12504000,-11712300,791700
2015/04/10,0,7472000,-6317410,1154590
2015/04/13,0,34011902,-5570000,28441902
2015/04/14,0,11191000,-5538000,5653000
2015/04/15,0,5632689,-9855000,-4222311
2015/04/16,0,7372000,-2683000,4689000
2015/04/17,0,7345689,-7492000,-146311
2015/04/20,0,5754000,-3515774,2238226
2015/04/21,0,8642000,-2624000,6018000
2015/04/22,0,12006000,-8383030,3622970
2015/04/23,0,8393000,-4117821,4275179
2015/04/24,0,17774000,-6049877,11724123
2015/04/27,0,8162500,-1887000,6275500
2015/04/28,0,4232000,-5916000,-1684000
2015/04/29,0,4385100,-13044000,-8658900
2015/04/30,0,16913940,-19131000,-2217060
2015/05/01,0,0,0,0
2015/05/04,0,4729000,-18134514,-13405514
2015/05/05,0,11505100,-9115000,2390100
2015/05/06,0,10774000,-16655000,-5881000
2015/05/07,0,10921060,-10571900,349160
2015/05/08,0,8137415,-3841654,4295761
2015/05/11,0,9465300,-4724000,4741300
2015/05/12,0,23232000,-9517000,13715000
2015/05/13,0,17031000,-10627871,6403129
2015/05/14,0,9557000,-15797841,-6240841
2015/05/15,0,684000,-3391000,-2707000
2015/05/18,0,2431000,-15362000,-12931000
2015/05/19,0,6231582,-4765000,1466582
2015/05/20,0,2929000,-14288086,-11359086
2015/05/21,0,12928000,-11082000,1846000
2015/05/22,0,9145630,-10706332,-1560702
2015/05/25,0,4361000,-3134000,1227000
2015/05/26,0,2897000,-1349000,1548000
2015/05/27,0,3614000,-4768477,-1154477
2015/05/28,0,10795000,-10690689,104311
2015/05/29,0,12983955,-8450655,4533300
2015/06/01,0,5484000,-11258000,-5774000
2015/06/02,0,13934989,-6279000,7655989
2015/06/03,0,4285000,-14428987,-10143987
2015/06/04,0,7017100,-11814000,-4796900
2015/06/05,0,8577000,-8810330,-233330
2015/06/08,0,18215000,-7908000,10307000
2015/06/09,0,7310000,-6413689,896311
2015/06/10,0,3238000,-10950000,-7712000
2015/06/11,0,3540000,-7695000,-4155000
2015/06/12,0,2829000,-4763998,-1934998
2015/06/15,0,3597000,-5259000,-1662000
2015/06/16,0,6298000,-20110000,-13812000
2015/06/17,0,9497000,-19920000,-10423000
2015/06/18,0,5928531,-15124292,-9195761
2015/06/19,0,0,0,0
2015/06/22,0,18374861,-21823492,-3448631
2015/06/23,0,13495000,-24365587,-10870587
2015/06/24,0,8262475,-10493582,-2231107
2015/06/25,0,13107689,-22604000,-9496311
2015/06/26,0,26174325,-27825316,-1650991
2015/06/29,0,18896000,-28681000,-9785000
2015/06/30,0,12302000,-24420128,-12118128
2015/07/01,0,7379000,-11780908,-4401908
2015/07/02,0,15998584,-28168980,-12170396
2015/07/03,0,2280000,-21536000,-19256000
2015/07/06,0,13405000,-22229000,-8824000
2015/07/07,0,37242000,-23057100,14184900
2015/07/08,0,9091000,-27188495,-18097495
2015/07/09,0,16938519,-21454667,-4516148
2015/07/10,0,0,0,0
2015/07/13,0,19910058,-26347000,-6436942
2015/07/14,0,85674000,-66267200,19406800
2015/07/15,0,17795000,-38504348,-20709348
2015/07/16,0,10750000,-17518525,-6768525
2015/07/17,0,6753000,-23754200,-17001200
2015/07/20,0,9093864,-5179796,3914068
2015/07/21,0,9039157,-20129157,-11090000
2015/07/22,0,3297000,-10819688,-7522688
2015/07/23,0,21936000,-6327000,15609000
2015/07/24,0,14081200,-15898000,-1816800
2015/07/27,0,19248000,-11321596,7926404
2015/07/28,0,39730666,-11797601,27933065
2015/07/29,0,29358000,-26155330,3202670
2015/07/30,0,14256542,-16812000,-2555458
2015/07/31,0,19081171,-16596900,2484271
2015/08/03,0,9255692,-41470100,-32214408
2015/08/04,0,14198000,-6923017,7274983
2015/08/05,0,10795000,-8250596,2544404
2015/08/06,0,5941000,-8326054,-2385054
2015/08/07,0,8181569,-13288000,-5106431
2015/08/10,0,6013000,-7900000,-1887000
2015/08/11,0,6765000,-10597596,-3832596
2015/08/12,0,17209000,-6059000,11150000
2015/08/13,0,21370000,-11277349,10092651
2015/08/14,0,12822901,-10709000,2113901
2015/08/17,0,10412351,-16890000,-6477649
2015/08/18,0,4849000,-10178798,-5329798
2015/08/19,0,16995864,-29026240,-12030376
2015/08/20,0,9222000,-14631000,-5409000
2015/08/21,0,9721000,-11697608,-1976608
2015/08/24,0,18991000,-36737330,-17746330
2015/08/25,0,24832000,-10111960,14720040
2015/08/26,0,7526000,-13313592,-5787592
2015/08/27,0,8546000,-12283589,-3737589
2015/08/28,0,21547000,-7392224,14154776
2015/08/31,0,25542000,-18378000,7164000
2015/09/01,0,22009000,-17534030,4474970
2015/09/02,0,16671000,-10855366,5815634
2015/09/03,0,52695000,-16689000,36006000
2015/09/04,0,21896689,-29462845,-7566156
2015/09/07,0,60268000,-56646217,3621783
2015/09/08,0,10095000,-4151000,5944000
2015/09/09,0,22467488,-12437000,10030488
2015/09/10,0,9005972,-16539839,-7533867
2015/09/11,0,5551000,-17361000,-11810000
2015/09/14,0,7176000,-8831530,-1655530
2015/09/15,0,14587000,-7615000,6972000
2015/09/16,0,14997000,-25529562,-10532562
2015/09/17,0,9042000,-14264130,-5222130
2015/09/18,0,6754582,-10790866,-4036284
2015/09/21,0,4056000,-26758596,-22702596
2015/09/22,0,8495793,-9150473,-654680
2015/09/23,0,2882000,-10608616,-7726616
2015/09/24,0,22500000,-23288000,-788000
2015/09/25,0,9493928,-12620776,-3126848
2015/09/28,0,0,0,0
2015/09/29,0,0,0,0
2015/09/30,0,27987000,-22381000,5606000
2015/10/01,0,10154000,-8198000,1956000
2015/10/02,0,13233000,-10832000,2401000
2015/10/05,0,33897490,-5743000,28154490
2015/10/06,0,22837000,-16300000,6537000
2015/10/07,0,29316342,-11066542,18249800
2015/10/08,0,19137000,-22365000,-3228000
2015/10/09,0,0,0,0
2015/10/12,0,17555134,-9676000,7879134
2015/10/13,0,19571000,-6491034,13079966
2015/10/14,0,8681000,-9414000,-733000
2015/10/15,0,12222000,-8599000,3623000
2015/10/16,0,8831000,-6900000,1931000
2015/10/19,0,10592000,-2821000,7771000
2015/10/20,0,8984000,-8292080,691920
2015/10/21,0,27921000,-12500000,15421000
2015/10/22,0,9333000,-9192000,141000
2015/10/23,0,9861472,-2711200,7150272
2015/10/26,0,11714000,-3484511,8229489
2015/10/27,0,11601000,-12009640,-408640
2015/10/28,0,18814000,-9343606,9470394
2015/10/29,0,15896446,-2855638,13040808
2015/10/30,0,23138000,-7682000,15456000
2015/11/02,0,11458000,-5199000,6259000
2015/11/03,0,29383000,-13283278,16099722
2015/11/04,0,26701000,-14498388,12202612
2015/11/05,0,11359000,-6862616,4496384
2015/11/06,0,17846500,-11991684,5854816
2015/11/09,0,13967608,-9443816,4523792
2015/11/10,0,21831000,-8234000,13597000
2015/11/11,0,12926000,-13786000,-860000
2015/11/12,0,6608000,-10568000,-3960000
2015/11/13,0,4377796,-19107437,-14729641
2015/11/16,0,7854000,-7862300,-8300
2015/11/17,0,3557000,-11469000,-7912000
2015/11/18,0,11439335,-10742000,697335
2015/11/19,0,8479000,-8699000,-220000
2015/11/20,0,3079000,-11708000,-8629000
2015/11/23,0,6861984,-29124200,-22262216
2015/11/24,0,16080000,-19367850,-3287850
2015/11/25,0,14233000,-11367000,2866000
2015/11/26,0,6073000,-7647000,-1574000
2015/11/27,0,2420000,-12023000,-9603000
2015/11/30,0,13490012,-18536893,-5046881
2015/12/01,0,10270490,-5777711,4492779
2015/12/02,0,8652000,-4309000,4343000
2015/12/03,0,8330000,-3535481,4794519
2015/12/04,0,3133000,-8536822,-5403822
2015/12/07,0,3273000,-2002822,1270178
2015/12/08,0,14281000,-19381561,-5100561
2015/12/09,0,5929000,-7936000,-2007000
2015/12/10,0,7611000,-9658422,-2047422
2015/12/11,0,7468799,-9201479,-1732680
2015/12/14,0,22128439,-31220901,-9092462
2015/12/15,0,1154000,-625896,528104
2015/12/16,0,24826000,-6378000,18448000
2015/12/17,0,134408700,-49942000,84466700
2015/12/18,0,27563687,-13351000,14212687
2015/12/21,0,13161862,-6034000,7127862
2015/12/22,0,14076413,-24729000,-10652587
2015/12/23,0,7972412,-4038629,3933783
2015/12/24,0,6356000,-10877000,-4521000
2015/12/25,0,3476000,-1953000,1523000
2015/12/28,0,6316000,-4479000,1837000
2015/12/29,0,1076000,-6333015,-5257015
2015/12/30,0,4037000,-5512908,-1475908
2015/12/31,0,2951000,-3414000,-463000
2016/01/01,0,0,0,0
2016/01/04,0,5634800,-5240000,394800
2016/01/05,0,2498302,-15001000,-12502698
2016/01/06,0,2955851,-11065000,-8109149
2016/01/07,0,5067189,-10681532,-5614343
2016/01/08,0,736000,-11003902,-10267902
2016/01/11,0,3441576,-11599300,-8157724
2016/01/12,0,5899000,-13380000,-7481000
2016/01/13,0,1362000,-6404073,-5042073
2016/01/14,0,3807209,-7140565,-3333356
2016/01/15,0,6134000,-6796711,-662711
2016/01/18,0,6309582,-3789000,2520582
2016/01/19,0,1726972,-4998486,-3271514
2016/01/20,0,1323586,-11509000,-10185414
2016/01/21,0,3938390,-12791000,-8852610
2016/01/22,0,7807000,-20456000,-12649000
2016/01/25,0,7046000,-8579000,-1533000
2016/01/26,0,4273859,-14117000,-9843141
2016/01/27,0,6269000,-13216024,-6947024
2016/01/28,0,4147000,-4716699,-569699
2016/01/29,0,8705968,-10426000,-1720032
2016/02/01,0,9291858,-9111000,180858
2016/02/02,0,4098426,-11368347,-7269921
2016/02/03,0,2973000,-10942926,-7969926
2016/02/04,0,0,0,0
2016/02/05,0,0,0,0
2016/02/08,0,0,0,0
2016/02/09,0,0,0,0
2016/02/10,0,0,0,0
2016/02/11,0,0,0,0
2016/02/12,0,0,0,0
2016/02/15,0,17598484,-31374513,-13776029
2016/02/16,0,3944000,-5290600,-1346600
2016/02/17,0,3929968,-8578000,-4648032
2016/02/18,0,6677000,-14416000,-7739000
2016/02/19,0,6914728,-24126653,-17211925
2016/02/22,0,3745000,-11727000,-7982000
2016/02/23,0,8468078,-15998000,-7529922
2016/02/24,0,8562346,-14593000,-6030654
2016/02/25,0,3236574,-14477000,-11240426
2016/02/26,0,7426000,-6484921,941079
2016/02/29,0,0,0,0
2016/03/01,0,4863571,-6284800,-1421229
2016/03/02,0,7138413,-8085000,-946587
2016/03/03,0,10232239,-5571000,4661239
2016/03/04,0,3685057,-1119000,2566057
2016/03/07,0,3887060,-625000,3262060
2016/03/08,0,6735745,-7275840,-540095
2016/03/09,0,5059000,-4472000,587000
2016/03/10,0,2244000,-2461000,-217000
2016/03/11,0,6973000,-6137000,836000
2016/03/14,0,3600000,-2509000,1091000
2016/03/15,0,8800000,-3592000,5208000
2016/03/16,0,6135000,-3322000,2813000
2016/03/17,0,9887838,-4512000,5375838
2016/03/18,0,8808000,-4929000,3879000
2016/03/21,0,4037000,-3685000,352000
2016/03/22,0,2844191,-1685002,1159189
2016/03/23,0,7334000,-4535000,2799000
2016/03/24,0,2480000,-595000,1885000
2016/03/25,0,1763000,-554000,1209000
2016/03/28,0,3268000,-898000,2370000
2016/03/29,0,4342000,-4501000,-159000
2016/03/30,0,6203000,-2067100,4135900
2016/03/31,0,3261100,-5787859,-2526759
2016/04/01,0,2044000,-3438002,-1394002
2016/04/04,0,0,0,0
2016/04/05,0,0,0,0
2016/04/06,0,8809408,-23535959,-14726551
2016/04/07,0,2449000,-11206000,-8757000
2016/04/08,0,5675000,-7174000,-1499000
2016/04/11,0,4313392,-5620260,-1306868
2016/04/12,0,6330000,-7879500,-1549500
2016/04/13,0,15167000,-16751000,-1584000
2016/04/14,0,14326000,-6599779,7726221
2016/04/15,0,13858693,-3814000,10044693
2016/04/18,0,2058000,-3721000,-1663000
2016/04/19,0,1897000,-4232000,-2335000
2016/04/20,0,4814981,-5278000,-463019
2016/04/21,0,2195000,-6486000,-4291000
2016/04/22,0,3318918,-5277000,-1958082
2016/04/25,0,1826000,-3942000,-2116000
2016/04/26,0,6270878,-4690482,1580396
2016/04/27,0,2205049,-3688000,-1482951
2016/04/28,0,3572019,-3931000,-358981
2016/04/29,0,4706161,-3437000,1269161
2016/05/02,0,0,0,0
2016/05/03,0,8356033,-3280810,5075223
2016/05/04,0,4730000,-5574186,-844186
2016/05/05,0,14113000,-5418577,8694423
2016/05/06,0,5865836,-3726000,2139836
2016/05/09,0,2567000,-2748000,-181000
2016/05/10,0,5665918,-3358000,2307918
2016/05/11,0,5201000,-5607100,-406100
2016/05/12,0,8863000,-3174000,5689000
2016/05/13,0,9560000,-4665000,4895000
2016/05/16,0,27602000,-7275000,20327000
2016/05/17,0,17783000,-4254554,13528446
2016/05/18,0,13253659,-13939000,-685341
2016/05/19,0,2091000,-5765000,-3674000
2016/05/20,0,2505000,-7031024,-4526024
2016/05/23,0,3144644,-1492000,1652644
2016/05/24,0,4014226,-2033000,1981226
2016/05/25,0,3965918,-2654000,1311918
2016/05/26,0,3735000,-2981000,754000
2016/05/27,0,3953000,-3141000,812000
2016/05/30,0,5812000,-9898000,-4086000
2016/05/31,0,17346401,-25532941,-8186540
2016/06/01,0,4145000,-5268771,-1123771
2016/06/02,0,1277000,-7866100,-6589100
2016/06/03,0,2868000,-2598000,270000
2016/06/06,0,7691000,-15885000,-8194000
2016/06/07,0,4956000,-11434000,-6478000
2016/06/08,0,4681000,-3101000,1580000
2016/06/09,0,0,0,0
2016/06/10,0,0,0,0
2016/06/13,0,5197000,-8541000,-3344000
2016/06/14,0,3200906,-1940000,1260906
2016/06/15,0,86476189,-35353216,51122973
2016/06/16,0,31487385,-14710000,16777385
2016/06/17,0,56221712,-44337763,11883949
2016/06/20,0,19907000,-13585000,6322000
2016/06/21,0,12730000,-5635000,7095000
2016/06/22,0,6199912,-28195000,-21995088
2016/06/23,0,3711998,-2355000,1356998
2016/06/24,0,9856000,-5602000,4254000
2016/06/27,0,8352000,-6899000,1453000
2016/06/28,0,6624000,-3303000,3321000
2016/06/29,0,3629000,-2893100,735900
2016/06/30,0,7065829,-8683608,-1617779
2016/07/01,0,21089000,-30843940,-9754940
2016/07/04,0,6841000,-6225975,615025
2016/07/05,0,1623000,-2588000,-965000
2016/07/06,0,2822000,-6243000,-3421000
2016/07/07,0,1201000,-1768720,-567720
2016/07/08,0,0,0,0
2016/07/11,0,5845000,-3519000,2326000
2016/07/12,0,4400000,-5836503,-1436503
2016/07/13,0,9232999,-13793000,-4560001
2016/07/14,0,12268016,-5659000,6609016
2016/07/15,0,24593094,-11786000,12807094
2016/07/18,0,10895000,-2326000,8569000
2016/07/19,0,4874000,-1078100,3795900
2016/07/20,0,4536000,-192000,4344000
2016/07/21,0,3582864,-337822,3245042
2016/07/22,0,2149000,-1185000,964000
2016/07/25,0,3150000,-523000,2627000
2016/07/26,0,4805000,-5388000,-583000
2016/07/27,0,4420000,-2259000,2161000
2016/07/28,0,2708000,-4421200,-1713200
2016/07/29,0,1957923,-6031780,-4073857
2016/08/01,0,3202632,-1061347,2141285
2016/08/02,0,676806,-1317100,-640294
2016/08/03,0,848620,-835000,13620
2016/08/04,0,1025000,-833000,192000
2016/08/05,0,1902000,-950000,952000
2016/08/08,0,1623999,-543000,1080999
2016/08/09,0,2448000,-996000,1452000
2016/08/10,0,8321000,-3410000,4911000
2016/08/11,0,7446000,-1313000,6133000
2016/08/12,0,3837000,-2551000,1286000
2016/08/15,0,2455000,-1503000,952000
2016/08/16,0,1843000,-1449000,394000
2016/08/17,0,1994413,-963000,1031413
2016/08/18,0,2835000,-2368139,466861
2016/08/19,0,2343331,-3639000,-1295669
2016/08/22,0,3402000,-2148000,1254000
2016/08/23,0,1410000,-1342000,68000
2016/08/24,0,1768000,-3226327,-1458327
2016/08/25,0,1873000,-1121000,752000
2016/08/26,0,11222716,-7546906,3675810
2016/08/29,0,2502000,-1915000,587000
2016/08/30,0,4313333,-2826000,1487333
2016/08/31,0,3256140,-2846000,410140
2016/09/01,0,1349010,-1444472,-95462
2016/09/02,0,6355310,-1847088,4508222
2016/09/05,0,4611000,-2370000,2241000
2016/09/06,0,5166331,-3094000,2072331
2016/09/07,0,3870732,-2681000,1189732
2016/09/08,0,2630000,-3489535,-859535
2016/09/09,0,2798000,-6031000,-3233000
2016/09/12,0,3136000,-7505163,-4369163
2016/09/13,0,4831000,-6957000,-2126000
2016/09/14,0,4845000,-6472752,-1627752
2016/09/15,0,0,0,0
2016/09/16,0,0,0,0
2016/09/19,0,4575028,-5444912,-869884
2016/09/20,0,11200347,-8721000,2479347
2016/09/21,0,5629000,-6681000,-1052000
2016/09/22,0,4756245,-17323000,-12566755
2016/09/23,0,23578787,-25115000,-1536213
2016/09/26,0,25895000,-18499000,7396000
2016/09/27,0,0,0,0
2016/09/28,0,0,0,0
2016/09/29,0,22182668,-10135616,12047052
2016/09/30,0,7224332,-7613632,-389300
2016/10/03,0,5894000,-3033000,2861000
2016/10/04,0,6119596,-6450450,-330854
2016/10/05,0,42533619,-13584000,28949619
2016/10/06,0,8020944,-6165105,1855839
2016/10/07,0,6300997,-7397000,-1096003
2016/10/10,0,0,0,0
2016/10/11,0,19096000,-17600000,1496000
2016/10/12,0,19873000,-3636672,16236328
2016/10/13,0,6833000,-7014623,-181623
2016/10/14,0,1954000,-1039000,915000
2016/10/17,0,2331000,-1852780,478220
2016/10/18,0,1736968,-4461000,-2724032
2016/10/19,0,2764484,-1788000,976484
2016/10/20,0,1100000,-555569,544431
2016/10/21,0,1566000,-888782,677218
2016/10/24,0,460000,-1369000,-909000
2016/10/25,0,860000,-266000,594000
2016/10/26,0,1271000,-1090000,181000
2016/10/27,0,3255658,-1956939,1298719
2016/10/28,0,3243000,-1260000,1983000
2016/10/31,0,5279324,-2238000,3041324
2016/11/01,0,3669000,-421000,3248000
2016/11/02,0,2940999,-1041807,1899192
2016/11/03,0,3568367,-2058000,1510367
2016/11/04,0,3050000,-900000,2150000
2016/11/07,0,1158000,-1006653,151347
2016/11/08,0,7013329,-10763000,-3749671
2016/11/09,0,3331000,-3254000,77000
2016/11/10,0,3163000,-2411200,751800
2016/11/11,0,4388000,-5421426,-1033426
2016/11/14,0,3788000,-2915800,872200
2016/11/15,0,502000,-1834000,-1332000
2016/11/16,0,1444000,-1201582,242418
2016/11/17,0,1632000,-1556000,76000
2016/11/18,0,948143,-1606000,-657857
2016/11/21,0,152000,-1094778,-942778
2016/11/22,0,1578000,-505678,1072322
2016/11/23,0,1105327,-1816530,-711203
2016/11/24,0,1346000,-7490000,-6144000
2016/11/25,0,3083000,-4993676,-1910676
2016/11/28,0,3597000,-1232992,2364008
2016/11/29,0,7575000,-11633360,-4058360
2016/11/30,0,0,0,0
2016/12/01,0,0,0,0
2016/12/02,0,0,0,0
2016/12/05,0,0,0,0
2016/12/06,0,0,0,0
2016/12/07,0,0,0,0
2016/12/08,0,0,0,0
2016/12/09,0,0,0,0
2016/12/12,0,0,0,0
2016/12/13,0,0,0,0
2016/12/14,0,0,0,0
2016/12/15,0,0,0,0
2016/12/16,0,0,0,0
2016/12/19,0,0,0,0
2016/12/20,0,0,0,0
2016/12/21,0,0,0,0
2016/12/22,0,0,0,0
2016/12/23,0,0,0,0
2016/12/26,0,0,0,0
2016/12/27,0,0,0,0
2016/12/28,0,0,0,0
2016/12/29,0,0,0,0
2016/12/30,0,0,0,0
2017/01/02,0,0,0,0
2017/01/03,0,0,0,0
2017/01/04,0,0,0,0
2017/01/05,0,0,0,0
2017/01/06,0,0,0,0
2017/01/09,0,0,0,0
2017/01/10,0,0,0,0
2017/01/11,0,0,0,0
2017/01/12,0,0,0,0
2017/01/13,0,0,0,0
2017/01/16,0,0,0,0
2017/01/17,0,0,0,0
2017/01/18,0,0,0,0
2017/01/19,0,0,0,0
2017/01/20,0,0,0,0
2017/01/23,0,0,0,0
2017/01/24,0,0,0,0
2017/01/25,0,0,0,0
2017/01/26,0,0,0,0
2017/01/27,0,0,0,0
2017/01/30,0,0,0,0
2017/01/31,0,0,0,0
2017/02/01,0,0,0,0
2017/02/02,0,0,0,0
2017/02/03,0,0,0,0
2017/02/06,0,0,0,0
2017/02/07,0,0,0,0
2017/02/08,0,0,0,0
2017/02/09,0,0,0,0
2017/02/10,0,0,0,0
2017/02/13,0,0,0,0
2017/02/14,0,0,0,0
2017/02/15,0,0,0,0
2017/02/16,0,0,0,0
2017/02/17,0,0,0,0
2017/02/20,0,0,0,0
2017/02/21,0,0,0,0
2017/02/22,0,0,0,0
2017/02/23,0,0,0,0
2017/02/24,0,0,0,0
2017/02/27,0,0,0,0
2017/02/28,0,0,0,0
2017/03/01,0,0,0,0
2017/03/02,0,0,0,0
2017/03/03,0,0,0,0
2017/03/06,0,0,0,0
2017/03/07,0,0,0,0
2017/03/08,0,0,0,0
2017/03/09,0,0,0,0
2017/03/10,0,0,0,0
2017/03/13,0,0,0,0
2017/03/14,0,0,0,0
2017/03/15,0,0,0,0
2017/03/16,0,0,0,0
2017/03/17,0,0,0,0
2017/03/20,0,0,0,0
2017/03/21,0,0,0,0
2017/03/22,0,0,0,0
2017/03/23,0,0,0,0
2017/03/24,0,0,0,0
2017/03/27,0,0,0,0
2017/03/28,0,0,0,0
2017/03/29,0,0,0,0
2017/03/30,0,0,0,0
2017/03/31,0,0,0,0
2017/04/03,0,0,0,0
2017/04/04,0,0,0,0
2017/04/05,0,0,0,0
2017/04/06,0,0,0,0
2017/04/07,0,0,0,0
2017/04/10,0,0,0,0
2017/04/11,0,0,0,0
2017/04/12,0,0,0,0
2017/04/13,0,0,0,0
2017/04/14,0,0,0,0
2017/04/17,0,0,0,0
2017/04/18,0,0,0,0
2017/04/19,0,0,0,0
2017/04/20,0,0,0,0
2017/04/21,0,0,0,0
2017/04/24,0,0,0,0
2017/04/25,0,0,0,0
2017/04/26,0,0,0,0
2017/04/27,0,0,0,0
2017/04/28,0,0,0,0
2017/05/01,0,0,0,0
2017/05/02,0,0,0,0
2017/05/03,0,0,0,0
2017/05/04,0,0,0,0
2017/05/05,0,0,0,0
2017/05/08,0,0,0,0
2017/05/09,0,0,0,0
2017/05/10,0,0,0,0
2017/05/11,0,0,0,0
2017/05/12,0,0,0,0
2017/05/15,0,0,0,0
2017/05/16,0,0,0,0
2017/05/17,0,0,0,0
2017/05/18,0,0,0,0
2017/05/19,0,0,0,0
2017/05/22,0,0,0,0
2017/05/23,0,0,0,0
2017/05/24,0,0,0,0
2017/05/25,0,0,0,0
2017/05/26,0,0,0,0
2017/05/29,0,0,0,0
2017/05/30,0,0,0,0
2017/05/31,0,0,0,0
2017/06/01,0,0,0,0
2017/06/02,0,0,0,0
2017/06/05,0,0,0,0
2017/06/06,0,0,0,0
2017/06/07,0,0,0,0
2017/06/08,0,0,0,0
2017/06/09,0,0,0,0
2017/06/12,0,0,0,0
2017/06/13,0,0,0,0
2017/06/14,0,0,0,0
2017/06/15,0,0,0,0
2017/06/16,0,0,0,0
2017/06/19,0,0,0,0
2017/06/20,0,0,0,0
2017/06/21,0,0,0,0
2017/06/22,0,0,0,0
2017/06/23,0,0,0,0
2017/06/26,0,0,0,0
2017/06/27,0,0,0,0
2017/06/28,0,0,0,0
2017/06/29,0,0,0,0
2017/06/30,0,0,0,0
2017/07/03,0,0,0,0
2017/07/04,0,0,0,0
2017/07/05,0,0,0,0
2017/07/06,0,0,0,0
2017/07/07,0,0,0,0
2017/07/10,0,0,0,0
2017/07/11,0,0,0,0
2017/07/12,0,0,0,0
2017/07/13,0,0,0,0
2017/07/14,0,0,0,0
2017/07/17,0,0,0,0
2017/07/18,0,0,0,0
2017/07/19,0,0,0,0
2017/07/20,0,0,0,0
2017/07/21,0,0,0,0
2017/07/24,0,0,0,0
2017/07/25,0,0,0,0
2017/07/26,0,0,0,0
2017/07/27,0,0,0,0
2017/07/28,0,0,0,0
2017/07/31,0,0,0,0
2017/08/01,0,0,0,0
2017/08/02,0,0,0,0
2017/08/03,0,0,0,0
2017/08/04,0,0,0,0
2017/08/07,0,0,0,0
2017/08/08,0,0,0,0
2017/08/09,0,0,0,0
