Date,Open,Buy,Sell,Total
2007/01/02,0,0,-8000,-8000
2007/01/03,0,700000,-1012000,-312000
2007/01/04,0,345000,-2110000,-1765000
2007/01/05,0,0,-2294000,-2294000
2007/01/08,0,0,-1115000,-1115000
2007/01/09,0,0,0,0
2007/01/10,0,0,-564000,-564000
2007/01/11,0,7000,-483000,-476000
2007/01/12,0,168000,-1267000,-1099000
2007/01/15,0,2000000,0,2000000
2007/01/16,0,4000,-800000,-796000
2007/01/17,0,7000,-1517000,-1510000
2007/01/18,0,0,-57000,-57000
2007/01/19,0,0,-649000,-649000
2007/01/22,0,33000,-201000,-168000
2007/01/23,0,0,-100000,-100000
2007/01/24,0,20000,-55000,-35000
2007/01/25,0,20000,0,20000
2007/01/26,0,0,0,0
2007/01/29,0,0,-22000,-22000
2007/01/30,0,65000,-30000,35000
2007/01/31,0,0,-80000,-80000
2007/02/01,0,0,0,0
2007/02/02,0,2000,0,2000
2007/02/05,0,30000,-1000,29000
2007/02/06,0,54000,-2100000,-2046000
2007/02/07,0,0,-600000,-600000
2007/02/08,0,1000,-1000000,-999000
2007/02/09,0,80000,-540000,-460000
2007/02/12,0,0,0,0
2007/02/13,0,225000,0,225000
2007/02/14,0,79000,-40000,39000
2007/02/15,0,0,0,0
2007/02/16,0,0,0,0
2007/02/19,0,0,0,0
2007/02/20,0,0,0,0
2007/02/21,0,0,0,0
2007/02/22,0,0,0,0
2007/02/23,0,0,0,0
2007/02/26,0,0,0,0
2007/02/27,0,0,0,0
2007/02/28,0,0,0,0
2007/03/01,0,352000,0,352000
2007/03/02,0,845000,0,845000
2007/03/05,0,0,0,0
2007/03/06,0,15000,-17000,-2000
2007/03/07,0,950000,-16000,934000
2007/03/08,0,0,-80000,-80000
2007/03/09,0,0,0,0
2007/03/12,0,3000,0,3000
2007/03/13,0,0,-166000,-166000
2007/03/14,0,820000,-235000,585000
2007/03/15,0,641000,0,641000
2007/03/16,0,1600000,-951000,649000
2007/03/19,0,541000,-1304000,-763000
2007/03/20,0,2000000,-3000,1997000
2007/03/21,0,200000,-5000,195000
2007/03/22,0,0,-2000,-2000
2007/03/23,0,0,-309000,-309000
2007/03/26,0,0,-1000,-1000
2007/03/27,0,0,-3000000,-3000000
2007/03/28,0,0,-2300000,-2300000
2007/03/29,0,0,-103000,-103000
2007/03/30,0,0,-202000,-202000
2007/04/02,0,0,0,0
2007/04/03,0,1300000,0,1300000
2007/04/04,0,899000,0,899000
2007/04/05,0,0,0,0
2007/04/06,0,0,0,0
2007/04/09,0,500000,-1000,499000
2007/04/10,0,500000,-3000,497000
2007/04/11,0,2000,0,2000
2007/04/12,0,1000000,-1000,999000
2007/04/13,0,0,-3000,-3000
2007/04/16,0,0,0,0
2007/04/17,0,8000,-150000,-142000
2007/04/18,0,0,0,0
2007/04/19,0,3000,-430000,-427000
2007/04/20,0,100000,-1944000,-1844000
2007/04/23,0,319000,0,319000
2007/04/24,0,14000,0,14000
2007/04/25,0,0,0,0
2007/04/26,0,0,0,0
2007/04/27,0,0,0,0
2007/04/30,0,0,0,0
2007/05/01,0,0,0,0
2007/05/02,0,6000,0,6000
2007/05/03,0,16000,0,16000
2007/05/04,0,0,0,0
2007/05/07,0,0,0,0
2007/05/08,0,0,-1000,-1000
2007/05/09,0,774000,-45000,729000
2007/05/10,0,608000,-10000,598000
2007/05/11,0,0,-5000,-5000
2007/05/14,0,0,-277000,-277000
2007/05/15,0,23000,-1000,22000
2007/05/16,0,500000,-3000,497000
2007/05/17,0,300000,-153000,147000
2007/05/18,0,0,-26000,-26000
2007/05/21,0,0,-9000,-9000
2007/05/22,0,2000,0,2000
2007/05/23,0,0,-517000,-517000
2007/05/24,0,0,0,0
2007/05/25,0,1000,0,1000
2007/05/28,0,0,-519000,-519000
2007/05/29,0,565000,0,565000
2007/05/30,0,900000,-200000,700000
2007/05/31,0,900000,-87000,813000
2007/06/01,0,0,0,0
2007/06/04,0,4000,-217000,-213000
2007/06/05,0,0,-517000,-517000
2007/06/06,0,603000,-200000,403000
2007/06/07,0,0,0,0
2007/06/08,0,0,0,0
2007/06/11,0,0,0,0
2007/06/12,0,1265000,-168000,1097000
2007/06/13,0,634000,-300000,334000
2007/06/14,0,1100000,-2000,1098000
2007/06/15,0,154000,-7000,147000
2007/06/18,0,0,0,0
2007/06/19,0,0,0,0
2007/06/20,0,179000,-4000,175000
2007/06/21,0,860000,-5000,855000
2007/06/22,0,665000,-38000,627000
2007/06/25,0,0,-794000,-794000
2007/06/26,0,100000,0,100000
2007/06/27,0,0,0,0
2007/06/28,0,0,-130000,-130000
2007/06/29,0,2000,0,2000
2007/07/02,0,0,-200000,-200000
2007/07/03,0,0,-4000,-4000
2007/07/04,0,1000,-50000,-49000
2007/07/05,0,799000,-266000,533000
2007/07/06,0,269000,-979000,-710000
2007/07/09,0,1058000,0,1058000
2007/07/10,0,1792000,0,1792000
2007/07/11,0,101000,0,101000
2007/07/12,0,700000,-6000,694000
2007/07/13,0,100000,0,100000
2007/07/16,0,0,0,0
2007/07/17,0,0,-803000,-803000
2007/07/18,0,809000,-247000,562000
2007/07/19,0,1000,-650000,-649000
2007/07/20,0,2000,-1000,1000
2007/07/23,0,503000,-14000,489000
2007/07/24,0,0,-229000,-229000
2007/07/25,0,2000,0,2000
2007/07/26,0,2000,-348000,-346000
2007/07/27,0,5000,0,5000
2007/07/30,0,0,-2000,-2000
2007/07/31,0,0,-150000,-150000
2007/08/01,0,2000,-143000,-141000
2007/08/02,0,3000,-2000,1000
2007/08/03,0,0,-4000,-4000
2007/08/06,0,164000,0,164000
2007/08/07,0,13000,-2405000,-2392000
2007/08/08,0,17000,0,17000
2007/08/09,0,0,0,0
2007/08/10,0,25000,-140000,-115000
2007/08/13,0,13000,0,13000
2007/08/14,0,15000,0,15000
2007/08/15,0,4000,-150000,-146000
2007/08/16,0,623000,-1182000,-559000
2007/08/17,0,6000,-4000,2000
2007/08/20,0,10000,-2250000,-2240000
2007/08/21,0,0,-1000000,-1000000
2007/08/22,0,20000,-854000,-834000
2007/08/23,0,4000,-2350000,-2346000
2007/08/24,0,0,-5000,-5000
2007/08/27,0,3000,-1153000,-1150000
2007/08/28,0,3000,-960000,-957000
2007/08/29,0,0,-1031000,-1031000
2007/08/30,0,0,-1200000,-1200000
2007/08/31,0,0,-114000,-114000
2007/09/03,0,4000,-49000,-45000
2007/09/04,0,13000,-6000,7000
2007/09/05,0,0,-400000,-400000
2007/09/06,0,0,0,0
2007/09/07,0,2000,-27000,-25000
2007/09/10,0,0,-2000,-2000
2007/09/11,0,0,-168000,-168000
2007/09/12,0,0,0,0
2007/09/13,0,0,0,0
2007/09/14,0,4000,0,4000
2007/09/17,0,0,0,0
2007/09/18,0,0,0,0
2007/09/19,0,1000,0,1000
2007/09/20,0,2000,0,2000
2007/09/21,0,2000,0,2000
2007/09/24,0,0,0,0
2007/09/25,0,0,0,0
2007/09/26,0,6000,-255000,-249000
2007/09/27,0,2000,-60040,-58040
2007/09/28,0,1500000,-75000,1425000
2007/10/01,0,0,-5000,-5000
2007/10/02,0,60000,-8000,52000
2007/10/03,0,0,-5000,-5000
2007/10/04,0,0,0,0
2007/10/05,0,0,-36000,-36000
2007/10/08,0,10000,-10000,0
2007/10/09,0,2000,0,2000
2007/10/10,0,0,0,0
2007/10/11,0,0,-262000,-262000
2007/10/12,0,0,0,0
2007/10/15,0,3000,-9000,-6000
2007/10/16,0,4000,0,4000
2007/10/17,0,0,0,0
2007/10/18,0,0,-330000,-330000
2007/10/19,0,0,-11000,-11000
2007/10/22,0,2000,0,2000
2007/10/23,0,0,0,0
2007/10/24,0,0,0,0
2007/10/25,0,3000,0,3000
2007/10/26,0,0,0,0
2007/10/29,0,2000,0,2000
2007/10/30,0,2000,-12000,-10000
2007/10/31,0,79000,0,79000
2007/11/01,0,5000,0,5000
2007/11/02,0,4000,0,4000
2007/11/05,0,0,-100000,-100000
2007/11/06,0,1000,-24000,-23000
2007/11/07,0,1000,0,1000
2007/11/08,0,4000,0,4000
2007/11/09,0,36000,0,36000
2007/11/12,0,5000,-204000,-199000
2007/11/13,0,3000,-1000,2000
2007/11/14,0,1000,-149000,-148000
2007/11/15,0,1000,-980,20
2007/11/16,0,0,0,0
2007/11/19,0,20000,-131000,-111000
2007/11/20,0,0,0,0
2007/11/21,0,0,0,0
2007/11/22,0,120000,0,120000
2007/11/23,0,40000,0,40000
2007/11/26,0,0,0,0
2007/11/27,0,13000,0,13000
2007/11/28,0,0,0,0
2007/11/29,0,0,0,0
2007/11/30,0,2000,0,2000
2007/12/03,0,2000,0,2000
2007/12/04,0,2000,0,2000
2007/12/05,0,262000,0,262000
2007/12/06,0,0,0,0
2007/12/07,0,0,0,0
2007/12/10,0,0,0,0
2007/12/11,0,0,0,0
2007/12/12,0,0,0,0
2007/12/13,0,8000,0,8000
2007/12/14,0,0,-5000,-5000
2007/12/17,0,0,0,0
2007/12/18,0,199000,0,199000
2007/12/19,0,0,0,0
2007/12/20,0,0,0,0
2007/12/21,0,0,-7000,-7000
2007/12/24,0,1000,-109000,-108000
2007/12/25,0,0,-90000,-90000
2007/12/26,0,0,0,0
2007/12/27,0,110000,0,110000
2007/12/28,0,0,0,0
2007/12/31,0,14000,0,14000
2008/01/01,0,0,0,0
2008/01/02,0,80000,-372000,-292000
2008/01/03,0,0,-1000,-1000
2008/01/04,0,0,-24340,-24340
2008/01/07,0,0,-3000,-3000
2008/01/08,0,0,-24000,-24000
2008/01/09,0,0,-2000,-2000
2008/01/10,0,20000,-25000,-5000
2008/01/11,0,20000,0,20000
2008/01/14,0,0,-5000,-5000
2008/01/15,0,0,-10000,-10000
2008/01/16,0,0,0,0
2008/01/17,0,1156000,-4000,1152000
2008/01/18,0,6680000,0,6680000
2008/01/21,0,227000,0,227000
2008/01/22,0,590000,0,590000
2008/01/23,0,0,0,0
2008/01/24,0,1376000,0,1376000
2008/01/25,0,120000,0,120000
2008/01/28,0,723000,0,723000
2008/01/29,0,494000,-325000,169000
2008/01/30,0,103000,0,103000
2008/01/31,0,2220000,0,2220000
2008/02/01,0,945000,0,945000
2008/02/04,0,0,0,0
2008/02/05,0,0,0,0
2008/02/06,0,0,0,0
2008/02/07,0,0,0,0
2008/02/08,0,0,0,0
2008/02/11,0,0,0,0
2008/02/12,0,0,-6000,-6000
2008/02/13,0,865000,-2000,863000
2008/02/14,0,0,0,0
2008/02/15,0,36000,0,36000
2008/02/18,0,39000,0,39000
2008/02/19,0,77000,-223000,-146000
2008/02/20,0,11000,-602000,-591000
2008/02/21,0,0,0,0
2008/02/22,0,0,0,0
2008/02/25,0,0,-1000,-1000
2008/02/26,0,0,0,0
2008/02/27,0,0,-12000,-12000
2008/02/28,0,0,0,0
2008/02/29,0,1000,0,1000
2008/03/03,0,0,-1000,-1000
2008/03/04,0,0,0,0
2008/03/05,0,0,-2000,-2000
2008/03/06,0,0,-151000,-151000
2008/03/07,0,0,0,0
2008/03/10,0,57000,0,57000
2008/03/11,0,2000,0,2000
2008/03/12,0,6000,0,6000
2008/03/13,0,0,0,0
2008/03/14,0,0,0,0
2008/03/17,0,0,-1000,-1000
2008/03/18,0,0,-2235000,-2235000
2008/03/19,0,4000,-800000,-796000
2008/03/20,0,0,-2885000,-2885000
2008/03/21,0,1000,0,1000
2008/03/24,0,0,0,0
2008/03/25,0,1000,-75000,-74000
2008/03/26,0,0,0,0
2008/03/27,0,0,-8000,-8000
2008/03/28,0,0,0,0
2008/03/31,0,0,-476000,-476000
2008/04/01,0,500000,-2528000,-2028000
2008/04/02,0,0,0,0
2008/04/03,0,500000,0,500000
2008/04/04,0,0,0,0
2008/04/07,0,0,-57000,-57000
2008/04/08,0,0,0,0
2008/04/09,0,0,0,0
2008/04/10,0,0,0,0
2008/04/11,0,0,0,0
2008/04/14,0,6000,0,6000
2008/04/15,0,0,-4000,-4000
2008/04/16,0,0,-7000,-7000
2008/04/17,0,0,0,0
2008/04/18,0,1000,-31000,-30000
2008/04/21,0,0,0,0
2008/04/22,0,0,0,0
2008/04/23,0,0,0,0
2008/04/24,0,0,0,0
2008/04/25,0,30000,0,30000
2008/04/28,0,7000,0,7000
2008/04/29,0,0,0,0
2008/04/30,0,18000,0,18000
2008/05/01,0,0,0,0
2008/05/02,0,20000,-33000,-13000
2008/05/05,0,8000,-2000,6000
2008/05/06,0,9000,0,9000
2008/05/07,0,10000,0,10000
2008/05/08,0,0,-2000,-2000
2008/05/09,0,0,0,0
2008/05/12,0,0,-35000,-35000
2008/05/13,0,11000,-12000,-1000
2008/05/14,0,3000,-40000,-37000
2008/05/15,0,34000,0,34000
2008/05/16,0,0,0,0
2008/05/19,0,0,-2000,-2000
2008/05/20,0,0,-6000,-6000
2008/05/21,0,200000,-2000,198000
2008/05/22,0,0,0,0
2008/05/23,0,2000,0,2000
2008/05/26,0,0,0,0
2008/05/27,0,4000,0,4000
2008/05/28,0,3000,0,3000
2008/05/29,0,15000,-50000,-35000
2008/05/30,0,11000,-2128000,-2117000
2008/06/02,0,0,0,0
2008/06/03,0,0,0,0
2008/06/04,0,2655000,0,2655000
2008/06/05,0,0,0,0
2008/06/06,0,3495000,0,3495000
2008/06/09,0,0,0,0
2008/06/10,0,0,0,0
2008/06/11,0,13000,0,13000
2008/06/12,0,0,0,0
2008/06/13,0,0,0,0
2008/06/16,0,0,-8000,-8000
2008/06/17,0,0,-200000,-200000
2008/06/18,0,0,0,0
2008/06/19,0,0,0,0
2008/06/20,0,20000,0,20000
2008/06/23,0,460000,0,460000
2008/06/24,0,27000,0,27000
2008/06/25,0,0,0,0
2008/06/26,0,500000,0,500000
2008/06/27,0,0,0,0
2008/06/30,0,0,0,0
2008/07/01,0,0,-20000,-20000
2008/07/02,0,0,-539000,-539000
2008/07/03,0,0,0,0
2008/07/04,0,0,-1000,-1000
2008/07/07,0,11000,0,11000
2008/07/08,0,0,0,0
2008/07/09,0,25000,0,25000
2008/07/10,0,800000,-24000,776000
2008/07/11,0,211000,0,211000
2008/07/14,0,0,0,0
2008/07/15,0,3000,-3000,0
2008/07/16,0,14000,-1000,13000
2008/07/17,0,1000,-1500000,-1499000
2008/07/18,0,0,-3115000,-3115000
2008/07/21,0,1000,-2478986,-2477986
2008/07/22,0,0,-2160000,-2160000
2008/07/23,0,0,-1425000,-1425000
2008/07/24,0,0,-11000,-11000
2008/07/25,0,0,-4240,-4240
2008/07/28,0,0,0,0
2008/07/29,0,0,0,0
2008/07/30,0,0,-12000,-12000
2008/07/31,0,2000,0,2000
2008/08/01,0,0,0,0
2008/08/04,0,0,0,0
2008/08/05,0,0,-39000,-39000
2008/08/06,0,0,0,0
2008/08/07,0,0,0,0
2008/08/08,0,23000,0,23000
2008/08/11,0,0,0,0
2008/08/12,0,0,0,0
2008/08/13,0,0,0,0
2008/08/14,0,21000,0,21000
2008/08/15,0,1000,0,1000
2008/08/18,0,0,-6000,-6000
2008/08/19,0,2000,-14000,-12000
2008/08/20,0,1000,-10000,-9000
2008/08/21,0,0,-12000,-12000
2008/08/22,0,0,0,0
2008/08/25,0,598000,-2500000,-1902000
2008/08/26,0,1000,0,1000
2008/08/27,0,0,-30000,-30000
2008/08/28,0,0,0,0
2008/08/29,0,0,-13000,-13000
2008/09/01,0,0,0,0
2008/09/02,0,0,0,0
2008/09/03,0,9000,0,9000
2008/09/04,0,2000,0,2000
2008/09/05,0,0,0,0
2008/09/08,0,1000,0,1000
2008/09/09,0,0,0,0
2008/09/10,0,0,0,0
2008/09/11,0,0,0,0
2008/09/12,0,0,0,0
2008/09/15,0,0,0,0
2008/09/16,0,0,0,0
2008/09/17,0,4000,-15000,-11000
2008/09/18,0,2000,0,2000
2008/09/19,0,0,-91000,-91000
2008/09/22,0,0,-3000,-3000
2008/09/23,0,259000,0,259000
2008/09/24,0,0,0,0
2008/09/25,0,39000,-15000,24000
2008/09/26,0,0,0,0
2008/09/29,0,0,0,0
2008/09/30,0,0,0,0
2008/10/01,0,0,-3000,-3000
2008/10/02,0,0,0,0
2008/10/03,0,0,-3000,-3000
2008/10/06,0,0,-12000,-12000
2008/10/07,0,0,-12000,-12000
2008/10/08,0,0,-3000,-3000
2008/10/09,0,9000,0,9000
2008/10/10,0,0,0,0
2008/10/13,0,0,0,0
2008/10/14,0,0,0,0
2008/10/15,0,595000,-380,594620
2008/10/16,0,0,0,0
2008/10/17,0,0,-22000,-22000
2008/10/20,0,0,0,0
2008/10/21,0,9000,0,9000
2008/10/22,0,0,-32000,-32000
2008/10/23,0,4000,0,4000
2008/10/24,0,0,0,0
2008/10/27,0,0,0,0
2008/10/28,0,5000,-159000,-154000
2008/10/29,0,57000,-589000,-532000
2008/10/30,0,0,-5000,-5000
2008/10/31,0,4000,-3000,1000
2008/11/03,0,0,-275000,-275000
2008/11/04,0,0,-1000,-1000
2008/11/05,0,0,-1000,-1000
2008/11/06,0,0,-3000,-3000
2008/11/07,0,0,-10000,-10000
2008/11/10,0,3000,0,3000
2008/11/11,0,0,0,0
2008/11/12,0,159000,0,159000
2008/11/13,0,164000,0,164000
2008/11/14,0,1000,-48000,-47000
2008/11/17,0,49000,-23000,26000
2008/11/18,0,0,0,0
2008/11/19,0,0,-180000,-180000
2008/11/20,0,53000,0,53000
2008/11/21,0,0,0,0
2008/11/24,0,2000,-155000,-153000
2008/11/25,0,1000,-138000,-137000
2008/11/26,0,0,0,0
2008/11/27,0,0,0,0
2008/11/28,0,0,-3000,-3000
2008/12/01,0,0,0,0
2008/12/02,0,0,-27000,-27000
2008/12/03,0,0,0,0
2008/12/04,0,3000,0,3000
2008/12/05,0,0,0,0
2008/12/08,0,0,-33000,-33000
2008/12/09,0,1000,0,1000
2008/12/10,0,30000,0,30000
2008/12/11,0,0,-1000,-1000
2008/12/12,0,0,0,0
2008/12/15,0,0,0,0
2008/12/16,0,0,0,0
2008/12/17,0,0,0,0
2008/12/18,0,0,-7000,-7000
2008/12/19,0,1750000,-78000,1672000
2008/12/22,0,23000,-430000,-407000
2008/12/23,0,0,0,0
2008/12/24,0,0,0,0
2008/12/25,0,0,0,0
2008/12/26,0,2000,0,2000
2008/12/29,0,0,0,0
2008/12/30,0,0,0,0
2008/12/31,0,300000,-5000,295000
2009/01/01,0,0,0,0
2009/01/02,0,0,0,0
2009/01/05,0,350000,0,350000
2009/01/06,0,50000,0,50000
2009/01/07,0,3128000,0,3128000
2009/01/08,0,258000,0,258000
2009/01/09,0,1155000,0,1155000
2009/01/12,0,0,0,0
2009/01/13,0,0,0,0
2009/01/14,0,0,-2000,-2000
2009/01/15,0,0,0,0
2009/01/16,0,0,0,0
2009/01/19,0,2561000,-6260000,-3699000
2009/01/20,0,834000,-1440000,-606000
2009/01/21,0,500000,-149016,350984
2009/01/22,0,0,0,0
2009/01/23,0,0,0,0
2009/01/26,0,0,0,0
2009/01/27,0,0,0,0
2009/01/28,0,0,0,0
2009/01/29,0,0,0,0
2009/01/30,0,0,0,0
2009/02/02,0,0,0,0
2009/02/03,0,1392000,-128000,1264000
2009/02/04,0,55000,0,55000
2009/02/05,0,0,0,0
2009/02/06,0,1108000,0,1108000
2009/02/09,0,690000,-1000,689000
2009/02/10,0,7000,-50000,-43000
2009/02/11,0,400000,-3549000,-3149000
2009/02/12,0,890000,-712000,178000
2009/02/13,0,0,0,0
2009/02/16,0,0,0,0
2009/02/17,0,3000,-1370000,-1367000
2009/02/18,0,12000,-1064000,-1052000
2009/02/19,0,0,-734000,-734000
2009/02/20,0,0,-105000,-105000
2009/02/23,0,300000,0,300000
2009/02/24,0,0,-100000,-100000
2009/02/25,0,0,-76000,-76000
2009/02/26,0,352000,0,352000
2009/02/27,0,360000,-1029000,-669000
2009/03/02,0,55000,0,55000
2009/03/03,0,792000,-100000,692000
2009/03/04,0,0,0,0
2009/03/05,0,0,0,0
2009/03/06,0,0,-2206000,-2206000
2009/03/09,0,0,-1348000,-1348000
2009/03/10,0,0,-1000000,-1000000
2009/03/11,0,0,-582000,-582000
2009/03/12,0,0,0,0
2009/03/13,0,17000,-277000,-260000
2009/03/16,0,0,0,0
2009/03/17,0,0,-98000,-98000
2009/03/18,0,0,0,0
2009/03/19,0,0,-336000,-336000
2009/03/20,0,0,0,0
2009/03/23,0,39000,-6000,33000
2009/03/24,0,0,-491000,-491000
2009/03/25,0,400000,-5000,395000
2009/03/26,0,0,-3000,-3000
2009/03/27,0,444000,0,444000
2009/03/30,0,8362000,-1000,8361000
2009/03/31,0,2408000,0,2408000
2009/04/01,0,4175000,0,4175000
2009/04/02,0,325000,0,325000
2009/04/03,0,0,-1300000,-1300000
2009/04/06,0,0,-1650000,-1650000
2009/04/07,0,0,0,0
2009/04/08,0,550000,0,550000
2009/04/09,0,0,-1100000,-1100000
2009/04/10,0,0,-227000,-227000
2009/04/13,0,0,-333000,-333000
2009/04/14,0,0,0,0
2009/04/15,0,1500000,-800000,700000
2009/04/16,0,280000,0,280000
2009/04/17,0,4080000,-4000,4076000
2009/04/20,0,980000,-131000,849000
2009/04/21,0,0,0,0
2009/04/22,0,5534000,0,5534000
2009/04/23,0,655000,0,655000
2009/04/24,0,250000,0,250000
2009/04/27,0,0,-1280000,-1280000
2009/04/28,0,2677000,-1010000,1667000
2009/04/29,0,0,0,0
2009/04/30,0,2003000,0,2003000
2009/05/01,0,0,0,0
2009/05/04,0,3444000,0,3444000
2009/05/05,0,3894000,-4800000,-906000
2009/05/06,0,0,0,0
2009/05/07,0,3630000,0,3630000
2009/05/08,0,100000,-566000,-466000
2009/05/11,0,0,-204000,-204000
2009/05/12,0,1833000,-617000,1216000
2009/05/13,0,0,-208927,-208927
2009/05/14,0,0,-335000,-335000
2009/05/15,0,0,0,0
2009/05/18,0,0,-1134000,-1134000
2009/05/19,0,570000,-1985000,-1415000
2009/05/20,0,1000,0,1000
2009/05/21,0,0,-1800000,-1800000
2009/05/22,0,0,-3679000,-3679000
2009/05/25,0,49000,-125000,-76000
2009/05/26,0,265000,-1820000,-1555000
2009/05/27,0,292000,-1459000,-1167000
2009/05/28,0,0,0,0
2009/05/29,0,0,0,0
2009/06/01,0,309000,-1268000,-959000
2009/06/02,0,116000,-1209000,-1093000
2009/06/03,0,0,-4185000,-4185000
2009/06/04,0,16000,-4369000,-4353000
2009/06/05,0,0,-5000,-5000
2009/06/08,0,24000,0,24000
2009/06/09,0,3000,-140000,-137000
2009/06/10,0,2000,-51000,-49000
2009/06/11,0,11000,0,11000
2009/06/12,0,0,-670000,-670000
2009/06/15,0,7000,0,7000
2009/06/16,0,3000,0,3000
2009/06/17,0,586000,0,586000
2009/06/18,0,11000,0,11000
2009/06/19,0,253000,0,253000
2009/06/22,0,8000,0,8000
2009/06/23,0,0,-19000,-19000
2009/06/24,0,0,-5000,-5000
2009/06/25,0,4000,0,4000
2009/06/26,0,0,-208000,-208000
2009/06/29,0,0,0,0
2009/06/30,0,0,0,0
2009/07/01,0,0,0,0
2009/07/02,0,0,0,0
2009/07/03,0,0,-7000,-7000
2009/07/06,0,0,-2000,-2000
2009/07/07,0,4000,-396000,-392000
2009/07/08,0,0,-400000,-400000
2009/07/09,0,0,0,0
2009/07/10,0,0,-5000,-5000
2009/07/13,0,1000,-7000,-6000
2009/07/14,0,0,-27000,-27000
2009/07/15,0,0,0,0
2009/07/16,0,0,-4000,-4000
2009/07/17,0,400000,0,400000
2009/07/20,0,361000,0,361000
2009/07/21,0,566000,-12000,554000
2009/07/22,0,0,-22000,-22000
2009/07/23,0,1393000,-17000,1376000
2009/07/24,0,1720000,-12000,1708000
2009/07/27,0,3721000,-2000,3719000
2009/07/28,0,11920000,-3000,11917000
2009/07/29,0,1507000,-8000,1499000
2009/07/30,0,0,-45000,-45000
2009/07/31,0,4160000,-4000,4156000
2009/08/03,0,4460000,0,4460000
2009/08/04,0,941000,-11000,930000
2009/08/05,0,2020000,0,2020000
2009/08/06,0,808000,-3652000,-2844000
2009/08/07,0,0,0,0
2009/08/10,0,8258000,-11000,8247000
2009/08/11,0,774000,-2721000,-1947000
2009/08/12,0,0,-94000,-94000
2009/08/13,0,6000,-253000,-247000
2009/08/14,0,1000,-252000,-251000
2009/08/17,0,6644000,-3000,6641000
2009/08/18,0,5000,-3600000,-3595000
2009/08/19,0,2000,0,2000
2009/08/20,0,1453000,-2000,1451000
2009/08/21,0,4481000,-4000,4477000
2009/08/24,0,2004000,0,2004000
2009/08/25,0,0,0,0
2009/08/26,0,1613000,0,1613000
2009/08/27,0,158000,-1606000,-1448000
2009/08/28,0,1453000,0,1453000
2009/08/31,0,829000,0,829000
2009/09/01,0,1678000,-75000,1603000
2009/09/02,0,201000,0,201000
2009/09/03,0,600000,-5000,595000
2009/09/04,0,0,-6000,-6000
2009/09/07,0,0,-5000,-5000
2009/09/08,0,0,-570000,-570000
2009/09/09,0,140000,-2560000,-2420000
2009/09/10,0,446000,-1182000,-736000
2009/09/11,0,497000,0,497000
2009/09/14,0,12000,-126000,-114000
2009/09/15,0,2000,-3238000,-3236000
2009/09/16,0,246000,-1820000,-1574000
2009/09/17,0,1168000,0,1168000
2009/09/18,0,200000,-5000,195000
2009/09/21,0,300000,-33000,267000
2009/09/22,0,2823000,0,2823000
2009/09/23,0,219000,-5796000,-5577000
2009/09/24,0,0,-275000,-275000
2009/09/25,0,575000,-127000,448000
2009/09/28,0,796000,0,796000
2009/09/29,0,4266000,0,4266000
2009/09/30,0,1145000,-2000,1143000
2009/10/01,0,4063000,0,4063000
2009/10/02,0,17000,-595000,-578000
2009/10/05,0,0,0,0
2009/10/06,0,438000,0,438000
2009/10/07,0,0,-180000,-180000
2009/10/08,0,0,-234000,-234000
2009/10/09,0,516000,-181000,335000
2009/10/12,0,0,-1050000,-1050000
2009/10/13,0,198000,-150000,48000
2009/10/14,0,1713000,-3000,1710000
2009/10/15,0,150000,0,150000
2009/10/16,0,101000,0,101000
2009/10/19,0,10000,0,10000
2009/10/20,0,3000,-180000,-177000
2009/10/21,0,66000,-7000,59000
2009/10/22,0,500000,0,500000
2009/10/23,0,222000,0,222000
2009/10/26,0,0,0,0
2009/10/27,0,155000,-2004000,-1849000
2009/10/28,0,100000,-878000,-778000
2009/10/29,0,252000,-885000,-633000
2009/10/30,0,91000,-566000,-475000
2009/11/02,0,6000,-945000,-939000
2009/11/03,0,4000,-1000,3000
2009/11/04,0,0,-3238000,-3238000
2009/11/05,0,2197000,-4000000,-1803000
2009/11/06,0,2000,-1014000,-1012000
2009/11/09,0,1005000,-361000,644000
2009/11/10,0,172000,-429000,-257000
2009/11/11,0,0,0,0
2009/11/12,0,0,-26000,-26000
2009/11/13,0,5000,-85000,-80000
2009/11/16,0,60000,-6000,54000
2009/11/17,0,0,-3672000,-3672000
2009/11/18,0,0,-1458000,-1458000
2009/11/19,0,150000,-1973000,-1823000
2009/11/20,0,0,-4000,-4000
2009/11/23,0,0,-357000,-357000
2009/11/24,0,0,-571000,-571000
2009/11/25,0,0,-1800000,-1800000
2009/11/26,0,0,-3459000,-3459000
2009/11/27,0,0,-4947000,-4947000
2009/11/30,0,21000,-804000,-783000
2009/12/01,0,0,-713000,-713000
2009/12/02,0,0,-192000,-192000
2009/12/03,0,0,0,0
2009/12/04,0,1277000,-5000,1272000
2009/12/07,0,500000,-113000,387000
2009/12/08,0,2000000,0,2000000
2009/12/09,0,1798000,0,1798000
2009/12/10,0,406000,-1000,405000
2009/12/11,0,5561000,0,5561000
2009/12/14,0,112000,0,112000
2009/12/15,0,2055000,0,2055000
2009/12/16,0,0,-2000,-2000
2009/12/17,0,0,0,0
2009/12/18,0,3000,-100000,-97000
2009/12/21,0,1858000,0,1858000
2009/12/22,0,0,-836000,-836000
2009/12/23,0,10655000,-100000,10555000
2009/12/24,0,1620000,0,1620000
2009/12/25,0,19447000,-8000,19439000
2009/12/28,0,6400000,-2908000,3492000
2009/12/29,0,2410000,-6822000,-4412000
2009/12/30,0,1550000,-380000,1170000
2009/12/31,0,929000,-1000000,-71000
2010/01/01,0,0,0,0
2010/01/04,0,549000,-2418000,-1869000
2010/01/05,0,2951000,-2750000,201000
2010/01/06,0,3684000,-638000,3046000
2010/01/07,0,2907000,-852000,2055000
2010/01/08,0,3600000,-1048000,2552000
2010/01/11,0,3000000,-1000,2999000
2010/01/12,0,885000,-503000,382000
2010/01/13,0,4470000,-500000,3970000
2010/01/14,0,3000000,-452000,2548000
2010/01/15,0,436000,-96000,340000
2010/01/18,0,0,-238000,-238000
2010/01/19,0,1000,-4574000,-4573000
2010/01/20,0,355000,-959000,-604000
2010/01/21,0,20000,-2026000,-2006000
2010/01/22,0,1426000,-3100000,-1674000
2010/01/25,0,22000,-48000,-26000
2010/01/26,0,0,-1063000,-1063000
2010/01/27,0,4032000,-2875000,1157000
2010/01/28,0,202000,-1775000,-1573000
2010/01/29,0,2000,-5482000,-5480000
2010/02/01,0,2000,-583000,-581000
2010/02/02,0,513000,-324000,189000
2010/02/03,0,434000,-612000,-178000
2010/02/04,0,1048000,-14000,1034000
2010/02/05,0,576000,-260000,316000
2010/02/08,0,159000,-17941,141059
2010/02/09,0,77000,0,77000
2010/02/10,0,5189000,0,5189000
2010/02/11,0,0,0,0
2010/02/12,0,0,0,0
2010/02/15,0,0,0,0
2010/02/16,0,0,0,0
2010/02/17,0,0,0,0
2010/02/18,0,0,0,0
2010/02/19,0,0,0,0
2010/02/22,0,1351000,-1580213,-229213
2010/02/23,0,301000,-2302978,-2001978
2010/02/24,0,1065000,-20000,1045000
2010/02/25,0,16000,0,16000
2010/02/26,0,152000,-265000,-113000
2010/03/01,0,2047000,-2147672,-100672
2010/03/02,0,3352000,-10000,3342000
2010/03/03,0,1050000,0,1050000
2010/03/04,0,500000,0,500000
2010/03/05,0,823000,0,823000
2010/03/08,0,4100000,0,4100000
2010/03/09,0,3125000,0,3125000
2010/03/10,0,414000,-2000,412000
2010/03/11,0,1143000,-196000,947000
2010/03/12,0,572000,0,572000
2010/03/15,0,147000,-2000,145000
2010/03/16,0,0,-184000,-184000
2010/03/17,0,4635000,-189000,4446000
2010/03/18,0,193000,-3000,190000
2010/03/19,0,505000,-193000,312000
2010/03/22,0,200000,-93000,107000
2010/03/23,0,2000,-172000,-170000
2010/03/24,0,922000,-252000,670000
2010/03/25,0,0,-3000,-3000
2010/03/26,0,0,-401000,-401000
2010/03/29,0,517000,-793000,-276000
2010/03/30,0,2526000,-545000,1981000
2010/03/31,0,0,-402000,-402000
2010/04/01,0,1653000,-1010234,642766
2010/04/02,0,158000,-2133000,-1975000
2010/04/05,0,0,0,0
2010/04/06,0,0,-2175175,-2175175
2010/04/07,0,0,-1875250,-1875250
2010/04/08,0,34000,-643000,-609000
2010/04/09,0,0,-6760000,-6760000
2010/04/12,0,660000,-5780097,-5120097
2010/04/13,0,304000,-2422000,-2118000
2010/04/14,0,47000,-7104000,-7057000
2010/04/15,0,100000,-5167894,-5067894
2010/04/16,0,0,-6104000,-6104000
2010/04/19,0,0,-7777322,-7777322
2010/04/20,0,333000,-7632000,-7299000
2010/04/21,0,383000,-1113,381887
2010/04/22,0,0,-1000000,-1000000
2010/04/23,0,0,-200000,-200000
2010/04/26,0,0,-1500000,-1500000
2010/04/27,0,121000,-8544789,-8423789
2010/04/28,0,1000,-2531788,-2530788
2010/04/29,0,0,-3721000,-3721000
2010/04/30,0,0,-10000,-10000
2010/05/03,0,0,-254408,-254408
2010/05/04,0,0,-1426000,-1426000
2010/05/05,0,0,-344000,-344000
2010/05/06,0,0,-2000,-2000
2010/05/07,0,116000,-332000,-216000
2010/05/10,0,0,-450000,-450000
2010/05/11,0,109000,-100000,9000
2010/05/12,0,1000,-1096000,-1095000
2010/05/13,0,112000,-1000000,-888000
2010/05/14,0,7000,0,7000
2010/05/17,0,1000,-1021000,-1020000
2010/05/18,0,3000,-650000,-647000
2010/05/19,0,80000,-6171000,-6091000
2010/05/20,0,2000,-318000,-316000
2010/05/21,0,0,-100000,-100000
2010/05/24,0,500000,-4000,496000
2010/05/25,0,1000,0,1000
2010/05/26,0,216000,0,216000
2010/05/27,0,5000,-2000,3000
2010/05/28,0,0,-1760000,-1760000
2010/05/31,0,0,0,0
2010/06/01,0,1000,0,1000
2010/06/02,0,1000000,-1200000,-200000
2010/06/03,0,0,-871000,-871000
2010/06/04,0,200000,0,200000
2010/06/07,0,0,0,0
2010/06/08,0,4000,-1000,3000
2010/06/09,0,2000,0,2000
2010/06/10,0,5000,-1000,4000
2010/06/11,0,0,0,0
2010/06/14,0,3000,-1000,2000
2010/06/15,0,0,-221000,-221000
2010/06/16,0,0,0,0
2010/06/17,0,200000,-89000,111000
2010/06/18,0,4000,-10000,-6000
2010/06/21,0,0,0,0
2010/06/22,0,0,-7000,-7000
2010/06/23,0,300000,-195000,105000
2010/06/24,0,77000,-2000,75000
2010/06/25,0,100000,-3000,97000
2010/06/28,0,64000,0,64000
2010/06/29,0,3000,0,3000
2010/06/30,0,0,-400000,-400000
2010/07/01,0,0,0,0
2010/07/02,0,3000,-750000,-747000
2010/07/05,0,0,0,0
2010/07/06,0,10000,-1338000,-1328000
2010/07/07,0,0,0,0
2010/07/08,0,0,0,0
2010/07/09,0,0,0,0
2010/07/12,0,0,-65000,-65000
2010/07/13,0,0,-777000,-777000
2010/07/14,0,0,0,0
2010/07/15,0,0,-699000,-699000
2010/07/16,0,0,-1580253,-1580253
2010/07/19,0,0,-63000,-63000
2010/07/20,0,0,0,0
2010/07/21,0,0,-151000,-151000
2010/07/22,0,68000,-200000,-132000
2010/07/23,0,3000,0,3000
2010/07/26,0,110000,0,110000
2010/07/27,0,20000,-1000000,-980000
2010/07/28,0,0,0,0
2010/07/29,0,0,0,0
2010/07/30,0,0,-43000,-43000
2010/08/02,0,10000,-40000,-30000
2010/08/03,0,4000,-2000,2000
2010/08/04,0,1000,-11000,-10000
2010/08/05,0,0,-1389000,-1389000
2010/08/06,0,0,-2000,-2000
2010/08/09,0,14000,0,14000
2010/08/10,0,33000,0,33000
2010/08/11,0,546000,-1000,545000
2010/08/12,0,0,-4000,-4000
2010/08/13,0,0,-24000,-24000
2010/08/16,0,0,-1000,-1000
2010/08/17,0,1000,-6000,-5000
2010/08/18,0,0,-498000,-498000
2010/08/19,0,0,-16000,-16000
2010/08/20,0,0,0,0
2010/08/23,0,0,0,0
2010/08/24,0,0,-17000,-17000
2010/08/25,0,13000,-458000,-445000
2010/08/26,0,1000,-1000,0
2010/08/27,0,1000,0,1000
2010/08/30,0,4000,0,4000
2010/08/31,0,39000,0,39000
2010/09/01,0,0,-1988000,-1988000
2010/09/02,0,2000,0,2000
2010/09/03,0,0,0,0
2010/09/06,0,0,-53000,-53000
2010/09/07,0,5000,0,5000
2010/09/08,0,0,-47000,-47000
2010/09/09,0,0,-47000,-47000
2010/09/10,0,0,0,0
2010/09/13,0,0,0,0
2010/09/14,0,0,-5000,-5000
2010/09/15,0,64000,0,64000
2010/09/16,0,0,-5000,-5000
2010/09/17,0,1000,-2000,-1000
2010/09/20,0,0,-1000,-1000
2010/09/21,0,0,-2000,-2000
2010/09/22,0,0,0,0
2010/09/23,0,0,-7000,-7000
2010/09/24,0,0,-2000,-2000
2010/09/27,0,0,-4000,-4000
2010/09/28,0,33000,0,33000
2010/09/29,0,0,0,0
2010/09/30,0,0,-5000,-5000
2010/10/01,0,0,0,0
2010/10/04,0,0,-3000,-3000
2010/10/05,0,0,0,0
2010/10/06,0,0,-1000,-1000
2010/10/07,0,0,0,0
2010/10/08,0,0,0,0
2010/10/11,0,0,0,0
2010/10/12,0,0,-1000,-1000
2010/10/13,0,1343000,0,1343000
2010/10/14,0,825000,-15000,810000
2010/10/15,0,0,-1000,-1000
2010/10/18,0,2000,-2000,0
2010/10/19,0,6000,-10000,-4000
2010/10/20,0,0,0,0
2010/10/21,0,0,0,0
2010/10/22,0,0,0,0
2010/10/25,0,0,0,0
2010/10/26,0,7000,0,7000
2010/10/27,0,8000,0,8000
2010/10/28,0,0,0,0
2010/10/29,0,0,-2000,-2000
2010/11/01,0,0,0,0
2010/11/02,0,105000,-2058000,-1953000
2010/11/03,0,0,-26000,-26000
2010/11/04,0,0,0,0
2010/11/05,0,0,0,0
2010/11/08,0,681000,-2000,679000
2010/11/09,0,6000,0,6000
2010/11/10,0,0,-2000,-2000
2010/11/11,0,3000,0,3000
2010/11/12,0,0,-1000,-1000
2010/11/15,0,0,-1000,-1000
2010/11/16,0,0,-16000,-16000
2010/11/17,0,0,0,0
2010/11/18,0,0,0,0
2010/11/19,0,0,-2000,-2000
2010/11/22,0,0,0,0
2010/11/23,0,0,-268,-268
2010/11/24,0,0,0,0
2010/11/25,0,0,-10000,-10000
2010/11/26,0,2000,0,2000
2010/11/29,0,0,0,0
2010/11/30,0,0,-19000,-19000
2010/12/01,0,0,-5000,-5000
2010/12/02,0,0,-6000,-6000
2010/12/03,0,0,-4000,-4000
2010/12/06,0,0,-12000,-12000
2010/12/07,0,0,-43000,-43000
2010/12/08,0,30000,-4000,26000
2010/12/09,0,4000,-2000,2000
2010/12/10,0,75000,0,75000
2010/12/13,0,55000,-6000,49000
2010/12/14,0,0,-1000,-1000
2010/12/15,0,0,0,0
2010/12/16,0,10000,-4000,6000
2010/12/17,0,59000,-3000,56000
2010/12/20,0,0,-4000,-4000
2010/12/21,0,1000,0,1000
2010/12/22,0,3000,0,3000
2010/12/23,0,0,-44000,-44000
2010/12/24,0,0,0,0
2010/12/27,0,0,-2000,-2000
2010/12/28,0,0,0,0
2010/12/29,0,0,0,0
2010/12/30,0,0,0,0
2010/12/31,0,0,-2000,-2000
2011/01/03,0,0,0,0
2011/01/04,0,0,0,0
2011/01/05,0,65000,0,65000
2011/01/06,0,0,0,0
2011/01/07,0,8973000,0,8973000
2011/01/10,0,7325000,-119000,7206000
2011/01/11,0,844000,0,844000
2011/01/12,0,0,0,0
2011/01/13,0,10241000,0,10241000
2011/01/14,0,3041000,-2000,3039000
2011/01/17,0,134000,0,134000
2011/01/18,0,9512000,-49000,9463000
2011/01/19,0,4773000,-9000,4764000
2011/01/20,0,1534000,-316000,1218000
2011/01/21,0,4754000,-8609000,-3855000
2011/01/24,0,2307000,-177573,2129427
2011/01/25,0,3408000,-1000,3407000
2011/01/26,0,120000,0,120000
2011/01/27,0,187000,-1000,186000
2011/01/28,0,890000,-3000,887000
2011/01/31,0,0,0,0
2011/02/01,0,0,0,0
2011/02/02,0,0,0,0
2011/02/03,0,0,0,0
2011/02/04,0,0,0,0
2011/02/07,0,0,0,0
2011/02/08,0,725000,0,725000
2011/02/09,0,65000,0,65000
2011/02/10,0,0,-1475000,-1475000
2011/02/11,0,8000,0,8000
2011/02/14,0,713000,-403000,310000
2011/02/15,0,20000,0,20000
2011/02/16,0,3664000,-20000,3644000
2011/02/17,0,1883000,0,1883000
2011/02/18,0,2000000,0,2000000
2011/02/21,0,220000,-3000,217000
2011/02/22,0,0,-4472000,-4472000
2011/02/23,0,54000,-1750000,-1696000
2011/02/24,0,2584000,-2000000,584000
2011/02/25,0,37000,-10000,27000
2011/02/28,0,0,0,0
2011/03/01,0,0,0,0
2011/03/02,0,0,-4384000,-4384000
2011/03/03,0,0,-5346000,-5346000
2011/03/04,0,0,-2315000,-2315000
2011/03/07,0,0,-3848000,-3848000
2011/03/08,0,0,0,0
2011/03/09,0,64000,-1447000,-1383000
2011/03/10,0,1626000,-4005000,-2379000
2011/03/11,0,13000,-1889000,-1876000
2011/03/14,0,5000,-7655000,-7650000
2011/03/15,0,1774000,-8612000,-6838000
2011/03/16,0,0,0,0
2011/03/17,0,1203000,-7342000,-6139000
2011/03/18,0,0,-1768000,-1768000
2011/03/21,0,0,0,0
2011/03/22,0,0,-162000,-162000
2011/03/23,0,0,0,0
2011/03/24,0,0,0,0
2011/03/25,0,300000,-60000,240000
2011/03/28,0,1400000,-666000,734000
2011/03/29,0,0,0,0
2011/03/30,0,0,-47000,-47000
2011/03/31,0,536000,-352000,184000
2011/04/01,0,0,0,0
2011/04/04,0,0,0,0
2011/04/05,0,0,0,0
2011/04/06,0,0,-3000,-3000
2011/04/07,0,0,-87000,-87000
2011/04/08,0,489000,0,489000
2011/04/11,0,250000,0,250000
2011/04/12,0,350000,-7000,343000
2011/04/13,0,0,-400000,-400000
2011/04/14,0,0,-33000,-33000
2011/04/15,0,0,-288000,-288000
2011/04/18,0,0,-5000,-5000
2011/04/19,0,4000,0,4000
2011/04/20,0,0,0,0
2011/04/21,0,3000,0,3000
2011/04/22,0,0,0,0
2011/04/25,0,0,-2000,-2000
2011/04/26,0,0,-3000,-3000
2011/04/27,0,521000,-2000,519000
2011/04/28,0,0,0,0
2011/04/29,0,0,0,0
2011/05/02,0,0,0,0
2011/05/03,0,25000,0,25000
2011/05/04,0,25000,-13000,12000
2011/05/05,0,25000,-1081000,-1056000
2011/05/06,0,23000,0,23000
2011/05/09,0,17000,0,17000
2011/05/10,0,0,0,0
2011/05/11,0,0,0,0
2011/05/12,0,12000,-4002000,-3990000
2011/05/13,0,4000,-1369000,-1365000
2011/05/16,0,5000,0,5000
2011/05/17,0,0,-3411000,-3411000
2011/05/18,0,0,0,0
2011/05/19,0,1000,-1258000,-1257000
2011/05/20,0,0,-1000,-1000
2011/05/23,0,2000,0,2000
2011/05/24,0,0,0,0
2011/05/25,0,0,0,0
2011/05/26,0,0,0,0
2011/05/27,0,0,-3000,-3000
2011/05/30,0,1000,0,1000
2011/05/31,0,1000,0,1000
2011/06/01,0,0,-89000,-89000
2011/06/02,0,0,-1100000,-1100000
2011/06/03,0,0,0,0
2011/06/06,0,0,0,0
2011/06/07,0,0,0,0
2011/06/08,0,2000,-1200000,-1198000
2011/06/09,0,0,0,0
2011/06/10,0,0,0,0
2011/06/13,0,0,0,0
2011/06/14,0,91000,-1100000,-1009000
2011/06/15,0,0,-1330000,-1330000
2011/06/16,0,0,0,0
2011/06/17,0,2000,-1122000,-1120000
2011/06/20,0,1000,-2000,-1000
2011/06/21,0,2000,0,2000
2011/06/22,0,1000,0,1000
2011/06/23,0,1000,-16000,-15000
2011/06/24,0,0,-225000,-225000
2011/06/27,0,1000,-538000,-537000
2011/06/28,0,26000,-119000,-93000
2011/06/29,0,4000,0,4000
2011/06/30,0,1000,0,1000
2011/07/01,0,108000,-2000,106000
2011/07/04,0,0,0,0
2011/07/05,0,0,-1000,-1000
2011/07/06,0,0,-34000,-34000
2011/07/07,0,0,0,0
2011/07/08,0,0,0,0
2011/07/11,0,0,0,0
2011/07/12,0,16000,0,16000
2011/07/13,0,2000,0,2000
2011/07/14,0,0,-26000,-26000
2011/07/15,0,1000,0,1000
2011/07/18,0,1000,0,1000
2011/07/19,0,0,0,0
2011/07/20,0,1000,0,1000
2011/07/21,0,4000,0,4000
2011/07/22,0,0,-1000,-1000
2011/07/25,0,0,-1000,-1000
2011/07/26,0,0,0,0
2011/07/27,0,0,-1000,-1000
2011/07/28,0,0,-1000,-1000
2011/07/29,0,0,0,0
2011/08/01,0,1000,0,1000
2011/08/02,0,0,0,0
2011/08/03,0,2000,-111000,-109000
2011/08/04,0,5000,0,5000
2011/08/05,0,12000,0,12000
2011/08/08,0,3000,0,3000
2011/08/09,0,28000,0,28000
2011/08/10,0,159000,-7000,152000
2011/08/11,0,58000,0,58000
2011/08/12,0,4000,-10000,-6000
2011/08/15,0,9000,0,9000
2011/08/16,0,464000,-2000,462000
2011/08/17,0,11000,-3000,8000
2011/08/18,0,58000,0,58000
2011/08/19,0,4000,0,4000
2011/08/22,0,4000,0,4000
2011/08/23,0,3000,0,3000
2011/08/24,0,0,0,0
2011/08/25,0,0,0,0
2011/08/26,0,5000,0,5000
2011/08/29,0,0,0,0
2011/08/30,0,0,0,0
2011/08/31,0,3000,-1000,2000
2011/09/01,0,5000,0,5000
2011/09/02,0,86000,-6000,80000
2011/09/05,0,0,-3000,-3000
2011/09/06,0,0,0,0
2011/09/07,0,9000,0,9000
2011/09/08,0,1000,-501000,-500000
2011/09/09,0,13000,0,13000
2011/09/12,0,0,0,0
2011/09/13,0,19000,-6632,12368
2011/09/14,0,12000,0,12000
2011/09/15,0,54000,0,54000
2011/09/16,0,14000,0,14000
2011/09/19,0,3000,0,3000
2011/09/20,0,2000,0,2000
2011/09/21,0,0,-14938,-14938
2011/09/22,0,0,-4000,-4000
2011/09/23,0,5000,0,5000
2011/09/26,0,17000,0,17000
2011/09/27,0,7000,0,7000
2011/09/28,0,0,-4000,-4000
2011/09/29,0,18000,0,18000
2011/09/30,0,0,-1000,-1000
2011/10/03,0,0,0,0
2011/10/04,0,2000,0,2000
2011/10/05,0,15000,0,15000
2011/10/06,0,18000,0,18000
2011/10/07,0,2000,0,2000
2011/10/10,0,0,0,0
2011/10/11,0,0,0,0
2011/10/12,0,0,0,0
2011/10/13,0,2000,0,2000
2011/10/14,0,13000,-3000,10000
2011/10/17,0,0,-6247,-6247
2011/10/18,0,17221,0,17221
2011/10/19,0,0,0,0
2011/10/20,0,0,0,0
2011/10/21,0,0,0,0
2011/10/24,0,5000,-1000,4000
2011/10/25,0,0,0,0
2011/10/26,0,2000,0,2000
2011/10/27,0,4000,0,4000
2011/10/28,0,6000,0,6000
2011/10/31,0,0,-6000,-6000
2011/11/01,0,0,-5000,-5000
2011/11/02,0,7000,0,7000
2011/11/03,0,3000,0,3000
2011/11/04,0,0,0,0
2011/11/07,0,0,0,0
2011/11/08,0,6000,0,6000
2011/11/09,0,0,0,0
2011/11/10,0,1000,0,1000
2011/11/11,0,0,-1000,-1000
2011/11/14,0,58576,0,58576
2011/11/15,0,0,-280935,-280935
2011/11/16,0,0,0,0
2011/11/17,0,2000,0,2000
2011/11/18,0,3000,0,3000
2011/11/21,0,8000,0,8000
2011/11/22,0,4000,0,4000
2011/11/23,0,12000,0,12000
2011/11/24,0,9000,0,9000
2011/11/25,0,10000,0,10000
2011/11/28,0,4000,0,4000
2011/11/29,0,4000,0,4000
2011/11/30,0,1000,-1000,0
2011/12/01,0,0,0,0
2011/12/02,0,0,0,0
2011/12/05,0,4000,-5000,-1000
2011/12/06,0,0,0,0
2011/12/07,0,3000,0,3000
2011/12/08,0,0,0,0
2011/12/09,0,0,-36114,-36114
2011/12/12,0,0,0,0
2011/12/13,0,0,0,0
2011/12/14,0,0,-140000,-140000
2011/12/15,0,0,-142000,-142000
2011/12/16,0,2000,-7000,-5000
2011/12/19,0,3000,0,3000
2011/12/20,0,3000,0,3000
2011/12/21,0,0,0,0
2011/12/22,0,4000,0,4000
2011/12/23,0,0,-4000,-4000
2011/12/26,0,0,0,0
2011/12/27,0,0,0,0
2011/12/28,0,3000,0,3000
2011/12/29,0,0,0,0
2011/12/30,0,0,-4000,-4000
2012/01/02,0,6000,0,6000
2012/01/03,0,874000,-10000,864000
2012/01/04,0,483000,0,483000
2012/01/05,0,469000,-63299,405701
2012/01/06,0,2000,-2000,0
2012/01/09,0,0,-1000,-1000
2012/01/10,0,0,-1000,-1000
2012/01/11,0,0,-4000,-4000
2012/01/12,0,1000,-7000,-6000
2012/01/13,0,0,-12000,-12000
2012/01/16,0,0,-2000,-2000
2012/01/17,0,0,0,0
2012/01/18,0,0,-4000,-4000
2012/01/19,0,0,0,0
2012/01/20,0,0,0,0
2012/01/23,0,0,0,0
2012/01/24,0,0,0,0
2012/01/25,0,0,0,0
2012/01/26,0,0,0,0
2012/01/27,0,0,0,0
2012/01/30,0,0,-2000,-2000
2012/01/31,0,5000,-1000,4000
2012/02/01,0,0,-5000,-5000
2012/02/02,0,0,-4000,-4000
2012/02/03,0,0,-5000,-5000
2012/02/06,0,0,-558000,-558000
2012/02/07,0,1000,-900000,-899000
2012/02/08,0,0,-3000,-3000
2012/02/09,0,70656,-381000,-310344
2012/02/10,0,0,-4000,-4000
2012/02/13,0,0,0,0
2012/02/14,0,0,-5000,-5000
2012/02/15,0,0,-7000,-7000
2012/02/16,0,3500000,-2000,3498000
2012/02/17,0,3000,0,3000
2012/02/20,0,0,0,0
2012/02/21,0,500000,0,500000
2012/02/22,0,0,0,0
2012/02/23,0,1000000,-2000,998000
2012/02/24,0,500000,-10000,490000
2012/02/27,0,0,0,0
2012/02/28,0,0,0,0
2012/02/29,0,0,0,0
2012/03/01,0,0,0,0
2012/03/02,0,0,-5000,-5000
2012/03/05,0,628000,-1000,627000
2012/03/06,0,0,0,0
2012/03/07,0,0,0,0
2012/03/08,0,0,-45799,-45799
2012/03/09,0,0,-2000,-2000
2012/03/12,0,0,-2000,-2000
2012/03/13,0,0,0,0
2012/03/14,0,360000,-88000,272000
2012/03/15,0,0,-91000,-91000
2012/03/16,0,0,-27000,-27000
2012/03/19,0,0,-1000,-1000
2012/03/20,0,0,-2000,-2000
2012/03/21,0,0,0,0
2012/03/22,0,0,0,0
2012/03/23,0,0,0,0
2012/03/26,0,0,-1000,-1000
2012/03/27,0,0,0,0
2012/03/28,0,0,0,0
2012/03/29,0,0,0,0
2012/03/30,0,0,-1000,-1000
2012/04/02,0,0,-1000,-1000
2012/04/03,0,0,0,0
2012/04/04,0,0,0,0
2012/04/05,0,32460,-2000,30460
2012/04/06,0,0,0,0
2012/04/09,0,0,0,0
2012/04/10,0,0,0,0
2012/04/11,0,0,0,0
2012/04/12,0,0,0,0
2012/04/13,0,0,0,0
2012/04/16,0,42000,0,42000
2012/04/17,0,0,0,0
2012/04/18,0,0,0,0
2012/04/19,0,89000,0,89000
2012/04/20,0,1000,-596000,-595000
2012/04/23,0,1000,0,1000
2012/04/24,0,0,-1304000,-1304000
2012/04/25,0,0,0,0
2012/04/26,0,0,0,0
2012/04/27,0,1636000,0,1636000
2012/04/30,0,0,0,0
2012/05/01,0,0,0,0
2012/05/02,0,18000,0,18000
2012/05/03,0,0,-18447,-18447
2012/05/04,0,0,-15000,-15000
2012/05/07,0,0,0,0
2012/05/08,0,0,0,0
2012/05/09,0,0,0,0
2012/05/10,0,0,0,0
2012/05/11,0,0,0,0
2012/05/14,0,0,0,0
2012/05/15,0,10000,0,10000
2012/05/16,0,226000,0,226000
2012/05/17,0,0,0,0
2012/05/18,0,0,0,0
2012/05/21,0,0,0,0
2012/05/22,0,0,0,0
2012/05/23,0,0,0,0
2012/05/24,0,0,0,0
2012/05/25,0,0,-6000,-6000
2012/05/28,0,2000,0,2000
2012/05/29,0,3000,0,3000
2012/05/30,0,0,-23376,-23376
2012/05/31,0,0,0,0
2012/06/01,0,0,0,0
2012/06/04,0,9000,0,9000
2012/06/05,0,0,0,0
2012/06/06,0,0,0,0
2012/06/07,0,0,0,0
2012/06/08,0,0,0,0
2012/06/11,0,0,0,0
2012/06/12,0,0,0,0
2012/06/13,0,102000,0,102000
2012/06/14,0,107000,0,107000
2012/06/15,0,0,0,0
2012/06/18,0,0,0,0
2012/06/19,0,0,0,0
2012/06/20,0,0,-400000,-400000
2012/06/21,0,0,-104000,-104000
2012/06/22,0,0,-941,-941
2012/06/25,0,0,-30000,-30000
2012/06/26,0,0,-48790,-48790
2012/06/27,0,0,0,0
2012/06/28,0,0,-12000,-12000
2012/06/29,0,0,0,0
2012/07/02,0,0,-7000,-7000
2012/07/03,0,7000,0,7000
2012/07/04,0,0,0,0
2012/07/05,0,0,0,0
2012/07/06,0,0,-8000,-8000
2012/07/09,0,0,0,0
2012/07/10,0,0,0,0
2012/07/11,0,1000,0,1000
2012/07/12,0,0,0,0
2012/07/13,0,0,-1000,-1000
2012/07/16,0,0,0,0
2012/07/17,0,0,-70000,-70000
2012/07/18,0,0,0,0
2012/07/19,0,0,0,0
2012/07/20,0,0,-628000,-628000
2012/07/23,0,0,0,0
2012/07/24,0,1000,0,1000
2012/07/25,0,0,0,0
2012/07/26,0,14000,0,14000
2012/07/27,0,0,0,0
2012/07/30,0,715000,0,715000
2012/07/31,0,0,0,0
2012/08/01,0,2000,0,2000
2012/08/02,0,0,0,0
2012/08/03,0,864000,0,864000
2012/08/06,0,4000,-2000,2000
2012/08/07,0,0,-800000,-800000
2012/08/08,0,2000,0,2000
2012/08/09,0,62000,0,62000
2012/08/10,0,2000,0,2000
2012/08/13,0,0,-660000,-660000
2012/08/14,0,0,0,0
2012/08/15,0,268000,-740000,-472000
2012/08/16,0,0,0,0
2012/08/17,0,21532,-864000,-842468
2012/08/20,0,0,-2000,-2000
2012/08/21,0,0,0,0
2012/08/22,0,0,0,0
2012/08/23,0,2000,-500000,-498000
2012/08/24,0,0,0,0
2012/08/27,0,1000,0,1000
2012/08/28,0,0,0,0
2012/08/29,0,0,-1000,-1000
2012/08/30,0,0,0,0
2012/08/31,0,8000,0,8000
2012/09/03,0,0,-500000,-500000
2012/09/04,0,0,0,0
2012/09/05,0,0,0,0
2012/09/06,0,0,0,0
2012/09/07,0,1000,0,1000
2012/09/10,0,0,0,0
2012/09/11,0,0,0,0
2012/09/12,0,6000,0,6000
2012/09/13,0,0,0,0
2012/09/14,0,0,0,0
2012/09/17,0,3000,0,3000
2012/09/18,0,0,-527000,-527000
2012/09/19,0,0,-449000,-449000
2012/09/20,0,0,0,0
2012/09/21,0,1000,-2000,-1000
2012/09/24,0,0,0,0
2012/09/25,0,0,0,0
2012/09/26,0,0,0,0
2012/09/27,0,1000,0,1000
2012/09/28,0,0,0,0
2012/10/01,0,2000,0,2000
2012/10/02,0,0,0,0
2012/10/03,0,0,0,0
2012/10/04,0,0,0,0
2012/10/05,0,0,0,0
2012/10/08,0,0,0,0
2012/10/09,0,0,0,0
2012/10/10,0,0,0,0
2012/10/11,0,0,0,0
2012/10/12,0,0,0,0
2012/10/15,0,0,0,0
2012/10/16,0,0,0,0
2012/10/17,0,2000,0,2000
2012/10/18,0,0,-368,-368
2012/10/19,0,0,0,0
2012/10/22,0,0,0,0
2012/10/23,0,300,0,300
2012/10/24,0,0,0,0
2012/10/25,0,0,0,0
2012/10/26,0,0,-371000,-371000
2012/10/29,0,0,-23338,-23338
2012/10/30,0,0,0,0
2012/10/31,0,0,0,0
2012/11/01,0,0,0,0
2012/11/02,0,0,0,0
2012/11/05,0,0,0,0
2012/11/06,0,0,0,0
2012/11/07,0,0,-631227,-631227
2012/11/08,0,0,-60000,-60000
2012/11/09,0,0,-951266,-951266
2012/11/12,0,0,-53112,-53112
2012/11/13,0,0,0,0
2012/11/14,0,0,0,0
2012/11/15,0,0,-1707000,-1707000
2012/11/16,0,0,0,0
2012/11/19,0,0,0,0
2012/11/20,0,0,0,0
2012/11/21,0,0,0,0
2012/11/22,0,0,0,0
2012/11/23,0,0,0,0
2012/11/26,0,0,0,0
2012/11/27,0,0,-87761,-87761
2012/11/28,0,0,0,0
2012/11/29,0,0,0,0
2012/11/30,0,0,-49972,-49972
2012/12/03,0,0,0,0
2012/12/04,0,0,0,0
2012/12/05,0,0,0,0
2012/12/06,0,0,0,0
2012/12/07,0,0,0,0
2012/12/10,0,0,0,0
2012/12/11,0,0,0,0
2012/12/12,0,0,0,0
2012/12/13,0,0,0,0
2012/12/14,0,0,0,0
2012/12/17,0,0,0,0
2012/12/18,0,0,0,0
2012/12/19,0,0,0,0
2012/12/20,0,0,0,0
2012/12/21,0,0,0,0
2012/12/24,0,0,0,0
2012/12/25,0,0,0,0
2012/12/26,0,0,0,0
2012/12/27,0,0,0,0
2012/12/28,0,0,0,0
2012/12/31,0,0,0,0
2013/01/01,0,0,0,0
2013/01/02,0,0,0,0
2013/01/03,0,0,0,0
2013/01/04,0,0,0,0
2013/01/07,0,0,0,0
2013/01/08,0,0,0,0
2013/01/09,0,0,0,0
2013/01/10,0,0,0,0
2013/01/11,0,0,0,0
2013/01/14,0,0,0,0
2013/01/15,0,0,0,0
2013/01/16,0,0,0,0
2013/01/17,0,0,0,0
2013/01/18,0,0,0,0
2013/01/21,0,0,0,0
2013/01/22,0,0,0,0
2013/01/23,0,0,0,0
2013/01/24,0,0,0,0
2013/01/25,0,0,0,0
2013/01/28,0,0,0,0
2013/01/29,0,311000,0,311000
2013/01/30,0,808000,0,808000
2013/01/31,0,0,0,0
2013/02/01,0,0,0,0
2013/02/04,0,0,0,0
2013/02/05,0,0,0,0
2013/02/06,0,0,0,0
2013/02/07,0,0,0,0
2013/02/08,0,0,0,0
2013/02/11,0,0,0,0
2013/02/12,0,0,0,0
2013/02/13,0,0,0,0
2013/02/14,0,0,0,0
2013/02/15,0,0,0,0
2013/02/18,0,0,0,0
2013/02/19,0,0,0,0
2013/02/20,0,0,0,0
2013/02/21,0,0,0,0
2013/02/22,0,0,0,0
2013/02/25,0,0,0,0
2013/02/26,0,0,0,0
2013/02/27,0,0,0,0
2013/02/28,0,0,0,0
2013/03/01,0,0,0,0
2013/03/04,0,0,0,0
2013/03/05,0,0,0,0
2013/03/06,0,0,0,0
2013/03/07,0,0,0,0
2013/03/08,0,0,0,0
2013/03/11,0,0,0,0
2013/03/12,0,0,0,0
2013/03/13,0,0,0,0
2013/03/14,0,0,0,0
2013/03/15,0,0,0,0
2013/03/18,0,0,0,0
2013/03/19,0,0,0,0
2013/03/20,0,0,0,0
2013/03/21,0,0,0,0
2013/03/22,0,0,0,0
2013/03/25,0,0,0,0
2013/03/26,0,79000,0,79000
2013/03/27,0,470000,0,470000
2013/03/28,0,1003000,0,1003000
2013/03/29,0,0,0,0
2013/04/01,0,1268000,0,1268000
2013/04/02,0,0,0,0
2013/04/03,0,0,0,0
2013/04/04,0,0,0,0
2013/04/05,0,0,0,0
2013/04/08,0,0,0,0
2013/04/09,0,0,0,0
2013/04/10,0,0,0,0
2013/04/11,0,0,0,0
2013/04/12,0,0,0,0
2013/04/15,0,0,0,0
2013/04/16,0,0,0,0
2013/04/17,0,0,0,0
2013/04/18,0,0,0,0
2013/04/19,0,0,0,0
2013/04/22,0,0,0,0
2013/04/23,0,0,0,0
2013/04/24,0,0,0,0
2013/04/25,0,0,0,0
2013/04/26,0,0,0,0
2013/04/29,0,0,0,0
2013/04/30,0,0,0,0
2013/05/01,0,0,0,0
2013/05/02,0,0,0,0
2013/05/03,0,0,0,0
2013/05/06,0,0,0,0
2013/05/07,0,0,0,0
2013/05/08,0,0,0,0
2013/05/09,0,0,0,0
2013/05/10,0,0,0,0
2013/05/13,0,0,0,0
2013/05/14,0,0,0,0
2013/05/15,0,0,0,0
2013/05/16,0,0,0,0
2013/05/17,0,0,0,0
2013/05/20,0,0,0,0
2013/05/21,0,0,0,0
2013/05/22,0,0,0,0
2013/05/23,0,0,0,0
2013/05/24,0,0,0,0
2013/05/27,0,0,0,0
2013/05/28,0,0,0,0
2013/05/29,0,0,0,0
2013/05/30,0,7630000,0,7630000
2013/05/31,0,5940000,0,5940000
2013/06/03,0,1175000,0,1175000
2013/06/04,0,55000,0,55000
2013/06/05,0,2100000,0,2100000
2013/06/06,0,0,0,0
2013/06/07,0,495000,0,495000
2013/06/10,0,0,0,0
2013/06/11,0,850000,0,850000
2013/06/12,0,0,0,0
2013/06/13,0,0,0,0
2013/06/14,0,200000,0,200000
2013/06/17,0,0,0,0
2013/06/18,0,3417000,0,3417000
2013/06/19,0,309000,0,309000
2013/06/20,0,1900000,0,1900000
2013/06/21,0,2596000,0,2596000
2013/06/24,0,0,0,0
2013/06/25,0,400000,0,400000
2013/06/26,0,0,0,0
2013/06/27,0,0,0,0
2013/06/28,0,0,0,0
2013/07/01,0,0,0,0
2013/07/02,0,0,0,0
2013/07/03,0,0,-3005000,-3005000
2013/07/04,0,0,-200000,-200000
2013/07/05,0,0,0,0
2013/07/08,0,0,0,0
2013/07/09,0,0,0,0
2013/07/10,0,0,0,0
2013/07/11,0,0,0,0
2013/07/12,0,0,-900000,-900000
2013/07/15,0,0,0,0
2013/07/16,0,0,0,0
2013/07/17,0,0,0,0
2013/07/18,0,0,0,0
2013/07/19,0,0,0,0
2013/07/22,0,3696000,0,3696000
2013/07/23,0,5327000,0,5327000
2013/07/24,0,0,0,0
2013/07/25,0,0,0,0
2013/07/26,0,0,-1113000,-1113000
2013/07/29,0,0,-200000,-200000
2013/07/30,0,0,-110000,-110000
2013/07/31,0,0,0,0
2013/08/01,0,850000,0,850000
2013/08/02,0,0,-602000,-602000
2013/08/05,0,0,0,0
2013/08/06,0,0,0,0
2013/08/07,0,0,0,0
2013/08/08,0,0,0,0
2013/08/09,0,0,0,0
2013/08/12,0,0,0,0
2013/08/13,0,0,0,0
2013/08/14,0,4349000,0,4349000
2013/08/15,0,1500000,0,1500000
2013/08/16,0,0,0,0
2013/08/19,0,0,0,0
2013/08/20,0,0,0,0
2013/08/21,0,0,0,0
2013/08/22,0,0,0,0
2013/08/23,0,0,0,0
2013/08/26,0,0,0,0
2013/08/27,0,0,0,0
2013/08/28,0,0,0,0
2013/08/29,0,0,0,0
2013/08/30,0,0,0,0
2013/09/02,0,0,0,0
2013/09/03,0,0,0,0
2013/09/04,0,0,0,0
2013/09/05,0,1012000,0,1012000
2013/09/06,0,2899000,0,2899000
2013/09/09,0,0,0,0
2013/09/10,0,0,0,0
2013/09/11,0,377000,0,377000
2013/09/12,0,0,0,0
2013/09/13,0,0,0,0
2013/09/16,0,0,0,0
2013/09/17,0,2919000,0,2919000
2013/09/18,0,0,0,0
2013/09/19,0,0,0,0
2013/09/20,0,0,0,0
2013/09/23,0,673000,0,673000
2013/09/24,0,5118000,0,5118000
2013/09/25,0,0,0,0
2013/09/26,0,0,0,0
2013/09/27,0,171000,0,171000
2013/09/30,0,400000,0,400000
2013/10/01,0,250000,0,250000
2013/10/02,0,0,0,0
2013/10/03,0,1300000,0,1300000
2013/10/04,0,792000,0,792000
2013/10/07,0,0,0,0
2013/10/08,0,3053000,0,3053000
2013/10/09,0,118000,0,118000
2013/10/10,0,0,0,0
2013/10/11,0,0,0,0
2013/10/14,0,0,0,0
2013/10/15,0,0,0,0
2013/10/16,0,0,0,0
2013/10/17,0,0,0,0
2013/10/18,0,0,0,0
2013/10/21,0,0,0,0
2013/10/22,0,0,0,0
2013/10/23,0,0,0,0
2013/10/24,0,0,0,0
2013/10/25,0,0,0,0
2013/10/28,0,0,0,0
2013/10/29,0,0,0,0
2013/10/30,0,0,0,0
2013/10/31,0,0,0,0
2013/11/01,0,0,0,0
2013/11/04,0,0,-15000,-15000
2013/11/05,0,0,0,0
2013/11/06,0,700000,0,700000
2013/11/07,0,0,-500000,-500000
2013/11/08,0,0,0,0
2013/11/11,0,0,0,0
2013/11/12,0,0,-1333000,-1333000
2013/11/13,0,0,0,0
2013/11/14,0,0,0,0
2013/11/15,0,0,0,0
2013/11/18,0,0,0,0
2013/11/19,0,650000,-1867000,-1217000
2013/11/20,0,195000,-6857000,-6662000
2013/11/21,0,0,-274000,-274000
2013/11/22,0,788000,-551000,237000
2013/11/25,0,161039,0,161039
2013/11/26,0,85000,0,85000
2013/11/27,0,0,0,0
2013/11/28,0,1150000,0,1150000
2013/11/29,0,258000,0,258000
2013/12/02,0,0,0,0
2013/12/03,0,0,0,0
2013/12/04,0,841000,0,841000
2013/12/05,0,0,-179000,-179000
2013/12/06,0,121000,0,121000
2013/12/09,0,380000,0,380000
2013/12/10,0,2002000,0,2002000
2013/12/11,0,509000,0,509000
2013/12/12,0,150000,0,150000
2013/12/13,0,53000,-921000,-868000
2013/12/16,0,60000,0,60000
2013/12/17,0,39000,-250000,-211000
2013/12/18,0,65000,0,65000
2013/12/19,0,23000,-6937000,-6914000
2013/12/20,0,547000,0,547000
2013/12/23,0,33000,0,33000
2013/12/24,0,826000,0,826000
2013/12/25,0,407000,0,407000
2013/12/26,0,0,0,0
2013/12/27,0,0,0,0
2013/12/30,0,174000,0,174000
2013/12/31,0,232000,0,232000
2014/01/02,0,408000,0,408000
2014/01/03,0,2273000,0,2273000
2014/01/06,0,3507000,-859000,2648000
2014/01/07,0,1800000,0,1800000
2014/01/08,0,3991000,0,3991000
2014/01/09,0,3887000,0,3887000
2014/01/10,0,196000,0,196000
2014/01/13,0,1008000,0,1008000
2014/01/14,0,8817000,0,8817000
2014/01/15,0,8226000,-405000,7821000
2014/01/16,0,1100000,-277004,822996
2014/01/17,0,91000,-3115000,-3024000
2014/01/20,0,0,-1989000,-1989000
2014/01/21,0,0,0,0
2014/01/22,0,0,0,0
2014/01/23,0,0,-603000,-603000
2014/01/24,0,0,-1994000,-1994000
2014/01/27,0,0,-3628000,-3628000
2014/02/05,0,200000,-1000000,-800000
2014/02/06,0,2170000,0,2170000
2014/02/07,0,4190000,0,4190000
2014/02/10,0,7456000,0,7456000
2014/02/11,0,1482000,0,1482000
2014/02/12,0,1614000,0,1614000
2014/02/13,0,952000,-296309,655691
2014/02/14,0,0,0,0
2014/02/17,0,0,0,0
2014/02/18,0,75000,0,75000
2014/02/19,0,310000,-369000,-59000
2014/02/20,0,2150000,0,2150000
2014/02/21,0,300000,0,300000
2014/02/24,0,0,-38000,-38000
2014/02/25,0,300000,0,300000
2014/02/26,0,0,0,0
2014/02/27,0,230000,0,230000
2014/03/03,0,0,0,0
2014/03/04,0,400000,-220000,180000
2014/03/05,0,850000,-173000,677000
2014/03/06,0,2000,-1319000,-1317000
2014/03/07,0,480000,-1104000,-624000
2014/03/10,0,400000,-2013000,-1613000
2014/03/11,0,0,-678000,-678000
2014/03/12,0,0,-270000,-270000
2014/03/13,0,120000,-850000,-730000
2014/03/14,0,4000,-6379000,-6375000
2014/03/17,0,417000,-218000,199000
2014/03/18,0,0,0,0
2014/03/19,0,287000,0,287000
2014/03/20,0,0,-500000,-500000
2014/03/21,0,0,-2864000,-2864000
2014/03/24,0,0,-3959000,-3959000
2014/03/25,0,88000,-3571000,-3483000
2014/03/26,0,0,-1954000,-1954000
2014/03/27,0,0,-1514000,-1514000
2014/03/28,0,0,-1766000,-1766000
2014/03/31,0,987000,0,987000
2014/04/01,0,1653000,0,1653000
2014/04/02,0,0,0,0
2014/04/03,0,0,-66000,-66000
2014/04/07,0,0,-603000,-603000
2014/04/08,0,0,-600000,-600000
2014/04/09,0,1300000,-600000,700000
2014/04/10,0,13215,0,13215
2014/04/11,0,976000,-121000,855000
2014/04/14,0,1226000,0,1226000
2014/04/15,0,0,0,0
2014/04/16,0,1367000,-70000,1297000
2014/04/17,0,2662000,-75000,2587000
2014/04/18,0,4934000,0,4934000
2014/04/21,0,7587000,-27000,7560000
2014/04/22,0,7839000,0,7839000
2014/04/23,0,6890000,-335000,6555000
2014/04/24,0,711000,-1285000,-574000
2014/04/25,0,394000,-646000,-252000
2014/04/28,0,875000,-350000,525000
2014/04/29,0,4799000,0,4799000
2014/04/30,0,94000,-11000,83000
2014/05/02,0,200000,-1907000,-1707000
2014/05/05,0,460000,-331000,129000
2014/05/06,0,912000,0,912000
2014/05/07,0,90000,-542000,-452000
2014/05/08,0,386000,-674000,-288000
2014/05/09,0,1172000,-1481000,-309000
2014/05/12,0,920000,-626000,294000
2014/05/13,0,273000,-424000,-151000
2014/05/14,0,0,0,0
2014/05/15,0,51000,0,51000
2014/05/16,0,0,-95000,-95000
2014/05/19,0,79000,-707000,-628000
2014/05/20,0,1236000,-70000,1166000
2014/05/21,0,700000,-732000,-32000
2014/05/22,0,1748000,0,1748000
2014/05/23,0,3147000,0,3147000
2014/05/26,0,555000,-80000,475000
2014/05/27,0,1658000,-200000,1458000
2014/05/28,0,80000,0,80000
2014/05/29,0,5682000,0,5682000
2014/05/30,0,2707000,0,2707000
2014/06/03,0,472000,-487000,-15000
2014/06/04,0,628000,-831000,-203000
2014/06/05,0,738000,-949000,-211000
2014/06/06,0,203000,-2932000,-2729000
2014/06/09,0,3576000,-2518000,1058000
2014/06/10,0,115000,-1193000,-1078000
2014/06/11,0,52000,-761000,-709000
2014/06/12,0,144000,-452000,-308000
2014/06/13,0,379000,-195000,184000
2014/06/16,0,884000,-926000,-42000
2014/06/17,0,3034000,0,3034000
2014/06/18,0,259000,-870000,-611000
2014/06/19,0,168000,-1051000,-883000
2014/06/20,0,445000,-241000,204000
2014/06/23,0,1147000,-4000,1143000
2014/06/24,0,506000,-305000,201000
2014/06/25,0,122000,-4000,118000
2014/06/26,0,1961000,-1006000,955000
2014/06/27,0,298000,-300000,-2000
2014/06/30,0,431000,-502000,-71000
2014/07/01,0,1001000,-80000,921000
2014/07/02,0,878341,-575000,303341
2014/07/03,0,1284000,-984000,300000
2014/07/04,0,1539000,-2000000,-461000
2014/07/07,0,203000,-85000,118000
2014/07/08,0,972000,-1240000,-268000
2014/07/09,0,170000,-400000,-230000
2014/07/10,0,902000,-774000,128000
2014/07/11,0,0,-1596000,-1596000
2014/07/14,0,0,-262000,-262000
2014/07/15,0,1448000,-907000,541000
2014/07/16,0,1000000,-193000,807000
2014/07/17,0,3487000,-230000,3257000
2014/07/18,0,30000,-700000,-670000
2014/07/21,0,55000,-832000,-777000
2014/07/22,0,1071000,0,1071000
2014/07/23,0,0,0,0
2014/07/24,0,1105000,-130000,975000
2014/07/25,0,4000,-387000,-383000
2014/07/28,0,0,-2999000,-2999000
2014/07/29,0,3000,-7860000,-7857000
2014/07/30,0,250000,-5567000,-5317000
2014/07/31,0,349000,-1744000,-1395000
2014/08/01,0,18000,-3109000,-3091000
2014/08/04,0,121000,-404000,-283000
2014/08/05,0,615000,-400000,215000
2014/08/06,0,250000,-1442000,-1192000
2014/08/07,0,201000,-2628000,-2427000
2014/08/08,0,31000,-3255000,-3224000
2014/08/11,0,0,-286000,-286000
2014/08/12,0,755000,-503000,252000
2014/08/13,0,404000,-288000,116000
2014/08/14,0,48000,-100000,-52000
2014/08/15,0,107000,-1817000,-1710000
2014/08/18,0,19000,-100000,-81000
2014/08/19,0,7000,-2647000,-2640000
2014/08/20,0,0,-1144000,-1144000
2014/08/21,0,135000,-3115000,-2980000
2014/08/22,0,0,-240000,-240000
2014/08/25,0,2530000,-21000,2509000
2014/08/26,0,50000,0,50000
2014/08/27,0,1000,-650000,-649000
2014/08/28,0,27000,0,27000
2014/08/29,0,10000,-8707000,-8697000
2014/09/01,0,0,-2443000,-2443000
2014/09/02,0,0,-615000,-615000
2014/09/03,0,10000,-2257000,-2247000
2014/09/04,0,233000,-1269000,-1036000
2014/09/05,0,12000,-36000,-24000
2014/09/09,0,527000,0,527000
2014/09/10,0,0,-2320000,-2320000
2014/09/11,0,264000,-318000,-54000
2014/09/12,0,16000,-71000,-55000
2014/09/15,0,6000,-2386000,-2380000
2014/09/16,0,5000,-2675000,-2670000
2014/09/17,0,307000,-300000,7000
2014/09/18,0,0,-2222000,-2222000
2014/09/19,0,300000,-540000,-240000
2014/09/22,0,13133,-517000,-503867
2014/09/23,0,0,-557000,-557000
2014/09/24,0,1000,0,1000
2014/09/25,0,0,0,0
2014/09/26,0,400000,0,400000
2014/09/29,0,1570000,0,1570000
2014/09/30,0,454000,0,454000
2014/10/01,0,1871000,0,1871000
2014/10/02,0,2156000,-1200000,956000
2014/10/03,0,226000,-770000,-544000
2014/10/06,0,6000,-1366000,-1360000
2014/10/07,0,203000,-556000,-353000
2014/10/08,0,589000,-400000,189000
2014/10/09,0,91000,-500000,-409000
2014/10/13,0,0,-2296000,-2296000
2014/10/14,0,0,-312000,-312000
2014/10/15,0,4464000,-500000,3964000
2014/10/16,0,1438000,-500000,938000
2014/10/17,0,1850000,-308000,1542000
2014/10/20,0,1338000,-207000,1131000
2014/10/21,0,2292000,0,2292000
2014/10/22,0,2167000,-26000,2141000
2014/10/23,0,56000,0,56000
2014/10/24,0,1627000,0,1627000
2014/10/27,0,90000,-1000,89000
2014/10/28,0,4106000,0,4106000
2014/10/29,0,2851000,0,2851000
2014/10/30,0,532000,-3982000,-3450000
2014/10/31,0,236000,-1272000,-1036000
2014/11/03,0,132000,-4000,128000
2014/11/04,0,1489000,-483000,1006000
2014/11/05,0,0,0,0
2014/11/06,0,402000,-530000,-128000
2014/11/07,0,8000,-148000,-140000
2014/11/10,0,179000,0,179000
2014/11/11,0,17000,-1148000,-1131000
2014/11/12,0,9000,-2754000,-2745000
2014/11/13,0,0,-540000,-540000
2014/11/14,0,402000,-540000,-138000
2014/11/17,0,75000,-712000,-637000
2014/11/18,0,1000,-8236000,-8235000
2014/11/19,0,0,-554000,-554000
2014/11/20,0,3000,-420000,-417000
2014/11/21,0,144000,-175000,-31000
2014/11/24,0,0,-472000,-472000
2014/11/25,0,2000,-205000,-203000
2014/11/26,0,152000,-52000,100000
2014/11/27,0,1769000,-6000,1763000
2014/11/28,0,245000,-796000,-551000
2014/12/01,0,30000,0,30000
2014/12/02,0,25000,-709000,-684000
2014/12/03,0,20000,-12000,8000
2014/12/04,0,1226000,0,1226000
2014/12/05,0,59000,0,59000
2014/12/08,0,0,-350000,-350000
2014/12/09,0,0,-4873000,-4873000
2014/12/10,0,0,-360000,-360000
2014/12/11,0,1000,-25497,-24497
2014/12/12,0,32000,0,32000
2014/12/15,0,0,-800000,-800000
2014/12/16,0,1482000,0,1482000
2014/12/17,0,22000,-806000,-784000
2014/12/18,0,0,0,0
2014/12/19,0,65000,-1000,64000
2014/12/22,0,626000,0,626000
2014/12/23,0,460000,0,460000
2014/12/24,0,896000,0,896000
2014/12/25,0,1593000,-104000,1489000
2014/12/26,0,1291000,-48000,1243000
2014/12/29,0,4933000,-4000,4929000
2014/12/30,0,4203000,0,4203000
2014/12/31,0,520000,-8000,512000
2015/01/01,0,0,0,0
2015/01/02,0,0,0,0
2015/01/05,0,1959000,0,1959000
2015/01/06,0,1458000,0,1458000
2015/01/07,0,1027000,-1723000,-696000
2015/01/08,0,376000,-1283000,-907000
2015/01/09,0,2051000,-357000,1694000
2015/01/12,0,255000,0,255000
2015/01/13,0,45000,-2034000,-1989000
2015/01/14,0,84000,-2416000,-2332000
2015/01/15,0,1166000,-545000,621000
2015/01/16,0,1080000,-1285000,-205000
2015/01/19,0,549000,-945000,-396000
2015/01/20,0,926000,-743000,183000
2015/01/21,0,0,-428000,-428000
2015/01/22,0,0,-1065000,-1065000
2015/01/23,0,0,-1074000,-1074000
2015/01/26,0,66000,-1237000,-1171000
2015/01/27,0,1056000,-99000,957000
2015/01/28,0,921000,-169000,752000
2015/01/29,0,100000,-235000,-135000
2015/01/30,0,173000,-16000,157000
2015/02/02,0,0,-395000,-395000
2015/02/03,0,50000,-601000,-551000
2015/02/04,0,90000,-211000,-121000
2015/02/05,0,146000,0,146000
2015/02/06,0,0,-1000,-1000
2015/02/09,0,2000,0,2000
2015/02/10,0,0,0,0
2015/02/11,0,0,-2767000,-2767000
2015/02/12,0,0,-924000,-924000
2015/02/13,0,1256000,-113000,1143000
2015/02/16,0,0,0,0
2015/02/17,0,0,0,0
2015/02/18,0,0,0,0
2015/02/19,0,0,0,0
2015/02/20,0,0,0,0
2015/02/23,0,0,0,0
2015/02/24,0,0,-1622000,-1622000
2015/02/25,0,600000,-465000,135000
2015/02/26,0,0,-623000,-623000
2015/02/27,0,0,0,0
2015/03/02,0,0,-588000,-588000
2015/03/03,0,0,-555000,-555000
2015/03/04,0,20000,-6746000,-6726000
2015/03/05,0,0,-1618000,-1618000
2015/03/06,0,4000,-11000,-7000
2015/03/09,0,200000,-487000,-287000
2015/03/10,0,0,-188000,-188000
2015/03/11,0,0,-2393000,-2393000
2015/03/12,0,1326,-149000,-147674
2015/03/13,0,0,-200000,-200000
2015/03/16,0,37000,-637000,-600000
2015/03/17,0,300000,-1465000,-1165000
2015/03/18,0,0,-1412000,-1412000
2015/03/19,0,570000,-385000,185000
2015/03/20,0,3000,-423000,-420000
2015/03/23,0,500000,-3000,497000
2015/03/24,0,0,-504000,-504000
2015/03/25,0,0,-734000,-734000
2015/03/26,0,0,-66000,-66000
2015/03/27,0,66000,-1941000,-1875000
2015/03/30,0,74000,-130000,-56000
2015/03/31,0,0,-370000,-370000
2015/04/01,0,29000,-20000,9000
2015/04/02,0,0,-517000,-517000
2015/04/03,0,0,0,0
2015/04/06,0,0,0,0
2015/04/07,0,0,-431000,-431000
2015/04/08,0,0,-1592000,-1592000
2015/04/09,0,1794000,-2654000,-860000
2015/04/10,0,0,-270000,-270000
2015/04/13,0,134000,0,134000
2015/04/14,0,138000,0,138000
2015/04/15,0,20000,-199000,-179000
2015/04/16,0,0,0,0
2015/04/17,0,0,-414000,-414000
2015/04/20,0,7000,0,7000
2015/04/21,0,0,-843000,-843000
2015/04/22,0,0,0,0
2015/04/23,0,300000,-1192000,-892000
2015/04/24,0,0,-896000,-896000
2015/04/27,0,0,0,0
2015/04/28,0,0,-52000,-52000
2015/04/29,0,0,-300000,-300000
2015/04/30,0,0,-5540000,-5540000
2015/05/01,0,0,0,0
2015/05/04,0,0,-279000,-279000
2015/05/05,0,0,-783000,-783000
2015/05/06,0,0,0,0
2015/05/07,0,0,0,0
2015/05/08,0,0,0,0
2015/05/11,0,3000,0,3000
2015/05/12,0,0,0,0
2015/05/13,0,208000,0,208000
2015/05/14,0,45000,-180000,-135000
2015/05/15,0,0,0,0
2015/05/18,0,0,0,0
2015/05/19,0,0,-210000,-210000
2015/05/20,0,1391000,0,1391000
2015/05/21,0,0,-2000,-2000
2015/05/22,0,442000,0,442000
2015/05/25,0,1100000,0,1100000
2015/05/26,0,0,0,0
2015/05/27,0,0,0,0
2015/05/28,0,96000,-329000,-233000
2015/05/29,0,0,-1000,-1000
2015/06/01,0,0,0,0
2015/06/02,0,0,0,0
2015/06/03,0,0,-255000,-255000
2015/06/04,0,0,-65122,-65122
2015/06/05,0,0,-1413000,-1413000
2015/06/08,0,0,0,0
2015/06/09,0,0,0,0
2015/06/10,0,0,-100000,-100000
2015/06/11,0,0,0,0
2015/06/12,0,0,-3000,-3000
2015/06/15,0,0,0,0
2015/06/16,0,0,-176000,-176000
2015/06/17,0,0,-454000,-454000
2015/06/18,0,0,-4000,-4000
2015/06/19,0,0,0,0
2015/06/22,0,113000,0,113000
2015/06/23,0,26000,0,26000
2015/06/24,0,0,-21000,-21000
2015/06/25,0,0,-603000,-603000
2015/06/26,0,43000,0,43000
2015/06/29,0,0,-1000,-1000
2015/06/30,0,0,-521000,-521000
2015/07/01,0,0,-2133000,-2133000
2015/07/02,0,0,0,0
2015/07/03,0,0,0,0
2015/07/06,0,0,-323000,-323000
2015/07/07,0,0,-1155000,-1155000
2015/07/08,0,0,-10000,-10000
2015/07/09,0,12000,-1243000,-1231000
2015/07/10,0,0,0,0
2015/07/13,0,0,-1000,-1000
2015/07/14,0,441000,0,441000
2015/07/15,0,21000,0,21000
2015/07/16,0,0,0,0
2015/07/17,0,0,-658000,-658000
2015/07/20,0,0,-20000,-20000
2015/07/21,0,4000,-368000,-364000
2015/07/22,0,0,0,0
2015/07/23,0,23000,0,23000
2015/07/24,0,48000,-6000,42000
2015/07/27,0,0,0,0
2015/07/28,0,20000,0,20000
2015/07/29,0,17000,0,17000
2015/07/30,0,10000,0,10000
2015/07/31,0,3000,0,3000
2015/08/03,0,462000,-400000,62000
2015/08/04,0,36000,0,36000
2015/08/05,0,233000,0,233000
2015/08/06,0,32000,0,32000
2015/08/07,0,46000,-303000,-257000
2015/08/10,0,45000,0,45000
2015/08/11,0,3000,0,3000
2015/08/12,0,54000,-2000,52000
2015/08/13,0,6000,0,6000
2015/08/14,0,0,0,0
2015/08/17,0,2000,0,2000
2015/08/18,0,0,0,0
2015/08/19,0,1000,-300000,-299000
2015/08/20,0,2000,-400000,-398000
2015/08/21,0,0,-1400000,-1400000
2015/08/24,0,0,0,0
2015/08/25,0,0,-700,-700
2015/08/26,0,1318000,0,1318000
2015/08/27,0,0,-1000000,-1000000
2015/08/28,0,1001000,0,1001000
2015/08/31,0,737000,-20000,717000
2015/09/01,0,1780000,-32000,1748000
2015/09/02,0,394000,0,394000
2015/09/03,0,1287000,0,1287000
2015/09/04,0,941000,-9000,932000
2015/09/07,0,876000,0,876000
2015/09/08,0,48000,-1600000,-1552000
2015/09/09,0,611000,0,611000
2015/09/10,0,0,0,0
2015/09/11,0,28000,-2417000,-2389000
2015/09/14,0,504000,-718000,-214000
2015/09/15,0,4000,-1822000,-1818000
2015/09/16,0,30000,-1050000,-1020000
2015/09/17,0,0,0,0
2015/09/18,0,0,-1372000,-1372000
2015/09/21,0,66000,-400000,-334000
2015/09/22,0,3053,-12000,-8947
2015/09/23,0,0,-310000,-310000
2015/09/24,0,0,-4074000,-4074000
2015/09/25,0,1000,-198000,-197000
2015/09/28,0,0,0,0
2015/09/29,0,0,0,0
2015/09/30,0,0,0,0
2015/10/01,0,1304000,-17000,1287000
2015/10/02,0,31000,0,31000
2015/10/05,0,24039000,0,24039000
2015/10/06,0,3407000,0,3407000
2015/10/07,0,4076000,0,4076000
2015/10/08,0,3969000,-1150000,2819000
2015/10/09,0,0,0,0
2015/10/12,0,0,0,0
2015/10/13,0,0,-714000,-714000
2015/10/14,0,591000,-596000,-5000
2015/10/15,0,327000,0,327000
2015/10/16,0,6000,-2131000,-2125000
2015/10/19,0,0,-3300000,-3300000
2015/10/20,0,200000,0,200000
2015/10/21,0,0,-2375000,-2375000
2015/10/22,0,0,0,0
2015/10/23,0,0,-256000,-256000
2015/10/26,0,0,0,0
2015/10/27,0,0,0,0
2015/10/28,0,250000,-1330000,-1080000
2015/10/29,0,169000,-834000,-665000
2015/10/30,0,0,-591000,-591000
2015/11/02,0,0,-270000,-270000
2015/11/03,0,334000,0,334000
2015/11/04,0,578000,-1000,577000
2015/11/05,0,570000,-150000,420000
2015/11/06,0,2230000,-2769000,-539000
2015/11/09,0,406000,-1360000,-954000
2015/11/10,0,0,-3055000,-3055000
2015/11/11,0,0,-1340000,-1340000
2015/11/12,0,0,-1650000,-1650000
2015/11/13,0,0,-734000,-734000
2015/11/16,0,0,-1299000,-1299000
2015/11/17,0,200000,-2354000,-2154000
2015/11/18,0,0,-217000,-217000
2015/11/19,0,650000,-1284000,-634000
2015/11/20,0,250000,-240000,10000
2015/11/23,0,100000,-1352000,-1252000
2015/11/24,0,150000,0,150000
2015/11/25,0,0,0,0
2015/11/26,0,0,0,0
2015/11/27,0,0,0,0
2015/11/30,0,1000,-1000000,-999000
2015/12/01,0,404000,0,404000
2015/12/02,0,504000,0,504000
2015/12/03,0,0,-18000,-18000
2015/12/04,0,500000,0,500000
2015/12/07,0,0,0,0
2015/12/08,0,90000,0,90000
2015/12/09,0,0,0,0
2015/12/10,0,0,-150000,-150000
2015/12/11,0,0,-50000,-50000
2015/12/14,0,360000,-1090,358910
2015/12/15,0,0,0,0
2015/12/16,0,0,0,0
2015/12/17,0,0,-250000,-250000
2015/12/18,0,2645000,-818000,1827000
2015/12/21,0,1190000,0,1190000
2015/12/22,0,506000,0,506000
2015/12/23,0,0,-450000,-450000
2015/12/24,0,220000,0,220000
2015/12/25,0,660000,0,660000
2015/12/28,0,691000,0,691000
2015/12/29,0,19000,0,19000
2015/12/30,0,0,-360000,-360000
2015/12/31,0,180000,0,180000
2016/01/01,0,0,0,0
2016/01/04,0,0,0,0
2016/01/05,0,3717000,-7000,3710000
2016/01/06,0,263000,0,263000
2016/01/07,0,355000,-2000,353000
2016/01/08,0,0,0,0
2016/01/11,0,2056000,0,2056000
2016/01/12,0,50000,0,50000
2016/01/13,0,0,0,0
2016/01/14,0,1860000,0,1860000
2016/01/15,0,2001000,-24000,1977000
2016/01/18,0,1252000,0,1252000
2016/01/19,0,0,-8000,-8000
2016/01/20,0,0,-24000,-24000
2016/01/21,0,500000,0,500000
2016/01/22,0,0,0,0
2016/01/25,0,0,-61000,-61000
2016/01/26,0,0,0,0
2016/01/27,0,205000,0,205000
2016/01/28,0,0,0,0
2016/01/29,0,205000,0,205000
2016/02/01,0,300000,0,300000
2016/02/02,0,238000,-1200000,-962000
2016/02/03,0,0,0,0
2016/02/04,0,0,0,0
2016/02/05,0,0,0,0
2016/02/08,0,0,0,0
2016/02/09,0,0,0,0
2016/02/10,0,0,0,0
2016/02/11,0,0,0,0
2016/02/12,0,0,0,0
2016/02/15,0,473,0,473
2016/02/16,0,0,0,0
2016/02/17,0,1000,0,1000
2016/02/18,0,0,0,0
2016/02/19,0,0,-10103000,-10103000
2016/02/22,0,0,-1461000,-1461000
2016/02/23,0,0,-967000,-967000
2016/02/24,0,0,-550000,-550000
2016/02/25,0,0,-415000,-415000
2016/02/26,0,0,0,0
2016/02/29,0,0,0,0
2016/03/01,0,0,-200000,-200000
2016/03/02,0,0,-2000,-2000
2016/03/03,0,0,0,0
2016/03/04,0,0,0,0
2016/03/07,0,0,0,0
2016/03/08,0,0,-1000,-1000
2016/03/09,0,0,-13000,-13000
2016/03/10,0,0,0,0
2016/03/11,0,0,0,0
2016/03/14,0,0,-89000,-89000
2016/03/15,0,0,0,0
2016/03/16,0,0,-1000,-1000
2016/03/17,0,0,-310000,-310000
2016/03/18,0,21000,0,21000
2016/03/21,0,0,0,0
2016/03/22,0,0,0,0
2016/03/23,0,0,0,0
2016/03/24,0,0,0,0
2016/03/25,0,250000,-217000,33000
2016/03/28,0,0,0,0
2016/03/29,0,0,0,0
2016/03/30,0,0,0,0
2016/03/31,0,0,0,0
2016/04/01,0,0,0,0
2016/04/04,0,0,0,0
2016/04/05,0,0,0,0
2016/04/06,0,200000,0,200000
2016/04/07,0,100000,0,100000
2016/04/08,0,0,0,0
2016/04/11,0,0,0,0
2016/04/12,0,1000,0,1000
2016/04/13,0,0,-491000,-491000
2016/04/14,0,0,0,0
2016/04/15,0,1313000,0,1313000
2016/04/18,0,200000,-750000,-550000
2016/04/19,0,0,-940000,-940000
2016/04/20,0,80000,0,80000
2016/04/21,0,0,0,0
2016/04/22,0,0,-500000,-500000
2016/04/25,0,0,-1000,-1000
2016/04/26,0,0,0,0
2016/04/27,0,0,0,0
2016/04/28,0,0,0,0
2016/04/29,0,0,0,0
2016/05/02,0,0,0,0
2016/05/03,0,0,-8000,-8000
2016/05/04,0,0,0,0
2016/05/05,0,0,0,0
2016/05/06,0,0,0,0
2016/05/09,0,2000000,-190000,1810000
2016/05/10,0,0,-1800,-1800
2016/05/11,0,0,0,0
2016/05/12,0,0,0,0
2016/05/13,0,0,0,0
2016/05/16,0,0,0,0
2016/05/17,0,0,0,0
2016/05/18,0,0,0,0
2016/05/19,0,0,0,0
2016/05/20,0,0,0,0
2016/05/23,0,0,0,0
2016/05/24,0,0,0,0
2016/05/25,0,0,-330000,-330000
2016/05/26,0,0,-204000,-204000
2016/05/27,0,0,-227000,-227000
2016/05/30,0,0,0,0
2016/05/31,0,12000,0,12000
2016/06/01,0,0,-3653000,-3653000
2016/06/02,0,0,0,0
2016/06/03,0,0,0,0
2016/06/06,0,0,-100000,-100000
2016/06/07,0,0,0,0
2016/06/08,0,0,-450000,-450000
2016/06/09,0,0,0,0
2016/06/10,0,0,0,0
2016/06/13,0,248000,0,248000
2016/06/14,0,0,0,0
2016/06/15,0,4961000,-8040000,-3079000
2016/06/16,0,682000,-399000,283000
2016/06/17,0,0,-344000,-344000
2016/06/20,0,0,-205000,-205000
2016/06/21,0,0,-627000,-627000
2016/06/22,0,0,0,0
2016/06/23,0,0,-48000,-48000
2016/06/24,0,22000,-1597000,-1575000
2016/06/27,0,17000,0,17000
2016/06/28,0,4000,0,4000
2016/06/29,0,0,-52000,-52000
2016/06/30,0,0,0,0
2016/07/01,0,1265000,-201000,1064000
2016/07/04,0,1130000,-564000,566000
2016/07/05,0,0,-20000,-20000
2016/07/06,0,0,-21000,-21000
2016/07/07,0,496000,-100000,396000
2016/07/08,0,0,0,0
2016/07/11,0,0,-525000,-525000
2016/07/12,0,0,0,0
2016/07/13,0,725000,0,725000
2016/07/14,0,0,-1000,-1000
2016/07/15,0,0,0,0
2016/07/18,0,0,0,0
2016/07/19,0,4000,-2000,2000
2016/07/20,0,21000,-8000,13000
2016/07/21,0,1000,-261000,-260000
2016/07/22,0,37000,-10000,27000
2016/07/25,0,98000,0,98000
2016/07/26,0,32000,0,32000
2016/07/27,0,0,-2000,-2000
2016/07/28,0,0,-100000,-100000
2016/07/29,0,2179,-347000,-344821
2016/08/01,0,0,-200000,-200000
2016/08/02,0,0,-3000,-3000
2016/08/03,0,6000,-5000,1000
2016/08/04,0,14000,-1000,13000
2016/08/05,0,0,-2000,-2000
2016/08/08,0,1000,-4000,-3000
2016/08/09,0,0,-1000,-1000
2016/08/10,0,0,0,0
2016/08/11,0,0,-1000,-1000
2016/08/12,0,8000,-4000,4000
2016/08/15,0,0,-299000,-299000
2016/08/16,0,0,-5000,-5000
2016/08/17,0,1000,0,1000
2016/08/18,0,0,-2000,-2000
2016/08/19,0,0,-69000,-69000
2016/08/22,0,0,0,0
2016/08/23,0,0,-233000,-233000
2016/08/24,0,163000,-4000,159000
2016/08/25,0,478000,-2000,476000
2016/08/26,0,145000,0,145000
2016/08/29,0,269000,-1000,268000
2016/08/30,0,16000,-1000,15000
2016/08/31,0,0,0,0
2016/09/01,0,336000,0,336000
2016/09/02,0,0,0,0
2016/09/05,0,0,-1000,-1000
2016/09/06,0,0,0,0
2016/09/07,0,72000,-2901000,-2829000
2016/09/08,0,0,-2264000,-2264000
2016/09/09,0,1000,0,1000
2016/09/12,0,0,0,0
2016/09/13,0,0,0,0
2016/09/14,0,31000,0,31000
2016/09/15,0,0,0,0
2016/09/16,0,0,0,0
2016/09/19,0,0,-762000,-762000
2016/09/20,0,1292000,0,1292000
2016/09/21,0,0,0,0
2016/09/22,0,0,0,0
2016/09/23,0,0,0,0
2016/09/26,0,360000,-251000,109000
2016/09/27,0,0,0,0
2016/09/28,0,0,0,0
2016/09/29,0,0,-530000,-530000
2016/09/30,0,442798,0,442798
2016/10/03,0,1109000,0,1109000
2016/10/04,0,789000,0,789000
2016/10/05,0,180000,-1685000,-1505000
2016/10/06,0,0,-341000,-341000
2016/10/07,0,0,-1292000,-1292000
2016/10/10,0,0,0,0
2016/10/11,0,0,-1175000,-1175000
2016/10/12,0,0,-580000,-580000
2016/10/13,0,0,0,0
2016/10/14,0,0,0,0
2016/10/17,0,0,0,0
2016/10/18,0,0,-1240000,-1240000
2016/10/19,0,0,0,0
2016/10/20,0,0,-302000,-302000
2016/10/21,0,0,-5000,-5000
2016/10/24,0,0,0,0
2016/10/25,0,0,0,0
2016/10/26,0,0,-1598000,-1598000
2016/10/27,0,0,0,0
2016/10/28,0,0,0,0
2016/10/31,0,0,0,0
2016/11/01,0,0,-50000,-50000
2016/11/02,0,0,-222,-222
2016/11/03,0,0,-36000,-36000
2016/11/04,0,1000,0,1000
2016/11/07,0,0,0,0
2016/11/08,0,0,0,0
2016/11/09,0,0,0,0
2016/11/10,0,0,0,0
2016/11/11,0,0,0,0
2016/11/14,0,0,0,0
2016/11/15,0,0,0,0
2016/11/16,0,0,0,0
2016/11/17,0,0,0,0
2016/11/18,0,0,0,0
2016/11/21,0,0,0,0
2016/11/22,0,0,-94072,-94072
2016/11/23,0,0,-1422000,-1422000
2016/11/24,0,0,-1900000,-1900000
2016/11/25,0,0,-2000000,-2000000
2016/11/28,0,0,-3223174,-3223174
2016/11/29,0,0,-230857,-230857
2016/11/30,0,0,0,0
2016/12/01,0,0,0,0
2016/12/02,0,0,0,0
2016/12/05,0,0,0,0
2016/12/06,0,0,0,0
2016/12/07,0,0,0,0
2016/12/08,0,0,0,0
2016/12/09,0,0,0,0
2016/12/12,0,0,0,0
2016/12/13,0,0,0,0
2016/12/14,0,0,0,0
2016/12/15,0,0,0,0
2016/12/16,0,0,0,0
2016/12/19,0,0,0,0
2016/12/20,0,0,0,0
2016/12/21,0,0,0,0
2016/12/22,0,0,0,0
2016/12/23,0,0,0,0
2016/12/26,0,0,0,0
2016/12/27,0,0,0,0
2016/12/28,0,0,0,0
2016/12/29,0,0,0,0
2016/12/30,0,0,0,0
2017/01/02,0,0,0,0
2017/01/03,0,0,0,0
2017/01/04,0,0,0,0
2017/01/05,0,0,0,0
2017/01/06,0,0,0,0
2017/01/09,0,0,0,0
2017/01/10,0,0,0,0
2017/01/11,0,0,0,0
2017/01/12,0,0,0,0
2017/01/13,0,0,0,0
2017/01/16,0,0,0,0
2017/01/17,0,0,0,0
2017/01/18,0,0,0,0
2017/01/19,0,0,0,0
2017/01/20,0,0,0,0
2017/01/23,0,0,0,0
2017/01/24,0,0,0,0
2017/01/25,0,0,0,0
2017/01/26,0,0,0,0
2017/01/27,0,0,0,0
2017/01/30,0,0,0,0
2017/01/31,0,0,0,0
2017/02/01,0,0,0,0
2017/02/02,0,0,0,0
2017/02/03,0,0,0,0
2017/02/06,0,0,0,0
2017/02/07,0,0,0,0
2017/02/08,0,0,0,0
2017/02/09,0,0,0,0
2017/02/10,0,0,0,0
2017/02/13,0,0,0,0
2017/02/14,0,0,0,0
2017/02/15,0,0,0,0
2017/02/16,0,0,0,0
2017/02/17,0,0,0,0
2017/02/20,0,0,0,0
2017/02/21,0,0,0,0
2017/02/22,0,0,0,0
2017/02/23,0,0,0,0
2017/02/24,0,0,0,0
2017/02/27,0,0,0,0
2017/02/28,0,0,0,0
2017/03/01,0,0,0,0
2017/03/02,0,0,0,0
2017/03/03,0,0,0,0
2017/03/06,0,0,0,0
2017/03/07,0,0,0,0
2017/03/08,0,0,0,0
2017/03/09,0,0,0,0
2017/03/10,0,0,0,0
2017/03/13,0,0,0,0
2017/03/14,0,0,0,0
2017/03/15,0,0,0,0
2017/03/16,0,0,0,0
2017/03/17,0,0,0,0
2017/03/20,0,0,0,0
2017/03/21,0,0,0,0
2017/03/22,0,0,0,0
2017/03/23,0,0,0,0
2017/03/24,0,0,0,0
2017/03/27,0,0,0,0
2017/03/28,0,0,0,0
2017/03/29,0,0,0,0
2017/03/30,0,0,0,0
2017/03/31,0,0,0,0
2017/04/03,0,0,0,0
2017/04/04,0,0,0,0
2017/04/05,0,0,0,0
2017/04/06,0,0,0,0
2017/04/07,0,0,0,0
2017/04/10,0,0,0,0
2017/04/11,0,0,0,0
2017/04/12,0,0,0,0
2017/04/13,0,0,0,0
2017/04/14,0,0,0,0
2017/04/17,0,0,0,0
2017/04/18,0,0,0,0
2017/04/19,0,0,0,0
2017/04/20,0,0,0,0
2017/04/21,0,0,0,0
2017/04/24,0,0,0,0
2017/04/25,0,0,0,0
2017/04/26,0,0,0,0
2017/04/27,0,0,0,0
2017/04/28,0,0,0,0
2017/05/01,0,0,0,0
2017/05/02,0,0,0,0
2017/05/03,0,0,0,0
2017/05/04,0,0,0,0
2017/05/05,0,0,0,0
2017/05/08,0,0,0,0
2017/05/09,0,0,0,0
2017/05/10,0,0,0,0
2017/05/11,0,0,0,0
2017/05/12,0,0,0,0
2017/05/15,0,0,0,0
2017/05/16,0,0,0,0
2017/05/17,0,0,0,0
2017/05/18,0,0,0,0
2017/05/19,0,0,0,0
2017/05/22,0,0,0,0
2017/05/23,0,0,0,0
2017/05/24,0,0,0,0
2017/05/25,0,0,0,0
2017/05/26,0,0,0,0
2017/05/29,0,0,0,0
2017/05/30,0,0,0,0
2017/05/31,0,0,0,0
2017/06/01,0,0,0,0
2017/06/02,0,0,0,0
2017/06/05,0,0,0,0
2017/06/06,0,0,0,0
2017/06/07,0,0,0,0
2017/06/08,0,0,0,0
2017/06/09,0,0,0,0
2017/06/12,0,0,0,0
2017/06/13,0,0,0,0
2017/06/14,0,0,0,0
2017/06/15,0,0,0,0
2017/06/16,0,0,0,0
2017/06/19,0,0,0,0
2017/06/20,0,0,0,0
2017/06/21,0,0,0,0
2017/06/22,0,0,0,0
2017/06/23,0,0,0,0
2017/06/26,0,0,0,0
2017/06/27,0,0,0,0
2017/06/28,0,0,0,0
2017/06/29,0,0,0,0
2017/06/30,0,0,0,0
2017/07/03,0,0,0,0
2017/07/04,0,0,0,0
2017/07/05,0,0,0,0
2017/07/06,0,0,0,0
2017/07/07,0,0,0,0
2017/07/10,0,0,0,0
2017/07/11,0,0,0,0
2017/07/12,0,0,0,0
2017/07/13,0,0,0,0
2017/07/14,0,0,0,0
2017/07/17,0,0,0,0
2017/07/18,0,0,0,0
2017/07/19,0,0,0,0
2017/07/20,0,0,0,0
2017/07/21,0,0,0,0
2017/07/24,0,0,0,0
2017/07/25,0,0,0,0
2017/07/26,0,0,0,0
2017/07/27,0,0,0,0
2017/07/28,0,0,0,0
2017/07/31,0,0,0,0
2017/08/01,0,0,0,0
2017/08/02,0,0,0,0
2017/08/03,0,0,0,0
2017/08/04,0,0,0,0
2017/08/07,0,0,0,0
2017/08/08,0,0,0,0
2017/08/09,0,0,0,0
