Date,Open,Buy,Sell,Total
2007/04/23,0,1215000,-66000,1149000
2007/04/24,0,35000,-265000,-230000
2007/04/25,0,1063000,-19000,1044000
2007/04/26,0,5000,-410000,-405000
2007/04/27,0,8000,-521000,-513000
2007/04/30,0,0,-1025000,-1025000
2007/05/01,0,0,0,0
2007/05/02,0,1000,-938000,-937000
2007/05/03,0,20000,-2159000,-2139000
2007/05/04,0,1106000,-624330,481670
2007/05/07,0,158000,-945000,-787000
2007/05/08,0,389000,-428000,-39000
2007/05/09,0,26000,-613000,-587000
2007/05/10,0,63000,-1032000,-969000
2007/05/11,0,39000,-38000,1000
2007/05/14,0,266000,-41000,225000
2007/05/15,0,5000,-561000,-556000
2007/05/16,0,10000,-374000,-364000
2007/05/17,0,441000,-396000,45000
2007/05/18,0,610000,-136000,474000
2007/05/21,0,425000,-406000,19000
2007/05/22,0,10000,-457000,-447000
2007/05/23,0,983000,-155000,828000
2007/05/24,0,312000,-6000,306000
2007/05/25,0,15000,-5000,10000
2007/05/28,0,54000,-196000,-142000
2007/05/29,0,2000,-747000,-745000
2007/05/30,0,49000,-10000,39000
2007/05/31,0,1661000,-1411000,250000
2007/06/01,0,310000,-1122000,-812000
2007/06/04,0,2206000,-19000,2187000
2007/06/05,0,127000,-1574000,-1447000
2007/06/06,0,36000,-104068,-68068
2007/06/07,0,35000,-9000,26000
2007/06/08,0,14000,-44000,-30000
2007/06/11,0,816000,-21000,795000
2007/06/12,0,13000,-32000,-19000
2007/06/13,0,6000,-33000,-27000
2007/06/14,0,405000,-28000,377000
2007/06/15,0,124000,-8000,116000
2007/06/18,0,0,0,0
2007/06/19,0,0,0,0
2007/06/20,0,745000,-55000,690000
2007/06/21,0,2119000,-1013000,1106000
2007/06/22,0,1812000,-1710000,102000
2007/06/25,0,0,-641000,-641000
2007/06/26,0,111000,-4820000,-4709000
2007/06/27,0,9000,-1163000,-1154000
2007/06/28,0,45000,0,45000
2007/06/29,0,25000,-1063000,-1038000
2007/07/02,0,53000,-779000,-726000
2007/07/03,0,214000,-381000,-167000
2007/07/04,0,194000,-154000,40000
2007/07/05,0,547000,-78000,469000
2007/07/06,0,328000,-492000,-164000
2007/07/09,0,980000,-578000,402000
2007/07/10,0,69000,-10000,59000
2007/07/11,0,77000,-1392084,-1315084
2007/07/12,0,536000,-247000,289000
2007/07/13,0,160000,-79071,80929
2007/07/16,0,31000,-72295,-41295
2007/07/17,0,65000,-189000,-124000
2007/07/18,0,719000,-346000,373000
2007/07/19,0,315000,-108464,206536
2007/07/20,0,1801000,-46000,1755000
2007/07/23,0,95000,-94000,1000
2007/07/24,0,147000,-1305000,-1158000
2007/07/25,0,326000,-2000,324000
2007/07/26,0,74000,-120000,-46000
2007/07/27,0,114000,-480000,-366000
2007/07/30,0,19000,-168000,-149000
2007/07/31,0,192000,-628000,-436000
2007/08/01,0,108000,-495000,-387000
2007/08/02,0,54000,-22834,31166
2007/08/03,0,1062000,-101000,961000
2007/08/06,0,179000,-31000,148000
2007/08/07,0,217000,-257000,-40000
2007/08/08,0,51000,-62000,-11000
2007/08/09,0,51000,-63572,-12572
2007/08/10,0,566000,-99000,467000
2007/08/13,0,469000,-28000,441000
2007/08/14,0,84000,-1357000,-1273000
2007/08/15,0,541000,-1598000,-1057000
2007/08/16,0,237000,-1350000,-1113000
2007/08/17,0,238000,-1121000,-883000
2007/08/20,0,311000,-252000,59000
2007/08/21,0,25000,-131000,-106000
2007/08/22,0,66000,-22000,44000
2007/08/23,0,143000,-131000,12000
2007/08/24,0,58000,-196000,-138000
2007/08/27,0,575000,-295000,280000
2007/08/28,0,55000,-149000,-94000
2007/08/29,0,20000,-702000,-682000
2007/08/30,0,37000,-183000,-146000
2007/08/31,0,497000,-2000,495000
2007/09/03,0,0,-169000,-169000
2007/09/04,0,103000,-268000,-165000
2007/09/05,0,10000,-184000,-174000
2007/09/06,0,60000,-69000,-9000
2007/09/07,0,30000,-22000,8000
2007/09/10,0,1000,-102000,-101000
2007/09/11,0,102000,-11000,91000
2007/09/12,0,102000,-18000,84000
2007/09/13,0,610000,-247000,363000
2007/09/14,0,67000,-52000,15000
2007/09/17,0,2000,-122000,-120000
2007/09/18,0,0,0,0
2007/09/19,0,18000,-150000,-132000
2007/09/20,0,42000,-12000,30000
2007/09/21,0,21000,-47500,-26500
2007/09/24,0,0,0,0
2007/09/25,0,0,0,0
2007/09/26,0,200000,-118820,81180
2007/09/27,0,1047000,-59000,988000
2007/09/28,0,904000,-907000,-3000
2007/10/01,0,0,-815000,-815000
2007/10/02,0,123000,-11000,112000
2007/10/03,0,559000,-125000,434000
2007/10/04,0,10000,-69000,-59000
2007/10/05,0,2000,-187600,-185600
2007/10/08,0,0,-278000,-278000
2007/10/09,0,9000,-36000,-27000
2007/10/10,0,0,0,0
2007/10/11,0,416000,-49000,367000
2007/10/12,0,155000,-136000,19000
2007/10/15,0,6000,-658000,-652000
2007/10/16,0,394000,-53000,341000
2007/10/17,0,3000,-95000,-92000
2007/10/18,0,174000,0,174000
2007/10/19,0,37000,-83000,-46000
2007/10/22,0,16000,-514000,-498000
2007/10/23,0,9000,-127000,-118000
2007/10/24,0,16000,-260000,-244000
2007/10/25,0,116000,-115000,1000
2007/10/26,0,80000,-1000,79000
2007/10/29,0,52000,-300,51700
2007/10/30,0,4000,-119000,-115000
2007/10/31,0,39000,-3000,36000
2007/11/01,0,75000,-13000,62000
2007/11/02,0,64000,-503000,-439000
2007/11/05,0,20000,-558000,-538000
2007/11/06,0,6000,-71000,-65000
2007/11/07,0,9000,-46000,-37000
2007/11/08,0,32000,-197000,-165000
2007/11/09,0,103000,-408000,-305000
2007/11/12,0,28000,-39000,-11000
2007/11/13,0,74000,-9000,65000
2007/11/14,0,9000,-105000,-96000
2007/11/15,0,2000,-7000,-5000
2007/11/16,0,59000,-17000,42000
2007/11/19,0,110000,-20000,90000
2007/11/20,0,132000,-31000,101000
2007/11/21,0,12000,-295000,-283000
2007/11/22,0,136000,-19000,117000
2007/11/23,0,13000,-13000,0
2007/11/26,0,71000,-8000,63000
2007/11/27,0,147000,-43000,104000
2007/11/28,0,18000,-126000,-108000
2007/11/29,0,221000,-182000,39000
2007/11/30,0,1100000,-10000,1090000
2007/12/03,0,11000,-21000,-10000
2007/12/04,0,11000,-3000,8000
2007/12/05,0,857000,-457000,400000
2007/12/06,0,236000,-128000,108000
2007/12/07,0,109000,-450000,-341000
2007/12/10,0,32000,-561000,-529000
2007/12/11,0,99000,-9000,90000
2007/12/12,0,79000,-94000,-15000
2007/12/13,0,34000,-159000,-125000
2007/12/14,0,109000,-24000,85000
2007/12/17,0,37000,-150000,-113000
2007/12/18,0,554000,-72000,482000
2007/12/19,0,14000,-213000,-199000
2007/12/20,0,5000,-66000,-61000
2007/12/21,0,40000,-7000,33000
2007/12/24,0,0,-10000,-10000
2007/12/25,0,25000,-12000,13000
2007/12/26,0,21000,-28000,-7000
2007/12/27,0,48000,-303000,-255000
2007/12/28,0,26000,-79000,-53000
2007/12/31,0,247000,-3000,244000
2008/01/01,0,0,0,0
2008/01/02,0,0,-57000,-57000
2008/01/03,0,629000,-3280,625720
2008/01/04,0,188000,-16000,172000
2008/01/07,0,73000,-297000,-224000
2008/01/08,0,63000,-159000,-96000
2008/01/09,0,154000,-87000,67000
2008/01/10,0,26000,-55000,-29000
2008/01/11,0,27000,0,27000
2008/01/14,0,66000,-146000,-80000
2008/01/15,0,69000,-28000,41000
2008/01/16,0,35000,-34000,1000
2008/01/17,0,569000,-216000,353000
2008/01/18,0,484000,-487000,-3000
2008/01/21,0,267000,-274000,-7000
2008/01/22,0,97000,-27000,70000
2008/01/23,0,430000,-22000,408000
2008/01/24,0,439000,-374000,65000
2008/01/25,0,266000,-300000,-34000
2008/01/28,0,105000,-86000,19000
2008/01/29,0,231000,-2000,229000
2008/01/30,0,69000,-37000,32000
2008/01/31,0,435000,-787000,-352000
2008/02/01,0,261000,-6000,255000
2008/02/04,0,0,0,0
2008/02/05,0,0,0,0
2008/02/06,0,0,0,0
2008/02/07,0,0,0,0
2008/02/08,0,0,0,0
2008/02/11,0,0,0,0
2008/02/12,0,10000,-676000,-666000
2008/02/13,0,53000,-133000,-80000
2008/02/14,0,98000,-27000,71000
2008/02/15,0,231000,-68266,162734
2008/02/18,0,180640,-45000,135640
2008/02/19,0,94000,-50000,44000
2008/02/20,0,20000,-25000,-5000
2008/02/21,0,187000,-137000,50000
2008/02/22,0,179000,-367000,-188000
2008/02/25,0,122000,-28440,93560
2008/02/26,0,36000,-109664,-73664
2008/02/27,0,1513000,-255776,1257224
2008/02/28,0,0,0,0
2008/02/29,0,115000,-72000,43000
2008/03/03,0,108000,-66835,41165
2008/03/04,0,101000,-226000,-125000
2008/03/05,0,34000,-106000,-72000
2008/03/06,0,209000,-174069,34931
2008/03/07,0,193000,-169000,24000
2008/03/10,0,168000,-129000,39000
2008/03/11,0,70000,-45000,25000
2008/03/12,0,147000,-40204,106796
2008/03/13,0,125000,-205000,-80000
2008/03/14,0,222000,-44000,178000
2008/03/17,0,208000,-628000,-420000
2008/03/18,0,349000,-802000,-453000
2008/03/19,0,94000,-179000,-85000
2008/03/20,0,266000,-11000,255000
2008/03/21,0,85000,-100000,-15000
2008/03/24,0,136000,-70000,66000
2008/03/25,0,115000,-96000,19000
2008/03/26,0,29000,-295000,-266000
2008/03/27,0,150000,-35000,115000
2008/03/28,0,145000,-139040,5960
2008/03/31,0,63000,-294000,-231000
2008/04/01,0,321000,-143000,178000
2008/04/02,0,1468000,-176000,1292000
2008/04/03,0,591000,-227000,364000
2008/04/04,0,0,0,0
2008/04/07,0,41000,-18000,23000
2008/04/08,0,60000,-123000,-63000
2008/04/09,0,264000,-192000,72000
2008/04/10,0,201000,-208000,-7000
2008/04/11,0,0,-203000,-203000
2008/04/14,0,8000,-272664,-264664
2008/04/15,0,40000,-51000,-11000
2008/04/16,0,0,-76000,-76000
2008/04/17,0,93000,-724000,-631000
2008/04/18,0,57000,-616000,-559000
2008/04/21,0,82000,-11000,71000
2008/04/22,0,73000,-47000,26000
2008/04/23,0,153000,-12000,141000
2008/04/24,0,51000,-51000,0
2008/04/25,0,544000,-77000,467000
2008/04/28,0,60000,-11000,49000
2008/04/29,0,20000,-156000,-136000
2008/04/30,0,62000,-487000,-425000
2008/05/01,0,0,0,0
2008/05/02,0,125000,-8000,117000
2008/05/05,0,64000,-528000,-464000
2008/05/06,0,130000,-190000,-60000
2008/05/07,0,116000,-23000,93000
2008/05/08,0,13000,-20000,-7000
2008/05/09,0,80000,-398000,-318000
2008/05/12,0,158000,-80000,78000
2008/05/13,0,76000,-68688,7312
2008/05/14,0,214000,-13000,201000
2008/05/15,0,253000,-56000,197000
2008/05/16,0,211000,-59000,152000
2008/05/19,0,11000,-61000,-50000
2008/05/20,0,61000,-624000,-563000
2008/05/21,0,68000,-415000,-347000
2008/05/22,0,17000,-125000,-108000
2008/05/23,0,11000,-347000,-336000
2008/05/26,0,54000,-166000,-112000
2008/05/27,0,156000,-52000,104000
2008/05/28,0,6000,-91000,-85000
2008/05/29,0,136000,-105000,31000
2008/05/30,0,87000,-68520,18480
2008/06/02,0,355000,-6000,349000
2008/06/03,0,212000,-88000,124000
2008/06/04,0,69000,-407220,-338220
2008/06/05,0,167000,-127000,40000
2008/06/06,0,15000,-49000,-34000
2008/06/09,0,11380,-13000,-1620
2008/06/10,0,39000,-50375,-11375
2008/06/11,0,62000,-19000,43000
2008/06/12,0,78000,-96000,-18000
2008/06/13,0,168000,-10000,158000
2008/06/16,0,33000,-2000,31000
2008/06/17,0,155000,-17000,138000
2008/06/18,0,137000,-414096,-277096
2008/06/19,0,127000,-74000,53000
2008/06/20,0,82000,-62000,20000
2008/06/23,0,236000,-26000,210000
2008/06/24,0,52000,-53000,-1000
2008/06/25,0,309000,-5000,304000
2008/06/26,0,40000,-34000,6000
2008/06/27,0,266000,-78000,188000
2008/06/30,0,268000,-10000,258000
2008/07/01,0,40000,-5000,35000
2008/07/02,0,1789000,-89000,1700000
2008/07/03,0,855000,-14000,841000
2008/07/04,0,137000,-466000,-329000
2008/07/07,0,11000,-67000,-56000
2008/07/08,0,129000,-56000,73000
2008/07/09,0,341000,-166000,175000
2008/07/10,0,107000,-54000,53000
2008/07/11,0,42000,-277000,-235000
2008/07/14,0,63000,-77000,-14000
2008/07/15,0,169000,-46000,123000
2008/07/16,0,107000,-47000,60000
2008/07/17,0,881000,-177000,704000
2008/07/18,0,827000,-81000,746000
2008/07/21,0,645000,-32720,612280
2008/07/22,0,487000,-400000,87000
2008/07/23,0,2101000,-1000,2100000
2008/07/24,0,294000,-6000,288000
2008/07/25,0,41000,-104000,-63000
2008/07/28,0,0,0,0
2008/07/29,0,93000,-33000,60000
2008/07/30,0,875000,-12000,863000
2008/07/31,0,469000,-62000,407000
2008/08/01,0,74000,-1623000,-1549000
2008/08/04,0,117000,-43000,74000
2008/08/05,0,151000,-35000,116000
2008/08/06,0,436000,-1000,435000
2008/08/07,0,302000,-77000,225000
2008/08/08,0,1001000,-7000,994000
2008/08/11,0,139000,-90000,49000
2008/08/12,0,21000,-1126000,-1105000
2008/08/13,0,22000,-851000,-829000
2008/08/14,0,29000,-1039000,-1010000
2008/08/15,0,122000,-116000,6000
2008/08/18,0,43000,-44000,-1000
2008/08/19,0,56000,-27000,29000
2008/08/20,0,59000,-24000,35000
2008/08/21,0,17000,-105000,-88000
2008/08/22,0,621000,-227000,394000
2008/08/25,0,79000,-917000,-838000
2008/08/26,0,91000,-686000,-595000
2008/08/27,0,94000,-2615000,-2521000
2008/08/28,0,55000,-686000,-631000
2008/08/29,0,37000,-659000,-622000
2008/09/01,0,66000,-71000,-5000
2008/09/02,0,107000,-87000,20000
2008/09/03,0,449000,-164000,285000
2008/09/04,0,47000,-266000,-219000
2008/09/05,0,46000,-82000,-36000
2008/09/08,0,66000,-15000,51000
2008/09/09,0,138000,-15000,123000
2008/09/10,0,181000,-25000,156000
2008/09/11,0,169000,-182000,-13000
2008/09/12,0,302000,-94000,208000
2008/09/15,0,11000,-82000,-71000
2008/09/16,0,41000,0,41000
2008/09/17,0,118000,-407000,-289000
2008/09/18,0,60000,-367000,-307000
2008/09/19,0,31000,-19000,12000
2008/09/22,0,0,-2000,-2000
2008/09/23,0,268000,-43000,225000
2008/09/24,0,404000,-153000,251000
2008/09/25,0,240000,-133000,107000
2008/09/26,0,109000,-234000,-125000
2008/09/29,0,0,0,0
2008/09/30,0,0,-55000,-55000
2008/10/01,0,151000,-136000,15000
2008/10/02,0,239000,-106000,133000
2008/10/03,0,446000,-35000,411000
2008/10/06,0,62000,-45925,16075
2008/10/07,0,182000,-99000,83000
2008/10/08,0,120000,-69000,51000
2008/10/09,0,176000,-252000,-76000
2008/10/10,0,0,0,0
2008/10/13,0,87000,-175000,-88000
2008/10/14,0,0,0,0
2008/10/15,0,614000,-254000,360000
2008/10/16,0,0,0,0
2008/10/17,0,237000,-84000,153000
2008/10/20,0,88000,-25774,62226
2008/10/21,0,68000,-44000,24000
2008/10/22,0,54000,-69000,-15000
2008/10/23,0,2000,-39000,-37000
2008/10/24,0,10000,-10789,-789
2008/10/27,0,3000,-8000,-5000
2008/10/28,0,64000,-164000,-100000
2008/10/29,0,144000,-76000,68000
2008/10/30,0,32000,-327000,-295000
2008/10/31,0,56000,-105000,-49000
2008/11/03,0,146000,-4000,142000
2008/11/04,0,70000,-64000,6000
2008/11/05,0,37000,-83000,-46000
2008/11/06,0,27000,-14000,13000
2008/11/07,0,111000,-258246,-147246
2008/11/10,0,48000,-98000,-50000
2008/11/11,0,79000,-53000,26000
2008/11/12,0,13000,-32000,-19000
2008/11/13,0,37000,-2000,35000
2008/11/14,0,107000,-112258,-5258
2008/11/17,0,84000,-147000,-63000
2008/11/18,0,43000,-105000,-62000
2008/11/19,0,67000,-52000,15000
2008/11/20,0,88000,-108000,-20000
2008/11/21,0,603000,-64000,539000
2008/11/24,0,111000,-403000,-292000
2008/11/25,0,115000,-254000,-139000
2008/11/26,0,58000,-103000,-45000
2008/11/27,0,41000,-12000,29000
2008/11/28,0,123000,0,123000
2008/12/01,0,88000,-69416,18584
2008/12/02,0,7000,-73000,-66000
2008/12/03,0,0,-92000,-92000
2008/12/04,0,17000,-41738,-24738
2008/12/05,0,27000,-11000,16000
2008/12/08,0,117000,-3000,114000
2008/12/09,0,157000,-47000,110000
2008/12/10,0,59000,-56000,3000
2008/12/11,0,87000,-15000,72000
2008/12/12,0,3000,-191000,-188000
2008/12/15,0,50000,-65000,-15000
2008/12/16,0,45000,-47000,-2000
2008/12/17,0,102000,-137000,-35000
2008/12/18,0,204000,-41000,163000
2008/12/19,0,0,-11000,-11000
2008/12/22,0,90000,-143000,-53000
2008/12/23,0,9000,-119000,-110000
2008/12/24,0,17000,-151000,-134000
2008/12/25,0,43000,-10000,33000
2008/12/26,0,17000,-18000,-1000
2008/12/29,0,17000,-42000,-25000
2008/12/30,0,319000,-3000,316000
2008/12/31,0,420000,-87366,332634
2009/01/01,0,0,0,0
2009/01/02,0,0,0,0
2009/01/05,0,45000,-333930,-288930
2009/01/06,0,646000,-85000,561000
2009/01/07,0,362000,-450000,-88000
2009/01/08,0,19000,-296000,-277000
2009/01/09,0,272000,-294000,-22000
2009/01/12,0,14000,-24000,-10000
2009/01/13,0,416000,-28000,388000
2009/01/14,0,328000,-18000,310000
2009/01/15,0,455000,-385000,70000
2009/01/16,0,245000,-130000,115000
2009/01/19,0,388000,-93064,294936
2009/01/20,0,41000,-4525,36475
2009/01/21,0,229000,-756000,-527000
2009/01/22,0,0,0,0
2009/01/23,0,0,0,0
2009/01/26,0,0,0,0
2009/01/27,0,0,0,0
2009/01/28,0,0,0,0
2009/01/29,0,0,0,0
2009/01/30,0,0,0,0
2009/02/02,0,315000,-203000,112000
2009/02/03,0,939000,-266000,673000
2009/02/04,0,325000,-552000,-227000
2009/02/05,0,614000,-562000,52000
2009/02/06,0,1320000,-367000,953000
2009/02/09,0,1106000,-858000,248000
2009/02/10,0,2695000,-587000,2108000
2009/02/11,0,1852000,-1467000,385000
2009/02/12,0,600000,-1017000,-417000
2009/02/13,0,352000,-533000,-181000
2009/02/16,0,165000,-432000,-267000
2009/02/17,0,477000,-1317000,-840000
2009/02/18,0,3956000,-1291720,2664280
2009/02/19,0,1024000,-1215399,-191399
2009/02/20,0,682000,-1185267,-503267
2009/02/23,0,645000,-737000,-92000
2009/02/24,0,2507000,-238000,2269000
2009/02/25,0,274000,-348000,-74000
2009/02/26,0,75000,-2321000,-2246000
2009/02/27,0,208000,-1484000,-1276000
2009/03/02,0,340000,-2011000,-1671000
2009/03/03,0,667000,-2066000,-1399000
2009/03/04,0,45000,-44000,1000
2009/03/05,0,256000,-473000,-217000
2009/03/06,0,337000,-216000,121000
2009/03/09,0,830000,-1270000,-440000
2009/03/10,0,609000,-176000,433000
2009/03/11,0,194000,-330000,-136000
2009/03/12,0,0,-890000,-890000
2009/03/13,0,151000,-600000,-449000
2009/03/16,0,319000,-55000,264000
2009/03/17,0,677000,-37000,640000
2009/03/18,0,252000,-314000,-62000
2009/03/19,0,554000,-162000,392000
2009/03/20,0,0,-276000,-276000
2009/03/23,0,272000,-391000,-119000
2009/03/24,0,871000,-3000,868000
2009/03/25,0,412000,-826286,-414286
2009/03/26,0,0,-130000,-130000
2009/03/27,0,0,-125000,-125000
2009/03/30,0,2888000,-443000,2445000
2009/03/31,0,431000,-556000,-125000
2009/04/01,0,790000,-132000,658000
2009/04/02,0,492000,-453000,39000
2009/04/03,0,311000,-557000,-246000
2009/04/06,0,209000,-491000,-282000
2009/04/07,0,252000,-312000,-60000
2009/04/08,0,751000,-233000,518000
2009/04/09,0,950000,-139000,811000
2009/04/10,0,592000,-303000,289000
2009/04/13,0,419000,-300000,119000
2009/04/14,0,815000,-418000,397000
2009/04/15,0,331000,-282000,49000
2009/04/16,0,499000,-40000,459000
2009/04/17,0,785000,-1763000,-978000
2009/04/20,0,1594000,-1548000,46000
2009/04/21,0,739000,-761000,-22000
2009/04/22,0,110000,-1809815,-1699815
2009/04/23,0,1963000,-707000,1256000
2009/04/24,0,928000,-802000,126000
2009/04/27,0,1229000,-1676000,-447000
2009/04/28,0,1271000,-1266000,5000
2009/04/29,0,728000,-1107000,-379000
2009/04/30,0,1605000,-800000,805000
2009/05/01,0,0,0,0
2009/05/04,0,679000,-2217000,-1538000
2009/05/05,0,975000,-689000,286000
2009/05/06,0,631000,-386000,245000
2009/05/07,0,1324000,-834000,490000
2009/05/08,0,366000,-286000,80000
2009/05/11,0,730000,-913000,-183000
2009/05/12,0,1417000,-34000,1383000
2009/05/13,0,789000,-323000,466000
2009/05/14,0,400000,-586000,-186000
2009/05/15,0,184000,-290000,-106000
2009/05/18,0,50000,-46000,4000
2009/05/19,0,606000,-514259,91741
2009/05/20,0,784000,-259000,525000
2009/05/21,0,0,-893000,-893000
2009/05/22,0,100000,-267000,-167000
2009/05/25,0,200000,-1143000,-943000
2009/05/26,0,3000,-1404000,-1401000
2009/05/27,0,115000,-423000,-308000
2009/05/28,0,0,0,0
2009/05/29,0,0,0,0
2009/06/01,0,25000,-94000,-69000
2009/06/02,0,3000,-58000,-55000
2009/06/03,0,50000,-435000,-385000
2009/06/04,0,31000,-188561,-157561
2009/06/05,0,132000,-32000,100000
2009/06/08,0,10000,-44000,-34000
2009/06/09,0,352000,-1085000,-733000
2009/06/10,0,37000,-978131,-941131
2009/06/11,0,1372000,-1332000,40000
2009/06/12,0,435000,-379000,56000
2009/06/15,0,1389000,-112000,1277000
2009/06/16,0,1356000,-11000,1345000
2009/06/17,0,532000,-205000,327000
2009/06/18,0,434000,-534000,-100000
2009/06/19,0,533000,-1017000,-484000
2009/06/22,0,406000,-427000,-21000
2009/06/23,0,500000,-4837000,-4337000
2009/06/24,0,156000,-67000,89000
2009/06/25,0,133000,-281000,-148000
2009/06/26,0,0,-316000,-316000
2009/06/29,0,19000,-42000,-23000
2009/06/30,0,95000,-11000,84000
2009/07/01,0,266000,-11000,255000
2009/07/02,0,0,-123144,-123144
2009/07/03,0,19000,-1004000,-985000
2009/07/06,0,0,-36000,-36000
2009/07/07,0,157857,0,157857
2009/07/08,0,5000,-39000,-34000
2009/07/09,0,188000,0,188000
2009/07/10,0,801000,-23000,778000
2009/07/13,0,542000,-452000,90000
2009/07/14,0,72000,-6000,66000
2009/07/15,0,393000,-391000,2000
2009/07/16,0,318000,-21000,297000
2009/07/17,0,409000,-251441,157559
2009/07/20,0,1254000,-48000,1206000
2009/07/21,0,960000,-67000,893000
2009/07/22,0,1064000,-124000,940000
2009/07/23,0,2500000,-418000,2082000
2009/07/24,0,2148000,-276000,1872000
2009/07/27,0,1802000,-109000,1693000
2009/07/28,0,1273000,-1249000,24000
2009/07/29,0,571000,-780000,-209000
2009/07/30,0,64000,-1224000,-1160000
2009/07/31,0,759000,-835000,-76000
2009/08/03,0,993290,-564000,429290
2009/08/04,0,1051000,-1118000,-67000
2009/08/05,0,603272,-2374000,-1770728
2009/08/06,0,1013000,-1123000,-110000
2009/08/07,0,0,0,0
2009/08/10,0,2991000,-25000,2966000
2009/08/11,0,1524000,-411000,1113000
2009/08/12,0,500000,-1543000,-1043000
2009/08/13,0,958000,-628000,330000
2009/08/14,0,233000,-847000,-614000
2009/08/17,0,159000,-330000,-171000
2009/08/18,0,686000,-4569000,-3883000
2009/08/19,0,328000,-529000,-201000
2009/08/20,0,1218000,-1434000,-216000
2009/08/21,0,364000,-2806000,-2442000
2009/08/24,0,9000,-165000,-156000
2009/08/25,0,912000,-199000,713000
2009/08/26,0,477000,-828000,-351000
2009/08/27,0,0,-9000,-9000
2009/08/28,0,1033000,-629000,404000
2009/08/31,0,1113000,-664000,449000
2009/09/01,0,642000,-366000,276000
2009/09/02,0,361000,-161000,200000
2009/09/03,0,460000,-649000,-189000
2009/09/04,0,1314000,-163000,1151000
2009/09/07,0,262000,-525000,-263000
2009/09/08,0,563000,-926000,-363000
2009/09/09,0,54000,-134000,-80000
2009/09/10,0,225000,-711000,-486000
2009/09/11,0,605000,-107000,498000
2009/09/14,0,457000,-194000,263000
2009/09/15,0,42000,-81000,-39000
2009/09/16,0,132000,-92006,39994
2009/09/17,0,2986000,-121000,2865000
2009/09/18,0,971000,-191000,780000
2009/09/21,0,502000,-778000,-276000
2009/09/22,0,14000,-1371000,-1357000
2009/09/23,0,204000,-521869,-317869
2009/09/24,0,228000,-185000,43000
2009/09/25,0,196000,-32000,164000
2009/09/28,0,24000,-555642,-531642
2009/09/29,0,1000,-710000,-709000
2009/09/30,0,21000,-26000,-5000
2009/10/01,0,100000,-104000,-4000
2009/10/02,0,200000,-154000,46000
2009/10/05,0,100000,-90000,10000
2009/10/06,0,102000,-85000,17000
2009/10/07,0,301000,-1000,300000
2009/10/08,0,658000,-130000,528000
2009/10/09,0,329000,-1215000,-886000
2009/10/12,0,3126000,-338000,2788000
2009/10/13,0,845000,-141000,704000
2009/10/14,0,156000,-900000,-744000
2009/10/15,0,1100000,-911000,189000
2009/10/16,0,102000,0,102000
2009/10/19,0,76000,-5000,71000
2009/10/20,0,250000,-49000,201000
2009/10/21,0,103000,-404542,-301542
2009/10/22,0,253000,-1103000,-850000
2009/10/23,0,760000,-1100000,-340000
2009/10/26,0,34000,-23000,11000
2009/10/27,0,11000,-28000,-17000
2009/10/28,0,91000,-1268000,-1177000
2009/10/29,0,672000,-1952000,-1280000
2009/10/30,0,28000,-474000,-446000
2009/11/02,0,142000,-266000,-124000
2009/11/03,0,206000,-259000,-53000
2009/11/04,0,267000,-1026000,-759000
2009/11/05,0,2066000,-1051000,1015000
2009/11/06,0,261000,-500000,-239000
2009/11/09,0,41000,-51000,-10000
2009/11/10,0,115000,-53000,62000
2009/11/11,0,583000,-90000,493000
2009/11/12,0,57000,-7000,50000
2009/11/13,0,102000,-24000,78000
2009/11/16,0,150000,-257000,-107000
2009/11/17,0,3000,-352000,-349000
2009/11/18,0,450000,-436000,14000
2009/11/19,0,4304000,-102000,4202000
2009/11/20,0,912000,-538000,374000
2009/11/23,0,14000,-401000,-387000
2009/11/24,0,50000,-804000,-754000
2009/11/25,0,46000,0,46000
2009/11/26,0,9000,-229000,-220000
2009/11/27,0,27000,-4360000,-4333000
2009/11/30,0,226000,-806000,-580000
2009/12/01,0,288000,-140000,148000
2009/12/02,0,74000,-143000,-69000
2009/12/03,0,206000,-159000,47000
2009/12/04,0,238000,-12000,226000
2009/12/07,0,0,-535000,-535000
2009/12/08,0,900000,-75000,825000
2009/12/09,0,1040000,-245000,795000
2009/12/10,0,363000,-355000,8000
2009/12/11,0,103000,-760000,-657000
2009/12/14,0,68000,-239000,-171000
2009/12/15,0,1066000,-119000,947000
2009/12/16,0,62000,-734000,-672000
2009/12/17,0,364000,-79000,285000
2009/12/18,0,100000,-206000,-106000
2009/12/21,0,376000,-320000,56000
2009/12/22,0,1008000,-92883,915117
2009/12/23,0,3325000,-99000,3226000
2009/12/24,0,2475000,-422000,2053000
2009/12/25,0,1673000,-1600000,73000
2009/12/28,0,405000,-998000,-593000
2009/12/29,0,999000,-1470000,-471000
2009/12/30,0,602000,-1525000,-923000
2009/12/31,0,2768000,-534000,2234000
2010/01/01,0,0,0,0
2010/01/04,0,1243000,-841000,402000
2010/01/05,0,594000,-4478000,-3884000
2010/01/06,0,379000,-613000,-234000
2010/01/07,0,131000,-1043000,-912000
2010/01/08,0,965000,-20000,945000
2010/01/11,0,2711000,-841000,1870000
2010/01/12,0,1954000,-20000,1934000
2010/01/13,0,528000,-1318000,-790000
2010/01/14,0,407000,-827636,-420636
2010/01/15,0,3668000,-766000,2902000
2010/01/18,0,1322000,-438000,884000
2010/01/19,0,1741000,-1529000,212000
2010/01/20,0,590000,-605000,-15000
2010/01/21,0,301000,-2014000,-1713000
2010/01/22,0,380000,-844000,-464000
2010/01/25,0,192000,-554000,-362000
2010/01/26,0,93000,-3204000,-3111000
2010/01/27,0,171000,-1963000,-1792000
2010/01/28,0,107000,-1152000,-1045000
2010/01/29,0,515000,-1022000,-507000
2010/02/01,0,354000,-1163000,-809000
2010/02/02,0,410000,-658430,-248430
2010/02/03,0,755000,-299000,456000
2010/02/04,0,427000,-443000,-16000
2010/02/05,0,326000,-169000,157000
2010/02/08,0,250000,-462000,-212000
2010/02/09,0,230000,-679000,-449000
2010/02/10,0,70000,-616924,-546924
2010/02/11,0,0,0,0
2010/02/12,0,0,0,0
2010/02/15,0,0,0,0
2010/02/16,0,0,0,0
2010/02/17,0,0,0,0
2010/02/18,0,0,0,0
2010/02/19,0,0,0,0
2010/02/22,0,401000,-26000,375000
2010/02/23,0,2000,-420000,-418000
2010/02/24,0,448000,-399000,49000
2010/02/25,0,273000,-164064,108936
2010/02/26,0,192000,-20000,172000
2010/03/01,0,852000,-1324000,-472000
2010/03/02,0,846000,-455000,391000
2010/03/03,0,268000,-513000,-245000
2010/03/04,0,180000,-636000,-456000
2010/03/05,0,227000,-447000,-220000
2010/03/08,0,767000,-2404000,-1637000
2010/03/09,0,842000,-900000,-58000
2010/03/10,0,144000,-917000,-773000
2010/03/11,0,304000,-1013000,-709000
2010/03/12,0,241000,-106000,135000
2010/03/15,0,1240000,-712000,528000
2010/03/16,0,1373000,-915000,458000
2010/03/17,0,926000,-634000,292000
2010/03/18,0,2905000,-609000,2296000
2010/03/19,0,385000,-1919000,-1534000
2010/03/22,0,495000,-580000,-85000
2010/03/23,0,150000,-770000,-620000
2010/03/24,0,608000,-1114277,-506277
2010/03/25,0,208000,-1167000,-959000
2010/03/26,0,705000,-532000,173000
2010/03/29,0,693000,-50000,643000
2010/03/30,0,815000,-427000,388000
2010/03/31,0,103000,-14000,89000
2010/04/01,0,406000,-1111000,-705000
2010/04/02,0,611000,-90000,521000
2010/04/05,0,0,0,0
2010/04/06,0,905000,-502000,403000
2010/04/07,0,10000,-682000,-672000
2010/04/08,0,138000,-1703000,-1565000
2010/04/09,0,43000,-316000,-273000
2010/04/12,0,500000,-903000,-403000
2010/04/13,0,237000,-1904830,-1667830
2010/04/14,0,1352000,-209055,1142945
2010/04/15,0,49000,-164000,-115000
2010/04/16,0,504000,-544000,-40000
2010/04/19,0,82000,-291000,-209000
2010/04/20,0,229000,-633000,-404000
2010/04/21,0,149000,-288000,-139000
2010/04/22,0,453000,-109000,344000
2010/04/23,0,50000,-226000,-176000
2010/04/26,0,276000,-29000,247000
2010/04/27,0,41000,-51000,-10000
2010/04/28,0,77000,-427000,-350000
2010/04/29,0,216000,-262000,-46000
2010/04/30,0,330000,-9000,321000
2010/05/03,0,403000,-1038000,-635000
2010/05/04,0,105000,-233000,-128000
2010/05/05,0,600000,-727000,-127000
2010/05/06,0,116000,-689000,-573000
2010/05/07,0,544000,-114000,430000
2010/05/10,0,219000,-408515,-189515
2010/05/11,0,18000,-1050000,-1032000
2010/05/12,0,21000,-73000,-52000
2010/05/13,0,296000,-25000,271000
2010/05/14,0,301000,-200000,101000
2010/05/17,0,307000,-286000,21000
2010/05/18,0,1348000,-452000,896000
2010/05/19,0,1670000,-1144000,526000
2010/05/20,0,551000,-787000,-236000
2010/05/21,0,295000,-203000,92000
2010/05/24,0,101000,-469000,-368000
2010/05/25,0,765000,-172000,593000
2010/05/26,0,491000,-2445155,-1954155
2010/05/27,0,101000,-2722000,-2621000
2010/05/28,0,0,-322000,-322000
2010/05/31,0,0,-469000,-469000
2010/06/01,0,74000,-1289000,-1215000
2010/06/02,0,55000,0,55000
2010/06/03,0,30000,0,30000
2010/06/04,0,6000,0,6000
2010/06/07,0,28000,-47000,-19000
2010/06/08,0,156000,-1428000,-1272000
2010/06/09,0,0,-371000,-371000
2010/06/10,0,50000,-12000,38000
2010/06/11,0,56000,0,56000
2010/06/14,0,96000,0,96000
2010/06/15,0,1016000,0,1016000
2010/06/16,0,0,0,0
2010/06/17,0,1507000,0,1507000
2010/06/18,0,32000,-45000,-13000
2010/06/21,0,14000,0,14000
2010/06/22,0,4000,0,4000
2010/06/23,0,4000,0,4000
2010/06/24,0,0,-2000,-2000
2010/06/25,0,60000,-251000,-191000
2010/06/28,0,0,-100000,-100000
2010/06/29,0,338000,-300000,38000
2010/06/30,0,755000,-5000,750000
2010/07/01,0,1317000,-105000,1212000
2010/07/02,0,67000,-614000,-547000
2010/07/05,0,371000,0,371000
2010/07/06,0,21000,-300000,-279000
2010/07/07,0,38000,-82000,-44000
2010/07/08,0,49000,-9892,39108
2010/07/09,0,35000,-7000,28000
2010/07/12,0,40000,-20000,20000
2010/07/13,0,10000,-2000,8000
2010/07/14,0,5000,-6000,-1000
2010/07/15,0,5000,0,5000
2010/07/16,0,56000,0,56000
2010/07/19,0,26000,-20000,6000
2010/07/20,0,5000,-50000,-45000
2010/07/21,0,17000,0,17000
2010/07/22,0,14000,-36000,-22000
2010/07/23,0,36000,-6000,30000
2010/07/26,0,0,-151000,-151000
2010/07/27,0,0,-672000,-672000
2010/07/28,0,80000,-95000,-15000
2010/07/29,0,0,-10000,-10000
2010/07/30,0,0,-40000,-40000
2010/08/02,0,57000,0,57000
2010/08/03,0,0,-30000,-30000
2010/08/04,0,0,-141000,-141000
2010/08/05,0,0,-212000,-212000
2010/08/06,0,34000,0,34000
2010/08/09,0,15000,-30000,-15000
2010/08/10,0,0,-77000,-77000
2010/08/11,0,6000,0,6000
2010/08/12,0,157000,-79000,78000
2010/08/13,0,175000,-47000,128000
2010/08/16,0,6000,-9000,-3000
2010/08/17,0,3000,-2000,1000
2010/08/18,0,2000,-128000,-126000
2010/08/19,0,56000,0,56000
2010/08/20,0,0,-158000,-158000
2010/08/23,0,59000,-89000,-30000
2010/08/24,0,0,-94000,-94000
2010/08/25,0,0,-214000,-214000
2010/08/26,0,0,-27000,-27000
2010/08/27,0,0,-137000,-137000
2010/08/30,0,0,-34000,-34000
2010/08/31,0,44000,-340000,-296000
2010/09/01,0,82000,-37000,45000
2010/09/02,0,3000,-113000,-110000
2010/09/03,0,0,-67000,-67000
2010/09/06,0,65000,0,65000
2010/09/07,0,0,-24000,-24000
2010/09/08,0,6000,-120000,-114000
2010/09/09,0,25000,-158,24842
2010/09/10,0,124000,0,124000
2010/09/13,0,60000,-8000,52000
2010/09/14,0,0,-146000,-146000
2010/09/15,0,0,-1529000,-1529000
2010/09/16,0,4000,-12000,-8000
2010/09/17,0,72000,-15000,57000
2010/09/20,0,0,-24000,-24000
2010/09/21,0,148000,0,148000
2010/09/22,0,0,0,0
2010/09/23,0,51000,-24000,27000
2010/09/24,0,33000,0,33000
2010/09/27,0,0,-21000,-21000
2010/09/28,0,18000,-1000,17000
2010/09/29,0,74000,-168000,-94000
2010/09/30,0,392000,-39000,353000
2010/10/01,0,516000,-71000,445000
2010/10/04,0,423000,-61000,362000
2010/10/05,0,56000,-18000,38000
2010/10/06,0,0,-66000,-66000
2010/10/07,0,2000,-79049,-77049
2010/10/08,0,100000,0,100000
2010/10/11,0,109000,-403000,-294000
2010/10/12,0,2000,-65000,-63000
2010/10/13,0,158000,-68000,90000
2010/10/14,0,77000,-36000,41000
2010/10/15,0,141000,-35000,106000
2010/10/18,0,32000,-386000,-354000
2010/10/19,0,6000,-431000,-425000
2010/10/20,0,23000,-25000,-2000
2010/10/21,0,0,-16000,-16000
2010/10/22,0,0,-246000,-246000
2010/10/25,0,89000,0,89000
2010/10/26,0,20000,0,20000
2010/10/27,0,6000,0,6000
2010/10/28,0,39000,0,39000
2010/10/29,0,37000,0,37000
2010/11/01,0,408000,0,408000
2010/11/02,0,60000,-30000,30000
2010/11/03,0,11000,-115000,-104000
2010/11/04,0,27000,0,27000
2010/11/05,0,14000,0,14000
2010/11/08,0,25000,-7000,18000
2010/11/09,0,15234,0,15234
2010/11/10,0,51000,-25000,26000
2010/11/11,0,61000,0,61000
2010/11/12,0,0,-78000,-78000
2010/11/15,0,0,0,0
2010/11/16,0,225000,-19000,206000
2010/11/17,0,0,0,0
2010/11/18,0,20000,0,20000
2010/11/19,0,0,-27000,-27000
2010/11/22,0,0,0,0
2010/11/23,0,225000,-1000,224000
2010/11/24,0,119000,-120000,-1000
2010/11/25,0,0,-37000,-37000
2010/11/26,0,0,-1000,-1000
2010/11/29,0,36000,-149000,-113000
2010/11/30,0,154000,-107000,47000
2010/12/01,0,1003000,0,1003000
2010/12/02,0,43000,0,43000
2010/12/03,0,1230000,-59000,1171000
2010/12/06,0,3000,-79000,-76000
2010/12/07,0,270000,-38000,232000
2010/12/08,0,0,-90000,-90000
2010/12/09,0,115000,-6000,109000
2010/12/10,0,26000,0,26000
2010/12/13,0,450000,-102000,348000
2010/12/14,0,0,-155934,-155934
2010/12/15,0,0,-66000,-66000
2010/12/16,0,150000,-119000,31000
2010/12/17,0,0,-203000,-203000
2010/12/20,0,5000,-23000,-18000
2010/12/21,0,196000,-42000,154000
2010/12/22,0,22000,0,22000
2010/12/23,0,9000,-69000,-60000
2010/12/24,0,309000,-45000,264000
2010/12/27,0,162000,-180000,-18000
2010/12/28,0,22000,-124000,-102000
2010/12/29,0,30000,-34293,-4293
2010/12/30,0,22000,-49000,-27000
2010/12/31,0,45000,-11000,34000
2011/01/03,0,17000,-20000,-3000
2011/01/04,0,0,-372000,-372000
2011/01/05,0,327000,-137000,190000
2011/01/06,0,218000,0,218000
2011/01/07,0,456000,-755000,-299000
2011/01/10,0,332000,-25000,307000
2011/01/11,0,244000,-12000,232000
2011/01/12,0,671000,-110000,561000
2011/01/13,0,53000,-422000,-369000
2011/01/14,0,158000,-471000,-313000
2011/01/17,0,13000,-47420,-34420
2011/01/18,0,352000,-69000,283000
2011/01/19,0,36000,-1129000,-1093000
2011/01/20,0,100000,-37000,63000
2011/01/21,0,673000,-208197,464803
2011/01/24,0,200000,-93000,107000
2011/01/25,0,44000,-426000,-382000
2011/01/26,0,2400000,0,2400000
2011/01/27,0,528000,0,528000
2011/01/28,0,1256000,-28000,1228000
2011/01/31,0,0,0,0
2011/02/01,0,0,0,0
2011/02/02,0,0,0,0
2011/02/03,0,0,0,0
2011/02/04,0,0,0,0
2011/02/07,0,0,0,0
2011/02/08,0,822000,-33000,789000
2011/02/09,0,595000,-593000,2000
2011/02/10,0,86000,-86000,0
2011/02/11,0,0,-2199000,-2199000
2011/02/14,0,51000,-2157000,-2106000
2011/02/15,0,318000,-787000,-469000
2011/02/16,0,549000,-746000,-197000
2011/02/17,0,100000,-174000,-74000
2011/02/18,0,0,-200000,-200000
2011/02/21,0,555000,-33000,522000
2011/02/22,0,1100000,-645000,455000
2011/02/23,0,600000,-265000,335000
2011/02/24,0,372000,-557000,-185000
2011/02/25,0,76000,-44000,32000
2011/02/28,0,0,0,0
2011/03/01,0,76000,-4000,72000
2011/03/02,0,51000,-61000,-10000
2011/03/03,0,65000,-725000,-660000
2011/03/04,0,27000,-77000,-50000
2011/03/07,0,331000,-275,330725
2011/03/08,0,52000,-59000,-7000
2011/03/09,0,1000,-15000,-14000
2011/03/10,0,400000,-94000,306000
2011/03/11,0,200000,-83000,117000
2011/03/14,0,0,-817000,-817000
2011/03/15,0,102000,0,102000
2011/03/16,0,271000,-4000,267000
2011/03/17,0,1000,-4471000,-4470000
2011/03/18,0,0,-140000,-140000
2011/03/21,0,100000,-41000,59000
2011/03/22,0,172000,-26000,146000
2011/03/23,0,50000,-18000,32000
2011/03/24,0,0,0,0
2011/03/25,0,1251000,0,1251000
2011/03/28,0,671000,-8000,663000
2011/03/29,0,5000,0,5000
2011/03/30,0,162000,0,162000
2011/03/31,0,41000,0,41000
2011/04/01,0,110000,0,110000
2011/04/04,0,0,0,0
2011/04/05,0,0,0,0
2011/04/06,0,0,0,0
2011/04/07,0,54000,-6000,48000
2011/04/08,0,3000,0,3000
2011/04/11,0,11000,0,11000
2011/04/12,0,98000,-55000,43000
2011/04/13,0,69000,-126000,-57000
2011/04/14,0,42000,-83860,-41860
2011/04/15,0,50000,-28000,22000
2011/04/18,0,0,-27000,-27000
2011/04/19,0,260000,-95000,165000
2011/04/20,0,542000,0,542000
2011/04/21,0,17000,-5000,12000
2011/04/22,0,20000,-100000,-80000
2011/04/25,0,2000,0,2000
2011/04/26,0,10000,-203,9797
2011/04/27,0,0,-7000,-7000
2011/04/28,0,27000,-86000,-59000
2011/04/29,0,9000,0,9000
2011/05/02,0,0,0,0
2011/05/03,0,12000,-207000,-195000
2011/05/04,0,15000,-18000,-3000
2011/05/05,0,22000,-24000,-2000
2011/05/06,0,3000,-22000,-19000
2011/05/09,0,11000,-1103000,-1092000
2011/05/10,0,3000,-16000,-13000
2011/05/11,0,126000,-57514,68486
2011/05/12,0,54000,-434000,-380000
2011/05/13,0,0,-671000,-671000
2011/05/16,0,19000,-4000,15000
2011/05/17,0,0,0,0
2011/05/18,0,0,-5000,-5000
2011/05/19,0,3000,-3324,-324
2011/05/20,0,0,-4000,-4000
2011/05/23,0,1000,-31000,-30000
2011/05/24,0,0,-6000,-6000
2011/05/25,0,0,-21000,-21000
2011/05/26,0,848,0,848
2011/05/27,0,0,-17000,-17000
2011/05/30,0,0,-131000,-131000
2011/05/31,0,0,-40000,-40000
2011/06/01,0,0,-13000,-13000
2011/06/02,0,152,0,152
2011/06/03,0,0,-1000,-1000
2011/06/06,0,0,0,0
2011/06/07,0,0,0,0
2011/06/08,0,0,-8000,-8000
2011/06/09,0,0,0,0
2011/06/10,0,0,0,0
2011/06/13,0,52000,-7000,45000
2011/06/14,0,8000,0,8000
2011/06/15,0,110000,0,110000
2011/06/16,0,39000,-14000,25000
2011/06/17,0,48000,-3000,45000
2011/06/20,0,32000,-107000,-75000
2011/06/21,0,65000,0,65000
2011/06/22,0,0,-159000,-159000
2011/06/23,0,10000,-7000,3000
2011/06/24,0,172000,0,172000
2011/06/27,0,59000,-24000,35000
2011/06/28,0,2000,-26000,-24000
2011/06/29,0,71000,-122000,-51000
2011/06/30,0,33000,-10000,23000
2011/07/01,0,0,0,0
2011/07/04,0,0,-147000,-147000
2011/07/05,0,631000,-77078,553922
2011/07/06,0,500000,-16000,484000
2011/07/07,0,134000,0,134000
2011/07/08,0,8000,-17000,-9000
2011/07/11,0,8000,-1000,7000
2011/07/12,0,1000,-1100000,-1099000
2011/07/13,0,1000,0,1000
2011/07/14,0,0,0,0
2011/07/15,0,1000,0,1000
2011/07/18,0,0,0,0
2011/07/19,0,0,-1000,-1000
2011/07/20,0,15000,0,15000
2011/07/21,0,203000,-6000,197000
2011/07/22,0,10000,0,10000
2011/07/25,0,3000,-1000,2000
2011/07/26,0,4000,-6000,-2000
2011/07/27,0,0,0,0
2011/07/28,0,0,-67000,-67000
2011/07/29,0,46000,-5000,41000
2011/08/01,0,56000,0,56000
2011/08/02,0,0,-4000,-4000
2011/08/03,0,0,-9995,-9995
2011/08/04,0,11000,0,11000
2011/08/05,0,11000,0,11000
2011/08/08,0,11000,-80000,-69000
2011/08/09,0,0,-35000,-35000
2011/08/10,0,0,-81000,-81000
2011/08/11,0,0,-11000,-11000
2011/08/12,0,0,-7000,-7000
2011/08/15,0,0,0,0
2011/08/16,0,0,0,0
2011/08/17,0,0,-2000,-2000
2011/08/18,0,0,-4000,-4000
2011/08/19,0,0,0,0
2011/08/22,0,39000,0,39000
2011/08/23,0,49000,0,49000
2011/08/24,0,0,0,0
2011/08/25,0,69000,0,69000
2011/08/26,0,0,0,0
2011/08/29,0,3000,0,3000
2011/08/30,0,0,0,0
2011/08/31,0,0,0,0
2011/09/01,0,1000,0,1000
2011/09/02,0,0,0,0
2011/09/05,0,0,-75000,-75000
2011/09/06,0,0,-30000,-30000
2011/09/07,0,0,0,0
2011/09/08,0,0,-75000,-75000
2011/09/09,0,23000,-2000,21000
2011/09/12,0,0,0,0
2011/09/13,0,0,-16000,-16000
2011/09/14,0,0,-12000,-12000
2011/09/15,0,12000,0,12000
2011/09/16,0,0,0,0
2011/09/19,0,60000,0,60000
2011/09/20,0,90000,-12000,78000
2011/09/21,0,63000,-8000,55000
2011/09/22,0,21000,0,21000
2011/09/23,0,58000,-42000,16000
2011/09/26,0,21000,0,21000
2011/09/27,0,0,0,0
2011/09/28,0,23000,-30000,-7000
2011/09/29,0,12000,-10000,2000
2011/09/30,0,0,-29000,-29000
2011/10/03,0,0,0,0
2011/10/04,0,0,0,0
2011/10/05,0,0,0,0
2011/10/06,0,12000,0,12000
2011/10/07,0,11000,0,11000
2011/10/10,0,0,0,0
2011/10/11,0,0,0,0
2011/10/12,0,0,0,0
2011/10/13,0,212,-12000,-11788
2011/10/14,0,0,-1000,-1000
2011/10/17,0,0,0,0
2011/10/18,0,0,-2149,-2149
2011/10/19,0,0,-23000,-23000
2011/10/20,0,0,0,0
2011/10/21,0,0,0,0
2011/10/24,0,0,0,0
2011/10/25,0,0,0,0
2011/10/26,0,0,0,0
2011/10/27,0,0,-5000,-5000
2011/10/28,0,0,0,0
2011/10/31,0,0,0,0
2011/11/01,0,11000,0,11000
2011/11/02,0,0,-3000,-3000
2011/11/03,0,0,-7000,-7000
2011/11/04,0,4000,0,4000
2011/11/07,0,0,0,0
2011/11/08,0,0,-2000,-2000
2011/11/09,0,0,0,0
2011/11/10,0,0,0,0
2011/11/11,0,0,-6000,-6000
2011/11/14,0,12000,0,12000
2011/11/15,0,12000,0,12000
2011/11/16,0,0,-12000,-12000
2011/11/17,0,11000,-11000,0
2011/11/18,0,0,-27000,-27000
2011/11/21,0,11000,0,11000
2011/11/22,0,18000,-2000,16000
2011/11/23,0,0,-7000,-7000
2011/11/24,0,0,-5000,-5000
2011/11/25,0,2000,-3000,-1000
2011/11/28,0,11000,-26000,-15000
2011/11/29,0,0,-44000,-44000
2011/11/30,0,0,-26000,-26000
2011/12/01,0,2000,0,2000
2011/12/02,0,6000,0,6000
2011/12/05,0,1000,-753,247
2011/12/06,0,0,0,0
2011/12/07,0,0,-1000,-1000
2011/12/08,0,18000,-43010,-25010
2011/12/09,0,0,-2000,-2000
2011/12/12,0,0,0,0
2011/12/13,0,0,-2222,-2222
2011/12/14,0,0,-21000,-21000
2011/12/15,0,2000,-1000,1000
2011/12/16,0,48000,-8000,40000
2011/12/19,0,11000,0,11000
2011/12/20,0,53000,-53000,0
2011/12/21,0,23000,-11000,12000
2011/12/22,0,0,0,0
2011/12/23,0,0,-2000,-2000
2011/12/26,0,0,0,0
2011/12/27,0,24000,-12000,12000
2011/12/28,0,42000,-3449,38551
2011/12/29,0,162000,0,162000
2011/12/30,0,1000,0,1000
2012/01/02,0,0,-52000,-52000
2012/01/03,0,10000,0,10000
2012/01/04,0,0,0,0
2012/01/05,0,0,-5000,-5000
2012/01/06,0,0,-1000,-1000
2012/01/09,0,16000,-11000,5000
2012/01/10,0,0,0,0
2012/01/11,0,7000,0,7000
2012/01/12,0,12000,0,12000
2012/01/13,0,0,0,0
2012/01/16,0,45000,-2000,43000
2012/01/17,0,0,0,0
2012/01/18,0,43000,-45000,-2000
2012/01/19,0,0,0,0
2012/01/20,0,0,0,0
2012/01/23,0,0,0,0
2012/01/24,0,0,0,0
2012/01/25,0,0,0,0
2012/01/26,0,0,0,0
2012/01/27,0,0,0,0
2012/01/30,0,19000,0,19000
2012/01/31,0,13000,-14000,-1000
2012/02/01,0,11000,-2000,9000
2012/02/02,0,10000,-3000,7000
2012/02/03,0,0,-13000,-13000
2012/02/06,0,0,-10000,-10000
2012/02/07,0,7000,0,7000
2012/02/08,0,26000,-9000,17000
2012/02/09,0,60000,-32000,28000
2012/02/10,0,98000,-97000,1000
2012/02/13,0,71000,-45000,26000
2012/02/14,0,0,-49000,-49000
2012/02/15,0,0,0,0
2012/02/16,0,218000,-69000,149000
2012/02/17,0,64000,-70000,-6000
2012/02/20,0,30000,-92000,-62000
2012/02/21,0,62000,-51000,11000
2012/02/22,0,145000,-110000,35000
2012/02/23,0,605000,-51000,554000
2012/02/24,0,500000,-16000,484000
2012/02/27,0,0,0,0
2012/02/28,0,0,0,0
2012/02/29,0,0,-1000,-1000
2012/03/01,0,30000,-1013000,-983000
2012/03/02,0,990000,-221000,769000
2012/03/05,0,0,-42000,-42000
2012/03/06,0,71000,0,71000
2012/03/07,0,0,-28000,-28000
2012/03/08,0,12000,-77000,-65000
2012/03/09,0,111000,-37000,74000
2012/03/12,0,32000,-38000,-6000
2012/03/13,0,90000,-5000,85000
2012/03/14,0,139000,-52000,87000
2012/03/15,0,6000,-13000,-7000
2012/03/16,0,0,-1000,-1000
2012/03/19,0,96000,-132000,-36000
2012/03/20,0,0,-153000,-153000
2012/03/21,0,0,-1000,-1000
2012/03/22,0,24000,0,24000
2012/03/23,0,3000,0,3000
2012/03/26,0,0,-78000,-78000
2012/03/27,0,0,-20000,-20000
2012/03/28,0,0,-12000,-12000
2012/03/29,0,0,-2426,-2426
2012/03/30,0,0,-1000,-1000
2012/04/02,0,0,-61000,-61000
2012/04/03,0,86000,-1260000,-1174000
2012/04/04,0,0,0,0
2012/04/05,0,1000,-48000,-47000
2012/04/06,0,0,-99000,-99000
2012/04/09,0,88000,-28000,60000
2012/04/10,0,0,-22000,-22000
2012/04/11,0,0,0,0
2012/04/12,0,0,-5000,-5000
2012/04/13,0,0,-15000,-15000
2012/04/16,0,0,0,0
2012/04/17,0,0,-1000,-1000
2012/04/18,0,0,0,0
2012/04/19,0,0,-100000,-100000
2012/04/20,0,25000,-10000,15000
2012/04/23,0,51000,-21000,30000
2012/04/24,0,0,-15000,-15000
2012/04/25,0,30000,-31000,-1000
2012/04/26,0,47000,-15000,32000
2012/04/27,0,0,-8220,-8220
2012/04/30,0,0,0,0
2012/05/01,0,0,0,0
2012/05/02,0,0,-40,-40
2012/05/03,0,0,0,0
2012/05/04,0,10000,0,10000
2012/05/07,0,0,-3000,-3000
2012/05/08,0,0,-1000,-1000
2012/05/09,0,0,-94,-94
2012/05/10,0,0,-23000,-23000
2012/05/11,0,0,-15000,-15000
2012/05/14,0,12000,-13000,-1000
2012/05/15,0,0,-49000,-49000
2012/05/16,0,30000,-10000,20000
2012/05/17,0,0,-36000,-36000
2012/05/18,0,44000,-1000,43000
2012/05/21,0,3000,-29000,-26000
2012/05/22,0,16000,-75000,-59000
2012/05/23,0,5000,-33000,-28000
2012/05/24,0,33000,-35000,-2000
2012/05/25,0,22000,-10000,12000
2012/05/28,0,4000,0,4000
2012/05/29,0,18000,-8000,10000
2012/05/30,0,3000,-4000,-1000
2012/05/31,0,73000,-69000,4000
2012/06/01,0,0,-27000,-27000
2012/06/04,0,11000,0,11000
2012/06/05,0,0,-12000,-12000
2012/06/06,0,4000,0,4000
2012/06/07,0,0,0,0
2012/06/08,0,0,-57,-57
2012/06/11,0,0,-2000,-2000
2012/06/12,0,0,-47000,-47000
2012/06/13,0,0,-10000,-10000
2012/06/14,0,0,-13000,-13000
2012/06/15,0,0,0,0
2012/06/18,0,0,0,0
2012/06/19,0,16000,0,16000
2012/06/20,0,36000,0,36000
2012/06/21,0,5000,-25000,-20000
2012/06/22,0,26000,-48000,-22000
2012/06/25,0,35000,-28000,7000
2012/06/26,0,0,-9000,-9000
2012/06/27,0,0,0,0
2012/06/28,0,0,0,0
2012/06/29,0,0,0,0
2012/07/02,0,0,0,0
2012/07/03,0,0,0,0
2012/07/04,0,10000,-46000,-36000
2012/07/05,0,11000,0,11000
2012/07/06,0,54000,0,54000
2012/07/09,0,28000,0,28000
2012/07/10,0,29000,0,29000
2012/07/11,0,2000,0,2000
2012/07/12,0,0,-24000,-24000
2012/07/13,0,40000,0,40000
2012/07/16,0,89000,-18000,71000
2012/07/17,0,11000,-5000,6000
2012/07/18,0,0,-14000,-14000
2012/07/19,0,36000,-45000,-9000
2012/07/20,0,8000,0,8000
2012/07/23,0,0,-56000,-56000
2012/07/24,0,0,0,0
2012/07/25,0,0,-21000,-21000
2012/07/26,0,4000,-2000,2000
2012/07/27,0,2000,0,2000
2012/07/30,0,0,0,0
2012/07/31,0,53000,-1000,52000
2012/08/01,0,0,-10000,-10000
2012/08/02,0,0,0,0
2012/08/03,0,10000,0,10000
2012/08/06,0,21000,0,21000
2012/08/07,0,0,-11000,-11000
2012/08/08,0,19000,-1000,18000
2012/08/09,0,62000,0,62000
2012/08/10,0,90000,0,90000
2012/08/13,0,31000,0,31000
2012/08/14,0,120000,0,120000
2012/08/15,0,0,0,0
2012/08/16,0,11000,0,11000
2012/08/17,0,178000,0,178000
2012/08/20,0,12000,-9000,3000
2012/08/21,0,30000,0,30000
2012/08/22,0,0,-2000,-2000
2012/08/23,0,4000,0,4000
2012/08/24,0,43000,-18000,25000
2012/08/27,0,0,-16000,-16000
2012/08/28,0,14000,-98000,-84000
2012/08/29,0,69000,0,69000
2012/08/30,0,0,-103000,-103000
2012/08/31,0,0,-15000,-15000
2012/09/03,0,0,0,0
2012/09/04,0,0,-32000,-32000
2012/09/05,0,30000,-141000,-111000
2012/09/06,0,5000,-19000,-14000
2012/09/07,0,0,-3000,-3000
2012/09/10,0,0,0,0
2012/09/11,0,0,-4000,-4000
2012/09/12,0,39000,-10000,29000
2012/09/13,0,24000,0,24000
2012/09/14,0,38000,0,38000
2012/09/17,0,0,-10000,-10000
2012/09/18,0,0,0,0
2012/09/19,0,22000,0,22000
2012/09/20,0,31000,-2000,29000
2012/09/21,0,0,0,0
2012/09/24,0,0,-39000,-39000
2012/09/25,0,2000,0,2000
2012/09/26,0,0,0,0
2012/09/27,0,32000,0,32000
2012/09/28,0,1000,0,1000
2012/10/01,0,9000,-6000,3000
2012/10/02,0,10000,-9000,1000
2012/10/03,0,0,0,0
2012/10/04,0,20000,0,20000
2012/10/05,0,0,0,0
2012/10/08,0,0,-43000,-43000
2012/10/09,0,30000,0,30000
2012/10/10,0,0,0,0
2012/10/11,0,0,-15000,-15000
2012/10/12,0,92000,-86000,6000
2012/10/15,0,0,-36000,-36000
2012/10/16,0,0,-36000,-36000
2012/10/17,0,0,-11000,-11000
2012/10/18,0,0,0,0
2012/10/19,0,0,-62000,-62000
2012/10/22,0,0,-123000,-123000
2012/10/23,0,0,-107000,-107000
2012/10/24,0,0,0,0
2012/10/25,0,25000,-2000,23000
2012/10/26,0,0,0,0
2012/10/29,0,0,-24000,-24000
2012/10/30,0,2000,0,2000
2012/10/31,0,0,-10000,-10000
2012/11/01,0,65000,-10000,55000
2012/11/02,0,0,0,0
2012/11/05,0,40000,0,40000
2012/11/06,0,0,0,0
2012/11/07,0,0,0,0
2012/11/08,0,0,0,0
2012/11/09,0,0,0,0
2012/11/12,0,0,-958,-958
2012/11/13,0,0,0,0
2012/11/14,0,0,0,0
2012/11/15,0,0,-2000,-2000
2012/11/16,0,0,0,0
2012/11/19,0,0,0,0
2012/11/20,0,0,0,0
2012/11/21,0,0,0,0
2012/11/22,0,0,0,0
2012/11/23,0,0,0,0
2012/11/26,0,0,0,0
2012/11/27,0,0,0,0
2012/11/28,0,0,0,0
2012/11/29,0,0,0,0
2012/11/30,0,0,0,0
2012/12/03,0,0,0,0
2012/12/04,0,0,0,0
2012/12/05,0,0,0,0
2012/12/06,0,0,0,0
2012/12/07,0,0,0,0
2012/12/10,0,0,0,0
2012/12/11,0,0,0,0
2012/12/12,0,0,0,0
2012/12/13,0,0,0,0
2012/12/14,0,0,0,0
2012/12/17,0,0,0,0
2012/12/18,0,0,0,0
2012/12/19,0,0,0,0
2012/12/20,0,0,0,0
2012/12/21,0,0,0,0
2012/12/24,0,0,0,0
2012/12/25,0,0,0,0
2012/12/26,0,0,0,0
2012/12/27,0,0,0,0
2012/12/28,0,0,0,0
2012/12/31,0,0,0,0
2013/01/01,0,0,0,0
2013/01/02,0,0,0,0
2013/01/03,0,0,0,0
2013/01/04,0,0,-28683,-28683
2013/01/07,0,0,0,0
2013/01/08,0,0,0,0
2013/01/09,0,0,0,0
2013/01/10,0,0,0,0
2013/01/11,0,0,0,0
2013/01/14,0,0,-1000,-1000
2013/01/15,0,0,0,0
2013/01/16,0,0,0,0
2013/01/17,0,0,0,0
2013/01/18,0,0,0,0
2013/01/21,0,0,0,0
2013/01/22,0,0,0,0
2013/01/23,0,0,0,0
2013/01/24,0,0,0,0
2013/01/25,0,0,0,0
2013/01/28,0,0,0,0
2013/01/29,0,0,0,0
2013/01/30,0,0,0,0
2013/01/31,0,0,0,0
2013/02/01,0,0,0,0
2013/02/04,0,0,0,0
2013/02/05,0,0,0,0
2013/02/06,0,0,0,0
2013/02/07,0,0,0,0
2013/02/08,0,0,0,0
2013/02/11,0,0,0,0
2013/02/12,0,0,0,0
2013/02/13,0,0,0,0
2013/02/14,0,0,0,0
2013/02/15,0,0,0,0
2013/02/18,0,0,0,0
2013/02/19,0,0,0,0
2013/02/20,0,0,0,0
2013/02/21,0,0,0,0
2013/02/22,0,0,0,0
2013/02/25,0,0,0,0
2013/02/26,0,0,0,0
2013/02/27,0,0,0,0
2013/02/28,0,0,0,0
2013/03/01,0,0,0,0
2013/03/04,0,0,0,0
2013/03/05,0,0,0,0
2013/03/06,0,0,0,0
2013/03/07,0,0,0,0
2013/03/08,0,0,0,0
2013/03/11,0,0,0,0
2013/03/12,0,0,0,0
2013/03/13,0,0,0,0
2013/03/14,0,1000000,0,1000000
2013/03/15,0,160000,0,160000
2013/03/18,0,0,0,0
2013/03/19,0,339000,0,339000
2013/03/20,0,501000,0,501000
2013/03/21,0,0,0,0
2013/03/22,0,0,0,0
2013/03/25,0,500000,0,500000
2013/03/26,0,0,0,0
2013/03/27,0,0,0,0
2013/03/28,0,0,0,0
2013/03/29,0,1400000,0,1400000
2013/04/01,0,100000,0,100000
2013/04/02,0,0,0,0
2013/04/03,0,0,0,0
2013/04/04,0,0,0,0
2013/04/05,0,0,0,0
2013/04/08,0,0,0,0
2013/04/09,0,0,0,0
2013/04/10,0,0,0,0
2013/04/11,0,0,0,0
2013/04/12,0,0,0,0
2013/04/15,0,0,0,0
2013/04/16,0,0,-500000,-500000
2013/04/17,0,0,0,0
2013/04/18,0,0,0,0
2013/04/19,0,0,0,0
2013/04/22,0,0,0,0
2013/04/23,0,0,0,0
2013/04/24,0,500000,0,500000
2013/04/25,0,200000,0,200000
2013/04/26,0,0,-200000,-200000
2013/04/29,0,0,0,0
2013/04/30,0,0,0,0
2013/05/01,0,0,0,0
2013/05/02,0,0,0,0
2013/05/03,0,0,0,0
2013/05/06,0,0,0,0
2013/05/07,0,0,0,0
2013/05/08,0,0,0,0
2013/05/09,0,0,0,0
2013/05/10,0,0,0,0
2013/05/13,0,150000,0,150000
2013/05/14,0,28000,0,28000
2013/05/15,0,0,0,0
2013/05/16,0,22000,0,22000
2013/05/17,0,0,-150000,-150000
2013/05/20,0,150000,-50000,100000
2013/05/21,0,150000,0,150000
2013/05/22,0,0,0,0
2013/05/23,0,0,0,0
2013/05/24,0,0,0,0
2013/05/27,0,0,0,0
2013/05/28,0,0,0,0
2013/05/29,0,0,0,0
2013/05/30,0,0,0,0
2013/05/31,0,0,0,0
2013/06/03,0,0,0,0
2013/06/04,0,0,0,0
2013/06/05,0,0,0,0
2013/06/06,0,0,0,0
2013/06/07,0,600000,0,600000
2013/06/10,0,0,0,0
2013/06/11,0,0,0,0
2013/06/12,0,0,0,0
2013/06/13,0,0,0,0
2013/06/14,0,0,0,0
2013/06/17,0,0,0,0
2013/06/18,0,0,0,0
2013/06/19,0,0,0,0
2013/06/20,0,0,0,0
2013/06/21,0,0,0,0
2013/06/24,0,0,0,0
2013/06/25,0,0,-512000,-512000
2013/06/26,0,0,-1200000,-1200000
2013/06/27,0,0,0,0
2013/06/28,0,0,-100000,-100000
2013/07/01,0,0,0,0
2013/07/02,0,0,0,0
2013/07/03,0,0,0,0
2013/07/04,0,0,0,0
2013/07/05,0,200000,-288000,-88000
2013/07/08,0,0,0,0
2013/07/09,0,0,-100000,-100000
2013/07/10,0,0,-2400000,-2400000
2013/07/11,0,0,-500000,-500000
2013/07/12,0,0,0,0
2013/07/15,0,0,0,0
2013/07/16,0,677000,0,677000
2013/07/17,0,573000,0,573000
2013/07/18,0,250000,0,250000
2013/07/19,0,0,0,0
2013/07/22,0,0,0,0
2013/07/23,0,0,0,0
2013/07/24,0,0,-300000,-300000
2013/07/25,0,0,-1086000,-1086000
2013/07/26,0,0,0,0
2013/07/29,0,0,0,0
2013/07/30,0,0,-114000,-114000
2013/07/31,0,0,0,0
2013/08/01,0,0,0,0
2013/08/02,0,0,0,0
2013/08/05,0,0,0,0
2013/08/06,0,0,0,0
2013/08/07,0,0,0,0
2013/08/08,0,0,0,0
2013/08/09,0,0,0,0
2013/08/12,0,0,0,0
2013/08/13,0,0,0,0
2013/08/14,0,0,0,0
2013/08/15,0,0,0,0
2013/08/16,0,0,0,0
2013/08/19,0,0,0,0
2013/08/20,0,0,0,0
2013/08/21,0,0,0,0
2013/08/22,0,0,0,0
2013/08/23,0,0,0,0
2013/08/26,0,0,0,0
2013/08/27,0,0,0,0
2013/08/28,0,0,0,0
2013/08/29,0,0,0,0
2013/08/30,0,0,0,0
2013/09/02,0,0,0,0
2013/09/03,0,650000,0,650000
2013/09/04,0,750000,0,750000
2013/09/05,0,0,0,0
2013/09/06,0,300000,0,300000
2013/09/09,0,300000,-125000,175000
2013/09/10,0,80000,0,80000
2013/09/11,0,255000,0,255000
2013/09/12,0,1100000,0,1100000
2013/09/13,0,0,0,0
2013/09/16,0,100000,0,100000
2013/09/17,0,2470000,-210000,2260000
2013/09/18,0,2727000,-1550000,1177000
2013/09/19,0,0,0,0
2013/09/20,0,0,0,0
2013/09/23,0,2619000,-350000,2269000
2013/09/24,0,1567000,0,1567000
2013/09/25,0,3720000,0,3720000
2013/09/26,0,883000,0,883000
2013/09/27,0,170000,0,170000
2013/09/30,0,330000,0,330000
2013/10/01,0,724000,0,724000
2013/10/02,0,173000,0,173000
2013/10/03,0,1009000,0,1009000
2013/10/04,0,660000,0,660000
2013/10/07,0,100000,-1380000,-1280000
2013/10/08,0,205000,-810000,-605000
2013/10/09,0,805000,-800000,5000
2013/10/10,0,0,0,0
2013/10/11,0,321000,-800000,-479000
2013/10/14,0,0,-450000,-450000
2013/10/15,0,500000,0,500000
2013/10/16,0,750000,-100000,650000
2013/10/17,0,278000,0,278000
2013/10/18,0,272000,0,272000
2013/10/21,0,0,0,0
2013/10/22,0,0,0,0
2013/10/23,0,1250000,-1032000,218000
2013/10/24,0,1600000,-124000,1476000
2013/10/25,0,100000,-1200000,-1100000
2013/10/28,0,0,-1146000,-1146000
2013/10/29,0,0,-3485000,-3485000
2013/10/30,0,300000,-2481000,-2181000
2013/10/31,0,500000,-1275000,-775000
2013/11/01,0,0,-780000,-780000
2013/11/04,0,0,-510000,-510000
2013/11/05,0,50000,-2353000,-2303000
2013/11/06,0,100000,0,100000
2013/11/07,0,1100000,0,1100000
2013/11/08,0,234000,0,234000
2013/11/11,0,300000,-3000,297000
2013/11/12,0,0,-1247000,-1247000
2013/11/13,0,0,0,0
2013/11/14,0,0,0,0
2013/11/15,0,204000,0,204000
2013/11/18,0,200000,-50000,150000
2013/11/19,0,3487000,-814000,2673000
2013/11/20,0,1149000,-705000,444000
2013/11/21,0,140000,-1951000,-1811000
2013/11/22,0,570000,-665000,-95000
2013/11/25,0,430000,-689000,-259000
2013/11/26,0,1001000,-2574000,-1573000
2013/11/27,0,221000,0,221000
2013/11/28,0,1327000,-180000,1147000
2013/11/29,0,916000,-250000,666000
2013/12/02,0,450000,-220000,230000
2013/12/03,0,90000,-360000,-270000
2013/12/04,0,1970000,-331000,1639000
2013/12/05,0,85000,-550000,-465000
2013/12/06,0,200000,-221000,-21000
2013/12/09,0,3257000,-140000,3117000
2013/12/10,0,1952000,-50000,1902000
2013/12/11,0,275000,-309000,-34000
2013/12/12,0,560000,-501000,59000
2013/12/13,0,679000,-889000,-210000
2013/12/16,0,0,-850000,-850000
2013/12/17,0,600000,-1962000,-1362000
2013/12/18,0,225000,-3179000,-2954000
2013/12/19,0,955000,-883000,72000
2013/12/20,0,784000,-808000,-24000
2013/12/23,0,1151000,-350000,801000
2013/12/24,0,279000,-280000,-1000
2013/12/25,0,720000,-550000,170000
2013/12/26,0,200000,-20000,180000
2013/12/27,0,410000,-353000,57000
2013/12/30,0,954000,-450000,504000
2013/12/31,0,727000,0,727000
2014/01/02,0,725000,-1006000,-281000
2014/01/03,0,2136000,-1596000,540000
2014/01/06,0,849000,-440000,409000
2014/01/07,0,2453000,-2369000,84000
2014/01/08,0,670000,-1360000,-690000
2014/01/09,0,2574000,-4153000,-1579000
2014/01/10,0,290000,-558000,-268000
2014/01/13,0,260000,-480000,-220000
2014/01/14,0,470000,-3361000,-2891000
2014/01/15,0,360000,-640000,-280000
2014/01/16,0,600004,-3256000,-2655996
2014/01/17,0,289000,-2291000,-2002000
2014/01/20,0,220000,-100000,120000
2014/01/21,0,20000,-121000,-101000
2014/01/22,0,105000,-50000,55000
2014/01/23,0,150000,-696000,-546000
2014/01/24,0,0,-264000,-264000
2014/01/27,0,102000,-129000,-27000
2014/02/05,0,207000,-229000,-22000
2014/02/06,0,0,-226000,-226000
2014/02/07,0,1194000,-42000,1152000
2014/02/10,0,371000,-100000,271000
2014/02/11,0,0,-316000,-316000
2014/02/12,0,2255000,-143000,2112000
2014/02/13,0,130000,-1071000,-941000
2014/02/14,0,0,-378000,-378000
2014/02/17,0,9000,-550000,-541000
2014/02/18,0,559000,-71000,488000
2014/02/19,0,21000,-60000,-39000
2014/02/20,0,765000,-1081000,-316000
2014/02/21,0,250000,0,250000
2014/02/24,0,105000,-158000,-53000
2014/02/25,0,512000,-273000,239000
2014/02/26,0,484000,-102000,382000
2014/02/27,0,496000,-484000,12000
2014/03/03,0,392000,-150000,242000
2014/03/04,0,1476000,-224000,1252000
2014/03/05,0,530000,-315000,215000
2014/03/06,0,280000,-1223000,-943000
2014/03/07,0,468000,-577000,-109000
2014/03/10,0,2230269,-313000,1917269
2014/03/11,0,152000,-395000,-243000
2014/03/12,0,100000,-259000,-159000
2014/03/13,0,478000,-138000,340000
2014/03/14,0,232000,-261000,-29000
2014/03/17,0,664000,-458000,206000
2014/03/18,0,218000,-1136000,-918000
2014/03/19,0,270000,-1636000,-1366000
2014/03/20,0,145000,-331364,-186364
2014/03/21,0,390000,-1851000,-1461000
2014/03/24,0,1699000,-398000,1301000
2014/03/25,0,446000,-505000,-59000
2014/03/26,0,202000,-118000,84000
2014/03/27,0,377000,-1936000,-1559000
2014/03/28,0,1595000,-758000,837000
2014/03/31,0,1384000,-299000,1085000
2014/04/01,0,4272000,-1469000,2803000
2014/04/02,0,1378000,-1656000,-278000
2014/04/03,0,1193000,-1186000,7000
2014/04/07,0,1048000,-335000,713000
2014/04/08,0,731000,-298000,433000
2014/04/09,0,3995000,-176000,3819000
2014/04/10,0,787000,-782000,5000
2014/04/11,0,240000,-713000,-473000
2014/04/14,0,423000,-276000,147000
2014/04/15,0,738000,-353000,385000
2014/04/16,0,183000,-497000,-314000
2014/04/17,0,12971000,-3623000,9348000
2014/04/18,0,11582000,-5757053,5824947
2014/04/21,0,6929000,-3875000,3054000
2014/04/22,0,6486000,-8233000,-1747000
2014/04/23,0,3601000,-8789000,-5188000
2014/04/24,0,6751000,-4408000,2343000
2014/04/25,0,5110000,-3174000,1936000
2014/04/28,0,4332000,-3286000,1046000
2014/04/29,0,4799000,-10320000,-5521000
2014/04/30,0,1974000,-4181000,-2207000
2014/05/02,0,2159000,-1650000,509000
2014/05/05,0,4214000,-2657000,1557000
2014/05/06,0,5732000,-3757000,1975000
2014/05/07,0,3454000,-3593000,-139000
2014/05/08,0,5838000,-1802724,4035276
2014/05/09,0,4825000,-4249000,576000
2014/05/12,0,2410000,-3019000,-609000
2014/05/13,0,1648000,-3284000,-1636000
2014/05/14,0,7603000,-2596000,5007000
2014/05/15,0,2713000,-6094000,-3381000
2014/05/16,0,2433000,-5959000,-3526000
2014/05/19,0,1208000,-2325000,-1117000
2014/05/20,0,6305000,-2389000,3916000
2014/05/21,0,10533000,-1826000,8707000
2014/05/22,0,8421000,-6518000,1903000
2014/05/23,0,8847211,-8926000,-78789
2014/05/26,0,7405000,-5616000,1789000
2014/05/27,0,2581000,-6537000,-3956000
2014/05/28,0,3081000,-2967000,114000
2014/05/29,0,5885000,-5794308,90692
2014/05/30,0,5039000,-10502000,-5463000
2014/06/03,0,2403000,-3623000,-1220000
2014/06/04,0,8485000,-3295000,5190000
2014/06/05,0,4531000,-2736000,1795000
2014/06/06,0,5938000,-10734000,-4796000
2014/06/09,0,7750000,-3475000,4275000
2014/06/10,0,2218000,-5605000,-3387000
2014/06/11,0,3398000,-1855000,1543000
2014/06/12,0,4877000,-4043000,834000
2014/06/13,0,2905000,-3525000,-620000
2014/06/16,0,8460000,-2067000,6393000
2014/06/17,0,6432000,-5043000,1389000
2014/06/18,0,5576000,-6703000,-1127000
2014/06/19,0,3340000,-1188000,2152000
2014/06/20,0,1242000,-3412000,-2170000
2014/06/23,0,1798000,-2494000,-696000
2014/06/24,0,6624000,-1457000,5167000
2014/06/25,0,1703000,-2784000,-1081000
2014/06/26,0,1515000,-487000,1028000
2014/06/27,0,1485000,-3608000,-2123000
2014/06/30,0,5825000,-1818000,4007000
2014/07/01,0,3264000,-2152000,1112000
2014/07/02,0,5195000,-4122000,1073000
2014/07/03,0,14177000,-1949000,12228000
2014/07/04,0,4086000,-6175000,-2089000
2014/07/07,0,3976000,-3720000,256000
2014/07/08,0,2299000,-2346000,-47000
2014/07/09,0,1533000,-4298000,-2765000
2014/07/10,0,4640000,-1378000,3262000
2014/07/11,0,1770000,-7720000,-5950000
2014/07/14,0,974000,-2579000,-1605000
2014/07/15,0,5332000,-1322000,4010000
2014/07/16,0,456000,-3294000,-2838000
2014/07/17,0,3251000,-3019000,232000
2014/07/18,0,1092000,-3741000,-2649000
2014/07/21,0,578000,-2792000,-2214000
2014/07/22,0,9773000,-2240000,7533000
2014/07/23,0,0,0,0
2014/07/24,0,1166000,-4434000,-3268000
2014/07/25,0,1179000,-3418000,-2239000
2014/07/28,0,2153000,-1616000,537000
2014/07/29,0,845000,-8613000,-7768000
2014/07/30,0,9530000,-6899000,2631000
2014/07/31,0,1123000,-2792000,-1669000
2014/08/01,0,6196000,-5149000,1047000
2014/08/04,0,2051000,-2959000,-908000
2014/08/05,0,642000,-6257310,-5615310
2014/08/06,0,3281000,-3321000,-40000
2014/08/07,0,897000,-6576000,-5679000
2014/08/08,0,230000,-5103756,-4873756
2014/08/11,0,4629000,-3724194,904806
2014/08/12,0,7286000,-5415000,1871000
2014/08/13,0,722000,-1466000,-744000
2014/08/14,0,841000,-1672000,-831000
2014/08/15,0,1313000,-2233000,-920000
2014/08/18,0,780000,-829000,-49000
2014/08/19,0,5172000,-1978850,3193150
2014/08/20,0,733000,-4728000,-3995000
2014/08/21,0,6687000,-1232000,5455000
2014/08/22,0,2045000,-1281000,764000
2014/08/25,0,11839000,-1901000,9938000
2014/08/26,0,1540000,-3565000,-2025000
2014/08/27,0,1372000,-3380000,-2008000
2014/08/28,0,300000,-873000,-573000
2014/08/29,0,2459000,-8492000,-6033000
2014/09/01,0,1684000,-1224000,460000
2014/09/02,0,1418000,-1038000,380000
2014/09/03,0,1060000,-7924000,-6864000
2014/09/04,0,4748000,-1424000,3324000
2014/09/05,0,1850000,-1817000,33000
2014/09/09,0,1658000,-7542970,-5884970
2014/09/10,0,7713000,-1737000,5976000
2014/09/11,0,2525000,-5513000,-2988000
2014/09/12,0,2088000,-4830000,-2742000
2014/09/15,0,1380000,-6058000,-4678000
2014/09/16,0,5915000,-8933000,-3018000
2014/09/17,0,5809000,-1277000,4532000
2014/09/18,0,600000,-1889000,-1289000
2014/09/19,0,1275000,-1105000,170000
2014/09/22,0,1592000,-4684000,-3092000
2014/09/23,0,3410000,-2020000,1390000
2014/09/24,0,2047000,-3132454,-1085454
2014/09/25,0,3151000,-1580000,1571000
2014/09/26,0,5818000,-3286000,2532000
2014/09/29,0,1769000,-4230000,-2461000
2014/09/30,0,13202000,-1805751,11396249
2014/10/01,0,1802000,-6290000,-4488000
2014/10/02,0,7149000,-3225000,3924000
2014/10/03,0,1196000,-2828000,-1632000
2014/10/06,0,1841000,-6812000,-4971000
2014/10/07,0,2356000,-4194585,-1838585
2014/10/08,0,1109000,-2689000,-1580000
2014/10/09,0,1206000,-2464105,-1258105
2014/10/13,0,667000,-7546000,-6879000
2014/10/14,0,2121000,-1552000,569000
2014/10/15,0,5692046,-1997000,3695046
2014/10/16,0,9690000,-3783000,5907000
2014/10/17,0,2215000,-9719000,-7504000
2014/10/20,0,4295000,-685000,3610000
2014/10/21,0,1894000,-939000,955000
2014/10/22,0,2269000,-4221000,-1952000
2014/10/23,0,1352708,-1300000,52708
2014/10/24,0,1922000,-1089000,833000
2014/10/27,0,1691000,-2307000,-616000
2014/10/28,0,12042000,-1176914,10865086
2014/10/29,0,7087000,-5399000,1688000
2014/10/30,0,2693000,-10149000,-7456000
2014/10/31,0,3888000,-3015000,873000
2014/11/03,0,2080000,-2285000,-205000
2014/11/04,0,2621000,-1828000,793000
2014/11/05,0,1278000,-2914000,-1636000
2014/11/06,0,1051000,-3786000,-2735000
2014/11/07,0,3352000,-3658000,-306000
2014/11/10,0,3453000,-1868000,1585000
2014/11/11,0,1195000,-3772000,-2577000
2014/11/12,0,883000,-2379000,-1496000
2014/11/13,0,1344000,-1374000,-30000
2014/11/14,0,3305000,-1596000,1709000
2014/11/17,0,1928000,-7963000,-6035000
2014/11/18,0,5377000,-4940000,437000
2014/11/19,0,2141000,-4424000,-2283000
2014/11/20,0,2061000,-1568000,493000
2014/11/21,0,2003000,-1865000,138000
2014/11/24,0,752000,-3411000,-2659000
2014/11/25,0,4837000,-1508016,3328984
2014/11/26,0,967000,-3353000,-2386000
2014/11/27,0,5560000,-905000,4655000
2014/11/28,0,1229000,-4801000,-3572000
2014/12/01,0,2409000,-2149000,260000
2014/12/02,0,741000,-2431000,-1690000
2014/12/03,0,2496000,-945221,1550779
2014/12/04,0,9696000,-1489000,8207000
2014/12/05,0,543000,-6878291,-6335291
2014/12/08,0,331000,-1621000,-1290000
2014/12/09,0,1276000,-4644000,-3368000
2014/12/10,0,979000,-2859000,-1880000
2014/12/11,0,2598000,-760000,1838000
2014/12/12,0,561000,-1374000,-813000
2014/12/15,0,701000,-1311000,-610000
2014/12/16,0,327000,-615000,-288000
2014/12/17,0,474000,-625000,-151000
2014/12/18,0,322000,-601000,-279000
2014/12/19,0,1833000,-1511000,322000
2014/12/22,0,7170000,-928000,6242000
2014/12/23,0,1490000,-4225000,-2735000
2014/12/24,0,1833000,-657000,1176000
2014/12/25,0,139000,-999000,-860000
2014/12/26,0,4468577,-1091000,3377577
2014/12/29,0,9151000,-1247000,7904000
2014/12/30,0,4237000,-5777000,-1540000
2014/12/31,0,1843000,-2812000,-969000
2015/01/01,0,0,0,0
2015/01/02,0,0,0,0
2015/01/05,0,5363000,-1449927,3913073
2015/01/06,0,1105000,-5960000,-4855000
2015/01/07,0,1236000,-4532000,-3296000
2015/01/08,0,1800000,-2019000,-219000
2015/01/09,0,1110000,-1765000,-655000
2015/01/12,0,897000,-1160000,-263000
2015/01/13,0,910000,-3364000,-2454000
2015/01/14,0,1922000,-1815000,107000
2015/01/15,0,1338000,-409000,929000
2015/01/16,0,741000,-1807235,-1066235
2015/01/19,0,1108000,-3316000,-2208000
2015/01/20,0,2399000,-2181000,218000
2015/01/21,0,651000,-2130141,-1479141
2015/01/22,0,694000,-347000,347000
2015/01/23,0,1512000,-800000,712000
2015/01/26,0,3389000,-1004000,2385000
2015/01/27,0,2015000,-1743000,272000
2015/01/28,0,1882000,-1898000,-16000
2015/01/29,0,928000,-3314000,-2386000
2015/01/30,0,501000,-974000,-473000
2015/02/02,0,231000,-1055000,-824000
2015/02/03,0,843000,-1008000,-165000
2015/02/04,0,331000,-423142,-92142
2015/02/05,0,570000,-646291,-76291
2015/02/06,0,130000,-455000,-325000
2015/02/09,0,375000,-822288,-447288
2015/02/10,0,446000,-177000,269000
2015/02/11,0,1144000,-2179000,-1035000
2015/02/12,0,1961000,-1054000,907000
2015/02/13,0,367000,-992000,-625000
2015/02/16,0,0,0,0
2015/02/17,0,0,0,0
2015/02/18,0,0,0,0
2015/02/19,0,0,0,0
2015/02/20,0,0,0,0
2015/02/23,0,0,0,0
2015/02/24,0,963900,-507000,456900
2015/02/25,0,1930000,-706094,1223906
2015/02/26,0,204000,-1176000,-972000
2015/02/27,0,0,0,0
2015/03/02,0,117000,-352000,-235000
2015/03/03,0,123000,-215000,-92000
2015/03/04,0,128000,-439000,-311000
2015/03/05,0,285000,-518094,-233094
2015/03/06,0,105000,-123000,-18000
2015/03/09,0,81000,-570000,-489000
2015/03/10,0,154000,-897257,-743257
2015/03/11,0,327000,-186000,141000
2015/03/12,0,399000,-200000,199000
2015/03/13,0,117000,-991000,-874000
2015/03/16,0,589000,-87000,502000
2015/03/17,0,257000,-711095,-454095
2015/03/18,0,994000,-258000,736000
2015/03/19,0,2836000,-379000,2457000
2015/03/20,0,428000,-1210000,-782000
2015/03/23,0,670000,-441000,229000
2015/03/24,0,281000,-1803000,-1522000
2015/03/25,0,139000,-645000,-506000
2015/03/26,0,255000,-782000,-527000
2015/03/27,0,546000,-2066000,-1520000
2015/03/30,0,1043000,-242000,801000
2015/03/31,0,1346000,-303000,1043000
2015/04/01,0,635000,-484000,151000
2015/04/02,0,698000,-719000,-21000
2015/04/03,0,0,0,0
2015/04/06,0,0,0,0
2015/04/07,0,934000,-1530000,-596000
2015/04/08,0,1397000,-713000,684000
2015/04/09,0,1112000,-881000,231000
2015/04/10,0,616000,-784000,-168000
2015/04/13,0,4006000,-955000,3051000
2015/04/14,0,652000,-2163000,-1511000
2015/04/15,0,337000,-844000,-507000
2015/04/16,0,329000,-600000,-271000
2015/04/17,0,207000,-565000,-358000
2015/04/20,0,939000,-227000,712000
2015/04/21,0,114000,-367000,-253000
2015/04/22,0,833000,-474000,359000
2015/04/23,0,1181000,-661000,520000
2015/04/24,0,653000,-1923000,-1270000
2015/04/27,0,279000,-116000,163000
2015/04/28,0,331000,-1214000,-883000
2015/04/29,0,186000,-679369,-493369
2015/04/30,0,363000,-1185000,-822000
2015/05/01,0,0,0,0
2015/05/04,0,934000,-640125,293875
2015/05/05,0,655000,-1251000,-596000
2015/05/06,0,4688000,-159000,4529000
2015/05/07,0,1082000,-654000,428000
2015/05/08,0,575000,-1407000,-832000
2015/05/11,0,453000,-2599000,-2146000
2015/05/12,0,2354000,-669000,1685000
2015/05/13,0,4286000,-965000,3321000
2015/05/14,0,1733000,-2917000,-1184000
2015/05/15,0,342000,-1667000,-1325000
2015/05/18,0,307000,-1733000,-1426000
2015/05/19,0,1779000,-308000,1471000
2015/05/20,0,1934000,-1729000,205000
2015/05/21,0,778000,-1372000,-594000
2015/05/22,0,3642000,-1505000,2137000
2015/05/25,0,668000,-1829000,-1161000
2015/05/26,0,2337000,-400000,1937000
2015/05/27,0,1832000,-1117000,715000
2015/05/28,0,5247000,-1853000,3394000
2015/05/29,0,1026000,-3793000,-2767000
2015/06/01,0,1215000,-4244000,-3029000
2015/06/02,0,3246000,-1393000,1853000
2015/06/03,0,637000,-2637000,-2000000
2015/06/04,0,864000,-4213000,-3349000
2015/06/05,0,1523000,-1054000,469000
2015/06/08,0,2633000,-1364000,1269000
2015/06/09,0,719000,-2461000,-1742000
2015/06/10,0,491000,-417000,74000
2015/06/11,0,1030000,-1449000,-419000
2015/06/12,0,548000,-702000,-154000
2015/06/15,0,418000,-1642000,-1224000
2015/06/16,0,4974000,-1892000,3082000
2015/06/17,0,1517000,-1241000,276000
2015/06/18,0,1310000,-552000,758000
2015/06/19,0,0,0,0
2015/06/22,0,947000,-1387000,-440000
2015/06/23,0,2479000,-1110000,1369000
2015/06/24,0,2290000,-3089000,-799000
2015/06/25,0,3978000,-1986000,1992000
2015/06/26,0,4982000,-1503517,3478483
2015/06/29,0,1825000,-3959000,-2134000
2015/06/30,0,2981000,-1281000,1700000
2015/07/01,0,1731000,-2029000,-298000
2015/07/02,0,10612000,-1373000,9239000
2015/07/03,0,2465000,-6810000,-4345000
2015/07/06,0,3758000,-6747000,-2989000
2015/07/07,0,4426000,-6353000,-1927000
2015/07/08,0,4329000,-1747000,2582000
2015/07/09,0,1269000,-2631000,-1362000
2015/07/10,0,0,0,0
2015/07/13,0,1576000,-1994000,-418000
2015/07/14,0,7279000,-2079000,5200000
2015/07/15,0,2801000,-7497499,-4696499
2015/07/16,0,5969000,-2917000,3052000
2015/07/17,0,2390000,-2097000,293000
2015/07/20,0,832000,-4212000,-3380000
2015/07/21,0,10069000,-2239000,7830000
2015/07/22,0,1583000,-5875000,-4292000
2015/07/23,0,3252000,-6741198,-3489198
2015/07/24,0,4760000,-2445000,2315000
2015/07/27,0,1518000,-8148000,-6630000
2015/07/28,0,9522000,-1709890,7812110
2015/07/29,0,2804000,-8616001,-5812001
2015/07/30,0,2658001,-1585000,1073001
2015/07/31,0,1847000,-1136000,711000
2015/08/03,0,4383000,-2847000,1536000
2015/08/04,0,1963000,-4975000,-3012000
2015/08/05,0,8264000,-521000,7743000
2015/08/06,0,1024000,-4995000,-3971000
2015/08/07,0,1197000,-2562000,-1365000
2015/08/10,0,7612000,-1572000,6040000
2015/08/11,0,2183000,-7131000,-4948000
2015/08/12,0,7453000,-3675000,3778000
2015/08/13,0,10063000,-6154000,3909000
2015/08/14,0,2823000,-6889000,-4066000
2015/08/17,0,566000,-5136000,-4570000
2015/08/18,0,1332000,-1133819,198181
2015/08/19,0,865000,-5218000,-4353000
2015/08/20,0,6688000,-1234000,5454000
2015/08/21,0,658000,-4707000,-4049000
2015/08/24,0,3942000,-2477501,1464499
2015/08/25,0,5476000,-2527000,2949000
2015/08/26,0,1647000,-4027000,-2380000
2015/08/27,0,1761000,-2057000,-296000
2015/08/28,0,6339000,-1742000,4597000
2015/08/31,0,5519000,-4163000,1356000
2015/09/01,0,2538000,-5620325,-3082325
2015/09/02,0,11796000,-4042000,7754000
2015/09/03,0,9176000,-10324000,-1148000
2015/09/04,0,2648000,-10518000,-7870000
2015/09/07,0,7715000,-2297000,5418000
2015/09/08,0,795739,-3430000,-2634261
2015/09/09,0,4737000,-2662000,2075000
2015/09/10,0,2429000,-2665000,-236000
2015/09/11,0,896000,-1912000,-1016000
2015/09/14,0,552000,-3135773,-2583773
2015/09/15,0,5337000,-2118000,3219000
2015/09/16,0,2406000,-4398000,-1992000
2015/09/17,0,2065000,-1498000,567000
2015/09/18,0,6439000,-3307000,3132000
2015/09/21,0,692000,-4074000,-3382000
2015/09/22,0,1485000,-443000,1042000
2015/09/23,0,870000,-5781000,-4911000
2015/09/24,0,2127000,-5875467,-3748467
2015/09/25,0,3473000,-2268000,1205000
2015/09/28,0,0,0,0
2015/09/29,0,0,0,0
2015/09/30,0,1587000,-2616000,-1029000
2015/10/01,0,4481000,-742000,3739000
2015/10/02,0,6179000,-2453000,3726000
2015/10/05,0,8872000,-4281000,4591000
2015/10/06,0,1652000,-6530000,-4878000
2015/10/07,0,14759255,-7965000,6794255
2015/10/08,0,2350000,-9948000,-7598000
2015/10/09,0,0,0,0
2015/10/12,0,2037000,-1182000,855000
2015/10/13,0,863000,-2651000,-1788000
2015/10/14,0,6035000,-2147000,3888000
2015/10/15,0,1738000,-3871000,-2133000
2015/10/16,0,1176000,-3065000,-1889000
2015/10/19,0,323000,-870000,-547000
2015/10/20,0,2046000,-1772000,274000
2015/10/21,0,1532000,-5529000,-3997000
2015/10/22,0,2380000,-1509000,871000
2015/10/23,0,514000,-1040000,-526000
2015/10/26,0,1386000,-366000,1020000
2015/10/27,0,2926000,-1109000,1817000
2015/10/28,0,1080000,-2007000,-927000
2015/10/29,0,5374000,-1525000,3849000
2015/10/30,0,6120000,-5804000,316000
2015/11/02,0,3747000,-3788000,-41000
2015/11/03,0,7368000,-3108000,4260000
2015/11/04,0,6287000,-5050000,1237000
2015/11/05,0,2250000,-4413000,-2163000
2015/11/06,0,3453000,-4713000,-1260000
2015/11/09,0,3575000,-4849000,-1274000
2015/11/10,0,1773000,-3885000,-2112000
2015/11/11,0,1872000,-2968000,-1096000
2015/11/12,0,2896000,-2288000,608000
2015/11/13,0,951000,-3804000,-2853000
2015/11/16,0,4041000,-1049000,2992000
2015/11/17,0,3650000,-4354000,-704000
2015/11/18,0,1573000,-769000,804000
2015/11/19,0,1835000,-922000,913000
2015/11/20,0,818000,-1503000,-685000
2015/11/23,0,703000,-5801000,-5098000
2015/11/24,0,1169000,-813000,356000
2015/11/25,0,561000,-495000,66000
2015/11/26,0,2433000,-638000,1795000
2015/11/27,0,541000,-1650000,-1109000
2015/11/30,0,743000,-1017000,-274000
2015/12/01,0,1539000,-888000,651000
2015/12/02,0,388000,-606000,-218000
2015/12/03,0,7210000,-680000,6530000
2015/12/04,0,838000,-2013000,-1175000
2015/12/07,0,308000,-1092192,-784192
2015/12/08,0,907000,-3216000,-2309000
2015/12/09,0,1250000,-421000,829000
2015/12/10,0,590000,-2482000,-1892000
2015/12/11,0,924000,-996000,-72000
2015/12/14,0,5908000,-2139000,3769000
2015/12/15,0,373000,0,373000
2015/12/16,0,8095000,-30000,8065000
2015/12/17,0,13468000,-6752000,6716000
2015/12/18,0,2938000,-3489000,-551000
2015/12/21,0,1394000,-480000,914000
2015/12/22,0,4376000,-1520000,2856000
2015/12/23,0,4516000,-586000,3930000
2015/12/24,0,5634000,-138000,5496000
2015/12/25,0,4836000,-831000,4005000
2015/12/28,0,1756000,-636000,1120000
2015/12/29,0,2363000,-1025000,1338000
2015/12/30,0,5364000,-461000,4903000
2015/12/31,0,3264000,-353000,2911000
2016/01/01,0,0,0,0
2016/01/04,0,9906000,-471029,9434971
2016/01/05,0,3641000,-202000,3439000
2016/01/06,0,1531000,-322000,1209000
2016/01/07,0,3344000,-361000,2983000
2016/01/08,0,1915000,-78000,1837000
2016/01/11,0,2032000,-201000,1831000
2016/01/12,0,2118000,-230000,1888000
2016/01/13,0,811000,-3000,808000
2016/01/14,0,2480000,-22000,2458000
2016/01/15,0,2272000,-691000,1581000
2016/01/18,0,2340000,-1820000,520000
2016/01/19,0,4326000,-172000,4154000
2016/01/20,0,11313000,-682429,10630571
2016/01/21,0,4452000,-883000,3569000
2016/01/22,0,4022000,-1215000,2807000
2016/01/25,0,1916000,-4000,1912000
2016/01/26,0,3549000,-276000,3273000
2016/01/27,0,3722000,-18000,3704000
2016/01/28,0,1850000,-61000,1789000
2016/01/29,0,2050000,-57000,1993000
2016/02/01,0,852000,-40000,812000
2016/02/02,0,2912000,-2035000,877000
2016/02/03,0,150000,-1492571,-1342571
2016/02/04,0,0,0,0
2016/02/05,0,0,0,0
2016/02/08,0,0,0,0
2016/02/09,0,0,0,0
2016/02/10,0,0,0,0
2016/02/11,0,0,0,0
2016/02/12,0,0,0,0
2016/02/15,0,11649000,-1771000,9878000
2016/02/16,0,1170000,-12000,1158000
2016/02/17,0,2538000,-19000,2519000
2016/02/18,0,4583000,-53000,4530000
2016/02/19,0,4292000,-4000,4288000
2016/02/22,0,1000000,-230000,770000
2016/02/23,0,1750000,-202000,1548000
2016/02/24,0,2730000,-56000,2674000
2016/02/25,0,2382000,-200000,2182000
2016/02/26,0,237249,-1109000,-871751
2016/02/29,0,0,0,0
2016/03/01,0,1818000,-10000,1808000
2016/03/02,0,1949000,-208000,1741000
2016/03/03,0,0,-27000,-27000
2016/03/04,0,325000,-154000,171000
2016/03/07,0,205000,-805000,-600000
2016/03/08,0,1251000,-112000,1139000
2016/03/09,0,369000,-3000,366000
2016/03/10,0,45000,0,45000
2016/03/11,0,18000,-15000,3000
2016/03/14,0,20000,0,20000
2016/03/15,0,1000,-38000,-37000
2016/03/16,0,810000,-430000,380000
2016/03/17,0,102000,-556000,-454000
2016/03/18,0,39000,-525000,-486000
2016/03/21,0,416000,-222000,194000
2016/03/22,0,27000,-78000,-51000
2016/03/23,0,26000,-2000,24000
2016/03/24,0,0,0,0
2016/03/25,0,259000,-660000,-401000
2016/03/28,0,25000,0,25000
2016/03/29,0,760000,-300000,460000
2016/03/30,0,588000,0,588000
2016/03/31,0,34000,-2000,32000
2016/04/01,0,239000,-95000,144000
2016/04/04,0,0,0,0
2016/04/05,0,0,0,0
2016/04/06,0,592000,-81000,511000
2016/04/07,0,993000,-79000,914000
2016/04/08,0,50000,-22000,28000
2016/04/11,0,254000,-22000,232000
2016/04/12,0,213000,-50000,163000
2016/04/13,0,742000,-6600000,-5858000
2016/04/14,0,2298000,-12884000,-10586000
2016/04/15,0,2142000,-10139000,-7997000
2016/04/18,0,1671000,-23000,1648000
2016/04/19,0,1254000,-8000,1246000
2016/04/20,0,5784000,-18000,5766000
2016/04/21,0,6606000,-28000,6578000
2016/04/22,0,2776000,-95000,2681000
2016/04/25,0,5124000,-15000,5109000
2016/04/26,0,2746000,-7000,2739000
2016/04/27,0,1343000,0,1343000
2016/04/28,0,1164000,-28000,1136000
2016/04/29,0,571000,0,571000
2016/05/02,0,0,0,0
2016/05/03,0,1187000,-16000,1171000
2016/05/04,0,1947000,0,1947000
2016/05/05,0,2568000,-31000,2537000
2016/05/06,0,0,-4000,-4000
2016/05/09,0,22000,-131,21869
2016/05/10,0,162000,0,162000
2016/05/11,0,210000,-1000,209000
2016/05/12,0,14000,0,14000
2016/05/13,0,201000,-88000,113000
2016/05/16,0,93000,0,93000
2016/05/17,0,34000,-35000,-1000
2016/05/18,0,93000,0,93000
2016/05/19,0,600000,0,600000
2016/05/20,0,1130000,-13000,1117000
2016/05/23,0,410000,-3000,407000
2016/05/24,0,100000,-11000,89000
2016/05/25,0,329000,0,329000
2016/05/26,0,310000,0,310000
2016/05/27,0,570000,0,570000
2016/05/30,0,1909000,-263579,1645421
2016/05/31,0,1723000,0,1723000
2016/06/01,0,30000,-7000,23000
2016/06/02,0,105000,-5000,100000
2016/06/03,0,325000,0,325000
2016/06/06,0,800000,-4000,796000
2016/06/07,0,5405000,0,5405000
2016/06/08,0,3861000,-5000,3856000
2016/06/09,0,0,0,0
2016/06/10,0,0,0,0
2016/06/13,0,147000,-2004800,-1857800
2016/06/14,0,200000,-6067000,-5867000
2016/06/15,0,7231000,-113372000,-106141000
2016/06/16,0,2751000,-5049000,-2298000
2016/06/17,0,3186000,-12384000,-9198000
2016/06/20,0,1195000,-7784000,-6589000
2016/06/21,0,851000,-733000,118000
2016/06/22,0,1407000,-3695000,-2288000
2016/06/23,0,161000,-465000,-304000
2016/06/24,0,442000,-1457000,-1015000
2016/06/27,0,122000,-207000,-85000
2016/06/28,0,54000,-476000,-422000
2016/06/29,0,115000,-689000,-574000
2016/06/30,0,103000,-352000,-249000
2016/07/01,0,79000,-988000,-909000
2016/07/04,0,92000,-400000,-308000
2016/07/05,0,46000,-504000,-458000
2016/07/06,0,65000,-195000,-130000
2016/07/07,0,80000,-107000,-27000
2016/07/08,0,0,0,0
2016/07/11,0,125000,-162000,-37000
2016/07/12,0,930000,-678000,252000
2016/07/13,0,1220000,-747000,473000
2016/07/14,0,707000,-3098000,-2391000
2016/07/15,0,2674000,-566000,2108000
2016/07/18,0,513000,-1512000,-999000
2016/07/19,0,74000,-453000,-379000
2016/07/20,0,78000,-689000,-611000
2016/07/21,0,228000,-1619000,-1391000
2016/07/22,0,41000,-875000,-834000
2016/07/25,0,77000,-142000,-65000
2016/07/26,0,625000,-3316000,-2691000
2016/07/27,0,505000,-353000,152000
2016/07/28,0,65000,-759000,-694000
2016/07/29,0,37000,-243000,-206000
2016/08/01,0,197000,-1341000,-1144000
2016/08/02,0,44000,-165000,-121000
2016/08/03,0,100000,-103000,-3000
2016/08/04,0,48000,-285000,-237000
2016/08/05,0,1000,-701000,-700000
2016/08/08,0,30000,-654000,-624000
2016/08/09,0,9000,-313000,-304000
2016/08/10,0,858000,-3431000,-2573000
2016/08/11,0,751000,-1849000,-1098000
2016/08/12,0,377000,-284000,93000
2016/08/15,0,394000,-257000,137000
2016/08/16,0,186000,-864000,-678000
2016/08/17,0,193000,-118000,75000
2016/08/18,0,193000,-42000,151000
2016/08/19,0,272000,-23000,249000
2016/08/22,0,50000,-587000,-537000
2016/08/23,0,267000,-153000,114000
2016/08/24,0,83000,-648000,-565000
2016/08/25,0,50000,-152000,-102000
2016/08/26,0,482000,-1260000,-778000
2016/08/29,0,1029000,-396000,633000
2016/08/30,0,255000,-539000,-284000
2016/08/31,0,79000,-130000,-51000
2016/09/01,0,19000,-64000,-45000
2016/09/02,0,162000,-260000,-98000
2016/09/05,0,91000,-501000,-410000
2016/09/06,0,549000,-600000,-51000
2016/09/07,0,492000,-70000,422000
2016/09/08,0,17000,-20000,-3000
2016/09/09,0,550000,-57000,493000
2016/09/12,0,156000,-19000,137000
2016/09/13,0,22000,-161000,-139000
2016/09/14,0,15000,-43000,-28000
2016/09/15,0,0,0,0
2016/09/16,0,0,0,0
2016/09/19,0,64000,-6000,58000
2016/09/20,0,715000,-372000,343000
2016/09/21,0,15000,-2257000,-2242000
2016/09/22,0,41000,-115000,-74000
2016/09/23,0,166000,-404000,-238000
2016/09/26,0,368000,-116000,252000
2016/09/27,0,0,0,0
2016/09/28,0,0,0,0
2016/09/29,0,60000,-202000,-142000
2016/09/30,0,8000,-196000,-188000
2016/10/03,0,165000,-653000,-488000
2016/10/04,0,122000,-557000,-435000
2016/10/05,0,907000,-2082000,-1175000
2016/10/06,0,2790000,-581000,2209000
2016/10/07,0,2400000,-49000,2351000
2016/10/10,0,0,0,0
2016/10/11,0,1113000,-76000,1037000
2016/10/12,0,336000,-8000,328000
2016/10/13,0,603000,-316000,287000
2016/10/14,0,36000,-14000,22000
2016/10/17,0,2000,-11000,-9000
2016/10/18,0,6000,-8000,-2000
2016/10/19,0,5000,-37000,-32000
2016/10/20,0,0,-34000,-34000
2016/10/21,0,0,-75000,-75000
2016/10/24,0,0,-1000,-1000
2016/10/25,0,0,-7000,-7000
2016/10/26,0,0,-102000,-102000
2016/10/27,0,372000,0,372000
2016/10/28,0,0,-8000,-8000
2016/10/31,0,19000,0,19000
2016/11/01,0,8000,0,8000
2016/11/02,0,83000,0,83000
2016/11/03,0,650000,-1000,649000
2016/11/04,0,806000,-1000,805000
2016/11/07,0,457000,0,457000
2016/11/08,0,1500000,-1000,1499000
2016/11/09,0,1100000,-129000,971000
2016/11/10,0,940000,0,940000
2016/11/11,0,3660000,-2000,3658000
2016/11/14,0,1568000,-33000,1535000
2016/11/15,0,1831000,-4000,1827000
2016/11/16,0,1451000,-7324,1443676
2016/11/17,0,543000,-682,542318
2016/11/18,0,2135000,0,2135000
2016/11/21,0,1463000,-250000,1213000
2016/11/22,0,460000,0,460000
2016/11/23,0,1278000,0,1278000
2016/11/24,0,4290000,-813000,3477000
2016/11/25,0,860000,-439143,420857
2016/11/28,0,1104000,-39007,1064993
2016/11/29,0,200000,-24000,176000
2016/11/30,0,0,0,0
2016/12/01,0,0,0,0
2016/12/02,0,0,0,0
2016/12/05,0,0,0,0
2016/12/06,0,0,0,0
2016/12/07,0,0,0,0
2016/12/08,0,0,0,0
2016/12/09,0,0,0,0
2016/12/12,0,0,0,0
2016/12/13,0,0,0,0
2016/12/14,0,0,0,0
2016/12/15,0,0,0,0
2016/12/16,0,0,0,0
2016/12/19,0,0,0,0
2016/12/20,0,0,0,0
2016/12/21,0,0,0,0
2016/12/22,0,0,0,0
2016/12/23,0,0,0,0
2016/12/26,0,0,0,0
2016/12/27,0,0,0,0
2016/12/28,0,0,0,0
2016/12/29,0,0,0,0
2016/12/30,0,0,0,0
2017/01/02,0,0,0,0
2017/01/03,0,0,0,0
2017/01/04,0,0,0,0
2017/01/05,0,0,0,0
2017/01/06,0,0,0,0
2017/01/09,0,0,0,0
2017/01/10,0,0,0,0
2017/01/11,0,0,0,0
2017/01/12,0,0,0,0
2017/01/13,0,0,0,0
2017/01/16,0,0,0,0
2017/01/17,0,0,0,0
2017/01/18,0,0,0,0
2017/01/19,0,0,0,0
2017/01/20,0,0,0,0
2017/01/23,0,0,0,0
2017/01/24,0,0,0,0
2017/01/25,0,0,0,0
2017/01/26,0,0,0,0
2017/01/27,0,0,0,0
2017/01/30,0,0,0,0
2017/01/31,0,0,0,0
2017/02/01,0,0,0,0
2017/02/02,0,0,0,0
2017/02/03,0,0,0,0
2017/02/06,0,0,0,0
2017/02/07,0,0,0,0
2017/02/08,0,0,0,0
2017/02/09,0,0,0,0
2017/02/10,0,0,0,0
2017/02/13,0,0,0,0
2017/02/14,0,0,0,0
2017/02/15,0,0,0,0
2017/02/16,0,0,0,0
2017/02/17,0,0,0,0
2017/02/20,0,0,0,0
2017/02/21,0,0,0,0
2017/02/22,0,0,0,0
2017/02/23,0,0,0,0
2017/02/24,0,0,0,0
2017/02/27,0,0,0,0
2017/02/28,0,0,0,0
2017/03/01,0,0,0,0
2017/03/02,0,0,0,0
2017/03/03,0,0,0,0
2017/03/06,0,0,0,0
2017/03/07,0,0,0,0
2017/03/08,0,0,0,0
2017/03/09,0,0,0,0
2017/03/10,0,0,0,0
2017/03/13,0,0,0,0
2017/03/14,0,0,0,0
2017/03/15,0,0,0,0
2017/03/16,0,0,0,0
2017/03/17,0,0,0,0
2017/03/20,0,0,0,0
2017/03/21,0,0,0,0
2017/03/22,0,0,0,0
2017/03/23,0,0,0,0
2017/03/24,0,0,0,0
2017/03/27,0,0,0,0
2017/03/28,0,0,0,0
2017/03/29,0,0,0,0
2017/03/30,0,0,0,0
2017/03/31,0,0,0,0
2017/04/03,0,0,0,0
2017/04/04,0,0,0,0
2017/04/05,0,0,0,0
2017/04/06,0,0,0,0
2017/04/07,0,0,0,0
2017/04/10,0,0,0,0
2017/04/11,0,0,0,0
2017/04/12,0,0,0,0
2017/04/13,0,0,0,0
2017/04/14,0,0,0,0
2017/04/17,0,0,0,0
2017/04/18,0,0,0,0
2017/04/19,0,0,0,0
2017/04/20,0,0,0,0
2017/04/21,0,0,0,0
2017/04/24,0,0,0,0
2017/04/25,0,0,0,0
2017/04/26,0,0,0,0
2017/04/27,0,0,0,0
2017/04/28,0,0,0,0
2017/05/01,0,0,0,0
2017/05/02,0,0,0,0
2017/05/03,0,0,0,0
2017/05/04,0,0,0,0
2017/05/05,0,0,0,0
2017/05/08,0,0,0,0
2017/05/09,0,0,0,0
2017/05/10,0,0,0,0
2017/05/11,0,0,0,0
2017/05/12,0,0,0,0
2017/05/15,0,0,0,0
2017/05/16,0,0,0,0
2017/05/17,0,0,0,0
2017/05/18,0,0,0,0
2017/05/19,0,0,0,0
2017/05/22,0,0,0,0
2017/05/23,0,0,0,0
2017/05/24,0,0,0,0
2017/05/25,0,0,0,0
2017/05/26,0,0,0,0
2017/05/29,0,0,0,0
2017/05/30,0,0,0,0
2017/05/31,0,0,0,0
2017/06/01,0,0,0,0
2017/06/02,0,0,0,0
2017/06/05,0,0,0,0
2017/06/06,0,0,0,0
2017/06/07,0,0,0,0
2017/06/08,0,0,0,0
2017/06/09,0,0,0,0
2017/06/12,0,0,0,0
2017/06/13,0,0,0,0
2017/06/14,0,0,0,0
2017/06/15,0,0,0,0
2017/06/16,0,0,0,0
2017/06/19,0,0,0,0
2017/06/20,0,0,0,0
2017/06/21,0,0,0,0
2017/06/22,0,0,0,0
2017/06/23,0,0,0,0
2017/06/26,0,0,0,0
2017/06/27,0,0,0,0
2017/06/28,0,0,0,0
2017/06/29,0,0,0,0
2017/06/30,0,0,0,0
2017/07/03,0,0,0,0
2017/07/04,0,0,0,0
2017/07/05,0,0,0,0
2017/07/06,0,0,0,0
2017/07/07,0,0,0,0
2017/07/10,0,0,0,0
2017/07/11,0,0,0,0
2017/07/12,0,0,0,0
2017/07/13,0,0,0,0
2017/07/14,0,0,0,0
2017/07/17,0,0,0,0
2017/07/18,0,0,0,0
2017/07/19,0,0,0,0
2017/07/20,0,0,0,0
2017/07/21,0,0,0,0
2017/07/24,0,0,0,0
2017/07/25,0,0,0,0
2017/07/26,0,0,0,0
2017/07/27,0,0,0,0
2017/07/28,0,0,0,0
2017/07/31,0,0,0,0
2017/08/01,0,0,0,0
2017/08/02,0,0,0,0
2017/08/03,0,0,0,0
2017/08/04,0,0,0,0
2017/08/07,0,0,0,0
2017/08/08,0,0,0,0
2017/08/09,0,0,0,0
