Date,Open,Buy,Sell,Total
2007/04/23,0,493000,-809000,-316000
2007/04/24,0,498000,-197000,301000
2007/04/25,0,251000,-651000,-400000
2007/04/26,0,126000,-712000,-586000
2007/04/27,0,262000,-490000,-228000
2007/04/30,0,139000,-521000,-382000
2007/05/01,0,0,0,0
2007/05/02,0,158000,-551000,-393000
2007/05/03,0,901000,-737000,164000
2007/05/04,0,608000,-575135,32865
2007/05/07,0,324000,-608000,-284000
2007/05/08,0,124000,-721000,-597000
2007/05/09,0,124000,-799000,-675000
2007/05/10,0,1000,-131000,-130000
2007/05/11,0,34000,-271000,-237000
2007/05/14,0,175000,-238000,-63000
2007/05/15,0,570000,-163000,407000
2007/05/16,0,214000,-182000,32000
2007/05/17,0,758000,-146000,612000
2007/05/18,0,207000,-415000,-208000
2007/05/21,0,381000,-44000,337000
2007/05/22,0,706000,-776000,-70000
2007/05/23,0,116000,-81000,35000
2007/05/24,0,164000,-173000,-9000
2007/05/25,0,338000,-17000,321000
2007/05/28,0,414000,-67000,347000
2007/05/29,0,233000,-364000,-131000
2007/05/30,0,214000,-260000,-46000
2007/05/31,0,346000,-170000,176000
2007/06/01,0,263000,-329000,-66000
2007/06/04,0,182000,-203000,-21000
2007/06/05,0,236000,-539916,-303916
2007/06/06,0,749000,-440000,309000
2007/06/07,0,703000,-258000,445000
2007/06/08,0,308000,-314000,-6000
2007/06/11,0,98000,-341000,-243000
2007/06/12,0,245000,-493000,-248000
2007/06/13,0,130000,-319000,-189000
2007/06/14,0,635000,-603000,32000
2007/06/15,0,163000,-945000,-782000
2007/06/18,0,0,0,0
2007/06/19,0,0,0,0
2007/06/20,0,89000,-205000,-116000
2007/06/21,0,211000,-860000,-649000
2007/06/22,0,216000,-131000,85000
2007/06/25,0,153000,-121000,32000
2007/06/26,0,162000,-114000,48000
2007/06/27,0,348000,-34000,314000
2007/06/28,0,76000,-319000,-243000
2007/06/29,0,166000,-174000,-8000
2007/07/02,0,120000,-459000,-339000
2007/07/03,0,103000,-164000,-61000
2007/07/04,0,63000,-361000,-298000
2007/07/05,0,318000,-531000,-213000
2007/07/06,0,208000,-301000,-93000
2007/07/09,0,177000,-907000,-730000
2007/07/10,0,134000,-717000,-583000
2007/07/11,0,130000,-395076,-265076
2007/07/12,0,107000,-70000,37000
2007/07/13,0,135000,-113067,21933
2007/07/16,0,227000,-678640,-451640
2007/07/17,0,97000,-220000,-123000
2007/07/18,0,201000,-263000,-62000
2007/07/19,0,416000,-111358,304642
2007/07/20,0,91000,-158000,-67000
2007/07/23,0,603000,-243000,360000
2007/07/24,0,207000,-514000,-307000
2007/07/25,0,230000,-36000,194000
2007/07/26,0,47000,-392000,-345000
2007/07/27,0,246000,-267000,-21000
2007/07/30,0,549000,-234000,315000
2007/07/31,0,216000,-463000,-247000
2007/08/01,0,255000,-706000,-451000
2007/08/02,0,483000,-259862,223138
2007/08/03,0,128000,-343000,-215000
2007/08/06,0,137000,-280000,-143000
2007/08/07,0,80000,-112000,-32000
2007/08/08,0,216000,-179000,37000
2007/08/09,0,435000,-552168,-117168
2007/08/10,0,120000,-205000,-85000
2007/08/13,0,108000,-155000,-47000
2007/08/14,0,60000,-293000,-233000
2007/08/15,0,539000,-285000,254000
2007/08/16,0,541000,-365000,176000
2007/08/17,0,1318000,-1028000,290000
2007/08/20,0,19000,-40000,-21000
2007/08/21,0,799000,-1502000,-703000
2007/08/22,0,359000,-155000,204000
2007/08/23,0,517000,-641000,-124000
2007/08/24,0,1267000,-265000,1002000
2007/08/27,0,295000,-963000,-668000
2007/08/28,0,128000,-278000,-150000
2007/08/29,0,821000,-429000,392000
2007/08/30,0,758000,-1190000,-432000
2007/08/31,0,234000,-722000,-488000
2007/09/03,0,579000,-357000,222000
2007/09/04,0,98000,-368000,-270000
2007/09/05,0,147000,-351000,-204000
2007/09/06,0,864000,-157000,707000
2007/09/07,0,1269000,-584000,685000
2007/09/10,0,747000,-269000,478000
2007/09/11,0,169220,-187000,-17780
2007/09/12,0,62000,-430000,-368000
2007/09/13,0,30000,-154000,-124000
2007/09/14,0,421000,-243000,178000
2007/09/17,0,66000,-463000,-397000
2007/09/18,0,0,0,0
2007/09/19,0,93000,-812000,-719000
2007/09/20,0,253000,-417000,-164000
2007/09/21,0,417000,-12000,405000
2007/09/24,0,0,0,0
2007/09/25,0,0,0,0
2007/09/26,0,507000,-499000,8000
2007/09/27,0,777000,-107000,670000
2007/09/28,0,209000,-440000,-231000
2007/10/01,0,232000,-270000,-38000
2007/10/02,0,450000,-742000,-292000
2007/10/03,0,115000,-153000,-38000
2007/10/04,0,275000,-120000,155000
2007/10/05,0,166000,-378000,-212000
2007/10/08,0,796000,-273000,523000
2007/10/09,0,1018000,-1348000,-330000
2007/10/10,0,0,0,0
2007/10/11,0,255000,-296000,-41000
2007/10/12,0,24408,-215398,-190990
2007/10/15,0,303295,-234254,69041
2007/10/16,0,566487,-923000,-356513
2007/10/17,0,54000,-793000,-739000
2007/10/18,0,643000,-124000,519000
2007/10/19,0,189000,-523000,-334000
2007/10/22,0,111000,-219000,-108000
2007/10/23,0,211000,-383000,-172000
2007/10/24,0,316000,-877000,-561000
2007/10/25,0,546000,-267000,279000
2007/10/26,0,74000,-246000,-172000
2007/10/29,0,1871000,-167426,1703574
2007/10/30,0,623000,-359000,264000
2007/10/31,0,1589000,-921000,668000
2007/11/01,0,2257000,-1795682,461318
2007/11/02,0,329000,-500000,-171000
2007/11/05,0,573000,-285000,288000
2007/11/06,0,246000,-1172000,-926000
2007/11/07,0,56000,-576510,-520510
2007/11/08,0,381000,-2319000,-1938000
2007/11/09,0,257024,-648000,-390976
2007/11/12,0,601000,-262000,339000
2007/11/13,0,1505000,-1840987,-335987
2007/11/14,0,1737000,-465271,1271729
2007/11/15,0,208000,-285000,-77000
2007/11/16,0,388000,-933000,-545000
2007/11/19,0,296000,-400000,-104000
2007/11/20,0,132000,-409000,-277000
2007/11/21,0,102000,-226000,-124000
2007/11/22,0,121000,-192080,-71080
2007/11/23,0,214000,-58594,155406
2007/11/26,0,271000,-91195,179805
2007/11/27,0,820000,-269000,551000
2007/11/28,0,27000,-90000,-63000
2007/11/29,0,230000,-425000,-195000
2007/11/30,0,58000,-144000,-86000
2007/12/03,0,134000,-358000,-224000
2007/12/04,0,95000,-73000,22000
2007/12/05,0,511000,-179000,332000
2007/12/06,0,342000,-276000,66000
2007/12/07,0,43000,-387000,-344000
2007/12/10,0,276000,-337000,-61000
2007/12/11,0,316862,-750000,-433138
2007/12/12,0,699000,-1753000,-1054000
2007/12/13,0,768000,-588000,180000
2007/12/14,0,1473000,-1298000,175000
2007/12/17,0,680000,-659000,21000
2007/12/18,0,923000,-83246,839754
2007/12/19,0,401000,-135000,266000
2007/12/20,0,112000,-1009000,-897000
2007/12/21,0,309000,-618000,-309000
2007/12/24,0,254000,-567000,-313000
2007/12/25,0,80000,-157000,-77000
2007/12/26,0,677000,-103000,574000
2007/12/27,0,822000,-221000,601000
2007/12/28,0,742000,-465000,277000
2007/12/31,0,337000,-247000,90000
2008/01/01,0,0,0,0
2008/01/02,0,96000,-216850,-120850
2008/01/03,0,253623,-382000,-128377
2008/01/04,0,244000,-189000,55000
2008/01/07,0,95000,0,95000
2008/01/08,0,648000,-1638000,-990000
2008/01/09,0,1107000,-174000,933000
2008/01/10,0,587000,-438000,149000
2008/01/11,0,611000,-275000,336000
2008/01/14,0,280000,-434000,-154000
2008/01/15,0,351000,-361208,-10208
2008/01/16,0,330000,-439000,-109000
2008/01/17,0,278000,-654000,-376000
2008/01/18,0,466000,-415000,51000
2008/01/21,0,223000,-73000,150000
2008/01/22,0,118000,-220000,-102000
2008/01/23,0,319000,-699000,-380000
2008/01/24,0,1502000,-978000,524000
2008/01/25,0,930000,-154000,776000
2008/01/28,0,286000,-893000,-607000
2008/01/29,0,314000,-1590000,-1276000
2008/01/30,0,450000,-79000,371000
2008/01/31,0,342000,-652000,-310000
2008/02/01,0,100000,-198000,-98000
2008/02/04,0,0,0,0
2008/02/05,0,0,0,0
2008/02/06,0,0,0,0
2008/02/07,0,0,0,0
2008/02/08,0,0,0,0
2008/02/11,0,0,0,0
2008/02/12,0,299000,-396000,-97000
2008/02/13,0,376000,-90000,286000
2008/02/14,0,259000,-158000,101000
2008/02/15,0,1823000,-82513,1740487
2008/02/18,0,1521024,-1017000,504024
2008/02/19,0,731000,-201000,530000
2008/02/20,0,412000,-1025000,-613000
2008/02/21,0,721000,-449000,272000
2008/02/22,0,1337000,-1294000,43000
2008/02/25,0,1153000,-287550,865450
2008/02/26,0,577000,-822130,-245130
2008/02/27,0,975000,-1051424,-76424
2008/02/28,0,0,0,0
2008/02/29,0,568000,-144000,424000
2008/03/03,0,738000,-1206068,-468068
2008/03/04,0,277000,-934000,-657000
2008/03/05,0,564000,-446000,118000
2008/03/06,0,409000,-336130,72870
2008/03/07,0,886000,-129000,757000
2008/03/10,0,196000,-877000,-681000
2008/03/11,0,438000,-356000,82000
2008/03/12,0,771000,-559716,211284
2008/03/13,0,232000,-200000,32000
2008/03/14,0,376000,-802000,-426000
2008/03/17,0,457000,-274000,183000
2008/03/18,0,300000,-571000,-271000
2008/03/19,0,401000,-609000,-208000
2008/03/20,0,596000,-24000,572000
2008/03/21,0,320000,-160000,160000
2008/03/24,0,254000,-1231000,-977000
2008/03/25,0,153000,-142000,11000
2008/03/26,0,105000,-509000,-404000
2008/03/27,0,399000,-310000,89000
2008/03/28,0,188000,-49416,138584
2008/03/31,0,255000,-84102,170898
2008/04/01,0,184000,-149000,35000
2008/04/02,0,1464000,-39000,1425000
2008/04/03,0,2344000,-110000,2234000
2008/04/04,0,0,0,0
2008/04/07,0,1194000,-460000,734000
2008/04/08,0,544000,-526000,18000
2008/04/09,0,40000,-624000,-584000
2008/04/10,0,967000,-1037000,-70000
2008/04/11,0,1223000,-773000,450000
2008/04/14,0,152000,-837079,-685079
2008/04/15,0,917000,-323000,594000
2008/04/16,0,269000,-1639000,-1370000
2008/04/17,0,559000,-198000,361000
2008/04/18,0,560000,-176000,384000
2008/04/21,0,675000,-593000,82000
2008/04/22,0,452000,-231000,221000
2008/04/23,0,650000,-1416000,-766000
2008/04/24,0,128000,-695000,-567000
2008/04/25,0,103000,-251000,-148000
2008/04/28,0,717000,-179000,538000
2008/04/29,0,839000,-530000,309000
2008/04/30,0,752000,-60000,692000
2008/05/01,0,0,0,0
2008/05/02,0,951000,-512000,439000
2008/05/05,0,440000,-173000,267000
2008/05/06,0,274000,-21000,253000
2008/05/07,0,296000,-27000,269000
2008/05/08,0,90000,-382000,-292000
2008/05/09,0,256000,-341000,-85000
2008/05/12,0,391000,-12000,379000
2008/05/13,0,144012,-158543,-14531
2008/05/14,0,90000,-297000,-207000
2008/05/15,0,1976000,-135000,1841000
2008/05/16,0,1622000,-655000,967000
2008/05/19,0,592000,-506000,86000
2008/05/20,0,253000,-769000,-516000
2008/05/21,0,50000,-159000,-109000
2008/05/22,0,109000,-691000,-582000
2008/05/23,0,96000,-1352000,-1256000
2008/05/26,0,188000,-805000,-617000
2008/05/27,0,151000,-234000,-83000
2008/05/28,0,76000,-949000,-873000
2008/05/29,0,44000,-1199000,-1155000
2008/05/30,0,179000,-132000,47000
2008/06/02,0,97000,-33000,64000
2008/06/03,0,94225,-308000,-213775
2008/06/04,0,70000,-54000,16000
2008/06/05,0,429000,-75000,354000
2008/06/06,0,120000,-114000,6000
2008/06/09,0,33000,-336000,-303000
2008/06/10,0,66000,-809000,-743000
2008/06/11,0,329000,-452000,-123000
2008/06/12,0,438000,-1246000,-808000
2008/06/13,0,322000,-181000,141000
2008/06/16,0,729000,-40000,689000
2008/06/17,0,616000,-319000,297000
2008/06/18,0,318000,-36000,282000
2008/06/19,0,350000,-203000,147000
2008/06/20,0,212000,-165000,47000
2008/06/23,0,128000,-87000,41000
2008/06/24,0,602000,-619000,-17000
2008/06/25,0,504000,-327000,177000
2008/06/26,0,707000,-136000,571000
2008/06/27,0,229000,-1540000,-1311000
2008/06/30,0,366000,-245000,121000
2008/07/01,0,736000,-12000,724000
2008/07/02,0,2903000,-604000,2299000
2008/07/03,0,1434000,-486000,948000
2008/07/04,0,217000,-884000,-667000
2008/07/07,0,552000,-1783000,-1231000
2008/07/08,0,209000,-229000,-20000
2008/07/09,0,619000,-2065000,-1446000
2008/07/10,0,420000,-169000,251000
2008/07/11,0,551000,-106000,445000
2008/07/14,0,650000,-135000,515000
2008/07/15,0,93000,-1088000,-995000
2008/07/16,0,513000,-35000,478000
2008/07/17,0,619000,-113000,506000
2008/07/18,0,198000,-1178000,-980000
2008/07/21,0,181000,-5000,176000
2008/07/22,0,258000,-6000,252000
2008/07/23,0,1261000,-259000,1002000
2008/07/24,0,314000,-165000,149000
2008/07/25,0,174000,-313000,-139000
2008/07/28,0,0,0,0
2008/07/29,0,345000,-110000,235000
2008/07/30,0,133000,-403000,-270000
2008/07/31,0,314000,-430000,-116000
2008/08/01,0,204000,-269000,-65000
2008/08/04,0,240000,-165000,75000
2008/08/05,0,491000,-448000,43000
2008/08/06,0,273000,-457000,-184000
2008/08/07,0,116000,-212000,-96000
2008/08/08,0,1419000,-27000,1392000
2008/08/11,0,393000,-646000,-253000
2008/08/12,0,3405000,-355000,3050000
2008/08/13,0,3298000,-1148000,2150000
2008/08/14,0,502000,-4713000,-4211000
2008/08/15,0,98000,-586000,-488000
2008/08/18,0,62000,-431000,-369000
2008/08/19,0,129000,-187000,-58000
2008/08/20,0,128000,-60000,68000
2008/08/21,0,286000,-197000,89000
2008/08/22,0,326000,-339000,-13000
2008/08/25,0,137000,-253000,-116000
2008/08/26,0,894000,-36000,858000
2008/08/27,0,1209000,-650000,559000
2008/08/28,0,558000,-1535000,-977000
2008/08/29,0,265000,-192000,73000
2008/09/01,0,315000,-1120000,-805000
2008/09/02,0,636000,-43000,593000
2008/09/03,0,362000,-587000,-225000
2008/09/04,0,318000,-277000,41000
2008/09/05,0,617000,-214000,403000
2008/09/08,0,905000,-363000,542000
2008/09/09,0,270000,-548000,-278000
2008/09/10,0,169000,-924000,-755000
2008/09/11,0,355000,-316000,39000
2008/09/12,0,476000,-155499,320501
2008/09/15,0,80000,-223000,-143000
2008/09/16,0,270000,-200000,70000
2008/09/17,0,369000,-149000,220000
2008/09/18,0,331000,-222000,109000
2008/09/19,0,5000,-39000,-34000
2008/09/22,0,9000,-237000,-228000
2008/09/23,0,2358000,-140000,2218000
2008/09/24,0,696000,-992000,-296000
2008/09/25,0,217000,-403000,-186000
2008/09/26,0,528000,-868000,-340000
2008/09/29,0,0,0,0
2008/09/30,0,162000,-360000,-198000
2008/10/01,0,336000,-231000,105000
2008/10/02,0,434000,-371000,63000
2008/10/03,0,410000,-239000,171000
2008/10/06,0,150000,-324100,-174100
2008/10/07,0,963000,-336200,626800
2008/10/08,0,373000,-881100,-508100
2008/10/09,0,654000,-549900,104100
2008/10/10,0,0,0,0
2008/10/13,0,70000,-138500,-68500
2008/10/14,0,285000,-141000,144000
2008/10/15,0,194500,-31000,163500
2008/10/16,0,0,-15000,-15000
2008/10/17,0,366200,-440000,-73800
2008/10/20,0,53000,-5500,47500
2008/10/21,0,844000,-609000,235000
2008/10/22,0,50000,-4900,45100
2008/10/23,0,20000,-500,19500
2008/10/24,0,20000,-1613,18387
2008/10/27,0,8000,0,8000
2008/10/28,0,947000,-776435,170565
2008/10/29,0,292000,-609000,-317000
2008/10/30,0,440000,-1478800,-1038800
2008/10/31,0,479000,-205676,273324
2008/11/03,0,245000,-287699,-42699
2008/11/04,0,353000,-182000,171000
2008/11/05,0,202000,-335000,-133000
2008/11/06,0,81000,-5500,75500
2008/11/07,0,391541,-775500,-383959
2008/11/10,0,51000,-603000,-552000
2008/11/11,0,133000,-108000,25000
2008/11/12,0,162000,-36400,125600
2008/11/13,0,135000,-23000,112000
2008/11/14,0,235000,-81534,153466
2008/11/17,0,301000,-66500,234500
2008/11/18,0,189000,-86000,103000
2008/11/19,0,367500,-581000,-213500
2008/11/20,0,227000,-51000,176000
2008/11/21,0,688000,-72000,616000
2008/11/24,0,212000,-206000,6000
2008/11/25,0,324000,-418000,-94000
2008/11/26,0,29000,-73000,-44000
2008/11/27,0,32000,-147000,-115000
2008/11/28,0,1554000,-62000,1492000
2008/12/01,0,907000,-261000,646000
2008/12/02,0,137000,-375000,-238000
2008/12/03,0,266000,-1575436,-1309436
2008/12/04,0,367000,-118936,248064
2008/12/05,0,117000,-163000,-46000
2008/12/08,0,941000,-23000,918000
2008/12/09,0,1737000,-89000,1648000
2008/12/10,0,827500,-603400,224100
2008/12/11,0,1624000,-700000,924000
2008/12/12,0,2120000,-1435000,685000
2008/12/15,0,27000,-349000,-322000
2008/12/16,0,1059500,-869000,190500
2008/12/17,0,120000,-1414000,-1294000
2008/12/18,0,145000,-1556000,-1411000
2008/12/19,0,929000,-164000,765000
2008/12/22,0,893000,-2421000,-1528000
2008/12/23,0,566000,-513000,53000
2008/12/24,0,227000,-360000,-133000
2008/12/25,0,22000,-1451000,-1429000
2008/12/26,0,102000,-38000,64000
2008/12/29,0,54000,-49999,4001
2008/12/30,0,7000,-59000,-52000
2008/12/31,0,1480000,-210000,1270000
2009/01/01,0,0,0,0
2009/01/02,0,0,0,0
2009/01/05,0,9000,-18068,-9068
2009/01/06,0,4048000,-78000,3970000
2009/01/07,0,712000,-2301300,-1589300
2009/01/08,0,2505000,-884000,1621000
2009/01/09,0,343000,-1741000,-1398000
2009/01/12,0,661000,-73000,588000
2009/01/13,0,2008000,-707000,1301000
2009/01/14,0,1870000,-1873000,-3000
2009/01/15,0,344000,-1741000,-1397000
2009/01/16,0,439000,-1076000,-637000
2009/01/19,0,94000,-103000,-9000
2009/01/20,0,541000,-440460,100540
2009/01/21,0,843000,-88500,754500
2009/01/22,0,0,0,0
2009/01/23,0,0,0,0
2009/01/26,0,0,0,0
2009/01/27,0,0,0,0
2009/01/28,0,0,0,0
2009/01/29,0,0,0,0
2009/01/30,0,0,0,0
2009/02/02,0,490000,-760628,-270628
2009/02/03,0,2078000,-412000,1666000
2009/02/04,0,1971000,-718000,1253000
2009/02/05,0,683000,-426000,257000
2009/02/06,0,3042000,-210000,2832000
2009/02/09,0,1446000,-1227800,218200
2009/02/10,0,997000,-1967000,-970000
2009/02/11,0,774000,-956000,-182000
2009/02/12,0,425732,-1316000,-890268
2009/02/13,0,321000,-934000,-613000
2009/02/16,0,184000,-1220000,-1036000
2009/02/17,0,87000,-2368000,-2281000
2009/02/18,0,70000,-1279000,-1209000
2009/02/19,0,840000,-492000,348000
2009/02/20,0,144000,-1093156,-949156
2009/02/23,0,617000,-384000,233000
2009/02/24,0,2179000,-326200,1852800
2009/02/25,0,1257000,-983000,274000
2009/02/26,0,810000,-1932000,-1122000
2009/02/27,0,2838000,-51000,2787000
2009/03/02,0,2143000,-2305000,-162000
2009/03/03,0,631000,-1950000,-1319000
2009/03/04,0,1222000,-794000,428000
2009/03/05,0,1521000,-1252000,269000
2009/03/06,0,1325000,-1675000,-350000
2009/03/09,0,242000,-519000,-277000
2009/03/10,0,360000,-373000,-13000
2009/03/11,0,1027000,-629000,398000
2009/03/12,0,1277000,-806000,471000
2009/03/13,0,969000,-871000,98000
2009/03/16,0,1234000,-1438000,-204000
2009/03/17,0,726000,-708000,18000
2009/03/18,0,547000,-875000,-328000
2009/03/19,0,724000,-738000,-14000
2009/03/20,0,645000,-954000,-309000
2009/03/23,0,346000,-673000,-327000
2009/03/24,0,1170000,-1181000,-11000
2009/03/25,0,1369000,-312000,1057000
2009/03/26,0,1168000,-1321213,-153213
2009/03/27,0,43000,-1417000,-1374000
2009/03/30,0,397000,-1303000,-906000
2009/03/31,0,201000,-151000,50000
2009/04/01,0,225000,-224000,1000
2009/04/02,0,1394000,-78000,1316000
2009/04/03,0,455000,-843000,-388000
2009/04/06,0,908000,-1400000,-492000
2009/04/07,0,140000,-552000,-412000
2009/04/08,0,1099000,-1262000,-163000
2009/04/09,0,374000,-566000,-192000
2009/04/10,0,1039000,-1447000,-408000
2009/04/13,0,818000,-1261000,-443000
2009/04/14,0,371000,-1151000,-780000
2009/04/15,0,52000,-1134000,-1082000
2009/04/16,0,1569000,-582000,987000
2009/04/17,0,642000,-1588000,-946000
2009/04/20,0,575000,-463000,112000
2009/04/21,0,1119000,-444000,675000
2009/04/22,0,526000,-1065000,-539000
2009/04/23,0,527000,-323000,204000
2009/04/24,0,309000,-702070,-393070
2009/04/27,0,625000,-532000,93000
2009/04/28,0,764000,-285000,479000
2009/04/29,0,677000,-717000,-40000
2009/04/30,0,52000,-889000,-837000
2009/05/01,0,0,0,0
2009/05/04,0,1015000,-433000,582000
2009/05/05,0,1033000,-772000,261000
2009/05/06,0,1318000,-365745,952255
2009/05/07,0,1992000,-957000,1035000
2009/05/08,0,676000,-164049,511951
2009/05/11,0,206000,-572000,-366000
2009/05/12,0,317000,-1711000,-1394000
2009/05/13,0,696000,-1463000,-767000
2009/05/14,0,346000,-699000,-353000
2009/05/15,0,292000,-438000,-146000
2009/05/18,0,598000,-857000,-259000
2009/05/19,0,186000,-468657,-282657
2009/05/20,0,492000,-232000,260000
2009/05/21,0,180000,-455000,-275000
2009/05/22,0,311000,-386000,-75000
2009/05/25,0,63000,-428000,-365000
2009/05/26,0,130000,-946000,-816000
2009/05/27,0,401000,-197000,204000
2009/05/28,0,0,0,0
2009/05/29,0,0,0,0
2009/06/01,0,264000,-273346,-9346
2009/06/02,0,1403000,-207000,1196000
2009/06/03,0,336000,-618000,-282000
2009/06/04,0,218000,-980000,-762000
2009/06/05,0,195000,-283000,-88000
2009/06/08,0,153000,-226000,-73000
2009/06/09,0,760000,-656000,104000
2009/06/10,0,514000,-365002,148998
2009/06/11,0,287000,-216000,71000
2009/06/12,0,101000,-602600,-501600
2009/06/15,0,536000,-311000,225000
2009/06/16,0,299000,-164955,134045
2009/06/17,0,399000,-244000,155000
2009/06/18,0,525000,-233000,292000
2009/06/19,0,699000,-433000,266000
2009/06/22,0,438000,-41000,397000
2009/06/23,0,384000,-935000,-551000
2009/06/24,0,685000,-630000,55000
2009/06/25,0,745000,-433000,312000
2009/06/26,0,46000,-260000,-214000
2009/06/29,0,37000,-105000,-68000
2009/06/30,0,1895000,-59000,1836000
2009/07/01,0,1175000,-38000,1137000
2009/07/02,0,1100000,-462000,638000
2009/07/03,0,336000,-128000,208000
2009/07/06,0,57000,-340000,-283000
2009/07/07,0,436232,-92000,344232
2009/07/08,0,497000,-95000,402000
2009/07/09,0,1493000,-1573000,-80000
2009/07/10,0,413000,-891000,-478000
2009/07/13,0,273000,-595000,-322000
2009/07/14,0,1442000,-125000,1317000
2009/07/15,0,513000,-959000,-446000
2009/07/16,0,189000,-905343,-716343
2009/07/17,0,883000,-289000,594000
2009/07/20,0,421000,-601000,-180000
2009/07/21,0,2220000,-532000,1688000
2009/07/22,0,917000,-1520000,-603000
2009/07/23,0,647000,-612000,35000
2009/07/24,0,551000,-1045000,-494000
2009/07/27,0,614000,-930000,-316000
2009/07/28,0,612000,-388000,224000
2009/07/29,0,328000,-321000,7000
2009/07/30,0,208000,-440000,-232000
2009/07/31,0,604000,-990000,-386000
2009/08/03,0,309986,-488000,-178014
2009/08/04,0,423000,-574000,-151000
2009/08/05,0,203000,-964000,-761000
2009/08/06,0,194000,-157000,37000
2009/08/07,0,0,0,0
2009/08/10,0,165000,-170000,-5000
2009/08/11,0,216000,-215000,1000
2009/08/12,0,1488000,-190000,1298000
2009/08/13,0,1302000,-279400,1022600
2009/08/14,0,818000,-802000,16000
2009/08/17,0,65000,-293000,-228000
2009/08/18,0,626000,-305000,321000
2009/08/19,0,405000,-214000,191000
2009/08/20,0,159000,-783000,-624000
2009/08/21,0,230000,-713000,-483000
2009/08/24,0,587630,-269000,318630
2009/08/25,0,213000,-97000,116000
2009/08/26,0,457000,-1121000,-664000
2009/08/27,0,236000,-241365,-5365
2009/08/28,0,241000,-419000,-178000
2009/08/31,0,187000,-261000,-74000
2009/09/01,0,861000,-231000,630000
2009/09/02,0,1200370,-314000,886370
2009/09/03,0,690000,-773000,-83000
2009/09/04,0,565000,-508000,57000
2009/09/07,0,182000,-294000,-112000
2009/09/08,0,675000,-160000,515000
2009/09/09,0,461500,-2781000,-2319500
2009/09/10,0,886000,-835000,51000
2009/09/11,0,200000,-197000,3000
2009/09/14,0,44000,-1062000,-1018000
2009/09/15,0,130000,-69000,61000
2009/09/16,0,219000,-63000,156000
2009/09/17,0,858000,-415000,443000
2009/09/18,0,1209000,-220000,989000
2009/09/21,0,1183000,-607000,576000
2009/09/22,0,1173000,-219000,954000
2009/09/23,0,1121000,-644662,476338
2009/09/24,0,727000,-1924000,-1197000
2009/09/25,0,364000,-437500,-73500
2009/09/28,0,218000,-335106,-117106
2009/09/29,0,1541000,-189720,1351280
2009/09/30,0,1393000,-276000,1117000
2009/10/01,0,200000,-512000,-312000
2009/10/02,0,191000,-234180,-43180
2009/10/05,0,400000,-330000,70000
2009/10/06,0,532000,-1571000,-1039000
2009/10/07,0,1113200,-1110000,3200
2009/10/08,0,49000,-309000,-260000
2009/10/09,0,126000,-201000,-75000
2009/10/12,0,332000,-102000,230000
2009/10/13,0,3842000,-568900,3273100
2009/10/14,0,2398000,-2823000,-425000
2009/10/15,0,743000,-1634000,-891000
2009/10/16,0,2202000,-876000,1326000
2009/10/19,0,1904000,-722200,1181800
2009/10/20,0,404000,-961000,-557000
2009/10/21,0,929000,-810180,118820
2009/10/22,0,805000,-723690,81310
2009/10/23,0,1725000,-670000,1055000
2009/10/26,0,393000,-803000,-410000
2009/10/27,0,268000,-639930,-371930
2009/10/28,0,316600,-2524000,-2207400
2009/10/29,0,1283000,-2502000,-1219000
2009/10/30,0,492000,-1688000,-1196000
2009/11/02,0,377000,-473000,-96000
2009/11/03,0,949000,-473000,476000
2009/11/04,0,772000,-205500,566500
2009/11/05,0,196000,-160000,36000
2009/11/06,0,127000,-908000,-781000
2009/11/09,0,725000,-152000,573000
2009/11/10,0,2193000,-1744200,448800
2009/11/11,0,388000,-121600,266400
2009/11/12,0,2701000,-529770,2171230
2009/11/13,0,689000,-832000,-143000
2009/11/16,0,2060400,-4418000,-2357600
2009/11/17,0,1611000,-1231400,379600
2009/11/18,0,626000,-634000,-8000
2009/11/19,0,572600,-768000,-195400
2009/11/20,0,557000,-123000,434000
2009/11/23,0,187000,-245000,-58000
2009/11/24,0,41000,-362000,-321000
2009/11/25,0,641000,-914600,-273600
2009/11/26,0,1037000,-1290000,-253000
2009/11/27,0,1292000,-921000,371000
2009/11/30,0,349000,-1118218,-769218
2009/12/01,0,771000,-249000,522000
2009/12/02,0,674000,-455000,219000
2009/12/03,0,231000,-305000,-74000
2009/12/04,0,130000,-150000,-20000
2009/12/07,0,801073,-301000,500073
2009/12/08,0,267000,-451000,-184000
2009/12/09,0,132000,-131000,1000
2009/12/10,0,467000,-1169000,-702000
2009/12/11,0,551000,-423690,127310
2009/12/14,0,339000,-522000,-183000
2009/12/15,0,85000,-83000,2000
2009/12/16,0,88000,-85000,3000
2009/12/17,0,401000,-290000,111000
2009/12/18,0,750000,-55000,695000
2009/12/21,0,654000,-482000,172000
2009/12/22,0,207000,-512094,-305094
2009/12/23,0,891000,-444000,447000
2009/12/24,0,565550,-560000,5550
2009/12/25,0,888000,-688000,200000
2009/12/28,0,863000,-468000,395000
2009/12/29,0,2571000,-1561000,1010000
2009/12/30,0,1036000,-869000,167000
2009/12/31,0,248000,-378000,-130000
2010/01/01,0,0,0,0
2010/01/04,0,4125000,-1373000,2752000
2010/01/05,0,886000,-1385000,-499000
2010/01/06,0,1372000,-2462000,-1090000
2010/01/07,0,437000,-1121000,-684000
2010/01/08,0,865000,-1547000,-682000
2010/01/11,0,693000,-3198000,-2505000
2010/01/12,0,709000,-539000,170000
2010/01/13,0,951000,-905000,46000
2010/01/14,0,512000,-676346,-164346
2010/01/15,0,696000,-508000,188000
2010/01/18,0,376000,-244000,132000
2010/01/19,0,498000,-1115000,-617000
2010/01/20,0,235910,-925000,-689090
2010/01/21,0,308000,-720000,-412000
2010/01/22,0,827000,-629000,198000
2010/01/25,0,110000,-265000,-155000
2010/01/26,0,1234000,-748000,486000
2010/01/27,0,405000,-1142000,-737000
2010/01/28,0,1830000,-595000,1235000
2010/01/29,0,1004000,-617000,387000
2010/02/01,0,761000,-862000,-101000
2010/02/02,0,359000,-1466000,-1107000
2010/02/03,0,1112000,-340000,772000
2010/02/04,0,484000,-483000,1000
2010/02/05,0,704000,-2851000,-2147000
2010/02/08,0,637000,-224000,413000
2010/02/09,0,1332000,-494719,837281
2010/02/10,0,316000,-231926,84074
2010/02/11,0,0,0,0
2010/02/12,0,0,0,0
2010/02/15,0,0,0,0
2010/02/16,0,0,0,0
2010/02/17,0,0,0,0
2010/02/18,0,0,0,0
2010/02/19,0,0,0,0
2010/02/22,0,767000,-209000,558000
2010/02/23,0,461000,-1168000,-707000
2010/02/24,0,199000,-596000,-397000
2010/02/25,0,391000,-1142000,-751000
2010/02/26,0,396000,-257000,139000
2010/03/01,0,795000,-249000,546000
2010/03/02,0,151000,-427000,-276000
2010/03/03,0,155000,-277304,-122304
2010/03/04,0,379000,-758000,-379000
2010/03/05,0,748000,-339000,409000
2010/03/08,0,743000,-432000,311000
2010/03/09,0,150000,-120000,30000
2010/03/10,0,153000,-250000,-97000
2010/03/11,0,1137000,-364000,773000
2010/03/12,0,233000,-200000,33000
2010/03/15,0,296000,-458000,-162000
2010/03/16,0,392000,-421000,-29000
2010/03/17,0,2289000,-583000,1706000
2010/03/18,0,1514000,-1116121,397879
2010/03/19,0,684000,-1041000,-357000
2010/03/22,0,589000,-1166000,-577000
2010/03/23,0,374000,-574000,-200000
2010/03/24,0,491000,-475803,15197
2010/03/25,0,1278000,-745560,532440
2010/03/26,0,2077000,-700000,1377000
2010/03/29,0,488000,-801000,-313000
2010/03/30,0,406000,-1449000,-1043000
2010/03/31,0,346000,-453000,-107000
2010/04/01,0,1238000,-123000,1115000
2010/04/02,0,944000,-485000,459000
2010/04/05,0,0,0,0
2010/04/06,0,1473000,-441000,1032000
2010/04/07,0,419000,-618000,-199000
2010/04/08,0,510000,-1359000,-849000
2010/04/09,0,108000,-122000,-14000
2010/04/12,0,1220000,-580000,640000
2010/04/13,0,219000,-1134301,-915301
2010/04/14,0,294000,-1350000,-1056000
2010/04/15,0,371000,-1268293,-897293
2010/04/16,0,461335,-853000,-391665
2010/04/19,0,261000,-770000,-509000
2010/04/20,0,231000,-1881000,-1650000
2010/04/21,0,815000,-427000,388000
2010/04/22,0,250000,-218000,32000
2010/04/23,0,520000,-452000,68000
2010/04/26,0,316000,-157000,159000
2010/04/27,0,139000,-414000,-275000
2010/04/28,0,126000,-625000,-499000
2010/04/29,0,327000,-158000,169000
2010/04/30,0,197000,-431000,-234000
2010/05/03,0,158000,-398000,-240000
2010/05/04,0,158000,-176000,-18000
2010/05/05,0,153000,-1118000,-965000
2010/05/06,0,1265000,-1701000,-436000
2010/05/07,0,553000,-364000,189000
2010/05/10,0,672000,-282335,389665
2010/05/11,0,178000,-1870000,-1692000
2010/05/12,0,198000,-468000,-270000
2010/05/13,0,964000,-194000,770000
2010/05/14,0,681000,-482000,199000
2010/05/17,0,120000,-654000,-534000
2010/05/18,0,998098,-944000,54098
2010/05/19,0,1445000,-760000,685000
2010/05/20,0,552000,-861000,-309000
2010/05/21,0,250000,-1981000,-1731000
2010/05/24,0,494000,-105524,388476
2010/05/25,0,526000,-896000,-370000
2010/05/26,0,755000,-389000,366000
2010/05/27,0,375000,-642000,-267000
2010/05/28,0,181000,-296000,-115000
2010/05/31,0,72000,-43000,29000
2010/06/01,0,39000,-380000,-341000
2010/06/02,0,183000,-513000,-330000
2010/06/03,0,332000,-32000,300000
2010/06/04,0,564000,-116000,448000
2010/06/07,0,136000,-434000,-298000
2010/06/08,0,510000,-247000,263000
2010/06/09,0,261000,-825000,-564000
2010/06/10,0,274000,-135000,139000
2010/06/11,0,208000,-150000,58000
2010/06/14,0,150000,-58000,92000
2010/06/15,0,1633000,-272000,1361000
2010/06/16,0,0,0,0
2010/06/17,0,1371000,-892000,479000
2010/06/18,0,201000,-421000,-220000
2010/06/21,0,410000,-175000,235000
2010/06/22,0,53000,-70000,-17000
2010/06/23,0,150000,-217000,-67000
2010/06/24,0,210000,-54000,156000
2010/06/25,0,192000,-262000,-70000
2010/06/28,0,313000,-117000,196000
2010/06/29,0,559000,-523000,36000
2010/06/30,0,499000,-474000,25000
2010/07/01,0,522000,-204000,318000
2010/07/02,0,247000,-205000,42000
2010/07/05,0,330000,-221000,109000
2010/07/06,0,396000,-142000,254000
2010/07/07,0,173000,-254000,-81000
2010/07/08,0,756000,-133304,622696
2010/07/09,0,1001000,-462000,539000
2010/07/12,0,1957000,-997000,960000
2010/07/13,0,745000,-1417000,-672000
2010/07/14,0,778000,-232000,546000
2010/07/15,0,219000,-403000,-184000
2010/07/16,0,293000,-244000,49000
2010/07/19,0,283000,-370000,-87000
2010/07/20,0,304000,-67000,237000
2010/07/21,0,547000,-2076000,-1529000
2010/07/22,0,203000,-213000,-10000
2010/07/23,0,437000,-99000,338000
2010/07/26,0,348000,-241000,107000
2010/07/27,0,143300,-764000,-620700
2010/07/28,0,201000,-147000,54000
2010/07/29,0,51000,-246000,-195000
2010/07/30,0,55000,-318000,-263000
2010/08/02,0,298000,-187000,111000
2010/08/03,0,1523000,-201300,1321700
2010/08/04,0,352000,-300000,52000
2010/08/05,0,294000,-1263200,-969200
2010/08/06,0,1134000,-695000,439000
2010/08/09,0,5630000,-680000,4950000
2010/08/10,0,1243000,-2427000,-1184000
2010/08/11,0,1521000,-1325000,196000
2010/08/12,0,465000,-1028000,-563000
2010/08/13,0,628000,-605000,23000
2010/08/16,0,387000,-539000,-152000
2010/08/17,0,271000,-1446000,-1175000
2010/08/18,0,755000,-1450000,-695000
2010/08/19,0,866000,-1324000,-458000
2010/08/20,0,82000,-1362000,-1280000
2010/08/23,0,474000,-338000,136000
2010/08/24,0,347000,-910000,-563000
2010/08/25,0,439000,-851000,-412000
2010/08/26,0,292000,-627000,-335000
2010/08/27,0,534000,-479000,55000
2010/08/30,0,558000,-225000,333000
2010/08/31,0,168000,-622000,-454000
2010/09/01,0,627000,-357000,270000
2010/09/02,0,275000,-410000,-135000
2010/09/03,0,2062000,-868000,1194000
2010/09/06,0,2373000,-644000,1729000
2010/09/07,0,419000,-1192161,-773161
2010/09/08,0,664000,-634000,30000
2010/09/09,0,2903000,-782000,2121000
2010/09/10,0,1841000,-1768000,73000
2010/09/13,0,1221027,-510000,711027
2010/09/14,0,788000,-340000,448000
2010/09/15,0,973000,-713000,260000
2010/09/16,0,939000,-1580000,-641000
2010/09/17,0,762000,-544000,218000
2010/09/20,0,842000,-110000,732000
2010/09/21,0,861000,-734000,127000
2010/09/22,0,0,0,0
2010/09/23,0,5277000,-836000,4441000
2010/09/24,0,1781000,-1021000,760000
2010/09/27,0,2621000,-3345000,-724000
2010/09/28,0,4158000,-1005650,3152350
2010/09/29,0,6632000,-3566000,3066000
2010/09/30,0,995000,-7149000,-6154000
2010/10/01,0,1107000,-707000,400000
2010/10/04,0,1431000,-1470000,-39000
2010/10/05,0,2064000,-436000,1628000
2010/10/06,0,3481000,-481000,3000000
2010/10/07,0,1208000,-1964571,-756571
2010/10/08,0,1564000,-4769000,-3205000
2010/10/11,0,1040000,-1235000,-195000
2010/10/12,0,567000,-1067000,-500000
2010/10/13,0,1436000,-772000,664000
2010/10/14,0,754000,-1263000,-509000
2010/10/15,0,771000,-721000,50000
2010/10/18,0,1013000,-1067000,-54000
2010/10/19,0,1659000,-667000,992000
2010/10/20,0,812000,-744000,68000
2010/10/21,0,422000,-2324000,-1902000
2010/10/22,0,3542000,-1568000,1974000
2010/10/25,0,3244000,-1485000,1759000
2010/10/26,0,731000,-1658000,-927000
2010/10/27,0,867000,-1589000,-722000
2010/10/28,0,1892000,-1597000,295000
2010/10/29,0,786000,-3288000,-2502000
2010/11/01,0,3112000,-3328000,-216000
2010/11/02,0,2424000,-1105000,1319000
2010/11/03,0,1473000,-2580000,-1107000
2010/11/04,0,2223000,-292000,1931000
2010/11/05,0,462000,-1304000,-842000
2010/11/08,0,238000,-504000,-266000
2010/11/09,0,413686,-352000,61686
2010/11/10,0,1234000,-66000,1168000
2010/11/11,0,1184000,-214000,970000
2010/11/12,0,782000,-1798000,-1016000
2010/11/15,0,551000,-771000,-220000
2010/11/16,0,1075000,-1945000,-870000
2010/11/17,0,1809000,-166000,1643000
2010/11/18,0,783000,-461340,321660
2010/11/19,0,930000,-586000,344000
2010/11/22,0,2507000,-311000,2196000
2010/11/23,0,2554000,-1804000,750000
2010/11/24,0,963000,-1319000,-356000
2010/11/25,0,1644000,-814000,830000
2010/11/26,0,335000,-2118000,-1783000
2010/11/29,0,1067000,-704000,363000
2010/11/30,0,1138000,-1278000,-140000
2010/12/01,0,436000,-1187000,-751000
2010/12/02,0,549000,-2950000,-2401000
2010/12/03,0,1447000,-4158000,-2711000
2010/12/06,0,747000,-954000,-207000
2010/12/07,0,1506000,-364000,1142000
2010/12/08,0,334000,-1003000,-669000
2010/12/09,0,5030000,-902000,4128000
2010/12/10,0,3102000,-592000,2510000
2010/12/13,0,1182000,-1171000,11000
2010/12/14,0,571000,-6217781,-5646781
2010/12/15,0,615000,-895000,-280000
2010/12/16,0,864000,-1138000,-274000
2010/12/17,0,111000,-1254000,-1143000
2010/12/20,0,171000,-976000,-805000
2010/12/21,0,302000,-602000,-300000
2010/12/22,0,381000,-280000,101000
2010/12/23,0,633000,-458000,175000
2010/12/24,0,113000,-502000,-389000
2010/12/27,0,239000,-1013000,-774000
2010/12/28,0,1200000,-431000,769000
2010/12/29,0,81000,-946282,-865282
2010/12/30,0,1902000,-1415000,487000
2010/12/31,0,742000,-1525000,-783000
2011/01/03,0,608000,-399000,209000
2011/01/04,0,1073000,-363000,710000
2011/01/05,0,2733000,-483000,2250000
2011/01/06,0,601000,-731000,-130000
2011/01/07,0,359000,-1780000,-1421000
2011/01/10,0,188000,-1754000,-1566000
2011/01/11,0,1505000,-625000,880000
2011/01/12,0,1255000,-619000,636000
2011/01/13,0,89000,-879000,-790000
2011/01/14,0,271000,-1343000,-1072000
2011/01/17,0,151000,-1316744,-1165744
2011/01/18,0,250000,-247000,3000
2011/01/19,0,1054000,-973500,80500
2011/01/20,0,236000,-1495000,-1259000
2011/01/21,0,471000,-2154000,-1683000
2011/01/24,0,167000,-581000,-414000
2011/01/25,0,457000,-97000,360000
2011/01/26,0,2319000,-427000,1892000
2011/01/27,0,1086000,-1587000,-501000
2011/01/28,0,718000,-608000,110000
2011/01/31,0,0,0,0
2011/02/01,0,0,0,0
2011/02/02,0,0,0,0
2011/02/03,0,0,0,0
2011/02/04,0,0,0,0
2011/02/07,0,0,0,0
2011/02/08,0,403000,-1278000,-875000
2011/02/09,0,223000,-1127000,-904000
2011/02/10,0,543000,-428000,115000
2011/02/11,0,257000,-1017000,-760000
2011/02/14,0,115000,-745000,-630000
2011/02/15,0,280000,-840000,-560000
2011/02/16,0,596000,-371000,225000
2011/02/17,0,1261000,-509000,752000
2011/02/18,0,201000,-298000,-97000
2011/02/21,0,87000,-237000,-150000
2011/02/22,0,536000,-1794000,-1258000
2011/02/23,0,933000,-373000,560000
2011/02/24,0,1512000,-293000,1219000
2011/02/25,0,1352000,-440000,912000
2011/02/28,0,0,0,0
2011/03/01,0,1421000,-138000,1283000
2011/03/02,0,515000,-509182,5818
2011/03/03,0,1925000,-184000,1741000
2011/03/04,0,1639000,-430000,1209000
2011/03/07,0,990000,-483000,507000
2011/03/08,0,371000,-1360000,-989000
2011/03/09,0,448000,-413944,34056
2011/03/10,0,355000,-802000,-447000
2011/03/11,0,946000,-171000,775000
2011/03/14,0,942000,-770000,172000
2011/03/15,0,1591000,-1321000,270000
2011/03/16,0,910000,-1213000,-303000
2011/03/17,0,478000,-356000,122000
2011/03/18,0,312000,-422048,-110048
2011/03/21,0,524000,-671000,-147000
2011/03/22,0,121000,-418000,-297000
2011/03/23,0,1587000,-351000,1236000
2011/03/24,0,186000,-1326000,-1140000
2011/03/25,0,765000,-252000,513000
2011/03/28,0,474000,-468000,6000
2011/03/29,0,140000,-646000,-506000
2011/03/30,0,230000,-2316000,-2086000
2011/03/31,0,776000,-318000,458000
2011/04/01,0,436000,-106000,330000
2011/04/04,0,0,0,0
2011/04/05,0,0,0,0
2011/04/06,0,549070,-368000,181070
2011/04/07,0,561000,-595000,-34000
2011/04/08,0,1444000,-584000,860000
2011/04/11,0,512000,-378000,134000
2011/04/12,0,911000,-1016000,-105000
2011/04/13,0,3087000,-450000,2637000
2011/04/14,0,990000,-1084304,-94304
2011/04/15,0,1000,-748000,-747000
2011/04/18,0,138000,-1451934,-1313934
2011/04/19,0,222000,-366000,-144000
2011/04/20,0,1419000,-254000,1165000
2011/04/21,0,887000,-502000,385000
2011/04/22,0,49000,-83000,-34000
2011/04/25,0,626000,-273000,353000
2011/04/26,0,841000,-177000,664000
2011/04/27,0,824000,-698000,126000
2011/04/28,0,182000,-3834000,-3652000
2011/04/29,0,81000,-1510000,-1429000
2011/05/02,0,0,0,0
2011/05/03,0,327000,-239907,87093
2011/05/04,0,486000,-157000,329000
2011/05/05,0,806000,-98000,708000
2011/05/06,0,1048000,-75000,973000
2011/05/09,0,855000,-305000,550000
2011/05/10,0,346000,-420000,-74000
2011/05/11,0,252000,-636864,-384864
2011/05/12,0,145000,-465293,-320293
2011/05/13,0,68000,-136000,-68000
2011/05/16,0,390000,-734000,-344000
2011/05/17,0,179000,-311000,-132000
2011/05/18,0,585000,-16000,569000
2011/05/19,0,338000,-231420,106580
2011/05/20,0,385000,-372000,13000
2011/05/23,0,324000,-824000,-500000
2011/05/24,0,941000,-8000,933000
2011/05/25,0,2317000,-72000,2245000
2011/05/26,0,203000,0,203000
2011/05/27,0,295000,-89000,206000
2011/05/30,0,294000,-192000,102000
2011/05/31,0,1030000,-50000,980000
2011/06/01,0,1116000,-592000,524000
2011/06/02,0,457000,-357000,100000
2011/06/03,0,824000,-28000,796000
2011/06/06,0,0,0,0
2011/06/07,0,355000,-102000,253000
2011/06/08,0,62000,-100000,-38000
2011/06/09,0,189000,-140000,49000
2011/06/10,0,6000,-371000,-365000
2011/06/13,0,755000,-247000,508000
2011/06/14,0,266000,-83000,183000
2011/06/15,0,459000,-1610000,-1151000
2011/06/16,0,600330,-1096000,-495670
2011/06/17,0,517000,-1469000,-952000
2011/06/20,0,688000,-1481000,-793000
2011/06/21,0,1913000,-710000,1203000
2011/06/22,0,516000,-581000,-65000
2011/06/23,0,583000,-51400,531600
2011/06/24,0,436000,-71000,365000
2011/06/27,0,64000,-182000,-118000
2011/06/28,0,356200,-167000,189200
2011/06/29,0,812000,-374400,437600
2011/06/30,0,286000,-145000,141000
2011/07/01,0,13000,-121000,-108000
2011/07/04,0,66000,-405000,-339000
2011/07/05,0,166000,-677300,-511300
2011/07/06,0,70000,-118000,-48000
2011/07/07,0,640000,-3000,637000
2011/07/08,0,80000,-134000,-54000
2011/07/11,0,324000,-23050,300950
2011/07/12,0,459000,-234000,225000
2011/07/13,0,1302000,-393000,909000
2011/07/14,0,867000,-14000,853000
2011/07/15,0,532000,-22000,510000
2011/07/18,0,507000,-20140,486860
2011/07/19,0,30000,-55000,-25000
2011/07/20,0,937000,-339000,598000
2011/07/21,0,181000,-463000,-282000
2011/07/22,0,107000,0,107000
2011/07/25,0,102000,-324000,-222000
2011/07/26,0,35000,-162071,-127071
2011/07/27,0,0,-54000,-54000
2011/07/28,0,41000,-396000,-355000
2011/07/29,0,96000,-41000,55000
2011/08/01,0,416000,-38000,378000
2011/08/02,0,84000,-375000,-291000
2011/08/03,0,2693000,-309559,2383441
2011/08/04,0,2831000,-1001000,1830000
2011/08/05,0,2030000,0,2030000
2011/08/08,0,1837000,-2839000,-1002000
2011/08/09,0,2320000,-160000,2160000
2011/08/10,0,262000,-201000,61000
2011/08/11,0,1432000,-374000,1058000
2011/08/12,0,182000,-900000,-718000
2011/08/15,0,111000,-17000,94000
2011/08/16,0,5000,-74000,-69000
2011/08/17,0,132000,-1238000,-1106000
2011/08/18,0,352000,-89000,263000
2011/08/19,0,709000,-198838,510162
2011/08/22,0,1251000,-214000,1037000
2011/08/23,0,676000,-1000,675000
2011/08/24,0,648000,-142220,505780
2011/08/25,0,382000,-362000,20000
2011/08/26,0,327000,-108000,219000
2011/08/29,0,259000,-138000,121000
2011/08/30,0,1195000,-268000,927000
2011/08/31,0,100000,-207000,-107000
2011/09/01,0,113042,-1418000,-1304958
2011/09/02,0,38000,-259000,-221000
2011/09/05,0,1887000,-156000,1731000
2011/09/06,0,428000,-1712000,-1284000
2011/09/07,0,300000,-9000,291000
2011/09/08,0,132000,-252000,-120000
2011/09/09,0,276000,-136000,140000
2011/09/12,0,0,0,0
2011/09/13,0,242000,-45000,197000
2011/09/14,0,1256000,-14000,1242000
2011/09/15,0,1031000,-50000,981000
2011/09/16,0,700000,-300000,400000
2011/09/19,0,40000,0,40000
2011/09/20,0,247000,-49000,198000
2011/09/21,0,342000,-344000,-2000
2011/09/22,0,197000,-222000,-25000
2011/09/23,0,1406000,-255000,1151000
2011/09/26,0,1210000,-28050,1181950
2011/09/27,0,138000,0,138000
2011/09/28,0,15000,-255000,-240000
2011/09/29,0,26000,-233000,-207000
2011/09/30,0,49000,-100000,-51000
2011/10/03,0,65000,-4000,61000
2011/10/04,0,461000,-70000,391000
2011/10/05,0,440000,-478,439522
2011/10/06,0,507000,0,507000
2011/10/07,0,61000,0,61000
2011/10/10,0,0,0,0
2011/10/11,0,240000,-49000,191000
2011/10/12,0,217000,0,217000
2011/10/13,0,15000,-446000,-431000
2011/10/14,0,44259,-196000,-151741
2011/10/17,0,0,-17000,-17000
2011/10/18,0,50000,-25463,24537
2011/10/19,0,217000,-189000,28000
2011/10/20,0,68000,-472000,-404000
2011/10/21,0,591000,0,591000
2011/10/24,0,150000,0,150000
2011/10/25,0,33000,-26000,7000
2011/10/26,0,502000,0,502000
2011/10/27,0,309000,-14000,295000
2011/10/28,0,3000,0,3000
2011/10/31,0,0,-64164,-64164
2011/11/01,0,208000,0,208000
2011/11/02,0,574000,-128000,446000
2011/11/03,0,213000,-27000,186000
2011/11/04,0,0,0,0
2011/11/07,0,414000,0,414000
2011/11/08,0,145000,-4000,141000
2011/11/09,0,288000,0,288000
2011/11/10,0,469000,-65000,404000
2011/11/11,0,63000,-118000,-55000
2011/11/14,0,67000,0,67000
2011/11/15,0,0,0,0
2011/11/16,0,2000000,-33000,1967000
2011/11/17,0,103000,-16000,87000
2011/11/18,0,544000,-57953,486047
2011/11/21,0,1001000,-8000,993000
2011/11/22,0,973000,0,973000
2011/11/23,0,640000,0,640000
2011/11/24,0,400000,-3000,397000
2011/11/25,0,359000,-6000,353000
2011/11/28,0,86000,-65000,21000
2011/11/29,0,400000,-85000,315000
2011/11/30,0,48000,-82000,-34000
2011/12/01,0,203000,0,203000
2011/12/02,0,10000,0,10000
2011/12/05,0,250000,-143000,107000
2011/12/06,0,70000,-55000,15000
2011/12/07,0,51000,-30000,21000
2011/12/08,0,100000,-446000,-346000
2011/12/09,0,43000,-283000,-240000
2011/12/12,0,16000,-215000,-199000
2011/12/13,0,26000,-1000,25000
2011/12/14,0,16000,-28000,-12000
2011/12/15,0,263000,-22000,241000
2011/12/16,0,335000,-130000,205000
2011/12/19,0,479000,-34000,445000
2011/12/20,0,175000,-18000,157000
2011/12/21,0,105000,-15000,90000
2011/12/22,0,302000,-20000,282000
2011/12/23,0,0,-14000,-14000
2011/12/26,0,33000,-168000,-135000
2011/12/27,0,261000,-24000,237000
2011/12/28,0,288000,-108000,180000
2011/12/29,0,288000,-240000,48000
2011/12/30,0,45000,-121000,-76000
2012/01/02,0,91000,-4000,87000
2012/01/03,0,166000,-16713,149287
2012/01/04,0,79000,-1000,78000
2012/01/05,0,273000,0,273000
2012/01/06,0,0,-1000,-1000
2012/01/09,0,70000,-50000,20000
2012/01/10,0,100000,0,100000
2012/01/11,0,1840000,-39000,1801000
2012/01/12,0,369000,-1130000,-761000
2012/01/13,0,77000,-800000,-723000
2012/01/16,0,0,-106751,-106751
2012/01/17,0,135000,0,135000
2012/01/18,0,326000,-112000,214000
2012/01/19,0,0,0,0
2012/01/20,0,0,0,0
2012/01/23,0,0,0,0
2012/01/24,0,0,0,0
2012/01/25,0,0,0,0
2012/01/26,0,0,0,0
2012/01/27,0,0,0,0
2012/01/30,0,240000,-81000,159000
2012/01/31,0,1403000,-333558,1069442
2012/02/01,0,63000,-494000,-431000
2012/02/02,0,202000,-1358000,-1156000
2012/02/03,0,1550000,-659000,891000
2012/02/06,0,124000,-912000,-788000
2012/02/07,0,97000,-638000,-541000
2012/02/08,0,1360000,-404000,956000
2012/02/09,0,1232000,-2040000,-808000
2012/02/10,0,23000,-2389000,-2366000
2012/02/13,0,220000,-15000,205000
2012/02/14,0,1651000,-821000,830000
2012/02/15,0,702000,-1700000,-998000
2012/02/16,0,7000,-1121000,-1114000
2012/02/17,0,144000,-677000,-533000
2012/02/20,0,36000,-960000,-924000
2012/02/21,0,0,-1329000,-1329000
2012/02/22,0,64000,-237000,-173000
2012/02/23,0,1484000,-799000,685000
2012/02/24,0,570000,-719000,-149000
2012/02/27,0,0,0,0
2012/02/28,0,0,0,0
2012/02/29,0,352054,-646000,-293946
2012/03/01,0,1007000,0,1007000
2012/03/02,0,315000,-187000,128000
2012/03/05,0,1300000,-957000,343000
2012/03/06,0,278000,-268000,10000
2012/03/07,0,150000,-365000,-215000
2012/03/08,0,534000,-307000,227000
2012/03/09,0,210000,-218000,-8000
2012/03/12,0,250000,-196189,53811
2012/03/13,0,127000,-90000,37000
2012/03/14,0,262000,-100000,162000
2012/03/15,0,1108000,-102000,1006000
2012/03/16,0,55000,-357000,-302000
2012/03/19,0,4000,-2641000,-2637000
2012/03/20,0,0,-1043000,-1043000
2012/03/21,0,1000,-466000,-465000
2012/03/22,0,949000,-28000,921000
2012/03/23,0,63000,-1381000,-1318000
2012/03/26,0,205000,-2196000,-1991000
2012/03/27,0,1008000,-194000,814000
2012/03/28,0,908000,-482000,426000
2012/03/29,0,1414000,-515300,898700
2012/03/30,0,1000000,-61000,939000
2012/04/02,0,150000,-73000,77000
2012/04/03,0,4185000,0,4185000
2012/04/04,0,0,0,0
2012/04/05,0,380000,-602000,-222000
2012/04/06,0,28000,-784000,-756000
2012/04/09,0,168000,-2900000,-2732000
2012/04/10,0,31000,-963000,-932000
2012/04/11,0,918000,0,918000
2012/04/12,0,1000,-1100000,-1099000
2012/04/13,0,5000,-505000,-500000
2012/04/16,0,0,-690000,-690000
2012/04/17,0,63000,-521000,-458000
2012/04/18,0,84000,-235000,-151000
2012/04/19,0,181000,-200000,-19000
2012/04/20,0,19000,-500000,-481000
2012/04/23,0,401000,-56000,345000
2012/04/24,0,144000,-4000,140000
2012/04/25,0,40000,-109000,-69000
2012/04/26,0,208017,-135000,73017
2012/04/27,0,67000,-517032,-450032
2012/04/30,0,167000,-6000,161000
2012/05/01,0,0,0,0
2012/05/02,0,1658000,-1000,1657000
2012/05/03,0,1482000,-111000,1371000
2012/05/04,0,828158,-458000,370158
2012/05/07,0,16000,-201000,-185000
2012/05/08,0,402000,-1317000,-915000
2012/05/09,0,716000,-1500720,-784720
2012/05/10,0,389000,-165000,224000
2012/05/11,0,845000,-23000,822000
2012/05/14,0,255000,-1212000,-957000
2012/05/15,0,1289000,-1108000,181000
2012/05/16,0,815000,-261000,554000
2012/05/17,0,28000,0,28000
2012/05/18,0,445000,-333000,112000
2012/05/21,0,456000,-50000,406000
2012/05/22,0,0,-84000,-84000
2012/05/23,0,348000,-39000,309000
2012/05/24,0,736000,-12000,724000
2012/05/25,0,853000,-132000,721000
2012/05/28,0,70000,-800000,-730000
2012/05/29,0,2048000,-11000,2037000
2012/05/30,0,666000,-2206000,-1540000
2012/05/31,0,1032000,-120000,912000
2012/06/01,0,159000,-132000,27000
2012/06/04,0,1071000,-100000,971000
2012/06/05,0,396000,-413000,-17000
2012/06/06,0,185000,-1500000,-1315000
2012/06/07,0,107000,-1000,106000
2012/06/08,0,250000,-439000,-189000
2012/06/11,0,39000,-105000,-66000
2012/06/12,0,0,-263000,-263000
2012/06/13,0,0,-18000,-18000
2012/06/14,0,64000,-62000,2000
2012/06/15,0,31000,0,31000
2012/06/18,0,2040000,-32000,2008000
2012/06/19,0,366000,-16000,350000
2012/06/20,0,154000,-66000,88000
2012/06/21,0,1200000,-256000,944000
2012/06/22,0,158000,-133000,25000
2012/06/25,0,125000,-441000,-316000
2012/06/26,0,136000,-21000,115000
2012/06/27,0,172000,-1069000,-897000
2012/06/28,0,221000,0,221000
2012/06/29,0,598000,-304000,294000
2012/07/02,0,0,-267000,-267000
2012/07/03,0,419000,-42000,377000
2012/07/04,0,575000,-31000,544000
2012/07/05,0,338000,0,338000
2012/07/06,0,288000,-1523000,-1235000
2012/07/09,0,15000,-1000000,-985000
2012/07/10,0,162000,-415000,-253000
2012/07/11,0,86000,-8000,78000
2012/07/12,0,95000,-138000,-43000
2012/07/13,0,353236,-458000,-104764
2012/07/16,0,1478000,-628206,849794
2012/07/17,0,1083000,-307000,776000
2012/07/18,0,278000,-676000,-398000
2012/07/19,0,186000,-155000,31000
2012/07/20,0,344000,-4000,340000
2012/07/23,0,110000,-104000,6000
2012/07/24,0,705000,-985000,-280000
2012/07/25,0,152000,-696000,-544000
2012/07/26,0,105000,-84000,21000
2012/07/27,0,5000,0,5000
2012/07/30,0,71000,-97000,-26000
2012/07/31,0,306000,-76000,230000
2012/08/01,0,212000,-41000,171000
2012/08/02,0,0,0,0
2012/08/03,0,246000,-37000,209000
2012/08/06,0,88000,-156000,-68000
2012/08/07,0,0,-26000,-26000
2012/08/08,0,206000,-167000,39000
2012/08/09,0,97000,-42000,55000
2012/08/10,0,253000,-42000,211000
2012/08/13,0,136000,-375000,-239000
2012/08/14,0,154000,-373000,-219000
2012/08/15,0,151000,-58000,93000
2012/08/16,0,0,0,0
2012/08/17,0,154000,-285000,-131000
2012/08/20,0,22000,-51000,-29000
2012/08/21,0,14000,-135000,-121000
2012/08/22,0,25000,-157000,-132000
2012/08/23,0,0,-198000,-198000
2012/08/24,0,62000,-200000,-138000
2012/08/27,0,15000,-364000,-349000
2012/08/28,0,10000,-326000,-316000
2012/08/29,0,0,-20000,-20000
2012/08/30,0,48000,-365000,-317000
2012/08/31,0,119000,-43000,76000
2012/09/03,0,3000,-65000,-62000
2012/09/04,0,2000,-372000,-370000
2012/09/05,0,464000,-82642,381358
2012/09/06,0,2875000,-2713000,162000
2012/09/07,0,0,-103000,-103000
2012/09/10,0,828000,-187000,641000
2012/09/11,0,5408000,-5483000,-75000
2012/09/12,0,1229000,-455000,774000
2012/09/13,0,456000,-1240000,-784000
2012/09/14,0,0,-6000,-6000
2012/09/17,0,637000,-1087000,-450000
2012/09/18,0,544000,0,544000
2012/09/19,0,251000,-509000,-258000
2012/09/20,0,551000,-6000,545000
2012/09/21,0,1000,-188000,-187000
2012/09/24,0,88000,-382000,-294000
2012/09/25,0,110000,-197000,-87000
2012/09/26,0,6750000,-228000,6522000
2012/09/27,0,4470000,-8000,4462000
2012/09/28,0,770000,-10033000,-9263000
2012/10/01,0,60000,-1543000,-1483000
2012/10/02,0,6000,0,6000
2012/10/03,0,90000,-626000,-536000
2012/10/04,0,3714000,-1880000,1834000
2012/10/05,0,800000,-519000,281000
2012/10/08,0,0,-3425000,-3425000
2012/10/09,0,104000,-245000,-141000
2012/10/10,0,0,0,0
2012/10/11,0,699000,-785000,-86000
2012/10/12,0,1258000,-294000,964000
2012/10/15,0,307000,-211000,96000
2012/10/16,0,30000,-111000,-81000
2012/10/17,0,135000,-586000,-451000
2012/10/18,0,1675000,-70000,1605000
2012/10/19,0,54000,-149000,-95000
2012/10/22,0,0,-75000,-75000
2012/10/23,0,2040000,-59000,1981000
2012/10/24,0,3741000,0,3741000
2012/10/25,0,830000,-1253000,-423000
2012/10/26,0,5899000,-1128000,4771000
2012/10/29,0,553000,-5505000,-4952000
2012/10/30,0,978000,-2604000,-1626000
2012/10/31,0,57000,-338000,-281000
2012/11/01,0,1245000,-850000,395000
2012/11/02,0,50000,-990000,-940000
2012/11/05,0,90000,-340000,-250000
2012/11/06,0,1774000,-2266000,-492000
2012/11/07,0,190000,-301000,-111000
2012/11/08,0,11727000,-400000,11327000
2012/11/09,0,2226000,-307000,1919000
2012/11/12,0,896000,-2288000,-1392000
2012/11/13,0,570000,-1349000,-779000
2012/11/14,0,472000,-898000,-426000
2012/11/15,0,1052000,-107000,945000
2012/11/16,0,414000,-70000,344000
2012/11/19,0,51000,-350000,-299000
2012/11/20,0,2000,-13052000,-13050000
2012/11/21,0,135000,-1945000,-1810000
2012/11/22,0,1850000,-90000,1760000
2012/11/23,0,333000,-2100000,-1767000
2012/11/26,0,859000,-305000,554000
2012/11/27,0,500000,-565000,-65000
2012/11/28,0,1163000,-317000,846000
2012/11/29,0,3283000,-560000,2723000
2012/11/30,0,5020000,-2025000,2995000
2012/12/03,0,1681000,-5140000,-3459000
2012/12/04,0,1465000,-632000,833000
2012/12/05,0,2007000,-465000,1542000
2012/12/06,0,756000,-1053000,-297000
2012/12/07,0,4487000,-1860000,2627000
2012/12/10,0,1083000,-53000,1030000
2012/12/11,0,1427000,-3054000,-1627000
2012/12/12,0,2544000,-1125000,1419000
2012/12/13,0,907000,-3274000,-2367000
2012/12/14,0,1986000,-3077000,-1091000
2012/12/17,0,1175000,-3486000,-2311000
2012/12/18,0,1727000,-1019000,708000
2012/12/19,0,5062000,-3306417,1755583
2012/12/20,0,634000,-2010000,-1376000
2012/12/21,0,2531000,-427000,2104000
2012/12/24,0,4695000,-106000,4589000
2012/12/25,0,473000,-3275000,-2802000
2012/12/26,0,1900000,-3297000,-1397000
2012/12/27,0,2780004,-2778000,2004
2012/12/28,0,1129000,-1550000,-421000
2012/12/31,0,0,0,0
2013/01/01,0,0,0,0
2013/01/02,0,2042000,-2270000,-228000
2013/01/03,0,1810000,-2083000,-273000
2013/01/04,0,3278000,-1682000,1596000
2013/01/07,0,2462000,-375000,2087000
2013/01/08,0,2885000,-2338000,547000
2013/01/09,0,5211000,-2190000,3021000
2013/01/10,0,1992000,-6223000,-4231000
2013/01/11,0,2645000,-4462000,-1817000
2013/01/14,0,260000,-2560000,-2300000
2013/01/15,0,202000,-646000,-444000
2013/01/16,0,601000,-2214000,-1613000
2013/01/17,0,497000,-193000,304000
2013/01/18,0,3919000,-1752000,2167000
2013/01/21,0,80000,-3189000,-3109000
2013/01/22,0,623000,-573000,50000
2013/01/23,0,2617000,-94000,2523000
2013/01/24,0,5242000,-1278000,3964000
2013/01/25,0,1220000,-4146000,-2926000
2013/01/28,0,1680000,-1808000,-128000
2013/01/29,0,3016000,-1283000,1733000
2013/01/30,0,2237000,-1863000,374000
2013/01/31,0,3302000,-3633000,-331000
2013/02/01,0,10914000,-8731000,2183000
2013/02/04,0,1828000,-495000,1333000
2013/02/05,0,4212000,-530000,3682000
2013/02/06,0,3070000,-2031000,1039000
2013/02/07,0,0,0,0
2013/02/08,0,0,0,0
2013/02/11,0,0,0,0
2013/02/12,0,0,0,0
2013/02/13,0,0,0,0
2013/02/14,0,0,0,0
2013/02/15,0,0,0,0
2013/02/18,0,5756000,-1253000,4503000
2013/02/19,0,3879000,-3171000,708000
2013/02/20,0,1980000,-2041000,-61000
2013/02/21,0,3313000,-948000,2365000
2013/02/22,0,3991000,-1521000,2470000
2013/02/25,0,2469000,-1107000,1362000
2013/02/26,0,2101000,-3168000,-1067000
2013/02/27,0,1332000,-2044000,-712000
2013/02/28,0,0,0,0
2013/03/01,0,186000,-2044000,-1858000
2013/03/04,0,5878000,-1884000,3994000
2013/03/05,0,2974000,-2853000,121000
2013/03/06,0,1885000,-1152000,733000
2013/03/07,0,2909000,-1565000,1344000
2013/03/08,0,845000,-1221000,-376000
2013/03/11,0,5412000,-1253282,4158718
2013/03/12,0,8900000,-15562000,-6662000
2013/03/13,0,1804000,-6484001,-4680001
2013/03/14,0,1050000,-4805000,-3755000
2013/03/15,0,1526000,-5654000,-4128000
2013/03/18,0,1331000,-1919000,-588000
2013/03/19,0,210000,-4335000,-4125000
2013/03/20,0,2311000,-327000,1984000
2013/03/21,0,1799000,-400000,1399000
2013/03/22,0,1400000,-3761000,-2361000
2013/03/25,0,3480000,-8990000,-5510000
2013/03/26,0,2668000,-2476000,192000
2013/03/27,0,1838000,-2329000,-491000
2013/03/28,0,730000,-1021000,-291000
2013/03/29,0,578000,-1348000,-770000
2013/04/01,0,391000,-1166000,-775000
2013/04/02,0,1035000,-1935000,-900000
2013/04/03,0,1785000,-357000,1428000
2013/04/04,0,0,0,0
2013/04/05,0,0,0,0
2013/04/08,0,1042000,-617000,425000
2013/04/09,0,4144000,-2641000,1503000
2013/04/10,0,400000,-3265000,-2865000
2013/04/11,0,1305000,-1326000,-21000
2013/04/12,0,0,-2702000,-2702000
2013/04/15,0,654000,-676000,-22000
2013/04/16,0,202000,-557000,-355000
2013/04/17,0,592000,-1822000,-1230000
2013/04/18,0,1805000,-947000,858000
2013/04/19,0,814000,-65000,749000
2013/04/22,0,76000,-82000,-6000
2013/04/23,0,986000,-100000,886000
2013/04/24,0,3712000,-1441000,2271000
2013/04/25,0,695000,-492000,203000
2013/04/26,0,357000,-2420000,-2063000
2013/04/29,0,488000,-350000,138000
2013/04/30,0,5795000,-480000,5315000
2013/05/01,0,0,0,0
2013/05/02,0,9811000,-1577000,8234000
2013/05/03,0,1636000,-1231000,405000
2013/05/06,0,600000,-523000,77000
2013/05/07,0,351000,-633000,-282000
2013/05/08,0,3791000,-1524000,2267000
2013/05/09,0,2490000,-2107000,383000
2013/05/10,0,1131000,-5154000,-4023000
2013/05/13,0,200000,-4068000,-3868000
2013/05/14,0,870000,-412000,458000
2013/05/15,0,200000,-2474000,-2274000
2013/05/16,0,5086000,-2104000,2982000
2013/05/17,0,1681000,-383000,1298000
2013/05/20,0,0,-1900000,-1900000
2013/05/21,0,1310000,-505000,805000
2013/05/22,0,346000,-99000,247000
2013/05/23,0,790000,-2774000,-1984000
2013/05/24,0,1170000,-1979000,-809000
2013/05/27,0,322000,-522000,-200000
2013/05/28,0,100000,-531000,-431000
2013/05/29,0,1044000,-2294000,-1250000
2013/05/30,0,424000,-1919000,-1495000
2013/05/31,0,101000,-1366000,-1265000
2013/06/03,0,100000,-1496000,-1396000
2013/06/04,0,200000,-7613000,-7413000
2013/06/05,0,640000,-925000,-285000
2013/06/06,0,471000,-291000,180000
2013/06/07,0,128000,-127000,1000
2013/06/10,0,79000,-183000,-104000
2013/06/11,0,0,-651000,-651000
2013/06/12,0,0,0,0
2013/06/13,0,79000,-1010000,-931000
2013/06/14,0,818000,-2210000,-1392000
2013/06/17,0,300000,-150000,150000
2013/06/18,0,452000,-889000,-437000
2013/06/19,0,377000,-641000,-264000
2013/06/20,0,927322,-525000,402322
2013/06/21,0,4227000,-494,4226506
2013/06/24,0,39000,-1334000,-1295000
2013/06/25,0,1326000,-183000,1143000
2013/06/26,0,370000,-1523000,-1153000
2013/06/27,0,2363000,-943000,1420000
2013/06/28,0,40000,-472000,-432000
2013/07/01,0,518000,-2101000,-1583000
2013/07/02,0,0,-1521000,-1521000
2013/07/03,0,91000,-30000,61000
2013/07/04,0,568000,-31000,537000
2013/07/05,0,805000,-52000,753000
2013/07/08,0,18000,-505000,-487000
2013/07/09,0,147000,-40000,107000
2013/07/10,0,163000,-21000,142000
2013/07/11,0,526000,-75000,451000
2013/07/12,0,936000,-38000,898000
2013/07/15,0,965000,0,965000
2013/07/16,0,837000,-77000,760000
2013/07/17,0,138000,-1828000,-1690000
2013/07/18,0,53000,-487000,-434000
2013/07/19,0,1817000,-2793000,-976000
2013/07/22,0,339000,-394000,-55000
2013/07/23,0,1033000,-40000,993000
2013/07/24,0,46000,-442000,-396000
2013/07/25,0,548000,-737000,-189000
2013/07/26,0,223000,-403000,-180000
2013/07/29,0,32000,-490000,-458000
2013/07/30,0,436000,-31000,405000
2013/07/31,0,3234000,-546000,2688000
2013/08/01,0,3554000,-265000,3289000
2013/08/02,0,382000,-1558000,-1176000
2013/08/05,0,303000,-327000,-24000
2013/08/06,0,344000,-518000,-174000
2013/08/07,0,221000,-405000,-184000
2013/08/08,0,213000,-655000,-442000
2013/08/09,0,1667000,-2674000,-1007000
2013/08/12,0,507000,-838000,-331000
2013/08/13,0,511000,-242000,269000
2013/08/14,0,854000,-201000,653000
2013/08/15,0,10715000,-562000,10153000
2013/08/16,0,3893000,-7464000,-3571000
2013/08/19,0,1898000,-3458000,-1560000
2013/08/20,0,434000,-3462000,-3028000
2013/08/21,0,0,0,0
2013/08/22,0,1549000,-429000,1120000
2013/08/23,0,649000,-2449000,-1800000
2013/08/26,0,1118000,-589000,529000
2013/08/27,0,2454000,-2659000,-205000
2013/08/28,0,365000,-1122000,-757000
2013/08/29,0,653000,-1141000,-488000
2013/08/30,0,4615000,-694000,3921000
2013/09/02,0,178000,-3479000,-3301000
2013/09/03,0,215000,-1173000,-958000
2013/09/04,0,171000,-585000,-414000
2013/09/05,0,323000,-533000,-210000
2013/09/06,0,162000,-941000,-779000
2013/09/09,0,645000,-249000,396000
2013/09/10,0,53000,-805000,-752000
2013/09/11,0,562000,-118000,444000
2013/09/12,0,467000,-2576000,-2109000
2013/09/13,0,538000,-482000,56000
2013/09/16,0,1480000,-604000,876000
2013/09/17,0,120000,-735000,-615000
2013/09/18,0,391000,-548000,-157000
2013/09/19,0,0,0,0
2013/09/20,0,0,0,0
2013/09/23,0,232000,-295000,-63000
2013/09/24,0,162000,-421000,-259000
2013/09/25,0,160000,-95000,65000
2013/09/26,0,596000,-535000,61000
2013/09/27,0,867000,-222000,645000
2013/09/30,0,582000,-348000,234000
2013/10/01,0,332000,-101000,231000
2013/10/02,0,413000,-2897000,-2484000
2013/10/03,0,2137000,-200000,1937000
2013/10/04,0,2286000,-404000,1882000
2013/10/07,0,1534000,-1169000,365000
2013/10/08,0,1196000,-91000,1105000
2013/10/09,0,605000,-1193000,-588000
2013/10/10,0,0,0,0
2013/10/11,0,634000,-1179000,-545000
2013/10/14,0,792000,-1657000,-865000
2013/10/15,0,972000,-225000,747000
2013/10/16,0,69000,-514000,-445000
2013/10/17,0,2993000,-423000,2570000
2013/10/18,0,3702000,-1335000,2367000
2013/10/21,0,589000,-2690000,-2101000
2013/10/22,0,544000,-1506000,-962000
2013/10/23,0,268000,-539000,-271000
2013/10/24,0,474000,-400000,74000
2013/10/25,0,409000,-2032000,-1623000
2013/10/28,0,1503000,-288000,1215000
2013/10/29,0,137000,-799000,-662000
2013/10/30,0,147000,-1500000,-1353000
2013/10/31,0,250000,-943000,-693000
2013/11/01,0,1946000,-1162000,784000
2013/11/04,0,523000,-32743,490257
2013/11/05,0,739000,-118000,621000
2013/11/06,0,723000,-4960000,-4237000
2013/11/07,0,2658000,-225000,2433000
2013/11/08,0,649000,-658000,-9000
2013/11/11,0,519000,-2261000,-1742000
2013/11/12,0,1090000,-269000,821000
2013/11/13,0,548000,-128497,419503
2013/11/14,0,4034000,-876000,3158000
2013/11/15,0,522000,-1646000,-1124000
2013/11/18,0,971000,-674000,297000
2013/11/19,0,1400000,-1101000,299000
2013/11/20,0,659000,-577000,82000
2013/11/21,0,492000,-719000,-227000
2013/11/22,0,305000,-677000,-372000
2013/11/25,0,7099000,-515000,6584000
2013/11/26,0,7757000,-5557000,2200000
2013/11/27,0,3045000,-4320000,-1275000
2013/11/28,0,5792000,-758000,5034000
2013/11/29,0,3618000,-3048000,570000
2013/12/02,0,2325000,-1721000,604000
2013/12/03,0,1788000,-473000,1315000
2013/12/04,0,300000,-1369000,-1069000
2013/12/05,0,283000,-3172000,-2889000
2013/12/06,0,2075000,-238000,1837000
2013/12/09,0,1122000,-1820000,-698000
2013/12/10,0,310000,-512000,-202000
2013/12/11,0,568000,-2300000,-1732000
2013/12/12,0,660000,-911000,-251000
2013/12/13,0,186000,-151000,35000
2013/12/16,0,412000,-1805000,-1393000
2013/12/17,0,202000,-990000,-788000
2013/12/18,0,236000,-871000,-635000
2013/12/19,0,13000,-354000,-341000
2013/12/20,0,507000,-257000,250000
2013/12/23,0,9293000,-275000,9018000
2013/12/24,0,228000,-4587000,-4359000
2013/12/25,0,5464000,-312000,5152000
2013/12/26,0,1445000,-2471000,-1026000
2013/12/27,0,1141000,-713000,428000
2013/12/30,0,1481000,-242000,1239000
2013/12/31,0,1200000,-1597000,-397000
2014/01/02,0,909000,-1352000,-443000
2014/01/03,0,969000,-400000,569000
2014/01/06,0,629000,-3015000,-2386000
2014/01/07,0,611000,-893000,-282000
2014/01/08,0,677000,-2224000,-1547000
2014/01/09,0,7946000,-736000,7210000
2014/01/10,0,825000,-3313000,-2488000
2014/01/13,0,1930000,-432000,1498000
2014/01/14,0,587000,-1879000,-1292000
2014/01/15,0,176000,-2948000,-2772000
2014/01/16,0,418000,-661000,-243000
2014/01/17,0,776000,-328000,448000
2014/01/20,0,478000,-133000,345000
2014/01/21,0,351000,-1097000,-746000
2014/01/22,0,343000,-1483000,-1140000
2014/01/23,0,1057000,-705000,352000
2014/01/24,0,461000,-716000,-255000
2014/01/27,0,742000,-1346000,-604000
2014/02/05,0,486000,-2049004,-1563004
2014/02/06,0,668000,-108797,559203
2014/02/07,0,1914000,-471000,1443000
2014/02/10,0,980000,-1875000,-895000
2014/02/11,0,88000,-330000,-242000
2014/02/12,0,363000,-80000,283000
2014/02/13,0,4459000,-832000,3627000
2014/02/14,0,1150000,-2435000,-1285000
2014/02/17,0,1006000,-1107000,-101000
2014/02/18,0,285000,-1448000,-1163000
2014/02/19,0,191000,-1415000,-1224000
2014/02/20,0,404000,-907000,-503000
2014/02/21,0,7992000,-1548000,6444000
2014/02/24,0,1799000,-5403000,-3604000
2014/02/25,0,373000,-1836792,-1463792
2014/02/26,0,1973000,-346000,1627000
2014/02/27,0,473000,-886000,-413000
2014/03/03,0,602000,-1450000,-848000
2014/03/04,0,715000,-899000,-184000
2014/03/05,0,289000,-949000,-660000
2014/03/06,0,430000,-356000,74000
2014/03/07,0,1896000,-558000,1338000
2014/03/10,0,581000,-737000,-156000
2014/03/11,0,436000,-525000,-89000
2014/03/12,0,407000,-360000,47000
2014/03/13,0,249000,-831000,-582000
2014/03/14,0,610000,-879000,-269000
2014/03/17,0,1124000,-970000,154000
2014/03/18,0,874000,-423000,451000
2014/03/19,0,531000,-1508000,-977000
2014/03/20,0,260000,-442150,-182150
2014/03/21,0,590000,-612000,-22000
2014/03/24,0,326000,-479000,-153000
2014/03/25,0,606000,-187000,419000
2014/03/26,0,3695000,-1123000,2572000
2014/03/27,0,568000,-3245000,-2677000
2014/03/28,0,464000,-981000,-517000
2014/03/31,0,886000,-763000,123000
2014/04/01,0,7781000,-477000,7304000
2014/04/02,0,497000,-6435000,-5938000
2014/04/03,0,8274000,-566000,7708000
2014/04/07,0,16270000,-6496000,9774000
2014/04/08,0,1758000,-2705000,-947000
2014/04/09,0,2646000,-5966000,-3320000
2014/04/10,0,6314000,-3514000,2800000
2014/04/11,0,1157000,-4090000,-2933000
2014/04/14,0,366000,-445000,-79000
2014/04/15,0,1052000,-1173000,-121000
2014/04/16,0,1666000,-1662000,4000
2014/04/17,0,954000,-939000,15000
2014/04/18,0,328000,-1115710,-787710
2014/04/21,0,3331000,-442000,2889000
2014/04/22,0,8245000,-1526000,6719000
2014/04/23,0,2107000,-5963000,-3856000
2014/04/24,0,1693000,-2065000,-372000
2014/04/25,0,381000,-5177000,-4796000
2014/04/28,0,1245000,-2137000,-892000
2014/04/29,0,653000,-1825000,-1172000
2014/04/30,0,374000,-2355000,-1981000
2014/05/02,0,1041000,-680000,361000
2014/05/05,0,6736000,-890000,5846000
2014/05/06,0,2529000,-4735000,-2206000
2014/05/07,0,16729000,-2136000,14593000
2014/05/08,0,1741000,-10658425,-8917425
2014/05/09,0,420000,-3275000,-2855000
2014/05/12,0,1431000,-5782000,-4351000
2014/05/13,0,2507000,-2450000,57000
2014/05/14,0,1242000,-5658000,-4416000
2014/05/15,0,477000,-963000,-486000
2014/05/16,0,1745000,-840000,905000
2014/05/19,0,13798000,-3345000,10453000
2014/05/20,0,977000,-4659000,-3682000
2014/05/21,0,4577241,-9604000,-5026759
2014/05/22,0,5996000,-2897000,3099000
2014/05/23,0,1300000,-5029000,-3729000
2014/05/26,0,984000,-2519000,-1535000
2014/05/27,0,1680000,-825000,855000
2014/05/28,0,984000,-1388000,-404000
2014/05/29,0,1054000,-422891,631109
2014/05/30,0,2015000,-2307000,-292000
2014/06/03,0,1632000,-1247000,385000
2014/06/04,0,11971000,-2383000,9588000
2014/06/05,0,1133000,-5283000,-4150000
2014/06/06,0,11259000,-3209000,8050000
2014/06/09,0,5078000,-9519000,-4441000
2014/06/10,0,829000,-3153000,-2324000
2014/06/11,0,24182000,-2370000,21812000
2014/06/12,0,892000,-14431000,-13539000
2014/06/13,0,1885000,-5051000,-3166000
2014/06/16,0,374000,-2253000,-1879000
2014/06/17,0,2229000,-898000,1331000
2014/06/18,0,1075000,-3678000,-2603000
2014/06/19,0,3385000,-1447000,1938000
2014/06/20,0,1791000,-4036000,-2245000
2014/06/23,0,2675000,-2176000,499000
2014/06/24,0,829000,-1872000,-1043000
2014/06/25,0,819000,-3720000,-2901000
2014/06/26,0,16110000,-4664000,11446000
2014/06/27,0,6053000,-11263000,-5210000
2014/06/30,0,14458000,-4092000,10366000
2014/07/01,0,9147000,-14766000,-5619000
2014/07/02,0,20406000,-9263000,11143000
2014/07/03,0,9134000,-12042000,-2908000
2014/07/04,0,7252000,-4709000,2543000
2014/07/07,0,11788000,-4803000,6985000
2014/07/08,0,3404000,-5404000,-2000000
2014/07/09,0,8503000,-6117000,2386000
2014/07/10,0,6378000,-4308000,2070000
2014/07/11,0,8651000,-5463000,3188000
2014/07/14,0,25370000,-6080000,19290000
2014/07/15,0,3058000,-4389794,-1331794
2014/07/16,0,4140000,-15901000,-11761000
2014/07/17,0,2367000,-11876000,-9509000
2014/07/18,0,1339000,-2121000,-782000
2014/07/21,0,2483000,-2274000,209000
2014/07/22,0,2730000,-1126000,1604000
2014/07/23,0,0,0,0
2014/07/24,0,12347000,-3743000,8604000
2014/07/25,0,3336000,-6298000,-2962000
2014/07/28,0,17941000,-7886000,10055000
2014/07/29,0,5476000,-22991000,-17515000
2014/07/30,0,6101000,-7014000,-913000
2014/07/31,0,1069000,-3325000,-2256000
2014/08/01,0,1100000,-3316000,-2216000
2014/08/04,0,869000,-2195000,-1326000
2014/08/05,0,1457000,-2709000,-1252000
2014/08/06,0,2066000,-11012000,-8946000
2014/08/07,0,1668000,-627000,1041000
2014/08/08,0,1932000,-3774000,-1842000
2014/08/11,0,7807000,-1029000,6778000
2014/08/12,0,588000,-2336000,-1748000
2014/08/13,0,11401000,-1646000,9755000
2014/08/14,0,289000,-8054000,-7765000
2014/08/15,0,4707036,-5162130,-455094
2014/08/18,0,2239000,-3129889,-890889
2014/08/19,0,876000,-4157737,-3281737
2014/08/20,0,1717000,-3807814,-2090814
2014/08/21,0,654000,-1727989,-1073989
2014/08/22,0,2059000,-1378111,680889
2014/08/25,0,13412000,-3004000,10408000
2014/08/26,0,1586000,-1329000,257000
2014/08/27,0,22383500,-10636000,11747500
2014/08/28,0,6273000,-8491000,-2218000
2014/08/29,0,3100000,-3200000,-100000
2014/09/01,0,15131000,-3359000,11772000
2014/09/02,0,3040000,-18371889,-15331889
2014/09/03,0,7164000,-4057000,3107000
2014/09/04,0,3202000,-6611289,-3409289
2014/09/05,0,713000,-1834000,-1121000
2014/09/09,0,8894000,-2811000,6083000
2014/09/10,0,1541000,-5559000,-4018000
2014/09/11,0,11446000,-1534000,9912000
2014/09/12,0,750000,-9889000,-9139000
2014/09/15,0,412000,-2977000,-2565000
2014/09/16,0,3936000,-17240000,-13304000
2014/09/17,0,8420000,-3796000,4624000
2014/09/18,0,1376000,-2040000,-664000
2014/09/19,0,2223000,-4291000,-2068000
2014/09/22,0,2706000,-9898000,-7192000
2014/09/23,0,1494000,-2231024,-737024
2014/09/24,0,2189000,-823000,1366000
2014/09/25,0,1652000,-7951000,-6299000
2014/09/26,0,1920000,-4555000,-2635000
2014/09/29,0,1459000,-845000,614000
2014/09/30,0,2200000,-6652000,-4452000
2014/10/01,0,11193000,-1688000,9505000
2014/10/02,0,1089000,-6394000,-5305000
2014/10/03,0,8211000,-1081000,7130000
2014/10/06,0,1071000,-2173000,-1102000
2014/10/07,0,700000,-5589000,-4889000
2014/10/08,0,1650000,-2775000,-1125000
2014/10/09,0,2024000,-3799000,-1775000
2014/10/13,0,724000,-13442000,-12718000
2014/10/14,0,1905000,-2949000,-1044000
2014/10/15,0,864000,-1721902,-857902
2014/10/16,0,1747000,-1657000,90000
2014/10/17,0,945000,-3321000,-2376000
2014/10/20,0,1589000,-922000,667000
2014/10/21,0,2720000,-790000,1930000
2014/10/22,0,20165000,-1923000,18242000
2014/10/23,0,1756000,-4127797,-2371797
2014/10/24,0,1222000,-11822168,-10600168
2014/10/27,0,921000,-1189000,-268000
2014/10/28,0,8511000,-3745000,4766000
2014/10/29,0,6099000,-1902000,4197000
2014/10/30,0,29426000,-5530000,23896000
2014/10/31,0,11055000,-16181000,-5126000
2014/11/03,0,11464000,-3957000,7507000
2014/11/04,0,9211000,-9926000,-715000
2014/11/05,0,1781000,-9297000,-7516000
2014/11/06,0,3158000,-9075955,-5917955
2014/11/07,0,20744000,-2851000,17893000
2014/11/10,0,556000,-13309000,-12753000
2014/11/11,0,3894000,-17757000,-13863000
2014/11/12,0,7431000,-1213000,6218000
2014/11/13,0,1433000,-863000,570000
2014/11/14,0,11299000,-548000,10751000
2014/11/17,0,2091000,-11911713,-9820713
2014/11/18,0,3284000,-5369000,-2085000
2014/11/19,0,15326000,-1936000,13390000
2014/11/20,0,5753000,-8136000,-2383000
2014/11/21,0,2268351,-6711000,-4442649
2014/11/24,0,2492000,-3527000,-1035000
2014/11/25,0,4271000,-1766000,2505000
2014/11/26,0,3262000,-8559000,-5297000
2014/11/27,0,3618000,-1676000,1942000
2014/11/28,0,5139000,-2475000,2664000
2014/12/01,0,4696000,-3437000,1259000
2014/12/02,0,1535000,-4188000,-2653000
2014/12/03,0,21351000,-4385000,16966000
2014/12/04,0,2447000,-11685000,-9238000
2014/12/05,0,1213000,-3497000,-2284000
2014/12/08,0,731000,-5649000,-4918000
2014/12/09,0,1030000,-1297000,-267000
2014/12/10,0,559000,-18291140,-17732140
2014/12/11,0,9933000,-2847000,7086000
2014/12/12,0,802000,-11457000,-10655000
2014/12/15,0,1687000,-7212000,-5525000
2014/12/16,0,1357000,-1438000,-81000
2014/12/17,0,1649000,-7429000,-5780000
2014/12/18,0,3076000,-1096185,1979815
2014/12/19,0,3100000,-4456000,-1356000
2014/12/22,0,31208000,-5127000,26081000
2014/12/23,0,837000,-7192000,-6355000
2014/12/24,0,41442000,-4222000,37220000
2014/12/25,0,1705000,-20219000,-18514000
2014/12/26,0,4781000,-4598000,183000
2014/12/29,0,7469000,-5449000,2020000
2014/12/30,0,939000,-20690000,-19751000
2014/12/31,0,534000,-3119000,-2585000
2015/01/01,0,0,0,0
2015/01/02,0,0,0,0
2015/01/05,0,32914000,-1970000,30944000
2015/01/06,0,4756000,-20871000,-16115000
2015/01/07,0,17233000,-7356000,9877000
2015/01/08,0,12298000,-11994424,303576
2015/01/09,0,4753000,-11364000,-6611000
2015/01/12,0,6021000,-6150000,-129000
2015/01/13,0,1824000,-4167102,-2343102
2015/01/14,0,4329000,-1926000,2403000
2015/01/15,0,2456000,-2208000,248000
2015/01/16,0,2377000,-10600189,-8223189
2015/01/19,0,5905000,-4282000,1623000
2015/01/20,0,1686000,-2362000,-676000
2015/01/21,0,8010000,-12559113,-4549113
2015/01/22,0,6881000,-3393000,3488000
2015/01/23,0,1902000,-6744000,-4842000
2015/01/26,0,10886000,-1446000,9440000
2015/01/27,0,2641000,-3858000,-1217000
2015/01/28,0,2107000,-2043000,64000
2015/01/29,0,5029000,-4288000,741000
2015/01/30,0,4422000,-11575000,-7153000
2015/02/02,0,6642000,-2273000,4369000
2015/02/03,0,9223000,-1883000,7340000
2015/02/04,0,999000,-4348114,-3349114
2015/02/05,0,5983000,-1440114,4542886
2015/02/06,0,3970000,-939000,3031000
2015/02/09,0,2517000,-1488000,1029000
2015/02/10,0,1284000,-6360000,-5076000
2015/02/11,0,8683000,-9337000,-654000
2015/02/12,0,4661000,-6432000,-1771000
2015/02/13,0,3162000,-4110000,-948000
2015/02/16,0,0,0,0
2015/02/17,0,0,0,0
2015/02/18,0,0,0,0
2015/02/19,0,0,0,0
2015/02/20,0,0,0,0
2015/02/23,0,0,0,0
2015/02/24,0,3778000,-5085064,-1307064
2015/02/25,0,3119000,-3309076,-190076
2015/02/26,0,5694000,-2258000,3436000
2015/02/27,0,0,0,0
2015/03/02,0,4161000,-10449000,-6288000
2015/03/03,0,5160000,-738241,4421759
2015/03/04,0,876000,-600000,276000
2015/03/05,0,986000,-8268076,-7282076
2015/03/06,0,2946537,-3472103,-525566
2015/03/09,0,497000,-3832000,-3335000
2015/03/10,0,261000,-1434259,-1173259
2015/03/11,0,6471000,-1279000,5192000
2015/03/12,0,17926000,-4323812,13602188
2015/03/13,0,812000,-11910000,-11098000
2015/03/16,0,4704000,-1778000,2926000
2015/03/17,0,2029000,-5590076,-3561076
2015/03/18,0,944000,-5792000,-4848000
2015/03/19,0,515000,-1369000,-854000
2015/03/20,0,661884,-3449000,-2787116
2015/03/23,0,13273000,-896000,12377000
2015/03/24,0,2187000,-4123000,-1936000
2015/03/25,0,856000,-3700000,-2844000
2015/03/26,0,2585000,-4818000,-2233000
2015/03/27,0,536000,-1502000,-966000
2015/03/30,0,545000,-3523000,-2978000
2015/03/31,0,1652000,-594000,1058000
2015/04/01,0,997000,-1026000,-29000
2015/04/02,0,657000,-1150000,-493000
2015/04/03,0,0,0,0
2015/04/06,0,0,0,0
2015/04/07,0,496000,-2400000,-1904000
2015/04/08,0,597000,-2229000,-1632000
2015/04/09,0,937000,-1453000,-516000
2015/04/10,0,445000,-1703000,-1258000
2015/04/13,0,5488000,-893000,4595000
2015/04/14,0,1604000,-1446000,158000
2015/04/15,0,709000,-12903000,-12194000
2015/04/16,0,755000,-453000,302000
2015/04/17,0,473000,-1441000,-968000
2015/04/20,0,1263000,-1229000,34000
2015/04/21,0,4576000,-3060000,1516000
2015/04/22,0,676000,-3176000,-2500000
2015/04/23,0,9788000,-907000,8881000
2015/04/24,0,22275000,-3673000,18602000
2015/04/27,0,2874000,-8973000,-6099000
2015/04/28,0,5195000,-1471000,3724000
2015/04/29,0,3145000,-5664000,-2519000
2015/04/30,0,2938000,-3222000,-284000
2015/05/01,0,0,0,0
2015/05/04,0,16164000,-2733000,13431000
2015/05/05,0,4352000,-6462000,-2110000
2015/05/06,0,6301000,-20175000,-13874000
2015/05/07,0,20643000,-2088000,18555000
2015/05/08,0,834000,-18727000,-17893000
2015/05/11,0,1588000,-5933000,-4345000
2015/05/12,0,1327000,-3517000,-2190000
2015/05/13,0,4557000,-2479000,2078000
2015/05/14,0,576000,-4632000,-4056000
2015/05/15,0,2126000,-2588000,-462000
2015/05/18,0,13629000,-3666000,9963000
2015/05/19,0,22957000,-8606000,14351000
2015/05/20,0,7132000,-17178000,-10046000
2015/05/21,0,1752000,-1276000,476000
2015/05/22,0,19739000,-7349000,12390000
2015/05/25,0,2477000,-8822000,-6345000
2015/05/26,0,4277000,-3357000,920000
2015/05/27,0,20613000,-6878000,13735000
2015/05/28,0,7175484,-20145000,-12969516
2015/05/29,0,3336000,-6756000,-3420000
2015/06/01,0,1567000,-4932000,-3365000
2015/06/02,0,3746000,-12468000,-8722000
2015/06/03,0,11709542,-2980000,8729542
2015/06/04,0,3766000,-20038000,-16272000
2015/06/05,0,9873000,-14343000,-4470000
2015/06/08,0,7089000,-5887000,1202000
2015/06/09,0,3792738,-11487000,-7694262
2015/06/10,0,8653000,-3062000,5591000
2015/06/11,0,2614000,-5370000,-2756000
2015/06/12,0,2011000,-1521000,490000
2015/06/15,0,1090000,-1167000,-77000
2015/06/16,0,322000,-697000,-375000
2015/06/17,0,5296000,-1557000,3739000
2015/06/18,0,2145000,-2726000,-581000
2015/06/19,0,0,0,0
2015/06/22,0,1280000,-2271000,-991000
2015/06/23,0,923000,-4069000,-3146000
2015/06/24,0,3960000,-6955000,-2995000
2015/06/25,0,5472000,-697000,4775000
2015/06/26,0,482000,-1276000,-794000
2015/06/29,0,455000,-7583000,-7128000
2015/06/30,0,2325000,-2163000,162000
2015/07/01,0,534000,-2162000,-1628000
2015/07/02,0,883000,-1057000,-174000
2015/07/03,0,965000,-787000,178000
2015/07/06,0,486000,-2126000,-1640000
2015/07/07,0,1430000,-1336000,94000
2015/07/08,0,4256000,-6677000,-2421000
2015/07/09,0,6694000,-1587000,5107000
2015/07/10,0,0,0,0
2015/07/13,0,1182000,-975000,207000
2015/07/14,0,2291000,-4341000,-2050000
2015/07/15,0,1273000,-1314000,-41000
2015/07/16,0,692000,-2920000,-2228000
2015/07/17,0,674000,-3177000,-2503000
2015/07/20,0,2512000,-4052000,-1540000
2015/07/21,0,8348000,-2711000,5637000
2015/07/22,0,1352000,-2192000,-840000
2015/07/23,0,1999000,-3658000,-1659000
2015/07/24,0,2088000,-2111000,-23000
2015/07/27,0,1174000,-5928000,-4754000
2015/07/28,0,7457000,-2943000,4514000
2015/07/29,0,1350000,-10027000,-8677000
2015/07/30,0,4939000,-1860000,3079000
2015/07/31,0,5817000,-2043000,3774000
2015/08/03,0,1672000,-2040000,-368000
2015/08/04,0,10927000,-802000,10125000
2015/08/05,0,2343000,-5868000,-3525000
2015/08/06,0,1384000,-6328000,-4944000
2015/08/07,0,1584000,-4362000,-2778000
2015/08/10,0,1208000,-760000,448000
2015/08/11,0,2137000,-1921000,216000
2015/08/12,0,6818000,-1401000,5417000
2015/08/13,0,10090000,-3405000,6685000
2015/08/14,0,1529000,-10704000,-9175000
2015/08/17,0,5716000,-1324000,4392000
2015/08/18,0,3978000,-10877000,-6899000
2015/08/19,0,4593000,-4801000,-208000
2015/08/20,0,2881000,-1649000,1232000
2015/08/21,0,261000,-3409000,-3148000
2015/08/24,0,5004000,-5974000,-970000
2015/08/25,0,3208000,-1539000,1669000
2015/08/26,0,1575000,-2579000,-1004000
2015/08/27,0,4058000,-1599000,2459000
2015/08/28,0,6816000,-2405000,4411000
2015/08/31,0,1629000,-6649000,-5020000
2015/09/01,0,1424000,-6401925,-4977925
2015/09/02,0,3932000,-1962000,1970000
2015/09/03,0,8064000,-1505000,6559000
2015/09/04,0,2134000,-4585000,-2451000
2015/09/07,0,1140000,-2365000,-1225000
2015/09/08,0,1748000,-543000,1205000
2015/09/09,0,7761000,-1043000,6718000
2015/09/10,0,1763000,-4674000,-2911000
2015/09/11,0,1781000,-1152000,629000
2015/09/14,0,1304000,-2611000,-1307000
2015/09/15,0,1332000,-2589000,-1257000
2015/09/16,0,2412000,-1786000,626000
2015/09/17,0,1926000,-3867000,-1941000
2015/09/18,0,1771000,-702000,1069000
2015/09/21,0,200000,-6308000,-6108000
2015/09/22,0,3549000,-3300000,249000
2015/09/23,0,5945000,-729000,5216000
2015/09/24,0,1683000,-3178000,-1495000
2015/09/25,0,2558000,-763000,1795000
2015/09/28,0,0,0,0
2015/09/29,0,0,0,0
2015/09/30,0,1866000,-433000,1433000
2015/10/01,0,3320000,-1747000,1573000
2015/10/02,0,3437000,-4125000,-688000
2015/10/05,0,1946000,-2472000,-526000
2015/10/06,0,1197000,-3094000,-1897000
2015/10/07,0,9429000,-749000,8680000
2015/10/08,0,5429000,-3480000,1949000
2015/10/09,0,0,0,0
2015/10/12,0,1518000,-4594000,-3076000
2015/10/13,0,3987000,-2229000,1758000
2015/10/14,0,5096000,-2295000,2801000
2015/10/15,0,1491000,-3190000,-1699000
2015/10/16,0,2799000,-3066000,-267000
2015/10/19,0,1250000,-2278000,-1028000
2015/10/20,0,1375000,-823000,552000
2015/10/21,0,2839000,-3948000,-1109000
2015/10/22,0,2535000,-247000,2288000
2015/10/23,0,5096000,-2359000,2737000
2015/10/26,0,3222000,-946000,2276000
2015/10/27,0,2625000,-2713000,-88000
2015/10/28,0,2404000,-4031000,-1627000
2015/10/29,0,2047000,-3425000,-1378000
2015/10/30,0,144000,-4055000,-3911000
2015/11/02,0,466000,-110000,356000
2015/11/03,0,4839000,-1402000,3437000
2015/11/04,0,519000,-4791000,-4272000
2015/11/05,0,13752000,-1804000,11948000
2015/11/06,0,2310000,-3292000,-982000
2015/11/09,0,1758000,-4279000,-2521000
2015/11/10,0,2957000,-1729000,1228000
2015/11/11,0,1618000,-804000,814000
2015/11/12,0,626000,-4171000,-3545000
2015/11/13,0,3656000,-1691000,1965000
2015/11/16,0,1550000,-1155000,395000
2015/11/17,0,4140000,-1415000,2725000
2015/11/18,0,2911000,-4148000,-1237000
2015/11/19,0,594000,-2108000,-1514000
2015/11/20,0,658000,-616000,42000
2015/11/23,0,209000,-696000,-487000
2015/11/24,0,737000,-748000,-11000
2015/11/25,0,420000,-1288000,-868000
2015/11/26,0,1701000,-663000,1038000
2015/11/27,0,887000,-938000,-51000
2015/11/30,0,3086000,-1184000,1902000
2015/12/01,0,824000,-767000,57000
2015/12/02,0,1442000,-436000,1006000
2015/12/03,0,1301000,-479000,822000
2015/12/04,0,112000,-155000,-43000
2015/12/07,0,3005000,-1338000,1667000
2015/12/08,0,1191000,-1827000,-636000
2015/12/09,0,426000,-2040000,-1614000
2015/12/10,0,798000,-5811000,-5013000
2015/12/11,0,2519000,-381000,2138000
2015/12/14,0,572000,-248000,324000
2015/12/15,0,5076000,-413000,4663000
2015/12/16,0,387000,-654000,-267000
2015/12/17,0,451000,-388000,63000
2015/12/18,0,1310000,-1997000,-687000
2015/12/21,0,15957000,-6547000,9410000
2015/12/22,0,983000,-8964183,-7981183
2015/12/23,0,7166000,-1071000,6095000
2015/12/24,0,2100000,-6809000,-4709000
2015/12/25,0,275000,-1791000,-1516000
2015/12/28,0,28000,-1181000,-1153000
2015/12/29,0,1036000,-1949000,-913000
2015/12/30,0,106000,-1084000,-978000
2015/12/31,0,295000,-1502000,-1207000
2016/01/01,0,0,0,0
2016/01/04,0,478000,-2131000,-1653000
2016/01/05,0,268000,-1089000,-821000
2016/01/06,0,1409000,-3239000,-1830000
2016/01/07,0,892000,-3138000,-2246000
2016/01/08,0,481000,-196000,285000
2016/01/11,0,75000,-391000,-316000
2016/01/12,0,3138000,-4568000,-1430000
2016/01/13,0,181000,-5390000,-5209000
2016/01/14,0,725000,-2680000,-1955000
2016/01/15,0,172000,-1788000,-1616000
2016/01/18,0,750000,-145000,605000
2016/01/19,0,212000,-388000,-176000
2016/01/20,0,394000,-4068000,-3674000
2016/01/21,0,2169000,-6224000,-4055000
2016/01/22,0,55000,-2220000,-2165000
2016/01/25,0,122000,-4121000,-3999000
2016/01/26,0,241000,-4716000,-4475000
2016/01/27,0,823000,-755000,68000
2016/01/28,0,350000,-1198000,-848000
2016/01/29,0,652000,-161000,491000
2016/02/01,0,2148000,-302000,1846000
2016/02/02,0,204000,-1641000,-1437000
2016/02/03,0,1600000,-1247000,353000
2016/02/04,0,0,0,0
2016/02/05,0,0,0,0
2016/02/08,0,0,0,0
2016/02/09,0,0,0,0
2016/02/10,0,0,0,0
2016/02/11,0,0,0,0
2016/02/12,0,0,0,0
2016/02/15,0,85000,-1606000,-1521000
2016/02/16,0,1508000,-470000,1038000
2016/02/17,0,1218000,-1581000,-363000
2016/02/18,0,491000,-283000,208000
2016/02/19,0,229000,-95000,134000
2016/02/22,0,216000,-1418000,-1202000
2016/02/23,0,2920000,-107000,2813000
2016/02/24,0,9483000,-1105000,8378000
2016/02/25,0,8541000,-6801000,1740000
2016/02/26,0,1737000,-5876000,-4139000
2016/02/29,0,0,0,0
2016/03/01,0,2132000,-322000,1810000
2016/03/02,0,6025000,-830000,5195000
2016/03/03,0,1384000,-4448000,-3064000
2016/03/04,0,3451000,-1271000,2180000
2016/03/07,0,1060000,-1779000,-719000
2016/03/08,0,22251000,-2031000,20220000
2016/03/09,0,8723000,-12202000,-3479000
2016/03/10,0,2392000,-5178000,-2786000
2016/03/11,0,826000,-3346058,-2520058
2016/03/14,0,2526000,-4014000,-1488000
2016/03/15,0,2569000,-4729000,-2160000
2016/03/16,0,7981000,-2140300,5840700
2016/03/17,0,1177000,-9010000,-7833000
2016/03/18,0,1369000,-2533000,-1164000
2016/03/21,0,498000,-1468000,-970000
2016/03/22,0,236000,-2037000,-1801000
2016/03/23,0,3211000,-1196000,2015000
2016/03/24,0,126000,-3440000,-3314000
2016/03/25,0,38000,-818000,-780000
2016/03/28,0,10999000,-754000,10245000
2016/03/29,0,861000,-8815000,-7954000
2016/03/30,0,3602000,-3515000,87000
2016/03/31,0,2514000,-6880000,-4366000
2016/04/01,0,475000,-3773000,-3298000
2016/04/04,0,0,0,0
2016/04/05,0,0,0,0
2016/04/06,0,163000,-967000,-804000
2016/04/07,0,481000,-3267000,-2786000
2016/04/08,0,6068000,-541000,5527000
2016/04/11,0,128000,-5158000,-5030000
2016/04/12,0,650000,-2247000,-1597000
2016/04/13,0,438000,-366000,72000
2016/04/14,0,4488000,-227000,4261000
2016/04/15,0,870000,-1027000,-157000
2016/04/18,0,3368000,-462000,2906000
2016/04/19,0,169000,-2812000,-2643000
2016/04/20,0,487000,-2251000,-1764000
2016/04/21,0,343000,-271000,72000
2016/04/22,0,1051000,-2883000,-1832000
2016/04/25,0,278000,-2618000,-2340000
2016/04/26,0,2173000,-2364000,-191000
2016/04/27,0,334000,-2019000,-1685000
2016/04/28,0,282000,-2596000,-2314000
2016/04/29,0,764000,-421000,343000
2016/05/02,0,0,0,0
2016/05/03,0,751000,-227000,524000
2016/05/04,0,144000,-794000,-650000
2016/05/05,0,569000,-21000,548000
2016/05/06,0,170000,-86000,84000
2016/05/09,0,465000,-126000,339000
2016/05/10,0,188000,-350000,-162000
2016/05/11,0,205000,-181000,24000
2016/05/12,0,599000,-291000,308000
2016/05/13,0,104000,-939000,-835000
2016/05/16,0,106000,-402000,-296000
2016/05/17,0,378000,-6000,372000
2016/05/18,0,615000,-256000,359000
2016/05/19,0,219000,-596000,-377000
2016/05/20,0,740000,-362000,378000
2016/05/23,0,4042000,-301000,3741000
2016/05/24,0,446000,-1654000,-1208000
2016/05/25,0,421000,-1242000,-821000
2016/05/26,0,137000,-318000,-181000
2016/05/27,0,852000,-154000,698000
2016/05/30,0,631000,-286000,345000
2016/05/31,0,423000,-403000,20000
2016/06/01,0,7163000,-900000,6263000
2016/06/02,0,563000,-3229000,-2666000
2016/06/03,0,127000,-2403000,-2276000
2016/06/06,0,1999000,-297000,1702000
2016/06/07,0,808000,-705000,103000
2016/06/08,0,243000,-1078000,-835000
2016/06/09,0,0,0,0
2016/06/10,0,0,0,0
2016/06/13,0,111000,-1012000,-901000
2016/06/14,0,305000,-297000,8000
2016/06/15,0,383000,-1551000,-1168000
2016/06/16,0,55000,-515000,-460000
2016/06/17,0,452000,-74000,378000
2016/06/20,0,958000,-142000,816000
2016/06/21,0,176000,-328000,-152000
2016/06/22,0,541000,-189000,352000
2016/06/23,0,148000,-67000,81000
2016/06/24,0,321000,-1376000,-1055000
2016/06/27,0,643000,-106000,537000
2016/06/28,0,1822000,-435000,1387000
2016/06/29,0,8799000,-1371000,7428000
2016/06/30,0,14293000,-5788000,8505000
2016/07/01,0,1502000,-8107000,-6605000
2016/07/04,0,5516000,-741000,4775000
2016/07/05,0,630998,-2596000,-1965002
2016/07/06,0,860000,-1809000,-949000
2016/07/07,0,6376000,-1024000,5352000
2016/07/08,0,0,0,0
2016/07/11,0,3659000,-2356000,1303000
2016/07/12,0,1134000,-4483000,-3349000
2016/07/13,0,2667000,-2303000,364000
2016/07/14,0,2311000,-2264000,47000
2016/07/15,0,303000,-2942000,-2639000
2016/07/18,0,4047000,-1266000,2781000
2016/07/19,0,14454000,-3644000,10810000
2016/07/20,0,2031000,-10421000,-8390000
2016/07/21,0,16978000,-4037000,12941000
2016/07/22,0,1941000,-9477000,-7536000
2016/07/25,0,936000,-7466000,-6530000
2016/07/26,0,2039000,-1093000,946000
2016/07/27,0,7476001,-3325000,4151001
2016/07/28,0,2227000,-4896000,-2669000
2016/07/29,0,1166000,-3812000,-2646000
2016/08/01,0,148000,-2104000,-1956000
2016/08/02,0,1054000,-852000,202000
2016/08/03,0,3251000,-1645000,1606000
2016/08/04,0,7599000,-555000,7044000
2016/08/05,0,1594000,-3699000,-2105000
2016/08/08,0,1337000,-5183000,-3846000
2016/08/09,0,524000,-1240000,-716000
2016/08/10,0,329000,-2499000,-2170000
2016/08/11,0,1335000,-3116000,-1781000
2016/08/12,0,853000,-780000,73000
2016/08/15,0,138000,-1646000,-1508000
2016/08/16,0,5715059,-547000,5168059
2016/08/17,0,974000,-3979000,-3005000
2016/08/18,0,5486000,-874000,4612000
2016/08/19,0,18943000,-4016000,14927000
2016/08/22,0,3254000,-4132000,-878000
2016/08/23,0,1475000,-6521000,-5046000
2016/08/24,0,1351000,-5058000,-3707000
2016/08/25,0,2537000,-3013000,-476000
2016/08/26,0,867000,-1467000,-600000
2016/08/29,0,1698000,-9748000,-8050000
2016/08/30,0,588000,-458000,130000
2016/08/31,0,340000,-4150000,-3810000
2016/09/01,0,569000,-2302000,-1733000
2016/09/02,0,842000,-2060000,-1218000
2016/09/05,0,3810000,-699000,3111000
2016/09/06,0,8452000,-1306000,7146000
2016/09/07,0,360000,-390000,-30000
2016/09/08,0,3409000,-413000,2996000
2016/09/09,0,181000,-1336000,-1155000
2016/09/12,0,1030000,-1083620,-53620
2016/09/13,0,3399000,-1584000,1815000
2016/09/14,0,287000,-1779000,-1492000
2016/09/15,0,0,0,0
2016/09/16,0,0,0,0
2016/09/19,0,812000,-99000,713000
2016/09/20,0,4483000,-486000,3997000
2016/09/21,0,4987000,-2693000,2294000
2016/09/22,0,122000,-5588000,-5466000
2016/09/23,0,1865000,-1257000,608000
2016/09/26,0,174000,-1801000,-1627000
2016/09/27,0,0,0,0
2016/09/28,0,0,0,0
2016/09/29,0,48000,-164000,-116000
2016/09/30,0,166000,-1231000,-1065000
2016/10/03,0,11416000,-187000,11229000
2016/10/04,0,290000,-3990000,-3700000
2016/10/05,0,459000,-506328,-47328
2016/10/06,0,5172000,-1887000,3285000
2016/10/07,0,2093000,-1420000,673000
2016/10/10,0,0,0,0
2016/10/11,0,68000,-7053000,-6985000
2016/10/12,0,693000,-6825000,-6132000
2016/10/13,0,1130000,-4846000,-3716000
2016/10/14,0,277000,-797000,-520000
2016/10/17,0,376000,-358000,18000
2016/10/18,0,202000,-117000,85000
2016/10/19,0,1360000,-773000,587000
2016/10/20,0,369000,-288000,81000
2016/10/21,0,4090000,-1007000,3083000
2016/10/24,0,2119000,-1317000,802000
2016/10/25,0,3001000,-640000,2361000
2016/10/26,0,595000,-1914000,-1319000
2016/10/27,0,1048000,-3016000,-1968000
2016/10/28,0,291000,-1911000,-1620000
2016/10/31,0,1598000,-1395000,203000
2016/11/01,0,4089708,-562000,3527708
2016/11/02,0,477000,-1917000,-1440000
2016/11/03,0,220000,-1312000,-1092000
2016/11/04,0,3779000,-699000,3080000
2016/11/07,0,495000,-3121000,-2626000
2016/11/08,0,1868000,-1014000,854000
2016/11/09,0,458000,-3138000,-2680000
2016/11/10,0,1778000,-104000,1674000
2016/11/11,0,72000,-1727000,-1655000
2016/11/14,0,552000,-632000,-80000
2016/11/15,0,3278000,-253000,3025000
2016/11/16,0,247000,-1998000,-1751000
2016/11/17,0,2348000,-2037000,311000
2016/11/18,0,694000,-1302000,-608000
2016/11/21,0,6927000,-591000,6336000
2016/11/22,0,527000,-4626000,-4099000
2016/11/23,0,1132000,-366000,766000
2016/11/24,0,486000,-1948000,-1462000
2016/11/25,0,745000,-706000,39000
2016/11/28,0,1101000,-221286,879714
2016/11/29,0,4127000,-476000,3651000
2016/11/30,0,848000,-1436000,-588000
2016/12/01,0,1347000,-761000,586000
2016/12/02,0,1000,-2427000,-2426000
2016/12/05,0,1656000,-800000,856000
2016/12/06,0,659000,-309000,350000
2016/12/07,0,13341000,-690000,12651000
2016/12/08,0,2351000,-9907000,-7556000
2016/12/09,0,1394000,-1763000,-369000
2016/12/12,0,1707000,-1502000,205000
2016/12/13,0,1417000,-829000,588000
2016/12/14,0,1534000,-3556000,-2022000
2016/12/15,0,8422000,-1064000,7358000
2016/12/16,0,4874000,-2960000,1914000
2016/12/19,0,1893000,-5261000,-3368000
2016/12/20,0,3229000,-1009000,2220000
2016/12/21,0,9066000,-2295000,6771000
2016/12/22,0,4942000,-1382000,3560000
2016/12/23,0,1727000,-1540000,187000
2016/12/26,0,655000,-861000,-206000
2016/12/27,0,2187000,-2085000,102000
2016/12/28,0,4108000,-1721000,2387000
2016/12/29,0,1344000,-2761000,-1417000
2016/12/30,0,1917000,-1993000,-76000
2017/01/02,0,0,0,0
2017/01/03,0,14596000,-4226000,10370000
2017/01/04,0,7167000,-8842000,-1675000
2017/01/05,0,13873999,-3260000,10613999
2017/01/06,0,8383000,-6580000,1803000
2017/01/09,0,3586000,-7599000,-4013000
2017/01/10,0,2932000,-4194000,-1262000
2017/01/11,0,2342000,-1941000,401000
2017/01/12,0,8088000,-2079000,6009000
2017/01/13,0,10093000,-3761000,6332000
2017/01/16,0,1131000,-10093000,-8962000
2017/01/17,0,1144000,-1062000,82000
2017/01/18,0,17734000,-1192000,16542000
2017/01/19,0,830000,-9091000,-8261000
2017/01/20,0,733000,-1171000,-438000
2017/01/23,0,3040000,-2943000,97000
2017/01/24,0,3090000,-4939000,-1849000
2017/01/25,0,0,0,0
2017/01/26,0,0,0,0
2017/01/27,0,0,0,0
2017/01/30,0,0,0,0
2017/01/31,0,0,0,0
2017/02/01,0,0,0,0
2017/02/02,0,18261475,-6968000,11293475
2017/02/03,0,4671000,-11372000,-6701000
2017/02/06,0,9909000,-938000,8971000
2017/02/07,0,1461000,-6611000,-5150000
2017/02/08,0,1386000,-13626000,-12240000
2017/02/09,0,5841000,-7979000,-2138000
2017/02/10,0,4197000,-2702000,1495000
2017/02/13,0,5377000,-16969000,-11592000
2017/02/14,0,2349000,-4246000,-1897000
2017/02/15,0,3988000,-3014000,974000
2017/02/16,0,873000,-1829000,-956000
2017/02/17,0,21000,-2409000,-2388000
2017/02/20,0,114000,-2406000,-2292000
2017/02/21,0,3214000,-508000,2706000
2017/02/22,0,12837000,-799000,12038000
2017/02/23,0,975000,-7724000,-6749000
2017/02/24,0,1099000,-1393000,-294000
2017/02/27,0,0,0,0
2017/02/28,0,0,0,0
2017/03/01,0,271000,-2651000,-2380000
2017/03/02,0,160000,-1373000,-1213000
2017/03/03,0,107000,-2171000,-2064000
2017/03/06,0,1267000,-398000,869000
2017/03/07,0,329000,-165000,164000
2017/03/08,0,355000,-415000,-60000
2017/03/09,0,1335000,-496000,839000
2017/03/10,0,217000,-8112000,-7895000
2017/03/13,0,222000,-2770000,-2548000
2017/03/14,0,4297000,-386000,3911000
2017/03/15,0,1648000,-4084000,-2436000
2017/03/16,0,957000,-669000,288000
2017/03/17,0,52000,-760000,-708000
2017/03/20,0,1386000,-113000,1273000
2017/03/21,0,1935000,-265000,1670000
2017/03/22,0,1681000,-1341000,340000
2017/03/23,0,327000,-608000,-281000
2017/03/24,0,249000,-2070000,-1821000
2017/03/27,0,615000,-651000,-36000
2017/03/28,0,1009000,-1378000,-369000
2017/03/29,0,24667669,-3903000,20764669
2017/03/30,0,5600000,-7211000,-1611000
2017/03/31,0,3952000,-6517000,-2565000
2017/04/03,0,0,0,0
2017/04/04,0,0,0,0
2017/04/05,0,418000,-4085000,-3667000
2017/04/06,0,859000,-1771000,-912000
2017/04/07,0,11294552,-2350000,8944552
2017/04/10,0,27753000,-6072000,21681000
2017/04/11,0,4643000,-13495000,-8852000
2017/04/12,0,30218000,-4926000,25292000
2017/04/13,0,10136000,-21549000,-11413000
2017/04/14,0,8892000,-5870000,3022000
2017/04/17,0,17670000,-8759000,8911000
2017/04/18,0,3326000,-8599000,-5273000
2017/04/19,0,5374000,-8420000,-3046000
2017/04/20,0,4899000,-8200000,-3301000
2017/04/21,0,7917000,-6808000,1109000
2017/04/24,0,2092000,-3482000,-1390000
2017/04/25,0,18403000,-6439000,11964000
2017/04/26,0,7594000,-11252000,-3658000
2017/04/27,0,6505040,-6666000,-160960
2017/04/28,0,2995000,-10377000,-7382000
2017/05/01,0,0,0,0
2017/05/02,0,4148000,-2662000,1486000
2017/05/03,0,1026000,-1369000,-343000
2017/05/04,0,9665000,-2303000,7362000
2017/05/05,0,1130000,-4745000,-3615000
2017/05/08,0,2290000,-11693000,-9403000
2017/05/09,0,3374000,-10311397,-6937397
2017/05/10,0,8149000,-2343000,5806000
2017/05/11,0,1637000,-21008000,-19371000
2017/05/12,0,6628000,-2091000,4537000
2017/05/15,0,2327000,-938000,1389000
2017/05/16,0,6409000,-896000,5513000
2017/05/17,0,2875000,-9320000,-6445000
2017/05/18,0,2721000,-1392000,1329000
2017/05/19,0,16057000,-5391000,10666000
2017/05/22,0,2380000,-6385000,-4005000
2017/05/23,0,5792000,-2960000,2832000
2017/05/24,0,2978000,-6050000,-3072000
2017/05/25,0,2013000,-2868000,-855000
2017/05/26,0,894000,-4061000,-3167000
2017/05/29,0,0,0,0
2017/05/30,0,0,0,0
2017/05/31,0,3737000,-1883000,1854000
2017/06/01,0,2135000,-1154000,981000
2017/06/02,0,1150000,-1433000,-283000
2017/06/05,0,16846000,-2650000,14196000
2017/06/06,0,7665000,-5331089,2333911
2017/06/07,0,4235000,-8460000,-4225000
2017/06/08,0,2720000,-3866000,-1146000
2017/06/09,0,2490000,-8718000,-6228000
2017/06/12,0,3432000,-1940000,1492000
2017/06/13,0,457000,-2271000,-1814000
2017/06/14,0,1279000,-5005000,-3726000
2017/06/15,0,7514000,-1869000,5645000
2017/06/16,0,11221000,-5767000,5454000
2017/06/19,0,4406000,-5633000,-1227000
2017/06/20,0,5524000,-6455000,-931000
2017/06/21,0,34439000,-7368000,27071000
2017/06/22,0,5371000,-20150000,-14779000
2017/06/23,0,9717000,-9683000,34000
2017/06/26,0,21404000,-7877000,13527000
2017/06/27,0,3357000,-16850000,-13493000
2017/06/28,0,8524000,-12761000,-4237000
2017/06/29,0,2990000,-9311000,-6321000
2017/06/30,0,4670000,-5392000,-722000
2017/07/03,0,7082000,-6141000,941000
2017/07/04,0,2040000,-10055000,-8015000
2017/07/05,0,6410000,-2582000,3828000
2017/07/06,0,1917000,-5288000,-3371000
2017/07/07,0,1995000,-6921000,-4926000
2017/07/10,0,6596000,-5737000,859000
2017/07/11,0,7211000,-5275000,1936000
2017/07/12,0,1660000,-3789000,-2129000
2017/07/13,0,3146000,-10146000,-7000000
2017/07/14,0,6398000,-4788000,1610000
2017/07/17,0,3171000,-4725000,-1554000
2017/07/18,0,14237000,-3055000,11182000
2017/07/19,0,6360000,-7535000,-1175000
2017/07/20,0,4318000,-19001000,-14683000
2017/07/21,0,9635000,-6405000,3230000
2017/07/24,0,5671000,-2383000,3288000
2017/07/25,0,8599000,-2991000,5608000
2017/07/26,0,2793000,-7855000,-5062000
2017/07/27,0,9768000,-6704000,3064000
2017/07/28,0,1956000,-9757000,-7801000
2017/07/31,0,3834000,-1919000,1915000
2017/08/01,0,3254000,-1994000,1260000
2017/08/02,0,900000,-1609000,-709000
2017/08/03,0,207000,-5252000,-5045000
2017/08/04,0,5723000,-1987000,3736000
2017/08/07,0,809000,-4609000,-3800000
2017/08/08,0,3817000,-2997000,820000
2017/08/09,0,862000,-14243000,-13381000
2017/08/10,0,5168000,-7807000,-2639000
2017/08/11,0,11550000,-4580000,6970000
2017/08/14,0,552000,-10517000,-9965000
2017/08/15,0,4166000,-1192000,2974000
2017/08/16,0,4197000,-5567000,-1370000
2017/08/17,0,4403000,-1142000,3261000
2017/08/18,0,522000,-2896000,-2374000
