Date,Open,Buy,Sell,Total
2007/01/02,0,831000,-101000,730000
2007/01/03,0,1252000,-190000,1062000
2007/01/04,0,54000,-114000,-60000
2007/01/05,0,2575000,-1631000,944000
2007/01/08,0,805000,-156000,649000
2007/01/09,0,4064000,-157000,3907000
2007/01/10,0,3329000,-1459000,1870000
2007/01/11,0,2421000,-502000,1919000
2007/01/12,0,4691000,-4799900,-108900
2007/01/15,0,2105000,-1585000,520000
2007/01/16,0,3061000,-536000,2525000
2007/01/17,0,2940000,-931000,2009000
2007/01/18,0,153000,-1065000,-912000
2007/01/19,0,587000,-5646000,-5059000
2007/01/22,0,570000,-1491000,-921000
2007/01/23,0,1098000,-2916000,-1818000
2007/01/24,0,26110000,-976000,25134000
2007/01/25,0,4479000,-1807000,2672000
2007/01/26,0,4384000,-1906000,2478000
2007/01/29,0,2591000,-326000,2265000
2007/01/30,0,1419000,-36000,1383000
2007/01/31,0,4473000,-889000,3584000
2007/02/01,0,13468000,-845000,12623000
2007/02/02,0,11735000,-954000,10781000
2007/02/05,0,11142000,-1499000,9643000
2007/02/06,0,13551000,-2634000,10917000
2007/02/07,0,13059000,-2728000,10331000
2007/02/08,0,9795000,-3400000,6395000
2007/02/09,0,4538410,-1772000,2766410
2007/02/12,0,4765000,-4125000,640000
2007/02/13,0,4818000,-9121000,-4303000
2007/02/14,0,15677000,-9953000,5724000
2007/02/15,0,0,0,0
2007/02/16,0,0,0,0
2007/02/19,0,0,0,0
2007/02/20,0,0,0,0
2007/02/21,0,0,0,0
2007/02/22,0,0,0,0
2007/02/23,0,0,0,0
2007/02/26,0,11759000,-5024000,6735000
2007/02/27,0,36724000,-15484000,21240000
2007/02/28,0,0,0,0
2007/03/01,0,21765000,-4275410,17489590
2007/03/02,0,6310000,-5519000,791000
2007/03/05,0,7485000,-3877000,3608000
2007/03/06,0,2311000,-1805000,506000
2007/03/07,0,3853000,-2032000,1821000
2007/03/08,0,6792000,-4119000,2673000
2007/03/09,0,2215000,-5517000,-3302000
2007/03/12,0,6442000,-525000,5917000
2007/03/13,0,5989000,-2770000,3219000
2007/03/14,0,1307000,-6529000,-5222000
2007/03/15,0,769000,-862000,-93000
2007/03/16,0,1030000,-2091000,-1061000
2007/03/19,0,3259000,-269000,2990000
2007/03/20,0,1578000,-1179000,399000
2007/03/21,0,1023000,-953000,70000
2007/03/22,0,2541000,-759000,1782000
2007/03/23,0,2492000,-1034000,1458000
2007/03/26,0,1683000,-622000,1061000
2007/03/27,0,3038000,-2381000,657000
2007/03/28,0,5967000,-4837000,1130000
2007/03/29,0,5948000,-3087000,2861000
2007/03/30,0,3718000,-313000,3405000
2007/04/02,0,3993000,-732000,3261000
2007/04/03,0,4454000,-731000,3723000
2007/04/04,0,17198000,-402000,16796000
2007/04/05,0,0,0,0
2007/04/06,0,0,0,0
2007/04/09,0,5142000,-1439000,3703000
2007/04/10,0,3172000,-786000,2386000
2007/04/11,0,6692000,-2023000,4669000
2007/04/12,0,9134000,-1433000,7701000
2007/04/13,0,11590000,-606000,10984000
2007/04/16,0,8230000,-655000,7575000
2007/04/17,0,14700000,-2699000,12001000
2007/04/18,0,8707000,-3423000,5284000
2007/04/19,0,9417000,-4154000,5263000
2007/04/20,0,11095000,-1791000,9304000
2007/04/23,0,7526000,-638000,6888000
2007/04/24,0,4765000,-1898000,2867000
2007/04/25,0,5750000,-2633000,3117000
2007/04/26,0,5920000,-3649000,2271000
2007/04/27,0,4687000,-1424000,3263000
2007/04/30,0,4538000,-1094000,3444000
2007/05/01,0,0,0,0
2007/05/02,0,3347000,-412000,2935000
2007/05/03,0,15189000,-6657000,8532000
2007/05/04,0,6089000,-2014000,4075000
2007/05/07,0,12363000,-307000,12056000
2007/05/08,0,10417000,-1216000,9201000
2007/05/09,0,5425000,-1066000,4359000
2007/05/10,0,4390000,-765000,3625000
2007/05/11,0,619000,-1270000,-651000
2007/05/14,0,1809000,-1673000,136000
2007/05/15,0,1020000,-5120000,-4100000
2007/05/16,0,1267000,-4448000,-3181000
2007/05/17,0,2828000,-6062000,-3234000
2007/05/18,0,3726000,-6173000,-2447000
2007/05/21,0,4227000,-8693000,-4466000
2007/05/22,0,3127000,-1638000,1489000
2007/05/23,0,2131000,-1051000,1080000
2007/05/24,0,425000,-400000,25000
2007/05/25,0,1014000,-1560000,-546000
2007/05/28,0,2169000,-299000,1870000
2007/05/29,0,6363000,-678000,5685000
2007/05/30,0,3365000,-2355000,1010000
2007/05/31,0,11724000,-2130000,9594000
2007/06/01,0,4308000,-958000,3350000
2007/06/04,0,1016000,-233000,783000
2007/06/05,0,2034000,-460000,1574000
2007/06/06,0,8809000,-1033000,7776000
2007/06/07,0,2764000,-5363000,-2599000
2007/06/08,0,2397000,-3418000,-1021000
2007/06/11,0,3869000,-3940000,-71000
2007/06/12,0,8886000,-1424000,7462000
2007/06/13,0,1415000,-2378000,-963000
2007/06/14,0,3278000,-2774000,504000
2007/06/15,0,9498000,-2471000,7027000
2007/06/18,0,0,0,0
2007/06/19,0,0,0,0
2007/06/20,0,8879000,-1818000,7061000
2007/06/21,0,11005000,-3805000,7200000
2007/06/22,0,1568000,-3205000,-1637000
2007/06/25,0,2623000,-3153000,-530000
2007/06/26,0,1882044,-2191000,-308956
2007/06/27,0,572000,-872000,-300000
2007/06/28,0,3100000,-825000,2275000
2007/06/29,0,5370000,-1077000,4293000
2007/07/02,0,7147246,-2735246,4412000
2007/07/03,0,1795000,-1322000,473000
2007/07/04,0,2037000,-520000,1517000
2007/07/05,0,3949000,-2704000,1245000
2007/07/06,0,6386000,-3409000,2977000
2007/07/09,0,4539000,-4223000,316000
2007/07/10,0,3925000,-6512000,-2587000
2007/07/11,0,1531000,-4843000,-3312000
2007/07/12,0,2973000,-4212000,-1239000
2007/07/13,0,4633750,-1154000,3479750
2007/07/16,0,3194000,-3532000,-338000
2007/07/17,0,2498000,-5097000,-2599000
2007/07/18,0,1210000,-2436000,-1226000
2007/07/19,0,1402000,-2165000,-763000
2007/07/20,0,2628000,-2305000,323000
2007/07/23,0,1807000,-5826000,-4019000
2007/07/24,0,1531000,-1882000,-351000
2007/07/25,0,4527000,-6915000,-2388000
2007/07/26,0,8004000,-5728000,2276000
2007/07/27,0,2256000,-5560000,-3304000
2007/07/30,0,5106000,-6174000,-1068000
2007/07/31,0,7191000,-6530000,661000
2007/08/01,0,5469000,-5657000,-188000
2007/08/02,0,1799000,-3201000,-1402000
2007/08/03,0,5164000,-1138000,4026000
2007/08/06,0,1846000,-1352000,494000
2007/08/07,0,311000,-814000,-503000
2007/08/08,0,1542000,-2237000,-695000
2007/08/09,0,2960000,-3431000,-471000
2007/08/10,0,2910000,-4880000,-1970000
2007/08/13,0,2341000,-2418000,-77000
2007/08/14,0,2789370,-1704000,1085370
2007/08/15,0,2733000,-4367000,-1634000
2007/08/16,0,3251000,-2997000,254000
2007/08/17,0,4392000,-12455000,-8063000
2007/08/20,0,844000,-318000,526000
2007/08/21,0,4896000,-3731000,1165000
2007/08/22,0,2022000,-224000,1798000
2007/08/23,0,4581000,-993000,3588000
2007/08/24,0,2150000,-7326000,-5176000
2007/08/27,0,1541000,-1165000,376000
2007/08/28,0,1460000,-3465367,-2005367
2007/08/29,0,1128068,-1139000,-10932
2007/08/30,0,5764000,-1847000,3917000
2007/08/31,0,6510000,-1510000,5000000
2007/09/03,0,492000,-1154000,-662000
2007/09/04,0,1082000,-246000,836000
2007/09/05,0,3315000,-2188000,1127000
2007/09/06,0,6422911,-880000,5542911
2007/09/07,0,1152000,-933000,219000
2007/09/10,0,1924000,-4758569,-2834569
2007/09/11,0,1082000,-3358000,-2276000
2007/09/12,0,3509000,-649000,2860000
2007/09/13,0,2880460,-784000,2096460
2007/09/14,0,3093000,-5129000,-2036000
2007/09/17,0,4245460,-4784000,-538540
2007/09/18,0,0,0,0
2007/09/19,0,8481000,-9267241,-786241
2007/09/20,0,5034000,-4694000,340000
2007/09/21,0,1750000,-3698000,-1948000
2007/09/24,0,0,0,0
2007/09/25,0,0,0,0
2007/09/26,0,3600000,-5547000,-1947000
2007/09/27,0,3324000,-5666797,-2342797
2007/09/28,0,1718000,-4244000,-2526000
2007/10/01,0,538000,-3640000,-3102000
2007/10/02,0,4029000,-14594000,-10565000
2007/10/03,0,3109000,-2072808,1036192
2007/10/04,0,2947000,-1116000,1831000
2007/10/05,0,3796360,-960200,2836160
2007/10/08,0,6531000,-793000,5738000
2007/10/09,0,9209000,-4639000,4570000
2007/10/10,0,0,0,0
2007/10/11,0,10868000,-12554000,-1686000
2007/10/12,0,2637022,-2683991,-46969
2007/10/15,0,2038000,-1047466,990534
2007/10/16,0,3574000,-9492664,-5918664
2007/10/17,0,2207777,-4054166,-1846389
2007/10/18,0,3088000,-1352413,1735587
2007/10/19,0,5691000,-932944,4758056
2007/10/22,0,2308000,-6049366,-3741366
2007/10/23,0,6445000,-798193,5646807
2007/10/24,0,7417000,-1850000,5567000
2007/10/25,0,4034866,-1618904,2415962
2007/10/26,0,3546000,-1581705,1964295
2007/10/29,0,11288948,-4849326,6439622
2007/10/30,0,7909000,-5346877,2562123
2007/10/31,0,13665843,-16913616,-3247773
2007/11/01,0,15104500,-18719010,-3614510
2007/11/02,0,3929650,-7395000,-3465350
2007/11/05,0,4095000,-6349984,-2254984
2007/11/06,0,8083272,-7290500,792772
2007/11/07,0,7287000,-5722083,1564917
2007/11/08,0,2014000,-4870000,-2856000
2007/11/09,0,4738000,-10443000,-5705000
2007/11/12,0,4091000,-1894000,2197000
2007/11/13,0,16483760,-7777525,8706235
2007/11/14,0,12939000,-7958099,4980901
2007/11/15,0,7761000,-7665000,96000
2007/11/16,0,5587000,-10880437,-5293437
2007/11/19,0,17948000,-11224760,6723240
2007/11/20,0,4625000,-6777112,-2152112
2007/11/21,0,5432860,-7976253,-2543393
2007/11/22,0,10950000,-5142954,5807046
2007/11/23,0,2441000,-3041000,-600000
2007/11/26,0,6313000,-1951257,4361743
2007/11/27,0,8219000,-5921228,2297772
2007/11/28,0,3428000,-2307000,1121000
2007/11/29,0,6912000,-5149679,1762321
2007/11/30,0,5369026,-3451917,1917109
2007/12/03,0,1642487,-2182456,-539969
2007/12/04,0,1060930,-2180992,-1120062
2007/12/05,0,5064000,-3511640,1552360
2007/12/06,0,6496000,-5186000,1310000
2007/12/07,0,6907896,-3986432,2921464
2007/12/10,0,4752882,-5584934,-832052
2007/12/11,0,6711000,-12595672,-5884672
2007/12/12,0,7022000,-13626698,-6604698
2007/12/13,0,9285000,-16266498,-6981498
2007/12/14,0,10744000,-10348208,395792
2007/12/17,0,12142000,-13106748,-964748
2007/12/18,0,7771000,-8334902,-563902
2007/12/19,0,7555000,-6071000,1484000
2007/12/20,0,7387000,-6119000,1268000
2007/12/21,0,6253000,-3919000,2334000
2007/12/24,0,4032420,-1441455,2590965
2007/12/25,0,2099000,-223545,1875455
2007/12/26,0,399000,-570000,-171000
2007/12/27,0,4037734,-947000,3090734
2007/12/28,0,1275000,-2397280,-1122280
2007/12/31,0,812240,-280640,531600
2008/01/01,0,0,0,0
2008/01/02,0,2257000,-1984191,272809
2008/01/03,0,5783606,-5026641,756965
2008/01/04,0,2904000,-12846799,-9942799
2008/01/07,0,594000,-3188482,-2594482
2008/01/08,0,1831000,-13785194,-11954194
2008/01/09,0,18285000,-18986561,-701561
2008/01/10,0,2008000,-9194621,-7186621
2008/01/11,0,3036100,-12059000,-9022900
2008/01/14,0,4998000,-6752182,-1754182
2008/01/15,0,8049000,-10169152,-2120152
2008/01/16,0,1343000,-10652748,-9309748
2008/01/17,0,2338000,-9642377,-7304377
2008/01/18,0,2790813,-10580868,-7790055
2008/01/21,0,980000,-2036000,-1056000
2008/01/22,0,529000,-7516892,-6987892
2008/01/23,0,2296000,-3455000,-1159000
2008/01/24,0,9086000,-9323558,-237558
2008/01/25,0,5290000,-11026000,-5736000
2008/01/28,0,2772000,-7560450,-4788450
2008/01/29,0,3911020,-5303286,-1392266
2008/01/30,0,5006877,-2825950,2180927
2008/01/31,0,7001000,-4043993,2957007
2008/02/01,0,1298000,-2761544,-1463544
2008/02/04,0,0,0,0
2008/02/05,0,0,0,0
2008/02/06,0,0,0,0
2008/02/07,0,0,0,0
2008/02/08,0,0,0,0
2008/02/11,0,0,0,0
2008/02/12,0,4947000,-5911267,-964267
2008/02/13,0,2524500,-8545970,-6021470
2008/02/14,0,1367000,-6876075,-5509075
2008/02/15,0,5627000,-1874000,3753000
2008/02/18,0,6168000,-1187000,4981000
2008/02/19,0,4549000,-1713000,2836000
2008/02/20,0,2031000,-4999000,-2968000
2008/02/21,0,3210000,-2498637,711363
2008/02/22,0,8450000,-16002286,-7552286
2008/02/25,0,4077000,-4582000,-505000
2008/02/26,0,13623000,-2681743,10941257
2008/02/27,0,22489000,-7343000,15146000
2008/02/28,0,0,0,0
2008/02/29,0,4928781,-15112918,-10184137
2008/03/03,0,4747000,-13676943,-8929943
2008/03/04,0,7279000,-5343000,1936000
2008/03/05,0,4157000,-8063616,-3906616
2008/03/06,0,13523540,-9200208,4323332
2008/03/07,0,7885000,-8048500,-163500
2008/03/10,0,10777000,-5197000,5580000
2008/03/11,0,3340000,-8451600,-5111600
2008/03/12,0,3988580,-1952474,2036106
2008/03/13,0,1864000,-5368700,-3504700
2008/03/14,0,1859000,-4826000,-2967000
2008/03/17,0,2747000,-11538000,-8791000
2008/03/18,0,1307000,-6412473,-5105473
2008/03/19,0,2868000,-2248934,619066
2008/03/20,0,4999000,-7825946,-2826946
2008/03/21,0,5320000,-9151837,-3831837
2008/03/24,0,11495200,-5683509,5811691
2008/03/25,0,14176000,-2177780,11998220
2008/03/26,0,11593000,-3887830,7705170
2008/03/27,0,3809133,-17298129,-13488996
2008/03/28,0,5229133,-6308000,-1078867
2008/03/31,0,3392767,-8888000,-5495233
2008/04/01,0,1958666,-5737611,-3778945
2008/04/02,0,6509000,-5189500,1319500
2008/04/03,0,7861000,-7730632,130368
2008/04/04,0,0,0,0
2008/04/07,0,8078630,-4078222,4000408
2008/04/08,0,11281236,-10959021,322215
2008/04/09,0,3532000,-2299000,1233000
2008/04/10,0,4788000,-1839000,2949000
2008/04/11,0,8334000,-3680436,4653564
2008/04/14,0,1969000,-3090000,-1121000
2008/04/15,0,1740000,-18878048,-17138048
2008/04/16,0,9060000,-7068479,1991521
2008/04/17,0,4095000,-1687123,2407877
2008/04/18,0,3890000,-1219000,2671000
2008/04/21,0,5700000,-1017000,4683000
2008/04/22,0,1907000,-2433000,-526000
2008/04/23,0,3458000,-1777979,1680021
2008/04/24,0,3048100,-5894000,-2845900
2008/04/25,0,1565200,-5784629,-4219429
2008/04/28,0,4884000,-2335000,2549000
2008/04/29,0,3968000,-2163000,1805000
2008/04/30,0,3316000,-3879000,-563000
2008/05/01,0,0,0,0
2008/05/02,0,5298600,-12294188,-6995588
2008/05/05,0,2467000,-3177000,-710000
2008/05/06,0,3056000,-2459000,597000
2008/05/07,0,3837000,-2516000,1321000
2008/05/08,0,592200,-2106834,-1514634
2008/05/09,0,2174000,-1158000,1016000
2008/05/12,0,3314000,-207200,3106800
2008/05/13,0,3446000,-705000,2741000
2008/05/14,0,3389924,-650000,2739924
2008/05/15,0,21208000,-1411742,19796258
2008/05/16,0,7566300,-6800219,766081
2008/05/19,0,2423000,-4864000,-2441000
2008/05/20,0,2096000,-4986513,-2890513
2008/05/21,0,2651000,-4727553,-2076553
2008/05/22,0,1034000,-7549653,-6515653
2008/05/23,0,538000,-2742100,-2204100
2008/05/26,0,983000,-1152000,-169000
2008/05/27,0,1485000,-3082400,-1597400
2008/05/28,0,944000,-4711735,-3767735
2008/05/29,0,4217000,-7955759,-3738759
2008/05/30,0,7849000,-5658464,2190536
2008/06/02,0,1293000,-1501278,-208278
2008/06/03,0,1926000,-3292000,-1366000
2008/06/04,0,988000,-582000,406000
2008/06/05,0,3730000,-1871000,1859000
2008/06/06,0,1655000,-1809784,-154784
2008/06/09,0,5968000,-3180394,2787606
2008/06/10,0,385000,-4972228,-4587228
2008/06/11,0,1518000,-6773155,-5255155
2008/06/12,0,535000,-12895700,-12360700
2008/06/13,0,2156000,-15924412,-13768412
2008/06/16,0,4207000,-8774952,-4567952
2008/06/17,0,3799794,-15037175,-11237381
2008/06/18,0,4967000,-15481259,-10514259
2008/06/19,0,2388000,-16644202,-14256202
2008/06/20,0,4683365,-14441052,-9757687
2008/06/23,0,4443000,-5685643,-1242643
2008/06/24,0,1837000,-13036281,-11199281
2008/06/25,0,5236000,-2949454,2286546
2008/06/26,0,3127500,-20165000,-17037500
2008/06/27,0,5635000,-16237460,-10602460
2008/06/30,0,2929000,-3647000,-718000
2008/07/01,0,3200000,-4207276,-1007276
2008/07/02,0,6611000,-13393419,-6782419
2008/07/03,0,6321000,-5629390,691610
2008/07/04,0,2044000,-2161000,-117000
2008/07/07,0,2933000,-1625929,1307071
2008/07/08,0,1293000,-8969000,-7676000
2008/07/09,0,5922000,-14531348,-8609348
2008/07/10,0,3714000,-6371299,-2657299
2008/07/11,0,2806000,-2789185,16815
2008/07/14,0,1964150,-2735379,-771229
2008/07/15,0,2871000,-2856000,15000
2008/07/16,0,3056000,-4113200,-1057200
2008/07/17,0,2606000,-3010175,-404175
2008/07/18,0,2677000,-7187000,-4510000
2008/07/21,0,3844000,-3032622,811378
2008/07/22,0,1896000,-3115963,-1219963
2008/07/23,0,5495000,-10184062,-4689062
2008/07/24,0,2739000,-1422410,1316590
2008/07/25,0,1082000,-3082919,-2000919
2008/07/28,0,0,0,0
2008/07/29,0,1611000,-8651000,-7040000
2008/07/30,0,3224000,-4441679,-1217679
2008/07/31,0,3846000,-10777100,-6931100
2008/08/01,0,5339000,-11174443,-5835443
2008/08/04,0,3627000,-14201108,-10574108
2008/08/05,0,4878000,-15041969,-10163969
2008/08/06,0,12435000,-16040831,-3605831
2008/08/07,0,2439100,-11143675,-8704575
2008/08/08,0,5431000,-758000,4673000
2008/08/11,0,2546000,-1553227,992773
2008/08/12,0,8896000,-4868975,4027025
2008/08/13,0,4694000,-7204982,-2510982
2008/08/14,0,2814000,-7263000,-4449000
2008/08/15,0,3389000,-7163958,-3774958
2008/08/18,0,4546000,-4166000,380000
2008/08/19,0,1961000,-2894000,-933000
2008/08/20,0,1617300,-3636000,-2018700
2008/08/21,0,1355000,-2265000,-910000
2008/08/22,0,1153000,-8394697,-7241697
2008/08/25,0,3047000,-413796,2633204
2008/08/26,0,2865000,-1028000,1837000
2008/08/27,0,3536000,-1750833,1785167
2008/08/28,0,2764000,-5143893,-2379893
2008/08/29,0,3231000,-2036991,1194009
2008/09/01,0,2386200,-7213836,-4827636
2008/09/02,0,1505000,-1607000,-102000
2008/09/03,0,2441000,-2547479,-106479
2008/09/04,0,1908000,-7392500,-5484500
2008/09/05,0,1039000,-2812400,-1773400
2008/09/08,0,5241000,-17104052,-11863052
2008/09/09,0,795000,-5329000,-4534000
2008/09/10,0,2678000,-11357000,-8679000
2008/09/11,0,4657000,-9823000,-5166000
2008/09/12,0,2036100,-6708000,-4671900
2008/09/15,0,1368000,-5804000,-4436000
2008/09/16,0,3597000,-1552000,2045000
2008/09/17,0,5211600,-1694700,3516900
2008/09/18,0,3231000,-3140000,91000
2008/09/19,0,1798000,-597000,1201000
2008/09/22,0,2036000,-2061785,-25785
2008/09/23,0,12429000,-2322300,10106700
2008/09/24,0,8166086,-1731959,6434127
2008/09/25,0,4292000,-2409400,1882600
2008/09/26,0,2622000,-9255910,-6633910
2008/09/29,0,0,0,0
2008/09/30,0,4091000,-1524000,2567000
2008/10/01,0,2905034,-2776237,128797
2008/10/02,0,2920000,-1840000,1080000
2008/10/03,0,4568300,-874614,3693686
2008/10/06,0,2107000,-5728509,-3621509
2008/10/07,0,6404300,-2574446,3829854
2008/10/08,0,3159800,-3082160,77640
2008/10/09,0,9944800,-3542153,6402647
2008/10/10,0,0,0,0
2008/10/13,0,2714000,-3466000,-752000
2008/10/14,0,5182000,-18842293,-13660293
2008/10/15,0,1193000,-400629,792371
2008/10/16,0,479000,-157000,322000
2008/10/17,0,690000,-1535000,-845000
2008/10/20,0,1095000,-218000,877000
2008/10/21,0,1099000,-5123000,-4024000
2008/10/22,0,920000,-250000,670000
2008/10/23,0,788100,-69600,718500
2008/10/24,0,363000,-49000,314000
2008/10/27,0,125000,-14000,111000
2008/10/28,0,1955000,-13581021,-11626021
2008/10/29,0,1425000,-1161700,263300
2008/10/30,0,3215450,-3935132,-719682
2008/10/31,0,3970000,-8373000,-4403000
2008/11/03,0,1966005,-1981305,-15300
2008/11/04,0,3521140,-2120652,1400488
2008/11/05,0,3917000,-9510139,-5593139
2008/11/06,0,1165000,-697000,468000
2008/11/07,0,1911000,-5719111,-3808111
2008/11/10,0,1755000,-5059526,-3304526
2008/11/11,0,1665000,-911569,753431
2008/11/12,0,4808000,-3282827,1525173
2008/11/13,0,490310,-5967000,-5476690
2008/11/14,0,1103000,-22957400,-21854400
2008/11/17,0,2231000,-935000,1296000
2008/11/18,0,5732000,-1092500,4639500
2008/11/19,0,571000,-2999732,-2428732
2008/11/20,0,307000,-4524000,-4217000
2008/11/21,0,4468000,-1627029,2840971
2008/11/24,0,1308000,-5401883,-4093883
2008/11/25,0,3592000,-3349890,242110
2008/11/26,0,1632000,-958961,673039
2008/11/27,0,365000,-5341444,-4976444
2008/11/28,0,6871000,-1000887,5870113
2008/12/01,0,4663000,-2823400,1839600
2008/12/02,0,2084000,-4052500,-1968500
2008/12/03,0,1166200,-3627000,-2460800
2008/12/04,0,733000,-3214780,-2481780
2008/12/05,0,1743000,-10935423,-9192423
2008/12/08,0,5696600,-625384,5071216
2008/12/09,0,8317000,-2022200,6294800
2008/12/10,0,3789000,-704000,3085000
2008/12/11,0,4400000,-3749200,650800
2008/12/12,0,3589000,-5083000,-1494000
2008/12/15,0,2584000,-169000,2415000
2008/12/16,0,3363000,-2330302,1032698
2008/12/17,0,6055000,-8992156,-2937156
2008/12/18,0,6520000,-2896000,3624000
2008/12/19,0,1911000,-3521000,-1610000
2008/12/22,0,2528000,-2364500,163500
2008/12/23,0,4736000,-2769000,1967000
2008/12/24,0,1067800,-2137000,-1069200
2008/12/25,0,763000,-306000,457000
2008/12/26,0,2414000,-256000,2158000
2008/12/29,0,629000,-1322000,-693000
2008/12/30,0,264000,-327000,-63000
2008/12/31,0,4795000,-3791947,1003053
2009/01/01,0,0,0,0
2009/01/02,0,0,0,0
2009/01/05,0,2108000,-322000,1786000
2009/01/06,0,6604100,-2796539,3807561
2009/01/07,0,3017000,-3640620,-623620
2009/01/08,0,2388000,-4091000,-1703000
2009/01/09,0,939000,-1641500,-702500
2009/01/12,0,837439,-3581000,-2743561
2009/01/13,0,3700000,-2045000,1655000
2009/01/14,0,3356000,-4293000,-937000
2009/01/15,0,325000,-5404000,-5079000
2009/01/16,0,1254000,-1361900,-107900
2009/01/19,0,1463000,-1031858,431142
2009/01/20,0,1474000,-4257000,-2783000
2009/01/21,0,1601900,-1947100,-345200
2009/01/22,0,0,0,0
2009/01/23,0,0,0,0
2009/01/26,0,0,0,0
2009/01/27,0,0,0,0
2009/01/28,0,0,0,0
2009/01/29,0,0,0,0
2009/01/30,0,0,0,0
2009/02/02,0,10553000,-3750182,6802818
2009/02/03,0,6834000,-1838910,4995090
2009/02/04,0,640000,-7199000,-6559000
2009/02/05,0,4538000,-1541000,2997000
2009/02/06,0,3250000,-4306000,-1056000
2009/02/09,0,1541000,-1393900,147100
2009/02/10,0,6199000,-2657000,3542000
2009/02/11,0,2777000,-2384141,392859
2009/02/12,0,1455000,-1365000,90000
2009/02/13,0,5447000,-571000,4876000
2009/02/16,0,2169000,-1162000,1007000
2009/02/17,0,3164000,-8022045,-4858045
2009/02/18,0,4024000,-1639000,2385000
2009/02/19,0,5824000,-3331000,2493000
2009/02/20,0,1149741,-4782391,-3632650
2009/02/23,0,2431000,-1210000,1221000
2009/02/24,0,1921000,-4449008,-2528008
2009/02/25,0,2193000,-3302430,-1109430
2009/02/26,0,1604500,-963300,641200
2009/02/27,0,2062000,-910096,1151904
2009/03/02,0,415095,-4446618,-4031523
2009/03/03,0,3569000,-4349000,-780000
2009/03/04,0,3595000,-1153716,2441284
2009/03/05,0,8921000,-968000,7953000
2009/03/06,0,8861500,-1284000,7577500
2009/03/09,0,4677000,-1800000,2877000
2009/03/10,0,3859000,-517000,3342000
2009/03/11,0,17691000,-6516000,11175000
2009/03/12,0,12679000,-4765000,7914000
2009/03/13,0,9784000,-2709000,7075000
2009/03/16,0,8918000,-1193000,7725000
2009/03/17,0,8669000,-4455000,4214000
2009/03/18,0,3698000,-999500,2698500
2009/03/19,0,5448500,-3103900,2344600
2009/03/20,0,4539000,-1520000,3019000
2009/03/23,0,3016000,-2531820,484180
2009/03/24,0,3106000,-851637,2254363
2009/03/25,0,5696000,-861760,4834240
2009/03/26,0,3044000,-6711000,-3667000
2009/03/27,0,6315000,-2772100,3542900
2009/03/30,0,1798000,-4507000,-2709000
2009/03/31,0,1497000,-6524820,-5027820
2009/04/01,0,1191000,-2569000,-1378000
2009/04/02,0,6060000,-2021000,4039000
2009/04/03,0,3824000,-1305001,2518999
2009/04/06,0,5402000,-4137000,1265000
2009/04/07,0,585000,-3099222,-2514222
2009/04/08,0,5459924,-6411424,-951500
2009/04/09,0,3769000,-1067726,2701274
2009/04/10,0,4400000,-1555000,2845000
2009/04/13,0,9979000,-793000,9186000
2009/04/14,0,11607000,-5646000,5961000
2009/04/15,0,6950000,-2992000,3958000
2009/04/16,0,2595000,-1216300,1378700
2009/04/17,0,3697986,-1383000,2314986
2009/04/20,0,2700000,-2006000,694000
2009/04/21,0,4278000,-3610000,668000
2009/04/22,0,6090000,-1415000,4675000
2009/04/23,0,4385000,-1092000,3293000
2009/04/24,0,1645100,-3268000,-1622900
2009/04/27,0,3433461,-1252000,2181461
2009/04/28,0,3195000,-965000,2230000
2009/04/29,0,3948000,-2864242,1083758
2009/04/30,0,5995000,-675000,5320000
2009/05/01,0,0,0,0
2009/05/04,0,17864200,-16317200,1547000
2009/05/05,0,11094494,-2537000,8557494
2009/05/06,0,1810000,-1523200,286800
2009/05/07,0,5583000,-3786800,1796200
2009/05/08,0,5771000,-4577000,1194000
2009/05/11,0,5023000,-3453200,1569800
2009/05/12,0,3214000,-2178000,1036000
2009/05/13,0,6332000,-2111600,4220400
2009/05/14,0,1016000,-3811008,-2795008
2009/05/15,0,2438693,-6628000,-4189307
2009/05/18,0,1524461,-1981500,-457039
2009/05/19,0,4231000,-2940000,1291000
2009/05/20,0,2237996,-510200,1727796
2009/05/21,0,1953000,-3443000,-1490000
2009/05/22,0,2351000,-4587000,-2236000
2009/05/25,0,1121000,-1605447,-484447
2009/05/26,0,2164000,-1892000,272000
2009/05/27,0,4834000,-12736887,-7902887
2009/05/28,0,0,0,0
2009/05/29,0,0,0,0
2009/06/01,0,7579000,-4110000,3469000
2009/06/02,0,1831000,-1126400,704600
2009/06/03,0,5169000,-283110,4885890
2009/06/04,0,1293000,-7597000,-6304000
2009/06/05,0,748995,-11323000,-10574005
2009/06/08,0,1275000,-1713000,-438000
2009/06/09,0,2695000,-6594000,-3899000
2009/06/10,0,1370000,-3411252,-2041252
2009/06/11,0,3348000,-1264000,2084000
2009/06/12,0,964000,-3060000,-2096000
2009/06/15,0,741165,-806000,-64835
2009/06/16,0,1197000,-3092910,-1895910
2009/06/17,0,1221000,-3682924,-2461924
2009/06/18,0,1807000,-4736000,-2929000
2009/06/19,0,1604000,-2129001,-525001
2009/06/22,0,1027000,-2171000,-1144000
2009/06/23,0,2864600,-5467000,-2602400
2009/06/24,0,5257000,-3315000,1942000
2009/06/25,0,1453000,-1285000,168000
2009/06/26,0,1305000,-1161000,144000
2009/06/29,0,2500000,-3691000,-1191000
2009/06/30,0,2994000,-588159,2405841
2009/07/01,0,3577500,-866550,2710950
2009/07/02,0,1195000,-1136000,59000
2009/07/03,0,499787,-1367000,-867213
2009/07/06,0,698000,-1284314,-586314
2009/07/07,0,937000,-784730,152270
2009/07/08,0,489000,-1727000,-1238000
2009/07/09,0,9418000,-544000,8874000
2009/07/10,0,7075000,-2125011,4949989
2009/07/13,0,1002000,-2670000,-1668000
2009/07/14,0,2072000,-4163240,-2091240
2009/07/15,0,2318000,-1644600,673400
2009/07/16,0,1740000,-3259604,-1519604
2009/07/17,0,5943855,-1358328,4585527
2009/07/20,0,8107000,-392471,7714529
2009/07/21,0,3625000,-1113150,2511850
2009/07/22,0,1449000,-1788000,-339000
2009/07/23,0,2287000,-3399430,-1112430
2009/07/24,0,1490500,-921470,569030
2009/07/27,0,1553000,-1442954,110046
2009/07/28,0,1578000,-694000,884000
2009/07/29,0,1587000,-143587,1443413
2009/07/30,0,873000,-1329082,-456082
2009/07/31,0,3695000,-1857000,1838000
2009/08/03,0,2143200,-1785203,357997
2009/08/04,0,513000,-1686000,-1173000
2009/08/05,0,838000,-3383252,-2545252
2009/08/06,0,702000,-2592000,-1890000
2009/08/07,0,0,0,0
2009/08/10,0,767451,-1792000,-1024549
2009/08/11,0,1762000,-3658000,-1896000
2009/08/12,0,1869000,-1432800,436200
2009/08/13,0,3467000,-2157391,1309609
2009/08/14,0,3783000,-3714000,69000
2009/08/17,0,301000,-2763100,-2462100
2009/08/18,0,547000,-2558000,-2011000
2009/08/19,0,637000,-2125890,-1488890
2009/08/20,0,714000,-1357000,-643000
2009/08/21,0,5586000,-3776010,1809990
2009/08/24,0,2394000,-5611558,-3217558
2009/08/25,0,1511000,-3069833,-1558833
2009/08/26,0,1219000,-2864000,-1645000
2009/08/27,0,1659000,-2203000,-544000
2009/08/28,0,2010000,-2543600,-533600
2009/08/31,0,2147415,-2865615,-718200
2009/09/01,0,2275030,-388831,1886199
2009/09/02,0,1834396,-3495000,-1660604
2009/09/03,0,2040000,-1641000,399000
2009/09/04,0,1450000,-3436196,-1986196
2009/09/07,0,1101000,-6432685,-5331685
2009/09/08,0,10153000,-233000,9920000
2009/09/09,0,3481000,-975000,2506000
2009/09/10,0,5489000,-2207850,3281150
2009/09/11,0,1733000,-2955000,-1222000
2009/09/14,0,1229000,-6778000,-5549000
2009/09/15,0,2833000,-3955000,-1122000
2009/09/16,0,3226000,-13159495,-9933495
2009/09/17,0,3353000,-23809810,-20456810
2009/09/18,0,2845000,-1426600,1418400
2009/09/21,0,507000,-1161337,-654337
2009/09/22,0,9251000,-1500200,7750800
2009/09/23,0,9299735,-1712000,7587735
2009/09/24,0,2471000,-2681000,-210000
2009/09/25,0,2091000,-2454460,-363460
2009/09/28,0,2358000,-4344526,-1986526
2009/09/29,0,4463193,-3345854,1117339
2009/09/30,0,10788130,-415006,10373124
2009/10/01,0,1522000,-1580939,-58939
2009/10/02,0,14058000,-10313042,3744958
2009/10/05,0,3039500,-3084090,-44590
2009/10/06,0,6225000,-2105000,4120000
2009/10/07,0,3510000,-1392900,2117100
2009/10/08,0,3263000,-693840,2569160
2009/10/09,0,868000,-770000,98000
2009/10/12,0,2138000,-1704890,433110
2009/10/13,0,5001000,-3735790,1265210
2009/10/14,0,24068165,-2001165,22067000
2009/10/15,0,10636000,-3512875,7123125
2009/10/16,0,9679000,-3574136,6104864
2009/10/19,0,7312000,-1390890,5921110
2009/10/20,0,8492173,-1700000,6792173
2009/10/21,0,1795000,-2046000,-251000
2009/10/22,0,4053000,-3909760,143240
2009/10/23,0,685000,-4689900,-4004900
2009/10/26,0,2435000,-1519055,915945
2009/10/27,0,1059000,-3585000,-2526000
2009/10/28,0,1559000,-4828000,-3269000
2009/10/29,0,2513380,-7864460,-5351080
2009/10/30,0,7583770,-5656404,1927366
2009/11/02,0,1412000,-2680440,-1268440
2009/11/03,0,1652000,-2670690,-1018690
2009/11/04,0,986600,-1373030,-386430
2009/11/05,0,1043738,-892000,151738
2009/11/06,0,2564000,-220000,2344000
2009/11/09,0,2102000,-842960,1259040
2009/11/10,0,4366000,-994090,3371910
2009/11/11,0,1932000,-120700,1811300
2009/11/12,0,4061356,-76198,3985158
2009/11/13,0,1532430,-4090367,-2557937
2009/11/16,0,7664320,-7413478,250842
2009/11/17,0,5696075,-13286240,-7590165
2009/11/18,0,5486000,-3673000,1813000
2009/11/19,0,5988989,-5947240,41749
2009/11/20,0,1408940,-4470400,-3061460
2009/11/23,0,1006000,-1430000,-424000
2009/11/24,0,2708000,-1600231,1107769
2009/11/25,0,4183127,-1099000,3084127
2009/11/26,0,8244000,-1693693,6550307
2009/11/27,0,1721000,-5558000,-3837000
2009/11/30,0,2165008,-2296313,-131305
2009/12/01,0,5595000,-2374577,3220423
2009/12/02,0,5032000,-1351000,3681000
2009/12/03,0,2981900,-1542791,1439109
2009/12/04,0,4728000,-1146360,3581640
2009/12/07,0,7049000,-617383,6431617
2009/12/08,0,6521000,-1543767,4977233
2009/12/09,0,1557000,-3525169,-1968169
2009/12/10,0,1037490,-6121526,-5084036
2009/12/11,0,1235000,-1112337,122663
2009/12/14,0,1028000,-2638109,-1610109
2009/12/15,0,655000,-1018000,-363000
2009/12/16,0,948000,-377011,570989
2009/12/17,0,540680,-944000,-403320
2009/12/18,0,286000,-1301050,-1015050
2009/12/21,0,1622000,-1908674,-286674
2009/12/22,0,1042660,-1626674,-584014
2009/12/23,0,6558000,-6880064,-322064
2009/12/24,0,1760000,-8199000,-6439000
2009/12/25,0,581000,-12000,569000
2009/12/28,0,2113000,-868000,1245000
2009/12/29,0,2814000,-1406023,1407977
2009/12/30,0,2873000,-1861000,1012000
2009/12/31,0,4095000,-267000,3828000
2010/01/01,0,0,0,0
2010/01/04,0,7142000,-2274268,4867732
2010/01/05,0,6700000,-2912830,3787170
2010/01/06,0,2167707,-2206429,-38722
2010/01/07,0,6933279,-2127033,4806246
2010/01/08,0,5347480,-3503163,1844317
2010/01/11,0,9868000,-4241000,5627000
2010/01/12,0,1369000,-4064000,-2695000
2010/01/13,0,1036000,-6446470,-5410470
2010/01/14,0,4906000,-4255600,650400
2010/01/15,0,8614000,-3642656,4971344
2010/01/18,0,1600532,-4373532,-2773000
2010/01/19,0,765000,-3003580,-2238580
2010/01/20,0,3998280,-4849409,-851129
2010/01/21,0,3346600,-986000,2360600
2010/01/22,0,1833000,-4454000,-2621000
2010/01/25,0,2586900,-7266000,-4679100
2010/01/26,0,3181000,-5877000,-2696000
2010/01/27,0,4722000,-9374020,-4652020
2010/01/28,0,22750000,-4964605,17785395
2010/01/29,0,2799762,-6340790,-3541028
2010/02/01,0,17549487,-13167077,4382410
2010/02/02,0,2682000,-4554360,-1872360
2010/02/03,0,946860,-2381800,-1434940
2010/02/04,0,3601000,-4898740,-1297740
2010/02/05,0,675000,-6623690,-5948690
2010/02/08,0,3275171,-4249856,-974685
2010/02/09,0,1992000,-3653790,-1661790
2010/02/10,0,1738000,-1504431,233569
2010/02/11,0,0,0,0
2010/02/12,0,0,0,0
2010/02/15,0,0,0,0
2010/02/16,0,0,0,0
2010/02/17,0,0,0,0
2010/02/18,0,0,0,0
2010/02/19,0,0,0,0
2010/02/22,0,5385000,-2202768,3182232
2010/02/23,0,5715000,-3208410,2506590
2010/02/24,0,2274000,-2241000,33000
2010/02/25,0,2876000,-6828000,-3952000
2010/02/26,0,3622568,-1221000,2401568
2010/03/01,0,3250164,-415000,2835164
2010/03/02,0,4709165,-4157000,552165
2010/03/03,0,2326222,-241000,2085222
2010/03/04,0,2082055,-3885610,-1803555
2010/03/05,0,17007000,-1432000,15575000
2010/03/08,0,4338000,-1996450,2341550
2010/03/09,0,3278657,-641160,2637497
2010/03/10,0,4633353,-110000,4523353
2010/03/11,0,8261102,-2422000,5839102
2010/03/12,0,5890000,-2216000,3674000
2010/03/15,0,3902000,-5250000,-1348000
2010/03/16,0,2913001,-1111000,1802001
2010/03/17,0,12625372,-1374372,11251000
2010/03/18,0,7298448,-2429564,4868884
2010/03/19,0,5494561,-2869169,2625392
2010/03/22,0,2412640,-9972742,-7560102
2010/03/23,0,6697000,-1705366,4991634
2010/03/24,0,5484025,-5984471,-500446
2010/03/25,0,4525827,-4066606,459221
2010/03/26,0,6970408,-3660242,3310166
2010/03/29,0,6039122,-4778830,1260292
2010/03/30,0,3869000,-1010677,2858323
2010/03/31,0,6176000,-8246360,-2070360
2010/04/01,0,14332000,-1131590,13200410
2010/04/02,0,5740781,-805000,4935781
2010/04/05,0,0,0,0
2010/04/06,0,10404513,-6029000,4375513
2010/04/07,0,3760230,-1524121,2236109
2010/04/08,0,7353000,-2324100,5028900
2010/04/09,0,4497200,-3699554,797646
2010/04/12,0,2888100,-4666155,-1778055
2010/04/13,0,1742025,-5842339,-4100314
2010/04/14,0,7061000,-5137101,1923899
2010/04/15,0,5580000,-6124804,-544804
2010/04/16,0,1785190,-5531269,-3746079
2010/04/19,0,4246000,-6654372,-2408372
2010/04/20,0,1666000,-3179045,-1513045
2010/04/21,0,12893200,-3408960,9484240
2010/04/22,0,3256900,-5806275,-2549375
2010/04/23,0,15576513,-3942000,11634513
2010/04/26,0,14541000,-150001,14390999
2010/04/27,0,9996327,-7483716,2512611
2010/04/28,0,1568000,-7065310,-5497310
2010/04/29,0,1214102,-4028000,-2813898
2010/04/30,0,17079714,-7020161,10059553
2010/05/03,0,8386000,-3759000,4627000
2010/05/04,0,3003000,-5537000,-2534000
2010/05/05,0,2148196,-21007713,-18859517
2010/05/06,0,8187470,-17682384,-9494914
2010/05/07,0,21637154,-25780372,-4143218
2010/05/10,0,5839550,-10836140,-4996590
2010/05/11,0,13018046,-21148037,-8129991
2010/05/12,0,1223449,-13806034,-12582585
2010/05/13,0,3782000,-5305047,-1523047
2010/05/14,0,6588000,-6065414,522586
2010/05/17,0,3125000,-5641024,-2516024
2010/05/18,0,3885561,-29936469,-26050908
2010/05/19,0,9912003,-7950742,1961261
2010/05/20,0,4780000,-4982362,-202362
2010/05/21,0,3476000,-3589998,-113998
2010/05/24,0,2857000,-5136000,-2279000
2010/05/25,0,2273000,-3460906,-1187906
2010/05/26,0,11768590,-5511475,6257115
2010/05/27,0,5728000,-3451583,2276417
2010/05/28,0,8658020,-3064000,5594020
2010/05/31,0,4668000,-1874000,2794000
2010/06/01,0,3019000,-8378000,-5359000
2010/06/02,0,3198000,-6154000,-2956000
2010/06/03,0,10430000,-1896195,8533805
2010/06/04,0,4543000,-2226000,2317000
2010/06/07,0,2404000,-8510506,-6106506
2010/06/08,0,2380000,-7093489,-4713489
2010/06/09,0,3383000,-6584120,-3201120
2010/06/10,0,3588000,-1231000,2357000
2010/06/11,0,7993745,-4402194,3591551
2010/06/14,0,5964745,-1898048,4066697
2010/06/15,0,13019490,-2597790,10421700
2010/06/16,0,0,0,0
2010/06/17,0,9443348,-2357040,7086308
2010/06/18,0,1816088,-4659365,-2843277
2010/06/21,0,8845160,-3020837,5824323
2010/06/22,0,4243277,-3236322,1006955
2010/06/23,0,2504296,-3529645,-1025349
2010/06/24,0,2684213,-2826559,-142346
2010/06/25,0,1333857,-2315413,-981556
2010/06/28,0,2463000,-9142000,-6679000
2010/06/29,0,3894000,-9365000,-5471000
2010/06/30,0,3971000,-13503005,-9532005
2010/07/01,0,1322000,-8761577,-7439577
2010/07/02,0,1981000,-3351489,-1370489
2010/07/05,0,1874294,-3275000,-1400706
2010/07/06,0,6643000,-3740000,2903000
2010/07/07,0,1621241,-4293048,-2671807
2010/07/08,0,4037000,-1401000,2636000
2010/07/09,0,5073201,-3399000,1674201
2010/07/12,0,15011880,-3164168,11847712
2010/07/13,0,11301000,-4754765,6546235
2010/07/14,0,6686610,-3273051,3413559
2010/07/15,0,2740000,-3652000,-912000
2010/07/16,0,2884703,-7791000,-4906297
2010/07/19,0,4051000,-4409320,-358320
2010/07/20,0,3959284,-3464919,494365
2010/07/21,0,3992000,-3204641,787359
2010/07/22,0,817377,-3184011,-2366634
2010/07/23,0,6749595,-5108970,1640625
2010/07/26,0,7317100,-3739010,3578090
2010/07/27,0,9257142,-2485000,6772142
2010/07/28,0,8225000,-4565206,3659794
2010/07/29,0,5289000,-2935635,2353365
2010/07/30,0,4326874,-4336579,-9705
2010/08/02,0,8342000,-805000,7537000
2010/08/03,0,16267000,-3551584,12715416
2010/08/04,0,5072000,-2013902,3058098
2010/08/05,0,2684000,-563000,2121000
2010/08/06,0,12614000,-4884000,7730000
2010/08/09,0,14884000,-1864000,13020000
2010/08/10,0,7673000,-14815000,-7142000
2010/08/11,0,5043000,-9887209,-4844209
2010/08/12,0,2848000,-5837000,-2989000
2010/08/13,0,4326173,-11777089,-7450916
2010/08/16,0,698000,-3756000,-3058000
2010/08/17,0,6015000,-3452000,2563000
2010/08/18,0,5025000,-4969000,56000
2010/08/19,0,2431000,-8300475,-5869475
2010/08/20,0,2726824,-6236000,-3509176
2010/08/23,0,4241000,-1832000,2409000
2010/08/24,0,4179000,-6616000,-2437000
2010/08/25,0,1058000,-8212000,-7154000
2010/08/26,0,3688000,-14968428,-11280428
2010/08/27,0,2575000,-7500937,-4925937
2010/08/30,0,2286509,-3075000,-788491
2010/08/31,0,5399724,-7112653,-1712929
2010/09/01,0,6142500,-10661442,-4518942
2010/09/02,0,9249000,-4996266,4252734
2010/09/03,0,8423000,-9622252,-1199252
2010/09/06,0,6248000,-4372000,1876000
2010/09/07,0,14071440,-1915869,12155571
2010/09/08,0,8015170,-5689980,2325190
2010/09/09,0,23825000,-6198476,17626524
2010/09/10,0,28289680,-3918487,24371193
2010/09/13,0,14096000,-3024000,11072000
2010/09/14,0,4823000,-8263000,-3440000
2010/09/15,0,4972996,-819000,4153996
2010/09/16,0,4911000,-1753000,3158000
2010/09/17,0,12263000,-4268688,7994312
2010/09/20,0,5972000,-2290000,3682000
2010/09/21,0,15528000,-862370,14665630
2010/09/22,0,0,0,0
2010/09/23,0,20148000,-6062132,14085868
2010/09/24,0,12492790,-9649975,2842815
2010/09/27,0,19961280,-8965700,10995580
2010/09/28,0,9797770,-3500319,6297451
2010/09/29,0,21137350,-11445463,9691887
2010/09/30,0,35688619,-13567000,22121619
2010/10/01,0,13225584,-1150000,12075584
2010/10/04,0,15561850,-11382000,4179850
2010/10/05,0,15481440,-8051167,7430273
2010/10/06,0,22685429,-4895000,17790429
2010/10/07,0,12620770,-15581000,-2960230
2010/10/08,0,7549160,-12351985,-4802825
2010/10/11,0,3333100,-4434330,-1101230
2010/10/12,0,6881060,-6762487,118573
2010/10/13,0,10483291,-4324000,6159291
2010/10/14,0,6146680,-4959000,1187680
2010/10/15,0,3062280,-907000,2155280
2010/10/18,0,4182000,-6955000,-2773000
2010/10/19,0,5623659,-6747248,-1123589
2010/10/20,0,4937000,-4164000,773000
2010/10/21,0,7602000,-7012000,590000
2010/10/22,0,7000011,-6313000,687011
2010/10/25,0,8805415,-4710000,4095415
2010/10/26,0,5669000,-4332930,1336070
2010/10/27,0,7224340,-2639000,4585340
2010/10/28,0,11493109,-2705000,8788109
2010/10/29,0,2873392,-1761000,1112392
2010/11/01,0,9257000,-9680000,-423000
2010/11/02,0,8514000,-6055299,2458701
2010/11/03,0,3016000,-4269400,-1253400
2010/11/04,0,10808000,-2327536,8480464
2010/11/05,0,9480000,-2832125,6647875
2010/11/08,0,3799000,-5238000,-1439000
2010/11/09,0,1946000,-1719461,226539
2010/11/10,0,3053000,-3805270,-752270
2010/11/11,0,2946000,-2583527,362473
2010/11/12,0,3136000,-5654000,-2518000
2010/11/15,0,2863192,-2551707,311485
2010/11/16,0,3484000,-2959000,525000
2010/11/17,0,3572000,-4297000,-725000
2010/11/18,0,8218000,-8321650,-103650
2010/11/19,0,4659050,-5258219,-599169
2010/11/22,0,2666490,-5302600,-2636110
2010/11/23,0,13731510,-6717000,7014510
2010/11/24,0,6011000,-3327268,2683732
2010/11/25,0,11982000,-4356511,7625489
2010/11/26,0,4682000,-2635688,2046312
2010/11/29,0,9462000,-4231842,5230158
2010/11/30,0,21205463,-10209466,10995997
2010/12/01,0,11100000,-4517560,6582440
2010/12/02,0,5525000,-4128903,1396097
2010/12/03,0,3619000,-4107000,-488000
2010/12/06,0,4137000,-3991720,145280
2010/12/07,0,6293170,-5629000,664170
2010/12/08,0,5800000,-3937136,1862864
2010/12/09,0,9641537,-20023000,-10381463
2010/12/10,0,14904020,-13109656,1794364
2010/12/13,0,4654000,-2172000,2482000
2010/12/14,0,4593000,-7160000,-2567000
2010/12/15,0,5711000,-9002000,-3291000
2010/12/16,0,8138000,-6197000,1941000
2010/12/17,0,9219000,-2367202,6851798
2010/12/20,0,8797960,-4712000,4085960
2010/12/21,0,4545000,-1505225,3039775
2010/12/22,0,1693000,-2019350,-326350
2010/12/23,0,2563000,-688000,1875000
2010/12/24,0,1744000,-176740,1567260
2010/12/27,0,1662000,-801000,861000
2010/12/28,0,3138000,-1062228,2075772
2010/12/29,0,3035270,-2011983,1023287
2010/12/30,0,11476000,-5213000,6263000
2010/12/31,0,6833000,-1938340,4894660
2011/01/03,0,3223000,-999000,2224000
2011/01/04,0,3266000,-915000,2351000
2011/01/05,0,1150000,-11105507,-9955507
2011/01/06,0,2648000,-9796000,-7148000
2011/01/07,0,1503000,-11146000,-9643000
2011/01/10,0,2183000,-4725000,-2542000
2011/01/11,0,4243000,-10357000,-6114000
2011/01/12,0,5139000,-21229686,-16090686
2011/01/13,0,1735241,-9277012,-7541771
2011/01/14,0,1365000,-8594000,-7229000
2011/01/17,0,1034678,-9199000,-8164322
2011/01/18,0,1822000,-6425607,-4603607
2011/01/19,0,3416000,-8196000,-4780000
2011/01/20,0,1338000,-14301829,-12963829
2011/01/21,0,3606000,-13233756,-9627756
2011/01/24,0,2892000,-2790980,101020
2011/01/25,0,3358479,-3275785,82694
2011/01/26,0,3527000,-1507430,2019570
2011/01/27,0,3618000,-5570980,-1952980
2011/01/28,0,5744650,-3636243,2108407
2011/01/31,0,0,0,0
2011/02/01,0,0,0,0
2011/02/02,0,0,0,0
2011/02/03,0,0,0,0
2011/02/04,0,0,0,0
2011/02/07,0,0,0,0
2011/02/08,0,5336000,-17445000,-12109000
2011/02/09,0,3099523,-7182176,-4082653
2011/02/10,0,1107000,-9723860,-8616860
2011/02/11,0,945000,-10900397,-9955397
2011/02/14,0,1692000,-11012570,-9320570
2011/02/15,0,3694000,-15010115,-11316115
2011/02/16,0,1189537,-5179000,-3989463
2011/02/17,0,505000,-7449340,-6944340
2011/02/18,0,3907000,-1362000,2545000
2011/02/21,0,3983000,-3641300,341700
2011/02/22,0,3757000,-8480150,-4723150
2011/02/23,0,2907921,-3336660,-428739
2011/02/24,0,2439483,-10043682,-7604199
2011/02/25,0,5200000,-9326554,-4126554
2011/02/28,0,0,0,0
2011/03/01,0,3504000,-1432000,2072000
2011/03/02,0,1630483,-7347049,-5716566
2011/03/03,0,5028000,-918000,4110000
2011/03/04,0,7781681,-3151300,4630381
2011/03/07,0,10968203,-5332150,5636053
2011/03/08,0,7281000,-5271000,2010000
2011/03/09,0,954742,-1629000,-674258
2011/03/10,0,5734013,-8981800,-3247787
2011/03/11,0,2912000,-3549310,-637310
2011/03/14,0,1753000,-3599000,-1846000
2011/03/15,0,6784000,-10285702,-3501702
2011/03/16,0,3259000,-4124324,-865324
2011/03/17,0,7399200,-4438730,2960470
2011/03/18,0,3033000,-4886747,-1853747
2011/03/21,0,5747000,-8441000,-2694000
2011/03/22,0,1478000,-4330000,-2852000
2011/03/23,0,8403000,-6099000,2304000
2011/03/24,0,5706615,-4673000,1033615
2011/03/25,0,8099843,-2400000,5699843
2011/03/28,0,3936000,-4743000,-807000
2011/03/29,0,7170000,-12838429,-5668429
2011/03/30,0,11415000,-12769000,-1354000
2011/03/31,0,6356422,-10914157,-4557735
2011/04/01,0,3620425,-4909000,-1288575
2011/04/04,0,0,0,0
2011/04/05,0,0,0,0
2011/04/06,0,14026931,-3066000,10960931
2011/04/07,0,6588857,-7257369,-668512
2011/04/08,0,23842872,-4177000,19665872
2011/04/11,0,10823642,-5672004,5151638
2011/04/12,0,19317148,-12401000,6916148
2011/04/13,0,12780000,-11609832,1170168
2011/04/14,0,5538000,-9670000,-4132000
2011/04/15,0,3445258,-4457000,-1011742
2011/04/18,0,1504100,-3740858,-2236758
2011/04/19,0,6710624,-5714000,996624
2011/04/20,0,6048360,-4364799,1683561
2011/04/21,0,11667000,-3722100,7944900
2011/04/22,0,3551000,-441000,3110000
2011/04/25,0,1895000,-791000,1104000
2011/04/26,0,8894000,-4610633,4283367
2011/04/27,0,9526000,-9282000,244000
2011/04/28,0,5465545,-13633000,-8167455
2011/04/29,0,9759419,-8333483,1425936
2011/05/02,0,0,0,0
2011/05/03,0,1557000,-6405122,-4848122
2011/05/04,0,1124000,-12854000,-11730000
2011/05/05,0,2303000,-6810634,-4507634
2011/05/06,0,1433156,-7043000,-5609844
2011/05/09,0,6091000,-4122000,1969000
2011/05/10,0,4102000,-1542000,2560000
2011/05/11,0,4572000,-1643000,2929000
2011/05/12,0,5513000,-3883146,1629854
2011/05/13,0,2432000,-2617000,-185000
2011/05/16,0,2456000,-7471350,-5015350
2011/05/17,0,6401400,-3592720,2808680
2011/05/18,0,8237000,-4874550,3362450
2011/05/19,0,12268000,-8907621,3360379
2011/05/20,0,6108400,-2935000,3173400
2011/05/23,0,7143000,-6923000,220000
2011/05/24,0,6574000,-2068233,4505767
2011/05/25,0,9637424,-7301000,2336424
2011/05/26,0,4048107,-1972300,2075807
2011/05/27,0,6480000,-7620000,-1140000
2011/05/30,0,8679352,-9377000,-697648
2011/05/31,0,27337500,-16221000,11116500
2011/06/01,0,20833000,-18360214,2472786
2011/06/02,0,9269000,-6270000,2999000
2011/06/03,0,5021000,-6525000,-1504000
2011/06/06,0,0,0,0
2011/06/07,0,2504000,-2075182,428818
2011/06/08,0,2932000,-2646000,286000
2011/06/09,0,3785311,-3416243,369068
2011/06/10,0,1943133,-1679000,264133
2011/06/13,0,1379000,-3842149,-2463149
2011/06/14,0,3854000,-4967732,-1113732
2011/06/15,0,10721000,-13589524,-2868524
2011/06/16,0,6006403,-7260926,-1254523
2011/06/17,0,6715000,-10678582,-3963582
2011/06/20,0,5266000,-13682000,-8416000
2011/06/21,0,9427496,-26765000,-17337504
2011/06/22,0,6555000,-8596487,-2041487
2011/06/23,0,11226382,-7219413,4006969
2011/06/24,0,7288000,-16449868,-9161868
2011/06/27,0,8225000,-5016077,3208923
2011/06/28,0,2993000,-6026435,-3033435
2011/06/29,0,9971000,-20652155,-10681155
2011/06/30,0,9723000,-11415000,-1692000
2011/07/01,0,3190181,-2191000,999181
2011/07/04,0,753185,-3398388,-2645203
2011/07/05,0,5779820,-10560000,-4780180
2011/07/06,0,3228888,-6377819,-3148931
2011/07/07,0,4445081,-4216487,228594
2011/07/08,0,7241509,-10354367,-3112858
2011/07/11,0,3634023,-4188000,-553977
2011/07/12,0,3678167,-5393061,-1714894
2011/07/13,0,4884127,-10199895,-5315768
2011/07/14,0,3811044,-8417000,-4605956
2011/07/15,0,3266300,-10365214,-7098914
2011/07/18,0,6653656,-10760174,-4106518
2011/07/19,0,3932001,-6577436,-2645435
2011/07/20,0,4199022,-9184771,-4985749
2011/07/21,0,2239994,-3055483,-815489
2011/07/22,0,6210878,-8668000,-2457122
2011/07/25,0,2852290,-2581000,271290
2011/07/26,0,2853027,-2368000,485027
2011/07/27,0,3888754,-2965520,923234
2011/07/28,0,5940756,-6103782,-163026
2011/07/29,0,4099849,-16302000,-12202151
2011/08/01,0,7225950,-3312000,3913950
2011/08/02,0,4349833,-5636000,-1286167
2011/08/03,0,2511000,-17424000,-14913000
2011/08/04,0,3121630,-13576585,-10454955
2011/08/05,0,864282,-50533,813749
2011/08/08,0,5643301,-8216524,-2573223
2011/08/09,0,5265427,-26768315,-21502888
2011/08/10,0,8008000,-15830250,-7822250
2011/08/11,0,8307000,-10554382,-2247382
2011/08/12,0,1437000,-15445442,-14008442
2011/08/15,0,2644656,-1903000,741656
2011/08/16,0,2079000,-5950000,-3871000
2011/08/17,0,2860188,-9664429,-6804241
2011/08/18,0,3870614,-11442000,-7571386
2011/08/19,0,2090755,-6492781,-4402026
2011/08/22,0,5699287,-16599000,-10899713
2011/08/23,0,6621000,-14826658,-8205658
2011/08/24,0,3579512,-14272000,-10692488
2011/08/25,0,3579746,-8637411,-5057665
2011/08/26,0,2720438,-2170000,550438
2011/08/29,0,3216000,-2072428,1143572
2011/08/30,0,1114846,-6924000,-5809154
2011/08/31,0,12175000,-3598000,8577000
2011/09/01,0,16972146,-2555782,14416364
2011/09/02,0,4428705,-6979000,-2550295
2011/09/05,0,4486000,-12490712,-8004712
2011/09/06,0,3300027,-6385000,-3084973
2011/09/07,0,2881348,-4538000,-1656652
2011/09/08,0,8612564,-6737000,1875564
2011/09/09,0,4222000,-3558000,664000
2011/09/12,0,0,0,0
2011/09/13,0,3489012,-4221000,-731988
2011/09/14,0,4381375,-8949258,-4567883
2011/09/15,0,4890108,-17620139,-12730031
2011/09/16,0,17815000,-8278086,9536914
2011/09/19,0,1760376,-6743000,-4982624
2011/09/20,0,5249380,-9246901,-3997521
2011/09/21,0,8102771,-6530000,1572771
2011/09/22,0,1606913,-12167000,-10560087
2011/09/23,0,8557216,-15232500,-6675284
2011/09/26,0,4570818,-3749000,821818
2011/09/27,0,9010307,-5038000,3972307
2011/09/28,0,6067889,-6652000,-584111
2011/09/29,0,6270107,-2111000,4159107
2011/09/30,0,3096500,-5168000,-2071500
2011/10/03,0,4845247,-5255646,-410399
2011/10/04,0,5682000,-3867000,1815000
2011/10/05,0,3299000,-2669000,630000
2011/10/06,0,5016000,-706000,4310000
2011/10/07,0,5624000,-1298000,4326000
2011/10/10,0,0,0,0
2011/10/11,0,6450400,-2622000,3828400
2011/10/12,0,5585000,-1759546,3825454
2011/10/13,0,5408209,-1182000,4226209
2011/10/14,0,2537295,-2013662,523633
2011/10/17,0,5326394,-2863000,2463394
2011/10/18,0,2210532,-3086000,-875468
2011/10/19,0,5046760,-4722000,324760
2011/10/20,0,8738604,-13009000,-4270396
2011/10/21,0,1027908,-742000,285908
2011/10/24,0,7601565,-1164000,6437565
2011/10/25,0,7486326,-1036000,6450326
2011/10/26,0,6003000,-1379000,4624000
2011/10/27,0,2848000,-1743000,1105000
2011/10/28,0,10851000,-2044888,8806112
2011/10/31,0,5999000,-3291000,2708000
2011/11/01,0,3383000,-3684000,-301000
2011/11/02,0,2393700,-6922000,-4528300
2011/11/03,0,16633000,-14096095,2536905
2011/11/04,0,287000,-2371000,-2084000
2011/11/07,0,7368000,-1911000,5457000
2011/11/08,0,3558838,-6286000,-2727162
2011/11/09,0,5186000,-2749000,2437000
2011/11/10,0,5731000,-5806905,-75905
2011/11/11,0,7626000,-5232780,2393220
2011/11/14,0,15042000,-1793108,13248892
2011/11/15,0,2681000,-3187136,-506136
2011/11/16,0,10170000,-12144000,-1974000
2011/11/17,0,1525000,-3000029,-1475029
2011/11/18,0,1711000,-10260008,-8549008
2011/11/21,0,4565000,-2874000,1691000
2011/11/22,0,3236000,-3718000,-482000
2011/11/23,0,3711000,-12718000,-9007000
2011/11/24,0,5436000,-2907000,2529000
2011/11/25,0,2436000,-4545000,-2109000
2011/11/28,0,7232000,-7356000,-124000
2011/11/29,0,2941620,-3346000,-404380
2011/11/30,0,9976000,-11683180,-1707180
2011/12/01,0,9373000,-5544414,3828586
2011/12/02,0,3131000,-2808000,323000
2011/12/05,0,9345000,-7313000,2032000
2011/12/06,0,10482000,-11806000,-1324000
2011/12/07,0,6935000,-5643000,1292000
2011/12/08,0,3986400,-7801192,-3814792
2011/12/09,0,5163862,-6931000,-1767138
2011/12/12,0,2211000,-4309000,-2098000
2011/12/13,0,2016000,-2283000,-267000
2011/12/14,0,1756000,-10742369,-8986369
2011/12/15,0,5021000,-15168000,-10147000
2011/12/16,0,4451000,-4965258,-514258
2011/12/19,0,2096000,-8074000,-5978000
2011/12/20,0,7236000,-7045400,190600
2011/12/21,0,4438000,-7938600,-3500600
2011/12/22,0,1454000,-2038000,-584000
2011/12/23,0,3653000,-2006760,1646240
2011/12/26,0,1357000,-3637000,-2280000
2011/12/27,0,6544000,-1378000,5166000
2011/12/28,0,9324000,-3350000,5974000
2011/12/29,0,4705000,-3162000,1543000
2011/12/30,0,3257265,-16195996,-12938731
2012/01/02,0,3128000,-3733032,-605032
2012/01/03,0,5096000,-1602000,3494000
2012/01/04,0,3257000,-4823000,-1566000
2012/01/05,0,4297000,-2467000,1830000
2012/01/06,0,8513000,-4923000,3590000
2012/01/09,0,6527000,-9179029,-2652029
2012/01/10,0,23786000,-9035878,14750122
2012/01/11,0,19669100,-13438000,6231100
2012/01/12,0,5541000,-5831000,-290000
2012/01/13,0,6531000,-2345000,4186000
2012/01/16,0,2375000,-6480000,-4105000
2012/01/17,0,16331000,-3391100,12939900
2012/01/18,0,18362000,-2371000,15991000
2012/01/19,0,0,0,0
2012/01/20,0,0,0,0
2012/01/23,0,0,0,0
2012/01/24,0,0,0,0
2012/01/25,0,0,0,0
2012/01/26,0,0,0,0
2012/01/27,0,0,0,0
2012/01/30,0,19428000,-2072000,17356000
2012/01/31,0,18917329,-40471000,-21553671
2012/02/01,0,6354000,-1840000,4514000
2012/02/02,0,42720000,-11596000,31124000
2012/02/03,0,26124000,-8711092,17412908
2012/02/06,0,28556000,-8993000,19563000
2012/02/07,0,18028000,-11366000,6662000
2012/02/08,0,9370000,-5831000,3539000
2012/02/09,0,4944000,-12599236,-7655236
2012/02/10,0,7918000,-10761000,-2843000
2012/02/13,0,8922000,-1091000,7831000
2012/02/14,0,3672162,-7185600,-3513438
2012/02/15,0,12626000,-1694000,10932000
2012/02/16,0,7682000,-7575100,106900
2012/02/17,0,8640000,-4107000,4533000
2012/02/20,0,7897000,-1943000,5954000
2012/02/21,0,3145526,-1055000,2090526
2012/02/22,0,17577000,-5371000,12206000
2012/02/23,0,13762294,-10876185,2886109
2012/02/24,0,10594200,-2393000,8201200
2012/02/27,0,0,0,0
2012/02/28,0,0,0,0
2012/02/29,0,11538691,-7054650,4484041
2012/03/01,0,7014517,-3849000,3165517
2012/03/02,0,6090940,-5778000,312940
2012/03/05,0,3775000,-4228000,-453000
2012/03/06,0,4962000,-5555000,-593000
2012/03/07,0,2728000,-7238000,-4510000
2012/03/08,0,9723000,-7984000,1739000
2012/03/09,0,13370000,-2986972,10383028
2012/03/12,0,373000,-2784000,-2411000
2012/03/13,0,6185000,-3869100,2315900
2012/03/14,0,7340292,-7380490,-40198
2012/03/15,0,5309000,-12712000,-7403000
2012/03/16,0,13037000,-10705315,2331685
2012/03/19,0,6474000,-2319512,4154488
2012/03/20,0,1981000,-7950000,-5969000
2012/03/21,0,2388598,-6767998,-4379400
2012/03/22,0,5419000,-7966121,-2547121
2012/03/23,0,2612000,-11681097,-9069097
2012/03/26,0,3811000,-33146000,-29335000
2012/03/27,0,5566200,-17235000,-11668800
2012/03/28,0,7936000,-25979000,-18043000
2012/03/29,0,8163000,-14236955,-6073955
2012/03/30,0,5333575,-8606000,-3272425
2012/04/02,0,1970000,-4816000,-2846000
2012/04/03,0,11107969,-3425191,7682778
2012/04/04,0,0,0,0
2012/04/05,0,6378000,-4749000,1629000
2012/04/06,0,8823311,-8344217,479094
2012/04/09,0,3195000,-7981000,-4786000
2012/04/10,0,7092000,-5603024,1488976
2012/04/11,0,5001000,-16730099,-11729099
2012/04/12,0,5616000,-10704568,-5088568
2012/04/13,0,7236081,-5425350,1810731
2012/04/16,0,1464000,-3987000,-2523000
2012/04/17,0,978000,-7954000,-6976000
2012/04/18,0,3822000,-4608000,-786000
2012/04/19,0,8739000,-4571000,4168000
2012/04/20,0,2029000,-6009116,-3980116
2012/04/23,0,5324647,-7751000,-2426353
2012/04/24,0,3579000,-3928290,-349290
2012/04/25,0,6966000,-3595610,3370390
2012/04/26,0,1552000,-4748000,-3196000
2012/04/27,0,3381050,-5894000,-2512950
2012/04/30,0,10709000,-17648258,-6939258
2012/05/01,0,0,0,0
2012/05/02,0,4571000,-13505504,-8934504
2012/05/03,0,1185000,-10094000,-8909000
2012/05/04,0,3792000,-14966426,-11174426
2012/05/07,0,1652000,-9319000,-7667000
2012/05/08,0,1760000,-2990000,-1230000
2012/05/09,0,1657000,-7989000,-6332000
2012/05/10,0,1914220,-5295502,-3381282
2012/05/11,0,2648283,-7103000,-4454717
2012/05/14,0,1915000,-3103000,-1188000
2012/05/15,0,1388000,-10559000,-9171000
2012/05/16,0,5460000,-9735000,-4275000
2012/05/17,0,6654000,-14829756,-8175756
2012/05/18,0,7315000,-11606000,-4291000
2012/05/21,0,8479000,-5145000,3334000
2012/05/22,0,1129000,-6204000,-5075000
2012/05/23,0,1693000,-4066000,-2373000
2012/05/24,0,4002000,-2939988,1062012
2012/05/25,0,1464000,-7109000,-5645000
2012/05/28,0,2210000,-6390000,-4180000
2012/05/29,0,4079000,-5003142,-924142
2012/05/30,0,11689000,-12179226,-490226
2012/05/31,0,7708222,-17589700,-9881478
2012/06/01,0,5769000,-9586220,-3817220
2012/06/04,0,3720054,-9212000,-5491946
2012/06/05,0,4766000,-5458000,-692000
2012/06/06,0,5705000,-11668000,-5963000
2012/06/07,0,5538939,-7703000,-2164061
2012/06/08,0,1842372,-661031,1181341
2012/06/11,0,3305732,-1058000,2247732
2012/06/12,0,1748000,-5554000,-3806000
2012/06/13,0,5727973,-6597463,-869490
2012/06/14,0,3434873,-1552680,1882193
2012/06/15,0,11097000,-12203226,-1106226
2012/06/18,0,7205049,-4762000,2443049
2012/06/19,0,7702644,-4574000,3128644
2012/06/20,0,13049521,-4742000,8307521
2012/06/21,0,8359053,-4325150,4033903
2012/06/22,0,6155738,-5731000,424738
2012/06/25,0,11081000,-5953317,5127683
2012/06/26,0,1260000,-2671000,-1411000
2012/06/27,0,5120000,-4266000,854000
2012/06/28,0,10329000,-6987000,3342000
2012/06/29,0,5991000,-6382000,-391000
2012/07/02,0,2355000,-5410000,-3055000
2012/07/03,0,4169000,-6564183,-2395183
2012/07/04,0,2302803,-7859620,-5556817
2012/07/05,0,5271000,-2499000,2772000
2012/07/06,0,5097000,-3423734,1673266
2012/07/09,0,9193000,-7486000,1707000
2012/07/10,0,5148000,-4395000,753000
2012/07/11,0,2570000,-3018000,-448000
2012/07/12,0,2226000,-7136483,-4910483
2012/07/13,0,2205524,-2764001,-558477
2012/07/16,0,1888000,-10819000,-8931000
2012/07/17,0,4860100,-19961000,-15100900
2012/07/18,0,6093000,-16336500,-10243500
2012/07/19,0,8131000,-10860000,-2729000
2012/07/20,0,9194000,-9145000,49000
2012/07/23,0,7121000,-9360000,-2239000
2012/07/24,0,11861000,-7542707,4318293
2012/07/25,0,3025000,-8076000,-5051000
2012/07/26,0,5035000,-10057361,-5022361
2012/07/27,0,8096000,-7664000,432000
2012/07/30,0,4015057,-3090000,925057
2012/07/31,0,19659000,-9972951,9686049
2012/08/01,0,7413000,-9906000,-2493000
2012/08/02,0,0,0,0
2012/08/03,0,2347243,-10431000,-8083757
2012/08/06,0,11115000,-6487000,4628000
2012/08/07,0,8293000,-3379000,4914000
2012/08/08,0,13640377,-14219000,-578623
2012/08/09,0,19046000,-13946931,5099069
2012/08/10,0,8557000,-5734000,2823000
2012/08/13,0,7059000,-4790000,2269000
2012/08/14,0,6710647,-9820000,-3109353
2012/08/15,0,3686000,-1536000,2150000
2012/08/16,0,4694000,-1795000,2899000
2012/08/17,0,2816000,-5165434,-2349434
2012/08/20,0,5564000,-9721000,-4157000
2012/08/21,0,16436624,-6173642,10262982
2012/08/22,0,14333525,-4008000,10325525
2012/08/23,0,11588724,-4180000,7408724
2012/08/24,0,3832000,-11147000,-7315000
2012/08/27,0,2861000,-5447000,-2586000
2012/08/28,0,3962977,-15634000,-11671023
2012/08/29,0,2100000,-4158000,-2058000
2012/08/30,0,6706000,-12482000,-5776000
2012/08/31,0,4914684,-3018406,1896278
2012/09/03,0,4455000,-2703000,1752000
2012/09/04,0,2241000,-10559000,-8318000
2012/09/05,0,3078635,-19504611,-16425976
2012/09/06,0,5453610,-10192000,-4738390
2012/09/07,0,10327335,-11465000,-1137665
2012/09/10,0,14227878,-15983000,-1755122
2012/09/11,0,7308000,-11327000,-4019000
2012/09/12,0,8284000,-10652000,-2368000
2012/09/13,0,13453000,-6759064,6693936
2012/09/14,0,203000,-1330164,-1127164
2012/09/17,0,16632780,-14059990,2572790
2012/09/18,0,6153000,-10234792,-4081792
2012/09/19,0,10293000,-9408219,884781
2012/09/20,0,6193000,-5700267,492733
2012/09/21,0,7044943,-5881000,1163943
2012/09/24,0,7642000,-1413000,6229000
2012/09/25,0,4432119,-2696000,1736119
2012/09/26,0,2445000,-1599000,846000
2012/09/27,0,4418585,-10946771,-6528186
2012/09/28,0,9517643,-4423867,5093776
2012/10/01,0,4574637,-9088652,-4514015
2012/10/02,0,6536434,-1856000,4680434
2012/10/03,0,4023024,-5228000,-1204976
2012/10/04,0,6989000,-3434594,3554406
2012/10/05,0,8256292,-13406000,-5149708
2012/10/08,0,10765200,-3330000,7435200
2012/10/09,0,11796389,-3329000,8467389
2012/10/10,0,0,0,0
2012/10/11,0,581528,-9059290,-8477762
2012/10/12,0,416000,-4487401,-4071401
2012/10/15,0,1540000,-1823797,-283797
2012/10/16,0,12273335,-7186656,5086679
2012/10/17,0,28571000,-16130227,12440773
2012/10/18,0,8902000,-3670000,5232000
2012/10/19,0,18477000,-12069658,6407342
2012/10/22,0,3116000,-4580197,-1464197
2012/10/23,0,7163700,-7698470,-534770
2012/10/24,0,2790839,-11346174,-8555335
2012/10/25,0,6468000,-11677000,-5209000
2012/10/26,0,3449434,-20750000,-17300566
2012/10/29,0,25965160,-10758170,15206990
2012/10/30,0,14919000,-33720933,-18801933
2012/10/31,0,20259000,-15763000,4496000
2012/11/01,0,13843000,-31589000,-17746000
2012/11/02,0,23182000,-10492563,12689437
2012/11/05,0,33296000,-20504000,12792000
2012/11/06,0,61415897,-55737897,5678000
2012/11/07,0,5152826,-4484000,668826
2012/11/08,0,20028000,-14577000,5451000
2012/11/09,0,10533000,-5721733,4811267
2012/11/12,0,22889000,-3196000,19693000
2012/11/13,0,3586000,-10331000,-6745000
2012/11/14,0,14329000,-11544000,2785000
2012/11/15,0,22171007,-33571000,-11399993
2012/11/16,0,5821000,-12320000,-6499000
2012/11/19,0,18239000,-6419461,11819539
2012/11/20,0,15930000,-9907481,6022519
2012/11/21,0,8538268,-11104000,-2565732
2012/11/22,0,6306000,-16330000,-10024000
2012/11/23,0,18422000,-25859000,-7437000
2012/11/26,0,43345000,-16295263,27049737
2012/11/27,0,27554692,-3190000,24364692
2012/11/28,0,46592800,-8076980,38515820
2012/11/29,0,35767000,-44186000,-8419000
2012/11/30,0,32134000,-17298841,14835159
2012/12/03,0,14234000,-19031757,-4797757
2012/12/04,0,31757000,-14104243,17652757
2012/12/05,0,15081000,-12329000,2752000
2012/12/06,0,33311001,-8789653,24521348
2012/12/07,0,11993000,-19875000,-7882000
2012/12/10,0,13046000,-13211000,-165000
2012/12/11,0,38244360,-18631634,19612726
2012/12/12,0,10393000,-19041165,-8648165
2012/12/13,0,353000,-9474328,-9121328
2012/12/14,0,39131421,-16178000,22953421
2012/12/17,0,17557530,-18595836,-1038306
2012/12/18,0,5826000,-14270000,-8444000
2012/12/19,0,60075000,-5736700,54338300
2012/12/20,0,18855000,-5355000,13500000
2012/12/21,0,16380000,-12274335,4105665
2012/12/24,0,47160478,-43264897,3895581
2012/12/25,0,7721000,-6040397,1680603
2012/12/26,0,4724000,-4724027,-27
2012/12/27,0,6972950,-12562158,-5589208
2012/12/28,0,10067000,-10517016,-450016
2012/12/31,0,0,0,0
2013/01/01,0,0,0,0
2013/01/02,0,5944000,-5440178,503822
2013/01/03,0,23805000,-16720602,7084398
2013/01/04,0,6073000,-18647735,-12574735
2013/01/07,0,6593000,-26335300,-19742300
2013/01/08,0,9046000,-10358000,-1312000
2013/01/09,0,12086000,-9031000,3055000
2013/01/10,0,16645000,-29219518,-12574518
2013/01/11,0,8560000,-6122684,2437316
2013/01/14,0,20721000,-9870600,10850400
2013/01/15,0,10310000,-13748000,-3438000
2013/01/16,0,10919912,-16072864,-5152952
2013/01/17,0,18165000,-39169400,-21004400
2013/01/18,0,57421121,-145771896,-88350775
2013/01/21,0,8052193,-42003701,-33951508
2013/01/22,0,7285000,-39197217,-31912217
2013/01/23,0,10281818,-8622469,1659349
2013/01/24,0,40713000,-32858000,7855000
2013/01/25,0,34965000,-20012242,14952758
2013/01/28,0,69774104,-47820846,21953258
2013/01/29,0,75444800,-35110226,40334574
2013/01/30,0,68606672,-77765000,-9158328
2013/01/31,0,110365414,-116303543,-5938129
2013/02/01,0,86390514,-75536654,10853860
2013/02/04,0,28049001,-25424000,2625001
2013/02/05,0,20824100,-28766050,-7941950
2013/02/06,0,34793000,-16643606,18149394
2013/02/07,0,0,0,0
2013/02/08,0,0,0,0
2013/02/11,0,0,0,0
2013/02/12,0,0,0,0
2013/02/13,0,0,0,0
2013/02/14,0,0,0,0
2013/02/15,0,0,0,0
2013/02/18,0,22476874,-7618505,14858369
2013/02/19,0,19379611,-11123430,8256181
2013/02/20,0,20020684,-5918612,14102072
2013/02/21,0,9359000,-8544699,814301
2013/02/22,0,2445000,-3887000,-1442000
2013/02/25,0,12206367,-7299095,4907272
2013/02/26,0,6847357,-10815862,-3968505
2013/02/27,0,37812936,-10101528,27711408
2013/02/28,0,0,0,0
2013/03/01,0,21693000,-5182859,16510141
2013/03/04,0,21716000,-13866000,7850000
2013/03/05,0,17280000,-5946439,11333561
2013/03/06,0,23531000,-4853000,18678000
2013/03/07,0,29799000,-9583000,20216000
2013/03/08,0,21167700,-4206379,16961321
2013/03/11,0,24520000,-8702393,15817607
2013/03/12,0,25671860,-12434004,13237856
2013/03/13,0,17958000,-5476246,12481754
2013/03/14,0,19349000,-5873068,13475932
2013/03/15,0,19077000,-11347971,7729029
2013/03/18,0,15476000,-11483666,3992334
2013/03/19,0,17205000,-9768178,7436822
2013/03/20,0,13874000,-14978984,-1104984
2013/03/21,0,18307805,-6285000,12022805
2013/03/22,0,20796935,-5490468,15306467
2013/03/25,0,11684000,-3047439,8636561
2013/03/26,0,11974718,-10746182,1228536
2013/03/27,0,11375000,-2632000,8743000
2013/03/28,0,9194891,-4786136,4408755
2013/03/29,0,4554000,-2533799,2020201
2013/04/01,0,6651248,-1422000,5229248
2013/04/02,0,9924000,-6879870,3044130
2013/04/03,0,8311908,-10763086,-2451178
2013/04/04,0,0,0,0
2013/04/05,0,0,0,0
2013/04/08,0,9330576,-14386000,-5055424
2013/04/09,0,18326073,-12839705,5486368
2013/04/10,0,12588000,-9615000,2973000
2013/04/11,0,6232825,-4031000,2201825
2013/04/12,0,3848000,-1794000,2054000
2013/04/15,0,6991183,-2201300,4789883
2013/04/16,0,17282145,-2565000,14717145
2013/04/17,0,11713000,-10590178,1122822
2013/04/18,0,11608000,-4832375,6775625
2013/04/19,0,13254457,-9537457,3717000
2013/04/22,0,9088233,-7946411,1141822
2013/04/23,0,8975000,-6467000,2508000
2013/04/24,0,17056000,-13746000,3310000
2013/04/25,0,7679000,-11107799,-3428799
2013/04/26,0,5500000,-5646000,-146000
2013/04/29,0,10483000,-4070000,6413000
2013/04/30,0,20233000,-3916000,16317000
2013/05/01,0,0,0,0
2013/05/02,0,21259196,-4331354,16927842
2013/05/03,0,15583000,-22646000,-7063000
2013/05/06,0,5766000,-6794938,-1028938
2013/05/07,0,6640677,-9441000,-2800323
2013/05/08,0,18546003,-13495000,5051003
2013/05/09,0,14332551,-10560006,3772545
2013/05/10,0,22041000,-8400000,13641000
2013/05/13,0,19676000,-4450000,15226000
2013/05/14,0,35756704,-5253773,30502931
2013/05/15,0,32603291,-8285254,24318037
2013/05/16,0,35968000,-10374000,25594000
2013/05/17,0,12041000,-3691196,8349804
2013/05/20,0,12152000,-5381000,6771000
2013/05/21,0,7119000,-3682391,3436609
2013/05/22,0,13466000,-4481000,8985000
2013/05/23,0,9070000,-12936000,-3866000
2013/05/24,0,21677089,-14424000,7253089
2013/05/27,0,17290735,-5349000,11941735
2013/05/28,0,13689000,-7638000,6051000
2013/05/29,0,24948000,-4611000,20337000
2013/05/30,0,12746738,-25917400,-13170662
2013/05/31,0,19230367,-15171889,4058478
2013/06/03,0,11042000,-7023000,4019000
2013/06/04,0,15460000,-8677000,6783000
2013/06/05,0,11042000,-19169029,-8127029
2013/06/06,0,9665803,-12790000,-3124197
2013/06/07,0,16959731,-8938000,8021731
2013/06/10,0,10757300,-5022000,5735300
2013/06/11,0,26374000,-5749564,20624436
2013/06/12,0,0,0,0
2013/06/13,0,17934500,-26432227,-8497727
2013/06/14,0,10846000,-8990000,1856000
2013/06/17,0,4735234,-9449000,-4713766
2013/06/18,0,15868773,-7223358,8645415
2013/06/19,0,9991809,-7298146,2693663
2013/06/20,0,20716000,-24254861,-3538861
2013/06/21,0,28248000,-74736058,-46488058
2013/06/24,0,25811000,-31694972,-5883972
2013/06/25,0,22391000,-22476265,-85265
2013/06/26,0,39243360,-71294922,-32051562
2013/06/27,0,18569000,-42209000,-23640000
2013/06/28,0,26079000,-23128211,2950789
2013/07/01,0,9994000,-18323000,-8329000
2013/07/02,0,14846908,-16386746,-1539838
2013/07/03,0,7254343,-8965733,-1711390
2013/07/04,0,7966000,-5550000,2416000
2013/07/05,0,9424000,-4993555,4430445
2013/07/08,0,5344000,-18645835,-13301835
2013/07/09,0,12046000,-12795490,-749490
2013/07/10,0,12536000,-12558000,-22000
2013/07/11,0,20086358,-17469000,2617358
2013/07/12,0,10198000,-13618000,-3420000
2013/07/15,0,7557000,-14576232,-7019232
2013/07/16,0,12581000,-26696000,-14115000
2013/07/17,0,13439000,-12322000,1117000
2013/07/18,0,9749000,-21093000,-11344000
2013/07/19,0,18167833,-39589572,-21421739
2013/07/22,0,24634276,-7419403,17214873
2013/07/23,0,13152000,-4643000,8509000
2013/07/24,0,6134183,-7026509,-892326
2013/07/25,0,11527000,-12805000,-1278000
2013/07/26,0,6061000,-4359795,1701205
2013/07/29,0,5412000,-3910975,1501025
2013/07/30,0,4843000,-3391000,1452000
2013/07/31,0,20087000,-18673000,1414000
2013/08/01,0,21610000,-17358000,4252000
2013/08/02,0,7017000,-25619000,-18602000
2013/08/05,0,8566673,-4335727,4230946
2013/08/06,0,25500837,-14675000,10825837
2013/08/07,0,3724000,-25326343,-21602343
2013/08/08,0,17775770,-8564000,9211770
2013/08/09,0,14386000,-21076000,-6690000
2013/08/12,0,18017000,-4072000,13945000
2013/08/13,0,28117000,-7742000,20375000
2013/08/14,0,10883790,-13994847,-3111057
2013/08/15,0,17773840,-17111474,662366
2013/08/16,0,18696000,-6030780,12665220
2013/08/19,0,16551000,-15798000,753000
2013/08/20,0,8744410,-6023256,2721154
2013/08/21,0,0,0,0
2013/08/22,0,30512202,-11300258,19211944
2013/08/23,0,20874000,-28272498,-7398498
2013/08/26,0,13642000,-6491000,7151000
2013/08/27,0,14792000,-18542000,-3750000
2013/08/28,0,7920000,-3247000,4673000
2013/08/29,0,11414547,-4544888,6869659
2013/08/30,0,10084100,-9974826,109274
2013/09/02,0,7428000,-5391000,2037000
2013/09/03,0,8156000,-2363000,5793000
2013/09/04,0,8722000,-9511000,-789000
2013/09/05,0,9873291,-8878000,995291
2013/09/06,0,22400000,-10138000,12262000
2013/09/09,0,11808000,-3428000,8380000
2013/09/10,0,24678000,-30544402,-5866402
2013/09/11,0,21521000,-18154888,3366112
2013/09/12,0,12033900,-20034000,-8000100
2013/09/13,0,20326000,-15151000,5175000
2013/09/16,0,18300000,-5682000,12618000
2013/09/17,0,13680000,-15311000,-1631000
2013/09/18,0,18594294,-15217509,3376785
2013/09/19,0,0,0,0
2013/09/20,0,0,0,0
2013/09/23,0,14608000,-14265000,343000
2013/09/24,0,10215000,-5676443,4538557
2013/09/25,0,22140633,-6129633,16011000
2013/09/26,0,17222000,-12395691,4826309
2013/09/27,0,14564000,-5937092,8626908
2013/09/30,0,115615000,-19798970,95816030
2013/10/01,0,10440000,-18749311,-8309311
2013/10/02,0,11766622,-21169868,-9403246
2013/10/03,0,19352760,-20469000,-1116240
2013/10/04,0,9796600,-14518000,-4721400
2013/10/07,0,18582655,-22320000,-3737345
2013/10/08,0,24415000,-26016270,-1601270
2013/10/09,0,9393000,-20226000,-10833000
2013/10/10,0,0,0,0
2013/10/11,0,6197000,-27548000,-21351000
2013/10/14,0,17712000,-51512682,-33800682
2013/10/15,0,20994000,-11846968,9147032
2013/10/16,0,6633975,-12271975,-5638000
2013/10/17,0,13501000,-18218000,-4717000
2013/10/18,0,3973000,-29561446,-25588446
2013/10/21,0,4348000,-16724146,-12376146
2013/10/22,0,16408000,-37827555,-21419555
2013/10/23,0,5536085,-17546000,-12009915
2013/10/24,0,7693000,-15293000,-7600000
2013/10/25,0,11025000,-32246044,-21221044
2013/10/28,0,9827000,-18236000,-8409000
2013/10/29,0,5354000,-10787000,-5433000
2013/10/30,0,11860000,-10976000,884000
2013/10/31,0,20935000,-13502924,7432076
2013/11/01,0,14028000,-21202000,-7174000
2013/11/04,0,3924000,-10369000,-6445000
2013/11/05,0,5186000,-22412500,-17226500
2013/11/06,0,6788400,-45748300,-38959900
2013/11/07,0,12095000,-31506000,-19411000
2013/11/08,0,12519000,-23404000,-10885000
2013/11/11,0,12925000,-23838000,-10913000
2013/11/12,0,32044000,-27602000,4442000
2013/11/13,0,9740118,-27857000,-18116882
2013/11/14,0,22628000,-31854000,-9226000
2013/11/15,0,13279000,-26930000,-13651000
2013/11/18,0,9410000,-16627000,-7217000
2013/11/19,0,8125000,-32570000,-24445000
2013/11/20,0,16379000,-14421000,1958000
2013/11/21,0,11099000,-25100000,-14001000
2013/11/22,0,14105000,-21191000,-7086000
2013/11/25,0,38831000,-8223532,30607468
2013/11/26,0,45636517,-27062028,18574489
2013/11/27,0,10307655,-19382000,-9074345
2013/11/28,0,42422000,-6860000,35562000
2013/11/29,0,20304000,-16355000,3949000
2013/12/02,0,4252655,-10259000,-6006345
2013/12/03,0,17267000,-7281336,9985664
2013/12/04,0,4404000,-17880000,-13476000
2013/12/05,0,20073000,-13390000,6683000
2013/12/06,0,8408000,-7789000,619000
2013/12/09,0,5871000,-5165542,705458
2013/12/10,0,12653000,-2486000,10167000
2013/12/11,0,8297000,-13925000,-5628000
2013/12/12,0,7205000,-2719000,4486000
2013/12/13,0,4265000,-2979000,1286000
2013/12/16,0,1754000,-9793939,-8039939
2013/12/17,0,4191000,-5523801,-1332801
2013/12/18,0,6006000,-18215000,-12209000
2013/12/19,0,10103000,-9559000,544000
2013/12/20,0,14753000,-21021633,-6268633
2013/12/23,0,10989000,-27197000,-16208000
2013/12/24,0,14141000,-5306000,8835000
2013/12/25,0,11801000,-14532902,-2731902
2013/12/26,0,3894000,-1009000,2885000
2013/12/27,0,15640000,-4998000,10642000
2013/12/30,0,12441000,-12080308,360692
2013/12/31,0,9792001,-1498313,8293688
2014/01/02,0,11732000,-7813000,3919000
2014/01/03,0,7177000,-20051000,-12874000
2014/01/06,0,4010798,-8123394,-4112596
2014/01/07,0,8973000,-6617000,2356000
2014/01/08,0,3570000,-5203000,-1633000
2014/01/09,0,6759000,-9910000,-3151000
2014/01/10,0,6573000,-13513000,-6940000
2014/01/13,0,7858003,-39559000,-31700997
2014/01/14,0,10351000,-22739000,-12388000
2014/01/15,0,14449000,-16889402,-2440402
2014/01/16,0,9629000,-17557547,-7928547
2014/01/17,0,9872655,-10694000,-821345
2014/01/20,0,10261000,-11671465,-1410465
2014/01/21,0,14610000,-37051686,-22441686
2014/01/22,0,19120000,-28137900,-9017900
2014/01/23,0,12625000,-20705000,-8080000
2014/01/24,0,18228000,-20634274,-2406274
2014/01/27,0,23608000,-30307153,-6699153
2014/02/05,0,8501000,-42868730,-34367730
2014/02/06,0,7497000,-15217000,-7720000
2014/02/07,0,10849000,-9283000,1566000
2014/02/10,0,6736000,-5560924,1175076
2014/02/11,0,5494358,-5148045,346313
2014/02/12,0,13169000,-4506688,8662312
2014/02/13,0,4049000,-23788000,-19739000
2014/02/14,0,18911000,-2779473,16131527
2014/02/17,0,1602000,-14624000,-13022000
2014/02/18,0,3585000,-14981926,-11396926
2014/02/19,0,5800000,-1496000,4304000
2014/02/20,0,12478000,-14780681,-2302681
2014/02/21,0,13588000,-21515000,-7927000
2014/02/24,0,6393000,-16934368,-10541368
2014/02/25,0,6925387,-4971961,1953426
2014/02/26,0,10155000,-9087214,1067786
2014/02/27,0,6695000,-9495231,-2800231
2014/03/03,0,8670000,-15594000,-6924000
2014/03/04,0,3086000,-15863000,-12777000
2014/03/05,0,995000,-5846000,-4851000
2014/03/06,0,5633000,-9821000,-4188000
2014/03/07,0,4515000,-17905000,-13390000
2014/03/10,0,3545000,-9255773,-5710773
2014/03/11,0,2017000,-3860123,-1843123
2014/03/12,0,2663000,-8083867,-5420867
2014/03/13,0,4353000,-7739131,-3386131
2014/03/14,0,3472000,-4772774,-1300774
2014/03/17,0,8513000,-3563000,4950000
2014/03/18,0,9106000,-4514660,4591340
2014/03/19,0,1106000,-4057000,-2951000
2014/03/20,0,873000,-14599726,-13726726
2014/03/21,0,19899000,-22172497,-2273497
2014/03/24,0,3142000,-4415000,-1273000
2014/03/25,0,4654000,-6007748,-1353748
2014/03/26,0,12708000,-5737000,6971000
2014/03/27,0,10734000,-8933000,1801000
2014/03/28,0,14345000,-2327000,12018000
2014/03/31,0,9228231,-4313199,4915032
2014/04/01,0,19396000,-8842079,10553921
2014/04/02,0,4400000,-9024000,-4624000
2014/04/03,0,17268000,-3713000,13555000
2014/04/07,0,30535000,-7042000,23493000
2014/04/08,0,15204773,-7272000,7932773
2014/04/09,0,20084000,-22150382,-2066382
2014/04/10,0,26544000,-6368112,20175888
2014/04/11,0,8519000,-5840000,2679000
2014/04/14,0,6478000,-1573000,4905000
2014/04/15,0,15383000,-9890570,5492430
2014/04/16,0,13893781,-8435000,5458781
2014/04/17,0,7251000,-7435000,-184000
2014/04/18,0,6068000,-3701439,2366561
2014/04/21,0,7191000,-4831000,2360000
2014/04/22,0,10040000,-25907060,-15867060
2014/04/23,0,6586000,-12726000,-6140000
2014/04/24,0,8119000,-13758304,-5639304
2014/04/25,0,8010000,-11348000,-3338000
2014/04/28,0,7657000,-10480000,-2823000
2014/04/29,0,1860000,-4605000,-2745000
2014/04/30,0,3729000,-6122000,-2393000
2014/05/02,0,6743000,-7126000,-383000
2014/05/05,0,2493000,-5456000,-2963000
2014/05/06,0,3409000,-4257000,-848000
2014/05/07,0,29101550,-12232000,16869550
2014/05/08,0,17538000,-5815000,11723000
2014/05/09,0,26218000,-4885000,21333000
2014/05/12,0,20440773,-4502198,15938575
2014/05/13,0,22711050,-3152000,19559050
2014/05/14,0,27171000,-7986000,19185000
2014/05/15,0,9520000,-2456000,7064000
2014/05/16,0,15664000,-10338000,5326000
2014/05/19,0,26448000,-17477362,8970638
2014/05/20,0,18108000,-11206477,6901523
2014/05/21,0,25210000,-5440202,19769798
2014/05/22,0,19934000,-4225000,15709000
2014/05/23,0,20670000,-4571220,16098780
2014/05/26,0,5357000,-9095142,-3738142
2014/05/27,0,4728000,-3237000,1491000
2014/05/28,0,19364268,-6186000,13178268
2014/05/29,0,7936000,-3129474,4806526
2014/05/30,0,34288384,-17308975,16979409
2014/06/03,0,15421000,-7334000,8087000
2014/06/04,0,8375000,-10119000,-1744000
2014/06/05,0,11316000,-6196000,5120000
2014/06/06,0,5112000,-7748000,-2636000
2014/06/09,0,8108000,-5905000,2203000
2014/06/10,0,15106376,-3149500,11956876
2014/06/11,0,8283000,-5136000,3147000
2014/06/12,0,12615000,-8123000,4492000
2014/06/13,0,14027000,-7262000,6765000
2014/06/16,0,15083000,-4603313,10479687
2014/06/17,0,16401000,-5228508,11172492
2014/06/18,0,12820324,-5157875,7662449
2014/06/19,0,4235048,-7553000,-3317952
2014/06/20,0,7612000,-9448000,-1836000
2014/06/23,0,10654000,-7686328,2967672
2014/06/24,0,10747907,-4271351,6476556
2014/06/25,0,36233093,-7832104,28400989
2014/06/26,0,20520000,-12796770,7723230
2014/06/27,0,12172189,-10777000,1395189
2014/06/30,0,19362000,-7241000,12121000
2014/07/01,0,10903000,-13381000,-2478000
2014/07/02,0,32199769,-19622566,12577203
2014/07/03,0,5449000,-12813000,-7364000
2014/07/04,0,2684000,-12757000,-10073000
2014/07/07,0,93347947,-11778095,81569852
2014/07/08,0,16300000,-49255000,-32955000
2014/07/09,0,14377000,-26943947,-12566947
2014/07/10,0,34741000,-34095000,646000
2014/07/11,0,18019000,-8932859,9086141
2014/07/14,0,8805000,-32153162,-23348162
2014/07/15,0,12489136,-9952036,2537100
2014/07/16,0,23825339,-7414000,16411339
2014/07/17,0,35270824,-5471487,29799337
2014/07/18,0,20317751,-12509000,7808751
2014/07/21,0,26451000,-10769000,15682000
2014/07/22,0,23033751,-10934300,12099451
2014/07/23,0,0,0,0
2014/07/24,0,12837000,-26594000,-13757000
2014/07/25,0,19230000,-25308000,-6078000
2014/07/28,0,30452000,-37646000,-7194000
2014/07/29,0,31961000,-54536640,-22575640
2014/07/30,0,46108000,-17695983,28412017
2014/07/31,0,27598353,-20024000,7574353
2014/08/01,0,22274000,-7120000,15154000
2014/08/04,0,22300000,-11415542,10884458
2014/08/05,0,13611000,-16954246,-3343246
2014/08/06,0,22791399,-9190100,13601299
2014/08/07,0,16863664,-12095475,4768189
2014/08/08,0,8490429,-8513904,-23475
2014/08/11,0,8649000,-22362693,-13713693
2014/08/12,0,9298618,-12991528,-3692910
2014/08/13,0,12357000,-9708000,2649000
2014/08/14,0,18312197,-15951000,2361197
2014/08/15,0,31465000,-8596649,22868351
2014/08/18,0,9786843,-6666695,3120148
2014/08/19,0,17561367,-11281327,6280040
2014/08/20,0,16031036,-7167982,8863054
2014/08/21,0,16707900,-17493633,-785733
2014/08/22,0,19637719,-22337030,-2699311
2014/08/25,0,9947066,-19725000,-9777934
2014/08/26,0,10799989,-2850000,7949989
2014/08/27,0,51144000,-19320413,31823587
2014/08/28,0,28276668,-19300375,8976293
2014/08/29,0,20430000,-8922000,11508000
2014/09/01,0,21364000,-11654373,9709627
2014/09/02,0,14382487,-12337669,2044818
2014/09/03,0,23636323,-4356869,19279454
2014/09/04,0,14223660,-4518139,9705521
2014/09/05,0,8462000,-5127000,3335000
2014/09/09,0,15340226,-3407226,11933000
2014/09/10,0,1673402,-7502865,-5829463
2014/09/11,0,7549770,-6413000,1136770
2014/09/12,0,3111085,-5095311,-1984226
2014/09/15,0,3991000,-3572360,418640
2014/09/16,0,7593022,-6112560,1480462
2014/09/17,0,21953000,-6875500,15077500
2014/09/18,0,4677574,-11977397,-7299823
2014/09/19,0,7681000,-5996822,1684178
2014/09/22,0,3971000,-19424004,-15453004
2014/09/23,0,9948000,-6091000,3857000
2014/09/24,0,3784584,-4904000,-1119416
2014/09/25,0,6947000,-13090319,-6143319
2014/09/26,0,16245000,-6094044,10150956
2014/09/29,0,28425617,-30218292,-1792675
2014/09/30,0,33823000,-26198000,7625000
2014/10/01,0,23728200,-38375819,-14647619
2014/10/02,0,24417000,-37802861,-13385861
2014/10/03,0,3722132,-8493531,-4771399
2014/10/06,0,1414174,-13754805,-12340631
2014/10/07,0,21838000,-30832542,-8994542
2014/10/08,0,21073497,-23898187,-2824690
2014/10/09,0,11073000,-26106153,-15033153
2014/10/13,0,21174000,-39931000,-18757000
2014/10/14,0,11987000,-8065000,3922000
2014/10/15,0,18377000,-20172028,-1795028
2014/10/16,0,3783000,-20389076,-16606076
2014/10/17,0,3676651,-11071000,-7394349
2014/10/20,0,13794775,-17667000,-3872225
2014/10/21,0,6085000,-4783536,1301464
2014/10/22,0,12543132,-11400385,1142747
2014/10/23,0,5818132,-5050000,768132
2014/10/24,0,4132483,-26035000,-21902517
2014/10/27,0,12503000,-9953710,2549290
2014/10/28,0,19930052,-9390033,10540019
2014/10/29,0,10096396,-7126375,2970021
2014/10/30,0,17910607,-17441140,469467
2014/10/31,0,18762000,-8514000,10248000
2014/11/03,0,54115000,-10384000,43731000
2014/11/04,0,47355000,-8515000,38840000
2014/11/05,0,21783000,-6626580,15156420
2014/11/06,0,45251000,-7124045,38126955
2014/11/07,0,44982000,-10700000,34282000
2014/11/10,0,50994700,-6762000,44232700
2014/11/11,0,53833000,-7720400,46112600
2014/11/12,0,61146700,-8986000,52160700
2014/11/13,0,23569027,-4863027,18706000
2014/11/14,0,31992000,-8033000,23959000
2014/11/17,0,36718000,-7418000,29300000
2014/11/18,0,49155305,-9068918,40086387
2014/11/19,0,37863014,-13423014,24440000
2014/11/20,0,31442000,-6169646,25272354
2014/11/21,0,26801000,-22098535,4702465
2014/11/24,0,27609000,-4585568,23023432
2014/11/25,0,30253055,-18712571,11540484
2014/11/26,0,10919650,-6841000,4078650
2014/11/27,0,23210000,-3938000,19272000
2014/11/28,0,35844000,-4881463,30962537
2014/12/01,0,22961887,-9698000,13263887
2014/12/02,0,15394000,-9537000,5857000
2014/12/03,0,46123000,-11494000,34629000
2014/12/04,0,14498200,-6092000,8406200
2014/12/05,0,40676000,-10640000,30036000
2014/12/08,0,4288000,-11121000,-6833000
2014/12/09,0,16885000,-6900000,9985000
2014/12/10,0,23172875,-27485875,-4313000
2014/12/11,0,24492125,-6032841,18459284
2014/12/12,0,7234305,-9572000,-2337695
2014/12/15,0,12477000,-10068251,2408749
2014/12/16,0,14922296,-8434000,6488296
2014/12/17,0,20311855,-23148795,-2836940
2014/12/18,0,8644000,-11124000,-2480000
2014/12/19,0,26655000,-8807009,17847991
2014/12/22,0,19661000,-10673259,8987741
2014/12/23,0,16427000,-21920000,-5493000
2014/12/24,0,32689000,-10134000,22555000
2014/12/25,0,8141000,-2875000,5266000
2014/12/26,0,4182000,-18602751,-14420751
2014/12/29,0,18986660,-15178660,3808000
2014/12/30,0,7477088,-4440088,3037000
2014/12/31,0,5166000,-2983159,2182841
2015/01/01,0,0,0,0
2015/01/02,0,0,0,0
2015/01/05,0,26561027,-15956027,10605000
2015/01/06,0,15966000,-26082109,-10116109
2015/01/07,0,20383450,-19230450,1153000
2015/01/08,0,48888000,-12635166,36252834
2015/01/09,0,34892000,-28606237,6285763
2015/01/12,0,13864012,-17142688,-3278676
2015/01/13,0,22804000,-13468148,9335852
2015/01/14,0,28021000,-11624235,16396765
2015/01/15,0,10804000,-33637000,-22833000
2015/01/16,0,23506000,-9336013,14169987
2015/01/19,0,23495000,-9747000,13748000
2015/01/20,0,9950000,-12539226,-2589226
2015/01/21,0,31992249,-30579061,1413188
2015/01/22,0,43706000,-23963046,19742954
2015/01/23,0,13074000,-6349543,6724457
2015/01/26,0,9286000,-36103000,-26817000
2015/01/27,0,9748000,-11053932,-1305932
2015/01/28,0,10147000,-11307000,-1160000
2015/01/29,0,6156000,-13865895,-7709895
2015/01/30,0,17800000,-40822000,-23022000
2015/02/02,0,48467301,-55169592,-6702291
2015/02/03,0,65062000,-51909401,13152599
2015/02/04,0,13489640,-18285000,-4795360
2015/02/05,0,10324000,-14181320,-3857320
2015/02/06,0,9498518,-4485000,5013518
2015/02/09,0,8087000,-5997000,2090000
2015/02/10,0,19572440,-5729210,13843230
2015/02/11,0,13468000,-11565121,1902879
2015/02/12,0,44454488,-5560000,38894488
2015/02/13,0,18969000,-16224100,2744900
2015/02/16,0,0,0,0
2015/02/17,0,0,0,0
2015/02/18,0,0,0,0
2015/02/19,0,0,0,0
2015/02/20,0,0,0,0
2015/02/23,0,0,0,0
2015/02/24,0,38233000,-33501227,4731773
2015/02/25,0,43525000,-39174760,4350240
2015/02/26,0,26028694,-30965994,-4937300
2015/02/27,0,0,0,0
2015/03/02,0,31701221,-29170376,2530845
2015/03/03,0,18849245,-14813429,4035816
2015/03/04,0,33835000,-28912853,4922147
2015/03/05,0,14904000,-21062038,-6158038
2015/03/06,0,26938783,-15129153,11809630
2015/03/09,0,15254155,-23907000,-8652845
2015/03/10,0,16121036,-18178913,-2057877
2015/03/11,0,16217000,-15417000,800000
2015/03/12,0,27111000,-19871244,7239756
2015/03/13,0,5337491,-14269000,-8931509
2015/03/16,0,18076100,-10168419,7907681
2015/03/17,0,23921000,-19848000,4073000
2015/03/18,0,20559000,-9112156,11446844
2015/03/19,0,26841000,-7102527,19738473
2015/03/20,0,23704000,-22325000,1379000
2015/03/23,0,10569000,-17136657,-6567657
2015/03/24,0,10076194,-3627000,6449194
2015/03/25,0,9895874,-9196400,699474
2015/03/26,0,10774000,-19532257,-8758257
2015/03/27,0,9894000,-4663203,5230797
2015/03/30,0,7560626,-17205844,-9645218
2015/03/31,0,20730000,-14730225,5999775
2015/04/01,0,11819347,-10212000,1607347
2015/04/02,0,10175305,-2779285,7396020
2015/04/03,0,0,0,0
2015/04/06,0,0,0,0
2015/04/07,0,9221000,-11537000,-2316000
2015/04/08,0,19037000,-18925693,111307
2015/04/09,0,9861858,-7941413,1920445
2015/04/10,0,17956000,-8468219,9487781
2015/04/13,0,12815406,-2207000,10608406
2015/04/14,0,8167000,-12705770,-4538770
2015/04/15,0,6505348,-15060046,-8554698
2015/04/16,0,12358000,-7866307,4491693
2015/04/17,0,7023245,-6544972,478273
2015/04/20,0,19223000,-14375010,4847990
2015/04/21,0,34992900,-14044000,20948900
2015/04/22,0,13260693,-22105011,-8844318
2015/04/23,0,20551991,-5886000,14665991
2015/04/24,0,28514000,-4904301,23609699
2015/04/27,0,17302000,-5877900,11424100
2015/04/28,0,15464000,-10226388,5237612
2015/04/29,0,21968000,-23881000,-1913000
2015/04/30,0,23829725,-33620239,-9790514
2015/05/01,0,0,0,0
2015/05/04,0,10966000,-11853603,-887603
2015/05/05,0,7997000,-11749000,-3752000
2015/05/06,0,18262000,-20711000,-2449000
2015/05/07,0,28295952,-10921562,17374390
2015/05/08,0,28932194,-10164370,18767824
2015/05/11,0,8759000,-13554000,-4795000
2015/05/12,0,14486713,-11114225,3372488
2015/05/13,0,16584000,-9765668,6818332
2015/05/14,0,23050000,-11841795,11208205
2015/05/15,0,14222950,-6179060,8043890
2015/05/18,0,32053000,-9367000,22686000
2015/05/19,0,31923194,-20705223,11217971
2015/05/20,0,26712000,-19111000,7601000
2015/05/21,0,29124700,-21103000,8021700
2015/05/22,0,28726000,-12365980,16360020
2015/05/25,0,7226000,-3915000,3311000
2015/05/26,0,12030000,-3992000,8038000
2015/05/27,0,71006000,-14198673,56807327
2015/05/28,0,45768000,-33609468,12158532
2015/05/29,0,59741897,-39018674,20723223
2015/06/01,0,17166000,-25617560,-8451560
2015/06/02,0,26559894,-11396000,15163894
2015/06/03,0,30314000,-19925401,10388599
2015/06/04,0,49782000,-23810313,25971687
2015/06/05,0,26635424,-32115590,-5480166
2015/06/08,0,10478000,-20361996,-9883996
2015/06/09,0,38335000,-28296778,10038222
2015/06/10,0,18135617,-20327000,-2191383
2015/06/11,0,24231000,-24730897,-499897
2015/06/12,0,8978000,-13303754,-4325754
2015/06/15,0,15146000,-12499541,2646459
2015/06/16,0,5415000,-12075000,-6660000
2015/06/17,0,19440000,-15050002,4389998
2015/06/18,0,9277390,-30646427,-21369037
2015/06/19,0,0,0,0
2015/06/22,0,33157742,-15613162,17544580
2015/06/23,0,10981000,-17303685,-6322685
2015/06/24,0,37110455,-35843356,1267099
2015/06/25,0,22869774,-10124000,12745774
2015/06/26,0,12067707,-10602491,1465216
2015/06/29,0,22283000,-20850171,1432829
2015/06/30,0,46467013,-15594807,30872206
2015/07/01,0,19594000,-17016970,2577030
2015/07/02,0,26794158,-26300091,494067
2015/07/03,0,10301000,-22457000,-12156000
2015/07/06,0,25531000,-19357650,6173350
2015/07/07,0,20320200,-26991000,-6670800
2015/07/08,0,70224000,-66184000,4040000
2015/07/09,0,42817000,-30288555,12528445
2015/07/10,0,0,0,0
2015/07/13,0,12885504,-15213211,-2327707
2015/07/14,0,25092000,-43758000,-18666000
2015/07/15,0,15939000,-9072268,6866732
2015/07/16,0,15626000,-13897053,1728947
2015/07/17,0,13337243,-11447843,1889400
2015/07/20,0,14914198,-39559328,-24645130
2015/07/21,0,41455000,-32768880,8686120
2015/07/22,0,19854000,-33293782,-13439782
2015/07/23,0,24423000,-12504000,11919000
2015/07/24,0,30563305,-14561000,16002305
2015/07/27,0,32220000,-30738328,1481672
2015/07/28,0,33589400,-26311075,7278325
2015/07/29,0,17303000,-42636564,-25333564
2015/07/30,0,35769013,-32442977,3326036
2015/07/31,0,22347437,-60633838,-38286401
2015/08/03,0,23188127,-41374000,-18185873
2015/08/04,0,45752000,-68912332,-23160332
2015/08/05,0,18762945,-43651359,-24888414
2015/08/06,0,19427000,-57655872,-38228872
2015/08/07,0,54250110,-31901916,22348194
2015/08/10,0,10673000,-14387131,-3714131
2015/08/11,0,28305030,-39653328,-11348298
2015/08/12,0,27901983,-40634364,-12732381
2015/08/13,0,34958831,-24848351,10110480
2015/08/14,0,8046800,-32987000,-24940200
2015/08/17,0,5787905,-18657000,-12869095
2015/08/18,0,20102000,-53931870,-33829870
2015/08/19,0,7264626,-36861366,-29596740
2015/08/20,0,18481000,-34880959,-16399959
2015/08/21,0,16183000,-45006561,-28823561
2015/08/24,0,28715000,-33261837,-4546837
2015/08/25,0,41756100,-49359243,-7603143
2015/08/26,0,16915000,-32565631,-15650631
2015/08/27,0,20646000,-36693000,-16047000
2015/08/28,0,17835000,-26761600,-8926600
2015/08/31,0,68454095,-47501000,20953095
2015/09/01,0,16709000,-32111380,-15402380
2015/09/02,0,17754000,-27570189,-9816189
2015/09/03,0,40190000,-21168000,19022000
2015/09/04,0,10802445,-27036867,-16234422
2015/09/07,0,11742000,-15295900,-3553900
2015/09/08,0,6084000,-13796000,-7712000
2015/09/09,0,48534918,-26416000,22118918
2015/09/10,0,11717000,-23654138,-11937138
2015/09/11,0,16812000,-27386000,-10574000
2015/09/14,0,37684000,-25238670,12445330
2015/09/15,0,12635000,-9299110,3335890
2015/09/16,0,19287000,-19555715,-268715
2015/09/17,0,20928000,-30605257,-9677257
2015/09/18,0,11315541,-16369508,-5053967
2015/09/21,0,9788000,-19041725,-9253725
2015/09/22,0,19954000,-38171688,-18217688
2015/09/23,0,14225000,-36693843,-22468843
2015/09/24,0,17964000,-19315000,-1351000
2015/09/25,0,10804000,-17422210,-6618210
2015/09/28,0,0,0,0
2015/09/29,0,0,0,0
2015/09/30,0,25800700,-24802892,997808
2015/10/01,0,13507000,-10880000,2627000
2015/10/02,0,22829934,-10520250,12309684
2015/10/05,0,12513000,-9589923,2923077
2015/10/06,0,35185000,-31089000,4096000
2015/10/07,0,23215825,-17280000,5935825
2015/10/08,0,13609920,-10595000,3014920
2015/10/09,0,0,0,0
2015/10/12,0,22764033,-9940573,12823460
2015/10/13,0,22862305,-16055426,6806879
2015/10/14,0,16968000,-18914970,-1946970
2015/10/15,0,54489000,-14422916,40066084
2015/10/16,0,54647000,-27628286,27018714
2015/10/19,0,20129000,-3690205,16438795
2015/10/20,0,21052200,-15877000,5175200
2015/10/21,0,10799000,-13676600,-2877600
2015/10/22,0,9010534,-1167000,7843534
2015/10/23,0,13335264,-24171000,-10835736
2015/10/26,0,11181000,-7611000,3570000
2015/10/27,0,10920000,-14960770,-4040770
2015/10/28,0,20470156,-12273043,8197113
2015/10/29,0,35149000,-25058253,10090747
2015/10/30,0,33714000,-25566000,8148000
2015/11/02,0,17979000,-23831222,-5852222
2015/11/03,0,18237000,-51745548,-33508548
2015/11/04,0,29851931,-23025924,6826007
2015/11/05,0,17841000,-30032418,-12191418
2015/11/06,0,10714000,-33883599,-23169599
2015/11/09,0,6904970,-23263978,-16359008
2015/11/10,0,18341005,-35855892,-17514887
2015/11/11,0,5400727,-22715766,-17315039
2015/11/12,0,3610747,-15760054,-12149307
2015/11/13,0,2923765,-39324992,-36401227
2015/11/16,0,11685000,-37836000,-26151000
2015/11/17,0,11612000,-21632090,-10020090
2015/11/18,0,13307447,-29858997,-16551550
2015/11/19,0,11951000,-11156739,794261
2015/11/20,0,15003000,-20105392,-5102392
2015/11/23,0,8904968,-4749000,4155968
2015/11/24,0,8420000,-16176487,-7756487
2015/11/25,0,11140311,-9362919,1777392
2015/11/26,0,15927000,-7579475,8347525
2015/11/27,0,3694000,-7644120,-3950120
2015/11/30,0,37461540,-41455068,-3993528
2015/12/01,0,12108000,-11975257,132743
2015/12/02,0,12166000,-17203958,-5037958
2015/12/03,0,14607000,-12910000,1697000
2015/12/04,0,19830000,-16652595,3177405
2015/12/07,0,28541000,-5544951,22996049
2015/12/08,0,9682000,-13069164,-3387164
2015/12/09,0,23730000,-23741000,-11000
2015/12/10,0,18709000,-34411686,-15702686
2015/12/11,0,31715109,-21328858,10386251
2015/12/14,0,6238000,-22011522,-15773522
2015/12/15,0,17901431,-24723288,-6821857
2015/12/16,0,13133998,-12545170,588828
2015/12/17,0,8731000,-15387000,-6656000
2015/12/18,0,18152489,-15266878,2885611
2015/12/21,0,44466000,-34767000,9699000
2015/12/22,0,24507556,-25380207,-872651
2015/12/23,0,15149848,-10499139,4650709
2015/12/24,0,28814000,-2634000,26180000
2015/12/25,0,3402000,-8300000,-4898000
2015/12/28,0,6780000,-8513000,-1733000
2015/12/29,0,8988000,-11244229,-2256229
2015/12/30,0,1755164,-14704298,-12949134
2015/12/31,0,6926000,-15952000,-9026000
2016/01/01,0,0,0,0
2016/01/04,0,7331320,-24277000,-16945680
2016/01/05,0,13535022,-17394078,-3859056
2016/01/06,0,16802220,-17499369,-697149
2016/01/07,0,29981828,-21014702,8967126
2016/01/08,0,16662000,-21787305,-5125305
2016/01/11,0,20959094,-15354600,5604494
2016/01/12,0,38026000,-24262000,13764000
2016/01/13,0,27386171,-13215728,14170443
2016/01/14,0,20224305,-12503000,7721305
2016/01/15,0,10767814,-24824405,-14056591
2016/01/18,0,9160194,-17752000,-8591806
2016/01/19,0,5392447,-11064813,-5672366
2016/01/20,0,24824130,-28092000,-3267870
2016/01/21,0,20009000,-10636000,9373000
2016/01/22,0,8218766,-10415827,-2197061
2016/01/25,0,17511000,-12908488,4602512
2016/01/26,0,25910849,-23442778,2468071
2016/01/27,0,14202000,-17617796,-3415796
2016/01/28,0,20247000,-13855008,6391992
2016/01/29,0,32863610,-27343000,5520610
2016/02/01,0,12895848,-9780000,3115848
2016/02/02,0,25137625,-12198378,12939247
2016/02/03,0,20907000,-24487722,-3580722
2016/02/04,0,0,0,0
2016/02/05,0,0,0,0
2016/02/08,0,0,0,0
2016/02/09,0,0,0,0
2016/02/10,0,0,0,0
2016/02/11,0,0,0,0
2016/02/12,0,0,0,0
2016/02/15,0,31589305,-33883218,-2293913
2016/02/16,0,19056000,-17590000,1466000
2016/02/17,0,14220610,-29418220,-15197610
2016/02/18,0,12874000,-23312000,-10438000
2016/02/19,0,7791276,-21645420,-13854144
2016/02/22,0,8808189,-23416854,-14608665
2016/02/23,0,16971180,-35274878,-18303698
2016/02/24,0,13544000,-23122601,-9578601
2016/02/25,0,24134072,-48468917,-24334845
2016/02/26,0,24175673,-24296913,-121240
2016/02/29,0,0,0,0
2016/03/01,0,16399743,-31661147,-15261404
2016/03/02,0,31610732,-9924000,21686732
2016/03/03,0,34260472,-11693000,22567472
2016/03/04,0,8884000,-25454000,-16570000
2016/03/07,0,12598000,-20799000,-8201000
2016/03/08,0,35308323,-17670781,17637542
2016/03/09,0,17417741,-23670375,-6252634
2016/03/10,0,29930000,-8627352,21302648
2016/03/11,0,28580000,-14038892,14541108
2016/03/14,0,21733673,-16636579,5097094
2016/03/15,0,29732000,-33814673,-4082673
2016/03/16,0,17000000,-11513000,5487000
2016/03/17,0,19829000,-9341000,10488000
2016/03/18,0,34687321,-29549468,5137853
2016/03/21,0,16110000,-10107000,6003000
2016/03/22,0,20491836,-12093836,8398000
2016/03/23,0,12007000,-22603627,-10596627
2016/03/24,0,16303000,-10795590,5507410
2016/03/25,0,3135000,-1047000,2088000
2016/03/28,0,13371000,-7525000,5846000
2016/03/29,0,14327000,-26776000,-12449000
2016/03/30,0,24739000,-25268018,-529018
2016/03/31,0,34978846,-29493000,5485846
2016/04/01,0,14474728,-10787023,3687705
2016/04/04,0,0,0,0
2016/04/05,0,0,0,0
2016/04/06,0,12293164,-22173982,-9880818
2016/04/07,0,16771273,-14905058,1866215
2016/04/08,0,33693000,-14064000,19629000
2016/04/11,0,21383000,-4294430,17088570
2016/04/12,0,21571695,-15866654,5705041
2016/04/13,0,20139000,-2321000,17818000
2016/04/14,0,17068000,-6972949,10095051
2016/04/15,0,13941840,-9581000,4360840
2016/04/18,0,4524000,-8807000,-4283000
2016/04/19,0,6822000,-7890000,-1068000
2016/04/20,0,16709030,-13905504,2803526
2016/04/21,0,9241000,-11119000,-1878000
2016/04/22,0,6738000,-8686000,-1948000
2016/04/25,0,5414000,-9350000,-3936000
2016/04/26,0,6406440,-11589000,-5182560
2016/04/27,0,11625000,-14462871,-2837871
2016/04/28,0,13155424,-17414000,-4258576
2016/04/29,0,20316000,-17549000,2767000
2016/05/02,0,0,0,0
2016/05/03,0,11053911,-20882490,-9828579
2016/05/04,0,11002000,-19810673,-8808673
2016/05/05,0,13375000,-14083000,-708000
2016/05/06,0,3381171,-17501256,-14120085
2016/05/09,0,9888000,-12256005,-2368005
2016/05/10,0,7858000,-10656000,-2798000
2016/05/11,0,8902363,-14612000,-5709637
2016/05/12,0,5865300,-6275000,-409700
2016/05/13,0,7929000,-23149000,-15220000
2016/05/16,0,9333000,-13375189,-4042189
2016/05/17,0,7453000,-25096575,-17643575
2016/05/18,0,6871039,-24086000,-17214961
2016/05/19,0,4381000,-16190480,-11809480
2016/05/20,0,8889000,-28021484,-19132484
2016/05/23,0,14537645,-20998000,-6460355
2016/05/24,0,7879356,-33843000,-25963644
2016/05/25,0,15242901,-25508000,-10265099
2016/05/26,0,10468000,-7604000,2864000
2016/05/27,0,18463000,-15016744,3446256
2016/05/30,0,5905650,-16107326,-10201676
2016/05/31,0,31106444,-27795591,3310853
2016/06/01,0,37059832,-24783761,12276071
2016/06/02,0,16782384,-19964864,-3182480
2016/06/03,0,9896000,-13020000,-3124000
2016/06/06,0,18792000,-9943000,8849000
2016/06/07,0,11510000,-17694046,-6184046
2016/06/08,0,20108000,-29297000,-9189000
2016/06/09,0,0,0,0
2016/06/10,0,0,0,0
2016/06/13,0,10827000,-21512000,-10685000
2016/06/14,0,9920645,-17754000,-7833355
2016/06/15,0,6216100,-19932343,-13716243
2016/06/16,0,5670000,-15765000,-10095000
2016/06/17,0,29100183,-35247752,-6147569
2016/06/20,0,15451000,-15539864,-88864
2016/06/21,0,14634000,-7014075,7619925
2016/06/22,0,9720580,-6019000,3701580
2016/06/23,0,4171006,-8662550,-4491544
2016/06/24,0,14276769,-19795603,-5518834
2016/06/27,0,4919000,-7047000,-2128000
2016/06/28,0,6240000,-17401989,-11161989
2016/06/29,0,66175700,-6298000,59877700
2016/06/30,0,48214000,-28550695,19663305
2016/07/01,0,20053000,-18736000,1317000
2016/07/04,0,13312000,-3561000,9751000
2016/07/05,0,13370000,-6099000,7271000
2016/07/06,0,8621064,-15261000,-6639936
2016/07/07,0,19645000,-12637567,7007433
2016/07/08,0,0,0,0
2016/07/11,0,19939000,-38030400,-18091400
2016/07/12,0,23721000,-20664006,3056994
2016/07/13,0,32806000,-43721067,-10915067
2016/07/14,0,18530000,-15888837,2641163
2016/07/15,0,17007618,-8221000,8786618
2016/07/18,0,19670050,-8812000,10858050
2016/07/19,0,56018000,-6498000,49520000
2016/07/20,0,32134000,-20126000,12008000
2016/07/21,0,68739661,-44113145,24626516
2016/07/22,0,38229000,-23086654,15142346
2016/07/25,0,19918000,-18600000,1318000
2016/07/26,0,23068000,-11196000,11872000
2016/07/27,0,29843097,-22065097,7778000
2016/07/28,0,15473000,-37964700,-22491700
2016/07/29,0,23000211,-46381000,-23380789
2016/08/01,0,41175880,-10038000,31137880
2016/08/02,0,14008959,-16042438,-2033479
2016/08/03,0,32448639,-41422000,-8973361
2016/08/04,0,15232000,-8873038,6358962
2016/08/05,0,16658516,-7331000,9327516
2016/08/08,0,20222003,-8365000,11857003
2016/08/09,0,11280000,-8496000,2784000
2016/08/10,0,15097853,-7811000,7286853
2016/08/11,0,23549000,-10971000,12578000
2016/08/12,0,16398000,-6357000,10041000
2016/08/15,0,17253000,-5020000,12233000
2016/08/16,0,18071693,-15198693,2873000
2016/08/17,0,7712006,-16437000,-8724994
2016/08/18,0,16537000,-10311000,6226000
2016/08/19,0,9560275,-10171000,-610725
2016/08/22,0,7970000,-10341409,-2371409
2016/08/23,0,8608000,-5627699,2980301
2016/08/24,0,4463000,-5937703,-1474703
2016/08/25,0,12860000,-4697699,8162301
2016/08/26,0,7273415,-10833504,-3560089
2016/08/29,0,7496000,-9808349,-2312349
2016/08/30,0,7876001,-11986699,-4110698
2016/08/31,0,19618555,-32308850,-12690295
2016/09/01,0,6674000,-9223727,-2549727
2016/09/02,0,12612093,-5634859,6977234
2016/09/05,0,13791000,-1935000,11856000
2016/09/06,0,8054047,-10897000,-2842953
2016/09/07,0,7809000,-6234509,1574491
2016/09/08,0,13711000,-34289108,-20578108
2016/09/09,0,10742000,-20570000,-9828000
2016/09/12,0,3151188,-48277194,-45126006
2016/09/13,0,14869572,-21476000,-6606428
2016/09/14,0,18579304,-21388301,-2808997
2016/09/15,0,0,0,0
2016/09/16,0,0,0,0
2016/09/19,0,10231786,-11894000,-1662214
2016/09/20,0,15864160,-14988719,875441
2016/09/21,0,11987000,-13310000,-1323000
2016/09/22,0,10069005,-6542000,3527005
2016/09/23,0,8056000,-10860000,-2804000
2016/09/26,0,4515216,-11473000,-6957784
2016/09/27,0,0,0,0
2016/09/28,0,0,0,0
2016/09/29,0,15079004,-10691469,4387535
2016/09/30,0,11326000,-18715747,-7389747
2016/10/03,0,8679000,-27329000,-18650000
2016/10/04,0,22187360,-23228811,-1041451
2016/10/05,0,4065684,-4532000,-466316
2016/10/06,0,6703122,-14357180,-7654058
2016/10/07,0,6094009,-30992000,-24897991
2016/10/10,0,0,0,0
2016/10/11,0,8985335,-15844000,-6858665
2016/10/12,0,18516500,-14391709,4124791
2016/10/13,0,10420565,-15538000,-5117435
2016/10/14,0,7676377,-8842770,-1166393
2016/10/17,0,4901000,-11702200,-6801200
2016/10/18,0,6465610,-9678000,-3212390
2016/10/19,0,16887305,-8004000,8883305
2016/10/20,0,4319000,-7107486,-2788486
2016/10/21,0,24506000,-18392000,6114000
2016/10/24,0,5755000,-6777000,-1022000
2016/10/25,0,23169164,-4978000,18191164
2016/10/26,0,20797000,-8576882,12220118
2016/10/27,0,5620200,-11751000,-6130800
2016/10/28,0,12529000,-18810000,-6281000
2016/10/31,0,20331964,-39315000,-18983036
2016/11/01,0,34776939,-8362024,26414915
2016/11/02,0,31186600,-7328710,23857890
2016/11/03,0,15286000,-10636101,4649899
2016/11/04,0,18705000,-13588853,5116147
2016/11/07,0,16724000,-9504194,7219806
2016/11/08,0,26681600,-10703366,15978234
2016/11/09,0,17646000,-25041000,-7395000
2016/11/10,0,15847000,-13927000,1920000
2016/11/11,0,25081000,-20011555,5069445
2016/11/14,0,12645000,-19839905,-7194905
2016/11/15,0,18847000,-19523000,-676000
2016/11/16,0,13602770,-21024701,-7421931
2016/11/17,0,8946000,-11667000,-2721000
2016/11/18,0,12109620,-20932707,-8823087
2016/11/21,0,9924000,-17110728,-7186728
2016/11/22,0,8184580,-23441767,-15257187
2016/11/23,0,14134487,-16387911,-2253424
2016/11/24,0,8261000,-10364669,-2103669
2016/11/25,0,3119000,-9510962,-6391962
2016/11/28,0,4428000,-9204000,-4776000
2016/11/29,0,13145000,-29588900,-16443900
2016/11/30,0,32244573,-25324511,6920062
2016/12/01,0,16992600,-14686553,2306047
2016/12/02,0,19819168,-26502168,-6683000
2016/12/05,0,5288000,-11781702,-6493702
2016/12/06,0,27203000,-12617000,14586000
2016/12/07,0,16312000,-10765000,5547000
2016/12/08,0,21803000,-9781000,12022000
2016/12/09,0,15287600,-15642387,-354787
2016/12/12,0,10395000,-2273000,8122000
2016/12/13,0,10447225,-13419802,-2972577
2016/12/14,0,24201750,-14800909,9400841
2016/12/15,0,22508000,-7952000,14556000
2016/12/16,0,18726000,-12210026,6515974
2016/12/19,0,9384000,-4810000,4574000
2016/12/20,0,10508600,-6085447,4423153
2016/12/21,0,5495688,-6694653,-1198965
2016/12/22,0,2902884,-8541000,-5638116
2016/12/23,0,8518000,-11099000,-2581000
2016/12/26,0,1448000,-1672000,-224000
2016/12/27,0,2147000,-977000,1170000
2016/12/28,0,10335000,-4323000,6012000
2016/12/29,0,11918717,-8585205,3333512
2016/12/30,0,12383000,-6451000,5932000
2017/01/02,0,0,0,0
2017/01/03,0,21383000,-5081000,16302000
2017/01/04,0,12633000,-9239000,3394000
2017/01/05,0,32130343,-10451296,21679047
2017/01/06,0,17092000,-15988000,1104000
2017/01/09,0,8013000,-14662000,-6649000
2017/01/10,0,19682000,-8164000,11518000
2017/01/11,0,14679400,-14021000,658400
2017/01/12,0,23818000,-12919779,10898221
2017/01/13,0,24941800,-3813000,21128800
2017/01/16,0,7978000,-9616101,-1638101
2017/01/17,0,8428850,-3982000,4446850
2017/01/18,0,20368000,-8637540,11730460
2017/01/19,0,23234000,-17943426,5290574
2017/01/20,0,16729200,-13441423,3287777
2017/01/23,0,19007000,-22011662,-3004662
2017/01/24,0,32387869,-15593796,16794073
2017/01/25,0,0,0,0
2017/01/26,0,0,0,0
2017/01/27,0,0,0,0
2017/01/30,0,0,0,0
2017/01/31,0,0,0,0
2017/02/01,0,0,0,0
2017/02/02,0,65586362,-31211683,34374679
2017/02/03,0,18508000,-33704950,-15196950
2017/02/06,0,10351000,-19585505,-9234505
2017/02/07,0,13660686,-10951503,2709183
2017/02/08,0,27158274,-35489286,-8331012
2017/02/09,0,34149000,-16352131,17796869
2017/02/10,0,33373000,-47220932,-13847932
2017/02/13,0,28099194,-79203000,-51103806
2017/02/14,0,27462000,-30325457,-2863457
2017/02/15,0,44267862,-32182112,12085750
2017/02/16,0,38166000,-21351000,16815000
2017/02/17,0,4228000,-13157000,-8929000
2017/02/20,0,11515000,-8975487,2539513
2017/02/21,0,14049000,-10593000,3456000
2017/02/22,0,17023347,-32361763,-15338416
2017/02/23,0,29797000,-28669000,1128000
2017/02/24,0,25712000,-9063759,16648241
2017/02/27,0,0,0,0
2017/02/28,0,0,0,0
2017/03/01,0,12358000,-35390594,-23032594
2017/03/02,0,16822000,-8414542,8407458
2017/03/03,0,26209000,-15497039,10711961
2017/03/06,0,13064626,-16755000,-3690374
2017/03/07,0,17449075,-6689308,10759767
2017/03/08,0,10870000,-18403009,-7533009
2017/03/09,0,18676000,-24989000,-6313000
2017/03/10,0,14932842,-12913000,2019842
2017/03/13,0,7116800,-10304993,-3188193
2017/03/14,0,18918200,-11048800,7869400
2017/03/15,0,7741000,-5877943,1863057
2017/03/16,0,14242857,-7402658,6840199
2017/03/17,0,25586828,-22431138,3155690
2017/03/20,0,7734000,-10275571,-2541571
2017/03/21,0,15202400,-12352219,2850181
2017/03/22,0,11538646,-17593435,-6054789
2017/03/23,0,8109000,-11970725,-3861725
2017/03/24,0,19271863,-25395000,-6123137
2017/03/27,0,17819000,-12543463,5275537
2017/03/28,0,20772000,-18327440,2444560
2017/03/29,0,34682600,-38897275,-4214675
2017/03/30,0,9872000,-30638000,-20766000
2017/03/31,0,27641000,-37296804,-9655804
2017/04/03,0,0,0,0
2017/04/04,0,0,0,0
2017/04/05,0,24011568,-20835594,3175974
2017/04/06,0,9286131,-22381552,-13095421
2017/04/07,0,14107000,-21484000,-7377000
2017/04/10,0,9175000,-22860231,-13685231
2017/04/11,0,16916000,-28687786,-11771786
2017/04/12,0,31191404,-20594833,10596571
2017/04/13,0,32977000,-52975000,-19998000
2017/04/14,0,29360000,-8660000,20700000
2017/04/17,0,14464905,-21535000,-7070095
2017/04/18,0,51681399,-18833000,32848399
2017/04/19,0,26235226,-27934207,-1698981
2017/04/20,0,23389566,-21406950,1982616
2017/04/21,0,12496881,-18874091,-6377210
2017/04/24,0,12470372,-8030000,4440372
2017/04/25,0,39639645,-18275974,21363671
2017/04/26,0,24792000,-18484000,6308000
2017/04/27,0,16106000,-50589497,-34483497
2017/04/28,0,22787042,-30781859,-7994817
2017/05/01,0,0,0,0
2017/05/02,0,35848000,-21501000,14347000
2017/05/03,0,4891000,-11070900,-6179900
2017/05/04,0,15163000,-16835967,-1672967
2017/05/05,0,2586400,-15317000,-12730600
2017/05/08,0,18686801,-23597023,-4910222
2017/05/09,0,32565056,-59282224,-26717168
2017/05/10,0,24982400,-45209000,-20226600
2017/05/11,0,15728045,-88678661,-72950616
2017/05/12,0,27886000,-63708000,-35822000
2017/05/15,0,8723400,-23004913,-14281513
2017/05/16,0,44941797,-53224638,-8282841
2017/05/17,0,23437000,-30360247,-6923247
2017/05/18,0,25357042,-20084000,5273042
2017/05/19,0,47349549,-50043000,-2693451
2017/05/22,0,20389000,-34010296,-13621296
2017/05/23,0,50982000,-24036174,26945826
2017/05/24,0,53015000,-30189000,22826000
2017/05/25,0,20885115,-16449754,4435361
2017/05/26,0,0,0,0
2017/05/29,0,0,0,0
2017/05/30,0,0,0,0
2017/05/31,0,39284993,-29857307,9427686
2017/06/01,0,19991000,-19167840,823160
2017/06/02,0,27713000,-10785000,16928000
2017/06/05,0,26074094,-13161000,12913094
2017/06/06,0,23595924,-22370314,1225610
2017/06/07,0,43671000,-13833159,29837841
2017/06/08,0,18447000,-33126098,-14679098
2017/06/09,0,29480000,-31050035,-1570035
2017/06/12,0,18759354,-10766000,7993354
2017/06/13,0,15350000,-28980000,-13630000
2017/06/14,0,30438000,-22183400,8254600
2017/06/15,0,25216000,-13193000,12023000
2017/06/16,0,22172432,-30160988,-7988556
2017/06/19,0,17923200,-5948000,11975200
2017/06/20,0,21654527,-4237000,17417527
2017/06/21,0,58820000,-32213000,26607000
2017/06/22,0,36718491,-19359913,17358578
2017/06/23,0,27742186,-11468904,16273282
2017/06/26,0,42685430,-21485856,21199574
2017/06/27,0,33527897,-34337085,-809188
2017/06/28,0,24238000,-31888119,-7650119
2017/06/29,0,20836000,-9153636,11682364
2017/06/30,0,50985000,-9854313,41130687
2017/07/03,0,34251398,-20873847,13377551
2017/07/04,0,13442000,-11015000,2427000
2017/07/05,0,8920000,-4112741,4807259
2017/07/06,0,23391000,-35432000,-12041000
2017/07/07,0,22266135,-20305388,1960747
2017/07/10,0,24892875,-14804444,10088431
2017/07/11,0,21617298,-3982000,17635298
2017/07/12,0,17270637,-23058695,-5788058
2017/07/13,0,21370663,-62227000,-40856337
2017/07/14,0,22918000,-19489352,3428648
2017/07/17,0,17728000,-12243578,5484422
2017/07/18,0,19632478,-12371758,7260720
2017/07/19,0,18825880,-20715427,-1889547
2017/07/20,0,8171322,-68033005,-59861683
2017/07/21,0,48890745,-57495410,-8604665
2017/07/24,0,23521437,-24727520,-1206083
2017/07/25,0,49075000,-41936592,7138408
2017/07/26,0,7991000,-42608786,-34617786
2017/07/27,0,16043000,-45193393,-29150393
2017/07/28,0,7054000,-29015600,-21961600
2017/07/31,0,18731166,-24726755,-5995589
2017/08/01,0,21540204,-36792000,-15251796
2017/08/02,0,12476282,-21956257,-9479975
2017/08/03,0,7380621,-22303196,-14922575
2017/08/04,0,18464027,-23500000,-5035973
2017/08/07,0,12824938,-25332000,-12507062
2017/08/08,0,23017000,-34183700,-11166700
2017/08/09,0,29221800,-54309393,-25087593
2017/08/10,0,35934400,-27248670,8685730
2017/08/11,0,90176000,-87186000,2990000
2017/08/14,0,15906108,-17190000,-1283892
2017/08/15,0,36616000,-41637000,-5021000
2017/08/16,0,12931000,-16370000,-3439000
2017/08/17,0,22361000,-32827000,-10466000
2017/08/18,0,4712000,-17470685,-12758685
