Date,Open,Buy,Sell,Total
2007/01/02,0,1728000,0,1728000
2007/01/03,0,2420000,0,2420000
2007/01/04,0,1886000,0,1886000
2007/01/05,0,905000,-210000,695000
2007/01/08,0,1090000,0,1090000
2007/01/09,0,190000,-100000,90000
2007/01/10,0,795000,0,795000
2007/01/11,0,2805000,-770000,2035000
2007/01/12,0,1215000,-2750000,-1535000
2007/01/15,0,674000,-1895000,-1221000
2007/01/16,0,985000,-190000,795000
2007/01/17,0,1355000,-2078000,-723000
2007/01/18,0,1935000,-550000,1385000
2007/01/19,0,10648000,-550000,10098000
2007/01/22,0,152000,-1301000,-1149000
2007/01/23,0,840000,-1867000,-1027000
2007/01/24,0,1788000,-1150000,638000
2007/01/25,0,5312000,-45000,5267000
2007/01/26,0,139000,-240000,-101000
2007/01/29,0,200000,-325000,-125000
2007/01/30,0,200000,-13000,187000
2007/01/31,0,1021000,0,1021000
2007/02/01,0,2252000,0,2252000
2007/02/02,0,2782000,0,2782000
2007/02/05,0,2028000,-52000,1976000
2007/02/06,0,3151000,-2150000,1001000
2007/02/07,0,1382000,-2318000,-936000
2007/02/08,0,225000,-1158000,-933000
2007/02/09,0,243000,-588000,-345000
2007/02/12,0,368000,-700000,-332000
2007/02/13,0,2307000,-602000,1705000
2007/02/14,0,895000,0,895000
2007/02/15,0,0,0,0
2007/02/16,0,0,0,0
2007/02/19,0,0,0,0
2007/02/20,0,0,0,0
2007/02/21,0,0,0,0
2007/02/22,0,0,0,0
2007/02/23,0,0,0,0
2007/02/26,0,3350000,0,3350000
2007/02/27,0,130000,-300000,-170000
2007/02/28,0,0,0,0
2007/03/01,0,159000,-5790000,-5631000
2007/03/02,0,120000,-1025000,-905000
2007/03/05,0,75000,-3519000,-3444000
2007/03/06,0,251000,-2804000,-2553000
2007/03/07,0,0,-2733000,-2733000
2007/03/08,0,255000,-5419000,-5164000
2007/03/09,0,332000,-470000,-138000
2007/03/12,0,158000,-1475000,-1317000
2007/03/13,0,250000,-180000,70000
2007/03/14,0,0,-1210000,-1210000
2007/03/15,0,99000,-343000,-244000
2007/03/16,0,0,-661000,-661000
2007/03/19,0,352000,-2000000,-1648000
2007/03/20,0,103000,-648000,-545000
2007/03/21,0,33000,-1548000,-1515000
2007/03/22,0,130000,-2862000,-2732000
2007/03/23,0,135000,-1924000,-1789000
2007/03/26,0,1000,-2163000,-2162000
2007/03/27,0,0,-1681000,-1681000
2007/03/28,0,6000,-4641000,-4635000
2007/03/29,0,519000,-781000,-262000
2007/03/30,0,1182000,-1196000,-14000
2007/04/02,0,3836000,-211000,3625000
2007/04/03,0,568000,-150000,418000
2007/04/04,0,3947000,-103000,3844000
2007/04/05,0,0,0,0
2007/04/06,0,0,0,0
2007/04/09,0,1723000,-1000,1722000
2007/04/10,0,1474000,-552000,922000
2007/04/11,0,2178000,0,2178000
2007/04/12,0,240000,-397000,-157000
2007/04/13,0,0,-32000,-32000
2007/04/16,0,90000,-100000,-10000
2007/04/17,0,691000,-230000,461000
2007/04/18,0,840000,-532000,308000
2007/04/19,0,3155000,-140000,3015000
2007/04/20,0,1303000,-51000,1252000
2007/04/23,0,134000,-875000,-741000
2007/04/24,0,33000,-491000,-458000
2007/04/25,0,100000,-490000,-390000
2007/04/26,0,0,-1977000,-1977000
2007/04/27,0,0,-710000,-710000
2007/04/30,0,165000,-822000,-657000
2007/05/01,0,0,0,0
2007/05/02,0,175000,-805000,-630000
2007/05/03,0,12000,-1225000,-1213000
2007/05/04,0,40000,-1306000,-1266000
2007/05/07,0,241000,-315000,-74000
2007/05/08,0,0,-32000,-32000
2007/05/09,0,38000,-260000,-222000
2007/05/10,0,0,-752000,-752000
2007/05/11,0,0,-277000,-277000
2007/05/14,0,6000,-555000,-549000
2007/05/15,0,18000,-548000,-530000
2007/05/16,0,0,-1166000,-1166000
2007/05/17,0,0,-153000,-153000
2007/05/18,0,110000,-698000,-588000
2007/05/21,0,293000,-162000,131000
2007/05/22,0,935000,-43000,892000
2007/05/23,0,1491000,-1075000,416000
2007/05/24,0,107000,-112000,-5000
2007/05/25,0,100000,-812000,-712000
2007/05/28,0,34000,-1552000,-1518000
2007/05/29,0,350000,0,350000
2007/05/30,0,392000,-162000,230000
2007/05/31,0,1430000,-290000,1140000
2007/06/01,0,57000,-785000,-728000
2007/06/04,0,348000,-350000,-2000
2007/06/05,0,817000,-32000,785000
2007/06/06,0,775000,-300000,475000
2007/06/07,0,50000,-450000,-400000
2007/06/08,0,227000,0,227000
2007/06/11,0,121000,-50000,71000
2007/06/12,0,184000,-91000,93000
2007/06/13,0,1213000,-9000,1204000
2007/06/14,0,2992000,-39000,2953000
2007/06/15,0,2571000,-278000,2293000
2007/06/18,0,0,0,0
2007/06/19,0,0,0,0
2007/06/20,0,948000,-1881000,-933000
2007/06/21,0,1208000,-233000,975000
2007/06/22,0,726000,-1753000,-1027000
2007/06/25,0,100000,-667000,-567000
2007/06/26,0,403000,-190000,213000
2007/06/27,0,150000,-673000,-523000
2007/06/28,0,130000,-1063000,-933000
2007/06/29,0,120000,-100000,20000
2007/07/02,0,1679000,-34000,1645000
2007/07/03,0,595000,-268000,327000
2007/07/04,0,243000,-152000,91000
2007/07/05,0,1168000,-296000,872000
2007/07/06,0,2877000,-65000,2812000
2007/07/09,0,1088000,-134000,954000
2007/07/10,0,511000,-129000,382000
2007/07/11,0,92000,-27000,65000
2007/07/12,0,285000,-50000,235000
2007/07/13,0,675000,-24000,651000
2007/07/16,0,656000,-1673000,-1017000
2007/07/17,0,205000,-260000,-55000
2007/07/18,0,397000,-1149000,-752000
2007/07/19,0,103000,-1043000,-940000
2007/07/20,0,355000,-162000,193000
2007/07/23,0,430000,-237000,193000
2007/07/24,0,120000,-3000,117000
2007/07/25,0,282000,-210000,72000
2007/07/26,0,11000,-281000,-270000
2007/07/27,0,327000,-1646000,-1319000
2007/07/30,0,100000,-205000,-105000
2007/07/31,0,600000,-11000,589000
2007/08/01,0,731000,-85000,646000
2007/08/02,0,167000,-31000,136000
2007/08/03,0,1208000,-201000,1007000
2007/08/06,0,295000,0,295000
2007/08/07,0,543000,-100000,443000
2007/08/08,0,680000,-10000,670000
2007/08/09,0,941000,-8000,933000
2007/08/10,0,194000,-133000,61000
2007/08/13,0,0,0,0
2007/08/14,0,166000,-11000,155000
2007/08/15,0,107000,-200000,-93000
2007/08/16,0,765000,-85000,680000
2007/08/17,0,3144000,-274000,2870000
2007/08/20,0,73000,-620000,-547000
2007/08/21,0,2559000,-10000,2549000
2007/08/22,0,555000,-48000,507000
2007/08/23,0,782000,0,782000
2007/08/24,0,819000,-4000,815000
2007/08/27,0,53000,-377000,-324000
2007/08/28,0,340000,-770000,-430000
2007/08/29,0,12000,-2577000,-2565000
2007/08/30,0,529000,-4641000,-4112000
2007/08/31,0,1660000,-1044000,616000
2007/09/03,0,499000,-1179000,-680000
2007/09/04,0,61000,-1325000,-1264000
2007/09/05,0,1110000,-370000,740000
2007/09/06,0,1557000,0,1557000
2007/09/07,0,1101000,-165000,936000
2007/09/10,0,60000,-1591000,-1531000
2007/09/11,0,70000,-200000,-130000
2007/09/12,0,105000,-130000,-25000
2007/09/13,0,180000,-1010000,-830000
2007/09/14,0,109000,-40000,69000
2007/09/17,0,41000,-1196000,-1155000
2007/09/18,0,0,0,0
2007/09/19,0,53000,-653000,-600000
2007/09/20,0,806000,-313000,493000
2007/09/21,0,2508000,-344000,2164000
2007/09/24,0,0,0,0
2007/09/25,0,0,0,0
2007/09/26,0,1271000,-35000,1236000
2007/09/27,0,367000,-200000,167000
2007/09/28,0,0,-303000,-303000
2007/10/01,0,11000,-249000,-238000
2007/10/02,0,374000,-1112000,-738000
2007/10/03,0,225000,-2148000,-1923000
2007/10/04,0,520000,-1007000,-487000
2007/10/05,0,349000,-418000,-69000
2007/10/08,0,1187000,-50000,1137000
2007/10/09,0,601000,0,601000
2007/10/10,0,0,0,0
2007/10/11,0,291000,0,291000
2007/10/12,0,0,-800000,-800000
2007/10/15,0,75000,-3166546,-3091546
2007/10/16,0,52000,-3481116,-3429116
2007/10/17,0,0,-1366788,-1366788
2007/10/18,0,402000,-2861833,-2459833
2007/10/19,0,47000,-343944,-296944
2007/10/22,0,281000,-233960,47040
2007/10/23,0,220000,-2368417,-2148417
2007/10/24,0,861000,-1176000,-315000
2007/10/25,0,1641000,-258290,1382710
2007/10/26,0,1590000,-16625,1573375
2007/10/29,0,4708000,-2788,4705212
2007/10/30,0,2748000,-218936,2529064
2007/10/31,0,1358000,-415000,943000
2007/11/01,0,4839000,0,4839000
2007/11/02,0,145000,0,145000
2007/11/05,0,411000,-316000,95000
2007/11/06,0,0,-898000,-898000
2007/11/07,0,81000,-893612,-812612
2007/11/08,0,2000,-1878719,-1876719
2007/11/09,0,3000,-2580929,-2577929
2007/11/12,0,40000,-301471,-261471
2007/11/13,0,792000,-8046577,-7254577
2007/11/14,0,68000,-837039,-769039
2007/11/15,0,92000,-1214840,-1122840
2007/11/16,0,37000,-4471754,-4434754
2007/11/19,0,104000,-2830415,-2726415
2007/11/20,0,649000,-1222000,-573000
2007/11/21,0,0,-1943788,-1943788
2007/11/22,0,217000,-2651150,-2434150
2007/11/23,0,433000,-496580,-63580
2007/11/26,0,2519000,-100000,2419000
2007/11/27,0,2000,-156000,-154000
2007/11/28,0,905000,-496992,408008
2007/11/29,0,284000,-250000,34000
2007/11/30,0,0,-16589,-16589
2007/12/03,0,2000,-920,1080
2007/12/04,0,151000,-771404,-620404
2007/12/05,0,157000,-571086,-414086
2007/12/06,0,441000,-235984,205016
2007/12/07,0,1205000,-103984,1101016
2007/12/10,0,30000,-2163461,-2133461
2007/12/11,0,125000,-1514740,-1389740
2007/12/12,0,750000,-3121426,-2371426
2007/12/13,0,777000,-2039931,-1262931
2007/12/14,0,944000,-2366874,-1422874
2007/12/17,0,563000,-634633,-71633
2007/12/18,0,2093000,-1232800,860200
2007/12/19,0,4974000,-408000,4566000
2007/12/20,0,225000,0,225000
2007/12/21,0,151000,-1652000,-1501000
2007/12/24,0,842000,-231000,611000
2007/12/25,0,955000,-133000,822000
2007/12/26,0,756000,-400971,355029
2007/12/27,0,826000,-588171,237829
2007/12/28,0,397000,-17000,380000
2007/12/31,0,0,-72948,-72948
2008/01/01,0,0,0,0
2008/01/02,0,1420000,-251000,1169000
2008/01/03,0,225000,-751000,-526000
2008/01/04,0,357000,-656366,-299366
2008/01/07,0,2000,-15000,-13000
2008/01/08,0,129000,-1779864,-1650864
2008/01/09,0,0,-6714000,-6714000
2008/01/10,0,2376000,-796000,1580000
2008/01/11,0,1782000,-401000,1381000
2008/01/14,0,286000,-20000,266000
2008/01/15,0,1235000,-849000,386000
2008/01/16,0,521000,-481000,40000
2008/01/17,0,150000,-514000,-364000
2008/01/18,0,154000,-827976,-673976
2008/01/21,0,10000,0,10000
2008/01/22,0,0,-128000,-128000
2008/01/23,0,221000,-5740697,-5519697
2008/01/24,0,186000,-6469960,-6283960
2008/01/25,0,1577000,-20000,1557000
2008/01/28,0,174000,-418840,-244840
2008/01/29,0,2451000,-595000,1856000
2008/01/30,0,677000,-151047,525953
2008/01/31,0,300000,-442000,-142000
2008/02/01,0,1534000,-449000,1085000
2008/02/04,0,0,0,0
2008/02/05,0,0,0,0
2008/02/06,0,0,0,0
2008/02/07,0,0,0,0
2008/02/08,0,0,0,0
2008/02/11,0,0,0,0
2008/02/12,0,0,-532000,-532000
2008/02/13,0,6000,-280000,-274000
2008/02/14,0,2071000,-780,2070220
2008/02/15,0,2575000,0,2575000
2008/02/18,0,2571000,0,2571000
2008/02/19,0,1560000,-13000,1547000
2008/02/20,0,590064,-106000,484064
2008/02/21,0,2326000,-84000,2242000
2008/02/22,0,8455000,-2000,8453000
2008/02/25,0,7482000,-43000,7439000
2008/02/26,0,3149000,-689000,2460000
2008/02/27,0,995000,-312000,683000
2008/02/28,0,0,0,0
2008/02/29,0,430000,-352254,77746
2008/03/03,0,119000,-4599000,-4480000
2008/03/04,0,643000,-446880,196120
2008/03/05,0,2002000,-1565000,437000
2008/03/06,0,40000,-1445000,-1405000
2008/03/07,0,1399000,-368000,1031000
2008/03/10,0,614000,-339254,274746
2008/03/11,0,581000,-500000,81000
2008/03/12,0,836000,-10000,826000
2008/03/13,0,0,-1000,-1000
2008/03/14,0,190000,-3262000,-3072000
2008/03/17,0,63000,-5589000,-5526000
2008/03/18,0,488000,-993000,-505000
2008/03/19,0,561000,-3531000,-2970000
2008/03/20,0,3000,-1473000,-1470000
2008/03/21,0,6000,0,6000
2008/03/24,0,6000,-750118,-744118
2008/03/25,0,4000,-2746984,-2742984
2008/03/26,0,4000,-1428000,-1424000
2008/03/27,0,5000,-1067000,-1062000
2008/03/28,0,84000,-114000,-30000
2008/03/31,0,3000,-4000,-1000
2008/04/01,0,511000,-288484,222516
2008/04/02,0,2157000,-220000,1937000
2008/04/03,0,7105000,0,7105000
2008/04/04,0,0,0,0
2008/04/07,0,494000,-417000,77000
2008/04/08,0,651000,0,651000
2008/04/09,0,420000,-1207000,-787000
2008/04/10,0,880000,-167780,712220
2008/04/11,0,730000,0,730000
2008/04/14,0,25000,-873000,-848000
2008/04/15,0,290000,-1970633,-1680633
2008/04/16,0,100000,-1759000,-1659000
2008/04/17,0,0,-1683000,-1683000
2008/04/18,0,1061000,-470000,591000
2008/04/21,0,2442000,0,2442000
2008/04/22,0,40000,-16000,24000
2008/04/23,0,920000,0,920000
2008/04/24,0,1000,-1370000,-1369000
2008/04/25,0,69000,-440000,-371000
2008/04/28,0,383000,-300000,83000
2008/04/29,0,26000,-1469000,-1443000
2008/04/30,0,115000,-61000,54000
2008/05/01,0,0,0,0
2008/05/02,0,82000,-4543000,-4461000
2008/05/05,0,50000,-4846984,-4796984
2008/05/06,0,673000,-1921000,-1248000
2008/05/07,0,60000,-2081000,-2021000
2008/05/08,0,536000,-2735000,-2199000
2008/05/09,0,64000,-936,63064
2008/05/12,0,1000,-58000,-57000
2008/05/13,0,642000,-11000,631000
2008/05/14,0,123000,-63000,60000
2008/05/15,0,3623000,-5000,3618000
2008/05/16,0,6290000,-30000,6260000
2008/05/19,0,161000,-159000,2000
2008/05/20,0,20000,-576000,-556000
2008/05/21,0,0,-571000,-571000
2008/05/22,0,1000,0,1000
2008/05/23,0,65000,-170000,-105000
2008/05/26,0,2000,-628000,-626000
2008/05/27,0,66000,-1000,65000
2008/05/28,0,3000,-184000,-181000
2008/05/29,0,18000,-629000,-611000
2008/05/30,0,27000,-1872000,-1845000
2008/06/02,0,157000,-23000,134000
2008/06/03,0,104000,-50000,54000
2008/06/04,0,1000,-300000,-299000
2008/06/05,0,1000,0,1000
2008/06/06,0,81000,0,81000
2008/06/09,0,210000,0,210000
2008/06/10,0,2000,-2037960,-2035960
2008/06/11,0,15000,-788000,-773000
2008/06/12,0,103000,-442000,-339000
2008/06/13,0,496000,-771000,-275000
2008/06/16,0,0,-1575123,-1575123
2008/06/17,0,107000,-8950597,-8843597
2008/06/18,0,0,-680000,-680000
2008/06/19,0,0,-1923273,-1923273
2008/06/20,0,553000,-508000,45000
2008/06/23,0,268000,-608000,-340000
2008/06/24,0,60000,-1779000,-1719000
2008/06/25,0,798000,-3000,795000
2008/06/26,0,604000,-587000,17000
2008/06/27,0,1000,-1682154,-1681154
2008/06/30,0,2245000,-2458593,-213593
2008/07/01,0,452000,-515000,-63000
2008/07/02,0,7935000,-1000,7934000
2008/07/03,0,1588000,-3000,1585000
2008/07/04,0,45000,-33000,12000
2008/07/07,0,211000,0,211000
2008/07/08,0,437000,0,437000
2008/07/09,0,15000,-2612000,-2597000
2008/07/10,0,0,-1620000,-1620000
2008/07/11,0,659000,-486000,173000
2008/07/14,0,801000,0,801000
2008/07/15,0,305000,-393000,-88000
2008/07/16,0,23000,-277932,-254932
2008/07/17,0,1490000,-214000,1276000
2008/07/18,0,561000,-1564000,-1003000
2008/07/21,0,22000,-42000,-20000
2008/07/22,0,169000,-6000,163000
2008/07/23,0,496000,-561752,-65752
2008/07/24,0,8217000,-9000,8208000
2008/07/25,0,450000,0,450000
2008/07/28,0,0,0,0
2008/07/29,0,53000,-1200000,-1147000
2008/07/30,0,2000,-1273000,-1271000
2008/07/31,0,215000,-800000,-585000
2008/08/01,0,899000,-2188000,-1289000
2008/08/04,0,548000,-712000,-164000
2008/08/05,0,0,-316000,-316000
2008/08/06,0,400000,-804000,-404000
2008/08/07,0,725000,-175000,550000
2008/08/08,0,413000,-1039000,-626000
2008/08/11,0,1936000,0,1936000
2008/08/12,0,7693000,-102187,7590813
2008/08/13,0,2695000,0,2695000
2008/08/14,0,920000,-9596000,-8676000
2008/08/15,0,1268000,-2700000,-1432000
2008/08/18,0,9000,-263000,-254000
2008/08/19,0,164000,-219000,-55000
2008/08/20,0,2000,-195000,-193000
2008/08/21,0,3000,-12000,-9000
2008/08/22,0,634000,0,634000
2008/08/25,0,1400000,0,1400000
2008/08/26,0,879000,-32000,847000
2008/08/27,0,490000,0,490000
2008/08/28,0,5954000,-247000,5707000
2008/08/29,0,939000,-17000,922000
2008/09/01,0,107000,-100000,7000
2008/09/02,0,549000,-150000,399000
2008/09/03,0,113000,-480000,-367000
2008/09/04,0,89000,-300000,-211000
2008/09/05,0,1519000,0,1519000
2008/09/08,0,1284000,-3000,1281000
2008/09/09,0,6000,-400000,-394000
2008/09/10,0,4000,-3095000,-3091000
2008/09/11,0,0,-330000,-330000
2008/09/12,0,184000,-1232000,-1048000
2008/09/15,0,50000,-300000,-250000
2008/09/16,0,204000,-1070000,-866000
2008/09/17,0,887000,-203000,684000
2008/09/18,0,131000,-490000,-359000
2008/09/19,0,0,-5000,-5000
2008/09/22,0,0,-750000,-750000
2008/09/23,0,1532000,-152000,1380000
2008/09/24,0,88000,-871000,-783000
2008/09/25,0,3000,-107000,-104000
2008/09/26,0,8000,-409000,-401000
2008/09/29,0,0,0,0
2008/09/30,0,354000,-379557,-25557
2008/10/01,0,5000,-551983,-546983
2008/10/02,0,0,-10000,-10000
2008/10/03,0,551000,-59000,492000
2008/10/06,0,140000,-48455,91545
2008/10/07,0,146000,-117000,29000
2008/10/08,0,450000,-566000,-116000
2008/10/09,0,4000,-2546000,-2542000
2008/10/10,0,0,0,0
2008/10/13,0,0,-1781000,-1781000
2008/10/14,0,400000,-2549300,-2149300
2008/10/15,0,20000,-544224,-524224
2008/10/16,0,3000,0,3000
2008/10/17,0,180000,-467564,-287564
2008/10/20,0,0,-500,-500
2008/10/21,0,9000,-2880000,-2871000
2008/10/22,0,0,-200000,-200000
2008/10/23,0,11000,0,11000
2008/10/24,0,0,-68000,-68000
2008/10/27,0,0,0,0
2008/10/28,0,5000,-3079500,-3074500
2008/10/29,0,1741000,-4269000,-2528000
2008/10/30,0,55000,-4907600,-4852600
2008/10/31,0,0,-3172798,-3172798
2008/11/03,0,25000,-483200,-458200
2008/11/04,0,416000,-995000,-579000
2008/11/05,0,61000,-300000,-239000
2008/11/06,0,5000,-875000,-870000
2008/11/07,0,1000,-1551500,-1550500
2008/11/10,0,7000,-400000,-393000
2008/11/11,0,1000,-820200,-819200
2008/11/12,0,35000,-1500,33500
2008/11/13,0,0,0,0
2008/11/14,0,19000,-716600,-697600
2008/11/17,0,65000,0,65000
2008/11/18,0,85000,-141000,-56000
2008/11/19,0,0,-1801500,-1801500
2008/11/20,0,1504000,-340000,1164000
2008/11/21,0,1312000,-1317100,-5100
2008/11/24,0,798000,-889500,-91500
2008/11/25,0,1520000,-1766,1518234
2008/11/26,0,17008,-463802,-446794
2008/11/27,0,7000,-1000,6000
2008/11/28,0,0,-1514000,-1514000
2008/12/01,0,4028000,-672175,3355825
2008/12/02,0,1147000,0,1147000
2008/12/03,0,1038000,-189000,849000
2008/12/04,0,9648000,-854,9647146
2008/12/05,0,4147000,-1000,4146000
2008/12/08,0,3694000,0,3694000
2008/12/09,0,9462000,-200000,9262000
2008/12/10,0,284000,-13000,271000
2008/12/11,0,17322000,-702000,16620000
2008/12/12,0,14660000,-2230000,12430000
2008/12/15,0,36000,0,36000
2008/12/16,0,2807000,-1500000,1307000
2008/12/17,0,3343000,-3898000,-555000
2008/12/18,0,1735000,-1159000,576000
2008/12/19,0,2296000,-7225000,-4929000
2008/12/22,0,64000,-2884000,-2820000
2008/12/23,0,0,-4411000,-4411000
2008/12/24,0,265000,-2839000,-2574000
2008/12/25,0,450000,-2200000,-1750000
2008/12/26,0,2366000,0,2366000
2008/12/29,0,5352000,0,5352000
2008/12/30,0,693000,0,693000
2008/12/31,0,23615000,-16000,23599000
2009/01/01,0,0,0,0
2009/01/02,0,0,0,0
2009/01/05,0,870000,0,870000
2009/01/06,0,11146000,0,11146000
2009/01/07,0,2935000,-950000,1985000
2009/01/08,0,2856000,-1049000,1807000
2009/01/09,0,5800000,-1000000,4800000
2009/01/12,0,2426000,-4483000,-2057000
2009/01/13,0,7007000,-3971600,3035400
2009/01/14,0,6716000,-330000,6386000
2009/01/15,0,768000,-1006000,-238000
2009/01/16,0,2715000,-176000,2539000
2009/01/19,0,2911000,-3551000,-640000
2009/01/20,0,604000,-6427000,-5823000
2009/01/21,0,1045000,-100000,945000
2009/01/22,0,0,0,0
2009/01/23,0,0,0,0
2009/01/26,0,0,0,0
2009/01/27,0,0,0,0
2009/01/28,0,0,0,0
2009/01/29,0,0,0,0
2009/01/30,0,0,0,0
2009/02/02,0,2765000,0,2765000
2009/02/03,0,1564000,0,1564000
2009/02/04,0,2763000,-1230400,1532600
2009/02/05,0,2541000,-902000,1639000
2009/02/06,0,5172000,-1128000,4044000
2009/02/09,0,6806000,0,6806000
2009/02/10,0,2037000,-1926000,111000
2009/02/11,0,614000,-2350000,-1736000
2009/02/12,0,119000,-3931000,-3812000
2009/02/13,0,0,-5195000,-5195000
2009/02/16,0,0,-846000,-846000
2009/02/17,0,163000,-3235000,-3072000
2009/02/18,0,2210000,-1398000,812000
2009/02/19,0,1663000,-753,1662247
2009/02/20,0,4022000,-1127000,2895000
2009/02/23,0,864000,-3585000,-2721000
2009/02/24,0,1728000,-2624000,-896000
2009/02/25,0,4830000,0,4830000
2009/02/26,0,1562000,-26000,1536000
2009/02/27,0,610000,-15000,595000
2009/03/02,0,103000,-154000,-51000
2009/03/03,0,327000,-4313000,-3986000
2009/03/04,0,3530000,-556000,2974000
2009/03/05,0,510000,-1200000,-690000
2009/03/06,0,270000,-7000,263000
2009/03/09,0,139000,-1686000,-1547000
2009/03/10,0,2005000,-2264000,-259000
2009/03/11,0,260000,-1456000,-1196000
2009/03/12,0,40000,-1821000,-1781000
2009/03/13,0,77000,-353000,-276000
2009/03/16,0,1218000,-2274000,-1056000
2009/03/17,0,30000,-1193000,-1163000
2009/03/18,0,0,-2438000,-2438000
2009/03/19,0,405000,-3600000,-3195000
2009/03/20,0,0,-3579000,-3579000
2009/03/23,0,212000,-87000,125000
2009/03/24,0,464000,-951000,-487000
2009/03/25,0,0,-1808000,-1808000
2009/03/26,0,445000,-738000,-293000
2009/03/27,0,1866000,-400000,1466000
2009/03/30,0,40000,-2095000,-2055000
2009/03/31,0,100000,-951000,-851000
2009/04/01,0,0,-1010000,-1010000
2009/04/02,0,221000,-651000,-430000
2009/04/03,0,1823000,-283000,1540000
2009/04/06,0,3333000,-410000,2923000
2009/04/07,0,1600000,-601000,999000
2009/04/08,0,50000,-1359000,-1309000
2009/04/09,0,310000,-1220000,-910000
2009/04/10,0,412000,-240000,172000
2009/04/13,0,260000,-122000,138000
2009/04/14,0,287000,-300000,-13000
2009/04/15,0,60000,-4327000,-4267000
2009/04/16,0,1856000,-503000,1353000
2009/04/17,0,0,-280000,-280000
2009/04/20,0,100000,-100000,0
2009/04/21,0,0,0,0
2009/04/22,0,526000,-21000,505000
2009/04/23,0,99000,-4151000,-4052000
2009/04/24,0,0,-1808000,-1808000
2009/04/27,0,0,-3910000,-3910000
2009/04/28,0,0,-6485000,-6485000
2009/04/29,0,8000,-4313000,-4305000
2009/04/30,0,0,-35000,-35000
2009/05/01,0,0,0,0
2009/05/04,0,50000,-352000,-302000
2009/05/05,0,64000,-93000,-29000
2009/05/06,0,1046000,-876000,170000
2009/05/07,0,500000,-117000,383000
2009/05/08,0,500000,-96000,404000
2009/05/11,0,1600000,-924000,676000
2009/05/12,0,100000,-1014000,-914000
2009/05/13,0,739000,-1058000,-319000
2009/05/14,0,6084000,-1103000,4981000
2009/05/15,0,2566000,-150000,2416000
2009/05/18,0,2292000,-3000,2289000
2009/05/19,0,5661000,-1932000,3729000
2009/05/20,0,153000,-605000,-452000
2009/05/21,0,400000,-940000,-540000
2009/05/22,0,306000,-322000,-16000
2009/05/25,0,175000,-372000,-197000
2009/05/26,0,1002000,-1099000,-97000
2009/05/27,0,180000,-3039000,-2859000
2009/05/28,0,0,0,0
2009/05/29,0,0,0,0
2009/06/01,0,144000,-24000,120000
2009/06/02,0,800000,-228000,572000
2009/06/03,0,448000,-16000,432000
2009/06/04,0,430000,-468000,-38000
2009/06/05,0,0,-1463000,-1463000
2009/06/08,0,164000,-178000,-14000
2009/06/09,0,140000,-442000,-302000
2009/06/10,0,512000,-4000,508000
2009/06/11,0,209000,-55000,154000
2009/06/12,0,175000,-173000,2000
2009/06/15,0,34000,-2472000,-2438000
2009/06/16,0,13000,-6395500,-6382500
2009/06/17,0,413000,-1907000,-1494000
2009/06/18,0,10000,-1095000,-1085000
2009/06/19,0,2005000,-252000,1753000
2009/06/22,0,3366000,-150000,3216000
2009/06/23,0,0,-162000,-162000
2009/06/24,0,3247000,-296000,2951000
2009/06/25,0,1023000,-290000,733000
2009/06/26,0,344000,-4164000,-3820000
2009/06/29,0,1006000,-1700000,-694000
2009/06/30,0,800000,-871000,-71000
2009/07/01,0,282000,0,282000
2009/07/02,0,2807000,0,2807000
2009/07/03,0,0,-1073000,-1073000
2009/07/06,0,220000,-120000,100000
2009/07/07,0,404000,-1159000,-755000
2009/07/08,0,850000,-5000,845000
2009/07/09,0,2100000,-145000,1955000
2009/07/10,0,1181000,-100000,1081000
2009/07/13,0,0,-11000,-11000
2009/07/14,0,813000,-123000,690000
2009/07/15,0,1010000,-816000,194000
2009/07/16,0,0,-604000,-604000
2009/07/17,0,501000,-2373000,-1872000
2009/07/20,0,0,-1065000,-1065000
2009/07/21,0,2350000,-1032000,1318000
2009/07/22,0,1000000,-2208000,-1208000
2009/07/23,0,0,-2221000,-2221000
2009/07/24,0,0,-10406000,-10406000
2009/07/27,0,0,-2802000,-2802000
2009/07/28,0,0,-406000,-406000
2009/07/29,0,0,-1264000,-1264000
2009/07/30,0,0,-616000,-616000
2009/07/31,0,0,-806000,-806000
2009/08/03,0,0,-150000,-150000
2009/08/04,0,0,-2696000,-2696000
2009/08/05,0,1834000,-3111000,-1277000
2009/08/06,0,1275000,-3236000,-1961000
2009/08/07,0,0,0,0
2009/08/10,0,9000,-96400,-87400
2009/08/11,0,4000,-1100000,-1096000
2009/08/12,0,0,-786000,-786000
2009/08/13,0,0,-19556,-19556
2009/08/14,0,5000,0,5000
2009/08/17,0,1297000,-40000,1257000
2009/08/18,0,5000,-1181000,-1176000
2009/08/19,0,3000,-3046000,-3043000
2009/08/20,0,3000,-1244000,-1241000
2009/08/21,0,0,-4000,-4000
2009/08/24,0,4000,-150000,-146000
2009/08/25,0,0,-384000,-384000
2009/08/26,0,0,-998000,-998000
2009/08/27,0,7000,-2000000,-1993000
2009/08/28,0,548000,-2504000,-1956000
2009/08/31,0,16000,-366000,-350000
2009/09/01,0,1368000,-2005000,-637000
2009/09/02,0,590000,-108000,482000
2009/09/03,0,1797000,-305000,1492000
2009/09/04,0,850000,-5000,845000
2009/09/07,0,0,-1276000,-1276000
2009/09/08,0,193000,-650000,-457000
2009/09/09,0,5980000,0,5980000
2009/09/10,0,3886000,0,3886000
2009/09/11,0,357000,-1897000,-1540000
2009/09/14,0,560000,-5841000,-5281000
2009/09/15,0,3000,-6984000,-6981000
2009/09/16,0,0,-200000,-200000
2009/09/17,0,400000,-2243000,-1843000
2009/09/18,0,5000,-893000,-888000
2009/09/21,0,156000,-2726000,-2570000
2009/09/22,0,200000,-3490000,-3290000
2009/09/23,0,818000,-1000,817000
2009/09/24,0,0,-165000,-165000
2009/09/25,0,0,-2650000,-2650000
2009/09/28,0,6000,-232230,-226230
2009/09/29,0,5000,-465350,-460350
2009/09/30,0,0,-47120,-47120
2009/10/01,0,0,-1049500,-1049500
2009/10/02,0,108000,-899650,-791650
2009/10/05,0,160000,-475000,-315000
2009/10/06,0,384000,0,384000
2009/10/07,0,700000,0,700000
2009/10/08,0,0,0,0
2009/10/09,0,1603000,0,1603000
2009/10/12,0,3410000,0,3410000
2009/10/13,0,14093000,0,14093000
2009/10/14,0,7989000,-7000,7982000
2009/10/15,0,3877000,0,3877000
2009/10/16,0,2073000,0,2073000
2009/10/19,0,4302000,0,4302000
2009/10/20,0,5347000,-100000,5247000
2009/10/21,0,2526000,-6000,2520000
2009/10/22,0,1444000,-200000,1244000
2009/10/23,0,3665000,-2850000,815000
2009/10/26,0,880000,0,880000
2009/10/27,0,604000,-7000,597000
2009/10/28,0,70000,-195000,-125000
2009/10/29,0,2763000,-152000,2611000
2009/10/30,0,825000,-82000,743000
2009/11/02,0,244000,0,244000
2009/11/03,0,524000,-2000,522000
2009/11/04,0,1924000,0,1924000
2009/11/05,0,4000,-135000,-131000
2009/11/06,0,1024000,-119630,904370
2009/11/09,0,2049000,0,2049000
2009/11/10,0,1115000,-1446510,-331510
2009/11/11,0,578000,0,578000
2009/11/12,0,1754000,-101000,1653000
2009/11/13,0,1090000,-5000,1085000
2009/11/16,0,148000,-7108850,-6960850
2009/11/17,0,1024000,-4959490,-3935490
2009/11/18,0,372000,-1436600,-1064600
2009/11/19,0,0,-163000,-163000
2009/11/20,0,0,-144000,-144000
2009/11/23,0,0,-2284000,-2284000
2009/11/24,0,0,-1210500,-1210500
2009/11/25,0,0,0,0
2009/11/26,0,3657000,0,3657000
2009/11/27,0,719000,0,719000
2009/11/30,0,518000,-8000,510000
2009/12/01,0,1970000,-680000,1290000
2009/12/02,0,2771000,-766000,2005000
2009/12/03,0,749000,-135000,614000
2009/12/04,0,1859000,-3430000,-1571000
2009/12/07,0,2719000,-180000,2539000
2009/12/08,0,0,-1311000,-1311000
2009/12/09,0,0,-100000,-100000
2009/12/10,0,0,-9000,-9000
2009/12/11,0,4000,-2301000,-2297000
2009/12/14,0,4000,-2610000,-2606000
2009/12/15,0,865000,-550000,315000
2009/12/16,0,191000,-8000,183000
2009/12/17,0,67000,0,67000
2009/12/18,0,6000,-1211000,-1205000
2009/12/21,0,304000,0,304000
2009/12/22,0,1047000,-255000,792000
2009/12/23,0,161000,0,161000
2009/12/24,0,311000,0,311000
2009/12/25,0,0,-427000,-427000
2009/12/28,0,0,-119960,-119960
2009/12/29,0,597000,-3853000,-3256000
2009/12/30,0,490000,-1188000,-698000
2009/12/31,0,0,-268000,-268000
2010/01/01,0,0,0,0
2010/01/04,0,1047000,0,1047000
2010/01/05,0,1883000,0,1883000
2010/01/06,0,2233000,0,2233000
2010/01/07,0,903000,-201000,702000
2010/01/08,0,2342000,-1657280,684720
2010/01/11,0,4122000,-203000,3919000
2010/01/12,0,1658000,-3000,1655000
2010/01/13,0,934000,-401000,533000
2010/01/14,0,1000000,-324000,676000
2010/01/15,0,1638000,-89000,1549000
2010/01/18,0,1500000,-14000,1486000
2010/01/19,0,124000,-1143000,-1019000
2010/01/20,0,2053000,-681000,1372000
2010/01/21,0,200000,-752000,-552000
2010/01/22,0,763000,-60000,703000
2010/01/25,0,860000,-221000,639000
2010/01/26,0,2458000,-2350000,108000
2010/01/27,0,5029000,-2250000,2779000
2010/01/28,0,4750000,-360000,4390000
2010/01/29,0,1792000,-1275000,517000
2010/02/01,0,2000,-881000,-879000
2010/02/02,0,134000,0,134000
2010/02/03,0,451000,-1000,450000
2010/02/04,0,2549000,-6000,2543000
2010/02/05,0,241000,0,241000
2010/02/08,0,1958000,-2000,1956000
2010/02/09,0,959000,0,959000
2010/02/10,0,704000,0,704000
2010/02/11,0,0,0,0
2010/02/12,0,0,0,0
2010/02/15,0,0,0,0
2010/02/16,0,0,0,0
2010/02/17,0,0,0,0
2010/02/18,0,0,0,0
2010/02/19,0,0,0,0
2010/02/22,0,608000,0,608000
2010/02/23,0,342000,-573000,-231000
2010/02/24,0,1000,-1830000,-1829000
2010/02/25,0,1000,-4301000,-4300000
2010/02/26,0,5000,-2118000,-2113000
2010/03/01,0,21000,-68000,-47000
2010/03/02,0,2050000,-300000,1750000
2010/03/03,0,350000,-4830000,-4480000
2010/03/04,0,0,-1161000,-1161000
2010/03/05,0,1344000,-1901000,-557000
2010/03/08,0,521000,-470000,51000
2010/03/09,0,84000,-604000,-520000
2010/03/10,0,491000,-1454940,-963940
2010/03/11,0,303000,-986000,-683000
2010/03/12,0,1192000,-530000,662000
2010/03/15,0,106000,-1359000,-1253000
2010/03/16,0,326000,-106000,220000
2010/03/17,0,4729000,-1471000,3258000
2010/03/18,0,395000,-581000,-186000
2010/03/19,0,178000,-1001634,-823634
2010/03/22,0,430000,-776853,-346853
2010/03/23,0,3000,-2638000,-2635000
2010/03/24,0,58000,-411804,-353804
2010/03/25,0,0,-21000,-21000
2010/03/26,0,0,-1821219,-1821219
2010/03/29,0,321000,-358000,-37000
2010/03/30,0,5000,-723000,-718000
2010/03/31,0,500000,-1124000,-624000
2010/04/01,0,0,-1886000,-1886000
2010/04/02,0,698000,-1650000,-952000
2010/04/05,0,0,0,0
2010/04/06,0,270000,-4046243,-3776243
2010/04/07,0,0,-3528000,-3528000
2010/04/08,0,0,-3305000,-3305000
2010/04/09,0,0,-24000,-24000
2010/04/12,0,403000,-702000,-299000
2010/04/13,0,242000,-1317000,-1075000
2010/04/14,0,79000,-6852210,-6773210
2010/04/15,0,0,-7271000,-7271000
2010/04/16,0,0,-2151060,-2151060
2010/04/19,0,0,-1427613,-1427613
2010/04/20,0,3000,-1452512,-1449512
2010/04/21,0,3000,-810000,-807000
2010/04/22,0,100000,0,100000
2010/04/23,0,350000,-469000,-119000
2010/04/26,0,0,0,0
2010/04/27,0,4000,-5586000,-5582000
2010/04/28,0,4000,-2695365,-2691365
2010/04/29,0,0,-1899000,-1899000
2010/04/30,0,0,-1029000,-1029000
2010/05/03,0,55000,0,55000
2010/05/04,0,500000,-810000,-310000
2010/05/05,0,0,-2602000,-2602000
2010/05/06,0,836000,-3667000,-2831000
2010/05/07,0,275000,-1740731,-1465731
2010/05/10,0,1653000,-753000,900000
2010/05/11,0,2293000,-300000,1993000
2010/05/12,0,3000,-3177897,-3174897
2010/05/13,0,1803000,-950853,852147
2010/05/14,0,489000,-5399000,-4910000
2010/05/17,0,5000,-1450634,-1445634
2010/05/18,0,525000,-2817439,-2292439
2010/05/19,0,1155000,-1421000,-266000
2010/05/20,0,1035000,-589000,446000
2010/05/21,0,1557000,-2292000,-735000
2010/05/24,0,603000,-56000,547000
2010/05/25,0,464000,-1027000,-563000
2010/05/26,0,733000,-1163000,-430000
2010/05/27,0,17000,-628000,-611000
2010/05/28,0,250000,-505000,-255000
2010/05/31,0,73000,-292000,-219000
2010/06/01,0,579000,-2426000,-1847000
2010/06/02,0,0,-1718317,-1718317
2010/06/03,0,500000,-282000,218000
2010/06/04,0,101000,-298829,-197829
2010/06/07,0,0,-550000,-550000
2010/06/08,0,231000,-881500,-650500
2010/06/09,0,6000,-1352628,-1346628
2010/06/10,0,12000,-379000,-367000
2010/06/11,0,440000,-200288,239712
2010/06/14,0,7000,-297070,-290070
2010/06/15,0,310000,-868000,-558000
2010/06/16,0,0,0,0
2010/06/17,0,607000,-47155,559845
2010/06/18,0,60000,-33000,27000
2010/06/21,0,110000,-1250000,-1140000
2010/06/22,0,250000,-1106000,-856000
2010/06/23,0,0,-1153000,-1153000
2010/06/24,0,38000,-5000,33000
2010/06/25,0,129000,-397000,-268000
2010/06/28,0,618000,-194000,424000
2010/06/29,0,28000,-806000,-778000
2010/06/30,0,1000,0,1000
2010/07/01,0,110000,-300000,-190000
2010/07/02,0,156000,-2300000,-2144000
2010/07/05,0,0,-891000,-891000
2010/07/06,0,128000,0,128000
2010/07/07,0,1580000,0,1580000
2010/07/08,0,500000,-70000,430000
2010/07/09,0,100000,0,100000
2010/07/12,0,226000,-816000,-590000
2010/07/13,0,0,-709853,-709853
2010/07/14,0,302000,-700000,-398000
2010/07/15,0,150000,-197000,-47000
2010/07/16,0,0,-4646462,-4646462
2010/07/19,0,5000,-2912200,-2907200
2010/07/20,0,0,-503000,-503000
2010/07/21,0,155000,-483000,-328000
2010/07/22,0,8000,-1626000,-1618000
2010/07/23,0,9000,-4600000,-4591000
2010/07/26,0,600000,-61000,539000
2010/07/27,0,50000,-135000,-85000
2010/07/28,0,6000,0,6000
2010/07/29,0,700000,0,700000
2010/07/30,0,0,-2208000,-2208000
2010/08/02,0,26000,-1010000,-984000
2010/08/03,0,162000,-3567000,-3405000
2010/08/04,0,101000,-154000,-53000
2010/08/05,0,0,-616000,-616000
2010/08/06,0,1368000,-11000,1357000
2010/08/09,0,1564000,-4000,1560000
2010/08/10,0,121000,-980000,-859000
2010/08/11,0,126000,-71000,55000
2010/08/12,0,343000,-508073,-165073
2010/08/13,0,211000,-308000,-97000
2010/08/16,0,0,-657000,-657000
2010/08/17,0,66000,-660390,-594390
2010/08/18,0,1200000,-636000,564000
2010/08/19,0,110000,-2286950,-2176950
2010/08/20,0,124000,-207000,-83000
2010/08/23,0,0,-3605024,-3605024
2010/08/24,0,50000,-3306000,-3256000
2010/08/25,0,32000,-3221000,-3189000
2010/08/26,0,2000,-1139000,-1137000
2010/08/27,0,4000,-2022000,-2018000
2010/08/30,0,17000,-220701,-203701
2010/08/31,0,120000,-1010000,-890000
2010/09/01,0,10000,-100000,-90000
2010/09/02,0,255000,-1140000,-885000
2010/09/03,0,1170000,0,1170000
2010/09/06,0,0,-303000,-303000
2010/09/07,0,13000,0,13000
2010/09/08,0,60000,0,60000
2010/09/09,0,1544000,0,1544000
2010/09/10,0,5309000,0,5309000
2010/09/13,0,1000000,0,1000000
2010/09/14,0,0,-731000,-731000
2010/09/15,0,185000,0,185000
2010/09/16,0,80000,-219000,-139000
2010/09/17,0,67000,-20000,47000
2010/09/20,0,100000,-154000,-54000
2010/09/21,0,80000,-825000,-745000
2010/09/22,0,0,0,0
2010/09/23,0,2281000,-22000,2259000
2010/09/24,0,4425000,-11000,4414000
2010/09/27,0,1765000,-38000,1727000
2010/09/28,0,1595000,-35268,1559732
2010/09/29,0,10048000,-86000,9962000
2010/09/30,0,10539000,-159000,10380000
2010/10/01,0,235000,-270000,-35000
2010/10/04,0,138000,-357000,-219000
2010/10/05,0,666000,-173000,493000
2010/10/06,0,493000,-2504000,-2011000
2010/10/07,0,1507000,0,1507000
2010/10/08,0,190000,-1335000,-1145000
2010/10/11,0,162000,-600000,-438000
2010/10/12,0,0,-7000,-7000
2010/10/13,0,1493000,0,1493000
2010/10/14,0,405000,-24000,381000
2010/10/15,0,1400000,-3000,1397000
2010/10/18,0,4000,-5000,-1000
2010/10/19,0,370000,-1031000,-661000
2010/10/20,0,50000,-213000,-163000
2010/10/21,0,735000,-277000,458000
2010/10/22,0,1186000,-7000,1179000
2010/10/25,0,3560000,-138000,3422000
2010/10/26,0,4520000,0,4520000
2010/10/27,0,2854000,0,2854000
2010/10/28,0,2620000,0,2620000
2010/10/29,0,21000,-1452000,-1431000
2010/11/01,0,1661000,-1576000,85000
2010/11/02,0,1192000,-1368000,-176000
2010/11/03,0,622000,-1074000,-452000
2010/11/04,0,716000,-973000,-257000
2010/11/05,0,383000,-1373000,-990000
2010/11/08,0,568000,-105000,463000
2010/11/09,0,18000,-150000,-132000
2010/11/10,0,0,-108000,-108000
2010/11/11,0,378000,-400000,-22000
2010/11/12,0,30000,-918000,-888000
2010/11/15,0,130000,-830000,-700000
2010/11/16,0,1033000,-232000,801000
2010/11/17,0,1046000,0,1046000
2010/11/18,0,546000,0,546000
2010/11/19,0,325000,-264536,60464
2010/11/22,0,282000,-500000,-218000
2010/11/23,0,760000,-192000,568000
2010/11/24,0,996000,0,996000
2010/11/25,0,550000,-29000,521000
2010/11/26,0,3821000,-1016000,2805000
2010/11/29,0,490000,-3000,487000
2010/11/30,0,813000,-53000,760000
2010/12/01,0,1500000,-214000,1286000
2010/12/02,0,683000,-411000,272000
2010/12/03,0,90000,-2636000,-2546000
2010/12/06,0,0,-2628500,-2628500
2010/12/07,0,5000,-2000,3000
2010/12/08,0,0,-905000,-905000
2010/12/09,0,429000,-7073000,-6644000
2010/12/10,0,656000,-3421000,-2765000
2010/12/13,0,83000,-896000,-813000
2010/12/14,0,0,-1158000,-1158000
2010/12/15,0,930000,-100000,830000
2010/12/16,0,0,-1125000,-1125000
2010/12/17,0,55000,-110000,-55000
2010/12/20,0,0,-204000,-204000
2010/12/21,0,308000,-72000,236000
2010/12/22,0,10000,-915000,-905000
2010/12/23,0,0,-643000,-643000
2010/12/24,0,0,-544000,-544000
2010/12/27,0,0,-7000,-7000
2010/12/28,0,1020000,0,1020000
2010/12/29,0,1320000,-160000,1160000
2010/12/30,0,1414000,0,1414000
2010/12/31,0,1000000,-9000,991000
2011/01/03,0,240000,-801000,-561000
2011/01/04,0,60000,-5560000,-5500000
2011/01/05,0,1141000,-1600000,-459000
2011/01/06,0,0,-1591000,-1591000
2011/01/07,0,20000,-445000,-425000
2011/01/10,0,0,-161000,-161000
2011/01/11,0,0,-946000,-946000
2011/01/12,0,1376000,-180000,1196000
2011/01/13,0,160000,0,160000
2011/01/14,0,5000,-3527000,-3522000
2011/01/17,0,125000,-1391000,-1266000
2011/01/18,0,20000,-643853,-623853
2011/01/19,0,163000,-1241000,-1078000
2011/01/20,0,581000,-158000,423000
2011/01/21,0,509000,-3414198,-2905198
2011/01/24,0,0,-472899,-472899
2011/01/25,0,44000,-251000,-207000
2011/01/26,0,0,0,0
2011/01/27,0,241000,-350000,-109000
2011/01/28,0,120000,-376000,-256000
2011/01/31,0,0,0,0
2011/02/01,0,0,0,0
2011/02/02,0,0,0,0
2011/02/03,0,0,0,0
2011/02/04,0,0,0,0
2011/02/07,0,0,0,0
2011/02/08,0,0,-2000000,-2000000
2011/02/09,0,0,-4475000,-4475000
2011/02/10,0,0,-2858000,-2858000
2011/02/11,0,24000,-2698000,-2674000
2011/02/14,0,8000,-1695000,-1687000
2011/02/15,0,15000,-956000,-941000
2011/02/16,0,54000,0,54000
2011/02/17,0,1193000,0,1193000
2011/02/18,0,10000,-122000,-112000
2011/02/21,0,0,-9000,-9000
2011/02/22,0,0,-60000,-60000
2011/02/23,0,42000,0,42000
2011/02/24,0,9000,-218000,-209000
2011/02/25,0,6000,-26000,-20000
2011/02/28,0,0,0,0
2011/03/01,0,0,0,0
2011/03/02,0,779000,-100000,679000
2011/03/03,0,1059000,-200000,859000
2011/03/04,0,831000,-476000,355000
2011/03/07,0,90000,-355000,-265000
2011/03/08,0,0,0,0
2011/03/09,0,96000,-42000,54000
2011/03/10,0,0,-1250000,-1250000
2011/03/11,0,38000,-450000,-412000
2011/03/14,0,9000,-65000,-56000
2011/03/15,0,6000,-199000,-193000
2011/03/16,0,110000,-400000,-290000
2011/03/17,0,183000,-2218000,-2035000
2011/03/18,0,0,-2093000,-2093000
2011/03/21,0,0,0,0
2011/03/22,0,0,-253000,-253000
2011/03/23,0,220000,0,220000
2011/03/24,0,230000,0,230000
2011/03/25,0,1493000,0,1493000
2011/03/28,0,0,0,0
2011/03/29,0,175000,-285000,-110000
2011/03/30,0,0,-339000,-339000
2011/03/31,0,49000,-73000,-24000
2011/04/01,0,0,-202000,-202000
2011/04/04,0,0,0,0
2011/04/05,0,0,0,0
2011/04/06,0,110000,-497000,-387000
2011/04/07,0,0,-1000000,-1000000
2011/04/08,0,0,0,0
2011/04/11,0,3000,-382000,-379000
2011/04/12,0,0,-29000,-29000
2011/04/13,0,970000,0,970000
2011/04/14,0,0,-74000,-74000
2011/04/15,0,0,-700000,-700000
2011/04/18,0,1000,-6000,-5000
2011/04/19,0,10000,-787000,-777000
2011/04/20,0,821000,-1963000,-1142000
2011/04/21,0,50000,-3453000,-3403000
2011/04/22,0,58000,-440000,-382000
2011/04/25,0,0,-8000,-8000
2011/04/26,0,0,-2009000,-2009000
2011/04/27,0,543000,-68000,475000
2011/04/28,0,0,-8000,-8000
2011/04/29,0,0,-1896000,-1896000
2011/05/02,0,0,0,0
2011/05/03,0,67000,-648000,-581000
2011/05/04,0,67000,-2710000,-2643000
2011/05/05,0,67000,-1570990,-1503990
2011/05/06,0,52000,-100000,-48000
2011/05/09,0,2000,-200833,-198833
2011/05/10,0,0,-182000,-182000
2011/05/11,0,0,0,0
2011/05/12,0,7000,-975150,-968150
2011/05/13,0,0,-989000,-989000
2011/05/16,0,3000,-115000,-112000
2011/05/17,0,0,-202000,-202000
2011/05/18,0,0,-1800000,-1800000
2011/05/19,0,4000,-41000,-37000
2011/05/20,0,0,-1171000,-1171000
2011/05/23,0,8000,-66081,-58081
2011/05/24,0,0,0,0
2011/05/25,0,250000,0,250000
2011/05/26,0,133000,0,133000
2011/05/27,0,0,0,0
2011/05/30,0,67000,0,67000
2011/05/31,0,89000,0,89000
2011/06/01,0,2300000,0,2300000
2011/06/02,0,1100000,0,1100000
2011/06/03,0,600000,-115000,485000
2011/06/06,0,0,0,0
2011/06/07,0,610000,0,610000
2011/06/08,0,22000,0,22000
2011/06/09,0,0,0,0
2011/06/10,0,0,0,0
2011/06/13,0,0,0,0
2011/06/14,0,13000,0,13000
2011/06/15,0,0,-912804,-912804
2011/06/16,0,0,0,0
2011/06/17,0,2291000,0,2291000
2011/06/20,0,92000,-2805000,-2713000
2011/06/21,0,52000,-755000,-703000
2011/06/22,0,7000,-192000,-185000
2011/06/23,0,5000,-654000,-649000
2011/06/24,0,24000,-370975,-346975
2011/06/27,0,45000,-148000,-103000
2011/06/28,0,81000,-244414,-163414
2011/06/29,0,376000,-800000,-424000
2011/06/30,0,6000,0,6000
2011/07/01,0,2000,-5000,-3000
2011/07/04,0,0,-2000,-2000
2011/07/05,0,0,-300000,-300000
2011/07/06,0,0,-576000,-576000
2011/07/07,0,320000,0,320000
2011/07/08,0,0,-4000,-4000
2011/07/11,0,0,0,0
2011/07/12,0,5000,-321000,-316000
2011/07/13,0,11000,0,11000
2011/07/14,0,0,-159000,-159000
2011/07/15,0,9000,-12000,-3000
2011/07/18,0,3000,0,3000
2011/07/19,0,6000,0,6000
2011/07/20,0,6000,0,6000
2011/07/21,0,12000,0,12000
2011/07/22,0,0,-8000,-8000
2011/07/25,0,0,-24000,-24000
2011/07/26,0,8000,0,8000
2011/07/27,0,0,-7000,-7000
2011/07/28,0,0,-9000,-9000
2011/07/29,0,0,0,0
2011/08/01,0,8000,-400000,-392000
2011/08/02,0,0,-16000,-16000
2011/08/03,0,0,-6000,-6000
2011/08/04,0,50000,0,50000
2011/08/05,0,45000,0,45000
2011/08/08,0,22000,0,22000
2011/08/09,0,77000,0,77000
2011/08/10,0,73000,-17000,56000
2011/08/11,0,82000,0,82000
2011/08/12,0,6000,-25000,-19000
2011/08/15,0,12000,0,12000
2011/08/16,0,396000,-6000,390000
2011/08/17,0,50000,-5000,45000
2011/08/18,0,154000,0,154000
2011/08/19,0,7000,-833000,-826000
2011/08/22,0,96000,0,96000
2011/08/23,0,6000,0,6000
2011/08/24,0,1000,0,1000
2011/08/25,0,0,0,0
2011/08/26,0,71000,0,71000
2011/08/29,0,13000,0,13000
2011/08/30,0,0,0,0
2011/08/31,0,0,-6000,-6000
2011/09/01,0,1004000,-4000,1000000
2011/09/02,0,92000,-11000,81000
2011/09/05,0,0,-14000,-14000
2011/09/06,0,0,0,0
2011/09/07,0,12000,0,12000
2011/09/08,0,3000,0,3000
2011/09/09,0,36000,0,36000
2011/09/12,0,0,0,0
2011/09/13,0,52000,-6982,45018
2011/09/14,0,11000,0,11000
2011/09/15,0,104000,0,104000
2011/09/16,0,38000,-5719000,-5681000
2011/09/19,0,13000,0,13000
2011/09/20,0,3026000,-1000,3025000
2011/09/21,0,474525,-65000,409525
2011/09/22,0,0,-11000,-11000
2011/09/23,0,6966000,0,6966000
2011/09/26,0,32000,0,32000
2011/09/27,0,12000,0,12000
2011/09/28,0,0,-8000,-8000
2011/09/29,0,44000,0,44000
2011/09/30,0,257000,-2178000,-1921000
2011/10/03,0,0,-3000,-3000
2011/10/04,0,5000,0,5000
2011/10/05,0,44000,0,44000
2011/10/06,0,53000,0,53000
2011/10/07,0,5000,0,5000
2011/10/10,0,0,0,0
2011/10/11,0,0,0,0
2011/10/12,0,0,0,0
2011/10/13,0,14000,0,14000
2011/10/14,0,17000,-263000,-246000
2011/10/17,0,0,-5500708,-5500708
2011/10/18,0,3000,-3909096,-3906096
2011/10/19,0,0,0,0
2011/10/20,0,0,0,0
2011/10/21,0,0,0,0
2011/10/24,0,8000,-2000,6000
2011/10/25,0,298000,0,298000
2011/10/26,0,1103000,0,1103000
2011/10/27,0,206000,0,206000
2011/10/28,0,59000,0,59000
2011/10/31,0,0,-9000,-9000
2011/11/01,0,500000,-7000,493000
2011/11/02,0,530000,0,530000
2011/11/03,0,4000,0,4000
2011/11/04,0,0,-70000,-70000
2011/11/07,0,1750000,0,1750000
2011/11/08,0,9000,0,9000
2011/11/09,0,0,0,0
2011/11/10,0,2000,-2300000,-2298000
2011/11/11,0,0,-2000,-2000
2011/11/14,0,30128,0,30128
2011/11/15,0,0,-1000,-1000
2011/11/16,0,0,0,0
2011/11/17,0,5000,0,5000
2011/11/18,0,4000,0,4000
2011/11/21,0,11000,0,11000
2011/11/22,0,6000,0,6000
2011/11/23,0,19000,0,19000
2011/11/24,0,13000,0,13000
2011/11/25,0,15000,0,15000
2011/11/28,0,0,0,0
2011/11/29,0,12000,0,12000
2011/11/30,0,8000,-2000,6000
2011/12/01,0,0,0,0
2011/12/02,0,0,0,0
2011/12/05,0,11000,-7000,4000
2011/12/06,0,0,0,0
2011/12/07,0,654000,0,654000
2011/12/08,0,8000,0,8000
2011/12/09,0,5849,0,5849
2011/12/12,0,1334000,0,1334000
2011/12/13,0,0,0,0
2011/12/14,0,0,-1665000,-1665000
2011/12/15,0,0,-162000,-162000
2011/12/16,0,3000,-28000,-25000
2011/12/19,0,22000,0,22000
2011/12/20,0,255000,0,255000
2011/12/21,0,0,0,0
2011/12/22,0,6000,0,6000
2011/12/23,0,0,-6000,-6000
2011/12/26,0,0,0,0
2011/12/27,0,11000,-72000,-61000
2011/12/28,0,0,-5000,-5000
2011/12/29,0,0,0,0
2011/12/30,0,0,-9000,-9000
2012/01/02,0,11000,0,11000
2012/01/03,0,0,-17000,-17000
2012/01/04,0,0,0,0
2012/01/05,0,0,-31802,-31802
2012/01/06,0,0,-1338000,-1338000
2012/01/09,0,4000000,0,4000000
2012/01/10,0,40000,-2000,38000
2012/01/11,0,450000,-6000,444000
2012/01/12,0,4000000,-12000,3988000
2012/01/13,0,0,-79000,-79000
2012/01/16,0,0,-4000,-4000
2012/01/17,0,956000,0,956000
2012/01/18,0,945000,-6000,939000
2012/01/19,0,0,0,0
2012/01/20,0,0,0,0
2012/01/23,0,0,0,0
2012/01/24,0,0,0,0
2012/01/25,0,0,0,0
2012/01/26,0,0,0,0
2012/01/27,0,0,0,0
2012/01/30,0,5942000,-3000,5939000
2012/01/31,0,4697000,-2000,4695000
2012/02/01,0,0,-8000,-8000
2012/02/02,0,0,-8000,-8000
2012/02/03,0,3867000,-8000,3859000
2012/02/06,0,0,-16000,-16000
2012/02/07,0,2044000,0,2044000
2012/02/08,0,3680000,-4000,3676000
2012/02/09,0,3205000,-733207,2471793
2012/02/10,0,148000,0,148000
2012/02/13,0,218000,0,218000
2012/02/14,0,100000,-3475000,-3375000
2012/02/15,0,448000,-12000,436000
2012/02/16,0,16000,-2100000,-2084000
2012/02/17,0,39000,-511000,-472000
2012/02/20,0,0,-5000,-5000
2012/02/21,0,0,-3683000,-3683000
2012/02/22,0,0,-4610000,-4610000
2012/02/23,0,3800000,-5000,3795000
2012/02/24,0,485000,-18000,467000
2012/02/27,0,0,0,0
2012/02/28,0,0,0,0
2012/02/29,0,0,-1268000,-1268000
2012/03/01,0,0,-2574000,-2574000
2012/03/02,0,0,-4160000,-4160000
2012/03/05,0,973000,-2000,971000
2012/03/06,0,0,0,0
2012/03/07,0,0,0,0
2012/03/08,0,0,-15071,-15071
2012/03/09,0,0,-4000,-4000
2012/03/12,0,0,-3000,-3000
2012/03/13,0,0,0,0
2012/03/14,0,28000,-99000,-71000
2012/03/15,0,0,-660000,-660000
2012/03/16,0,0,-290000,-290000
2012/03/19,0,0,0,0
2012/03/20,0,8000,-4000,4000
2012/03/21,0,500000,0,500000
2012/03/22,0,0,0,0
2012/03/23,0,0,-3882000,-3882000
2012/03/26,0,0,-517000,-517000
2012/03/27,0,0,-681000,-681000
2012/03/28,0,0,0,0
2012/03/29,0,0,0,0
2012/03/30,0,80000,-4805000,-4725000
2012/04/02,0,0,-1000,-1000
2012/04/03,0,0,-2000000,-2000000
2012/04/04,0,0,0,0
2012/04/05,0,25581,-6000,19581
2012/04/06,0,20000,0,20000
2012/04/09,0,0,0,0
2012/04/10,0,0,0,0
2012/04/11,0,0,-269000,-269000
2012/04/12,0,0,0,0
2012/04/13,0,5066000,0,5066000
2012/04/16,0,880000,-1000,879000
2012/04/17,0,0,0,0
2012/04/18,0,0,0,0
2012/04/19,0,1381000,0,1381000
2012/04/20,0,1201000,0,1201000
2012/04/23,0,2000,0,2000
2012/04/24,0,359000,0,359000
2012/04/25,0,900000,-759000,141000
2012/04/26,0,0,-800000,-800000
2012/04/27,0,0,-7000000,-7000000
2012/04/30,0,0,0,0
2012/05/01,0,0,0,0
2012/05/02,0,327000,0,327000
2012/05/03,0,300000,-21750,278250
2012/05/04,0,206000,-41000,165000
2012/05/07,0,0,0,0
2012/05/08,0,0,0,0
2012/05/09,0,0,-120000,-120000
2012/05/10,0,0,-2000000,-2000000
2012/05/11,0,63000,0,63000
2012/05/14,0,158000,0,158000
2012/05/15,0,20000,-750000,-730000
2012/05/16,0,482000,0,482000
2012/05/17,0,2626000,0,2626000
2012/05/18,0,285000,-1514000,-1229000
2012/05/21,0,0,0,0
2012/05/22,0,0,0,0
2012/05/23,0,159000,0,159000
2012/05/24,0,0,0,0
2012/05/25,0,100000,0,100000
2012/05/28,0,683000,0,683000
2012/05/29,0,7000,0,7000
2012/05/30,0,311000,-4854,306146
2012/05/31,0,532000,-3000,529000
2012/06/01,0,0,0,0
2012/06/04,0,177000,-600000,-423000
2012/06/05,0,14000,0,14000
2012/06/06,0,0,-157000,-157000
2012/06/07,0,0,0,0
2012/06/08,0,102000,0,102000
2012/06/11,0,39000,0,39000
2012/06/12,0,4207000,0,4207000
2012/06/13,0,57000,-115000,-58000
2012/06/14,0,44000,-117000,-73000
2012/06/15,0,0,-346000,-346000
2012/06/18,0,0,0,0
2012/06/19,0,0,0,0
2012/06/20,0,0,0,0
2012/06/21,0,35000,0,35000
2012/06/22,0,1271000,0,1271000
2012/06/25,0,0,-49000,-49000
2012/06/26,0,40736,-13000,27736
2012/06/27,0,0,0,0
2012/06/28,0,0,-14000,-14000
2012/06/29,0,0,0,0
2012/07/02,0,704000,-10000,694000
2012/07/03,0,1145000,0,1145000
2012/07/04,0,2723191,0,2723191
2012/07/05,0,8000,0,8000
2012/07/06,0,0,-23000,-23000
2012/07/09,0,0,-2000,-2000
2012/07/10,0,3000,0,3000
2012/07/11,0,2000,-64000,-62000
2012/07/12,0,0,0,0
2012/07/13,0,0,-1000,-1000
2012/07/16,0,0,-3754000,-3754000
2012/07/17,0,0,-12000,-12000
2012/07/18,0,0,0,0
2012/07/19,0,3000,0,3000
2012/07/20,0,0,0,0
2012/07/23,0,0,0,0
2012/07/24,0,1000,-3850000,-3849000
2012/07/25,0,0,-7269000,-7269000
2012/07/26,0,44000,0,44000
2012/07/27,0,0,0,0
2012/07/30,0,0,0,0
2012/07/31,0,0,0,0
2012/08/01,0,604000,0,604000
2012/08/02,0,0,0,0
2012/08/03,0,0,0,0
2012/08/06,0,12000,-3000,9000
2012/08/07,0,604000,-123000,481000
2012/08/08,0,854000,-30000,824000
2012/08/09,0,83000,-33000,50000
2012/08/10,0,11000,-11000,0
2012/08/13,0,0,-11000,-11000
2012/08/14,0,0,-11000,-11000
2012/08/15,0,591185,-6000,585185
2012/08/16,0,0,-9000,-9000
2012/08/17,0,29973,-4000,25973
2012/08/20,0,0,-8000,-8000
2012/08/21,0,0,0,0
2012/08/22,0,0,-5000,-5000
2012/08/23,0,5000,-67000,-62000
2012/08/24,0,681000,0,681000
2012/08/27,0,3000,-2000,1000
2012/08/28,0,1000,-1000,0
2012/08/29,0,0,-177000,-177000
2012/08/30,0,0,-2000,-2000
2012/08/31,0,124000,-6000,118000
2012/09/03,0,0,-1753000,-1753000
2012/09/04,0,0,0,0
2012/09/05,0,3000,-5000,-2000
2012/09/06,0,8000,0,8000
2012/09/07,0,9000,-2000,7000
2012/09/10,0,0,0,0
2012/09/11,0,0,0,0
2012/09/12,0,7000,0,7000
2012/09/13,0,195000,0,195000
2012/09/14,0,0,-93557,-93557
2012/09/17,0,0,-27000,-27000
2012/09/18,0,0,-49000,-49000
2012/09/19,0,0,-73000,-73000
2012/09/20,0,0,0,0
2012/09/21,0,0,-91000,-91000
2012/09/24,0,1000,0,1000
2012/09/25,0,0,0,0
2012/09/26,0,0,-3000,-3000
2012/09/27,0,3000,-500000,-497000
2012/09/28,0,4000,-820000,-816000
2012/10/01,0,4000,0,4000
2012/10/02,0,0,0,0
2012/10/03,0,0,0,0
2012/10/04,0,0,0,0
2012/10/05,0,0,-1000,-1000
2012/10/08,0,0,0,0
2012/10/09,0,0,0,0
2012/10/10,0,0,0,0
2012/10/11,0,0,0,0
2012/10/12,0,0,0,0
2012/10/15,0,0,0,0
2012/10/16,0,7355000,0,7355000
2012/10/17,0,9032000,0,9032000
2012/10/18,0,4141000,-54000,4087000
2012/10/19,0,4243000,-933000,3310000
2012/10/22,0,5813000,0,5813000
2012/10/23,0,1661000,0,1661000
2012/10/24,0,0,0,0
2012/10/25,0,312000,0,312000
2012/10/26,0,14000,0,14000
2012/10/29,0,1970744,0,1970744
2012/10/30,0,10365000,0,10365000
2012/10/31,0,1332000,-11000,1321000
2012/11/01,0,2382000,0,2382000
2012/11/02,0,2000000,-11841,1988159
2012/11/05,0,0,-9000,-9000
2012/11/06,0,952000,0,952000
2012/11/07,0,0,-2084000,-2084000
2012/11/08,0,0,-2102000,-2102000
2012/11/09,0,1447000,-2021000,-574000
2012/11/12,0,500000,0,500000
2012/11/13,0,0,-4000,-4000
2012/11/14,0,0,0,0
2012/11/15,0,0,0,0
2012/11/16,0,0,0,0
2012/11/19,0,0,0,0
2012/11/20,0,0,0,0
2012/11/21,0,0,0,0
2012/11/22,0,100000,0,100000
2012/11/23,0,678000,0,678000
2012/11/26,0,1085000,0,1085000
2012/11/27,0,4237000,0,4237000
2012/11/28,0,5642000,-286000,5356000
2012/11/29,0,19824800,0,19824800
2012/11/30,0,5765000,-8000,5757000
2012/12/03,0,4061000,0,4061000
2012/12/04,0,6201000,-6000,6195000
2012/12/05,0,6131000,-2500000,3631000
2012/12/06,0,799000,-8673000,-7874000
2012/12/07,0,1582000,0,1582000
2012/12/10,0,2670000,-1771000,899000
2012/12/11,0,2002000,-3939000,-1937000
2012/12/12,0,2080000,-650000,1430000
2012/12/13,0,1000,0,1000
2012/12/14,0,1972000,-4603000,-2631000
2012/12/17,0,200000,-2604000,-2404000
2012/12/18,0,0,-29000,-29000
2012/12/19,0,1910000,-201000,1709000
2012/12/20,0,1100000,-1011000,89000
2012/12/21,0,1444000,-80000,1364000
2012/12/24,0,150000,-4783000,-4633000
2012/12/25,0,200000,-16649000,-16449000
2012/12/26,0,0,-355000,-355000
2012/12/27,0,1033000,-2180000,-1147000
2012/12/28,0,737000,-2576000,-1839000
2012/12/31,0,0,0,0
2013/01/01,0,0,0,0
2013/01/02,0,0,-800000,-800000
2013/01/03,0,1330000,-883000,447000
2013/01/04,0,3527000,-873000,2654000
2013/01/07,0,400000,-3311000,-2911000
2013/01/08,0,2060000,-1139000,921000
2013/01/09,0,420000,-2018000,-1598000
2013/01/10,0,3498000,-1758000,1740000
2013/01/11,0,300000,-5024000,-4724000
2013/01/14,0,666000,0,666000
2013/01/15,0,130000,-297000,-167000
2013/01/16,0,4926000,-2720000,2206000
2013/01/17,0,1360000,-4711833,-3351833
2013/01/18,0,3166000,-1686000,1480000
2013/01/21,0,5451000,-738000,4713000
2013/01/22,0,1352000,-3824000,-2472000
2013/01/23,0,980000,-854000,126000
2013/01/24,0,1595000,-117000,1478000
2013/01/25,0,5772000,-8000,5764000
2013/01/28,0,3258000,0,3258000
2013/01/29,0,1517000,0,1517000
2013/01/30,0,1856000,-150000,1706000
2013/01/31,0,447000,-49000,398000
2013/02/01,0,500000,0,500000
2013/02/04,0,1357000,-25000,1332000
2013/02/05,0,12286000,-1119000,11167000
2013/02/06,0,1090000,-60000,1030000
2013/02/07,0,0,0,0
2013/02/08,0,0,0,0
2013/02/11,0,0,0,0
2013/02/12,0,0,0,0
2013/02/13,0,0,0,0
2013/02/14,0,0,0,0
2013/02/15,0,0,0,0
2013/02/18,0,8817000,-88000,8729000
2013/02/19,0,9246000,-8000,9238000
2013/02/20,0,4890000,0,4890000
2013/02/21,0,3080000,-11000,3069000
2013/02/22,0,5936000,-15000,5921000
2013/02/25,0,4229000,0,4229000
2013/02/26,0,2744000,-400000,2344000
2013/02/27,0,21412000,0,21412000
2013/02/28,0,0,0,0
2013/03/01,0,2092000,0,2092000
2013/03/04,0,2992000,-3599000,-607000
2013/03/05,0,5890000,-326000,5564000
2013/03/06,0,17181000,-300000,16881000
2013/03/07,0,4114000,0,4114000
2013/03/08,0,1185000,-590000,595000
2013/03/11,0,1107000,-6000,1101000
2013/03/12,0,17811000,-193000,17618000
2013/03/13,0,2195000,-7000,2188000
2013/03/14,0,833000,-1267000,-434000
2013/03/15,0,3028000,-8831000,-5803000
2013/03/18,0,523000,-1661000,-1138000
2013/03/19,0,1104000,-1550000,-446000
2013/03/20,0,3953000,-133000,3820000
2013/03/21,0,1000,-2000000,-1999000
2013/03/22,0,756000,-211000,545000
2013/03/25,0,3220000,0,3220000
2013/03/26,0,1456000,0,1456000
2013/03/27,0,698000,-104000,594000
2013/03/28,0,0,0,0
2013/03/29,0,4050000,-1000,4049000
2013/04/01,0,0,-504000,-504000
2013/04/02,0,0,-900000,-900000
2013/04/03,0,0,-200000,-200000
2013/04/04,0,0,0,0
2013/04/05,0,0,0,0
2013/04/08,0,0,-980000,-980000
2013/04/09,0,119000,-5019000,-4900000
2013/04/10,0,2558000,-2349000,209000
2013/04/11,0,1807000,-500000,1307000
2013/04/12,0,1280000,-7256000,-5976000
2013/04/15,0,56000,-13013000,-12957000
2013/04/16,0,1011000,-1872000,-861000
2013/04/17,0,457000,-7885000,-7428000
2013/04/18,0,95000,-2461000,-2366000
2013/04/19,0,79894,-3750000,-3670106
2013/04/22,0,0,-3249000,-3249000
2013/04/23,0,0,-5576000,-5576000
2013/04/24,0,534000,-3081000,-2547000
2013/04/25,0,480000,-728000,-248000
2013/04/26,0,0,-1303000,-1303000
2013/04/29,0,4000,-152000,-148000
2013/04/30,0,0,-128000,-128000
2013/05/01,0,0,0,0
2013/05/02,0,1300000,-72000,1228000
2013/05/03,0,40000,-621000,-581000
2013/05/06,0,0,-689000,-689000
2013/05/07,0,65000,-1010000,-945000
2013/05/08,0,975000,-2864000,-1889000
2013/05/09,0,300000,-1934000,-1634000
2013/05/10,0,7972000,-1673000,6299000
2013/05/13,0,452000,-652000,-200000
2013/05/14,0,265000,-2218000,-1953000
2013/05/15,0,485000,-1713000,-1228000
2013/05/16,0,1336000,-915000,421000
2013/05/17,0,3000000,-2128000,872000
2013/05/20,0,2000,-570000,-568000
2013/05/21,0,3036000,-1729000,1307000
2013/05/22,0,1000000,-1076000,-76000
2013/05/23,0,1000000,-1785000,-785000
2013/05/24,0,0,-2853000,-2853000
2013/05/27,0,0,-892000,-892000
2013/05/28,0,1300000,-2078000,-778000
2013/05/29,0,1600000,-1086000,514000
2013/05/30,0,9000,-3324000,-3315000
2013/05/31,0,5000,-100000,-95000
2013/06/03,0,215000,0,215000
2013/06/04,0,962000,-2274000,-1312000
2013/06/05,0,0,-13476000,-13476000
2013/06/06,0,48000,-4144000,-4096000
2013/06/07,0,0,-4671000,-4671000
2013/06/10,0,2000,-522000,-520000
2013/06/11,0,170000,-907000,-737000
2013/06/12,0,0,0,0
2013/06/13,0,5137000,-670000,4467000
2013/06/14,0,1450000,-2250000,-800000
2013/06/17,0,0,-655000,-655000
2013/06/18,0,0,-4226000,-4226000
2013/06/19,0,0,-2756000,-2756000
2013/06/20,0,0,-8657000,-8657000
2013/06/21,0,7180000,-17125000,-9945000
2013/06/24,0,110000,-7652000,-7542000
2013/06/25,0,1219000,-9693633,-8474633
2013/06/26,0,2629000,-18000,2611000
2013/06/27,0,880000,-5000,875000
2013/06/28,0,0,-1246000,-1246000
2013/07/01,0,307000,-393000,-86000
2013/07/02,0,0,-454000,-454000
2013/07/03,0,503000,-3450000,-2947000
2013/07/04,0,735000,-2288000,-1553000
2013/07/05,0,319000,-1000,318000
2013/07/08,0,244000,-700000,-456000
2013/07/09,0,0,0,0
2013/07/10,0,0,0,0
2013/07/11,0,1927000,-786005,1140995
2013/07/12,0,0,-1033000,-1033000
2013/07/15,0,3200000,-2200000,1000000
2013/07/16,0,2589000,0,2589000
2013/07/17,0,0,0,0
2013/07/18,0,9000,-3237000,-3228000
2013/07/19,0,1000,-6047000,-6046000
2013/07/22,0,0,-1619000,-1619000
2013/07/23,0,3000,-1965000,-1962000
2013/07/24,0,7000,-4090000,-4083000
2013/07/25,0,2000,-6450000,-6448000
2013/07/26,0,0,0,0
2013/07/29,0,0,-2303000,-2303000
2013/07/30,0,78000,0,78000
2013/07/31,0,3000,-3515000,-3512000
2013/08/01,0,0,-797000,-797000
2013/08/02,0,0,-503000,-503000
2013/08/05,0,450000,-928000,-478000
2013/08/06,0,0,0,0
2013/08/07,0,0,-845000,-845000
2013/08/08,0,200000,-1789000,-1589000
2013/08/09,0,150000,0,150000
2013/08/12,0,620000,-1401000,-781000
2013/08/13,0,0,-3809000,-3809000
2013/08/14,0,8000,-891000,-883000
2013/08/15,0,3959000,-3000,3956000
2013/08/16,0,1866000,-249000,1617000
2013/08/19,0,2712000,0,2712000
2013/08/20,0,1161000,0,1161000
2013/08/21,0,0,0,0
2013/08/22,0,684000,0,684000
2013/08/23,0,1148000,0,1148000
2013/08/26,0,2534000,0,2534000
2013/08/27,0,13150000,0,13150000
2013/08/28,0,5644000,0,5644000
2013/08/29,0,520000,0,520000
2013/08/30,0,213000,-10000,203000
2013/09/02,0,2000000,0,2000000
2013/09/03,0,13711,0,13711
2013/09/04,0,0,0,0
2013/09/05,0,0,-2113000,-2113000
2013/09/06,0,13000,-1400000,-1387000
2013/09/09,0,0,-2004000,-2004000
2013/09/10,0,5000,0,5000
2013/09/11,0,36000,0,36000
2013/09/12,0,317000,-4750000,-4433000
2013/09/13,0,102000,-2706000,-2604000
2013/09/16,0,5000,0,5000
2013/09/17,0,0,0,0
2013/09/18,0,233000,-787000,-554000
2013/09/19,0,0,0,0
2013/09/20,0,0,0,0
2013/09/23,0,0,0,0
2013/09/24,0,0,0,0
2013/09/25,0,0,-361000,-361000
2013/09/26,0,4000,0,4000
2013/09/27,0,2000,0,2000
2013/09/30,0,5000,-4000,1000
2013/10/01,0,3000,0,3000
2013/10/02,0,0,-14209000,-14209000
2013/10/03,0,12000,-8293000,-8281000
2013/10/04,0,1000,-2232000,-2231000
2013/10/07,0,1000,-5256000,-5255000
2013/10/08,0,0,-4300000,-4300000
2013/10/09,0,0,-3000000,-3000000
2013/10/10,0,0,0,0
2013/10/11,0,0,0,0
2013/10/14,0,0,-2492000,-2492000
2013/10/15,0,0,-2340000,-2340000
2013/10/16,0,0,0,0
2013/10/17,0,2000,0,2000
2013/10/18,0,0,0,0
2013/10/21,0,0,0,0
2013/10/22,0,0,-963000,-963000
2013/10/23,0,0,0,0
2013/10/24,0,0,0,0
2013/10/25,0,0,-840000,-840000
2013/10/28,0,0,-55000,-55000
2013/10/29,0,0,-2000,-2000
2013/10/30,0,0,-2000000,-2000000
2013/10/31,0,0,-2063000,-2063000
2013/11/01,0,16000,-3010000,-2994000
2013/11/04,0,0,0,0
2013/11/05,0,0,0,0
2013/11/06,0,0,-12000,-12000
2013/11/07,0,0,0,0
2013/11/08,0,0,0,0
2013/11/11,0,0,-2000,-2000
2013/11/12,0,1000,0,1000
2013/11/13,0,0,0,0
2013/11/14,0,0,0,0
2013/11/15,0,323000,0,323000
2013/11/18,0,0,0,0
2013/11/19,0,0,0,0
2013/11/20,0,0,0,0
2013/11/21,0,5150000,-18000,5132000
2013/11/22,0,2510000,0,2510000
2013/11/25,0,2193744,0,2193744
2013/11/26,0,173000,-1000,172000
2013/11/27,0,2129000,0,2129000
2013/11/28,0,4830000,0,4830000
2013/11/29,0,1500000,0,1500000
2013/12/02,0,0,0,0
2013/12/03,0,93000,0,93000
2013/12/04,0,0,0,0
2013/12/05,0,500000,0,500000
2013/12/06,0,0,0,0
2013/12/09,0,0,0,0
2013/12/10,0,0,-12000,-12000
2013/12/11,0,0,0,0
2013/12/12,0,146000,0,146000
2013/12/13,0,0,0,0
2013/12/16,0,0,-29000,-29000
2013/12/17,0,288000,-1000,287000
2013/12/18,0,0,0,0
2013/12/19,0,0,-487000,-487000
2013/12/20,0,7224000,0,7224000
2013/12/23,0,0,0,0
2013/12/24,0,10000000,-14000,9986000
2013/12/25,0,930000,-25000,905000
2013/12/26,0,680000,0,680000
2013/12/27,0,15000,0,15000
2013/12/30,0,0,-9000,-9000
2013/12/31,0,0,0,0
2014/01/02,0,0,-28000,-28000
2014/01/03,0,0,0,0
2014/01/06,0,3099000,-311000,2788000
2014/01/07,0,0,-5000,-5000
2014/01/08,0,3000,0,3000
2014/01/09,0,995000,0,995000
2014/01/10,0,505000,-5000,500000
2014/01/13,0,0,-39000,-39000
2014/01/14,0,473000,0,473000
2014/01/15,0,0,-357000,-357000
2014/01/16,0,0,0,0
2014/01/17,0,0,-3000,-3000
2014/01/20,0,0,0,0
2014/01/21,0,0,-5000,-5000
2014/01/22,0,0,-12000,-12000
2014/01/23,0,0,-6999000,-6999000
2014/01/24,0,0,-135000,-135000
2014/01/27,0,0,-3000,-3000
2014/02/05,0,0,-857000,-857000
2014/02/06,0,0,-100000,-100000
2014/02/07,0,100000,-3044000,-2944000
2014/02/10,0,7000,0,7000
2014/02/11,0,0,-3202000,-3202000
2014/02/12,0,0,-2999000,-2999000
2014/02/13,0,26000,-42908,-16908
2014/02/14,0,0,0,0
2014/02/17,0,0,-3303000,-3303000
2014/02/18,0,0,-2501000,-2501000
2014/02/19,0,10000,0,10000
2014/02/20,0,0,-953000,-953000
2014/02/21,0,0,-8000,-8000
2014/02/24,0,55000,-536000,-481000
2014/02/25,0,0,0,0
2014/02/26,0,0,-554000,-554000
2014/02/27,0,0,-6000,-6000
2014/03/03,0,0,-2294000,-2294000
2014/03/04,0,0,-1269000,-1269000
2014/03/05,0,0,0,0
2014/03/06,0,0,-9000,-9000
2014/03/07,0,0,-5000,-5000
2014/03/10,0,0,-280000,-280000
2014/03/11,0,0,-7000,-7000
2014/03/12,0,0,-204000,-204000
2014/03/13,0,0,-65000,-65000
2014/03/14,0,18000,-6000,12000
2014/03/17,0,0,-3000,-3000
2014/03/18,0,0,0,0
2014/03/19,0,0,0,0
2014/03/20,0,0,0,0
2014/03/21,0,0,-2772000,-2772000
2014/03/24,0,0,0,0
2014/03/25,0,0,-1031000,-1031000
2014/03/26,0,0,0,0
2014/03/27,0,0,0,0
2014/03/28,0,0,-6000,-6000
2014/03/31,0,0,0,0
2014/04/01,0,0,-64000,-64000
2014/04/02,0,0,0,0
2014/04/03,0,0,-120000,-120000
2014/04/07,0,0,-35000,-35000
2014/04/08,0,0,0,0
2014/04/09,0,0,0,0
2014/04/10,0,33470,-2704000,-2670530
2014/04/11,0,0,0,0
2014/04/14,0,0,0,0
2014/04/15,0,0,-700000,-700000
2014/04/16,0,0,-1080000,-1080000
2014/04/17,0,0,-3000,-3000
2014/04/18,0,0,-3000,-3000
2014/04/21,0,0,-10000,-10000
2014/04/22,0,0,-5000,-5000
2014/04/23,0,0,-8000,-8000
2014/04/24,0,0,0,0
2014/04/25,0,0,0,0
2014/04/28,0,0,0,0
2014/04/29,0,0,-837000,-837000
2014/04/30,0,0,-2000,-2000
2014/05/02,0,0,0,0
2014/05/05,0,0,-33000,-33000
2014/05/06,0,0,0,0
2014/05/07,0,1154000,-2000,1152000
2014/05/08,0,718000,0,718000
2014/05/09,0,300000,-6000,294000
2014/05/12,0,6821000,0,6821000
2014/05/13,0,0,-5000,-5000
2014/05/14,0,0,0,0
2014/05/15,0,0,0,0
2014/05/16,0,0,0,0
2014/05/19,0,0,-141000,-141000
2014/05/20,0,773000,0,773000
2014/05/21,0,2190000,-1000,2189000
2014/05/22,0,0,0,0
2014/05/23,0,757000,0,757000
2014/05/26,0,931000,-45000,886000
2014/05/27,0,0,-86000,-86000
2014/05/28,0,0,0,0
2014/05/29,0,369000,-40000,329000
2014/05/30,0,36000,-640000,-604000
2014/06/03,0,700000,0,700000
2014/06/04,0,150000,0,150000
2014/06/05,0,0,0,0
2014/06/06,0,1000,0,1000
2014/06/09,0,600000,-1000,599000
2014/06/10,0,0,-22000,-22000
2014/06/11,0,0,-33000,-33000
2014/06/12,0,23000,-24000,-1000
2014/06/13,0,0,-28000,-28000
2014/06/16,0,0,-56000,-56000
2014/06/17,0,0,0,0
2014/06/18,0,0,0,0
2014/06/19,0,0,0,0
2014/06/20,0,0,-522000,-522000
2014/06/23,0,0,0,0
2014/06/24,0,0,-54000,-54000
2014/06/25,0,0,-11000,-11000
2014/06/26,0,0,0,0
2014/06/27,0,500000,0,500000
2014/06/30,0,0,-79000,-79000
2014/07/01,0,1669000,0,1669000
2014/07/02,0,11167000,-17495,11149505
2014/07/03,0,1720000,0,1720000
2014/07/04,0,930000,0,930000
2014/07/07,0,1200000,0,1200000
2014/07/08,0,4417000,-630000,3787000
2014/07/09,0,1700000,0,1700000
2014/07/10,0,100000,-2509000,-2409000
2014/07/11,0,600000,0,600000
2014/07/14,0,4248000,-637000,3611000
2014/07/15,0,2085000,-67000,2018000
2014/07/16,0,0,-624000,-624000
2014/07/17,0,53000,0,53000
2014/07/18,0,0,0,0
2014/07/21,0,700000,-741000,-41000
2014/07/22,0,140000,0,140000
2014/07/23,0,0,0,0
2014/07/24,0,18000,-6077000,-6059000
2014/07/25,0,12000,-618000,-606000
2014/07/28,0,1000,0,1000
2014/07/29,0,2537000,-4832000,-2295000
2014/07/30,0,1264000,0,1264000
2014/07/31,0,64000,-333000,-269000
2014/08/01,0,58000,0,58000
2014/08/04,0,0,-1640000,-1640000
2014/08/05,0,0,-251000,-251000
2014/08/06,0,22000,-944000,-922000
2014/08/07,0,104000,-2347000,-2243000
2014/08/08,0,107000,-1825000,-1718000
2014/08/11,0,38000,-378000,-340000
2014/08/12,0,40000,0,40000
2014/08/13,0,16000,-3776000,-3760000
2014/08/14,0,643000,-622000,21000
2014/08/15,0,20000,-296000,-276000
2014/08/18,0,503000,0,503000
2014/08/19,0,15000,-1062765,-1047765
2014/08/20,0,109000,0,109000
2014/08/21,0,10000,-2103633,-2093633
2014/08/22,0,540000,0,540000
2014/08/25,0,621000,-1802874,-1181874
2014/08/26,0,3000,-443000,-440000
2014/08/27,0,2000,0,2000
2014/08/28,0,91000,0,91000
2014/08/29,0,0,-114000,-114000
2014/09/01,0,2008000,0,2008000
2014/09/02,0,0,-1290166,-1290166
2014/09/03,0,43000,0,43000
2014/09/04,0,816000,-225000,591000
2014/09/05,0,79000,0,79000
2014/09/09,0,616000,0,616000
2014/09/10,0,0,0,0
2014/09/11,0,68000,0,68000
2014/09/12,0,86000,0,86000
2014/09/15,0,144000,-160000,-16000
2014/09/16,0,27000,-2972374,-2945374
2014/09/17,0,26000,-2182500,-2156500
2014/09/18,0,0,-279536,-279536
2014/09/19,0,1337000,0,1337000
2014/09/22,0,60560,-8895000,-8834440
2014/09/23,0,80000,0,80000
2014/09/24,0,9000,-666000,-657000
2014/09/25,0,0,0,0
2014/09/26,0,0,-4575801,-4575801
2014/09/29,0,0,0,0
2014/09/30,0,71000,-2135250,-2064250
2014/10/01,0,0,-300000,-300000
2014/10/02,0,5000,-1200000,-1195000
2014/10/03,0,0,-2422698,-2422698
2014/10/06,0,20000,0,20000
2014/10/07,0,5000,0,5000
2014/10/08,0,5000,0,5000
2014/10/09,0,0,-1756,-1756
2014/10/13,0,0,0,0
2014/10/14,0,7599000,0,7599000
2014/10/15,0,6911000,0,6911000
2014/10/16,0,5100000,0,5100000
2014/10/17,0,908000,0,908000
2014/10/20,0,3200000,0,3200000
2014/10/21,0,626000,0,626000
2014/10/22,0,0,0,0
2014/10/23,0,2586000,0,2586000
2014/10/24,0,2028000,0,2028000
2014/10/27,0,1406000,-3000,1403000
2014/10/28,0,383000,0,383000
2014/10/29,0,6000,0,6000
2014/10/30,0,424000,0,424000
2014/10/31,0,47000,-8000,39000
2014/11/03,0,3720000,-8000,3712000
2014/11/04,0,2094000,0,2094000
2014/11/05,0,0,-240970,-240970
2014/11/06,0,0,0,0
2014/11/07,0,257000,-41000,216000
2014/11/10,0,900000,-3142000,-2242000
2014/11/11,0,61000,-3034000,-2973000
2014/11/12,0,1595000,-200000,1395000
2014/11/13,0,832000,0,832000
2014/11/14,0,1218000,0,1218000
2014/11/17,0,3201000,-80000,3121000
2014/11/18,0,1045000,-9000,1036000
2014/11/19,0,5756000,0,5756000
2014/11/20,0,13576000,0,13576000
2014/11/21,0,13763000,0,13763000
2014/11/24,0,1850000,0,1850000
2014/11/25,0,580000,-3000,577000
2014/11/26,0,340000,-6000,334000
2014/11/27,0,1202000,-856868,345132
2014/11/28,0,1230000,0,1230000
2014/12/01,0,2386000,0,2386000
2014/12/02,0,1000000,-730000,270000
2014/12/03,0,8131000,0,8131000
2014/12/04,0,3925000,-170000,3755000
2014/12/05,0,3384000,-700000,2684000
2014/12/08,0,400000,-7000,393000
2014/12/09,0,779000,0,779000
2014/12/10,0,144000,-5819000,-5675000
2014/12/11,0,2339000,-698036,1640964
2014/12/12,0,0,0,0
2014/12/15,0,0,-1008000,-1008000
2014/12/16,0,0,-57000,-57000
2014/12/17,0,0,-259000,-259000
2014/12/18,0,0,0,0
2014/12/19,0,632000,-3000,629000
2014/12/22,0,4817000,-329934,4487066
2014/12/23,0,2374000,0,2374000
2014/12/24,0,10183000,0,10183000
2014/12/25,0,3010000,0,3010000
2014/12/26,0,4264000,0,4264000
2014/12/29,0,4451000,-16000,4435000
2014/12/30,0,3335000,-6000,3329000
2014/12/31,0,0,-348000,-348000
2015/01/01,0,0,0,0
2015/01/02,0,0,0,0
2015/01/05,0,10588000,0,10588000
2015/01/06,0,7925000,0,7925000
2015/01/07,0,3494000,-205000,3289000
2015/01/08,0,3262000,0,3262000
2015/01/09,0,4187000,0,4187000
2015/01/12,0,1930000,-1224000,706000
2015/01/13,0,1671000,-18000,1653000
2015/01/14,0,220000,-6000,214000
2015/01/15,0,3177000,0,3177000
2015/01/16,0,230000,-6822000,-6592000
2015/01/19,0,1793000,-3532000,-1739000
2015/01/20,0,0,0,0
2015/01/21,0,500000,-16928000,-16428000
2015/01/22,0,300000,-1128000,-828000
2015/01/23,0,750000,-1293000,-543000
2015/01/26,0,0,-3215000,-3215000
2015/01/27,0,278000,-1750000,-1472000
2015/01/28,0,0,-1000000,-1000000
2015/01/29,0,0,-500000,-500000
2015/01/30,0,2871000,-2071000,800000
2015/02/02,0,2073000,-3103000,-1030000
2015/02/03,0,1660000,-771000,889000
2015/02/04,0,0,-33000,-33000
2015/02/05,0,0,-4379000,-4379000
2015/02/06,0,0,0,0
2015/02/09,0,0,-2731000,-2731000
2015/02/10,0,0,-1678000,-1678000
2015/02/11,0,250000,-8191000,-7941000
2015/02/12,0,2453000,-4027000,-1574000
2015/02/13,0,125000,-742000,-617000
2015/02/16,0,0,0,0
2015/02/17,0,0,0,0
2015/02/18,0,0,0,0
2015/02/19,0,0,0,0
2015/02/20,0,0,0,0
2015/02/23,0,0,0,0
2015/02/24,0,250000,-2350000,-2100000
2015/02/25,0,0,-1863773,-1863773
2015/02/26,0,1112000,-3700000,-2588000
2015/02/27,0,0,0,0
2015/03/02,0,0,-11463000,-11463000
2015/03/03,0,550000,-7925000,-7375000
2015/03/04,0,0,-792000,-792000
2015/03/05,0,0,-1222000,-1222000
2015/03/06,0,39000,-5173000,-5134000
2015/03/09,0,0,-2091000,-2091000
2015/03/10,0,1010000,-140541,869459
2015/03/11,0,2795000,-1200000,1595000
2015/03/12,0,6369000,-275,6368725
2015/03/13,0,150000,0,150000
2015/03/16,0,1000000,-109000,891000
2015/03/17,0,0,0,0
2015/03/18,0,226000,0,226000
2015/03/19,0,0,-203000,-203000
2015/03/20,0,2720000,-554000,2166000
2015/03/23,0,0,-5000,-5000
2015/03/24,0,0,-12000,-12000
2015/03/25,0,0,-559000,-559000
2015/03/26,0,0,-3398000,-3398000
2015/03/27,0,0,-50000,-50000
2015/03/30,0,0,-2500000,-2500000
2015/03/31,0,0,-2001000,-2001000
2015/04/01,0,0,0,0
2015/04/02,0,28000,0,28000
2015/04/03,0,0,0,0
2015/04/06,0,0,0,0
2015/04/07,0,0,-1500000,-1500000
2015/04/08,0,0,-100000,-100000
2015/04/09,0,0,-2865000,-2865000
2015/04/10,0,0,-664000,-664000
2015/04/13,0,0,0,0
2015/04/14,0,0,-7000,-7000
2015/04/15,0,228000,-127000,101000
2015/04/16,0,0,-1897000,-1897000
2015/04/17,0,0,-978000,-978000
2015/04/20,0,13000,0,13000
2015/04/21,0,0,-6657000,-6657000
2015/04/22,0,0,-4050000,-4050000
2015/04/23,0,0,-9685000,-9685000
2015/04/24,0,0,-5000,-5000
2015/04/27,0,0,0,0
2015/04/28,0,0,-5000,-5000
2015/04/29,0,5488000,-14000,5474000
2015/04/30,0,6982000,-5000,6977000
2015/05/01,0,0,0,0
2015/05/04,0,1553000,-2216000,-663000
2015/05/05,0,5730000,-4000,5726000
2015/05/06,0,8340000,0,8340000
2015/05/07,0,2302000,0,2302000
2015/05/08,0,770000,-91000,679000
2015/05/11,0,3088000,0,3088000
2015/05/12,0,2146000,0,2146000
2015/05/13,0,2524000,0,2524000
2015/05/14,0,242000,0,242000
2015/05/15,0,1436000,-6000,1430000
2015/05/18,0,1498000,0,1498000
2015/05/19,0,8047000,0,8047000
2015/05/20,0,8293000,0,8293000
2015/05/21,0,3936000,0,3936000
2015/05/22,0,5564000,0,5564000
2015/05/25,0,2776000,0,2776000
2015/05/26,0,3841000,-1111000,2730000
2015/05/27,0,6671000,0,6671000
2015/05/28,0,3293000,-17000,3276000
2015/05/29,0,615000,-29000,586000
2015/06/01,0,294000,-1980000,-1686000
2015/06/02,0,0,-2291000,-2291000
2015/06/03,0,5000000,-2699000,2301000
2015/06/04,0,1854000,-2452420,-598420
2015/06/05,0,568000,-3433000,-2865000
2015/06/08,0,0,-1037000,-1037000
2015/06/09,0,157000,-12592000,-12435000
2015/06/10,0,220000,-2818000,-2598000
2015/06/11,0,0,-4273000,-4273000
2015/06/12,0,0,-148000,-148000
2015/06/15,0,0,-400000,-400000
2015/06/16,0,2000000,-119000,1881000
2015/06/17,0,85000,0,85000
2015/06/18,0,0,-471000,-471000
2015/06/19,0,0,0,0
2015/06/22,0,14000,-35000,-21000
2015/06/23,0,178000,-2824000,-2646000
2015/06/24,0,0,-8465000,-8465000
2015/06/25,0,0,-6099000,-6099000
2015/06/26,0,1500000,-3091000,-1591000
2015/06/29,0,29000,-1197000,-1168000
2015/06/30,0,0,-1627000,-1627000
2015/07/01,0,0,-811000,-811000
2015/07/02,0,0,0,0
2015/07/03,0,0,0,0
2015/07/06,0,0,0,0
2015/07/07,0,0,-220000,-220000
2015/07/08,0,0,-486000,-486000
2015/07/09,0,6000,-313000,-307000
2015/07/10,0,0,0,0
2015/07/13,0,0,-3000,-3000
2015/07/14,0,0,0,0
2015/07/15,0,49000,-100000,-51000
2015/07/16,0,0,-180000,-180000
2015/07/17,0,14000,-4827000,-4813000
2015/07/20,0,0,-4284000,-4284000
2015/07/21,0,8000,-9463669,-9455669
2015/07/22,0,0,-579000,-579000
2015/07/23,0,83000,-11999000,-11916000
2015/07/24,0,176000,-5339000,-5163000
2015/07/27,0,0,-3424000,-3424000
2015/07/28,0,156000,-4999000,-4843000
2015/07/29,0,64000,-300000,-236000
2015/07/30,0,41000,-144000,-103000
2015/07/31,0,9000,-914000,-905000
2015/08/03,0,228000,0,228000
2015/08/04,0,136000,0,136000
2015/08/05,0,106000,-973000,-867000
2015/08/06,0,126000,0,126000
2015/08/07,0,177000,0,177000
2015/08/10,0,185000,0,185000
2015/08/11,0,11000,-13860000,-13849000
2015/08/12,0,215000,0,215000
2015/08/13,0,23000,-1604000,-1581000
2015/08/14,0,0,0,0
2015/08/17,0,7000,0,7000
2015/08/18,0,1000,0,1000
2015/08/19,0,4000,0,4000
2015/08/20,0,4000,0,4000
2015/08/21,0,0,0,0
2015/08/24,0,0,0,0
2015/08/25,0,5527,0,5527
2015/08/26,0,161000,0,161000
2015/08/27,0,1000,0,1000
2015/08/28,0,9000,0,9000
2015/08/31,0,2000,-127000,-125000
2015/09/01,0,100000,-1467000,-1367000
2015/09/02,0,235000,-1436000,-1201000
2015/09/03,0,89000,0,89000
2015/09/04,0,26000,-8000,18000
2015/09/07,0,71000,0,71000
2015/09/08,0,30000,0,30000
2015/09/09,0,2000,-6900000,-6898000
2015/09/10,0,0,0,0
2015/09/11,0,32000,0,32000
2015/09/14,0,14000,0,14000
2015/09/15,0,16000,0,16000
2015/09/16,0,0,0,0
2015/09/17,0,0,0,0
2015/09/18,0,3000,-3455000,-3452000
2015/09/21,0,20000,-216000,-196000
2015/09/22,0,5235,-1722000,-1716765
2015/09/23,0,0,0,0
2015/09/24,0,0,0,0
2015/09/25,0,0,0,0
2015/09/28,0,0,0,0
2015/09/29,0,0,0,0
2015/09/30,0,0,0,0
2015/10/01,0,18000,-65000,-47000
2015/10/02,0,104000,0,104000
2015/10/05,0,0,-7000,-7000
2015/10/06,0,5000,0,5000
2015/10/07,0,10000,0,10000
2015/10/08,0,0,-1364000,-1364000
2015/10/09,0,0,0,0
2015/10/12,0,0,0,0
2015/10/13,0,0,0,0
2015/10/14,0,0,0,0
2015/10/15,0,0,0,0
2015/10/16,0,19000,0,19000
2015/10/19,0,0,0,0
2015/10/20,0,0,0,0
2015/10/21,0,0,0,0
2015/10/22,0,0,-2725000,-2725000
2015/10/23,0,0,-148000,-148000
2015/10/26,0,0,0,0
2015/10/27,0,0,0,0
2015/10/28,0,0,0,0
2015/10/29,0,0,-503000,-503000
2015/10/30,0,0,-1000,-1000
2015/11/02,0,0,0,0
2015/11/03,0,18000,-300000,-282000
2015/11/04,0,129000,0,129000
2015/11/05,0,1000,0,1000
2015/11/06,0,0,0,0
2015/11/09,0,72000,0,72000
2015/11/10,0,0,0,0
2015/11/11,0,0,0,0
2015/11/12,0,0,0,0
2015/11/13,0,1160000,0,1160000
2015/11/16,0,0,0,0
2015/11/17,0,0,0,0
2015/11/18,0,2000,0,2000
2015/11/19,0,0,-148000,-148000
2015/11/20,0,0,0,0
2015/11/23,0,0,-5000,-5000
2015/11/24,0,0,0,0
2015/11/25,0,0,0,0
2015/11/26,0,0,0,0
2015/11/27,0,0,0,0
2015/11/30,0,2000,0,2000
2015/12/01,0,0,-1000,-1000
2015/12/02,0,0,0,0
2015/12/03,0,0,-77000,-77000
2015/12/04,0,0,0,0
2015/12/07,0,0,0,0
2015/12/08,0,0,0,0
2015/12/09,0,0,0,0
2015/12/10,0,0,0,0
2015/12/11,0,0,0,0
2015/12/14,0,0,-1176,-1176
2015/12/15,0,0,-630000,-630000
2015/12/16,0,0,0,0
2015/12/17,0,0,0,0
2015/12/18,0,0,-42000,-42000
2015/12/21,0,0,0,0
2015/12/22,0,500000,-24000,476000
2015/12/23,0,0,0,0
2015/12/24,0,0,0,0
2015/12/25,0,0,0,0
2015/12/28,0,0,-227000,-227000
2015/12/29,0,0,-272000,-272000
2015/12/30,0,0,0,0
2015/12/31,0,0,0,0
2016/01/01,0,0,0,0
2016/01/04,0,0,0,0
2016/01/05,0,0,-1264000,-1264000
2016/01/06,0,1000,0,1000
2016/01/07,0,0,-8000,-8000
2016/01/08,0,0,0,0
2016/01/11,0,0,0,0
2016/01/12,0,0,-2000,-2000
2016/01/13,0,0,-3000,-3000
2016/01/14,0,0,0,0
2016/01/15,0,0,-614000,-614000
2016/01/18,0,0,0,0
2016/01/19,0,0,-14000,-14000
2016/01/20,0,0,-44000,-44000
2016/01/21,0,0,0,0
2016/01/22,0,0,0,0
2016/01/25,0,0,-9000,-9000
2016/01/26,0,0,0,0
2016/01/27,0,0,0,0
2016/01/28,0,85000,0,85000
2016/01/29,0,3000,0,3000
2016/02/01,0,0,0,0
2016/02/02,0,0,0,0
2016/02/03,0,0,-3000000,-3000000
2016/02/04,0,0,0,0
2016/02/05,0,0,0,0
2016/02/08,0,0,0,0
2016/02/09,0,0,0,0
2016/02/10,0,0,0,0
2016/02/11,0,0,0,0
2016/02/12,0,0,0,0
2016/02/15,0,1582,0,1582
2016/02/16,0,0,0,0
2016/02/17,0,4000,0,4000
2016/02/18,0,0,0,0
2016/02/19,0,8000,-53000,-45000
2016/02/22,0,0,0,0
2016/02/23,0,0,0,0
2016/02/24,0,0,0,0
2016/02/25,0,110000,0,110000
2016/02/26,0,900000,0,900000
2016/02/29,0,0,0,0
2016/03/01,0,0,0,0
2016/03/02,0,0,-12000,-12000
2016/03/03,0,0,0,0
2016/03/04,0,0,0,0
2016/03/07,0,0,0,0
2016/03/08,0,0,-7000,-7000
2016/03/09,0,0,-52000,-52000
2016/03/10,0,0,0,0
2016/03/11,0,0,0,0
2016/03/14,0,0,0,0
2016/03/15,0,0,-5000,-5000
2016/03/16,0,1000,0,1000
2016/03/17,0,0,0,0
2016/03/18,0,87000,-2000,85000
2016/03/21,0,0,0,0
2016/03/22,0,0,0,0
2016/03/23,0,0,0,0
2016/03/24,0,0,0,0
2016/03/25,0,0,0,0
2016/03/28,0,0,0,0
2016/03/29,0,1393000,-2000,1391000
2016/03/30,0,0,-32000,-32000
2016/03/31,0,300000,0,300000
2016/04/01,0,0,0,0
2016/04/04,0,0,0,0
2016/04/05,0,0,0,0
2016/04/06,0,0,-110000,-110000
2016/04/07,0,0,0,0
2016/04/08,0,0,0,0
2016/04/11,0,0,0,0
2016/04/12,0,0,-7000,-7000
2016/04/13,0,0,-93000,-93000
2016/04/14,0,0,0,0
2016/04/15,0,0,-185000,-185000
2016/04/18,0,0,0,0
2016/04/19,0,0,0,0
2016/04/20,0,1000,0,1000
2016/04/21,0,0,0,0
2016/04/22,0,0,0,0
2016/04/25,0,0,0,0
2016/04/26,0,0,-893000,-893000
2016/04/27,0,0,0,0
2016/04/28,0,0,0,0
2016/04/29,0,0,0,0
2016/05/02,0,0,0,0
2016/05/03,0,0,-32000,-32000
2016/05/04,0,0,-800000,-800000
2016/05/05,0,0,0,0
2016/05/06,0,0,0,0
2016/05/09,0,0,0,0
2016/05/10,0,0,-3901,-3901
2016/05/11,0,0,0,0
2016/05/12,0,0,0,0
2016/05/13,0,0,0,0
2016/05/16,0,0,0,0
2016/05/17,0,0,0,0
2016/05/18,0,0,0,0
2016/05/19,0,126000,0,126000
2016/05/20,0,3010000,0,3010000
2016/05/23,0,2658000,0,2658000
2016/05/24,0,0,0,0
2016/05/25,0,0,0,0
2016/05/26,0,0,-2000,-2000
2016/05/27,0,0,0,0
2016/05/30,0,0,0,0
2016/05/31,0,16000,-1895000,-1879000
2016/06/01,0,0,0,0
2016/06/02,0,0,0,0
2016/06/03,0,0,0,0
2016/06/06,0,0,0,0
2016/06/07,0,0,0,0
2016/06/08,0,0,-247000,-247000
2016/06/09,0,0,0,0
2016/06/10,0,0,0,0
2016/06/13,0,0,0,0
2016/06/14,0,0,0,0
2016/06/15,0,0,-441000,-441000
2016/06/16,0,0,-1793000,-1793000
2016/06/17,0,0,-5336000,-5336000
2016/06/20,0,0,-824000,-824000
2016/06/21,0,0,-100000,-100000
2016/06/22,0,0,0,0
2016/06/23,0,1000000,0,1000000
2016/06/24,0,1000000,-62000,938000
2016/06/27,0,2000000,-21000,1979000
2016/06/28,0,2503000,0,2503000
2016/06/29,0,1700000,0,1700000
2016/06/30,0,16609000,0,16609000
2016/07/01,0,3000000,-1300000,1700000
2016/07/04,0,0,-1200000,-1200000
2016/07/05,0,417000,-73000,344000
2016/07/06,0,99000,-550000,-451000
2016/07/07,0,0,-1527000,-1527000
2016/07/08,0,0,0,0
2016/07/11,0,0,0,0
2016/07/12,0,0,0,0
2016/07/13,0,0,0,0
2016/07/14,0,0,-2000,-2000
2016/07/15,0,0,0,0
2016/07/18,0,0,0,0
2016/07/19,0,561000,-3000,558000
2016/07/20,0,1695000,-12000,1683000
2016/07/21,0,3015000,-19000,2996000
2016/07/22,0,734000,-16000,718000
2016/07/25,0,557000,0,557000
2016/07/26,0,118000,0,118000
2016/07/27,0,702000,-3000,699000
2016/07/28,0,9430000,0,9430000
2016/07/29,0,5834,-149000,-143166
2016/08/01,0,1000,0,1000
2016/08/02,0,0,-3009000,-3009000
2016/08/03,0,26000,-1458000,-1432000
2016/08/04,0,48000,-1004000,-956000
2016/08/05,0,0,-3000,-3000
2016/08/08,0,2000,-7000,-5000
2016/08/09,0,1000,-1000,0
2016/08/10,0,0,0,0
2016/08/11,0,0,-7625000,-7625000
2016/08/12,0,1000,-7005000,-7004000
2016/08/15,0,0,-271000,-271000
2016/08/16,0,758000,-591000,167000
2016/08/17,0,5000,-630000,-625000
2016/08/18,0,0,-579000,-579000
2016/08/19,0,2116000,-1594000,522000
2016/08/22,0,0,-1977000,-1977000
2016/08/23,0,0,-3000,-3000
2016/08/24,0,0,-7006000,-7006000
2016/08/25,0,52000,-2000,50000
2016/08/26,0,5000,0,5000
2016/08/29,0,0,-477000,-477000
2016/08/30,0,59000,-3000,56000
2016/08/31,0,0,0,0
2016/09/01,0,182000,-2500000,-2318000
2016/09/02,0,11000,0,11000
2016/09/05,0,0,-6000,-6000
2016/09/06,0,0,0,0
2016/09/07,0,18000,0,18000
2016/09/08,0,0,-10000,-10000
2016/09/09,0,2000,0,2000
2016/09/12,0,0,0,0
2016/09/13,0,1000,0,1000
2016/09/14,0,115000,-2000,113000
2016/09/15,0,0,0,0
2016/09/16,0,0,0,0
2016/09/19,0,0,0,0
2016/09/20,0,0,0,0
2016/09/21,0,0,0,0
2016/09/22,0,0,0,0
2016/09/23,0,0,0,0
2016/09/26,0,0,-68000,-68000
2016/09/27,0,0,0,0
2016/09/28,0,0,0,0
2016/09/29,0,0,0,0
2016/09/30,0,114649,0,114649
2016/10/03,0,0,0,0
2016/10/04,0,0,0,0
2016/10/05,0,0,0,0
2016/10/06,0,0,0,0
2016/10/07,0,0,0,0
2016/10/10,0,0,0,0
2016/10/11,0,3000,0,3000
2016/10/12,0,0,0,0
2016/10/13,0,2000,0,2000
2016/10/14,0,0,0,0
2016/10/17,0,0,0,0
2016/10/18,0,0,-2089000,-2089000
2016/10/19,0,0,0,0
2016/10/20,0,0,-7000,-7000
2016/10/21,0,0,-21000,-21000
2016/10/24,0,0,0,0
2016/10/25,0,0,0,0
2016/10/26,0,0,0,0
2016/10/27,0,0,0,0
2016/10/28,0,0,0,0
2016/10/31,0,0,0,0
2016/11/01,0,0,-3000,-3000
2016/11/02,0,1622000,-1851,1620149
2016/11/03,0,983000,0,983000
2016/11/04,0,402000,0,402000
2016/11/07,0,0,0,0
2016/11/08,0,300000,0,300000
2016/11/09,0,0,0,0
2016/11/10,0,250000,0,250000
2016/11/11,0,0,0,0
2016/11/14,0,0,0,0
2016/11/15,0,0,0,0
2016/11/16,0,0,0,0
2016/11/17,0,0,0,0
2016/11/18,0,1000,0,1000
2016/11/21,0,0,0,0
2016/11/22,0,0,0,0
2016/11/23,0,0,0,0
2016/11/24,0,0,0,0
2016/11/25,0,0,0,0
2016/11/28,0,0,0,0
2016/11/29,0,3000,-2710000,-2707000
2016/11/30,0,1000,0,1000
2016/12/01,0,0,-940000,-940000
2016/12/02,0,0,0,0
2016/12/05,0,0,0,0
2016/12/06,0,0,0,0
2016/12/07,0,0,0,0
2016/12/08,0,677000,0,677000
2016/12/09,0,0,0,0
2016/12/12,0,0,0,0
2016/12/13,0,0,0,0
2016/12/14,0,0,0,0
2016/12/15,0,0,0,0
2016/12/16,0,0,-3000,-3000
2016/12/19,0,0,0,0
2016/12/20,0,0,0,0
2016/12/21,0,5239000,0,5239000
2016/12/22,0,9620000,0,9620000
2016/12/23,0,868000,0,868000
2016/12/26,0,0,0,0
2016/12/27,0,0,0,0
2016/12/28,0,0,0,0
2016/12/29,0,0,0,0
2016/12/30,0,648000,0,648000
2017/01/02,0,0,0,0
2017/01/03,0,4708000,0,4708000
2017/01/04,0,11516000,0,11516000
2017/01/05,0,5359000,-68000,5291000
2017/01/06,0,11659000,-107000,11552000
2017/01/09,0,12150000,0,12150000
2017/01/10,0,3929000,0,3929000
2017/01/11,0,1325000,0,1325000
2017/01/12,0,5202000,0,5202000
2017/01/13,0,2949000,0,2949000
2017/01/16,0,2614000,0,2614000
2017/01/17,0,2005000,0,2005000
2017/01/18,0,820000,0,820000
2017/01/19,0,10802000,-536,10801464
2017/01/20,0,86000,0,86000
2017/01/23,0,445415,0,445415
2017/01/24,0,11000,-552000,-541000
2017/01/25,0,0,0,0
2017/01/26,0,0,0,0
2017/01/27,0,0,0,0
2017/01/30,0,0,0,0
2017/01/31,0,0,0,0
2017/02/01,0,0,0,0
2017/02/02,0,4020000,0,4020000
2017/02/03,0,3918000,-241000,3677000
2017/02/06,0,2500000,-125000,2375000
2017/02/07,0,500000,-3112000,-2612000
2017/02/08,0,0,-13677000,-13677000
2017/02/09,0,4000,-2835000,-2831000
2017/02/10,0,0,-678000,-678000
2017/02/13,0,0,-7824000,-7824000
2017/02/14,0,3000,-6500000,-6497000
2017/02/15,0,86000,-6605000,-6519000
2017/02/16,0,0,-1000000,-1000000
2017/02/17,0,394000,-821000,-427000
2017/02/20,0,0,-320000,-320000
2017/02/21,0,236000,-1892000,-1656000
2017/02/22,0,885000,-330000,555000
2017/02/23,0,2000,-6640000,-6638000
2017/02/24,0,0,-110000,-110000
2017/02/27,0,0,0,0
2017/02/28,0,0,0,0
2017/03/01,0,916000,0,916000
2017/03/02,0,0,-478000,-478000
2017/03/03,0,6000,-1002000,-996000
2017/03/06,0,0,-2173000,-2173000
2017/03/07,0,515000,0,515000
2017/03/08,0,0,0,0
2017/03/09,0,0,0,0
2017/03/10,0,0,-1133000,-1133000
2017/03/13,0,0,0,0
2017/03/14,0,0,-737000,-737000
2017/03/15,0,0,-1000000,-1000000
2017/03/16,0,0,0,0
2017/03/17,0,17000,0,17000
2017/03/20,0,0,-1020000,-1020000
2017/03/21,0,0,-1018000,-1018000
2017/03/22,0,0,0,0
2017/03/23,0,0,-980000,-980000
2017/03/24,0,3000,-11000000,-10997000
2017/03/27,0,11000,-1000000,-989000
2017/03/28,0,0,-1030000,-1030000
2017/03/29,0,0,0,0
2017/03/30,0,750000,0,750000
2017/03/31,0,0,0,0
2017/04/03,0,0,0,0
2017/04/04,0,0,0,0
2017/04/05,0,0,0,0
2017/04/06,0,0,0,0
2017/04/07,0,5000,0,5000
2017/04/10,0,1181000,0,1181000
2017/04/11,0,0,0,0
2017/04/12,0,500000,0,500000
2017/04/13,0,2859000,-1000,2858000
2017/04/14,0,293000,-5000,288000
2017/04/17,0,5423000,0,5423000
2017/04/18,0,282000,0,282000
2017/04/19,0,703000,0,703000
2017/04/20,0,3000,0,3000
2017/04/21,0,0,-2047000,-2047000
2017/04/24,0,500000,-1859000,-1359000
2017/04/25,0,0,-1778637,-1778637
2017/04/26,0,4000,0,4000
2017/04/27,0,3000,0,3000
2017/04/28,0,0,-718000,-718000
2017/05/01,0,0,0,0
2017/05/02,0,0,-990000,-990000
2017/05/03,0,5685000,-1142000,4543000
2017/05/04,0,681000,-2000,679000
2017/05/05,0,0,0,0
2017/05/08,0,0,-3612000,-3612000
2017/05/09,0,0,-3894000,-3894000
2017/05/10,0,0,-264000,-264000
2017/05/11,0,0,-833000,-833000
2017/05/12,0,0,-275000,-275000
2017/05/15,0,390000,0,390000
2017/05/16,0,1148000,-5000,1143000
2017/05/17,0,0,0,0
2017/05/18,0,0,-11000,-11000
2017/05/19,0,76000,-500000,-424000
2017/05/22,0,300000,-4000,296000
2017/05/23,0,0,0,0
2017/05/24,0,270000,-666000,-396000
2017/05/25,0,230000,-708000,-478000
2017/05/26,0,150000,-55000,95000
2017/05/29,0,0,0,0
2017/05/30,0,0,0,0
2017/05/31,0,60000,-2000,58000
2017/06/01,0,250000,0,250000
2017/06/02,0,100000,-37000,63000
2017/06/05,0,842000,-18000,824000
2017/06/06,0,1248000,0,1248000
2017/06/07,0,0,-5014000,-5014000
2017/06/08,0,0,-1276000,-1276000
2017/06/09,0,0,-6094000,-6094000
2017/06/12,0,0,-505000,-505000
2017/06/13,0,0,-105000,-105000
2017/06/14,0,0,-1244000,-1244000
2017/06/15,0,5625000,-580000,5045000
2017/06/16,0,13026000,-24000,13002000
2017/06/19,0,242000,-796000,-554000
2017/06/20,0,1000,-28000,-27000
2017/06/21,0,369000,0,369000
2017/06/22,0,5666000,0,5666000
2017/06/23,0,760000,-10000,750000
2017/06/26,0,772000,-14000,758000
2017/06/27,0,2350000,-19000,2331000
2017/06/28,0,700000,0,700000
2017/06/29,0,0,-705000,-705000
2017/06/30,0,8000,-3500000,-3492000
2017/07/03,0,0,-589000,-589000
2017/07/04,0,0,-1467000,-1467000
2017/07/05,0,0,-265000,-265000
2017/07/06,0,0,-133000,-133000
2017/07/07,0,400000,-315000,85000
2017/07/10,0,0,-1039000,-1039000
2017/07/11,0,438000,0,438000
2017/07/12,0,300000,-19000,281000
2017/07/13,0,1000,-2274000,-2273000
2017/07/14,0,0,-8420000,-8420000
2017/07/17,0,537,-311000,-310463
2017/07/18,0,0,-2708000,-2708000
2017/07/19,0,0,-80000,-80000
2017/07/20,0,15000,-2322000,-2307000
2017/07/21,0,0,-7283000,-7283000
2017/07/24,0,0,-100000,-100000
2017/07/25,0,0,-200000,-200000
2017/07/26,0,1000,-902000,-901000
2017/07/27,0,0,-365000,-365000
2017/07/28,0,2000,0,2000
2017/07/31,0,16000,0,16000
2017/08/01,0,10000,-1076000,-1066000
2017/08/02,0,12000,0,12000
2017/08/03,0,17000,0,17000
2017/08/04,0,0,0,0
2017/08/07,0,46000,0,46000
2017/08/08,0,25000,0,25000
2017/08/09,0,89000,0,89000
2017/08/10,0,36000,0,36000
2017/08/11,0,0,-5000,-5000
2017/08/14,0,0,-4000,-4000
2017/08/15,0,15000,0,15000
2017/08/16,0,71000,0,71000
2017/08/17,0,0,0,0
2017/08/18,0,0,-6000,-6000
