Date,Open,Buy,Sell,Total
2007/04/23,0,30000,-122000,-92000
2007/04/24,0,0,0,0
2007/04/25,0,100000,-346000,-246000
2007/04/26,0,0,-100000,-100000
2007/04/27,0,0,0,0
2007/04/30,0,5000,0,5000
2007/05/01,0,0,0,0
2007/05/02,0,128000,0,128000
2007/05/03,0,61000,-246000,-185000
2007/05/04,0,94000,-20000,74000
2007/05/07,0,940000,-10000,930000
2007/05/08,0,1252000,-3790000,-2538000
2007/05/09,0,22000,-50000,-28000
2007/05/10,0,77000,-114000,-37000
2007/05/11,0,101000,-5000,96000
2007/05/14,0,4000,0,4000
2007/05/15,0,0,-245000,-245000
2007/05/16,0,197000,0,197000
2007/05/17,0,160000,-580000,-420000
2007/05/18,0,170000,0,170000
2007/05/21,0,54000,-30000,24000
2007/05/22,0,123000,-140000,-17000
2007/05/23,0,587000,-15000,572000
2007/05/24,0,115000,-100000,15000
2007/05/25,0,327000,0,327000
2007/05/28,0,285000,-162000,123000
2007/05/29,0,294000,0,294000
2007/05/30,0,32000,-9000,23000
2007/05/31,0,269000,0,269000
2007/06/01,0,1655000,0,1655000
2007/06/04,0,1043000,-3000,1040000
2007/06/05,0,275000,-70000,205000
2007/06/06,0,111000,-402000,-291000
2007/06/07,0,79000,-5000,74000
2007/06/08,0,35000,0,35000
2007/06/11,0,295000,0,295000
2007/06/12,0,45000,-1503000,-1458000
2007/06/13,0,226000,0,226000
2007/06/14,0,24000,0,24000
2007/06/15,0,20000,0,20000
2007/06/18,0,0,0,0
2007/06/19,0,0,0,0
2007/06/20,0,219000,-400000,-181000
2007/06/21,0,128000,-20000,108000
2007/06/22,0,969000,-20000,949000
2007/06/25,0,58000,-130000,-72000
2007/06/26,0,50000,-470000,-420000
2007/06/27,0,10000,-62000,-52000
2007/06/28,0,45000,-20000,25000
2007/06/29,0,38000,-29000,9000
2007/07/02,0,118000,-71000,47000
2007/07/03,0,204000,0,204000
2007/07/04,0,244000,-30000,214000
2007/07/05,0,389000,-1567000,-1178000
2007/07/06,0,324000,-520000,-196000
2007/07/09,0,31000,-60000,-29000
2007/07/10,0,31000,-37000,-6000
2007/07/11,0,77000,-39788,37212
2007/07/12,0,121000,-60000,61000
2007/07/13,0,124000,-786,123214
2007/07/16,0,4000,-28000,-24000
2007/07/17,0,10000,-21000,-11000
2007/07/18,0,0,-204000,-204000
2007/07/19,0,12000,-7846,4154
2007/07/20,0,20000,-175000,-155000
2007/07/23,0,10000,-13000,-3000
2007/07/24,0,131000,-8000,123000
2007/07/25,0,12000,-6000,6000
2007/07/26,0,4000,-22000,-18000
2007/07/27,0,568000,-192000,376000
2007/07/30,0,889000,-340000,549000
2007/07/31,0,105000,-550000,-445000
2007/08/01,0,449000,-14000,435000
2007/08/02,0,88000,-1041094,-953094
2007/08/03,0,0,-78000,-78000
2007/08/06,0,50000,-20000,30000
2007/08/07,0,163000,-1197000,-1034000
2007/08/08,0,39000,-40000,-1000
2007/08/09,0,136000,-215128,-79128
2007/08/10,0,248000,-321000,-73000
2007/08/13,0,413000,-375000,38000
2007/08/14,0,220000,-292000,-72000
2007/08/15,0,1054000,-271000,783000
2007/08/16,0,34458,-472000,-437542
2007/08/17,0,348000,-241000,107000
2007/08/20,0,100000,-165000,-65000
2007/08/21,0,443000,-104000,339000
2007/08/22,0,266000,-41000,225000
2007/08/23,0,714000,-463000,251000
2007/08/24,0,195000,-35000,160000
2007/08/27,0,515000,-422000,93000
2007/08/28,0,654000,-82000,572000
2007/08/29,0,806000,-200000,606000
2007/08/30,0,524000,-448000,76000
2007/08/31,0,368000,-604000,-236000
2007/09/03,0,364000,-341000,23000
2007/09/04,0,150000,-378000,-228000
2007/09/05,0,77000,-307000,-230000
2007/09/06,0,190000,-39000,151000
2007/09/07,0,8000,-210000,-202000
2007/09/10,0,408000,-171000,237000
2007/09/11,0,656000,-212000,444000
2007/09/12,0,138000,-49000,89000
2007/09/13,0,20000,-61000,-41000
2007/09/14,0,301000,-57000,244000
2007/09/17,0,110620,-153000,-42380
2007/09/18,0,0,0,0
2007/09/19,0,219000,-239336,-20336
2007/09/20,0,98000,-394000,-296000
2007/09/21,0,189000,-268000,-79000
2007/09/24,0,0,0,0
2007/09/25,0,0,0,0
2007/09/26,0,152000,-174000,-22000
2007/09/27,0,104000,-230000,-126000
2007/09/28,0,125000,-136000,-11000
2007/10/01,0,80000,-194000,-114000
2007/10/02,0,138000,-573343,-435343
2007/10/03,0,71000,-33386,37614
2007/10/04,0,196000,-340000,-144000
2007/10/05,0,251000,-83000,168000
2007/10/08,0,8000,-132000,-124000
2007/10/09,0,1000,-75000,-74000
2007/10/10,0,0,0,0
2007/10/11,0,456000,-94853,361147
2007/10/12,0,130000,-163000,-33000
2007/10/15,0,793000,-176000,617000
2007/10/16,0,260000,-138000,122000
2007/10/17,0,43000,-134000,-91000
2007/10/18,0,159000,-406000,-247000
2007/10/19,0,271000,-114000,157000
2007/10/22,0,235000,-216000,19000
2007/10/23,0,1041000,-85000,956000
2007/10/24,0,887000,-560000,327000
2007/10/25,0,713000,-390000,323000
2007/10/26,0,1640000,-656393,983607
2007/10/29,0,320000,-1517052,-1197052
2007/10/30,0,480100,-163000,317100
2007/10/31,0,314000,-517000,-203000
2007/11/01,0,963000,-768900,194100
2007/11/02,0,491000,-362000,129000
2007/11/05,0,220000,-770000,-550000
2007/11/06,0,315000,-63000,252000
2007/11/07,0,648000,-140000,508000
2007/11/08,0,85000,-550000,-465000
2007/11/09,0,162000,-1079000,-917000
2007/11/12,0,38000,-586000,-548000
2007/11/13,0,327000,-224000,103000
2007/11/14,0,917000,-178000,739000
2007/11/15,0,62000,-172000,-110000
2007/11/16,0,60000,-295000,-235000
2007/11/19,0,217000,-43000,174000
2007/11/20,0,218000,-284000,-66000
2007/11/21,0,355000,-121000,234000
2007/11/22,0,137000,-450000,-313000
2007/11/23,0,134000,-985000,-851000
2007/11/26,0,757000,-2286000,-1529000
2007/11/27,0,199000,-692000,-493000
2007/11/28,0,209000,-1380000,-1171000
2007/11/29,0,234000,-1433794,-1199794
2007/11/30,0,1092000,-246000,846000
2007/12/03,0,165000,-50000,115000
2007/12/04,0,843000,-609000,234000
2007/12/05,0,270000,-7000,263000
2007/12/06,0,187000,-553000,-366000
2007/12/07,0,26000,-45000,-19000
2007/12/10,0,377000,-118000,259000
2007/12/11,0,100000,-688000,-588000
2007/12/12,0,222000,-171000,51000
2007/12/13,0,46000,-490000,-444000
2007/12/14,0,1136000,-2045000,-909000
2007/12/17,0,9000,-760000,-751000
2007/12/18,0,469000,-473000,-4000
2007/12/19,0,782000,-69000,713000
2007/12/20,0,231000,-566000,-335000
2007/12/21,0,412000,-115000,297000
2007/12/24,0,447000,-140000,307000
2007/12/25,0,684000,-264000,420000
2007/12/26,0,141000,-4000,137000
2007/12/27,0,386000,-329000,57000
2007/12/28,0,183000,-68000,115000
2007/12/31,0,121000,-68000,53000
2008/01/01,0,0,0,0
2008/01/02,0,38000,-382000,-344000
2008/01/03,0,28000,-231033,-203033
2008/01/04,0,68000,-198000,-130000
2008/01/07,0,24000,-908000,-884000
2008/01/08,0,116000,-661000,-545000
2008/01/09,0,580000,-316000,264000
2008/01/10,0,443000,-173000,270000
2008/01/11,0,55000,-127000,-72000
2008/01/14,0,219000,-261000,-42000
2008/01/15,0,246000,-129000,117000
2008/01/16,0,15000,-753000,-738000
2008/01/17,0,168000,-112000,56000
2008/01/18,0,271000,-38000,233000
2008/01/21,0,51000,-412000,-361000
2008/01/22,0,6000,-276000,-270000
2008/01/23,0,1071000,-1046000,25000
2008/01/24,0,282000,-751000,-469000
2008/01/25,0,591000,-20000,571000
2008/01/28,0,82000,-524000,-442000
2008/01/29,0,190000,-21000,169000
2008/01/30,0,10000,-11000,-1000
2008/01/31,0,119000,-408000,-289000
2008/02/01,0,259000,-68000,191000
2008/02/04,0,0,0,0
2008/02/05,0,0,0,0
2008/02/06,0,0,0,0
2008/02/07,0,0,0,0
2008/02/08,0,0,0,0
2008/02/11,0,0,0,0
2008/02/12,0,17000,-101000,-84000
2008/02/13,0,12000,-6000,6000
2008/02/14,0,150000,-68000,82000
2008/02/15,0,516000,-100054,415946
2008/02/18,0,205000,-140000,65000
2008/02/19,0,53000,-54000,-1000
2008/02/20,0,70000,-228000,-158000
2008/02/21,0,23000,-25000,-2000
2008/02/22,0,74000,-22000,52000
2008/02/25,0,158000,-57000,101000
2008/02/26,0,231000,-20000,211000
2008/02/27,0,352000,-26000,326000
2008/02/28,0,0,0,0
2008/02/29,0,148000,-13000,135000
2008/03/03,0,28000,-159000,-131000
2008/03/04,0,319000,-47000,272000
2008/03/05,0,650000,-247000,403000
2008/03/06,0,87000,-370000,-283000
2008/03/07,0,247000,-153000,94000
2008/03/10,0,74000,-158000,-84000
2008/03/11,0,109000,-90000,19000
2008/03/12,0,416000,-899000,-483000
2008/03/13,0,62000,-151000,-89000
2008/03/14,0,213000,-92000,121000
2008/03/17,0,58000,-158000,-100000
2008/03/18,0,56000,-60000,-4000
2008/03/19,0,215000,-175000,40000
2008/03/20,0,104000,-48000,56000
2008/03/21,0,857000,-107000,750000
2008/03/24,0,2256000,-336000,1920000
2008/03/25,0,613000,-302000,311000
2008/03/26,0,129000,-342000,-213000
2008/03/27,0,279000,-89000,190000
2008/03/28,0,199000,-79000,120000
2008/03/31,0,16000,-88000,-72000
2008/04/01,0,165000,-235000,-70000
2008/04/02,0,231000,-68000,163000
2008/04/03,0,106000,-125000,-19000
2008/04/04,0,0,0,0
2008/04/07,0,492000,-180000,312000
2008/04/08,0,297000,-144000,153000
2008/04/09,0,504000,-208000,296000
2008/04/10,0,487000,-81000,406000
2008/04/11,0,170000,-652000,-482000
2008/04/14,0,153000,-131926,21074
2008/04/15,0,124000,-346000,-222000
2008/04/16,0,87000,-203000,-116000
2008/04/17,0,134000,-379000,-245000
2008/04/18,0,222000,-196000,26000
2008/04/21,0,90000,-63000,27000
2008/04/22,0,291000,-504000,-213000
2008/04/23,0,461000,-53000,408000
2008/04/24,0,180000,-159000,21000
2008/04/25,0,111000,-49000,62000
2008/04/28,0,91000,-403000,-312000
2008/04/29,0,20000,-227000,-207000
2008/04/30,0,62000,-100000,-38000
2008/05/01,0,0,0,0
2008/05/02,0,679000,-114000,565000
2008/05/05,0,38000,-709000,-671000
2008/05/06,0,115000,-193000,-78000
2008/05/07,0,283000,-64000,219000
2008/05/08,0,32000,-178000,-146000
2008/05/09,0,31000,-172000,-141000
2008/05/12,0,166000,-147000,19000
2008/05/13,0,26172,-171000,-144828
2008/05/14,0,52000,-49000,3000
2008/05/15,0,874010,-29000,845010
2008/05/16,0,21000,-261000,-240000
2008/05/19,0,20000,-48000,-28000
2008/05/20,0,661000,-48000,613000
2008/05/21,0,20000,-120000,-100000
2008/05/22,0,12000,-83000,-71000
2008/05/23,0,0,-583000,-583000
2008/05/26,0,14000,-728000,-714000
2008/05/27,0,18000,-1762000,-1744000
2008/05/28,0,10000,-62000,-52000
2008/05/29,0,16000,-16000,0
2008/05/30,0,3000,-85000,-82000
2008/06/02,0,2000,-111000,-109000
2008/06/03,0,45231,-239000,-193769
2008/06/04,0,713000,-1286000,-573000
2008/06/05,0,135000,-316000,-181000
2008/06/06,0,10000,-43000,-33000
2008/06/09,0,0,-110000,-110000
2008/06/10,0,105000,-256000,-151000
2008/06/11,0,346000,-352000,-6000
2008/06/12,0,288000,-302000,-14000
2008/06/13,0,4000,-89000,-85000
2008/06/16,0,0,-50000,-50000
2008/06/17,0,217000,-270000,-53000
2008/06/18,0,3000,-5000,-2000
2008/06/19,0,26000,-6000,20000
2008/06/20,0,145000,-116000,29000
2008/06/23,0,36000,-135000,-99000
2008/06/24,0,36000,-3000,33000
2008/06/25,0,77000,-20000,57000
2008/06/26,0,321000,-22000,299000
2008/06/27,0,1000,-137000,-136000
2008/06/30,0,29000,-142000,-113000
2008/07/01,0,68000,-69000,-1000
2008/07/02,0,83000,-140000,-57000
2008/07/03,0,337000,-119000,218000
2008/07/04,0,128000,-138000,-10000
2008/07/07,0,33000,-278000,-245000
2008/07/08,0,338000,-165000,173000
2008/07/09,0,259000,-45000,214000
2008/07/10,0,735000,-30000,705000
2008/07/11,0,139000,-158000,-19000
2008/07/14,0,145000,-40000,105000
2008/07/15,0,171000,-69000,102000
2008/07/16,0,43000,-592000,-549000
2008/07/17,0,431000,-396000,35000
2008/07/18,0,33000,-45000,-12000
2008/07/21,0,288000,-127000,161000
2008/07/22,0,675000,-365000,310000
2008/07/23,0,644000,-547000,97000
2008/07/24,0,535000,-45000,490000
2008/07/25,0,785000,-26000,759000
2008/07/28,0,0,0,0
2008/07/29,0,158000,-209000,-51000
2008/07/30,0,56000,-209000,-153000
2008/07/31,0,49000,-736000,-687000
2008/08/01,0,76000,-171000,-95000
2008/08/04,0,129000,-20000,109000
2008/08/05,0,53000,-360000,-307000
2008/08/06,0,493000,-520000,-27000
2008/08/07,0,154000,-78000,76000
2008/08/08,0,401000,-119625,281375
2008/08/11,0,164000,-1114000,-950000
2008/08/12,0,363000,-33000,330000
2008/08/13,0,536000,-67000,469000
2008/08/14,0,1167000,-69000,1098000
2008/08/15,0,23000,-1369000,-1346000
2008/08/18,0,140000,-149000,-9000
2008/08/19,0,113000,-157249,-44249
2008/08/20,0,170000,-40000,130000
2008/08/21,0,530000,-24000,506000
2008/08/22,0,674000,-277000,397000
2008/08/25,0,19000,-105000,-86000
2008/08/26,0,1000,-12000,-11000
2008/08/27,0,148000,-212000,-64000
2008/08/28,0,176000,-28000,148000
2008/08/29,0,1000,-5292,-4292
2008/09/01,0,364000,-133000,231000
2008/09/02,0,100000,-368000,-268000
2008/09/03,0,174000,-945000,-771000
2008/09/04,0,481000,-1348000,-867000
2008/09/05,0,596000,-374000,222000
2008/09/08,0,40000,-15000,25000
2008/09/09,0,41000,-303000,-262000
2008/09/10,0,12000,-89000,-77000
2008/09/11,0,214000,-390000,-176000
2008/09/12,0,189000,-388000,-199000
2008/09/15,0,48000,-220000,-172000
2008/09/16,0,223000,-93200,129800
2008/09/17,0,76000,-290000,-214000
2008/09/18,0,154000,-251800,-97800
2008/09/19,0,227000,-185000,42000
2008/09/22,0,169000,-239000,-70000
2008/09/23,0,104000,-152000,-48000
2008/09/24,0,282000,-206000,76000
2008/09/25,0,464000,-146000,318000
2008/09/26,0,257000,-511000,-254000
2008/09/29,0,0,0,0
2008/09/30,0,60000,-47000,13000
2008/10/01,0,24000,-69000,-45000
2008/10/02,0,14000,-54000,-40000
2008/10/03,0,117000,-172241,-55241
2008/10/06,0,57219,-110510,-53291
2008/10/07,0,38000,-407868,-369868
2008/10/08,0,155000,-35000,120000
2008/10/09,0,32000,-82574,-50574
2008/10/10,0,0,0,0
2008/10/13,0,0,-16000,-16000
2008/10/14,0,78400,-11012,67388
2008/10/15,0,5000,-12396,-7396
2008/10/16,0,0,-13587,-13587
2008/10/17,0,10000,-99813,-89813
2008/10/20,0,50000,-27639,22361
2008/10/21,0,120000,-23000,97000
2008/10/22,0,6000,-26000,-20000
2008/10/23,0,0,-1000,-1000
2008/10/24,0,0,-1400,-1400
2008/10/27,0,30000,-5600,24400
2008/10/28,0,431000,-324268,106732
2008/10/29,0,232000,-192400,39600
2008/10/30,0,147400,-28000,119400
2008/10/31,0,367000,-393000,-26000
2008/11/03,0,29000,-7000,22000
2008/11/04,0,2000,-780858,-778858
2008/11/05,0,13000,-9000,4000
2008/11/06,0,0,-20000,-20000
2008/11/07,0,19000,-15000,4000
2008/11/10,0,0,-6000,-6000
2008/11/11,0,21000,-22000,-1000
2008/11/12,0,9000,-20000,-11000
2008/11/13,0,0,-20000,-20000
2008/11/14,0,14000,-4000,10000
2008/11/17,0,81000,0,81000
2008/11/18,0,0,-6884,-6884
2008/11/19,0,19000,-189000,-170000
2008/11/20,0,2000,0,2000
2008/11/21,0,212000,-19000,193000
2008/11/24,0,121000,-3000,118000
2008/11/25,0,11000,-331000,-320000
2008/11/26,0,75000,-5000,70000
2008/11/27,0,0,0,0
2008/11/28,0,50000,-70441,-20441
2008/12/01,0,11000,-13000,-2000
2008/12/02,0,0,-14000,-14000
2008/12/03,0,2000,-50000,-48000
2008/12/04,0,18000,0,18000
2008/12/05,0,10000,0,10000
2008/12/08,0,378000,0,378000
2008/12/09,0,60000,-302000,-242000
2008/12/10,0,392000,-1000,391000
2008/12/11,0,17000,-309000,-292000
2008/12/12,0,16000,-26000,-10000
2008/12/15,0,21000,-73000,-52000
2008/12/16,0,124000,-7000,117000
2008/12/17,0,10000,-41000,-31000
2008/12/18,0,432000,0,432000
2008/12/19,0,165000,-189000,-24000
2008/12/22,0,17000,-499000,-482000
2008/12/23,0,17000,-1000,16000
2008/12/24,0,17000,0,17000
2008/12/25,0,29000,0,29000
2008/12/26,0,7000,0,7000
2008/12/29,0,5000,-3000,2000
2008/12/30,0,18000,0,18000
2008/12/31,0,207000,-11000,196000
2009/01/01,0,0,0,0
2009/01/02,0,0,0,0
2009/01/05,0,462000,-155000,307000
2009/01/06,0,579000,-67000,512000
2009/01/07,0,132000,-566000,-434000
2009/01/08,0,348000,-518000,-170000
2009/01/09,0,104000,-210000,-106000
2009/01/12,0,91000,-140000,-49000
2009/01/13,0,32000,-22000,10000
2009/01/14,0,286000,-156000,130000
2009/01/15,0,77000,-131000,-54000
2009/01/16,0,38000,-303000,-265000
2009/01/19,0,19000,-5000,14000
2009/01/20,0,166000,-56000,110000
2009/01/21,0,102000,-36000,66000
2009/01/22,0,0,0,0
2009/01/23,0,0,0,0
2009/01/26,0,0,0,0
2009/01/27,0,0,0,0
2009/01/28,0,0,0,0
2009/01/29,0,0,0,0
2009/01/30,0,0,0,0
2009/02/02,0,160000,-91000,69000
2009/02/03,0,1667000,-111000,1556000
2009/02/04,0,946000,-1685000,-739000
2009/02/05,0,118000,-731000,-613000
2009/02/06,0,231000,-91000,140000
2009/02/09,0,545000,-448000,97000
2009/02/10,0,2031000,-96000,1935000
2009/02/11,0,323000,-383000,-60000
2009/02/12,0,242000,-404527,-162527
2009/02/13,0,544000,-1072000,-528000
2009/02/16,0,440000,-886000,-446000
2009/02/17,0,47000,-694000,-647000
2009/02/18,0,45000,-39000,6000
2009/02/19,0,56000,-53000,3000
2009/02/20,0,80000,-83000,-3000
2009/02/23,0,164000,-6000,158000
2009/02/24,0,32000,-7000,25000
2009/02/25,0,159000,-185000,-26000
2009/02/26,0,1493000,-189000,1304000
2009/02/27,0,149000,-652000,-503000
2009/03/02,0,532000,-865000,-333000
2009/03/03,0,12000,-479000,-467000
2009/03/04,0,660000,-275000,385000
2009/03/05,0,201000,-920000,-719000
2009/03/06,0,283000,-223000,60000
2009/03/09,0,263000,-489000,-226000
2009/03/10,0,474000,-199000,275000
2009/03/11,0,420000,-144000,276000
2009/03/12,0,64000,-149000,-85000
2009/03/13,0,44000,-144000,-100000
2009/03/16,0,34000,-164000,-130000
2009/03/17,0,221000,-286000,-65000
2009/03/18,0,43000,-190000,-147000
2009/03/19,0,380000,-54000,326000
2009/03/20,0,318000,-35000,283000
2009/03/23,0,553000,-324000,229000
2009/03/24,0,368000,-768000,-400000
2009/03/25,0,56000,-60925,-4925
2009/03/26,0,357000,-316000,41000
2009/03/27,0,329000,-280000,49000
2009/03/30,0,261000,-68000,193000
2009/03/31,0,153000,-234000,-81000
2009/04/01,0,110000,-352000,-242000
2009/04/02,0,192000,-78000,114000
2009/04/03,0,818000,-320000,498000
2009/04/06,0,152000,-699000,-547000
2009/04/07,0,209000,-506000,-297000
2009/04/08,0,216000,-307000,-91000
2009/04/09,0,109000,-168000,-59000
2009/04/10,0,176000,-58000,118000
2009/04/13,0,55000,-61000,-6000
2009/04/14,0,372000,-52000,320000
2009/04/15,0,197000,-21000,176000
2009/04/16,0,302000,-44000,258000
2009/04/17,0,213000,-231000,-18000
2009/04/20,0,255000,-76000,179000
2009/04/21,0,271000,-205000,66000
2009/04/22,0,288000,-376000,-88000
2009/04/23,0,229000,-490000,-261000
2009/04/24,0,688000,-279000,409000
2009/04/27,0,235000,-328000,-93000
2009/04/28,0,99000,-291178,-192178
2009/04/29,0,87000,-48000,39000
2009/04/30,0,161000,-28000,133000
2009/05/01,0,0,0,0
2009/05/04,0,661000,-51000,610000
2009/05/05,0,156000,-604000,-448000
2009/05/06,0,1025000,-211000,814000
2009/05/07,0,409000,-483000,-74000
2009/05/08,0,424000,-328155,95845
2009/05/11,0,95000,-304187,-209187
2009/05/12,0,222000,-519000,-297000
2009/05/13,0,178000,-254000,-76000
2009/05/14,0,261000,-376000,-115000
2009/05/15,0,610000,-447000,163000
2009/05/18,0,889000,-211000,678000
2009/05/19,0,174000,-421000,-247000
2009/05/20,0,154000,-171000,-17000
2009/05/21,0,444000,-672000,-228000
2009/05/22,0,397000,-238936,158064
2009/05/25,0,854000,-321000,533000
2009/05/26,0,184000,-453000,-269000
2009/05/27,0,268000,-1383000,-1115000
2009/05/28,0,0,0,0
2009/05/29,0,0,0,0
2009/06/01,0,27000,-108788,-81788
2009/06/02,0,263000,-130000,133000
2009/06/03,0,135000,-13171,121829
2009/06/04,0,112000,-272000,-160000
2009/06/05,0,111000,-36000,75000
2009/06/08,0,22000,-102000,-80000
2009/06/09,0,312000,-227000,85000
2009/06/10,0,150000,-220364,-70364
2009/06/11,0,580000,-98000,482000
2009/06/12,0,90000,-217000,-127000
2009/06/15,0,145000,-204000,-59000
2009/06/16,0,78000,-493829,-415829
2009/06/17,0,275000,-155000,120000
2009/06/18,0,116000,-23000,93000
2009/06/19,0,198000,-268000,-70000
2009/06/22,0,163000,-221000,-58000
2009/06/23,0,11000,-85000,-74000
2009/06/24,0,191000,-508823,-317823
2009/06/25,0,413000,-352000,61000
2009/06/26,0,302000,-393000,-91000
2009/06/29,0,204000,-81000,123000
2009/06/30,0,253000,-89000,164000
2009/07/01,0,346000,-76000,270000
2009/07/02,0,573000,-70000,503000
2009/07/03,0,196000,-59000,137000
2009/07/06,0,727000,-127000,600000
2009/07/07,0,497022,-550000,-52978
2009/07/08,0,408000,-562000,-154000
2009/07/09,0,1510000,-797000,713000
2009/07/10,0,614000,-243000,371000
2009/07/13,0,171000,-1462000,-1291000
2009/07/14,0,175000,-78813,96187
2009/07/15,0,2603000,-312000,2291000
2009/07/16,0,230000,-2420406,-2190406
2009/07/17,0,143000,-736000,-593000
2009/07/20,0,159000,-349000,-190000
2009/07/21,0,717000,-168000,549000
2009/07/22,0,88000,-47000,41000
2009/07/23,0,402000,-599000,-197000
2009/07/24,0,466929,-155000,311929
2009/07/27,0,232000,-144000,88000
2009/07/28,0,137000,-706000,-569000
2009/07/29,0,35000,-217000,-182000
2009/07/30,0,74000,-315000,-241000
2009/07/31,0,896000,-212000,684000
2009/08/03,0,241174,-972000,-730826
2009/08/04,0,133000,-885000,-752000
2009/08/05,0,109000,-199000,-90000
2009/08/06,0,157000,-158000,-1000
2009/08/07,0,0,0,0
2009/08/10,0,247000,-3000,244000
2009/08/11,0,437000,-62000,375000
2009/08/12,0,42000,-115000,-73000
2009/08/13,0,445000,-144000,301000
2009/08/14,0,318000,-148000,170000
2009/08/17,0,27000,-113000,-86000
2009/08/18,0,243000,-241000,2000
2009/08/19,0,182000,-89000,93000
2009/08/20,0,115000,-103000,12000
2009/08/21,0,151000,-164000,-13000
2009/08/24,0,109000,-64000,45000
2009/08/25,0,56000,-195000,-139000
2009/08/26,0,80000,-174000,-94000
2009/08/27,0,148000,-142883,5117
2009/08/28,0,142000,-219000,-77000
2009/08/31,0,495000,-253000,242000
2009/09/01,0,489000,-185000,304000
2009/09/02,0,437000,-111000,326000
2009/09/03,0,547000,-432000,115000
2009/09/04,0,324000,-502000,-178000
2009/09/07,0,163000,-278000,-115000
2009/09/08,0,148000,-151000,-3000
2009/09/09,0,366000,-224000,142000
2009/09/10,0,198000,-653000,-455000
2009/09/11,0,169000,-38000,131000
2009/09/14,0,50000,-190000,-140000
2009/09/15,0,95000,-1000,94000
2009/09/16,0,215000,-259000,-44000
2009/09/17,0,50000,-171000,-121000
2009/09/18,0,128000,-180000,-52000
2009/09/21,0,392000,-176000,216000
2009/09/22,0,18000,-142000,-124000
2009/09/23,0,28000,-238000,-210000
2009/09/24,0,60000,-16000,44000
2009/09/25,0,66000,-43000,23000
2009/09/28,0,48000,-168176,-120176
2009/09/29,0,79000,-72000,7000
2009/09/30,0,148000,-105000,43000
2009/10/01,0,213000,-226000,-13000
2009/10/02,0,31000,-312000,-281000
2009/10/05,0,121000,-29000,92000
2009/10/06,0,182000,-178000,4000
2009/10/07,0,69000,-85000,-16000
2009/10/08,0,837000,-320000,517000
2009/10/09,0,168000,-188000,-20000
2009/10/12,0,172000,-216000,-44000
2009/10/13,0,119000,-736000,-617000
2009/10/14,0,534000,-56000,478000
2009/10/15,0,105000,-162000,-57000
2009/10/16,0,30000,-179000,-149000
2009/10/19,0,25000,-35000,-10000
2009/10/20,0,28000,-249000,-221000
2009/10/21,0,150000,-104000,46000
2009/10/22,0,49000,-369000,-320000
2009/10/23,0,57000,-15000,42000
2009/10/26,0,64000,-83000,-19000
2009/10/27,0,38000,-26000,12000
2009/10/28,0,21000,-75000,-54000
2009/10/29,0,216000,-132000,84000
2009/10/30,0,50000,-113000,-63000
2009/11/02,0,70000,-77000,-7000
2009/11/03,0,26000,-140000,-114000
2009/11/04,0,170000,-39000,131000
2009/11/05,0,60000,-61000,-1000
2009/11/06,0,219000,-184000,35000
2009/11/09,0,66000,-43000,23000
2009/11/10,0,11000,-97000,-86000
2009/11/11,0,145000,-54000,91000
2009/11/12,0,94000,-56000,38000
2009/11/13,0,31000,-205000,-174000
2009/11/16,0,33000,-108000,-75000
2009/11/17,0,34000,-140000,-106000
2009/11/18,0,48000,-52000,-4000
2009/11/19,0,366000,-35000,331000
2009/11/20,0,82000,-83000,-1000
2009/11/23,0,246000,-416000,-170000
2009/11/24,0,264000,-60000,204000
2009/11/25,0,102000,-189000,-87000
2009/11/26,0,15000,-29000,-14000
2009/11/27,0,5000,-46000,-41000
2009/11/30,0,47000,-6000,41000
2009/12/01,0,30000,-13000,17000
2009/12/02,0,97000,-118000,-21000
2009/12/03,0,322000,-26000,296000
2009/12/04,0,140000,-14000,126000
2009/12/07,0,470000,-60000,410000
2009/12/08,0,108000,-134000,-26000
2009/12/09,0,275000,-67000,208000
2009/12/10,0,451000,-249000,202000
2009/12/11,0,373000,-425000,-52000
2009/12/14,0,131000,-289000,-158000
2009/12/15,0,280000,-306000,-26000
2009/12/16,0,93000,-249000,-156000
2009/12/17,0,145000,-192000,-47000
2009/12/18,0,25000,-154000,-129000
2009/12/21,0,197000,-60000,137000
2009/12/22,0,52000,-191000,-139000
2009/12/23,0,29000,-149000,-120000
2009/12/24,0,8000,-51000,-43000
2009/12/25,0,7000,-48000,-41000
2009/12/28,0,9000,-45000,-36000
2009/12/29,0,44000,-62000,-18000
2009/12/30,0,40000,-10000,30000
2009/12/31,0,465000,-336000,129000
2010/01/01,0,0,0,0
2010/01/04,0,54000,-145000,-91000
2010/01/05,0,33000,-116000,-83000
2010/01/06,0,48000,-630000,-582000
2010/01/07,0,43000,-77000,-34000
2010/01/08,0,81000,-51000,30000
2010/01/11,0,45000,-36000,9000
2010/01/12,0,67000,-35000,32000
2010/01/13,0,243000,-52000,191000
2010/01/14,0,242000,-44000,198000
2010/01/15,0,88000,-105000,-17000
2010/01/18,0,95000,-163000,-68000
2010/01/19,0,2000,-43000,-41000
2010/01/20,0,20357,-23000,-2643
2010/01/21,0,0,-18000,-18000
2010/01/22,0,134000,-286000,-152000
2010/01/25,0,23000,-354000,-331000
2010/01/26,0,114000,-248537,-134537
2010/01/27,0,7000,-36000,-29000
2010/01/28,0,45000,-10000,35000
2010/01/29,0,201000,-11000,190000
2010/02/01,0,81000,-168000,-87000
2010/02/02,0,10000,-268000,-258000
2010/02/03,0,112000,-104000,8000
2010/02/04,0,68000,-53000,15000
2010/02/05,0,621000,-91000,530000
2010/02/08,0,130000,-3000,127000
2010/02/09,0,49000,-80642,-31642
2010/02/10,0,140000,-212375,-72375
2010/02/11,0,0,0,0
2010/02/12,0,0,0,0
2010/02/15,0,0,0,0
2010/02/16,0,0,0,0
2010/02/17,0,0,0,0
2010/02/18,0,0,0,0
2010/02/19,0,0,0,0
2010/02/22,0,113000,-304000,-191000
2010/02/23,0,303000,-328000,-25000
2010/02/24,0,57000,-10000,47000
2010/02/25,0,66000,-54000,12000
2010/02/26,0,1000,-10000,-9000
2010/03/01,0,408000,-65000,343000
2010/03/02,0,241000,-299000,-58000
2010/03/03,0,229000,-182000,47000
2010/03/04,0,200000,-111000,89000
2010/03/05,0,97000,-31000,66000
2010/03/08,0,143000,-22000,121000
2010/03/09,0,353000,-32000,321000
2010/03/10,0,105000,-117000,-12000
2010/03/11,0,33000,-68000,-35000
2010/03/12,0,68000,-112000,-44000
2010/03/15,0,28000,-123000,-95000
2010/03/16,0,78000,-65000,13000
2010/03/17,0,743000,-120000,623000
2010/03/18,0,243000,-160000,83000
2010/03/19,0,241000,-83000,158000
2010/03/22,0,105000,-444000,-339000
2010/03/23,0,99000,-283000,-184000
2010/03/24,0,37000,-403000,-366000
2010/03/25,0,148000,-334000,-186000
2010/03/26,0,97000,-67000,30000
2010/03/29,0,118000,-130000,-12000
2010/03/30,0,54000,-135000,-81000
2010/03/31,0,8000,-22000,-14000
2010/04/01,0,412000,-16000,396000
2010/04/02,0,31000,-399000,-368000
2010/04/05,0,0,0,0
2010/04/06,0,44000,-94000,-50000
2010/04/07,0,29000,-93000,-64000
2010/04/08,0,53000,-113000,-60000
2010/04/09,0,563000,-79000,484000
2010/04/12,0,232238,-223000,9238
2010/04/13,0,204000,-390000,-186000
2010/04/14,0,99000,-132000,-33000
2010/04/15,0,359000,-151000,208000
2010/04/16,0,310000,-106000,204000
2010/04/19,0,382000,-192000,190000
2010/04/20,0,443000,-274000,169000
2010/04/21,0,362000,-638000,-276000
2010/04/22,0,136000,-149000,-13000
2010/04/23,0,290000,-413000,-123000
2010/04/26,0,220000,-929000,-709000
2010/04/27,0,103000,-138000,-35000
2010/04/28,0,173000,-180000,-7000
2010/04/29,0,44000,-80000,-36000
2010/04/30,0,222000,-183000,39000
2010/05/03,0,190000,-97000,93000
2010/05/04,0,134000,-221000,-87000
2010/05/05,0,187000,-283000,-96000
2010/05/06,0,91000,-288000,-197000
2010/05/07,0,263000,-122000,141000
2010/05/10,0,183000,-163000,20000
2010/05/11,0,70000,-191648,-121648
2010/05/12,0,182000,-115000,67000
2010/05/13,0,387000,-48000,339000
2010/05/14,0,54000,-26000,28000
2010/05/17,0,85000,-273000,-188000
2010/05/18,0,61000,-141000,-80000
2010/05/19,0,358000,-109000,249000
2010/05/20,0,57000,-141000,-84000
2010/05/21,0,28000,-322000,-294000
2010/05/24,0,196000,-133000,63000
2010/05/25,0,72000,-427000,-355000
2010/05/26,0,179000,-81000,98000
2010/05/27,0,559000,-117000,442000
2010/05/28,0,300000,-195000,105000
2010/05/31,0,93000,-78000,15000
2010/06/01,0,68000,-327000,-259000
2010/06/02,0,351000,-106000,245000
2010/06/03,0,163000,-331000,-168000
2010/06/04,0,369000,-231000,138000
2010/06/07,0,30000,-155000,-125000
2010/06/08,0,438000,-171000,267000
2010/06/09,0,86000,-430000,-344000
2010/06/10,0,121000,-296000,-175000
2010/06/11,0,266000,-285000,-19000
2010/06/14,0,176000,-46000,130000
2010/06/15,0,276000,-306000,-30000
2010/06/16,0,0,0,0
2010/06/17,0,308000,-90000,218000
2010/06/18,0,91000,-133000,-42000
2010/06/21,0,849000,-299000,550000
2010/06/22,0,182000,-176000,6000
2010/06/23,0,85000,-399000,-314000
2010/06/24,0,84000,-164348,-80348
2010/06/25,0,148000,-181000,-33000
2010/06/28,0,11000,-80000,-69000
2010/06/29,0,102000,-372000,-270000
2010/06/30,0,137000,-163000,-26000
2010/07/01,0,40000,-246000,-206000
2010/07/02,0,138000,-85000,53000
2010/07/05,0,158000,-97000,61000
2010/07/06,0,295000,-107000,188000
2010/07/07,0,83000,-55000,28000
2010/07/08,0,205000,-202000,3000
2010/07/09,0,337000,-123000,214000
2010/07/12,0,341000,-197000,144000
2010/07/13,0,60000,-120000,-60000
2010/07/14,0,291000,-230000,61000
2010/07/15,0,31000,-69000,-38000
2010/07/16,0,20000,-115000,-95000
2010/07/19,0,30000,-50000,-20000
2010/07/20,0,113000,-80000,33000
2010/07/21,0,41000,-193000,-152000
2010/07/22,0,35000,-80000,-45000
2010/07/23,0,84000,-133573,-49573
2010/07/26,0,211000,-110000,101000
2010/07/27,0,290000,-270000,20000
2010/07/28,0,184000,-231000,-47000
2010/07/29,0,202000,-158000,44000
2010/07/30,0,635000,-230000,405000
2010/08/02,0,357000,-228000,129000
2010/08/03,0,332000,-351000,-19000
2010/08/04,0,420000,-757000,-337000
2010/08/05,0,364000,-170000,194000
2010/08/06,0,311000,-34000,277000
2010/08/09,0,459000,-49000,410000
2010/08/10,0,859000,-115000,744000
2010/08/11,0,2067000,-174000,1893000
2010/08/12,0,535000,-3176000,-2641000
2010/08/13,0,170000,-459000,-289000
2010/08/16,0,239000,-350000,-111000
2010/08/17,0,291000,-455000,-164000
2010/08/18,0,212000,-446000,-234000
2010/08/19,0,133000,-127000,6000
2010/08/20,0,95000,-59470,35530
2010/08/23,0,50000,-98000,-48000
2010/08/24,0,231000,-141000,90000
2010/08/25,0,94000,-301000,-207000
2010/08/26,0,43000,-230000,-187000
2010/08/27,0,101000,-275000,-174000
2010/08/30,0,219000,-122000,97000
2010/08/31,0,87000,-120000,-33000
2010/09/01,0,139072,-6000,133072
2010/09/02,0,47000,-127000,-80000
2010/09/03,0,330000,-39000,291000
2010/09/06,0,657000,-186000,471000
2010/09/07,0,149000,-323000,-174000
2010/09/08,0,44000,-165000,-121000
2010/09/09,0,128000,-176000,-48000
2010/09/10,0,113000,-186000,-73000
2010/09/13,0,159000,-105000,54000
2010/09/14,0,385000,-400000,-15000
2010/09/15,0,456000,-190000,266000
2010/09/16,0,63000,-253000,-190000
2010/09/17,0,179000,-95000,84000
2010/09/20,0,895000,-227000,668000
2010/09/21,0,1230000,-230000,1000000
2010/09/22,0,0,0,0
2010/09/23,0,233000,-153000,80000
2010/09/24,0,115518,-853000,-737482
2010/09/27,0,37000,-329675,-292675
2010/09/28,0,96000,-144129,-48129
2010/09/29,0,226000,-584166,-358166
2010/09/30,0,34000,-115000,-81000
2010/10/01,0,15000,-60000,-45000
2010/10/04,0,32000,-85000,-53000
2010/10/05,0,39000,-99000,-60000
2010/10/06,0,29000,-165017,-136017
2010/10/07,0,152000,-88460,63540
2010/10/08,0,44000,-157000,-113000
2010/10/11,0,501000,-216000,285000
2010/10/12,0,85000,-153825,-68825
2010/10/13,0,21000,-284000,-263000
2010/10/14,0,21000,-62000,-41000
2010/10/15,0,22000,-127000,-105000
2010/10/18,0,8000,-328439,-320439
2010/10/19,0,100000,-78000,22000
2010/10/20,0,242000,-60979,181021
2010/10/21,0,88000,-90000,-2000
2010/10/22,0,158000,-120000,38000
2010/10/25,0,288000,-88453,199547
2010/10/26,0,848000,-130000,718000
2010/10/27,0,290000,-63000,227000
2010/10/28,0,673000,-449084,223916
2010/10/29,0,241000,-1697000,-1456000
2010/11/01,0,401021,-602000,-200979
2010/11/02,0,1245000,-321000,924000
2010/11/03,0,368000,-480000,-112000
2010/11/04,0,164000,-227959,-63959
2010/11/05,0,507000,-336695,170305
2010/11/08,0,394000,-241000,153000
2010/11/09,0,307000,-324000,-17000
2010/11/10,0,538000,-235514,302486
2010/11/11,0,218000,-1289478,-1071478
2010/11/12,0,117000,-213000,-96000
2010/11/15,0,101000,-259000,-158000
2010/11/16,0,127000,-75840,51160
2010/11/17,0,206000,-29000,177000
2010/11/18,0,165456,-163000,2456
2010/11/19,0,365000,-138000,227000
2010/11/22,0,208000,-36000,172000
2010/11/23,0,92000,-352000,-260000
2010/11/24,0,150000,-158000,-8000
2010/11/25,0,480000,-155000,325000
2010/11/26,0,490000,-71000,419000
2010/11/29,0,1875000,-204000,1671000
2010/11/30,0,893000,-1797000,-904000
2010/12/01,0,148000,-665000,-517000
2010/12/02,0,215000,-134000,81000
2010/12/03,0,723000,-170000,553000
2010/12/06,0,36000,-326000,-290000
2010/12/07,0,689000,-273000,416000
2010/12/08,0,30000,-183000,-153000
2010/12/09,0,905000,-103000,802000
2010/12/10,0,65000,-128000,-63000
2010/12/13,0,59000,-135000,-76000
2010/12/14,0,312000,-390000,-78000
2010/12/15,0,97000,-489000,-392000
2010/12/16,0,123000,-60000,63000
2010/12/17,0,196000,-90000,106000
2010/12/20,0,157000,-324000,-167000
2010/12/21,0,47000,-175000,-128000
2010/12/22,0,149000,-24000,125000
2010/12/23,0,68000,-183000,-115000
2010/12/24,0,103000,-94000,9000
2010/12/27,0,56000,-111000,-55000
2010/12/28,0,799000,-124000,675000
2010/12/29,0,68000,-773333,-705333
2010/12/30,0,178000,-51000,127000
2010/12/31,0,234000,-66000,168000
2011/01/03,0,8000,-75000,-67000
2011/01/04,0,102000,-29000,73000
2011/01/05,0,54000,-198000,-144000
2011/01/06,0,32000,-211000,-179000
2011/01/07,0,94000,-156000,-62000
2011/01/10,0,10000,-142000,-132000
2011/01/11,0,110000,-95000,15000
2011/01/12,0,213000,-149000,64000
2011/01/13,0,13000,-627000,-614000
2011/01/14,0,46000,-46000,0
2011/01/17,0,0,-145000,-145000
2011/01/18,0,0,-159000,-159000
2011/01/19,0,969000,-52000,917000
2011/01/20,0,811000,-495000,316000
2011/01/21,0,387000,-103000,284000
2011/01/24,0,98000,-109000,-11000
2011/01/25,0,118000,-289000,-171000
2011/01/26,0,60000,-118000,-58000
2011/01/27,0,132000,-480000,-348000
2011/01/28,0,348000,-310000,38000
2011/01/31,0,0,0,0
2011/02/01,0,0,0,0
2011/02/02,0,0,0,0
2011/02/03,0,0,0,0
2011/02/04,0,0,0,0
2011/02/07,0,0,0,0
2011/02/08,0,33000,-469000,-436000
2011/02/09,0,196000,-100000,96000
2011/02/10,0,420000,-803000,-383000
2011/02/11,0,81000,-511000,-430000
2011/02/14,0,102000,-737000,-635000
2011/02/15,0,138000,-314000,-176000
2011/02/16,0,21000,-111000,-90000
2011/02/17,0,97000,-92000,5000
2011/02/18,0,69000,-25000,44000
2011/02/21,0,134000,-19000,115000
2011/02/22,0,25000,-149000,-124000
2011/02/23,0,5000,-241000,-236000
2011/02/24,0,35000,-28000,7000
2011/02/25,0,15000,-29000,-14000
2011/02/28,0,0,0,0
2011/03/01,0,26000,-3000,23000
2011/03/02,0,3000,-75000,-72000
2011/03/03,0,148000,-207000,-59000
2011/03/04,0,332000,-10000,322000
2011/03/07,0,68000,-37205,30795
2011/03/08,0,17000,-244000,-227000
2011/03/09,0,553000,-62745,490255
2011/03/10,0,128000,-166000,-38000
2011/03/11,0,27000,-203000,-176000
2011/03/14,0,55000,-411212,-356212
2011/03/15,0,465000,-365000,100000
2011/03/16,0,45000,-125000,-80000
2011/03/17,0,201000,-24587,176413
2011/03/18,0,109000,-33000,76000
2011/03/21,0,340000,-17000,323000
2011/03/22,0,39000,-141000,-102000
2011/03/23,0,81000,-82079,-1079
2011/03/24,0,78040,-107000,-28960
2011/03/25,0,114000,-111000,3000
2011/03/28,0,37000,-189000,-152000
2011/03/29,0,45000,-75000,-30000
2011/03/30,0,40000,-30000,10000
2011/03/31,0,63000,-38000,25000
2011/04/01,0,265000,-7000,258000
2011/04/04,0,0,0,0
2011/04/05,0,0,0,0
2011/04/06,0,263000,-43000,220000
2011/04/07,0,242000,-84000,158000
2011/04/08,0,29000,-75000,-46000
2011/04/11,0,189000,-35000,154000
2011/04/12,0,106000,-206000,-100000
2011/04/13,0,56000,-188000,-132000
2011/04/14,0,6000,-90679,-84679
2011/04/15,0,91000,-139000,-48000
2011/04/18,0,60000,-80000,-20000
2011/04/19,0,39000,-90000,-51000
2011/04/20,0,66000,-13000,53000
2011/04/21,0,129000,-9000,120000
2011/04/22,0,189000,-8000,181000
2011/04/25,0,37000,-89000,-52000
2011/04/26,0,65000,-37000,28000
2011/04/27,0,976000,-194000,782000
2011/04/28,0,114000,-248000,-134000
2011/04/29,0,99000,-536000,-437000
2011/05/02,0,0,0,0
2011/05/03,0,62000,-88000,-26000
2011/05/04,0,497000,-62000,435000
2011/05/05,0,37000,-355000,-318000
2011/05/06,0,140000,-100000,40000
2011/05/09,0,33000,-136000,-103000
2011/05/10,0,83000,-209000,-126000
2011/05/11,0,28000,-150632,-122632
2011/05/12,0,53000,-68000,-15000
2011/05/13,0,16000,-43000,-27000
2011/05/16,0,26000,-44000,-18000
2011/05/17,0,65000,-33000,32000
2011/05/18,0,63000,-101000,-38000
2011/05/19,0,46000,-53908,-7908
2011/05/20,0,16000,-77000,-61000
2011/05/23,0,6000,-347000,-341000
2011/05/24,0,10000,-195000,-185000
2011/05/25,0,5000,-9000,-4000
2011/05/26,0,29000,-22000,7000
2011/05/27,0,24000,-7000,17000
2011/05/30,0,90000,-6000,84000
2011/05/31,0,86000,-163000,-77000
2011/06/01,0,96000,-27000,69000
2011/06/02,0,2000,-24000,-22000
2011/06/03,0,17000,-75000,-58000
2011/06/06,0,0,0,0
2011/06/07,0,86000,-50000,36000
2011/06/08,0,84000,-62000,22000
2011/06/09,0,7000,-79000,-72000
2011/06/10,0,6000,-59000,-53000
2011/06/13,0,50000,-58000,-8000
2011/06/14,0,16000,-15000,1000
2011/06/15,0,66000,-53000,13000
2011/06/16,0,24000,-94000,-70000
2011/06/17,0,14000,-46000,-32000
2011/06/20,0,14000,-65000,-51000
2011/06/21,0,35000,-17000,18000
2011/06/22,0,40000,-43000,-3000
2011/06/23,0,16000,-37000,-21000
2011/06/24,0,31000,-27000,4000
2011/06/27,0,55000,-24000,31000
2011/06/28,0,137000,-24000,113000
2011/06/29,0,54000,-64000,-10000
2011/06/30,0,94000,-134000,-40000
2011/07/01,0,282000,-6000,276000
2011/07/04,0,39000,-9000,30000
2011/07/05,0,32000,-34903,-2903
2011/07/06,0,81000,-62000,19000
2011/07/07,0,53000,-117000,-64000
2011/07/08,0,22000,-357000,-335000
2011/07/11,0,16000,-51000,-35000
2011/07/12,0,15000,-58040,-43040
2011/07/13,0,8000,-11000,-3000
2011/07/14,0,63000,-15000,48000
2011/07/15,0,35000,-2000,33000
2011/07/18,0,15000,-44000,-29000
2011/07/19,0,8000,-38000,-30000
2011/07/20,0,25000,-28000,-3000
2011/07/21,0,279000,-55000,224000
2011/07/22,0,1134000,-880000,254000
2011/07/25,0,122000,-342000,-220000
2011/07/26,0,615000,-593000,22000
2011/07/27,0,800000,-884000,-84000
2011/07/28,0,209000,-268000,-59000
2011/07/29,0,82000,-539000,-457000
2011/08/01,0,428000,-152000,276000
2011/08/02,0,283000,-357564,-74564
2011/08/03,0,557000,-142000,415000
2011/08/04,0,655000,-463000,192000
2011/08/05,0,786000,-426000,360000
2011/08/08,0,291000,-467113,-176113
2011/08/09,0,267000,-259000,8000
2011/08/10,0,398000,-75000,323000
2011/08/11,0,1341000,-171000,1170000
2011/08/12,0,245000,-1346000,-1101000
2011/08/15,0,607000,-386000,221000
2011/08/16,0,174000,-308000,-134000
2011/08/17,0,550000,-215000,335000
2011/08/18,0,435000,-358000,77000
2011/08/19,0,213000,-503000,-290000
2011/08/22,0,135000,-621000,-486000
2011/08/23,0,162000,-64000,98000
2011/08/24,0,35000,-90000,-55000
2011/08/25,0,78000,-24000,54000
2011/08/26,0,34000,-201000,-167000
2011/08/29,0,75000,-59000,16000
2011/08/30,0,494000,-227000,267000
2011/08/31,0,32000,-100000,-68000
2011/09/01,0,117000,-120000,-3000
2011/09/02,0,94000,-197000,-103000
2011/09/05,0,74000,-197000,-123000
2011/09/06,0,10000,-375000,-365000
2011/09/07,0,52000,-4000,48000
2011/09/08,0,21000,-30000,-9000
2011/09/09,0,70000,-28000,42000
2011/09/12,0,0,0,0
2011/09/13,0,1000,-82000,-81000
2011/09/14,0,32000,-570000,-538000
2011/09/15,0,75000,-57000,18000
2011/09/16,0,93000,-27000,66000
2011/09/19,0,59000,-28000,31000
2011/09/20,0,40000,-45603,-5603
2011/09/21,0,32000,-12000,20000
2011/09/22,0,12000,-109000,-97000
2011/09/23,0,33000,-226000,-193000
2011/09/26,0,19000,-159000,-140000
2011/09/27,0,42000,-20000,22000
2011/09/28,0,32000,-49420,-17420
2011/09/29,0,19000,-16090,2910
2011/09/30,0,29000,-91000,-62000
2011/10/03,0,14000,-123000,-109000
2011/10/04,0,96000,-97670,-1670
2011/10/05,0,12000,-13720,-1720
2011/10/06,0,147000,-58224,88776
2011/10/07,0,374000,-74860,299140
2011/10/10,0,0,0,0
2011/10/11,0,107000,-8000,99000
2011/10/12,0,277000,-77000,200000
2011/10/13,0,66000,-664000,-598000
2011/10/14,0,44000,-66000,-22000
2011/10/17,0,23000,-19000,4000
2011/10/18,0,0,-44260,-44260
2011/10/19,0,436000,-47000,389000
2011/10/20,0,10000,-213000,-203000
2011/10/21,0,100000,-18000,82000
2011/10/24,0,278000,-209000,69000
2011/10/25,0,0,-70000,-70000
2011/10/26,0,385000,-31000,354000
2011/10/27,0,59000,-362000,-303000
2011/10/28,0,130000,-81176,48824
2011/10/31,0,101000,-142000,-41000
2011/11/01,0,203000,-14000,189000
2011/11/02,0,27000,-277000,-250000
2011/11/03,0,101000,-72000,29000
2011/11/04,0,173000,-72000,101000
2011/11/07,0,87000,-95000,-8000
2011/11/08,0,45000,-88000,-43000
2011/11/09,0,34000,-59000,-25000
2011/11/10,0,122000,-278000,-156000
2011/11/11,0,96000,-29000,67000
2011/11/14,0,92000,-32000,60000
2011/11/15,0,25000,-25000,0
2011/11/16,0,102000,-39000,63000
2011/11/17,0,35000,-168510,-133510
2011/11/18,0,9000,-138000,-129000
2011/11/21,0,43000,-260080,-217080
2011/11/22,0,67000,-57000,10000
2011/11/23,0,43000,-52000,-9000
2011/11/24,0,78000,-7000,71000
2011/11/25,0,114627,-82000,32627
2011/11/28,0,33000,-76000,-43000
2011/11/29,0,27000,-43000,-16000
2011/11/30,0,13000,-78000,-65000
2011/12/01,0,89000,-26833,62167
2011/12/02,0,43000,-23000,20000
2011/12/05,0,22000,-32000,-10000
2011/12/06,0,4000,-72000,-68000
2011/12/07,0,11000,-11000,0
2011/12/08,0,19000,-52000,-33000
2011/12/09,0,13000,-31000,-18000
2011/12/12,0,2000,-22000,-20000
2011/12/13,0,29000,-46000,-17000
2011/12/14,0,20000,-17000,3000
2011/12/15,0,30000,-78000,-48000
2011/12/16,0,157000,-31000,126000
2011/12/19,0,289000,-105000,184000
2011/12/20,0,249000,-56000,193000
2011/12/21,0,433000,-120000,313000
2011/12/22,0,140000,-86000,54000
2011/12/23,0,124000,-156000,-32000
2011/12/26,0,197000,-41000,156000
2011/12/27,0,52000,-178000,-126000
2011/12/28,0,63000,-84000,-21000
2011/12/29,0,199000,-168000,31000
2011/12/30,0,187000,-119000,68000
2012/01/02,0,137000,-107000,30000
2012/01/03,0,138000,-88000,50000
2012/01/04,0,82000,-104000,-22000
2012/01/05,0,202000,-71392,130608
2012/01/06,0,58000,-278000,-220000
2012/01/09,0,579000,-72000,507000
2012/01/10,0,161000,-127000,34000
2012/01/11,0,421000,-456000,-35000
2012/01/12,0,146000,-531000,-385000
2012/01/13,0,67000,-125000,-58000
2012/01/16,0,72000,-176383,-104383
2012/01/17,0,305000,-127000,178000
2012/01/18,0,576000,-256000,320000
2012/01/19,0,0,0,0
2012/01/20,0,0,0,0
2012/01/23,0,0,0,0
2012/01/24,0,0,0,0
2012/01/25,0,0,0,0
2012/01/26,0,0,0,0
2012/01/27,0,0,0,0
2012/01/30,0,166000,-245000,-79000
2012/01/31,0,640000,-257000,383000
2012/02/01,0,507000,-588000,-81000
2012/02/02,0,1016000,-57000,959000
2012/02/03,0,428000,-156000,272000
2012/02/06,0,139000,-523000,-384000
2012/02/07,0,37000,-262000,-225000
2012/02/08,0,176000,-149000,27000
2012/02/09,0,78000,-564000,-486000
2012/02/10,0,89000,-375000,-286000
2012/02/13,0,105000,-128000,-23000
2012/02/14,0,44000,-613000,-569000
2012/02/15,0,1082000,-632000,450000
2012/02/16,0,682000,-445000,237000
2012/02/17,0,179000,-468000,-289000
2012/02/20,0,144000,-110000,34000
2012/02/21,0,16000,-83000,-67000
2012/02/22,0,706000,-130000,576000
2012/02/23,0,264000,-323000,-59000
2012/02/24,0,8000,-352000,-344000
2012/02/27,0,0,0,0
2012/02/28,0,0,0,0
2012/02/29,0,138000,-139000,-1000
2012/03/01,0,559000,-71000,488000
2012/03/02,0,422000,-179000,243000
2012/03/05,0,223000,-233000,-10000
2012/03/06,0,53000,-629000,-576000
2012/03/07,0,26000,-143000,-117000
2012/03/08,0,33000,-57000,-24000
2012/03/09,0,532000,-57000,475000
2012/03/12,0,453000,-76000,377000
2012/03/13,0,162000,-96000,66000
2012/03/14,0,92000,-161000,-69000
2012/03/15,0,60000,-59000,1000
2012/03/16,0,47000,-67000,-20000
2012/03/19,0,409000,-132000,277000
2012/03/20,0,138000,-404000,-266000
2012/03/21,0,72000,-52000,20000
2012/03/22,0,193000,-106000,87000
2012/03/23,0,34000,-34000,0
2012/03/26,0,117000,-98000,19000
2012/03/27,0,8000,-43000,-35000
2012/03/28,0,48000,-155000,-107000
2012/03/29,0,24000,-111962,-87962
2012/03/30,0,58000,-18000,40000
2012/04/02,0,442000,-116000,326000
2012/04/03,0,418000,-374610,43390
2012/04/04,0,0,0,0
2012/04/05,0,994000,-255000,739000
2012/04/06,0,147000,-228000,-81000
2012/04/09,0,34000,-615000,-581000
2012/04/10,0,34000,-24000,10000
2012/04/11,0,132000,-124000,8000
2012/04/12,0,143000,-126000,17000
2012/04/13,0,161000,-54000,107000
2012/04/16,0,69000,-74000,-5000
2012/04/17,0,46000,-206000,-160000
2012/04/18,0,70000,-75000,-5000
2012/04/19,0,37000,-38000,-1000
2012/04/20,0,50000,-104470,-54470
2012/04/23,0,36000,-38000,-2000
2012/04/24,0,25000,-34000,-9000
2012/04/25,0,47000,-72000,-25000
2012/04/26,0,44004,-580000,-535996
2012/04/27,0,36000,-861397,-825397
2012/04/30,0,79000,-103000,-24000
2012/05/01,0,0,0,0
2012/05/02,0,103000,-63000,40000
2012/05/03,0,33000,-116000,-83000
2012/05/04,0,17000,-24000,-7000
2012/05/07,0,84000,-44000,40000
2012/05/08,0,2000,-105000,-103000
2012/05/09,0,29000,-25000,4000
2012/05/10,0,34000,-55000,-21000
2012/05/11,0,45000,-32000,13000
2012/05/14,0,7000,-53000,-46000
2012/05/15,0,6000,-1000,5000
2012/05/16,0,13000,-55000,-42000
2012/05/17,0,4000,-14000,-10000
2012/05/18,0,16000,-29000,-13000
2012/05/21,0,5000,-9000,-4000
2012/05/22,0,2281000,-850000,1431000
2012/05/23,0,59000,-51000,8000
2012/05/24,0,26000,-26000,0
2012/05/25,0,5000,-78000,-73000
2012/05/28,0,53000,-318000,-265000
2012/05/29,0,316000,-196000,120000
2012/05/30,0,32000,-25000,7000
2012/05/31,0,6000,-313000,-307000
2012/06/01,0,83000,-8000,75000
2012/06/04,0,27000,-77000,-50000
2012/06/05,0,2000,-103000,-101000
2012/06/06,0,2000,-18000,-16000
2012/06/07,0,7000,-87000,-80000
2012/06/08,0,7000,-42172,-35172
2012/06/11,0,6000,-26000,-20000
2012/06/12,0,31000,-5000,26000
2012/06/13,0,14000,-48000,-34000
2012/06/14,0,1000,-1000,0
2012/06/15,0,82000,-45000,37000
2012/06/18,0,142000,-37000,105000
2012/06/19,0,69000,-5000,64000
2012/06/20,0,54000,-158000,-104000
2012/06/21,0,76000,-2000,74000
2012/06/22,0,130018,-10000,120018
2012/06/25,0,24000,-57000,-33000
2012/06/26,0,383000,-5000,378000
2012/06/27,0,109000,-32000,77000
2012/06/28,0,28000,-8000,20000
2012/06/29,0,131000,-11000,120000
2012/07/02,0,111000,-23609,87391
2012/07/03,0,193000,-114000,79000
2012/07/04,0,197000,-150000,47000
2012/07/05,0,150000,-33000,117000
2012/07/06,0,36000,-20000,16000
2012/07/09,0,1000,-49000,-48000
2012/07/10,0,27000,-172000,-145000
2012/07/11,0,2000,-20000,-18000
2012/07/12,0,6000,-49000,-43000
2012/07/13,0,77000,-12000,65000
2012/07/16,0,49000,-67000,-18000
2012/07/17,0,3566000,-668000,2898000
2012/07/18,0,605000,-54000,551000
2012/07/19,0,2018000,-123000,1895000
2012/07/20,0,5052000,-1000,5051000
2012/07/23,0,7588000,-53000,7535000
2012/07/24,0,11786000,-61000,11725000
2012/07/25,0,71000,-21398000,-21327000
2012/07/26,0,122000,-3023000,-2901000
2012/07/27,0,16000,-2119000,-2103000
2012/07/30,0,284000,-1007000,-723000
2012/07/31,0,38000,-2501000,-2463000
2012/08/01,0,41000,-76000,-35000
2012/08/02,0,0,0,0
2012/08/03,0,109000,-2000,107000
2012/08/06,0,14000,-360000,-346000
2012/08/07,0,61000,-76000,-15000
2012/08/08,0,55000,-11000,44000
2012/08/09,0,907000,-39000,868000
2012/08/10,0,75000,-47000,28000
2012/08/13,0,48000,-15000,33000
2012/08/14,0,85000,0,85000
2012/08/15,0,0,-8000,-8000
2012/08/16,0,9000,-5000,4000
2012/08/17,0,290000,-62000,228000
2012/08/20,0,10000,-3000,7000
2012/08/21,0,21000,-33000,-12000
2012/08/22,0,1000,-3000,-2000
2012/08/23,0,152000,-75000,77000
2012/08/24,0,4000,-129000,-125000
2012/08/27,0,20000,-26000,-6000
2012/08/28,0,11000,-26510,-15510
2012/08/29,0,49000,-38000,11000
2012/08/30,0,80000,-65000,15000
2012/08/31,0,118000,-550000,-432000
2012/09/03,0,39000,-636065,-597065
2012/09/04,0,4000,-40000,-36000
2012/09/05,0,51000,-39066,11934
2012/09/06,0,3000,-40000,-37000
2012/09/07,0,342000,-15000,327000
2012/09/10,0,10000,0,10000
2012/09/11,0,468000,-17000,451000
2012/09/12,0,385000,-793000,-408000
2012/09/13,0,39000,-163000,-124000
2012/09/14,0,28000,-81000,-53000
2012/09/17,0,25000,-30000,-5000
2012/09/18,0,71000,-52000,19000
2012/09/19,0,63000,-84000,-21000
2012/09/20,0,46000,-1000,45000
2012/09/21,0,158000,0,158000
2012/09/24,0,957000,-249000,708000
2012/09/25,0,35000,-776000,-741000
2012/09/26,0,17000,-63935,-46935
2012/09/27,0,84000,-18000,66000
2012/09/28,0,33000,-20000,13000
2012/10/01,0,381000,-73000,308000
2012/10/02,0,20000,-239000,-219000
2012/10/03,0,8000,-27000,-19000
2012/10/04,0,38000,-113000,-75000
2012/10/05,0,45000,0,45000
2012/10/08,0,17000,-82000,-65000
2012/10/09,0,44000,-57000,-13000
2012/10/10,0,0,0,0
2012/10/11,0,138000,-61000,77000
2012/10/12,0,98000,-133000,-35000
2012/10/15,0,122000,-25000,97000
2012/10/16,0,93000,-57000,36000
2012/10/17,0,220000,-89000,131000
2012/10/18,0,130000,-52000,78000
2012/10/19,0,195000,-50000,145000
2012/10/22,0,59000,-25000,34000
2012/10/23,0,14000,-123000,-109000
2012/10/24,0,221000,-12000,209000
2012/10/25,0,76000,-45000,31000
2012/10/26,0,178000,-145000,33000
2012/10/29,0,123000,-106000,17000
2012/10/30,0,107000,-37000,70000
2012/10/31,0,255000,-15000,240000
2012/11/01,0,109000,-228000,-119000
2012/11/02,0,88000,-4000,84000
2012/11/05,0,134000,-49000,85000
2012/11/06,0,55000,-10000,45000
2012/11/07,0,35000,-1000,34000
2012/11/08,0,16000,-26000,-10000
2012/11/09,0,65000,-9000,56000
2012/11/12,0,13000,-14000,-1000
2012/11/13,0,63000,-34000,29000
2012/11/14,0,12000,-8000,4000
2012/11/15,0,13000,-28000,-15000
2012/11/16,0,2000,-12000,-10000
2012/11/19,0,16000,-45000,-29000
2012/11/20,0,13000,-31000,-18000
2012/11/21,0,67000,-47000,20000
2012/11/22,0,25000,-35000,-10000
2012/11/23,0,44000,0,44000
2012/11/26,0,51000,-21000,30000
2012/11/27,0,15000,-41000,-26000
2012/11/28,0,27000,-2000,25000
2012/11/29,0,82000,-23000,59000
2012/11/30,0,11000,-43000,-32000
2012/12/03,0,84000,-100000,-16000
2012/12/04,0,45000,-32000,13000
2012/12/05,0,118000,-13000,105000
2012/12/06,0,31000,-111000,-80000
2012/12/07,0,13000,-39000,-26000
2012/12/10,0,1000,-109000,-108000
2012/12/11,0,26000,-22000,4000
2012/12/12,0,26000,-6000,20000
2012/12/13,0,33000,-22000,11000
2012/12/14,0,0,-6000,-6000
2012/12/17,0,0,-10000,-10000
2012/12/18,0,8000,0,8000
2012/12/19,0,0,-105000,-105000
2012/12/20,0,0,-32000,-32000
2012/12/21,0,22000,-35000,-13000
2012/12/24,0,25000,-35000,-10000
2012/12/25,0,20000,-2000,18000
2012/12/26,0,1000,0,1000
2012/12/27,0,0,-21000,-21000
2012/12/28,0,15000,-38000,-23000
2012/12/31,0,0,0,0
2013/01/01,0,0,0,0
2013/01/02,0,1000,-43000,-42000
2013/01/03,0,1000,-11000,-10000
2013/01/04,0,49000,-17000,32000
2013/01/07,0,0,-7000,-7000
2013/01/08,0,0,-1546,-1546
2013/01/09,0,2000,-32000,-30000
2013/01/10,0,52000,-31000,21000
2013/01/11,0,81000,-1000,80000
2013/01/14,0,67000,-25000,42000
2013/01/15,0,14000,-32000,-18000
2013/01/16,0,2000,-72870,-70870
2013/01/17,0,2000,-50000,-48000
2013/01/18,0,2000,-30000,-28000
2013/01/21,0,53000,-17000,36000
2013/01/22,0,24000,-17000,7000
2013/01/23,0,0,-68000,-68000
2013/01/24,0,7000,-50000,-43000
2013/01/25,0,0,-47000,-47000
2013/01/28,0,0,-38000,-38000
2013/01/29,0,20000,-40000,-20000
2013/01/30,0,734000,-64000,670000
2013/01/31,0,25000,-293000,-268000
2013/02/01,0,54000,-204000,-150000
2013/02/04,0,162000,-130000,32000
2013/02/05,0,126000,-265000,-139000
2013/02/06,0,235000,-137000,98000
2013/02/07,0,0,0,0
2013/02/08,0,0,0,0
2013/02/11,0,0,0,0
2013/02/12,0,0,0,0
2013/02/13,0,0,0,0
2013/02/14,0,0,0,0
2013/02/15,0,0,0,0
2013/02/18,0,77000,-59000,18000
2013/02/19,0,329000,-33000,296000
2013/02/20,0,365000,-38000,327000
2013/02/21,0,98000,-133000,-35000
2013/02/22,0,503000,-281000,222000
2013/02/25,0,235000,-93000,142000
2013/02/26,0,214000,-101000,113000
2013/02/27,0,110000,-24000,86000
2013/02/28,0,0,0,0
2013/03/01,0,38000,-78000,-40000
2013/03/04,0,0,-50000,-50000
2013/03/05,0,51000,-78000,-27000
2013/03/06,0,87000,-36000,51000
2013/03/07,0,22000,-34000,-12000
2013/03/08,0,108000,-14000,94000
2013/03/11,0,107000,-127000,-20000
2013/03/12,0,45000,-42000,3000
2013/03/13,0,94000,-130000,-36000
2013/03/14,0,15000,-43000,-28000
2013/03/15,0,74000,-77000,-3000
2013/03/18,0,26000,-12000,14000
2013/03/19,0,120000,-11000,109000
2013/03/20,0,169000,-130130,38870
2013/03/21,0,66000,-183000,-117000
2013/03/22,0,436000,-139000,297000
2013/03/25,0,231000,-289000,-58000
2013/03/26,0,153000,-94000,59000
2013/03/27,0,29000,-78000,-49000
2013/03/28,0,56000,-44000,12000
2013/03/29,0,165000,-32000,133000
2013/04/01,0,970000,-231000,739000
2013/04/02,0,1170000,-40000,1130000
2013/04/03,0,429000,-118000,311000
2013/04/04,0,0,0,0
2013/04/05,0,0,0,0
2013/04/08,0,773000,-704000,69000
2013/04/09,0,339000,-167000,172000
2013/04/10,0,59000,-240000,-181000
2013/04/11,0,1258000,-161000,1097000
2013/04/12,0,118000,-1137000,-1019000
2013/04/15,0,152000,-325000,-173000
2013/04/16,0,96000,-127000,-31000
2013/04/17,0,188000,-229000,-41000
2013/04/18,0,153000,-237000,-84000
2013/04/19,0,442000,-182000,260000
2013/04/22,0,825000,-601000,224000
2013/04/23,0,255000,-640000,-385000
2013/04/24,0,310000,-210000,100000
2013/04/25,0,452000,-441000,11000
2013/04/26,0,198000,-763000,-565000
2013/04/29,0,225000,-147000,78000
2013/04/30,0,403000,-167000,236000
2013/05/01,0,0,0,0
2013/05/02,0,745000,-466000,279000
2013/05/03,0,1028000,-403000,625000
2013/05/06,0,504000,-1363000,-859000
2013/05/07,0,552000,-476000,76000
2013/05/08,0,347000,-462000,-115000
2013/05/09,0,67000,-766000,-699000
2013/05/10,0,266000,-289000,-23000
2013/05/13,0,79000,-159000,-80000
2013/05/14,0,80000,-129000,-49000
2013/05/15,0,263000,-161000,102000
2013/05/16,0,633000,-179000,454000
2013/05/17,0,248000,-154000,94000
2013/05/20,0,112000,-30000,82000
2013/05/21,0,96000,-184000,-88000
2013/05/22,0,95000,-95000,0
2013/05/23,0,112000,-183000,-71000
2013/05/24,0,41000,-177000,-136000
2013/05/27,0,38000,-19000,19000
2013/05/28,0,35000,-14000,21000
2013/05/29,0,52000,-144000,-92000
2013/05/30,0,62000,-103000,-41000
2013/05/31,0,28000,-27000,1000
2013/06/03,0,84000,-128000,-44000
2013/06/04,0,61000,-81000,-20000
2013/06/05,0,22000,-38000,-16000
2013/06/06,0,70000,-120000,-50000
2013/06/07,0,171000,-262000,-91000
2013/06/10,0,46000,-25000,21000
2013/06/11,0,56000,-36000,20000
2013/06/12,0,0,0,0
2013/06/13,0,132000,-258000,-126000
2013/06/14,0,100000,-188000,-88000
2013/06/17,0,76000,-1000,75000
2013/06/18,0,103000,-32000,71000
2013/06/19,0,18000,-47000,-29000
2013/06/20,0,102000,-41000,61000
2013/06/21,0,247000,-198000,49000
2013/06/24,0,49000,-21000,28000
2013/06/25,0,213000,-102000,111000
2013/06/26,0,99000,-2000,97000
2013/06/27,0,65000,-112000,-47000
2013/06/28,0,15000,-41000,-26000
2013/07/01,0,59000,-251000,-192000
2013/07/02,0,17000,-159000,-142000
2013/07/03,0,8000,-217000,-209000
2013/07/04,0,92000,-40000,52000
2013/07/05,0,45000,0,45000
2013/07/08,0,15000,-38000,-23000
2013/07/09,0,61000,-15000,46000
2013/07/10,0,71000,-576000,-505000
2013/07/11,0,96000,-104000,-8000
2013/07/12,0,269000,-24000,245000
2013/07/15,0,4020000,-17000,4003000
2013/07/16,0,1349000,-117000,1232000
2013/07/17,0,7000,-209000,-202000
2013/07/18,0,2190000,-28000,2162000
2013/07/19,0,19281000,-43000,19238000
2013/07/22,0,677000,-47000,630000
2013/07/23,0,20675000,-32000,20643000
2013/07/24,0,20489000,-435000,20054000
2013/07/25,0,89000,-63152000,-63063000
2013/07/26,0,1552000,-909000,643000
2013/07/29,0,95000,-3356000,-3261000
2013/07/30,0,39000,-2167000,-2128000
2013/07/31,0,1961000,-79000,1882000
2013/08/01,0,66000,-1452000,-1386000
2013/08/02,0,242000,-444000,-202000
2013/08/05,0,67000,-519000,-452000
2013/08/06,0,229000,-133000,96000
2013/08/07,0,85000,-316000,-231000
2013/08/08,0,86000,-100000,-14000
2013/08/09,0,41000,-167000,-126000
2013/08/12,0,180000,-21000,159000
2013/08/13,0,23000,-22000,1000
2013/08/14,0,31000,-45000,-14000
2013/08/15,0,92000,-70000,22000
2013/08/16,0,76000,-40000,36000
2013/08/19,0,69000,-33000,36000
2013/08/20,0,138000,-134000,4000
2013/08/21,0,0,0,0
2013/08/22,0,497000,-73000,424000
2013/08/23,0,27000,-91000,-64000
2013/08/26,0,331000,-41000,290000
2013/08/27,0,36000,-105000,-69000
2013/08/28,0,57000,-141000,-84000
2013/08/29,0,83000,-81000,2000
2013/08/30,0,46000,-325000,-279000
2013/09/02,0,30000,-31000,-1000
2013/09/03,0,75000,-32000,43000
2013/09/04,0,53000,-14000,39000
2013/09/05,0,327000,-103000,224000
2013/09/06,0,69000,-66000,3000
2013/09/09,0,58000,-83000,-25000
2013/09/10,0,220000,-97000,123000
2013/09/11,0,28000,-53000,-25000
2013/09/12,0,78000,-2000,76000
2013/09/13,0,15000,-67000,-52000
2013/09/16,0,61000,-122000,-61000
2013/09/17,0,12000,-15000,-3000
2013/09/18,0,27000,-81000,-54000
2013/09/19,0,0,0,0
2013/09/20,0,0,0,0
2013/09/23,0,85000,-40000,45000
2013/09/24,0,11000,-157000,-146000
2013/09/25,0,35000,-33000,2000
2013/09/26,0,49000,-71000,-22000
2013/09/27,0,66000,-32000,34000
2013/09/30,0,95000,-42000,53000
2013/10/01,0,32000,-64000,-32000
2013/10/02,0,124000,-33000,91000
2013/10/03,0,192000,-111000,81000
2013/10/04,0,38000,-100000,-62000
2013/10/07,0,84000,-166000,-82000
2013/10/08,0,32000,-117000,-85000
2013/10/09,0,121000,-179000,-58000
2013/10/10,0,0,0,0
2013/10/11,0,147000,-52000,95000
2013/10/14,0,68000,-38000,30000
2013/10/15,0,62000,-46000,16000
2013/10/16,0,713000,-54000,659000
2013/10/17,0,61000,-372000,-311000
2013/10/18,0,465000,-198000,267000
2013/10/21,0,1033000,-421000,612000
2013/10/22,0,104000,-412000,-308000
2013/10/23,0,33000,-131000,-98000
2013/10/24,0,207000,-141000,66000
2013/10/25,0,134000,-39000,95000
2013/10/28,0,33000,-77000,-44000
2013/10/29,0,473000,-365000,108000
2013/10/30,0,63000,-341000,-278000
2013/10/31,0,66000,-257000,-191000
2013/11/01,0,236000,-253000,-17000
2013/11/04,0,132000,-55000,77000
2013/11/05,0,76000,-64000,12000
2013/11/06,0,60000,-24000,36000
2013/11/07,0,15000,-77000,-62000
2013/11/08,0,125000,-126000,-1000
2013/11/11,0,202000,-49000,153000
2013/11/12,0,156000,-18000,138000
2013/11/13,0,160000,-47000,113000
2013/11/14,0,83000,-2000,81000
2013/11/15,0,100000,-73000,27000
2013/11/18,0,93000,-34000,59000
2013/11/19,0,4000,-13000,-9000
2013/11/20,0,54000,-12000,42000
2013/11/21,0,259000,-83000,176000
2013/11/22,0,85000,-6000,79000
2013/11/25,0,16000,-10000,6000
2013/11/26,0,89000,-2000,87000
2013/11/27,0,16000,-4000,12000
2013/11/28,0,129000,-60000,69000
2013/11/29,0,37000,-82000,-45000
2013/12/02,0,10000,-109000,-99000
2013/12/03,0,2000,0,2000
2013/12/04,0,2000,-12000,-10000
2013/12/05,0,0,-1000,-1000
2013/12/06,0,7000,-1000,6000
2013/12/09,0,44000,-15000,29000
2013/12/10,0,1000,-16000,-15000
2013/12/11,0,8000,-44000,-36000
2013/12/12,0,0,-54000,-54000
2013/12/13,0,18000,-5000,13000
2013/12/16,0,34000,-1000,33000
2013/12/17,0,0,-8000,-8000
2013/12/18,0,0,-51000,-51000
2013/12/19,0,11000,-5000,6000
2013/12/20,0,7000,-26000,-19000
2013/12/23,0,12000,0,12000
2013/12/24,0,15000,-63000,-48000
2013/12/25,0,53000,0,53000
2013/12/26,0,8000,0,8000
2013/12/27,0,62000,0,62000
2013/12/30,0,70000,-10000,60000
2013/12/31,0,434000,-1080000,-646000
2014/01/02,0,108000,-169000,-61000
2014/01/03,0,46000,-71000,-25000
2014/01/06,0,16000,-66000,-50000
2014/01/07,0,19000,-8000,11000
2014/01/08,0,64000,-166000,-102000
2014/01/09,0,0,-99000,-99000
2014/01/10,0,493000,-96000,397000
2014/01/13,0,109000,-187000,-78000
2014/01/14,0,772000,-91000,681000
2014/01/15,0,49000,-1012000,-963000
2014/01/16,0,8000,-316000,-308000
2014/01/17,0,1000,-29000,-28000
2014/01/20,0,503000,-72000,431000
2014/01/21,0,220000,-480000,-260000
2014/01/22,0,28000,-105000,-77000
2014/01/23,0,12000,-96000,-84000
2014/01/24,0,32000,-118000,-86000
2014/01/27,0,22000,-33000,-11000
2014/02/05,0,204000,-36000,168000
2014/02/06,0,92000,-8000,84000
2014/02/07,0,19000,-43000,-24000
2014/02/10,0,1000,-6000,-5000
2014/02/11,0,1000,-6000,-5000
2014/02/12,0,8000,-5000,3000
2014/02/13,0,3000,-93000,-90000
2014/02/14,0,42000,-32000,10000
2014/02/17,0,3000,-26000,-23000
2014/02/18,0,9000,-18000,-9000
2014/02/19,0,8000,-44000,-36000
2014/02/20,0,20000,-58000,-38000
2014/02/21,0,21000,-16000,5000
2014/02/24,0,19000,-2000,17000
2014/02/25,0,21000,-31000,-10000
2014/02/26,0,25000,-20000,5000
2014/02/27,0,87000,-11000,76000
2014/03/03,0,44000,-63000,-19000
2014/03/04,0,2000,-25000,-23000
2014/03/05,0,24000,-20000,4000
2014/03/06,0,25000,-73000,-48000
2014/03/07,0,677000,-34000,643000
2014/03/10,0,34000,-194000,-160000
2014/03/11,0,55000,-76000,-21000
2014/03/12,0,40000,-49000,-9000
2014/03/13,0,89000,-97000,-8000
2014/03/14,0,233000,-62000,171000
2014/03/17,0,20000,-46000,-26000
2014/03/18,0,55000,-76000,-21000
2014/03/19,0,1526000,-75000,1451000
2014/03/20,0,37000,-1027000,-990000
2014/03/21,0,103000,-406000,-303000
2014/03/24,0,48000,-1000,47000
2014/03/25,0,201000,-12000,189000
2014/03/26,0,103000,-160000,-57000
2014/03/27,0,115000,-59000,56000
2014/03/28,0,111000,-156000,-45000
2014/03/31,0,61000,-45000,16000
2014/04/01,0,75000,-115000,-40000
2014/04/02,0,26000,-55000,-29000
2014/04/03,0,35000,-30000,5000
2014/04/07,0,185000,0,185000
2014/04/08,0,0,-40000,-40000
2014/04/09,0,0,-42000,-42000
2014/04/10,0,0,-53000,-53000
2014/04/11,0,42000,0,42000
2014/04/14,0,0,-36000,-36000
2014/04/15,0,2000,-173000,-171000
2014/04/16,0,55000,-81000,-26000
2014/04/17,0,14000,-41000,-27000
2014/04/18,0,44000,-27000,17000
2014/04/21,0,5000,-17000,-12000
2014/04/22,0,20000,-13000,7000
2014/04/23,0,0,-13000,-13000
2014/04/24,0,42000,-31000,11000
2014/04/25,0,38000,-281000,-243000
2014/04/28,0,31000,-14000,17000
2014/04/29,0,574000,-8000,566000
2014/04/30,0,659000,-475000,184000
2014/05/02,0,2508000,-1179000,1329000
2014/05/05,0,263000,-794000,-531000
2014/05/06,0,0,-367000,-367000
2014/05/07,0,871000,-418000,453000
2014/05/08,0,142000,-446794,-304794
2014/05/09,0,19000,-531510,-512510
2014/05/12,0,47000,-106000,-59000
2014/05/13,0,185000,-2000,183000
2014/05/14,0,338000,-210000,128000
2014/05/15,0,101000,-53000,48000
2014/05/16,0,96000,-76000,20000
2014/05/19,0,234000,-33000,201000
2014/05/20,0,173000,-305000,-132000
2014/05/21,0,188000,-112000,76000
2014/05/22,0,432000,-203000,229000
2014/05/23,0,98000,-116000,-18000
2014/05/26,0,1194000,-321000,873000
2014/05/27,0,21000,-503000,-482000
2014/05/28,0,530000,-113000,417000
2014/05/29,0,239000,-177000,62000
2014/05/30,0,20000,-659000,-639000
2014/06/03,0,53000,-99000,-46000
2014/06/04,0,49000,-124000,-75000
2014/06/05,0,135000,-686370,-551370
2014/06/06,0,0,-570000,-570000
2014/06/09,0,213000,-81000,132000
2014/06/10,0,222000,-123000,99000
2014/06/11,0,12000,-1216000,-1204000
2014/06/12,0,27000,-58000,-31000
2014/06/13,0,16169,-554000,-537831
2014/06/16,0,32000,-299000,-267000
2014/06/17,0,50000,-22000,28000
2014/06/18,0,296000,-552000,-256000
2014/06/19,0,93000,-595000,-502000
2014/06/20,0,80000,-515000,-435000
2014/06/23,0,231000,-174000,57000
2014/06/24,0,95000,-52000,43000
2014/06/25,0,19000,-243000,-224000
2014/06/26,0,266000,-360000,-94000
2014/06/27,0,0,-108000,-108000
2014/06/30,0,109000,-38000,71000
2014/07/01,0,204000,-98000,106000
2014/07/02,0,139000,-46000,93000
2014/07/03,0,0,-112000,-112000
2014/07/04,0,222000,-37000,185000
2014/07/07,0,269000,-42000,227000
2014/07/08,0,746000,-202000,544000
2014/07/09,0,70000,-73000,-3000
2014/07/10,0,798000,-352000,446000
2014/07/11,0,123000,-393000,-270000
2014/07/14,0,463000,-67000,396000
2014/07/15,0,161000,-38000,123000
2014/07/16,0,711000,-287000,424000
2014/07/17,0,880000,-142000,738000
2014/07/18,0,869000,-44000,825000
2014/07/21,0,337000,-36000,301000
2014/07/22,0,2081000,-340000,1741000
2014/07/23,0,0,0,0
2014/07/24,0,358000,-319000,39000
2014/07/25,0,93000,-708000,-615000
2014/07/28,0,4365000,-139000,4226000
2014/07/29,0,507000,-273000,234000
2014/07/30,0,1291000,-228000,1063000
2014/07/31,0,253000,-876000,-623000
2014/08/01,0,13604000,-252000,13352000
2014/08/04,0,9792000,-816000,8976000
2014/08/05,0,15439000,-1620000,13819000
2014/08/06,0,14794000,-553000,14241000
2014/08/07,0,37000,-55225000,-55188000
2014/08/08,0,84000,-1062000,-978000
2014/08/11,0,458000,-170000,288000
2014/08/12,0,30000,-291000,-261000
2014/08/13,0,41000,-142000,-101000
2014/08/14,0,158000,-205000,-47000
2014/08/15,0,247000,-21000,226000
2014/08/18,0,49000,-349000,-300000
2014/08/19,0,64000,-231000,-167000
2014/08/20,0,764000,-284000,480000
2014/08/21,0,257000,-223000,34000
2014/08/22,0,795000,-222000,573000
2014/08/25,0,504000,-223000,281000
2014/08/26,0,313000,-251000,62000
2014/08/27,0,165000,-285000,-120000
2014/08/28,0,0,-113000,-113000
2014/08/29,0,157000,-477000,-320000
2014/09/01,0,6000,-98000,-92000
2014/09/02,0,22000,-254000,-232000
2014/09/03,0,51000,-139000,-88000
2014/09/04,0,63000,-289000,-226000
2014/09/05,0,292000,-1041000,-749000
2014/09/09,0,136000,-366000,-230000
2014/09/10,0,57000,-298000,-241000
2014/09/11,0,44000,-603000,-559000
2014/09/12,0,116000,-521000,-405000
2014/09/15,0,20000,-388000,-368000
2014/09/16,0,93000,-374000,-281000
2014/09/17,0,178000,-576000,-398000
2014/09/18,0,49000,-287000,-238000
2014/09/19,0,451000,-813000,-362000
2014/09/22,0,109000,-404000,-295000
2014/09/23,0,291000,-117000,174000
2014/09/24,0,165000,-82451,82549
2014/09/25,0,96000,-334000,-238000
2014/09/26,0,151000,-28000,123000
2014/09/29,0,35000,-51000,-16000
2014/09/30,0,77000,-97000,-20000
2014/10/01,0,12000,-5000,7000
2014/10/02,0,38000,-13000,25000
2014/10/03,0,48000,-96000,-48000
2014/10/06,0,63000,0,63000
2014/10/07,0,47000,-52000,-5000
2014/10/08,0,15000,-112000,-97000
2014/10/09,0,68000,-174000,-106000
2014/10/13,0,174000,-254000,-80000
2014/10/14,0,108000,-45000,63000
2014/10/15,0,121000,-222000,-101000
2014/10/16,0,204000,-94000,110000
2014/10/17,0,99000,-476000,-377000
2014/10/20,0,38000,-151310,-113310
2014/10/21,0,65000,-1000,64000
2014/10/22,0,65000,-28000,37000
2014/10/23,0,89000,-19820,69180
2014/10/24,0,165000,-36000,129000
2014/10/27,0,60000,-43000,17000
2014/10/28,0,75000,-53000,22000
2014/10/29,0,157000,-58000,99000
2014/10/30,0,65000,0,65000
2014/10/31,0,28000,-77000,-49000
2014/11/03,0,69000,-77000,-8000
2014/11/04,0,46000,-76000,-30000
2014/11/05,0,137000,-166000,-29000
2014/11/06,0,45000,-94000,-49000
2014/11/07,0,77000,-11000,66000
2014/11/10,0,21000,-49000,-28000
2014/11/11,0,13000,-75000,-62000
2014/11/12,0,88000,-77000,11000
2014/11/13,0,50000,-3000,47000
2014/11/14,0,29000,-28000,1000
2014/11/17,0,106000,-25000,81000
2014/11/18,0,89000,-137000,-48000
2014/11/19,0,20000,-90000,-70000
2014/11/20,0,55000,-25000,30000
2014/11/21,0,17000,-25000,-8000
2014/11/24,0,17000,-10000,7000
2014/11/25,0,69000,-62000,7000
2014/11/26,0,150000,-6000,144000
2014/11/27,0,92000,-34000,58000
2014/11/28,0,10000,-46000,-36000
2014/12/01,0,130000,-22000,108000
2014/12/02,0,30000,-7000,23000
2014/12/03,0,100000,-45035,54965
2014/12/04,0,55000,-127000,-72000
2014/12/05,0,43000,-68000,-25000
2014/12/08,0,30000,-9000,21000
2014/12/09,0,17000,-101000,-84000
2014/12/10,0,20000,-46000,-26000
2014/12/11,0,7000,-30000,-23000
2014/12/12,0,17000,-2000,15000
2014/12/15,0,11000,-14000,-3000
2014/12/16,0,32000,-3000,29000
2014/12/17,0,52000,-124000,-72000
2014/12/18,0,29000,-3000,26000
2014/12/19,0,24000,-45000,-21000
2014/12/22,0,0,-1000,-1000
2014/12/23,0,1000,-12000,-11000
2014/12/24,0,19000,-5000,14000
2014/12/25,0,264000,-85000,179000
2014/12/26,0,121000,-83000,38000
2014/12/29,0,378000,-281000,97000
2014/12/30,0,12000,-465000,-453000
2014/12/31,0,44000,-249000,-205000
2015/01/01,0,0,0,0
2015/01/02,0,0,0,0
2015/01/05,0,440000,-5000,435000
2015/01/06,0,302000,-74000,228000
2015/01/07,0,7000,0,7000
2015/01/08,0,389000,-25000,364000
2015/01/09,0,65000,-195000,-130000
2015/01/12,0,3000,-125000,-122000
2015/01/13,0,691000,-25000,666000
2015/01/14,0,361000,-537000,-176000
2015/01/15,0,75000,-228000,-153000
2015/01/16,0,82000,-138116,-56116
2015/01/19,0,13000,-133000,-120000
2015/01/20,0,0,-40000,-40000
2015/01/21,0,64000,-390000,-326000
2015/01/22,0,109000,-128000,-19000
2015/01/23,0,262000,-182000,80000
2015/01/26,0,701000,-224000,477000
2015/01/27,0,182000,-193000,-11000
2015/01/28,0,89000,-238000,-149000
2015/01/29,0,65000,-191000,-126000
2015/01/30,0,159000,-199000,-40000
2015/02/02,0,639000,-735000,-96000
2015/02/03,0,170000,-450000,-280000
2015/02/04,0,187000,-177000,10000
2015/02/05,0,6000,-135000,-129000
2015/02/06,0,6000,-247000,-241000
2015/02/09,0,3000,-6000,-3000
2015/02/10,0,22000,-185000,-163000
2015/02/11,0,192000,-153000,39000
2015/02/12,0,53000,-266000,-213000
2015/02/13,0,313000,-112000,201000
2015/02/16,0,0,0,0
2015/02/17,0,0,0,0
2015/02/18,0,0,0,0
2015/02/19,0,0,0,0
2015/02/20,0,0,0,0
2015/02/23,0,0,0,0
2015/02/24,0,178000,-250000,-72000
2015/02/25,0,268000,-173116,94884
2015/02/26,0,155000,-263000,-108000
2015/02/27,0,0,0,0
2015/03/02,0,65000,-6000,59000
2015/03/03,0,355000,0,355000
2015/03/04,0,397000,-123000,274000
2015/03/05,0,278000,-217000,61000
2015/03/06,0,360000,-140000,220000
2015/03/09,0,275000,-22000,253000
2015/03/10,0,265000,-28782,236218
2015/03/11,0,504000,-662000,-158000
2015/03/12,0,312000,-33000,279000
2015/03/13,0,291000,-12000,279000
2015/03/16,0,508000,-88000,420000
2015/03/17,0,103000,-47000,56000
2015/03/18,0,203000,-157000,46000
2015/03/19,0,265000,-61000,204000
2015/03/20,0,159000,-50000,109000
2015/03/23,0,57000,-14000,43000
2015/03/24,0,332000,-136000,196000
2015/03/25,0,519000,-213000,306000
2015/03/26,0,269000,-207000,62000
2015/03/27,0,356000,-245000,111000
2015/03/30,0,560000,-199000,361000
2015/03/31,0,244000,-212000,32000
2015/04/01,0,240000,-179000,61000
2015/04/02,0,93000,-52000,41000
2015/04/03,0,0,0,0
2015/04/06,0,0,0,0
2015/04/07,0,37000,-25000,12000
2015/04/08,0,98000,-79000,19000
2015/04/09,0,49000,-20000,29000
2015/04/10,0,71000,-25000,46000
2015/04/13,0,197000,-10000,187000
2015/04/14,0,189000,-231232,-42232
2015/04/15,0,140000,-32000,108000
2015/04/16,0,47000,-21000,26000
2015/04/17,0,188000,-24000,164000
2015/04/20,0,135000,-511000,-376000
2015/04/21,0,139000,-62000,77000
2015/04/22,0,194000,-63000,131000
2015/04/23,0,52000,-44000,8000
2015/04/24,0,250000,-59000,191000
2015/04/27,0,94000,-35000,59000
2015/04/28,0,44000,-7000,37000
2015/04/29,0,144000,0,144000
2015/04/30,0,119000,-52000,67000
2015/05/01,0,0,0,0
2015/05/04,0,67000,-13000,54000
2015/05/05,0,72000,0,72000
2015/05/06,0,45000,-49000,-4000
2015/05/07,0,27000,-2000,25000
2015/05/08,0,32000,-1000,31000
2015/05/11,0,86000,0,86000
2015/05/12,0,162000,-7000,155000
2015/05/13,0,68000,-28000,40000
2015/05/14,0,73000,-4000,69000
2015/05/15,0,75000,-47000,28000
2015/05/18,0,32000,-18000,14000
2015/05/19,0,66000,-5000,61000
2015/05/20,0,121000,-162000,-41000
2015/05/21,0,86000,-102000,-16000
2015/05/22,0,49000,-7000,42000
2015/05/25,0,38000,-1000,37000
2015/05/26,0,30000,-10000,20000
2015/05/27,0,30000,-3000,27000
2015/05/28,0,83000,0,83000
2015/05/29,0,96000,0,96000
2015/06/01,0,44000,0,44000
2015/06/02,0,66000,0,66000
2015/06/03,0,194000,0,194000
2015/06/04,0,168000,-116000,52000
2015/06/05,0,79000,-27000,52000
2015/06/08,0,50000,-43000,7000
2015/06/09,0,120000,-56000,64000
2015/06/10,0,75000,0,75000
2015/06/11,0,123000,-40000,83000
2015/06/12,0,61000,-2000,59000
2015/06/15,0,57000,0,57000
2015/06/16,0,68000,-815000,-747000
2015/06/17,0,298000,-40000,258000
2015/06/18,0,102000,-26000,76000
2015/06/19,0,0,0,0
2015/06/22,0,46000,0,46000
2015/06/23,0,47000,0,47000
2015/06/24,0,33000,-2000,31000
2015/06/25,0,320000,-57000,263000
2015/06/26,0,27000,-100000,-73000
2015/06/29,0,12000,-14000,-2000
2015/06/30,0,226000,-124000,102000
2015/07/01,0,286000,-7000,279000
2015/07/02,0,26000,-4000,22000
2015/07/03,0,40000,-9000,31000
2015/07/06,0,31000,-9000,22000
2015/07/07,0,32000,-140000,-108000
2015/07/08,0,203000,-6000,197000
2015/07/09,0,251000,-9000,242000
2015/07/10,0,0,0,0
2015/07/13,0,376000,-16000,360000
2015/07/14,0,336000,-257000,79000
2015/07/15,0,395000,-173000,222000
2015/07/16,0,332000,-7000,325000
2015/07/17,0,343000,0,343000
2015/07/20,0,290000,-1000,289000
2015/07/21,0,68000,0,68000
2015/07/22,0,163000,-1000,162000
2015/07/23,0,156000,-29000,127000
2015/07/24,0,172000,0,172000
2015/07/27,0,409000,0,409000
2015/07/28,0,342000,-35000,307000
2015/07/29,0,85000,-133000,-48000
2015/07/30,0,120000,-359000,-239000
2015/07/31,0,86000,-920000,-834000
2015/08/03,0,649000,-95000,554000
2015/08/04,0,371000,-9000,362000
2015/08/05,0,1107000,-43000,1064000
2015/08/06,0,405000,-195000,210000
2015/08/07,0,149000,-23000,126000
2015/08/10,0,60000,-86000,-26000
2015/08/11,0,73000,-179000,-106000
2015/08/12,0,150000,-8000,142000
2015/08/13,0,3000,-2000,1000
2015/08/14,0,166000,-118000,48000
2015/08/17,0,192000,-86000,106000
2015/08/18,0,132000,-50000,82000
2015/08/19,0,217000,-1204000,-987000
2015/08/20,0,82000,-105000,-23000
2015/08/21,0,190000,-60000,130000
2015/08/24,0,492000,-51000,441000
2015/08/25,0,256000,-24000,232000
2015/08/26,0,58000,-17000,41000
2015/08/27,0,71000,-40000,31000
2015/08/28,0,39000,-39000,0
2015/08/31,0,25000,-5000,20000
2015/09/01,0,32000,0,32000
2015/09/02,0,1000,0,1000
2015/09/03,0,64000,-8000,56000
2015/09/04,0,0,-27000,-27000
2015/09/07,0,2000,0,2000
2015/09/08,0,0,-42000,-42000
2015/09/09,0,4000,-115000,-111000
2015/09/10,0,4000,-128000,-124000
2015/09/11,0,0,-198000,-198000
2015/09/14,0,30000,-240000,-210000
2015/09/15,0,32000,0,32000
2015/09/16,0,14000,-78000,-64000
2015/09/17,0,2000,-138000,-136000
2015/09/18,0,0,0,0
2015/09/21,0,0,-16000,-16000
2015/09/22,0,0,0,0
2015/09/23,0,87000,-12000,75000
2015/09/24,0,303000,-19000,284000
2015/09/25,0,59000,0,59000
2015/09/28,0,0,0,0
2015/09/29,0,0,0,0
2015/09/30,0,153000,0,153000
2015/10/01,0,18000,-30000,-12000
2015/10/02,0,11000,0,11000
2015/10/05,0,0,-42000,-42000
2015/10/06,0,0,0,0
2015/10/07,0,11000,-2000,9000
2015/10/08,0,11000,0,11000
2015/10/09,0,0,0,0
2015/10/12,0,0,0,0
2015/10/13,0,0,-44000,-44000
2015/10/14,0,0,-31000,-31000
2015/10/15,0,2000,-65000,-63000
2015/10/16,0,99000,-128000,-29000
2015/10/19,0,0,-84000,-84000
2015/10/20,0,0,-136000,-136000
2015/10/21,0,26000,0,26000
2015/10/22,0,0,-44000,-44000
2015/10/23,0,0,-27000,-27000
2015/10/26,0,0,0,0
2015/10/27,0,0,-18000,-18000
2015/10/28,0,32000,-10000,22000
2015/10/29,0,43000,0,43000
2015/10/30,0,34000,0,34000
2015/11/02,0,39000,0,39000
2015/11/03,0,0,-6000,-6000
2015/11/04,0,100000,0,100000
2015/11/05,0,30000,-42000,-12000
2015/11/06,0,0,-18000,-18000
2015/11/09,0,10000,-5000,5000
2015/11/10,0,32000,-30000,2000
2015/11/11,0,96000,-26000,70000
2015/11/12,0,96000,-23000,73000
2015/11/13,0,111000,-13000,98000
2015/11/16,0,104000,-51000,53000
2015/11/17,0,7000,-21000,-14000
2015/11/18,0,25000,-4000,21000
2015/11/19,0,37000,-28000,9000
2015/11/20,0,0,-10000,-10000
2015/11/23,0,0,0,0
2015/11/24,0,0,-80000,-80000
2015/11/25,0,0,-1000,-1000
2015/11/26,0,2000,-10000,-8000
2015/11/27,0,0,0,0
2015/11/30,0,288000,-15000,273000
2015/12/01,0,65000,-142000,-77000
2015/12/02,0,47000,-1000,46000
2015/12/03,0,41000,0,41000
2015/12/04,0,77000,-11000,66000
2015/12/07,0,77000,-11000,66000
2015/12/08,0,55000,0,55000
2015/12/09,0,155000,-11000,144000
2015/12/10,0,70000,-9000,61000
2015/12/11,0,11000,-23000,-12000
2015/12/14,0,70000,-1000,69000
2015/12/15,0,67000,0,67000
2015/12/16,0,35000,0,35000
2015/12/17,0,5000,0,5000
2015/12/18,0,0,-52000,-52000
2015/12/21,0,3000,-88000,-85000
2015/12/22,0,5000,0,5000
2015/12/23,0,5000,-16000,-11000
2015/12/24,0,5000,0,5000
2015/12/25,0,5000,0,5000
2015/12/28,0,5000,0,5000
2015/12/29,0,7000,-75000,-68000
2015/12/30,0,5000,0,5000
2015/12/31,0,65000,0,65000
2016/01/01,0,0,0,0
2016/01/04,0,68000,-9000,59000
2016/01/05,0,74000,-2000,72000
2016/01/06,0,124000,0,124000
2016/01/07,0,169000,0,169000
2016/01/08,0,129000,0,129000
2016/01/11,0,162000,-2000,160000
2016/01/12,0,33000,-16000,17000
2016/01/13,0,60000,0,60000
2016/01/14,0,127000,-5000,122000
2016/01/15,0,202000,-200000,2000
2016/01/18,0,84000,-5000,79000
2016/01/19,0,25000,-27000,-2000
2016/01/20,0,38000,-7000,31000
2016/01/21,0,82000,-1000,81000
2016/01/22,0,106000,-1000,105000
2016/01/25,0,20000,-26000,-6000
2016/01/26,0,24000,-9000,15000
2016/01/27,0,70000,-1000,69000
2016/01/28,0,5000,-15000,-10000
2016/01/29,0,0,-11000,-11000
2016/02/01,0,12000,-24000,-12000
2016/02/02,0,86000,-110000,-24000
2016/02/03,0,0,-66000,-66000
2016/02/04,0,0,0,0
2016/02/05,0,0,0,0
2016/02/08,0,0,0,0
2016/02/09,0,0,0,0
2016/02/10,0,0,0,0
2016/02/11,0,0,0,0
2016/02/12,0,0,0,0
2016/02/15,0,19000,0,19000
2016/02/16,0,112000,-23000,89000
2016/02/17,0,42000,-90000,-48000
2016/02/18,0,0,-111000,-111000
2016/02/19,0,0,-34000,-34000
2016/02/22,0,0,-45000,-45000
2016/02/23,0,0,-67000,-67000
2016/02/24,0,0,-38000,-38000
2016/02/25,0,55000,-36000,19000
2016/02/26,0,5000,-92000,-87000
2016/02/29,0,0,0,0
2016/03/01,0,70000,-22000,48000
2016/03/02,0,28000,-47000,-19000
2016/03/03,0,0,-31000,-31000
2016/03/04,0,20000,-28000,-8000
2016/03/07,0,0,-80000,-80000
2016/03/08,0,309000,-52000,257000
2016/03/09,0,4000,-22000,-18000
2016/03/10,0,50000,-11000,39000
2016/03/11,0,106000,-56000,50000
2016/03/14,0,0,0,0
2016/03/15,0,119000,0,119000
2016/03/16,0,122000,-71000,51000
2016/03/17,0,175000,-78000,97000
2016/03/18,0,205000,-12000,193000
2016/03/21,0,0,-32000,-32000
2016/03/22,0,6000,-43000,-37000
2016/03/23,0,0,-38000,-38000
2016/03/24,0,0,0,0
2016/03/25,0,4000,-12000,-8000
2016/03/28,0,39000,-10000,29000
2016/03/29,0,69000,0,69000
2016/03/30,0,5000,0,5000
2016/03/31,0,21000,-35000,-14000
2016/04/01,0,33000,-22000,11000
2016/04/04,0,0,0,0
2016/04/05,0,0,0,0
2016/04/06,0,35000,-21000,14000
2016/04/07,0,50000,-159000,-109000
2016/04/08,0,466000,-30000,436000
2016/04/11,0,325000,-76000,249000
2016/04/12,0,300000,-156000,144000
2016/04/13,0,591000,-155000,436000
2016/04/14,0,0,-36000,-36000
2016/04/15,0,434000,0,434000
2016/04/18,0,145000,0,145000
2016/04/19,0,317000,-23000,294000
2016/04/20,0,387000,-31000,356000
2016/04/21,0,55000,0,55000
2016/04/22,0,249000,-106000,143000
2016/04/25,0,144000,-20000,124000
2016/04/26,0,1000,-3000,-2000
2016/04/27,0,299000,-474000,-175000
2016/04/28,0,182000,-73000,109000
2016/04/29,0,256000,-89000,167000
2016/05/02,0,0,0,0
2016/05/03,0,277000,-86000,191000
2016/05/04,0,455000,-103000,352000
2016/05/05,0,373000,-100000,273000
2016/05/06,0,382000,-12000,370000
2016/05/09,0,237000,0,237000
2016/05/10,0,366000,0,366000
2016/05/11,0,328000,0,328000
2016/05/12,0,226000,-15000,211000
2016/05/13,0,458000,-18000,440000
2016/05/16,0,198000,0,198000
2016/05/17,0,188000,0,188000
2016/05/18,0,314000,-113000,201000
2016/05/19,0,207000,-22000,185000
2016/05/20,0,178000,-2000,176000
2016/05/23,0,168000,-19000,149000
2016/05/24,0,144000,-35000,109000
2016/05/25,0,188000,-19000,169000
2016/05/26,0,149000,-6000,143000
2016/05/27,0,141000,-24000,117000
2016/05/30,0,142000,-56000,86000
2016/05/31,0,177000,-66000,111000
2016/06/01,0,145000,-77000,68000
2016/06/02,0,164000,-119000,45000
2016/06/03,0,163000,-474000,-311000
2016/06/06,0,362000,-161000,201000
2016/06/07,0,285000,-708000,-423000
2016/06/08,0,164000,-174000,-10000
2016/06/09,0,0,0,0
2016/06/10,0,0,0,0
2016/06/13,0,482000,-107000,375000
2016/06/14,0,243000,-554000,-311000
2016/06/15,0,348000,-165000,183000
2016/06/16,0,363000,-136000,227000
2016/06/17,0,506000,-7000,499000
2016/06/20,0,1220000,-158000,1062000
2016/06/21,0,1622000,-47000,1575000
2016/06/22,0,1016000,-29000,987000
2016/06/23,0,1153000,-278000,875000
2016/06/24,0,365000,-353000,12000
2016/06/27,0,10000,-120000,-110000
2016/06/28,0,374000,-68000,306000
2016/06/29,0,20000,-68000,-48000
2016/06/30,0,170000,-425000,-255000
2016/07/01,0,728000,-102000,626000
2016/07/04,0,534000,-223000,311000
2016/07/05,0,556000,-89000,467000
2016/07/06,0,632000,-219000,413000
2016/07/07,0,720000,-92000,628000
2016/07/08,0,0,0,0
2016/07/11,0,1751000,-833000,918000
2016/07/12,0,964000,-819000,145000
2016/07/13,0,348000,-635000,-287000
2016/07/14,0,721000,-581000,140000
2016/07/15,0,715000,-989000,-274000
2016/07/18,0,583000,-773000,-190000
2016/07/19,0,742000,-475000,267000
2016/07/20,0,1187000,-759000,428000
2016/07/21,0,882000,-974000,-92000
2016/07/22,0,391000,-956000,-565000
2016/07/25,0,478000,-468000,10000
2016/07/26,0,369000,-504000,-135000
2016/07/27,0,369000,-139000,230000
2016/07/28,0,748000,-260000,488000
2016/07/29,0,1085000,-30000,1055000
2016/08/01,0,7000,-1892000,-1885000
2016/08/02,0,327000,-1502000,-1175000
2016/08/03,0,425000,-947000,-522000
2016/08/04,0,126000,-758000,-632000
2016/08/05,0,3000,-253000,-250000
2016/08/08,0,11000,-477000,-466000
2016/08/09,0,1000,-250000,-249000
2016/08/10,0,10000,-1906000,-1896000
2016/08/11,0,205000,-1360000,-1155000
2016/08/12,0,78000,-1068000,-990000
2016/08/15,0,120000,-169000,-49000
2016/08/16,0,84000,-1345000,-1261000
2016/08/17,0,288000,-892000,-604000
2016/08/18,0,0,-1511000,-1511000
2016/08/19,0,90000,-725000,-635000
2016/08/22,0,180000,-209000,-29000
2016/08/23,0,0,-125000,-125000
2016/08/24,0,0,-377000,-377000
2016/08/25,0,38000,-393000,-355000
2016/08/26,0,119000,-414000,-295000
2016/08/29,0,37000,-128000,-91000
2016/08/30,0,98000,-502000,-404000
2016/08/31,0,175000,-2107000,-1932000
2016/09/01,0,20000,-31000,-11000
2016/09/02,0,11000,-133000,-122000
2016/09/05,0,269000,-1859000,-1590000
2016/09/06,0,221000,-480000,-259000
2016/09/07,0,48000,-133000,-85000
2016/09/08,0,40000,-116000,-76000
2016/09/09,0,108000,-308000,-200000
2016/09/12,0,36000,-172000,-136000
2016/09/13,0,256000,-398000,-142000
2016/09/14,0,122000,-279000,-157000
2016/09/15,0,0,0,0
2016/09/16,0,0,0,0
2016/09/19,0,389000,-176000,213000
2016/09/20,0,55000,-37000,18000
2016/09/21,0,754000,-366356,387644
2016/09/22,0,0,-118435,-118435
2016/09/23,0,20000,-169000,-149000
2016/09/26,0,0,-10000,-10000
2016/09/27,0,0,0,0
2016/09/28,0,0,0,0
2016/09/29,0,0,-275000,-275000
2016/09/30,0,154000,-977000,-823000
2016/10/03,0,0,-31000,-31000
2016/10/04,0,9000,-31000,-22000
2016/10/05,0,45000,-18000,27000
2016/10/06,0,56000,-12180,43820
2016/10/07,0,74000,0,74000
2016/10/10,0,0,0,0
2016/10/11,0,93000,-9000,84000
2016/10/12,0,61000,-11000,50000
2016/10/13,0,188000,-55000,133000
2016/10/14,0,95000,0,95000
2016/10/17,0,37000,-12000,25000
2016/10/18,0,72000,-28000,44000
2016/10/19,0,454000,-311000,143000
2016/10/20,0,62000,-72000,-10000
2016/10/21,0,93000,-90000,3000
2016/10/24,0,90000,-22000,68000
2016/10/25,0,124000,-61000,63000
2016/10/26,0,188000,-35000,153000
2016/10/27,0,43000,-2000,41000
2016/10/28,0,25000,-8000,17000
2016/10/31,0,87000,-27000,60000
2016/11/01,0,41000,-8000,33000
2016/11/02,0,207000,-296000,-89000
2016/11/03,0,93000,-56000,37000
2016/11/04,0,131000,-130000,1000
2016/11/07,0,260000,-754000,-494000
2016/11/08,0,492000,-797000,-305000
2016/11/09,0,587000,-385000,202000
2016/11/10,0,253000,-592000,-339000
2016/11/11,0,481000,-345000,136000
2016/11/14,0,226000,-133000,93000
2016/11/15,0,183000,-259000,-76000
2016/11/16,0,917000,-1083000,-166000
2016/11/17,0,191000,-341000,-150000
2016/11/18,0,43000,-8000,35000
2016/11/21,0,292000,-45000,247000
2016/11/22,0,583000,-967000,-384000
2016/11/23,0,189000,-876000,-687000
2016/11/24,0,120000,-763000,-643000
2016/11/25,0,173000,-420000,-247000
2016/11/28,0,752000,-2087040,-1335040
2016/11/29,0,212000,-851000,-639000
2016/11/30,0,115000,-1978000,-1863000
2016/12/01,0,1283000,-1917000,-634000
2016/12/02,0,262000,-641000,-379000
2016/12/05,0,565000,-533000,32000
2016/12/06,0,324000,-449000,-125000
2016/12/07,0,188000,-705000,-517000
2016/12/08,0,216000,-986000,-770000
2016/12/09,0,250000,-663000,-413000
2016/12/12,0,36000,-141000,-105000
2016/12/13,0,383000,-861000,-478000
2016/12/14,0,62000,-596000,-534000
2016/12/15,0,262000,-607000,-345000
2016/12/16,0,86000,-780000,-694000
2016/12/19,0,81000,-277000,-196000
2016/12/20,0,77000,-623000,-546000
2016/12/21,0,1077000,-1899000,-822000
2016/12/22,0,134000,-666000,-532000
2016/12/23,0,163000,-720000,-557000
2016/12/26,0,90000,-90000,0
2016/12/27,0,387000,-123000,264000
2016/12/28,0,972000,-203106,768894
2016/12/29,0,333000,-58000,275000
2016/12/30,0,214000,-173000,41000
2017/01/02,0,0,0,0
2017/01/03,0,71000,-557000,-486000
2017/01/04,0,56865,-370000,-313135
2017/01/05,0,10000,-28000,-18000
2017/01/06,0,10000,-80000,-70000
2017/01/09,0,85000,-39000,46000
2017/01/10,0,130000,-134000,-4000
2017/01/11,0,94000,-85000,9000
2017/01/12,0,169000,-216000,-47000
2017/01/13,0,98000,-93000,5000
2017/01/16,0,60000,-36000,24000
2017/01/17,0,11000,-43000,-32000
2017/01/18,0,330000,-275000,55000
2017/01/19,0,35000,-70000,-35000
2017/01/20,0,22000,-9000,13000
2017/01/23,0,17000,-21000,-4000
2017/01/24,0,100000,-85000,15000
2017/01/25,0,0,0,0
2017/01/26,0,0,0,0
2017/01/27,0,0,0,0
2017/01/30,0,0,0,0
2017/01/31,0,0,0,0
2017/02/01,0,0,0,0
2017/02/02,0,35000,-20000,15000
2017/02/03,0,21000,-79000,-58000
2017/02/06,0,613000,-508000,105000
2017/02/07,0,185000,-359309,-174309
2017/02/08,0,328000,-246000,82000
2017/02/09,0,160000,-148000,12000
2017/02/10,0,120000,-163000,-43000
2017/02/13,0,10000,-117000,-107000
2017/02/14,0,961000,-253000,708000
2017/02/15,0,190000,-871000,-681000
2017/02/16,0,18000,-542000,-524000
2017/02/17,0,98000,-257000,-159000
2017/02/20,0,0,-45000,-45000
2017/02/21,0,57000,-196000,-139000
2017/02/22,0,26000,-81000,-55000
2017/02/23,0,14000,-73000,-59000
2017/02/24,0,52000,-7000,45000
2017/02/27,0,0,0,0
2017/02/28,0,0,0,0
2017/03/01,0,5000,-61000,-56000
2017/03/02,0,23000,-326000,-303000
2017/03/03,0,21000,-36000,-15000
2017/03/06,0,13000,-30000,-17000
2017/03/07,0,81000,-22000,59000
2017/03/08,0,30000,-328000,-298000
2017/03/09,0,182000,-92000,90000
2017/03/10,0,67000,-30000,37000
2017/03/13,0,100000,-352000,-252000
2017/03/14,0,100000,-371000,-271000
2017/03/15,0,191000,-330000,-139000
2017/03/16,0,428000,-170000,258000
2017/03/17,0,69000,-512000,-443000
2017/03/20,0,3000,-73000,-70000
2017/03/21,0,109000,-181000,-72000
2017/03/22,0,12000,-185000,-173000
2017/03/23,0,6000,-143000,-137000
2017/03/24,0,50000,-19000,31000
2017/03/27,0,6000,-131000,-125000
2017/03/28,0,166000,-83000,83000
2017/03/29,0,97000,-36000,61000
2017/03/30,0,203000,-83000,120000
2017/03/31,0,5000,-47000,-42000
2017/04/03,0,0,0,0
2017/04/04,0,0,0,0
2017/04/05,0,93000,-185000,-92000
2017/04/06,0,64000,-125000,-61000
2017/04/07,0,19000,-83000,-64000
2017/04/10,0,34000,-96000,-62000
2017/04/11,0,350000,-62000,288000
2017/04/12,0,36000,-359000,-323000
2017/04/13,0,305000,-94000,211000
2017/04/14,0,104000,-141000,-37000
2017/04/17,0,156000,-47000,109000
2017/04/18,0,59000,-96000,-37000
2017/04/19,0,84000,-237000,-153000
2017/04/20,0,81000,-5000,76000
2017/04/21,0,118000,-16970,101030
2017/04/24,0,380000,-52000,328000
2017/04/25,0,59000,-135000,-76000
2017/04/26,0,192000,-364000,-172000
2017/04/27,0,113000,-163000,-50000
2017/04/28,0,197000,-39000,158000
2017/05/01,0,0,0,0
2017/05/02,0,108000,-300000,-192000
2017/05/03,0,11000,-60000,-49000
2017/05/04,0,1194000,-1038000,156000
2017/05/05,0,145000,-1021000,-876000
2017/05/08,0,266000,-1068000,-802000
2017/05/09,0,209000,-945666,-736666
2017/05/10,0,452000,-722000,-270000
2017/05/11,0,189000,-813000,-624000
2017/05/12,0,237000,-648000,-411000
2017/05/15,0,865000,-771000,94000
2017/05/16,0,97000,-1037000,-940000
2017/05/17,0,430000,-433000,-3000
2017/05/18,0,279000,-1072000,-793000
2017/05/19,0,380000,-916000,-536000
2017/05/22,0,268000,-334000,-66000
2017/05/23,0,287000,-613000,-326000
2017/05/24,0,298000,-439000,-141000
2017/05/25,0,221000,-1478000,-1257000
2017/05/26,0,307000,-1783000,-1476000
2017/05/29,0,0,0,0
2017/05/30,0,0,0,0
2017/05/31,0,803000,-96000,707000
2017/06/01,0,622000,-665000,-43000
2017/06/02,0,83000,-1111000,-1028000
2017/06/05,0,349000,-589000,-240000
2017/06/06,0,190000,-708251,-518251
2017/06/07,0,201000,-619000,-418000
2017/06/08,0,255000,-986000,-731000
2017/06/09,0,79000,-693000,-614000
2017/06/12,0,52000,-660000,-608000
2017/06/13,0,68000,-609000,-541000
2017/06/14,0,264000,-768000,-504000
2017/06/15,0,37000,-803000,-766000
2017/06/16,0,93000,-1021000,-928000
2017/06/19,0,135000,-1057000,-922000
2017/06/20,0,884000,-873000,11000
2017/06/21,0,2575000,-992000,1583000
2017/06/22,0,1642000,-2378000,-736000
2017/06/23,0,1107000,-1310000,-203000
2017/06/26,0,2899000,-2145000,754000
2017/06/27,0,2681000,-3672000,-991000
2017/06/28,0,1652000,-1733000,-81000
2017/06/29,0,1418000,-1235000,183000
2017/06/30,0,291000,-601000,-310000
2017/07/03,0,12000,-596000,-584000
2017/07/04,0,72000,-639000,-567000
2017/07/05,0,261000,-674000,-413000
2017/07/06,0,48000,-763000,-715000
2017/07/07,0,115000,-831000,-716000
2017/07/10,0,93000,-664000,-571000
2017/07/11,0,83000,-620000,-537000
2017/07/12,0,2000,-485000,-483000
2017/07/13,0,303000,-184000,119000
2017/07/14,0,73000,-119000,-46000
2017/07/17,0,19000,-153000,-134000
2017/07/18,0,335000,-51000,284000
2017/07/19,0,791000,-1489000,-698000
2017/07/20,0,30000,-75630,-45630
2017/07/21,0,43000,-13000,30000
2017/07/24,0,151000,-30000,121000
2017/07/25,0,126000,-110000,16000
2017/07/26,0,187000,-311000,-124000
2017/07/27,0,1018000,-221000,797000
2017/07/28,0,163000,-764000,-601000
2017/07/31,0,1272000,-149949,1122051
2017/08/01,0,1943000,-824570,1118430
2017/08/02,0,954000,-2298424,-1344424
2017/08/03,0,454000,-640000,-186000
2017/08/04,0,479000,-286000,193000
2017/08/07,0,317000,-393000,-76000
2017/08/08,0,280000,-335000,-55000
2017/08/09,0,366000,-431558,-65558
2017/08/10,0,3125000,-569000,2556000
2017/08/11,0,329000,-1337000,-1008000
2017/08/14,0,154000,-632000,-478000
2017/08/15,0,380000,-207000,173000
2017/08/16,0,251000,-776000,-525000
2017/08/17,0,124000,-153000,-29000
2017/08/18,0,209000,-82000,127000
