Date,Open,Buy,Sell,Total
2007/01/02,0,36000,0,36000
2007/01/03,0,1197000,0,1197000
2007/01/04,0,12000,-55000,-43000
2007/01/05,0,0,-11000,-11000
2007/01/08,0,3000,-995,2005
2007/01/09,0,1142000,0,1142000
2007/01/10,0,11000,-200000,-189000
2007/01/11,0,21000,-2000,19000
2007/01/12,0,0,-17000,-17000
2007/01/15,0,0,0,0
2007/01/16,0,302000,-100000,202000
2007/01/17,0,693000,-1027000,-334000
2007/01/18,0,0,-125000,-125000
2007/01/19,0,0,-254000,-254000
2007/01/22,0,34000,0,34000
2007/01/23,0,42000,0,42000
2007/01/24,0,1840000,0,1840000
2007/01/25,0,1450000,-24000,1426000
2007/01/26,0,10000,-370000,-360000
2007/01/29,0,70000,0,70000
2007/01/30,0,132000,-616000,-484000
2007/01/31,0,57000,-5000,52000
2007/02/01,0,84000,-65000,19000
2007/02/02,0,32000,-1000,31000
2007/02/05,0,7000,-13000,-6000
2007/02/06,0,0,-58000,-58000
2007/02/07,0,0,-25000,-25000
2007/02/08,0,0,0,0
2007/02/09,0,0,0,0
2007/02/12,0,0,0,0
2007/02/13,0,128000,0,128000
2007/02/14,0,3000,-17000,-14000
2007/02/15,0,0,0,0
2007/02/16,0,0,0,0
2007/02/19,0,0,0,0
2007/02/20,0,0,0,0
2007/02/21,0,0,0,0
2007/02/22,0,0,0,0
2007/02/23,0,0,0,0
2007/02/26,0,0,-83000,-83000
2007/02/27,0,0,-3000,-3000
2007/02/28,0,0,0,0
2007/03/01,0,21000,-36000,-15000
2007/03/02,0,16000,-19000,-3000
2007/03/05,0,613000,-2218000,-1605000
2007/03/06,0,600000,-1576000,-976000
2007/03/07,0,1769000,-270000,1499000
2007/03/08,0,239000,-1152000,-913000
2007/03/09,0,7000,0,7000
2007/03/12,0,300000,-501000,-201000
2007/03/13,0,200000,-150000,50000
2007/03/14,0,131000,-100000,31000
2007/03/15,0,35000,0,35000
2007/03/16,0,0,-100000,-100000
2007/03/19,0,1000,-235000,-234000
2007/03/20,0,58000,0,58000
2007/03/21,0,52000,-50000,2000
2007/03/22,0,80000,0,80000
2007/03/23,0,20000,-27000,-7000
2007/03/26,0,72000,0,72000
2007/03/27,0,27000,-5000,22000
2007/03/28,0,772000,-942000,-170000
2007/03/29,0,683000,-961000,-278000
2007/03/30,0,29000,-517000,-488000
2007/04/02,0,122000,-1228000,-1106000
2007/04/03,0,210000,-310437,-100437
2007/04/04,0,27000,-793000,-766000
2007/04/05,0,0,0,0
2007/04/06,0,0,0,0
2007/04/09,0,189000,0,189000
2007/04/10,0,26000,-2000,24000
2007/04/11,0,15000,-85000,-70000
2007/04/12,0,161000,-86000,75000
2007/04/13,0,1268000,-110000,1158000
2007/04/16,0,2000,-53000,-51000
2007/04/17,0,20000,-2000,18000
2007/04/18,0,30000,-46000,-16000
2007/04/19,0,104000,0,104000
2007/04/20,0,4000,0,4000
2007/04/23,0,124000,-73000,51000
2007/04/24,0,65000,-16000,49000
2007/04/25,0,5000,-105000,-100000
2007/04/26,0,9000,-4000,5000
2007/04/27,0,45000,0,45000
2007/04/30,0,21000,-146000,-125000
2007/05/01,0,0,0,0
2007/05/02,0,75000,-146000,-71000
2007/05/03,0,5000,0,5000
2007/05/04,0,0,-11000,-11000
2007/05/07,0,100000,-1000,99000
2007/05/08,0,1646000,-98000,1548000
2007/05/09,0,1408000,-8000,1400000
2007/05/10,0,733000,-16000,717000
2007/05/11,0,0,-62000,-62000
2007/05/14,0,1072000,-5000,1067000
2007/05/15,0,0,-3000,-3000
2007/05/16,0,0,0,0
2007/05/17,0,14000,0,14000
2007/05/18,0,656000,0,656000
2007/05/21,0,541000,-4000,537000
2007/05/22,0,300000,0,300000
2007/05/23,0,100000,-6000,94000
2007/05/24,0,0,-50000,-50000
2007/05/25,0,407000,-5000,402000
2007/05/28,0,602000,-13000,589000
2007/05/29,0,96000,-60000,36000
2007/05/30,0,0,0,0
2007/05/31,0,106000,0,106000
2007/06/01,0,1676000,-1000,1675000
2007/06/04,0,884000,-137000,747000
2007/06/05,0,605000,-7000,598000
2007/06/06,0,936000,-29000,907000
2007/06/07,0,391000,0,391000
2007/06/08,0,467000,-165130,301870
2007/06/11,0,501000,0,501000
2007/06/12,0,229000,-14000,215000
2007/06/13,0,1025000,-572000,453000
2007/06/14,0,0,-501000,-501000
2007/06/15,0,577000,-194000,383000
2007/06/18,0,0,0,0
2007/06/19,0,0,0,0
2007/06/20,0,282000,-7000,275000
2007/06/21,0,1012000,-1000,1011000
2007/06/22,0,685000,-1491000,-806000
2007/06/25,0,504000,-7000,497000
2007/06/26,0,75000,-202000,-127000
2007/06/27,0,796000,-120000,676000
2007/06/28,0,78000,-380000,-302000
2007/06/29,0,730000,-211000,519000
2007/07/02,0,90000,-12000,78000
2007/07/03,0,16000,-245000,-229000
2007/07/04,0,146000,-34000,112000
2007/07/05,0,5957000,-66000,5891000
2007/07/06,0,5447000,-162000,5285000
2007/07/09,0,565000,-583000,-18000
2007/07/10,0,421000,-2000,419000
2007/07/11,0,0,-16000,-16000
2007/07/12,0,597000,-50000,547000
2007/07/13,0,183000,-10000,173000
2007/07/16,0,288000,-48000,240000
2007/07/17,0,125000,-15000,110000
2007/07/18,0,310000,-22000,288000
2007/07/19,0,98000,-113000,-15000
2007/07/20,0,577000,-61000,516000
2007/07/23,0,85000,-48000,37000
2007/07/24,0,1106000,-78000,1028000
2007/07/25,0,223000,-497000,-274000
2007/07/26,0,3171000,-12000,3159000
2007/07/27,0,2417000,-150000,2267000
2007/07/30,0,916000,-487000,429000
2007/07/31,0,386000,-845000,-459000
2007/08/01,0,3974000,-915000,3059000
2007/08/02,0,4791000,-1629000,3162000
2007/08/03,0,434000,-271000,163000
2007/08/06,0,926000,-251000,675000
2007/08/07,0,57000,-11000,46000
2007/08/08,0,567000,-79000,488000
2007/08/09,0,130000,-335376,-205376
2007/08/10,0,143000,-429965,-286965
2007/08/13,0,247000,-733000,-486000
2007/08/14,0,5606000,-594000,5012000
2007/08/15,0,10657000,-1777000,8880000
2007/08/16,0,372000,-3199000,-2827000
2007/08/17,0,119000,-64000,55000
2007/08/20,0,41000,-366000,-325000
2007/08/21,0,130000,-29000,101000
2007/08/22,0,11000,-34000,-23000
2007/08/23,0,2028000,-796000,1232000
2007/08/24,0,242000,-107000,135000
2007/08/27,0,185000,-48000,137000
2007/08/28,0,16000,-1001000,-985000
2007/08/29,0,377000,-6000,371000
2007/08/30,0,1775000,-16000,1759000
2007/08/31,0,476000,-340000,136000
2007/09/03,0,281000,-64000,217000
2007/09/04,0,110000,-107616,2384
2007/09/05,0,2787000,-12000,2775000
2007/09/06,0,73000,-16000,57000
2007/09/07,0,11000,-57000,-46000
2007/09/10,0,303000,-90000,213000
2007/09/11,0,42000,-274000,-232000
2007/09/12,0,0,-614000,-614000
2007/09/13,0,36000,-125000,-89000
2007/09/14,0,45000,-200000,-155000
2007/09/17,0,204000,-46000,158000
2007/09/18,0,0,0,0
2007/09/19,0,33000,-317630,-284630
2007/09/20,0,23000,-22000,1000
2007/09/21,0,90000,-18071,71929
2007/09/24,0,0,0,0
2007/09/25,0,0,0,0
2007/09/26,0,11000,-263000,-252000
2007/09/27,0,402000,-36000,366000
2007/09/28,0,252000,-138000,114000
2007/10/01,0,404000,-73932,330068
2007/10/02,0,415000,-12000,403000
2007/10/03,0,86000,-863000,-777000
2007/10/04,0,172230,-1005000,-832770
2007/10/05,0,2909000,-163460,2745540
2007/10/08,0,54000,-72000,-18000
2007/10/09,0,499000,-1000,498000
2007/10/10,0,0,0,0
2007/10/11,0,1787000,-63300,1723700
2007/10/12,0,5000,-147000,-142000
2007/10/15,0,3063000,-259000,2804000
2007/10/16,0,249000,-298742,-49742
2007/10/17,0,3418000,-114000,3304000
2007/10/18,0,419000,-83000,336000
2007/10/19,0,7880000,-20000,7860000
2007/10/22,0,9716000,-268000,9448000
2007/10/23,0,6076000,-649326,5426674
2007/10/24,0,7410000,-1379000,6031000
2007/10/25,0,8253000,-492000,7761000
2007/10/26,0,2389000,-776000,1613000
2007/10/29,0,287000,-2482364,-2195364
2007/10/30,0,1895000,-510128,1384872
2007/10/31,0,4084000,-268000,3816000
2007/11/01,0,783000,-88000,695000
2007/11/02,0,1101000,-191000,910000
2007/11/05,0,5233000,-1007000,4226000
2007/11/06,0,3950687,-1735687,2215000
2007/11/07,0,6402000,-2672000,3730000
2007/11/08,0,113000,-899000,-786000
2007/11/09,0,110000,-89000,21000
2007/11/12,0,5138000,-697000,4441000
2007/11/13,0,3213000,-975000,2238000
2007/11/14,0,1446000,-2993000,-1547000
2007/11/15,0,2139000,-1078229,1060771
2007/11/16,0,1882000,-599000,1283000
2007/11/19,0,626000,-128000,498000
2007/11/20,0,961000,-153000,808000
2007/11/21,0,2819000,-377000,2442000
2007/11/22,0,29000,-2370000,-2341000
2007/11/23,0,932000,-2410000,-1478000
2007/11/26,0,801000,-2568000,-1767000
2007/11/27,0,174000,-1465000,-1291000
2007/11/28,0,191000,-834000,-643000
2007/11/29,0,228000,-2441000,-2213000
2007/11/30,0,1712000,-5212000,-3500000
2007/12/03,0,1448663,-2728000,-1279337
2007/12/04,0,811000,-1512000,-701000
2007/12/05,0,27000,-1247000,-1220000
2007/12/06,0,539217,-2216000,-1676783
2007/12/07,0,70158,-630385,-560227
2007/12/10,0,123000,-8910000,-8787000
2007/12/11,0,1613000,-7765000,-6152000
2007/12/12,0,447000,-225000,222000
2007/12/13,0,24000,-578000,-554000
2007/12/14,0,17000,-1349000,-1332000
2007/12/17,0,670000,-499000,171000
2007/12/18,0,891000,-599000,292000
2007/12/19,0,25000,-105000,-80000
2007/12/20,0,2307000,-88000,2219000
2007/12/21,0,33000,-37000,-4000
2007/12/24,0,0,-36000,-36000
2007/12/25,0,91000,-16000,75000
2007/12/26,0,181000,-76000,105000
2007/12/27,0,57000,-2707083,-2650083
2007/12/28,0,781000,-65000,716000
2007/12/31,0,211000,-6000,205000
2008/01/01,0,0,0,0
2008/01/02,0,110000,-86891,23109
2008/01/03,0,193525,-14525,179000
2008/01/04,0,21000,-2336278,-2315278
2008/01/07,0,189000,-2797712,-2608712
2008/01/08,0,545000,-2816000,-2271000
2008/01/09,0,1213000,-10880000,-9667000
2008/01/10,0,230000,-2669000,-2439000
2008/01/11,0,1122000,-1318000,-196000
2008/01/14,0,188000,-4650000,-4462000
2008/01/15,0,134000,-3557000,-3423000
2008/01/16,0,1267000,-3650960,-2383960
2008/01/17,0,208000,-2460000,-2252000
2008/01/18,0,198000,-779000,-581000
2008/01/21,0,2200000,-3394000,-1194000
2008/01/22,0,4000,-3708000,-3704000
2008/01/23,0,113000,-2060000,-1947000
2008/01/24,0,232000,-5117104,-4885104
2008/01/25,0,169000,-743000,-574000
2008/01/28,0,2128000,-2241000,-113000
2008/01/29,0,49000,-1192000,-1143000
2008/01/30,0,66000,-196732,-130732
2008/01/31,0,1115000,-2163000,-1048000
2008/02/01,0,1812000,-38000,1774000
2008/02/04,0,0,0,0
2008/02/05,0,0,0,0
2008/02/06,0,0,0,0
2008/02/07,0,0,0,0
2008/02/08,0,0,0,0
2008/02/11,0,0,0,0
2008/02/12,0,656000,-405000,251000
2008/02/13,0,56000,-48000,8000
2008/02/14,0,1302000,-259000,1043000
2008/02/15,0,590000,-129000,461000
2008/02/18,0,411000,-75000,336000
2008/02/19,0,313000,-511000,-198000
2008/02/20,0,304000,-72000,232000
2008/02/21,0,559000,-42198,516802
2008/02/22,0,25000,-203000,-178000
2008/02/25,0,289000,-282000,7000
2008/02/26,0,571000,-673000,-102000
2008/02/27,0,2406000,-1000,2405000
2008/02/28,0,0,0,0
2008/02/29,0,445000,-300000,145000
2008/03/03,0,108000,-165000,-57000
2008/03/04,0,38000,-433000,-395000
2008/03/05,0,495000,-306000,189000
2008/03/06,0,909000,-67000,842000
2008/03/07,0,156000,-266000,-110000
2008/03/10,0,1291000,-31000,1260000
2008/03/11,0,394000,-259000,135000
2008/03/12,0,1005000,-641201,363799
2008/03/13,0,2602000,-3843000,-1241000
2008/03/14,0,1648000,-2867000,-1219000
2008/03/17,0,479000,-186000,293000
2008/03/18,0,979000,-428000,551000
2008/03/19,0,1854000,-18000,1836000
2008/03/20,0,1038000,-806000,232000
2008/03/21,0,2779000,-653000,2126000
2008/03/24,0,886000,-1628000,-742000
2008/03/25,0,222000,-406565,-184565
2008/03/26,0,444000,-116000,328000
2008/03/27,0,166000,-206000,-40000
2008/03/28,0,286000,-269000,17000
2008/03/31,0,1026000,-277175,748825
2008/04/01,0,321000,-537000,-216000
2008/04/02,0,584000,0,584000
2008/04/03,0,144000,-79000,65000
2008/04/04,0,0,0,0
2008/04/07,0,584000,-491000,93000
2008/04/08,0,43000,-478000,-435000
2008/04/09,0,111000,-310000,-199000
2008/04/10,0,211000,-3000,208000
2008/04/11,0,458000,-14000,444000
2008/04/14,0,1129000,-96000,1033000
2008/04/15,0,289000,-52000,237000
2008/04/16,0,201000,-581000,-380000
2008/04/17,0,4554000,-560000,3994000
2008/04/18,0,147000,-766001,-619001
2008/04/21,0,425000,-422000,3000
2008/04/22,0,2270000,-291000,1979000
2008/04/23,0,664000,-473657,190343
2008/04/24,0,44000,-716000,-672000
2008/04/25,0,83000,-287000,-204000
2008/04/28,0,395000,-1000,394000
2008/04/29,0,246000,-433000,-187000
2008/04/30,0,806000,-32000,774000
2008/05/01,0,0,0,0
2008/05/02,0,432000,-28000,404000
2008/05/05,0,287000,-6000,281000
2008/05/06,0,1277000,-1031000,246000
2008/05/07,0,118000,-841000,-723000
2008/05/08,0,107000,-265000,-158000
2008/05/09,0,69000,-96000,-27000
2008/05/12,0,99000,-83471,15529
2008/05/13,0,86000,-42000,44000
2008/05/14,0,70000,-10000,60000
2008/05/15,0,729000,-4388391,-3659391
2008/05/16,0,251000,-575000,-324000
2008/05/19,0,120000,-129000,-9000
2008/05/20,0,271000,-2884000,-2613000
2008/05/21,0,60000,-144000,-84000
2008/05/22,0,166000,-1811442,-1645442
2008/05/23,0,242000,-3274000,-3032000
2008/05/26,0,245000,-1281000,-1036000
2008/05/27,0,634000,-108000,526000
2008/05/28,0,103000,-317000,-214000
2008/05/29,0,88000,-176000,-88000
2008/05/30,0,153000,-41000,112000
2008/06/02,0,157000,-38000,119000
2008/06/03,0,343000,-464375,-121375
2008/06/04,0,306000,-344000,-38000
2008/06/05,0,733000,-499000,234000
2008/06/06,0,594000,-254000,340000
2008/06/09,0,75000,-115000,-40000
2008/06/10,0,295000,-2778694,-2483694
2008/06/11,0,57000,-1651000,-1594000
2008/06/12,0,341000,-2296000,-1955000
2008/06/13,0,546000,-371000,175000
2008/06/16,0,958000,-991000,-33000
2008/06/17,0,486000,-163000,323000
2008/06/18,0,327000,-146000,181000
2008/06/19,0,1941000,-376000,1565000
2008/06/20,0,759000,-464000,295000
2008/06/23,0,362000,-1304000,-942000
2008/06/24,0,89900,-499000,-409100
2008/06/25,0,415000,-1701000,-1286000
2008/06/26,0,13000,-333000,-320000
2008/06/27,0,733000,-20000,713000
2008/06/30,0,639700,-449000,190700
2008/07/01,0,383000,-307000,76000
2008/07/02,0,443000,-1698000,-1255000
2008/07/03,0,1589000,-1784000,-195000
2008/07/04,0,5000,-1422000,-1417000
2008/07/07,0,188000,-218000,-30000
2008/07/08,0,543000,-1856000,-1313000
2008/07/09,0,368000,-591000,-223000
2008/07/10,0,315000,-1497179,-1182179
2008/07/11,0,180000,-205000,-25000
2008/07/14,0,1011000,-1149000,-138000
2008/07/15,0,53000,-403000,-350000
2008/07/16,0,76000,-203000,-127000
2008/07/17,0,722000,-583000,139000
2008/07/18,0,14000,-1088000,-1074000
2008/07/21,0,733000,-60501,672499
2008/07/22,0,186000,-494000,-308000
2008/07/23,0,257000,-76000,181000
2008/07/24,0,371000,-65000,306000
2008/07/25,0,100000,-2235000,-2135000
2008/07/28,0,0,0,0
2008/07/29,0,233000,-1094000,-861000
2008/07/30,0,317000,-4123000,-3806000
2008/07/31,0,1897000,-2530000,-633000
2008/08/01,0,1447000,-3280567,-1833567
2008/08/04,0,367000,-1369000,-1002000
2008/08/05,0,832000,-1594000,-762000
2008/08/06,0,605000,-1449000,-844000
2008/08/07,0,260000,-204000,56000
2008/08/08,0,1109000,-95000,1014000
2008/08/11,0,318000,-899000,-581000
2008/08/12,0,70000,-425000,-355000
2008/08/13,0,855000,-53000,802000
2008/08/14,0,3857000,-1403000,2454000
2008/08/15,0,2440000,-2614000,-174000
2008/08/18,0,568000,-471000,97000
2008/08/19,0,595000,-2412615,-1817615
2008/08/20,0,118000,-1113000,-995000
2008/08/21,0,0,-424000,-424000
2008/08/22,0,108000,-448000,-340000
2008/08/25,0,5000,-69000,-64000
2008/08/26,0,211000,-406000,-195000
2008/08/27,0,435000,-70000,365000
2008/08/28,0,262000,-528000,-266000
2008/08/29,0,140000,-63078,76922
2008/09/01,0,356000,-239000,117000
2008/09/02,0,86000,-189000,-103000
2008/09/03,0,328000,-745885,-417885
2008/09/04,0,1224000,-448000,776000
2008/09/05,0,422000,-211000,211000
2008/09/08,0,9000,-30000,-21000
2008/09/09,0,85000,-185000,-100000
2008/09/10,0,745000,-80000,665000
2008/09/11,0,1139000,-759000,380000
2008/09/12,0,269000,-1058000,-789000
2008/09/15,0,12000,-492000,-480000
2008/09/16,0,57000,-163001,-106001
2008/09/17,0,109000,-316000,-207000
2008/09/18,0,585000,-1065000,-480000
2008/09/19,0,321000,-208000,113000
2008/09/22,0,186000,-506000,-320000
2008/09/23,0,281000,-709000,-428000
2008/09/24,0,2205712,-868712,1337000
2008/09/25,0,38000,-3190159,-3152159
2008/09/26,0,779000,-571000,208000
2008/09/29,0,0,0,0
2008/09/30,0,16000,-74000,-58000
2008/10/01,0,551000,-1217970,-666970
2008/10/02,0,75000,-30000,45000
2008/10/03,0,974000,-109000,865000
2008/10/06,0,847561,-394153,453408
2008/10/07,0,176000,-169000,7000
2008/10/08,0,21000,-508325,-487325
2008/10/09,0,1180000,-124945,1055055
2008/10/10,0,0,0,0
2008/10/13,0,0,-148000,-148000
2008/10/14,0,328000,-176000,152000
2008/10/15,0,45000,-424000,-379000
2008/10/16,0,44360,0,44360
2008/10/17,0,0,-909242,-909242
2008/10/20,0,2000,-33505,-31505
2008/10/21,0,67000,-115000,-48000
2008/10/22,0,239000,-19001,219999
2008/10/23,0,0,0,0
2008/10/24,0,22000,0,22000
2008/10/27,0,25000,0,25000
2008/10/28,0,116000,-843000,-727000
2008/10/29,0,251000,-1621687,-1370687
2008/10/30,0,333000,-434283,-101283
2008/10/31,0,456000,-209000,247000
2008/11/03,0,138000,-299000,-161000
2008/11/04,0,282000,-179000,103000
2008/11/05,0,191000,-126000,65000
2008/11/06,0,1438000,-227372,1210628
2008/11/07,0,251000,-210000,41000
2008/11/10,0,83000,-87310,-4310
2008/11/11,0,80000,-396000,-316000
2008/11/12,0,32000,-123000,-91000
2008/11/13,0,51000,-191000,-140000
2008/11/14,0,59000,-1635487,-1576487
2008/11/17,0,241000,-192000,49000
2008/11/18,0,57000,-1305046,-1248046
2008/11/19,0,438000,-83000,355000
2008/11/20,0,2000,-2638000,-2636000
2008/11/21,0,426001,-3422545,-2996544
2008/11/24,0,18000,-81000,-63000
2008/11/25,0,1145000,-73157,1071843
2008/11/26,0,517000,-1313000,-796000
2008/11/27,0,146000,-410501,-264501
2008/11/28,0,117000,-1374000,-1257000
2008/12/01,0,39000,-117000,-78000
2008/12/02,0,203000,-314000,-111000
2008/12/03,0,34000,-389000,-355000
2008/12/04,0,70000,-13000,57000
2008/12/05,0,45000,-250000,-205000
2008/12/08,0,840000,-48439,791561
2008/12/09,0,248000,-821000,-573000
2008/12/10,0,339000,-499000,-160000
2008/12/11,0,302000,-64000,238000
2008/12/12,0,495000,-4557000,-4062000
2008/12/15,0,209000,-916191,-707191
2008/12/16,0,780000,-18000,762000
2008/12/17,0,126000,-173000,-47000
2008/12/18,0,323000,-579539,-256539
2008/12/19,0,1455000,-236000,1219000
2008/12/22,0,75000,-1340103,-1265103
2008/12/23,0,37000,-221000,-184000
2008/12/24,0,56000,-32000,24000
2008/12/25,0,226000,-56000,170000
2008/12/26,0,381000,-226000,155000
2008/12/29,0,15000,-235000,-220000
2008/12/30,0,574000,-98000,476000
2008/12/31,0,379000,-167000,212000
2009/01/01,0,0,0,0
2009/01/02,0,0,0,0
2009/01/05,0,220000,-64000,156000
2009/01/06,0,5141000,-111000,5030000
2009/01/07,0,7529000,-574000,6955000
2009/01/08,0,41000,-2809000,-2768000
2009/01/09,0,2811000,-399000,2412000
2009/01/12,0,424000,-1144000,-720000
2009/01/13,0,28000,-12000,16000
2009/01/14,0,81000,-25000,56000
2009/01/15,0,169000,-136000,33000
2009/01/16,0,443000,-159000,284000
2009/01/19,0,980000,-369000,611000
2009/01/20,0,45000,-1204000,-1159000
2009/01/21,0,232000,-96000,136000
2009/01/22,0,0,0,0
2009/01/23,0,0,0,0
2009/01/26,0,0,0,0
2009/01/27,0,0,0,0
2009/01/28,0,0,0,0
2009/01/29,0,0,0,0
2009/01/30,0,0,0,0
2009/02/02,0,183000,-202000,-19000
2009/02/03,0,1990000,-91000,1899000
2009/02/04,0,32000,-2103000,-2071000
2009/02/05,0,75000,-32000,43000
2009/02/06,0,502000,-1787000,-1285000
2009/02/09,0,230000,-1882052,-1652052
2009/02/10,0,705000,-625000,80000
2009/02/11,0,234816,-220816,14000
2009/02/12,0,67000,-1175904,-1108904
2009/02/13,0,406000,-123000,283000
2009/02/16,0,219000,-171000,48000
2009/02/17,0,63000,-802000,-739000
2009/02/18,0,54000,-63000,-9000
2009/02/19,0,364000,-22000,342000
2009/02/20,0,49000,-56000,-7000
2009/02/23,0,66000,0,66000
2009/02/24,0,91000,-5000,86000
2009/02/25,0,1341000,-20608,1320392
2009/02/26,0,668000,-128000,540000
2009/02/27,0,1056000,-20000,1036000
2009/03/02,0,43000,-3629853,-3586853
2009/03/03,0,4160000,-597000,3563000
2009/03/04,0,3878000,-448000,3430000
2009/03/05,0,820000,-814000,6000
2009/03/06,0,1648500,-1610000,38500
2009/03/09,0,2567000,-229000,2338000
2009/03/10,0,860000,-1311000,-451000
2009/03/11,0,965000,-183078,781922
2009/03/12,0,251000,-742000,-491000
2009/03/13,0,1053000,-26000,1027000
2009/03/16,0,160000,-858000,-698000
2009/03/17,0,349000,-678000,-329000
2009/03/18,0,402000,-72000,330000
2009/03/19,0,15000,-97000,-82000
2009/03/20,0,67000,-1314000,-1247000
2009/03/23,0,140000,-74000,66000
2009/03/24,0,7056982,-143000,6913982
2009/03/25,0,380000,-23000,357000
2009/03/26,0,372016,-67000,305016
2009/03/27,0,43000,-90000,-47000
2009/03/30,0,125000,-110000,15000
2009/03/31,0,277178,-1980000,-1702822
2009/04/01,0,803000,-103000,700000
2009/04/02,0,508000,-89000,419000
2009/04/03,0,485000,-37000,448000
2009/04/06,0,339000,-418000,-79000
2009/04/07,0,1501000,-317000,1184000
2009/04/08,0,61000,-471000,-410000
2009/04/09,0,213000,-33000,180000
2009/04/10,0,342000,-77927,264073
2009/04/13,0,1274000,-127000,1147000
2009/04/14,0,422000,-4000,418000
2009/04/15,0,144000,-329000,-185000
2009/04/16,0,202000,-364000,-162000
2009/04/17,0,1313000,-105000,1208000
2009/04/20,0,210000,-276000,-66000
2009/04/21,0,204879,-1518000,-1313121
2009/04/22,0,1860000,-421000,1439000
2009/04/23,0,364000,-1084000,-720000
2009/04/24,0,766000,-722000,44000
2009/04/27,0,680000,-306000,374000
2009/04/28,0,1473000,-307000,1166000
2009/04/29,0,370000,-134000,236000
2009/04/30,0,412000,-1282000,-870000
2009/05/01,0,0,0,0
2009/05/04,0,2876000,-17000,2859000
2009/05/05,0,1614262,-846262,768000
2009/05/06,0,1586000,-24634,1561366
2009/05/07,0,774000,-301000,473000
2009/05/08,0,423000,-85000,338000
2009/05/11,0,810000,-587000,223000
2009/05/12,0,3746000,-29696,3716304
2009/05/13,0,2317000,-477000,1840000
2009/05/14,0,4438000,-221000,4217000
2009/05/15,0,908000,-2203000,-1295000
2009/05/18,0,397000,-1208000,-811000
2009/05/19,0,432000,-57000,375000
2009/05/20,0,1333000,-297000,1036000
2009/05/21,0,3108000,-315000,2793000
2009/05/22,0,6740000,-161000,6579000
2009/05/25,0,1013294,-726000,287294
2009/05/26,0,1430000,-843000,587000
2009/05/27,0,21845449,-9227995,12617454
2009/05/28,0,0,0,0
2009/05/29,0,0,0,0
2009/06/01,0,3898000,-695158,3202842
2009/06/02,0,2226000,-372000,1854000
2009/06/03,0,1084000,-684000,400000
2009/06/04,0,1773000,-468000,1305000
2009/06/05,0,2143872,-397000,1746872
2009/06/08,0,2123000,-609000,1514000
2009/06/09,0,1125000,-67000,1058000
2009/06/10,0,649000,-183909,465091
2009/06/11,0,2815000,-308000,2507000
2009/06/12,0,2884000,-672000,2212000
2009/06/15,0,1956000,-565000,1391000
2009/06/16,0,2067000,-455830,1611170
2009/06/17,0,2500000,-2417000,83000
2009/06/18,0,2762000,-547000,2215000
2009/06/19,0,1673000,-1003923,669077
2009/06/22,0,1844000,-1107000,737000
2009/06/23,0,3556200,-902000,2654200
2009/06/24,0,4603000,-1218000,3385000
2009/06/25,0,5751000,-1179000,4572000
2009/06/26,0,3565000,-424000,3141000
2009/06/29,0,2823100,-1070000,1753100
2009/06/30,0,559000,-264227,294773
2009/07/01,0,1034000,-293000,741000
2009/07/02,0,5340800,-254000,5086800
2009/07/03,0,3534000,-150085,3383915
2009/07/06,0,2099800,-218000,1881800
2009/07/07,0,911000,-150000,761000
2009/07/08,0,998000,-1375000,-377000
2009/07/09,0,3307000,-370000,2937000
2009/07/10,0,553000,-1694000,-1141000
2009/07/13,0,116000,-1889000,-1773000
2009/07/14,0,898000,-518400,379600
2009/07/15,0,6096000,-183000,5913000
2009/07/16,0,1112000,-643000,469000
2009/07/17,0,2465697,-3846000,-1380303
2009/07/20,0,2015000,-4226603,-2211603
2009/07/21,0,1222000,-166830,1055170
2009/07/22,0,2213000,-482400,1730600
2009/07/23,0,1043000,-486170,556830
2009/07/24,0,2235000,-570940,1664060
2009/07/27,0,2250000,-392000,1858000
2009/07/28,0,7734000,-399000,7335000
2009/07/29,0,2952000,-1742759,1209241
2009/07/30,0,1672349,-860000,812349
2009/07/31,0,2821000,-813000,2008000
2009/08/03,0,8739000,-1520471,7218529
2009/08/04,0,951000,-1087000,-136000
2009/08/05,0,5324000,-2821100,2502900
2009/08/06,0,3156000,-673000,2483000
2009/08/07,0,0,0,0
2009/08/10,0,700870,-353999,346871
2009/08/11,0,1996000,-1927000,69000
2009/08/12,0,1193000,-594495,598505
2009/08/13,0,4082000,-692000,3390000
2009/08/14,0,1696000,-475000,1221000
2009/08/17,0,327016,-1123000,-795984
2009/08/18,0,511000,-236000,275000
2009/08/19,0,1706000,-329762,1376238
2009/08/20,0,1468000,-244000,1224000
2009/08/21,0,2514000,-1094930,1419070
2009/08/24,0,943000,-3089600,-2146600
2009/08/25,0,1751000,-427300,1323700
2009/08/26,0,516000,-282000,234000
2009/08/27,0,549000,-199000,350000
2009/08/28,0,536000,-154000,382000
2009/08/31,0,3877000,-750382,3126618
2009/09/01,0,291000,-764471,-473471
2009/09/02,0,225959,-1169030,-943071
2009/09/03,0,2168000,-638000,1530000
2009/09/04,0,547000,-841959,-294959
2009/09/07,0,796000,-172000,624000
2009/09/08,0,2082000,-711000,1371000
2009/09/09,0,3387000,-464000,2923000
2009/09/10,0,2871000,-422730,2448270
2009/09/11,0,1459000,-515000,944000
2009/09/14,0,134000,-349000,-215000
2009/09/15,0,1146000,-471000,675000
2009/09/16,0,1363000,-233000,1130000
2009/09/17,0,1385000,-101990,1283010
2009/09/18,0,793000,-262000,531000
2009/09/21,0,818000,-649000,169000
2009/09/22,0,572000,-550000,22000
2009/09/23,0,571000,-791000,-220000
2009/09/24,0,971000,-866000,105000
2009/09/25,0,2689000,-1548610,1140390
2009/09/28,0,498000,-136000,362000
2009/09/29,0,1565674,-178000,1387674
2009/09/30,0,2964000,-72000,2892000
2009/10/01,0,4307000,-2238000,2069000
2009/10/02,0,2362000,-490000,1872000
2009/10/05,0,530000,-1387913,-857913
2009/10/06,0,2295000,-217000,2078000
2009/10/07,0,1604000,-302140,1301860
2009/10/08,0,7550000,-383000,7167000
2009/10/09,0,3822050,-173000,3649050
2009/10/12,0,4409000,-401000,4008000
2009/10/13,0,3079155,-594905,2484250
2009/10/14,0,2517000,-711000,1806000
2009/10/15,0,2715000,-772000,1943000
2009/10/16,0,1106000,-165000,941000
2009/10/19,0,284000,-237523,46477
2009/10/20,0,3260000,-287000,2973000
2009/10/21,0,650000,-481000,169000
2009/10/22,0,531000,-679000,-148000
2009/10/23,0,2025000,-69000,1956000
2009/10/26,0,1555000,-496000,1059000
2009/10/27,0,888000,-960000,-72000
2009/10/28,0,1295000,-408000,887000
2009/10/29,0,78000,-2417000,-2339000
2009/10/30,0,591000,-4311000,-3720000
2009/11/02,0,208000,-746419,-538419
2009/11/03,0,1214000,-490000,724000
2009/11/04,0,4837000,-2283000,2554000
2009/11/05,0,2093000,-578000,1515000
2009/11/06,0,361000,-466000,-105000
2009/11/09,0,1577000,-150000,1427000
2009/11/10,0,1716000,-102443,1613557
2009/11/11,0,1633000,-21000,1612000
2009/11/12,0,1454000,-1000,1453000
2009/11/13,0,2027000,-36000,1991000
2009/11/16,0,2782000,-463000,2319000
2009/11/17,0,2508000,-334000,2174000
2009/11/18,0,888395,-634000,254395
2009/11/19,0,354000,-384410,-30410
2009/11/20,0,746000,-728000,18000
2009/11/23,0,3787000,-256000,3531000
2009/11/24,0,181000,-1174000,-993000
2009/11/25,0,1229000,-268000,961000
2009/11/26,0,1287000,-935000,352000
2009/11/27,0,694000,-2003000,-1309000
2009/11/30,0,809111,-1302172,-493061
2009/12/01,0,1220000,-955779,264221
2009/12/02,0,1183000,-134000,1049000
2009/12/03,0,2031000,-617267,1413733
2009/12/04,0,1126000,-370000,756000
2009/12/07,0,1378000,-138000,1240000
2009/12/08,0,2336000,-326000,2010000
2009/12/09,0,3723000,-1441120,2281880
2009/12/10,0,7589000,-2552320,5036680
2009/12/11,0,5279000,-904000,4375000
2009/12/14,0,6849000,-353000,6496000
2009/12/15,0,9646000,-837000,8809000
2009/12/16,0,4989000,-1458000,3531000
2009/12/17,0,3017270,-312000,2705270
2009/12/18,0,1520000,-1230000,290000
2009/12/21,0,2633000,-2355015,277985
2009/12/22,0,2752000,-129000,2623000
2009/12/23,0,1138000,-825110,312890
2009/12/24,0,2236000,-271663,1964337
2009/12/25,0,1547000,-28008,1518992
2009/12/28,0,1792000,-267000,1525000
2009/12/29,0,2628000,-1026000,1602000
2009/12/30,0,1594000,-731000,863000
2009/12/31,0,1409000,-500000,909000
2010/01/01,0,0,0,0
2010/01/04,0,1834000,-1268500,565500
2010/01/05,0,1111000,-1337151,-226151
2010/01/06,0,953000,-1215300,-262300
2010/01/07,0,1886000,-1503832,382168
2010/01/08,0,324920,-1060000,-735080
2010/01/11,0,1294000,-1209000,85000
2010/01/12,0,1210427,-713000,497427
2010/01/13,0,2179000,-278000,1901000
2010/01/14,0,2724445,-508670,2215775
2010/01/15,0,3370000,-656000,2714000
2010/01/18,0,2192000,-127000,2065000
2010/01/19,0,280000,-512320,-232320
2010/01/20,0,689000,-610000,79000
2010/01/21,0,2163000,-808000,1355000
2010/01/22,0,397000,-2200000,-1803000
2010/01/25,0,359350,-2295000,-1935650
2010/01/26,0,415000,-1965000,-1550000
2010/01/27,0,181000,-245970,-64970
2010/01/28,0,164000,-1214000,-1050000
2010/01/29,0,1090000,-2243500,-1153500
2010/02/01,0,1776000,-686100,1089900
2010/02/02,0,2334000,-918140,1415860
2010/02/03,0,99740,-391000,-291260
2010/02/04,0,135000,-416000,-281000
2010/02/05,0,205000,-2368440,-2163440
2010/02/08,0,489000,-1660640,-1171640
2010/02/09,0,1214000,-512420,701580
2010/02/10,0,2794000,-1208925,1585075
2010/02/11,0,0,0,0
2010/02/12,0,0,0,0
2010/02/15,0,0,0,0
2010/02/16,0,0,0,0
2010/02/17,0,0,0,0
2010/02/18,0,0,0,0
2010/02/19,0,0,0,0
2010/02/22,0,3501248,-1184000,2317248
2010/02/23,0,7370000,-884000,6486000
2010/02/24,0,3246000,-1862000,1384000
2010/02/25,0,2457000,-4455575,-1998575
2010/02/26,0,1192000,-2592733,-1400733
2010/03/01,0,1151000,-356000,795000
2010/03/02,0,1657000,-217000,1440000
2010/03/03,0,526000,-1658000,-1132000
2010/03/04,0,1153000,-5524000,-4371000
2010/03/05,0,1238000,-2364500,-1126500
2010/03/08,0,915000,-333000,582000
2010/03/09,0,3682040,-31000,3651040
2010/03/10,0,374000,-698491,-324491
2010/03/11,0,935616,-1209000,-273384
2010/03/12,0,278000,-1163000,-885000
2010/03/15,0,218000,-459000,-241000
2010/03/16,0,664000,-509000,155000
2010/03/17,0,1509000,-1797000,-288000
2010/03/18,0,735000,-824000,-89000
2010/03/19,0,840000,-274000,566000
2010/03/22,0,1848000,-669290,1178710
2010/03/23,0,2270000,-1327000,943000
2010/03/24,0,676000,-297400,378600
2010/03/25,0,577000,-310000,267000
2010/03/26,0,1115000,-1131000,-16000
2010/03/29,0,1344000,-3748000,-2404000
2010/03/30,0,1109000,-942000,167000
2010/03/31,0,1189000,-969430,219570
2010/04/01,0,2524000,-926580,1597420
2010/04/02,0,2509000,-428565,2080435
2010/04/05,0,0,0,0
2010/04/06,0,3908000,-1615000,2293000
2010/04/07,0,8171830,-3483000,4688830
2010/04/08,0,4008800,-567600,3441200
2010/04/09,0,15065000,-1732178,13332822
2010/04/12,0,7123980,-3375600,3748380
2010/04/13,0,1752000,-815000,937000
2010/04/14,0,4225000,-2348660,1876340
2010/04/15,0,6490000,-2495000,3995000
2010/04/16,0,5924330,-3137000,2787330
2010/04/19,0,2880001,-4001000,-1120999
2010/04/20,0,7826000,-2621000,5205000
2010/04/21,0,7960255,-2138000,5822255
2010/04/22,0,1420000,-3297920,-1877920
2010/04/23,0,917000,-984395,-67395
2010/04/26,0,9430000,-757000,8673000
2010/04/27,0,682000,-488000,194000
2010/04/28,0,970000,-791870,178130
2010/04/29,0,1412345,-947000,465345
2010/04/30,0,4181000,-4685403,-504403
2010/05/03,0,1252000,-737000,515000
2010/05/04,0,1532090,-1497000,35090
2010/05/05,0,1168000,-2689770,-1521770
2010/05/06,0,255000,-1113502,-858502
2010/05/07,0,2694000,-3292980,-598980
2010/05/10,0,1454900,-1161460,293440
2010/05/11,0,1771000,-3307000,-1536000
2010/05/12,0,563000,-2953000,-2390000
2010/05/13,0,1137000,-1440000,-303000
2010/05/14,0,954000,-1379000,-425000
2010/05/17,0,287000,-3065000,-2778000
2010/05/18,0,1288000,-871000,417000
2010/05/19,0,2778000,-2428000,350000
2010/05/20,0,360000,-4436000,-4076000
2010/05/21,0,1134000,-2889550,-1755550
2010/05/24,0,638000,-560000,78000
2010/05/25,0,947000,-1264000,-317000
2010/05/26,0,3070000,-2216000,854000
2010/05/27,0,4342558,-1542190,2800368
2010/05/28,0,5373000,-1125000,4248000
2010/05/31,0,2706000,-483414,2222586
2010/06/01,0,3342000,-885000,2457000
2010/06/02,0,2840000,-1423000,1417000
2010/06/03,0,4157000,-431000,3726000
2010/06/04,0,360000,-2121000,-1761000
2010/06/07,0,953000,-1384000,-431000
2010/06/08,0,5017000,-1124000,3893000
2010/06/09,0,918000,-1089000,-171000
2010/06/10,0,964000,-853000,111000
2010/06/11,0,3510903,-721500,2789403
2010/06/14,0,768903,-738000,30903
2010/06/15,0,4423806,-1203220,3220586
2010/06/16,0,0,0,0
2010/06/17,0,3499992,-879000,2620992
2010/06/18,0,989732,-1824023,-834291
2010/06/21,0,3557370,-2245377,1311993
2010/06/22,0,434306,-1073000,-638694
2010/06/23,0,1988428,-4068206,-2079778
2010/06/24,0,28000,-661410,-633410
2010/06/25,0,271033,-855000,-583967
2010/06/28,0,1779000,-1479000,300000
2010/06/29,0,1813000,-1951000,-138000
2010/06/30,0,1047000,-3009000,-1962000
2010/07/01,0,452000,-2749820,-2297820
2010/07/02,0,443000,-3793313,-3350313
2010/07/05,0,256953,-739000,-482047
2010/07/06,0,674000,-1171000,-497000
2010/07/07,0,550683,-1232000,-681317
2010/07/08,0,768000,-530000,238000
2010/07/09,0,3002000,-1539000,1463000
2010/07/12,0,5521000,-1138120,4382880
2010/07/13,0,1409000,-906000,503000
2010/07/14,0,4341520,-3883529,457991
2010/07/15,0,2434000,-291000,2143000
2010/07/16,0,2084940,-1122000,962940
2010/07/19,0,455000,-254000,201000
2010/07/20,0,978000,-693000,285000
2010/07/21,0,915000,-790000,125000
2010/07/22,0,471000,-200000,271000
2010/07/23,0,1395000,-996550,398450
2010/07/26,0,751720,-2162000,-1410280
2010/07/27,0,572435,-330000,242435
2010/07/28,0,1302000,-644000,658000
2010/07/29,0,1537000,-740662,796338
2010/07/30,0,364927,-1029000,-664073
2010/08/02,0,1566000,-1316000,250000
2010/08/03,0,3323000,-2514000,809000
2010/08/04,0,1897000,-1553220,343780
2010/08/05,0,662000,-1821690,-1159690
2010/08/06,0,366000,-867000,-501000
2010/08/09,0,1358000,-1212667,145333
2010/08/10,0,1073000,-1013000,60000
2010/08/11,0,1767000,-2952907,-1185907
2010/08/12,0,636160,-5736000,-5099840
2010/08/13,0,1503000,-2056082,-553082
2010/08/16,0,134000,-2599908,-2465908
2010/08/17,0,954000,-1618310,-664310
2010/08/18,0,1224000,-1359000,-135000
2010/08/19,0,1442537,-2190450,-747913
2010/08/20,0,937000,-548000,389000
2010/08/23,0,2132000,-2752000,-620000
2010/08/24,0,4868493,-6677261,-1808768
2010/08/25,0,545000,-4184000,-3639000
2010/08/26,0,1541000,-2597000,-1056000
2010/08/27,0,849000,-3702791,-2853791
2010/08/30,0,3190876,-984000,2206876
2010/08/31,0,1674000,-1180951,493049
2010/09/01,0,422000,-2189715,-1767715
2010/09/02,0,670884,-522000,148884
2010/09/03,0,720000,-580000,140000
2010/09/06,0,1858000,-3117000,-1259000
2010/09/07,0,1768030,-845441,922589
2010/09/08,0,703190,-259036,444154
2010/09/09,0,1219000,-496000,723000
2010/09/10,0,541450,-801000,-259550
2010/09/13,0,1362000,-457325,904675
2010/09/14,0,575566,-752000,-176434
2010/09/15,0,865822,-545000,320822
2010/09/16,0,1659000,-279000,1380000
2010/09/17,0,816000,-821000,-5000
2010/09/20,0,1231000,-51000,1180000
2010/09/21,0,553000,-574000,-21000
2010/09/22,0,0,0,0
2010/09/23,0,657633,-629972,27661
2010/09/24,0,1514290,-1040463,473827
2010/09/27,0,396380,-1158000,-761620
2010/09/28,0,653120,-3425503,-2772383
2010/09/29,0,1585000,-2075418,-490418
2010/09/30,0,2267000,-1741731,525269
2010/10/01,0,876370,-942905,-66535
2010/10/04,0,1228790,-80006,1148784
2010/10/05,0,821300,-2764832,-1943532
2010/10/06,0,650670,-182303,468367
2010/10/07,0,829960,-2970439,-2140479
2010/10/08,0,326850,-2713100,-2386250
2010/10/11,0,2294591,-1477967,816624
2010/10/12,0,451340,-1739140,-1287800
2010/10/13,0,445360,-1612415,-1167055
2010/10/14,0,1280820,-235000,1045820
2010/10/15,0,433710,-636972,-203262
2010/10/18,0,540000,-831163,-291163
2010/10/19,0,669000,-1704375,-1035375
2010/10/20,0,2837000,-5552000,-2715000
2010/10/21,0,2838000,-8785938,-5947938
2010/10/22,0,1107896,-4861121,-3753225
2010/10/25,0,1415000,-2865007,-1450007
2010/10/26,0,945871,-2853189,-1907318
2010/10/27,0,596560,-2686002,-2089442
2010/10/28,0,2591658,-1463929,1127729
2010/10/29,0,631000,-10994224,-10363224
2010/11/01,0,3186635,-12465974,-9279339
2010/11/02,0,5137952,-10731603,-5593651
2010/11/03,0,3707000,-8805336,-5098336
2010/11/04,0,760000,-2820874,-2060874
2010/11/05,0,5510000,-3231353,2278647
2010/11/08,0,4593000,-5092605,-499605
2010/11/09,0,4067000,-3045079,1021921
2010/11/10,0,10522000,-5387693,5134307
2010/11/11,0,5554000,-3542208,2011792
2010/11/12,0,3200000,-2622687,577313
2010/11/15,0,1705350,-947076,758274
2010/11/16,0,2220000,-1650809,569191
2010/11/17,0,3599058,-4713213,-1114155
2010/11/18,0,2631000,-5777934,-3146934
2010/11/19,0,2774652,-8272529,-5497877
2010/11/22,0,1663640,-1544495,119145
2010/11/23,0,1441522,-2548210,-1106688
2010/11/24,0,866000,-3078817,-2212817
2010/11/25,0,644235,-1745093,-1100858
2010/11/26,0,4016000,-1928082,2087918
2010/11/29,0,7092000,-2567133,4524867
2010/11/30,0,14451288,-4331739,10119549
2010/12/01,0,4585900,-1772861,2813039
2010/12/02,0,6110000,-465623,5644377
2010/12/03,0,1259500,-6261696,-5002196
2010/12/06,0,3554000,-3355901,198099
2010/12/07,0,1350070,-533429,816641
2010/12/08,0,1231000,-347721,883279
2010/12/09,0,2532933,-2650868,-117935
2010/12/10,0,340000,-309058,30942
2010/12/13,0,1587000,-642000,945000
2010/12/14,0,5994000,-2285669,3708331
2010/12/15,0,9611000,-5246493,4364507
2010/12/16,0,2235000,-3274676,-1039676
2010/12/17,0,1518800,-2100000,-581200
2010/12/20,0,2693350,-1296000,1397350
2010/12/21,0,1266000,-135600,1130400
2010/12/22,0,1805000,-488921,1316079
2010/12/23,0,1537000,-129318,1407682
2010/12/24,0,1839000,-30000,1809000
2010/12/27,0,1281000,-32000,1249000
2010/12/28,0,1559066,-224000,1335066
2010/12/29,0,697200,-198729,498471
2010/12/30,0,1449000,-2441000,-992000
2010/12/31,0,1317000,-2896774,-1579774
2011/01/03,0,757000,-111505,645495
2011/01/04,0,1814000,-123359,1690641
2011/01/05,0,4032000,-1884784,2147216
2011/01/06,0,3702000,-1537388,2164612
2011/01/07,0,3228000,-564799,2663201
2011/01/10,0,2876000,-2417861,458139
2011/01/11,0,2233000,-983902,1249098
2011/01/12,0,1492444,-125000,1367444
2011/01/13,0,1348865,-171000,1177865
2011/01/14,0,1909000,-1241912,667088
2011/01/17,0,1053290,-1268000,-214710
2011/01/18,0,1011000,-973430,37570
2011/01/19,0,6332000,-1656000,4676000
2011/01/20,0,2252000,-1587000,665000
2011/01/21,0,332000,-1071500,-739500
2011/01/24,0,309000,-1896000,-1587000
2011/01/25,0,600000,-2982259,-2382259
2011/01/26,0,1075000,-1851001,-776001
2011/01/27,0,866000,-1461190,-595190
2011/01/28,0,757340,-3297573,-2540233
2011/01/31,0,0,0,0
2011/02/01,0,0,0,0
2011/02/02,0,0,0,0
2011/02/03,0,0,0,0
2011/02/04,0,0,0,0
2011/02/07,0,0,0,0
2011/02/08,0,5431000,-4020487,1410513
2011/02/09,0,5611000,-1379774,4231226
2011/02/10,0,3683000,-2221700,1461300
2011/02/11,0,6055000,-4883544,1171456
2011/02/14,0,588000,-6081490,-5493490
2011/02/15,0,1386250,-1440653,-54403
2011/02/16,0,104000,-4471842,-4367842
2011/02/17,0,337000,-2852614,-2515614
2011/02/18,0,1212000,-881000,331000
2011/02/21,0,371000,-932774,-561774
2011/02/22,0,321000,-2367799,-2046799
2011/02/23,0,707931,-1340013,-632082
2011/02/24,0,4298000,-3411220,886780
2011/02/25,0,747000,-2144821,-1397821
2011/02/28,0,0,0,0
2011/03/01,0,608000,-1099000,-491000
2011/03/02,0,220000,-5591524,-5371524
2011/03/03,0,1544000,-4221000,-2677000
2011/03/04,0,1749000,-479000,1270000
2011/03/07,0,956000,-683017,272983
2011/03/08,0,962000,-647000,315000
2011/03/09,0,665000,-3174670,-2509670
2011/03/10,0,635000,-4067958,-3432958
2011/03/11,0,83000,-1512809,-1429809
2011/03/14,0,2017000,-9363954,-7346954
2011/03/15,0,2303000,-1712860,590140
2011/03/16,0,1076000,-2188721,-1112721
2011/03/17,0,639000,-590230,48770
2011/03/18,0,660000,-3088534,-2428534
2011/03/21,0,2042000,-1781000,261000
2011/03/22,0,1040394,-917600,122794
2011/03/23,0,2416000,-682000,1734000
2011/03/24,0,650000,-866000,-216000
2011/03/25,0,786000,-506482,279518
2011/03/28,0,958000,-1731000,-773000
2011/03/29,0,1470000,-2195000,-725000
2011/03/30,0,1803000,-1420675,382325
2011/03/31,0,2243507,-306231,1937276
2011/04/01,0,7774404,-1225000,6549404
2011/04/04,0,0,0,0
2011/04/05,0,0,0,0
2011/04/06,0,7575717,-6611623,964094
2011/04/07,0,2266878,-181790,2085088
2011/04/08,0,3254354,-123000,3131354
2011/04/11,0,1685612,-358000,1327612
2011/04/12,0,788028,-671799,116229
2011/04/13,0,676000,-614000,62000
2011/04/14,0,2681105,-2480000,201105
2011/04/15,0,553050,-2043119,-1490069
2011/04/18,0,2203000,-806834,1396166
2011/04/19,0,567000,-986092,-419092
2011/04/20,0,1217763,-325000,892763
2011/04/21,0,2333065,-829000,1504065
2011/04/22,0,1380020,-414920,965100
2011/04/25,0,581000,-82000,499000
2011/04/26,0,1273535,-423000,850535
2011/04/27,0,4631000,-1012000,3619000
2011/04/28,0,1500316,-787000,713316
2011/04/29,0,2599620,-546878,2052742
2011/05/02,0,0,0,0
2011/05/03,0,2963000,-2343265,619735
2011/05/04,0,5280000,-2642000,2638000
2011/05/05,0,3104000,-1378256,1725744
2011/05/06,0,2083056,-477000,1606056
2011/05/09,0,2904000,-279626,2624374
2011/05/10,0,1578100,-36000,1542100
2011/05/11,0,500000,-603000,-103000
2011/05/12,0,545000,-2521000,-1976000
2011/05/13,0,583000,-1755000,-1172000
2011/05/16,0,3370000,-2649000,721000
2011/05/17,0,3681200,-3453549,227651
2011/05/18,0,1707000,-822000,885000
2011/05/19,0,1541000,-1546093,-5093
2011/05/20,0,1245900,-1731000,-485100
2011/05/23,0,1248000,-3666000,-2418000
2011/05/24,0,1775000,-3029059,-1254059
2011/05/25,0,1272900,-2210648,-937748
2011/05/26,0,1177000,-1804910,-627910
2011/05/27,0,2932000,-2885266,46734
2011/05/30,0,734000,-810000,-76000
2011/05/31,0,9896314,-5609000,4287314
2011/06/01,0,1908342,-958175,950167
2011/06/02,0,1180000,-189446,990554
2011/06/03,0,2050000,-891562,1158438
2011/06/06,0,0,0,0
2011/06/07,0,668000,-673916,-5916
2011/06/08,0,1095000,-4418396,-3323396
2011/06/09,0,1954000,-1915800,38200
2011/06/10,0,602000,-3846214,-3244214
2011/06/13,0,263000,-3201895,-2938895
2011/06/14,0,742000,-3164926,-2422926
2011/06/15,0,3560000,-5671757,-2111757
2011/06/16,0,641582,-2372000,-1730418
2011/06/17,0,1699000,-2926019,-1227019
2011/06/20,0,412000,-548850,-136850
2011/06/21,0,761000,-551000,210000
2011/06/22,0,194000,-1044000,-850000
2011/06/23,0,569459,-1059446,-489987
2011/06/24,0,1743000,-640639,1102361
2011/06/27,0,3036000,-2604137,431863
2011/06/28,0,1335000,-1456619,-121619
2011/06/29,0,2068000,-1105000,963000
2011/06/30,0,2892000,-1380000,1512000
2011/07/01,0,421687,-118000,303687
2011/07/04,0,2193713,-587632,1606081
2011/07/05,0,1651740,-959000,692740
2011/07/06,0,692683,-1331000,-638317
2011/07/07,0,1768080,-881000,887080
2011/07/08,0,1786385,-2376000,-589615
2011/07/11,0,1080690,-289000,791690
2011/07/12,0,1265101,-630000,635101
2011/07/13,0,940098,-1407000,-466902
2011/07/14,0,207717,-505762,-298045
2011/07/15,0,401370,-843000,-441630
2011/07/18,0,123464,-693000,-569536
2011/07/19,0,242000,-843000,-601000
2011/07/20,0,1133081,-1501599,-368518
2011/07/21,0,764670,-5410388,-4645718
2011/07/22,0,1406931,-5234675,-3827744
2011/07/25,0,969946,-308000,661946
2011/07/26,0,1944236,-303000,1641236
2011/07/27,0,2618861,-387000,2231861
2011/07/28,0,1272537,-1031000,241537
2011/07/29,0,908489,-2130655,-1222166
2011/08/01,0,2317459,-616000,1701459
2011/08/02,0,3847264,-938000,2909264
2011/08/03,0,6574649,-1193000,5381649
2011/08/04,0,1662791,-2339000,-676209
2011/08/05,0,490558,-2126000,-1635442
2011/08/08,0,2252909,-9870081,-7617172
2011/08/09,0,2985000,-4077000,-1092000
2011/08/10,0,4363513,-6067880,-1704367
2011/08/11,0,2059000,-1983000,76000
2011/08/12,0,381000,-4678104,-4297104
2011/08/15,0,2628334,-3499000,-870666
2011/08/16,0,975000,-3245792,-2270792
2011/08/17,0,2003075,-1468152,534923
2011/08/18,0,1166824,-4951000,-3784176
2011/08/19,0,1380317,-3261000,-1880683
2011/08/22,0,1761976,-723000,1038976
2011/08/23,0,3153000,-3488260,-335260
2011/08/24,0,622476,-3068000,-2445524
2011/08/25,0,1816563,-996590,819973
2011/08/26,0,639880,-1243000,-603120
2011/08/29,0,1120000,-1619444,-499444
2011/08/30,0,1212636,-5054657,-3842021
2011/08/31,0,762814,-1952000,-1189186
2011/09/01,0,3205560,-1530242,1675318
2011/09/02,0,1667503,-1856000,-188497
2011/09/05,0,1155000,-4222000,-3067000
2011/09/06,0,1010226,-1998961,-988735
2011/09/07,0,1412722,-277000,1135722
2011/09/08,0,556972,-1155000,-598028
2011/09/09,0,1449000,-1517000,-68000
2011/09/12,0,0,0,0
2011/09/13,0,320654,-1140000,-819346
2011/09/14,0,1087284,-1333478,-246194
2011/09/15,0,1743083,-1319979,423104
2011/09/16,0,2050000,-1963436,86564
2011/09/19,0,508816,-352000,156816
2011/09/20,0,1346828,-1727000,-380172
2011/09/21,0,1088174,-1758000,-669826
2011/09/22,0,766078,-2401000,-1634922
2011/09/23,0,755094,-1650478,-895384
2011/09/26,0,1354985,-1457000,-102015
2011/09/27,0,2317939,-2209160,108779
2011/09/28,0,2283038,-2105090,177948
2011/09/29,0,1671019,-2254224,-583205
2011/09/30,0,1464000,-4565315,-3101315
2011/10/03,0,799116,-1462500,-663384
2011/10/04,0,2602000,-5196142,-2594142
2011/10/05,0,3062000,-3887000,-825000
2011/10/06,0,3367000,-3487820,-120820
2011/10/07,0,2194000,-3435000,-1241000
2011/10/10,0,0,0,0
2011/10/11,0,3218000,-4186942,-968942
2011/10/12,0,5486000,-2111550,3374450
2011/10/13,0,6636479,-2333472,4303007
2011/10/14,0,3134509,-1253950,1880559
2011/10/17,0,2689302,-795000,1894302
2011/10/18,0,2489314,-525030,1964284
2011/10/19,0,1680778,-1056424,624354
2011/10/20,0,3484670,-3736746,-252076
2011/10/21,0,7371811,-2463000,4908811
2011/10/24,0,4278642,-1022000,3256642
2011/10/25,0,852476,-570000,282476
2011/10/26,0,2127000,-120000,2007000
2011/10/27,0,3232000,-946159,2285841
2011/10/28,0,6025000,-966547,5058453
2011/10/31,0,2036000,-1715000,321000
2011/11/01,0,2474000,-4145100,-1671100
2011/11/02,0,820000,-1294000,-474000
2011/11/03,0,1897000,-1722076,174924
2011/11/04,0,1656000,-4080510,-2424510
2011/11/07,0,692000,-2658000,-1966000
2011/11/08,0,1104000,-2611712,-1507712
2011/11/09,0,835000,-2540000,-1705000
2011/11/10,0,916000,-3608000,-2692000
2011/11/11,0,1367000,-4542000,-3175000
2011/11/14,0,1290000,-2768001,-1478001
2011/11/15,0,334000,-1456950,-1122950
2011/11/16,0,936000,-2906000,-1970000
2011/11/17,0,879000,-1844289,-965289
2011/11/18,0,288000,-1970406,-1682406
2011/11/21,0,959000,-2516288,-1557288
2011/11/22,0,1915000,-4234529,-2319529
2011/11/23,0,1009000,-1857000,-848000
2011/11/24,0,2057000,-642000,1415000
2011/11/25,0,4881000,-3150800,1730200
2011/11/28,0,1537576,-3786000,-2248424
2011/11/29,0,723000,-2279520,-1556520
2011/11/30,0,2214000,-2371837,-157837
2011/12/01,0,2823000,-3299344,-476344
2011/12/02,0,1017000,-449330,567670
2011/12/05,0,2227000,-338000,1889000
2011/12/06,0,1900000,-1256820,643180
2011/12/07,0,2105000,-516000,1589000
2011/12/08,0,2087000,-1357000,730000
2011/12/09,0,1064000,-792000,272000
2011/12/12,0,1017000,-1516000,-499000
2011/12/13,0,1661000,-1774941,-113941
2011/12/14,0,1235000,-1226000,9000
2011/12/15,0,1771000,-964000,807000
2011/12/16,0,1561000,-467000,1094000
2011/12/19,0,4831000,-2489000,2342000
2011/12/20,0,4192000,-1106000,3086000
2011/12/21,0,5138000,-2636000,2502000
2011/12/22,0,623000,-1353245,-730245
2011/12/23,0,2093000,-422935,1670065
2011/12/26,0,736000,-117000,619000
2011/12/27,0,876000,-214000,662000
2011/12/28,0,1215300,-166000,1049300
2011/12/29,0,2159720,-248000,1911720
2011/12/30,0,2374581,-398000,1976581
2012/01/02,0,1281000,-188000,1093000
2012/01/03,0,2291070,-538822,1752248
2012/01/04,0,2096000,-247670,1848330
2012/01/05,0,2074000,-765000,1309000
2012/01/06,0,1744000,-812000,932000
2012/01/09,0,1217000,-2679000,-1462000
2012/01/10,0,1395000,-2703640,-1308640
2012/01/11,0,2842000,-2266000,576000
2012/01/12,0,3284000,-431000,2853000
2012/01/13,0,2631000,-1443000,1188000
2012/01/16,0,1529000,-588000,941000
2012/01/17,0,2037000,-206090,1830910
2012/01/18,0,2797000,-978930,1818070
2012/01/19,0,0,0,0
2012/01/20,0,0,0,0
2012/01/23,0,0,0,0
2012/01/24,0,0,0,0
2012/01/25,0,0,0,0
2012/01/26,0,0,0,0
2012/01/27,0,0,0,0
2012/01/30,0,8378000,-5637970,2740030
2012/01/31,0,2950516,-3562868,-612352
2012/02/01,0,1677000,-2534000,-857000
2012/02/02,0,1499000,-424000,1075000
2012/02/03,0,1707000,-2924550,-1217550
2012/02/06,0,3123000,-5567000,-2444000
2012/02/07,0,2742000,-3440000,-698000
2012/02/08,0,2349000,-4148000,-1799000
2012/02/09,0,5783000,-3990324,1792676
2012/02/10,0,3072000,-1404960,1667040
2012/02/13,0,1598000,-1674360,-76360
2012/02/14,0,1143166,-335700,807466
2012/02/15,0,3321000,-1267675,2053325
2012/02/16,0,4762000,-2818720,1943280
2012/02/17,0,4971700,-2015000,2956700
2012/02/20,0,1470000,-1546000,-76000
2012/02/21,0,3442000,-2183000,1259000
2012/02/22,0,1846000,-510540,1335460
2012/02/23,0,1998000,-1439000,559000
2012/02/24,0,1869000,-452250,1416750
2012/02/27,0,0,0,0
2012/02/28,0,0,0,0
2012/02/29,0,6005782,-1093000,4912782
2012/03/01,0,1018997,-2051780,-1032783
2012/03/02,0,2124491,-1010000,1114491
2012/03/05,0,3505000,-1778000,1727000
2012/03/06,0,3599000,-3042030,556970
2012/03/07,0,2956980,-2575000,381980
2012/03/08,0,2418000,-1054000,1364000
2012/03/09,0,2239000,-1067900,1171100
2012/03/12,0,7072000,-2861030,4210970
2012/03/13,0,1499000,-1046740,452260
2012/03/14,0,2413000,-404285,2008715
2012/03/15,0,1959000,-785910,1173090
2012/03/16,0,2112000,-589000,1523000
2012/03/19,0,2635000,-388000,2247000
2012/03/20,0,1595002,-972000,623002
2012/03/21,0,2362000,-449014,1912986
2012/03/22,0,561000,-1135090,-574090
2012/03/23,0,949000,-903000,46000
2012/03/26,0,485000,-2264970,-1779970
2012/03/27,0,743000,-258000,485000
2012/03/28,0,1430000,-222620,1207380
2012/03/29,0,2518000,-1039277,1478723
2012/03/30,0,7504573,-8548000,-1043427
2012/04/02,0,6136000,-6202000,-66000
2012/04/03,0,5446869,-7194000,-1747131
2012/04/04,0,0,0,0
2012/04/05,0,5656000,-7853500,-2197500
2012/04/06,0,3677000,-4898865,-1221865
2012/04/09,0,2604200,-3758000,-1153800
2012/04/10,0,171000,-1999000,-1828000
2012/04/11,0,1088000,-2822240,-1734240
2012/04/12,0,1759000,-2918500,-1159500
2012/04/13,0,2510308,-698000,1812308
2012/04/16,0,2475000,-1346000,1129000
2012/04/17,0,1903000,-1852653,50347
2012/04/18,0,3454000,-1337000,2117000
2012/04/19,0,1085000,-1492955,-407955
2012/04/20,0,704000,-991795,-287795
2012/04/23,0,1964430,-577000,1387430
2012/04/24,0,1549000,-1436360,112640
2012/04/25,0,2269000,-237000,2032000
2012/04/26,0,1599000,-1028000,571000
2012/04/27,0,2018000,-815631,1202369
2012/04/30,0,1874000,-703278,1170722
2012/05/01,0,0,0,0
2012/05/02,0,3496000,-1136000,2360000
2012/05/03,0,2304000,-295000,2009000
2012/05/04,0,805000,-689000,116000
2012/05/07,0,1254000,-2237000,-983000
2012/05/08,0,1396000,-596710,799290
2012/05/09,0,1748040,-3008000,-1259960
2012/05/10,0,320894,-3034395,-2713501
2012/05/11,0,630311,-2709000,-2078689
2012/05/14,0,1832000,-1544000,288000
2012/05/15,0,419000,-2423000,-2004000
2012/05/16,0,1161000,-3044000,-1883000
2012/05/17,0,1047000,-1123000,-76000
2012/05/18,0,1135000,-3316000,-2181000
2012/05/21,0,1203000,-1003000,200000
2012/05/22,0,5583000,-6423230,-840230
2012/05/23,0,664000,-2310180,-1646180
2012/05/24,0,581000,-1701000,-1120000
2012/05/25,0,817000,-781000,36000
2012/05/28,0,420403,-782943,-362540
2012/05/29,0,611000,-1150000,-539000
2012/05/30,0,2281000,-3521380,-1240380
2012/05/31,0,1672477,-1940952,-268475
2012/06/01,0,582000,-2261561,-1679561
2012/06/04,0,1054548,-619730,434818
2012/06/05,0,834000,-929000,-95000
2012/06/06,0,597000,-779000,-182000
2012/06/07,0,1550300,-1898750,-348450
2012/06/08,0,479181,-664000,-184819
2012/06/11,0,1802802,-1145000,657802
2012/06/12,0,1665000,-1971000,-306000
2012/06/13,0,1729004,-1459186,269818
2012/06/14,0,1017420,-1232782,-215362
2012/06/15,0,8721759,-7059168,1662591
2012/06/18,0,1634474,-3773000,-2138526
2012/06/19,0,651728,-1986000,-1334272
2012/06/20,0,1588626,-2689000,-1100374
2012/06/21,0,551224,-1466285,-915061
2012/06/22,0,291808,-1921000,-1629192
2012/06/25,0,483000,-3539090,-3056090
2012/06/26,0,373000,-1014000,-641000
2012/06/27,0,1187000,-896720,290280
2012/06/28,0,976000,-2174800,-1198800
2012/06/29,0,1258074,-1262000,-3926
2012/07/02,0,629000,-2115000,-1486000
2012/07/03,0,1074000,-4998260,-3924260
2012/07/04,0,2074052,-908000,1166052
2012/07/05,0,629000,-124250,504750
2012/07/06,0,972000,-551000,421000
2012/07/09,0,768000,-284000,484000
2012/07/10,0,1300000,-375000,925000
2012/07/11,0,963000,-198000,765000
2012/07/12,0,714000,-864000,-150000
2012/07/13,0,458273,-415531,42742
2012/07/16,0,711000,-390000,321000
2012/07/17,0,994000,-589000,405000
2012/07/18,0,444000,-845000,-401000
2012/07/19,0,604000,-428000,176000
2012/07/20,0,439000,-757952,-318952
2012/07/23,0,1922570,-4596000,-2673430
2012/07/24,0,892000,-3696000,-2804000
2012/07/25,0,1123000,-1574000,-451000
2012/07/26,0,656000,-2009535,-1353535
2012/07/27,0,1880000,-1210000,670000
2012/07/30,0,442142,-968000,-525858
2012/07/31,0,2191000,-1659998,531002
2012/08/01,0,843001,-4946000,-4102999
2012/08/02,0,0,0,0
2012/08/03,0,930002,-739630,190372
2012/08/06,0,1676600,-1789000,-112400
2012/08/07,0,2101000,-2004000,97000
2012/08/08,0,1481151,-1745969,-264818
2012/08/09,0,3289000,-2808000,481000
2012/08/10,0,1866000,-2362000,-496000
2012/08/13,0,2173000,-3331000,-1158000
2012/08/14,0,1591000,-1366000,225000
2012/08/15,0,1465000,-1232000,233000
2012/08/16,0,2277000,-1570000,707000
2012/08/17,0,6963000,-2188000,4775000
2012/08/20,0,944510,-1071510,-127000
2012/08/21,0,1805677,-515837,1289840
2012/08/22,0,1533031,-527000,1006031
2012/08/23,0,4727369,-1748000,2979369
2012/08/24,0,1195000,-1190000,5000
2012/08/27,0,1224000,-647000,577000
2012/08/28,0,2800572,-1482000,1318572
2012/08/29,0,1712000,-1511715,200285
2012/08/30,0,1980000,-2589000,-609000
2012/08/31,0,2242702,-1949000,293702
2012/09/03,0,1727219,-212000,1515219
2012/09/04,0,577000,-334000,243000
2012/09/05,0,504010,-1435000,-930990
2012/09/06,0,1046000,-1671000,-625000
2012/09/07,0,1977000,-1288936,688064
2012/09/10,0,820640,-543000,277640
2012/09/11,0,1988000,-619016,1368984
2012/09/12,0,4872000,-1191000,3681000
2012/09/13,0,3985000,-1243551,2741449
2012/09/14,0,4051285,-1043000,3008285
2012/09/17,0,4287000,-823800,3463200
2012/09/18,0,2487000,-1281010,1205990
2012/09/19,0,2952000,-269000,2683000
2012/09/20,0,2193684,-509000,1684684
2012/09/21,0,1821000,-1319000,502000
2012/09/24,0,6404000,-784000,5620000
2012/09/25,0,4459000,-1217510,3241490
2012/09/26,0,1826000,-492000,1334000
2012/09/27,0,3084000,-597922,2486078
2012/09/28,0,2116977,-696681,1420296
2012/10/01,0,4568000,-224600,4343400
2012/10/02,0,3657000,-1472621,2184379
2012/10/03,0,1632000,-451119,1180881
2012/10/04,0,3503000,-596000,2907000
2012/10/05,0,2588000,-706425,1881575
2012/10/08,0,3099200,-230000,2869200
2012/10/09,0,2504000,-178000,2326000
2012/10/10,0,0,0,0
2012/10/11,0,326000,-832762,-506762
2012/10/12,0,1810936,-468000,1342936
2012/10/15,0,2842000,-1922000,920000
2012/10/16,0,2369000,-1388572,980428
2012/10/17,0,5129100,-1146530,3982570
2012/10/18,0,1779000,-1380950,398050
2012/10/19,0,3000000,-495000,2505000
2012/10/22,0,265000,-1321406,-1056406
2012/10/23,0,155100,-469577,-314477
2012/10/24,0,628000,-833198,-205198
2012/10/25,0,2320000,-2341000,-21000
2012/10/26,0,841840,-1242000,-400160
2012/10/29,0,845200,-390443,454757
2012/10/30,0,404000,-1000000,-596000
2012/10/31,0,473000,-830000,-357000
2012/11/01,0,784000,-1173000,-389000
2012/11/02,0,512000,-1407000,-895000
2012/11/05,0,1641000,-1697000,-56000
2012/11/06,0,1709000,-2180000,-471000
2012/11/07,0,1359000,-1496000,-137000
2012/11/08,0,2191000,-2093900,97100
2012/11/09,0,1601000,-3480345,-1879345
2012/11/12,0,1771000,-796000,975000
2012/11/13,0,1311000,-1424000,-113000
2012/11/14,0,1925000,-911000,1014000
2012/11/15,0,1574000,-972000,602000
2012/11/16,0,1291893,-1073000,218893
2012/11/19,0,1246000,-862000,384000
2012/11/20,0,1520500,-369000,1151500
2012/11/21,0,1745000,-1815970,-70970
2012/11/22,0,1269000,-141000,1128000
2012/11/23,0,2208000,-79000,2129000
2012/11/26,0,1446000,-357000,1089000
2012/11/27,0,1474000,-333060,1140940
2012/11/28,0,953500,-428000,525500
2012/11/29,0,2401000,-1880763,520237
2012/11/30,0,3473000,-604095,2868905
2012/12/03,0,2595000,-534721,2060279
2012/12/04,0,1165458,-532000,633458
2012/12/05,0,1686000,-493000,1193000
2012/12/06,0,1329000,-241000,1088000
2012/12/07,0,1213000,-541519,671481
2012/12/10,0,2625000,-1410000,1215000
2012/12/11,0,1707599,-864000,843599
2012/12/12,0,3542000,-1816000,1726000
2012/12/13,0,3191366,-1830170,1361196
2012/12/14,0,1560200,-2459000,-898800
2012/12/17,0,1200000,-1637440,-437440
2012/12/18,0,1702000,-1175000,527000
2012/12/19,0,999000,-1478160,-479160
2012/12/20,0,761000,-1904000,-1143000
2012/12/21,0,912000,-2135532,-1223532
2012/12/24,0,306000,-167000,139000
2012/12/25,0,456000,-167000,289000
2012/12/26,0,646000,-124235,521765
2012/12/27,0,554734,-573000,-18266
2012/12/28,0,1244000,-1854000,-610000
2012/12/31,0,0,0,0
2013/01/01,0,0,0,0
2013/01/02,0,1735000,-74000,1661000
2013/01/03,0,1393000,-493000,900000
2013/01/04,0,1398000,-1430000,-32000
2013/01/07,0,712000,-1600900,-888900
2013/01/08,0,1529000,-1409949,119051
2013/01/09,0,454000,-603000,-149000
2013/01/10,0,3560000,-881000,2679000
2013/01/11,0,1272000,-970000,302000
2013/01/14,0,2200000,-1943603,256397
2013/01/15,0,755000,-695000,60000
2013/01/16,0,984000,-1252000,-268000
2013/01/17,0,1850900,-970000,880900
2013/01/18,0,3238502,-2573502,665000
2013/01/21,0,607000,-805000,-198000
2013/01/22,0,1634000,-512830,1121170
2013/01/23,0,1101000,-522387,578613
2013/01/24,0,688000,-934000,-246000
2013/01/25,0,727000,-1137000,-410000
2013/01/28,0,707000,-481000,226000
2013/01/29,0,1196000,-391000,805000
2013/01/30,0,3926000,-494000,3432000
2013/01/31,0,2401000,-1737530,663470
2013/02/01,0,1314000,-246000,1068000
2013/02/04,0,1452000,-9208000,-7756000
2013/02/05,0,1518000,-3827000,-2309000
2013/02/06,0,1815748,-10617000,-8801252
2013/02/07,0,0,0,0
2013/02/08,0,0,0,0
2013/02/11,0,0,0,0
2013/02/12,0,0,0,0
2013/02/13,0,0,0,0
2013/02/14,0,0,0,0
2013/02/15,0,0,0,0
2013/02/18,0,7509157,-10038123,-2528966
2013/02/19,0,8003969,-13177560,-5173591
2013/02/20,0,2836338,-6819000,-3982662
2013/02/21,0,3049000,-15319949,-12270949
2013/02/22,0,2301000,-4546000,-2245000
2013/02/25,0,2531571,-7470279,-4938708
2013/02/26,0,568493,-10889000,-10320507
2013/02/27,0,2498933,-14220107,-11721174
2013/02/28,0,0,0,0
2013/03/01,0,2334000,-4669000,-2335000
2013/03/04,0,1848000,-4084000,-2236000
2013/03/05,0,1339000,-3070000,-1731000
2013/03/06,0,2077000,-7362665,-5285665
2013/03/07,0,2225000,-4583929,-2358929
2013/03/08,0,2229800,-4529000,-2299200
2013/03/11,0,1114000,-8081000,-6967000
2013/03/12,0,5280000,-4660561,619439
2013/03/13,0,2562000,-6629455,-4067455
2013/03/14,0,851000,-3758621,-2907621
2013/03/15,0,1667000,-6383286,-4716286
2013/03/18,0,905000,-2851321,-1946321
2013/03/19,0,3760000,-7563000,-3803000
2013/03/20,0,1135000,-5957444,-4822444
2013/03/21,0,651540,-1660000,-1008460
2013/03/22,0,5786000,-5600535,185465
2013/03/25,0,1845000,-1714000,131000
2013/03/26,0,1612000,-2116650,-504650
2013/03/27,0,923000,-1125000,-202000
2013/03/28,0,415000,-1585000,-1170000
2013/03/29,0,495000,-546000,-51000
2013/04/01,0,722090,-1082000,-359910
2013/04/02,0,6488000,-3014000,3474000
2013/04/03,0,2634000,-3615000,-981000
2013/04/04,0,0,0,0
2013/04/05,0,0,0,0
2013/04/08,0,1983000,-4949000,-2966000
2013/04/09,0,436000,-2719519,-2283519
2013/04/10,0,3069000,-2606000,463000
2013/04/11,0,4879975,-3701192,1178783
2013/04/12,0,656000,-1776000,-1120000
2013/04/15,0,205855,-1101000,-895145
2013/04/16,0,830937,-1036100,-205163
2013/04/17,0,1128000,-2093000,-965000
2013/04/18,0,943000,-1405000,-462000
2013/04/19,0,1111000,-1074000,37000
2013/04/22,0,1093000,-4194000,-3101000
2013/04/23,0,630000,-4770852,-4140852
2013/04/24,0,786000,-2028000,-1242000
2013/04/25,0,1168000,-4079000,-2911000
2013/04/26,0,1179000,-1587000,-408000
2013/04/29,0,979000,-1116000,-137000
2013/04/30,0,2120000,-2683000,-563000
2013/05/01,0,0,0,0
2013/05/02,0,2045000,-3381553,-1336553
2013/05/03,0,2763000,-4009000,-1246000
2013/05/06,0,1622000,-5210357,-3588357
2013/05/07,0,3896000,-8138021,-4242021
2013/05/08,0,2815000,-5089330,-2274330
2013/05/09,0,4001910,-2044000,1957910
2013/05/10,0,2272000,-2310000,-38000
2013/05/13,0,1435000,-1235000,200000
2013/05/14,0,1381000,-1368000,13000
2013/05/15,0,3091000,-3634000,-543000
2013/05/16,0,2502000,-1457000,1045000
2013/05/17,0,2145000,-1522000,623000
2013/05/20,0,447000,-1408000,-961000
2013/05/21,0,1813300,-1089733,723567
2013/05/22,0,1603283,-1724000,-120717
2013/05/23,0,794000,-2440000,-1646000
2013/05/24,0,3695296,-1616000,2079296
2013/05/27,0,1137563,-1252000,-114437
2013/05/28,0,2194000,-2652678,-458678
2013/05/29,0,3978000,-2014000,1964000
2013/05/30,0,3702000,-3555000,147000
2013/05/31,0,2936000,-1641134,1294866
2013/06/03,0,3532000,-2266000,1266000
2013/06/04,0,2794000,-2428000,366000
2013/06/05,0,1682000,-2155815,-473815
2013/06/06,0,3438332,-3121000,317332
2013/06/07,0,1767000,-3458205,-1691205
2013/06/10,0,660000,-795000,-135000
2013/06/11,0,426325,-1197668,-771343
2013/06/12,0,0,0,0
2013/06/13,0,2012000,-2558270,-546270
2013/06/14,0,1382000,-3208987,-1826987
2013/06/17,0,2319128,-3840000,-1520872
2013/06/18,0,1058000,-4627000,-3569000
2013/06/19,0,951000,-3588000,-2637000
2013/06/20,0,2040000,-5762891,-3722891
2013/06/21,0,4792000,-4652058,139942
2013/06/24,0,1585000,-2928000,-1343000
2013/06/25,0,1502000,-3220000,-1718000
2013/06/26,0,2561000,-1733529,827471
2013/06/27,0,1757000,-1319000,438000
2013/06/28,0,3377000,-1391330,1985670
2013/07/01,0,897000,-774619,122381
2013/07/02,0,820000,-1475579,-655579
2013/07/03,0,2347000,-892900,1454100
2013/07/04,0,504000,-2252000,-1748000
2013/07/05,0,1684000,-2068000,-384000
2013/07/08,0,1226000,-2334000,-1108000
2013/07/09,0,1435000,-3992000,-2557000
2013/07/10,0,2228000,-2502443,-274443
2013/07/11,0,2873000,-250000,2623000
2013/07/12,0,1372000,-425000,947000
2013/07/15,0,2766000,-419972,2346028
2013/07/16,0,2280000,-1742781,537219
2013/07/17,0,3425000,-4832000,-1407000
2013/07/18,0,4212000,-2788000,1424000
2013/07/19,0,2914831,-2930608,-15777
2013/07/22,0,5027356,-1547000,3480356
2013/07/23,0,3807000,-2237000,1570000
2013/07/24,0,4357000,-4711400,-354400
2013/07/25,0,2669000,-1240000,1429000
2013/07/26,0,7163000,-592000,6571000
2013/07/29,0,11919000,-2661000,9258000
2013/07/30,0,2221000,-2149390,71610
2013/07/31,0,11438000,-1413500,10024500
2013/08/01,0,3662000,-1549500,2112500
2013/08/02,0,2779000,-2804000,-25000
2013/08/05,0,1559000,-3470000,-1911000
2013/08/06,0,2816000,-4231000,-1415000
2013/08/07,0,1470000,-2841000,-1371000
2013/08/08,0,999000,-3563000,-2564000
2013/08/09,0,1405000,-2421000,-1016000
2013/08/12,0,3228000,-3824000,-596000
2013/08/13,0,1514870,-2455000,-940130
2013/08/14,0,1039992,-2429056,-1389064
2013/08/15,0,2757000,-5173711,-2416711
2013/08/16,0,1428000,-2597840,-1169840
2013/08/19,0,1163000,-1945000,-782000
2013/08/20,0,3485300,-3226300,259000
2013/08/21,0,0,0,0
2013/08/22,0,9407300,-12329694,-2922394
2013/08/23,0,1839000,-3017000,-1178000
2013/08/26,0,860000,-2075000,-1215000
2013/08/27,0,2824000,-3004000,-180000
2013/08/28,0,1371000,-2145000,-774000
2013/08/29,0,914000,-529000,385000
2013/08/30,0,1371235,-2938000,-1566765
2013/09/02,0,1919000,-2607000,-688000
2013/09/03,0,2122000,-2564000,-442000
2013/09/04,0,2471000,-2463000,8000
2013/09/05,0,2217365,-2764000,-546635
2013/09/06,0,1815000,-2365000,-550000
2013/09/09,0,2539000,-1126300,1412700
2013/09/10,0,1600000,-1006325,593675
2013/09/11,0,1959000,-1054938,904062
2013/09/12,0,1304000,-795241,508759
2013/09/13,0,1133000,-1426980,-293980
2013/09/16,0,2012000,-1722005,289995
2013/09/17,0,2318000,-930999,1387001
2013/09/18,0,1528705,-1067000,461705
2013/09/19,0,0,0,0
2013/09/20,0,0,0,0
2013/09/23,0,2418000,-5005286,-2587286
2013/09/24,0,2442000,-2172326,269674
2013/09/25,0,1571000,-1322586,248414
2013/09/26,0,1268000,-1003000,265000
2013/09/27,0,1694000,-1771868,-77868
2013/09/30,0,1560364,-1783733,-223369
2013/10/01,0,509000,-2166942,-1657942
2013/10/02,0,357624,-1059136,-701512
2013/10/03,0,2580190,-3451362,-871172
2013/10/04,0,1623000,-420585,1202415
2013/10/07,0,743927,-2746000,-2002073
2013/10/08,0,1119000,-1599285,-480285
2013/10/09,0,1030000,-1296030,-266030
2013/10/10,0,0,0,0
2013/10/11,0,687000,-797528,-110528
2013/10/14,0,457000,-170920,286080
2013/10/15,0,990000,-382300,607700
2013/10/16,0,3441000,-788000,2653000
2013/10/17,0,673000,-1374169,-701169
2013/10/18,0,787000,-780700,6300
2013/10/21,0,2347000,-507415,1839585
2013/10/22,0,1374000,-298000,1076000
2013/10/23,0,1236319,-1142000,94319
2013/10/24,0,658000,-2383890,-1725890
2013/10/25,0,797000,-968000,-171000
2013/10/28,0,2146000,-403000,1743000
2013/10/29,0,2292000,-1337000,955000
2013/10/30,0,1418036,-2595123,-1177087
2013/10/31,0,1573000,-1406836,166164
2013/11/01,0,479000,-3937000,-3458000
2013/11/04,0,471000,-6199000,-5728000
2013/11/05,0,519000,-5734943,-5215943
2013/11/06,0,1479000,-5645079,-4166079
2013/11/07,0,1210000,-3138000,-1928000
2013/11/08,0,1358000,-3619172,-2261172
2013/11/11,0,644000,-1500000,-856000
2013/11/12,0,559000,-761414,-202414
2013/11/13,0,717841,-2258222,-1540381
2013/11/14,0,203000,-2153917,-1950917
2013/11/15,0,748000,-1357420,-609420
2013/11/18,0,275000,-1572000,-1297000
2013/11/19,0,612000,-1678379,-1066379
2013/11/20,0,278000,-4001443,-3723443
2013/11/21,0,412000,-3063000,-2651000
2013/11/22,0,684000,-1699304,-1015304
2013/11/25,0,359000,-853000,-494000
2013/11/26,0,2498113,-3662521,-1164408
2013/11/27,0,1163927,-1331000,-167073
2013/11/28,0,1116000,-1021590,94410
2013/11/29,0,657000,-1453932,-796932
2013/12/02,0,872927,-1906496,-1033569
2013/12/03,0,253000,-1429859,-1176859
2013/12/04,0,1001000,-633000,368000
2013/12/05,0,605000,-607000,-2000
2013/12/06,0,390000,-884000,-494000
2013/12/09,0,1079000,-1413299,-334299
2013/12/10,0,1890400,-2026981,-136581
2013/12/11,0,894000,-4140000,-3246000
2013/12/12,0,227000,-1510995,-1283995
2013/12/13,0,1056000,-1710000,-654000
2013/12/16,0,958000,-1630450,-672450
2013/12/17,0,100000,-1795000,-1695000
2013/12/18,0,403000,-1078000,-675000
2013/12/19,0,246100,-2306200,-2060100
2013/12/20,0,3312959,-5270000,-1957041
2013/12/23,0,622000,-1485000,-863000
2013/12/24,0,540000,-521630,18370
2013/12/25,0,144000,-90000,54000
2013/12/26,0,133000,-26000,107000
2013/12/27,0,807000,-1044000,-237000
2013/12/30,0,792000,-372009,419991
2013/12/31,0,916000,-237000,679000
2014/01/02,0,644000,-136000,508000
2014/01/03,0,359000,-2487000,-2128000
2014/01/06,0,995329,-1893000,-897671
2014/01/07,0,310000,-1521000,-1211000
2014/01/08,0,1122000,-411000,711000
2014/01/09,0,1178000,-1260000,-82000
2014/01/10,0,604000,-665000,-61000
2014/01/13,0,464000,-965120,-501120
2014/01/14,0,522000,-1174000,-652000
2014/01/15,0,1084000,-1162108,-78108
2014/01/16,0,1196000,-862000,334000
2014/01/17,0,2755927,-3337000,-581073
2014/01/20,0,3510000,-644869,2865131
2014/01/21,0,1946000,-1258270,687730
2014/01/22,0,1625000,-478000,1147000
2014/01/23,0,385000,-1618000,-1233000
2014/01/24,0,934000,-1105000,-171000
2014/01/27,0,1286000,-2424579,-1138579
2014/02/05,0,3721030,-7149876,-3428846
2014/02/06,0,976120,-4400000,-3423880
2014/02/07,0,1731000,-2507000,-776000
2014/02/10,0,322000,-3609000,-3287000
2014/02/11,0,945261,-1850000,-904739
2014/02/12,0,1337000,-2061850,-724850
2014/02/13,0,755000,-1287000,-532000
2014/02/14,0,1972950,-1469270,503680
2014/02/17,0,459000,-525000,-66000
2014/02/18,0,797000,-1305208,-508208
2014/02/19,0,1034000,-796152,237848
2014/02/20,0,1557000,-1310192,246808
2014/02/21,0,2658000,-2112000,546000
2014/02/24,0,817000,-174000,643000
2014/02/25,0,644307,-617480,26827
2014/02/26,0,1724000,-1660160,63840
2014/02/27,0,1299000,-538606,760394
2014/03/03,0,2219000,-2214000,5000
2014/03/04,0,1059000,-395000,664000
2014/03/05,0,1429570,-1365544,64026
2014/03/06,0,1799000,-918000,881000
2014/03/07,0,1265000,-1617000,-352000
2014/03/10,0,621000,-1050000,-429000
2014/03/11,0,863140,-814621,48519
2014/03/12,0,1032000,-534000,498000
2014/03/13,0,1021000,-254161,766839
2014/03/14,0,2848000,-485000,2363000
2014/03/17,0,338000,-360000,-22000
2014/03/18,0,912000,-454000,458000
2014/03/19,0,622000,-1134000,-512000
2014/03/20,0,406000,-1322055,-916055
2014/03/21,0,1429000,-2364501,-935501
2014/03/24,0,1565000,-881000,684000
2014/03/25,0,958000,-1405870,-447870
2014/03/26,0,684000,-1113071,-429071
2014/03/27,0,1029000,-306000,723000
2014/03/28,0,1463000,-455000,1008000
2014/03/31,0,1570312,-1030000,540312
2014/04/01,0,1078000,-574372,503628
2014/04/02,0,1386000,-2446000,-1060000
2014/04/03,0,1855000,-435000,1420000
2014/04/07,0,2516000,-1231000,1285000
2014/04/08,0,526000,-193000,333000
2014/04/09,0,1298000,-808138,489862
2014/04/10,0,1095000,-667000,428000
2014/04/11,0,1357000,-618000,739000
2014/04/14,0,669210,-539000,130210
2014/04/15,0,923000,-652000,271000
2014/04/16,0,2719000,-227000,2492000
2014/04/17,0,493000,-387000,106000
2014/04/18,0,475000,-108000,367000
2014/04/21,0,472000,-180000,292000
2014/04/22,0,738000,-322000,416000
2014/04/23,0,880000,-1000000,-120000
2014/04/24,0,726100,-196475,529625
2014/04/25,0,3170955,-991000,2179955
2014/04/28,0,1283000,-495180,787820
2014/04/29,0,730000,-266000,464000
2014/04/30,0,645000,-650000,-5000
2014/05/02,0,6306000,-793000,5513000
2014/05/05,0,1355000,-900000,455000
2014/05/06,0,3775000,-681000,3094000
2014/05/07,0,3356000,-1613000,1743000
2014/05/08,0,2247000,-962000,1285000
2014/05/09,0,938000,-606943,331057
2014/05/12,0,1212000,-444000,768000
2014/05/13,0,6716000,-594000,6122000
2014/05/14,0,1892000,-954000,938000
2014/05/15,0,2238000,-2743000,-505000
2014/05/16,0,4451000,-2803000,1648000
2014/05/19,0,880000,-1495765,-615765
2014/05/20,0,2309717,-2165066,144651
2014/05/21,0,1471000,-1668279,-197279
2014/05/22,0,2463000,-316000,2147000
2014/05/23,0,2950000,-939496,2010504
2014/05/26,0,821000,-628000,193000
2014/05/27,0,706000,-822000,-116000
2014/05/28,0,2000000,-1095000,905000
2014/05/29,0,3570000,-2210482,1359518
2014/05/30,0,2989000,-3980463,-991463
2014/06/03,0,3954000,-4402284,-448284
2014/06/04,0,5470000,-3686000,1784000
2014/06/05,0,3525503,-2251000,1274503
2014/06/06,0,2442810,-1505000,937810
2014/06/09,0,1515000,-3332000,-1817000
2014/06/10,0,3890702,-1736713,2153989
2014/06/11,0,863503,-1979100,-1115597
2014/06/12,0,1781503,-450000,1331503
2014/06/13,0,1836507,-646000,1190507
2014/06/16,0,1440000,-845061,594939
2014/06/17,0,3039000,-1354000,1685000
2014/06/18,0,4067100,-2476000,1591100
2014/06/19,0,2737186,-548000,2189186
2014/06/20,0,4967700,-3785880,1181820
2014/06/23,0,3247000,-2313770,933230
2014/06/24,0,2032000,-1049893,982107
2014/06/25,0,2574000,-682325,1891675
2014/06/26,0,2046693,-1288900,757793
2014/06/27,0,1068000,-560000,508000
2014/06/30,0,1023000,-772643,250357
2014/07/01,0,1074000,-687000,387000
2014/07/02,0,906000,-1293181,-387181
2014/07/03,0,1033000,-1319000,-286000
2014/07/04,0,387000,-710932,-323932
2014/07/07,0,1465000,-1510436,-45436
2014/07/08,0,854000,-1399000,-545000
2014/07/09,0,669000,-646000,23000
2014/07/10,0,1524000,-2487000,-963000
2014/07/11,0,1038000,-1604000,-566000
2014/07/14,0,1647000,-4843597,-3196597
2014/07/15,0,1411096,-4254000,-2842904
2014/07/16,0,979700,-1765000,-785300
2014/07/17,0,1088684,-2913490,-1824806
2014/07/18,0,1624000,-5806000,-4182000
2014/07/21,0,1543000,-3079000,-1536000
2014/07/22,0,2549000,-4372000,-1823000
2014/07/23,0,0,0,0
2014/07/24,0,1828000,-1421000,407000
2014/07/25,0,2179000,-984000,1195000
2014/07/28,0,1594000,-1724000,-130000
2014/07/29,0,2084000,-2431000,-347000
2014/07/30,0,1259000,-921000,338000
2014/07/31,0,2108000,-2570000,-462000
2014/08/01,0,1255000,-1701260,-446260
2014/08/04,0,6996000,-4640600,2355400
2014/08/05,0,2632000,-3763411,-1131411
2014/08/06,0,1837630,-759018,1078612
2014/08/07,0,1544661,-2827625,-1282964
2014/08/08,0,1827000,-2829400,-1002400
2014/08/11,0,3011000,-3539000,-528000
2014/08/12,0,3924000,-5127689,-1203689
2014/08/13,0,3314000,-2900000,414000
2014/08/14,0,2983000,-3392000,-409000
2014/08/15,0,3180000,-2816120,363880
2014/08/18,0,937000,-1207000,-270000
2014/08/19,0,2050965,-2159000,-108035
2014/08/20,0,1948965,-1830000,118965
2014/08/21,0,1349000,-1400000,-51000
2014/08/22,0,4043852,-1166665,2877187
2014/08/25,0,1250000,-696000,554000
2014/08/26,0,3976953,-143000,3833953
2014/08/27,0,4930000,-1173090,3756910
2014/08/28,0,707000,-912748,-205748
2014/08/29,0,2682300,-1332000,1350300
2014/09/01,0,1371000,-230000,1141000
2014/09/02,0,1320000,-995385,324615
2014/09/03,0,1750243,-426000,1324243
2014/09/04,0,558000,-526411,31589
2014/09/05,0,939000,-6115000,-5176000
2014/09/09,0,2195536,-402536,1793000
2014/09/10,0,2314000,-2443000,-129000
2014/09/11,0,1882000,-1210000,672000
2014/09/12,0,1809296,-1501000,308296
2014/09/15,0,1002000,-662004,339996
2014/09/16,0,640000,-785000,-145000
2014/09/17,0,1651000,-1694000,-43000
2014/09/18,0,1865382,-1316526,548856
2014/09/19,0,5404000,-3525000,1879000
2014/09/22,0,244200,-2218063,-1973863
2014/09/23,0,396000,-1437000,-1041000
2014/09/24,0,695000,-744000,-49000
2014/09/25,0,1366890,-940000,426890
2014/09/26,0,379000,-672564,-293564
2014/09/29,0,963000,-2429348,-1466348
2014/09/30,0,2180000,-1852000,328000
2014/10/01,0,431000,-2007475,-1576475
2014/10/02,0,796000,-1345000,-549000
2014/10/03,0,987000,-843100,143900
2014/10/06,0,277000,-1298000,-1021000
2014/10/07,0,388000,-1088000,-700000
2014/10/08,0,1650410,-1998986,-348576
2014/10/09,0,501000,-654000,-153000
2014/10/13,0,579000,-2367404,-1788404
2014/10/14,0,1946000,-1431810,514190
2014/10/15,0,2082000,-2586000,-504000
2014/10/16,0,2040000,-2921855,-881855
2014/10/17,0,3634232,-3802000,-167768
2014/10/20,0,1880439,-3724300,-1843861
2014/10/21,0,987000,-1715000,-728000
2014/10/22,0,2280000,-1739642,540358
2014/10/23,0,843500,-1427000,-583500
2014/10/24,0,1299000,-1761556,-462556
2014/10/27,0,1519000,-1240000,279000
2014/10/28,0,2861000,-1311000,1550000
2014/10/29,0,1311000,-1441910,-130910
2014/10/30,0,566773,-1729666,-1162893
2014/10/31,0,1828413,-2009850,-181437
2014/11/03,0,1053000,-2401000,-1348000
2014/11/04,0,1020000,-4342000,-3322000
2014/11/05,0,547000,-5520621,-4973621
2014/11/06,0,487000,-4647000,-4160000
2014/11/07,0,376000,-4544810,-4168810
2014/11/10,0,1337000,-2225000,-888000
2014/11/11,0,384000,-1987000,-1603000
2014/11/12,0,402000,-5264206,-4862206
2014/11/13,0,344000,-3150000,-2806000
2014/11/14,0,645000,-2914407,-2269407
2014/11/17,0,1136000,-5186000,-4050000
2014/11/18,0,953573,-5602164,-4648591
2014/11/19,0,5154000,-5891810,-737810
2014/11/20,0,4631000,-5847814,-1216814
2014/11/21,0,1168000,-2439161,-1271161
2014/11/24,0,963000,-1756000,-793000
2014/11/25,0,4039306,-4480697,-441391
2014/11/26,0,583000,-1958091,-1375091
2014/11/27,0,812000,-1476000,-664000
2014/11/28,0,1022000,-1881392,-859392
2014/12/01,0,438000,-5327835,-4889835
2014/12/02,0,3332944,-8179944,-4847000
2014/12/03,0,1355000,-4578191,-3223191
2014/12/04,0,1301000,-1677000,-376000
2014/12/05,0,762000,-972000,-210000
2014/12/08,0,360000,-1155000,-795000
2014/12/09,0,463000,-726000,-263000
2014/12/10,0,526000,-1465276,-939276
2014/12/11,0,893000,-698000,195000
2014/12/12,0,867573,-1709597,-842024
2014/12/15,0,1065000,-1617000,-552000
2014/12/16,0,1143141,-1763000,-619859
2014/12/17,0,1786895,-4301967,-2515072
2014/12/18,0,1162513,-3183000,-2020487
2014/12/19,0,2093742,-2295000,-201258
2014/12/22,0,1802000,-2461000,-659000
2014/12/23,0,983000,-1335000,-352000
2014/12/24,0,1122000,-689000,433000
2014/12/25,0,1348000,-119000,1229000
2014/12/26,0,550000,-252000,298000
2014/12/29,0,1075000,-477000,598000
2014/12/30,0,607000,-776000,-169000
2014/12/31,0,571700,-971000,-399300
2015/01/01,0,0,0,0
2015/01/02,0,0,0,0
2015/01/05,0,645000,-1423810,-778810
2015/01/06,0,867000,-2380000,-1513000
2015/01/07,0,440000,-2163000,-1723000
2015/01/08,0,1107000,-720430,386570
2015/01/09,0,270000,-617000,-347000
2015/01/12,0,689000,-790000,-101000
2015/01/13,0,1514000,-1724000,-210000
2015/01/14,0,950000,-1819000,-869000
2015/01/15,0,359000,-1109000,-750000
2015/01/16,0,739000,-1612820,-873820
2015/01/19,0,668002,-230000,438002
2015/01/20,0,1148000,-99208,1048792
2015/01/21,0,1183000,-1290000,-107000
2015/01/22,0,1844000,-1081000,763000
2015/01/23,0,4252000,-845000,3407000
2015/01/26,0,3547000,-1968000,1579000
2015/01/27,0,2782000,-2387000,395000
2015/01/28,0,2816000,-1094000,1722000
2015/01/29,0,2374000,-1763000,611000
2015/01/30,0,4481000,-2941000,1540000
2015/02/02,0,2481000,-1244000,1237000
2015/02/03,0,1479000,-1832000,-353000
2015/02/04,0,5732000,-1447000,4285000
2015/02/05,0,2955000,-2065000,890000
2015/02/06,0,4810000,-1823184,2986816
2015/02/09,0,1848000,-335000,1513000
2015/02/10,0,3761000,-371000,3390000
2015/02/11,0,5408001,-2346069,3061932
2015/02/12,0,3184000,-1870000,1314000
2015/02/13,0,2247000,-318000,1929000
2015/02/16,0,0,0,0
2015/02/17,0,0,0,0
2015/02/18,0,0,0,0
2015/02/19,0,0,0,0
2015/02/20,0,0,0,0
2015/02/23,0,0,0,0
2015/02/24,0,5604000,-2958398,2645602
2015/02/25,0,5035838,-3551790,1484048
2015/02/26,0,5538786,-3901458,1637328
2015/02/27,0,0,0,0
2015/03/02,0,3488000,-2898667,589333
2015/03/03,0,2631422,-2218000,413422
2015/03/04,0,1909624,-905000,1004624
2015/03/05,0,2300000,-1531000,769000
2015/03/06,0,2228700,-1423000,805700
2015/03/09,0,697000,-792500,-95500
2015/03/10,0,1697673,-1598270,99403
2015/03/11,0,1415000,-2149000,-734000
2015/03/12,0,2589000,-1451000,1138000
2015/03/13,0,972000,-1731424,-759424
2015/03/16,0,2078000,-2987307,-909307
2015/03/17,0,1696000,-1503000,193000
2015/03/18,0,3049900,-1226962,1822938
2015/03/19,0,1861700,-3442000,-1580300
2015/03/20,0,2093000,-2579977,-486977
2015/03/23,0,1751000,-1313000,438000
2015/03/24,0,3009000,-584000,2425000
2015/03/25,0,1773158,-576000,1197158
2015/03/26,0,2403000,-3380168,-977168
2015/03/27,0,765000,-1874000,-1109000
2015/03/30,0,3793090,-1761350,2031740
2015/03/31,0,1969000,-1590000,379000
2015/04/01,0,504000,-1190000,-686000
2015/04/02,0,2256573,-1698000,558573
2015/04/03,0,0,0,0
2015/04/06,0,0,0,0
2015/04/07,0,604000,-992000,-388000
2015/04/08,0,1541000,-2393688,-852688
2015/04/09,0,956000,-565000,391000
2015/04/10,0,3513000,-1686000,1827000
2015/04/13,0,902388,-1400000,-497612
2015/04/14,0,584000,-1773508,-1189508
2015/04/15,0,1813000,-3301000,-1488000
2015/04/16,0,1484000,-961000,523000
2015/04/17,0,1725874,-3583450,-1857576
2015/04/20,0,977254,-2668000,-1690746
2015/04/21,0,1380000,-5527000,-4147000
2015/04/22,0,2913000,-5079601,-2166601
2015/04/23,0,2263000,-3277000,-1014000
2015/04/24,0,2887000,-2183000,704000
2015/04/27,0,1688000,-968000,720000
2015/04/28,0,1677000,-561000,1116000
2015/04/29,0,2542000,-1526000,1016000
2015/04/30,0,3539000,-2376441,1162559
2015/05/01,0,0,0,0
2015/05/04,0,2585000,-2441304,143696
2015/05/05,0,1943000,-2869960,-926960
2015/05/06,0,2299235,-3018040,-718805
2015/05/07,0,1619000,-1981000,-362000
2015/05/08,0,2041000,-1706000,335000
2015/05/11,0,1214000,-1306000,-92000
2015/05/12,0,1832000,-1946000,-114000
2015/05/13,0,2296472,-721000,1575472
2015/05/14,0,1657450,-2200000,-542550
2015/05/15,0,1604000,-917724,686276
2015/05/18,0,1212000,-578000,634000
2015/05/19,0,1717550,-769000,948550
2015/05/20,0,1810300,-1350000,460300
2015/05/21,0,1936000,-1818000,118000
2015/05/22,0,1445000,-185000,1260000
2015/05/25,0,874000,-581000,293000
2015/05/26,0,2142000,-731000,1411000
2015/05/27,0,1391930,-418000,973930
2015/05/28,0,1823000,-2138874,-315874
2015/05/29,0,6349815,-5420503,929312
2015/06/01,0,1078000,-1555000,-477000
2015/06/02,0,1371140,-1118000,253140
2015/06/03,0,1663000,-953000,710000
2015/06/04,0,2238000,-1775803,462197
2015/06/05,0,1596000,-1699000,-103000
2015/06/08,0,1701000,-1262000,439000
2015/06/09,0,1717000,-1618471,98529
2015/06/10,0,720000,-1439000,-719000
2015/06/11,0,1551000,-2641000,-1090000
2015/06/12,0,1108126,-1060000,48126
2015/06/15,0,976000,-1310797,-334797
2015/06/16,0,2052000,-1236930,815070
2015/06/17,0,2216000,-2764276,-548276
2015/06/18,0,1004000,-3093100,-2089100
2015/06/19,0,0,0,0
2015/06/22,0,2042210,-1224962,817248
2015/06/23,0,1620000,-1305000,315000
2015/06/24,0,1414453,-522000,892453
2015/06/25,0,2525044,-2354000,171044
2015/06/26,0,970000,-662000,308000
2015/06/29,0,1203000,-1387452,-184452
2015/06/30,0,2171000,-1164558,1006442
2015/07/01,0,939000,-394000,545000
2015/07/02,0,712142,-1260000,-547858
2015/07/03,0,639000,-1580000,-941000
2015/07/06,0,1030000,-1813083,-783083
2015/07/07,0,1874000,-866855,1007145
2015/07/08,0,1839000,-3775240,-1936240
2015/07/09,0,1417000,-4059748,-2642748
2015/07/10,0,0,0,0
2015/07/13,0,1504000,-2219485,-715485
2015/07/14,0,2654000,-1416000,1238000
2015/07/15,0,1581000,-1496433,84567
2015/07/16,0,1771000,-921000,850000
2015/07/17,0,1283000,-1349000,-66000
2015/07/20,0,1742210,-1966000,-223790
2015/07/21,0,1258000,-898000,360000
2015/07/22,0,1373000,-1866777,-493777
2015/07/23,0,1165356,-842000,323356
2015/07/24,0,1196018,-1408000,-211982
2015/07/27,0,956000,-1423000,-467000
2015/07/28,0,2384000,-2318000,66000
2015/07/29,0,2291000,-2226169,64831
2015/07/30,0,1811000,-2085449,-274449
2015/07/31,0,2517124,-1637000,880124
2015/08/03,0,1607360,-522000,1085360
2015/08/04,0,2000000,-1066154,933846
2015/08/05,0,909000,-2341000,-1432000
2015/08/06,0,1058000,-3811000,-2753000
2015/08/07,0,1357000,-2741000,-1384000
2015/08/10,0,1111000,-1279000,-168000
2015/08/11,0,2595544,-2897000,-301456
2015/08/12,0,2150000,-1413000,737000
2015/08/13,0,1960000,-4059810,-2099810
2015/08/14,0,679298,-1971000,-1291702
2015/08/17,0,1186161,-2591000,-1404839
2015/08/18,0,2282000,-2654000,-372000
2015/08/19,0,4788285,-7119083,-2330798
2015/08/20,0,2243000,-1988000,255000
2015/08/21,0,764000,-2629000,-1865000
2015/08/24,0,1624000,-2783000,-1159000
2015/08/25,0,1062000,-3008188,-1946188
2015/08/26,0,1476000,-3643904,-2167904
2015/08/27,0,2196000,-2995311,-799311
2015/08/28,0,1261000,-2022313,-761313
2015/08/31,0,2100695,-2404000,-303305
2015/09/01,0,1576510,-2685857,-1109347
2015/09/02,0,1801000,-1399471,401529
2015/09/03,0,660000,-2683000,-2023000
2015/09/04,0,1517792,-2847784,-1329992
2015/09/07,0,1945000,-1967000,-22000
2015/09/08,0,766000,-1473689,-707689
2015/09/09,0,4262905,-2277000,1985905
2015/09/10,0,4579000,-4055478,523522
2015/09/11,0,3467000,-1154000,2313000
2015/09/14,0,4990000,-3602558,1387442
2015/09/15,0,2927000,-1324000,1603000
2015/09/16,0,1906000,-1523216,382784
2015/09/17,0,4596300,-2368969,2227331
2015/09/18,0,5297850,-2295000,3002850
2015/09/21,0,3016000,-3098156,-82156
2015/09/22,0,784000,-959583,-175583
2015/09/23,0,1784000,-2809949,-1025949
2015/09/24,0,1469000,-1893000,-424000
2015/09/25,0,1254288,-1295887,-41599
2015/09/28,0,0,0,0
2015/09/29,0,0,0,0
2015/09/30,0,3390502,-3127436,263066
2015/10/01,0,1719467,-2184000,-464533
2015/10/02,0,2139000,-1374000,765000
2015/10/05,0,1293190,-1808000,-514810
2015/10/06,0,2239000,-2452254,-213254
2015/10/07,0,3215000,-2313000,902000
2015/10/08,0,1011000,-2068000,-1057000
2015/10/09,0,0,0,0
2015/10/12,0,1841000,-1567914,273086
2015/10/13,0,2387573,-1441532,946041
2015/10/14,0,1651665,-1613000,38665
2015/10/15,0,6032000,-2533400,3498600
2015/10/16,0,2289000,-2475232,-186232
2015/10/19,0,3681000,-852000,2829000
2015/10/20,0,3056000,-1500082,1555918
2015/10/21,0,1283000,-664000,619000
2015/10/22,0,2891000,-1207000,1684000
2015/10/23,0,2229000,-1216056,1012944
2015/10/26,0,2515000,-886000,1629000
2015/10/27,0,1268000,-653449,614551
2015/10/28,0,1398511,-1478179,-79668
2015/10/29,0,642000,-758250,-116250
2015/10/30,0,2291000,-1068059,1222941
2015/11/02,0,2295000,-1565010,729990
2015/11/03,0,4069000,-517513,3551487
2015/11/04,0,3066000,-2657437,408563
2015/11/05,0,2198000,-2599000,-401000
2015/11/06,0,3085000,-4303000,-1218000
2015/11/09,0,1353000,-1153000,200000
2015/11/10,0,1157000,-3153000,-1996000
2015/11/11,0,1269000,-2437000,-1168000
2015/11/12,0,1457000,-1013000,444000
2015/11/13,0,1348339,-2515371,-1167032
2015/11/16,0,1363000,-1798000,-435000
2015/11/17,0,1959000,-1333000,626000
2015/11/18,0,560000,-1812000,-1252000
2015/11/19,0,2565000,-1348000,1217000
2015/11/20,0,845000,-692000,153000
2015/11/23,0,976174,-995000,-18826
2015/11/24,0,1117000,-658024,458976
2015/11/25,0,883000,-1151000,-268000
2015/11/26,0,1378000,-1364000,14000
2015/11/27,0,674000,-1902000,-1228000
2015/11/30,0,8665566,-8466280,199286
2015/12/01,0,4076000,-2974637,1101363
2015/12/02,0,1644000,-2911000,-1267000
2015/12/03,0,1191000,-1139878,51122
2015/12/04,0,1298000,-2201000,-903000
2015/12/07,0,1155000,-1672518,-517518
2015/12/08,0,1818000,-1987386,-169386
2015/12/09,0,866000,-2530000,-1664000
2015/12/10,0,1417000,-2726959,-1309959
2015/12/11,0,1697561,-2279620,-582059
2015/12/14,0,1333000,-1844599,-511599
2015/12/15,0,397000,-1397204,-1000204
2015/12/16,0,584000,-1092713,-508713
2015/12/17,0,785604,-1031000,-245396
2015/12/18,0,1997590,-1935000,62590
2015/12/21,0,868672,-844000,24672
2015/12/22,0,676366,-1534000,-857634
2015/12/23,0,786000,-568000,218000
2015/12/24,0,910100,-599000,311100
2015/12/25,0,374000,-772000,-398000
2015/12/28,0,638118,-915000,-276882
2015/12/29,0,411000,-1716000,-1305000
2015/12/30,0,350000,-1190246,-840246
2015/12/31,0,472000,-570000,-98000
2016/01/01,0,0,0,0
2016/01/04,0,413932,-2544000,-2130068
2016/01/05,0,512291,-1327000,-814709
2016/01/06,0,981303,-2518000,-1536697
2016/01/07,0,861981,-2810854,-1948873
2016/01/08,0,1477000,-2128572,-651572
2016/01/11,0,540190,-2095000,-1554810
2016/01/12,0,469000,-1398000,-929000
2016/01/13,0,643000,-1750992,-1107992
2016/01/14,0,864573,-1905000,-1040427
2016/01/15,0,1046000,-3477879,-2431879
2016/01/18,0,1523064,-1958000,-434936
2016/01/19,0,1466000,-1432456,33544
2016/01/20,0,2330570,-2051000,279570
2016/01/21,0,1431000,-1977000,-546000
2016/01/22,0,1799000,-1877310,-78310
2016/01/25,0,1922000,-550824,1371176
2016/01/26,0,828000,-1026000,-198000
2016/01/27,0,1307000,-871660,435340
2016/01/28,0,2302000,-1514279,787721
2016/01/29,0,3426462,-1548000,1878462
2016/02/01,0,1747895,-1551000,196895
2016/02/02,0,1624000,-1447251,176749
2016/02/03,0,2130000,-2226796,-96796
2016/02/04,0,0,0,0
2016/02/05,0,0,0,0
2016/02/08,0,0,0,0
2016/02/09,0,0,0,0
2016/02/10,0,0,0,0
2016/02/11,0,0,0,0
2016/02/12,0,0,0,0
2016/02/15,0,2250573,-2383616,-133043
2016/02/16,0,2194000,-2670000,-476000
2016/02/17,0,807146,-1406000,-598854
2016/02/18,0,2738000,-1367400,1370600
2016/02/19,0,3307570,-639000,2668570
2016/02/22,0,1275000,-1085706,189294
2016/02/23,0,1587251,-1197706,389545
2016/02/24,0,1853000,-1647868,205132
2016/02/25,0,1791680,-1988000,-196320
2016/02/26,0,2961237,-884861,2076376
2016/02/29,0,0,0,0
2016/03/01,0,1668741,-1999814,-331073
2016/03/02,0,2747800,-2006000,741800
2016/03/03,0,2836389,-1488000,1348389
2016/03/04,0,2045000,-2715623,-670623
2016/03/07,0,2270000,-697000,1573000
2016/03/08,0,2062000,-1254000,808000
2016/03/09,0,1214000,-1218000,-4000
2016/03/10,0,1755000,-737000,1018000
2016/03/11,0,2245000,-2670377,-425377
2016/03/14,0,2474000,-596000,1878000
2016/03/15,0,1898000,-1718000,180000
2016/03/16,0,2758000,-1542630,1215370
2016/03/17,0,3644366,-1169324,2475042
2016/03/18,0,6662273,-4729258,1933015
2016/03/21,0,1527000,-430000,1097000
2016/03/22,0,1881000,-1556000,325000
2016/03/23,0,1524000,-1632000,-108000
2016/03/24,0,1276000,-513000,763000
2016/03/25,0,203000,-722000,-519000
2016/03/28,0,619000,-441000,178000
2016/03/29,0,1230000,-1278900,-48900
2016/03/30,0,3198000,-1666000,1532000
2016/03/31,0,2911000,-2516080,394920
2016/04/01,0,989000,-3071000,-2082000
2016/04/04,0,0,0,0
2016/04/05,0,0,0,0
2016/04/06,0,4314069,-4872507,-558438
2016/04/07,0,2644941,-4141892,-1496951
2016/04/08,0,2529000,-4053630,-1524630
2016/04/11,0,1442000,-2248389,-806389
2016/04/12,0,1882683,-1396514,486169
2016/04/13,0,3113504,-1499514,1613990
2016/04/14,0,2261000,-935242,1325758
2016/04/15,0,1396046,-979000,417046
2016/04/18,0,654000,-571000,83000
2016/04/19,0,964359,-1372000,-407641
2016/04/20,0,972412,-1314000,-341588
2016/04/21,0,1775000,-669000,1106000
2016/04/22,0,3147683,-703000,2444683
2016/04/25,0,793812,-1085000,-291188
2016/04/26,0,3085388,-1179000,1906388
2016/04/27,0,1654000,-1892745,-238745
2016/04/28,0,1067000,-1841000,-774000
2016/04/29,0,1873000,-1732000,141000
2016/05/02,0,0,0,0
2016/05/03,0,1378000,-1758091,-380091
2016/05/04,0,1743000,-2759885,-1016885
2016/05/05,0,1584000,-2200000,-616000
2016/05/06,0,1394366,-4454958,-3060592
2016/05/09,0,1305000,-2628000,-1323000
2016/05/10,0,869683,-1877000,-1007317
2016/05/11,0,1217000,-2689000,-1472000
2016/05/12,0,1053000,-1385000,-332000
2016/05/13,0,1122453,-3438000,-2315547
2016/05/16,0,463000,-1005000,-542000
2016/05/17,0,740906,-1451000,-710094
2016/05/18,0,2068732,-1418701,650031
2016/05/19,0,877000,-2852800,-1975800
2016/05/20,0,744000,-933871,-189871
2016/05/23,0,1632527,-843000,789527
2016/05/24,0,1711970,-336000,1375970
2016/05/25,0,2019417,-915000,1104417
2016/05/26,0,1844600,-521000,1323600
2016/05/27,0,1920000,-620000,1300000
2016/05/30,0,2134000,-641000,1493000
2016/05/31,0,4014000,-3470665,543335
2016/06/01,0,2338366,-410840,1927526
2016/06/02,0,2275732,-775000,1500732
2016/06/03,0,1898000,-600000,1298000
2016/06/06,0,1790000,-1467000,323000
2016/06/07,0,4212000,-1993400,2218600
2016/06/08,0,4263000,-2161000,2102000
2016/06/09,0,0,0,0
2016/06/10,0,0,0,0
2016/06/13,0,2239000,-4237991,-1998991
2016/06/14,0,4596000,-1268000,3328000
2016/06/15,0,2665000,-1536134,1128866
2016/06/16,0,3419000,-3560000,-141000
2016/06/17,0,3550000,-3901822,-351822
2016/06/20,0,3508000,-3767552,-259552
2016/06/21,0,6062049,-7348000,-1285951
2016/06/22,0,2597352,-1404000,1193352
2016/06/23,0,1987000,-1797000,190000
2016/06/24,0,2061000,-1832000,229000
2016/06/27,0,767302,-279000,488302
2016/06/28,0,1914000,-2930966,-1016966
2016/06/29,0,3284000,-3109065,174935
2016/06/30,0,3996000,-2617515,1378485
2016/07/01,0,2514000,-2752029,-238029
2016/07/04,0,1325000,-1560000,-235000
2016/07/05,0,1776000,-2022000,-246000
2016/07/06,0,3621569,-3330000,291569
2016/07/07,0,2088000,-2235438,-147438
2016/07/08,0,0,0,0
2016/07/11,0,4815446,-1412000,3403446
2016/07/12,0,5553000,-9794870,-4241870
2016/07/13,0,5207000,-3302000,1905000
2016/07/14,0,2532732,-1583000,949732
2016/07/15,0,6038000,-2325000,3713000
2016/07/18,0,3265000,-968000,2297000
2016/07/19,0,6780000,-1157000,5623000
2016/07/20,0,5500000,-732000,4768000
2016/07/21,0,3168000,-933500,2234500
2016/07/22,0,6351000,-804457,5546543
2016/07/25,0,2442000,-1328000,1114000
2016/07/26,0,5837000,-677000,5160000
2016/07/27,0,2880040,-2046000,834040
2016/07/28,0,2139097,-996000,1143097
2016/07/29,0,3005000,-2880000,125000
2016/08/01,0,5256032,-1981000,3275032
2016/08/02,0,5396881,-1871000,3525881
2016/08/03,0,2591883,-4199000,-1607117
2016/08/04,0,4280000,-1967000,2313000
2016/08/05,0,4395870,-1490000,2905870
2016/08/08,0,2861649,-1738000,1123649
2016/08/09,0,4954000,-1636000,3318000
2016/08/10,0,6009527,-1059000,4950527
2016/08/11,0,3479000,-1802000,1677000
2016/08/12,0,5239000,-1641000,3598000
2016/08/15,0,3002080,-1787000,1215080
2016/08/16,0,4444000,-2251000,2193000
2016/08/17,0,4961445,-1917000,3044445
2016/08/18,0,4682000,-1954708,2727292
2016/08/19,0,3065503,-2118000,947503
2016/08/22,0,1975000,-682360,1292640
2016/08/23,0,2109040,-644000,1465040
2016/08/24,0,1222052,-310000,912052
2016/08/25,0,2366000,-898600,1467400
2016/08/26,0,1767661,-1967000,-199339
2016/08/29,0,1854000,-1989000,-135000
2016/08/30,0,2355000,-2247577,107423
2016/08/31,0,7244975,-4358400,2886575
2016/09/01,0,1866685,-2066124,-199439
2016/09/02,0,1688000,-1560905,127095
2016/09/05,0,1922000,-1092000,830000
2016/09/06,0,2913000,-1334000,1579000
2016/09/07,0,1705162,-1354000,351162
2016/09/08,0,3225818,-2466835,758983
2016/09/09,0,3004000,-2883000,121000
2016/09/12,0,1558000,-3089064,-1531064
2016/09/13,0,2804865,-3699000,-894135
2016/09/14,0,2386796,-3959000,-1572204
2016/09/15,0,0,0,0
2016/09/16,0,0,0,0
2016/09/19,0,3501483,-4670046,-1168563
2016/09/20,0,2186000,-1851444,334556
2016/09/21,0,1396000,-1992000,-596000
2016/09/22,0,1139000,-1068000,71000
2016/09/23,0,3642000,-786000,2856000
2016/09/26,0,1513776,-2234000,-720224
2016/09/27,0,0,0,0
2016/09/28,0,0,0,0
2016/09/29,0,3394000,-1777055,1616945
2016/09/30,0,1757000,-2178391,-421391
2016/10/03,0,712571,-629000,83571
2016/10/04,0,2734920,-275196,2459724
2016/10/05,0,734000,-462047,271953
2016/10/06,0,791540,-708000,83540
2016/10/07,0,540000,-1084000,-544000
2016/10/10,0,0,0,0
2016/10/11,0,1205918,-741711,464207
2016/10/12,0,892623,-1145103,-252480
2016/10/13,0,3547000,-2588000,959000
2016/10/14,0,773000,-927000,-154000
2016/10/17,0,1858000,-1284710,573290
2016/10/18,0,2859146,-528000,2331146
2016/10/19,0,1411075,-929000,482075
2016/10/20,0,1509610,-1331000,178610
2016/10/21,0,2069000,-2351937,-282937
2016/10/24,0,754000,-989660,-235660
2016/10/25,0,1461946,-875000,586946
2016/10/26,0,537000,-679000,-142000
2016/10/27,0,737107,-1227082,-489975
2016/10/28,0,1146000,-844000,302000
2016/10/31,0,954508,-1045000,-90492
2016/11/01,0,608000,-1358098,-750098
2016/11/02,0,256600,-1232288,-975688
2016/11/03,0,1168000,-1784845,-616845
2016/11/04,0,270000,-1332000,-1062000
2016/11/07,0,3082000,-1919830,1162170
2016/11/08,0,5747600,-607000,5140600
2016/11/09,0,2940000,-2146000,794000
2016/11/10,0,1355000,-1955000,-600000
2016/11/11,0,2856000,-3767516,-911516
2016/11/14,0,1970000,-2141000,-171000
2016/11/15,0,1602000,-1704358,-102358
2016/11/16,0,4327000,-1738830,2588170
2016/11/17,0,3645000,-1064502,2580498
2016/11/18,0,1605000,-1242905,362095
2016/11/21,0,2260000,-1581608,678392
2016/11/22,0,4185000,-1063487,3121513
2016/11/23,0,3179000,-1240194,1938806
2016/11/24,0,1647439,-607000,1040439
2016/11/25,0,1694000,-281000,1413000
2016/11/28,0,3577000,-445000,3132000
2016/11/29,0,1983000,-2432420,-449420
2016/11/30,0,9077000,-3828485,5248515
2016/12/01,0,2575600,-3234000,-658400
2016/12/02,0,1617000,-4841956,-3224956
2016/12/05,0,2392000,-1644588,747412
2016/12/06,0,5842000,-5234484,607516
2016/12/07,0,3176000,-3706000,-530000
2016/12/08,0,7007000,-1715000,5292000
2016/12/09,0,3224491,-2339139,885352
2016/12/12,0,1119000,-803000,316000
2016/12/13,0,2429227,-1929775,499452
2016/12/14,0,3181809,-1999000,1182809
2016/12/15,0,2128000,-1824000,304000
2016/12/16,0,2539000,-2173512,365488
2016/12/19,0,1362782,-1316235,46547
2016/12/20,0,1328280,-1217623,110657
2016/12/21,0,2232557,-2643600,-411043
2016/12/22,0,419216,-862715,-443499
2016/12/23,0,339000,-1102000,-763000
2016/12/26,0,341000,-242000,99000
2016/12/27,0,199000,-247000,-48000
2016/12/28,0,457000,-466000,-9000
2016/12/29,0,991431,-1295687,-304256
2016/12/30,0,1173335,-469000,704335
2017/01/02,0,0,0,0
2017/01/03,0,614000,-559000,55000
2017/01/04,0,2223000,-1402000,821000
2017/01/05,0,1959400,-2077000,-117600
2017/01/06,0,1281000,-859000,422000
2017/01/09,0,567848,-498000,69848
2017/01/10,0,1546000,-1519000,27000
2017/01/11,0,1161400,-1849030,-687630
2017/01/12,0,4272450,-3906000,366450
2017/01/13,0,1971800,-5837000,-3865200
2017/01/16,0,323000,-2004000,-1681000
2017/01/17,0,683000,-1009000,-326000
2017/01/18,0,1084300,-3004707,-1920407
2017/01/19,0,782759,-3067341,-2284582
2017/01/20,0,364384,-1922770,-1558386
2017/01/23,0,1402847,-3155714,-1752867
2017/01/24,0,1743417,-2974790,-1231373
2017/01/25,0,0,0,0
2017/01/26,0,0,0,0
2017/01/27,0,0,0,0
2017/01/30,0,0,0,0
2017/01/31,0,0,0,0
2017/02/01,0,0,0,0
2017/02/02,0,2421016,-4841141,-2420125
2017/02/03,0,2427000,-3719842,-1292842
2017/02/06,0,1973364,-1768239,205125
2017/02/07,0,818007,-1943268,-1125261
2017/02/08,0,3646148,-4007037,-360889
2017/02/09,0,3181000,-7776618,-4595618
2017/02/10,0,5889476,-4597869,1291607
2017/02/13,0,4293200,-2932000,1361200
2017/02/14,0,13165476,-5234027,7931449
2017/02/15,0,5388019,-3184031,2203988
2017/02/16,0,2200476,-1904788,295688
2017/02/17,0,1853000,-2093000,-240000
2017/02/20,0,1002326,-619000,383326
2017/02/21,0,1105000,-1523166,-418166
2017/02/22,0,1676714,-1852400,-175686
2017/02/23,0,1482000,-851169,630831
2017/02/24,0,1603902,-1134111,469791
2017/02/27,0,0,0,0
2017/02/28,0,0,0,0
2017/03/01,0,2082225,-2273365,-191140
2017/03/02,0,3876854,-1552800,2324054
2017/03/03,0,1378000,-2258403,-880403
2017/03/06,0,1529227,-1929600,-400373
2017/03/07,0,1018465,-903957,114508
2017/03/08,0,2849000,-1746629,1102371
2017/03/09,0,3360708,-5501943,-2141235
2017/03/10,0,595279,-1445347,-850068
2017/03/13,0,1108801,-946931,161870
2017/03/14,0,2338200,-1514565,823635
2017/03/15,0,630000,-1190400,-560400
2017/03/16,0,2131657,-729402,1402255
2017/03/17,0,4756556,-3594971,1161585
2017/03/20,0,812000,-616470,195530
2017/03/21,0,1441080,-1964244,-523164
2017/03/22,0,932929,-922000,10929
2017/03/23,0,1644001,-713567,930434
2017/03/24,0,431309,-340000,91309
2017/03/27,0,1274000,-604000,670000
2017/03/28,0,1268000,-2398958,-1130958
2017/03/29,0,1067628,-1864533,-796905
2017/03/30,0,1927000,-3319000,-1392000
2017/03/31,0,2055097,-2612000,-556903
2017/04/03,0,0,0,0
2017/04/04,0,0,0,0
2017/04/05,0,3078145,-2211000,867145
2017/04/06,0,1241000,-1301000,-60000
2017/04/07,0,2263565,-1635000,628565
2017/04/10,0,758000,-1738000,-980000
2017/04/11,0,1682285,-1209000,473285
2017/04/12,0,2539000,-2040963,498037
2017/04/13,0,2411000,-3959000,-1548000
2017/04/14,0,12000,-1979000,-1967000
2017/04/17,0,178000,-818000,-640000
2017/04/18,0,1053000,-1253000,-200000
2017/04/19,0,1112000,-3962648,-2850648
2017/04/20,0,789000,-1608000,-819000
2017/04/21,0,1064000,-1334500,-270500
2017/04/24,0,1406552,-2343000,-936448
2017/04/25,0,1944910,-1196000,748910
2017/04/26,0,2625000,-1117000,1508000
2017/04/27,0,884582,-913000,-28418
2017/04/28,0,1616730,-1198000,418730
2017/05/01,0,0,0,0
2017/05/02,0,2485713,-2622000,-136287
2017/05/03,0,364000,-880000,-516000
2017/05/04,0,6646273,-1059654,5586619
2017/05/05,0,4712400,-1999000,2713400
2017/05/08,0,4812350,-778350,4034000
2017/05/09,0,2452972,-1850000,602972
2017/05/10,0,2673282,-2027410,645872
2017/05/11,0,2147479,-1735000,412479
2017/05/12,0,1207686,-560000,647686
2017/05/15,0,2634400,-3048000,-413600
2017/05/16,0,4127800,-2163760,1964040
2017/05/17,0,3050000,-964644,2085356
2017/05/18,0,2263400,-1245000,1018400
2017/05/19,0,1483000,-1399000,84000
2017/05/22,0,701684,-703000,-1316
2017/05/23,0,1560000,-2352097,-792097
2017/05/24,0,1865836,-3855000,-1989164
2017/05/25,0,3969000,-1713777,2255223
2017/05/26,0,0,0,0
2017/05/29,0,0,0,0
2017/05/30,0,0,0,0
2017/05/31,0,3309812,-6169109,-2859297
2017/06/01,0,1794000,-2396255,-602255
2017/06/02,0,1914000,-1882914,31086
2017/06/05,0,1069996,-2826000,-1756004
2017/06/06,0,1032308,-1901000,-868692
2017/06/07,0,784000,-2963515,-2179515
2017/06/08,0,1874000,-2511000,-637000
2017/06/09,0,892000,-2518450,-1626450
2017/06/12,0,729610,-2230000,-1500390
2017/06/13,0,824000,-2766843,-1942843
2017/06/14,0,852000,-3468121,-2616121
2017/06/15,0,2335000,-3001543,-666543
2017/06/16,0,3285000,-3229716,55284
2017/06/19,0,3010200,-3118939,-108739
2017/06/20,0,1961000,-3920493,-1959493
2017/06/21,0,2868619,-1920233,948386
2017/06/22,0,2386954,-2569480,-182526
2017/06/23,0,857000,-1267183,-410183
2017/06/26,0,2125000,-759604,1365396
2017/06/27,0,5871000,-3490000,2381000
2017/06/28,0,1051000,-1879241,-828241
2017/06/29,0,579274,-820513,-241239
2017/06/30,0,1121000,-1428000,-307000
2017/07/03,0,745000,-591538,153462
2017/07/04,0,1819000,-1369000,450000
2017/07/05,0,2135000,-1631217,503783
2017/07/06,0,351000,-2106825,-1755825
2017/07/07,0,1589755,-1150830,438925
2017/07/10,0,765285,-1217004,-451719
2017/07/11,0,1808692,-1393000,415692
2017/07/12,0,1436052,-1547584,-111532
2017/07/13,0,2385000,-669830,1715170
2017/07/14,0,1556476,-1476000,80476
2017/07/17,0,2496000,-2378000,118000
2017/07/18,0,4287982,-3431000,856982
2017/07/19,0,2773000,-2195765,577235
2017/07/20,0,1581209,-1142000,439209
2017/07/21,0,671190,-987296,-316106
2017/07/24,0,987200,-1282000,-294800
2017/07/25,0,1277000,-1192200,84800
2017/07/26,0,2623000,-3434943,-811943
2017/07/27,0,3802000,-1299000,2503000
2017/07/28,0,2363063,-830600,1532463
2017/07/31,0,2569000,-2202620,366380
2017/08/01,0,10744000,-1248000,9496000
2017/08/02,0,7515380,-9921000,-2405620
2017/08/03,0,3540109,-5231997,-1691888
2017/08/04,0,3629000,-5573000,-1944000
2017/08/07,0,1983305,-3133841,-1150536
2017/08/08,0,1513000,-5797021,-4284021
2017/08/09,0,2167854,-5239000,-3071146
2017/08/10,0,1512400,-4272000,-2759600
2017/08/11,0,4299000,-9599000,-5300000
2017/08/14,0,3384000,-3716996,-332996
2017/08/15,0,2310000,-4887035,-2577035
2017/08/16,0,1264000,-4465938,-3201938
2017/08/17,0,1176000,-1616000,-440000
2017/08/18,0,917000,-1253000,-336000
