Date,Open,Buy,Sell,Total
2007/01/02,0,869000,-1470000,-601000
2007/01/03,0,722000,-1355000,-633000
2007/01/04,0,4205395,-8276000,-4070605
2007/01/05,0,4539000,-7096400,-2557400
2007/01/08,0,851000,-4211044,-3360044
2007/01/09,0,1821000,-3121000,-1300000
2007/01/10,0,4003000,-16435150,-12432150
2007/01/11,0,4734000,-12614600,-7880600
2007/01/12,0,4348326,-3442000,906326
2007/01/15,0,7748000,-9546000,-1798000
2007/01/16,0,2199000,-2041000,158000
2007/01/17,0,218000,-3202375,-2984375
2007/01/18,0,1470000,-8255000,-6785000
2007/01/19,0,5469000,-14154000,-8685000
2007/01/22,0,2103000,-3056005,-953005
2007/01/23,0,1976000,-7209000,-5233000
2007/01/24,0,11645000,-9910000,1735000
2007/01/25,0,4703000,-7789000,-3086000
2007/01/26,0,3022000,-4857900,-1835900
2007/01/29,0,3107000,-3324000,-217000
2007/01/30,0,2794000,-2061000,733000
2007/01/31,0,14299000,-7009000,7290000
2007/02/01,0,2252900,-2419000,-166100
2007/02/02,0,5765000,-4181000,1584000
2007/02/05,0,214700,-668000,-453300
2007/02/06,0,2610000,-2715000,-105000
2007/02/07,0,4499000,-4187815,311185
2007/02/08,0,13730000,-7782000,5948000
2007/02/09,0,26463000,-19148000,7315000
2007/02/12,0,16284000,-8964000,7320000
2007/02/13,0,2735000,-714000,2021000
2007/02/14,0,2738000,-2891000,-153000
2007/02/15,0,0,0,0
2007/02/16,0,0,0,0
2007/02/19,0,0,0,0
2007/02/20,0,0,0,0
2007/02/21,0,0,0,0
2007/02/22,0,0,0,0
2007/02/23,0,0,0,0
2007/02/26,0,12658000,-14253099,-1595099
2007/02/27,0,6155000,-5663000,492000
2007/02/28,0,0,0,0
2007/03/01,0,5622045,-6492000,-869955
2007/03/02,0,4035000,-5633200,-1598200
2007/03/05,0,4167000,-8876000,-4709000
2007/03/06,0,0,-4949000,-4949000
2007/03/07,0,7357000,-9560226,-2203226
2007/03/08,0,77000,-3104000,-3027000
2007/03/09,0,737000,-3248012,-2511012
2007/03/12,0,4423000,-7517000,-3094000
2007/03/13,0,5731000,-5156275,574725
2007/03/14,0,2131000,-3080000,-949000
2007/03/15,0,2314000,-2810000,-496000
2007/03/16,0,1288000,-1053000,235000
2007/03/19,0,5341000,-4174000,1167000
2007/03/20,0,5532000,-4500000,1032000
2007/03/21,0,6105000,-6154000,-49000
2007/03/22,0,2551909,-2851000,-299091
2007/03/23,0,10792000,-11362000,-570000
2007/03/26,0,7108000,-8013000,-905000
2007/03/27,0,7026000,-6542000,484000
2007/03/28,0,2303000,-2658000,-355000
2007/03/29,0,4024000,-3641000,383000
2007/03/30,0,3647000,-3101000,546000
2007/04/02,0,7778600,-6541000,1237600
2007/04/03,0,4354000,-4520950,-166950
2007/04/04,0,4844000,-5090000,-246000
2007/04/05,0,0,0,0
2007/04/06,0,0,0,0
2007/04/09,0,3298000,-2327000,971000
2007/04/10,0,3585000,-2001000,1584000
2007/04/11,0,2639000,-3260000,-621000
2007/04/12,0,3079000,-2651000,428000
2007/04/13,0,279000,-514000,-235000
2007/04/16,0,508000,-1617000,-1109000
2007/04/17,0,2502000,-2593574,-91574
2007/04/18,0,6745000,-4264000,2481000
2007/04/19,0,7274000,-3304545,3969455
2007/04/20,0,4567000,-5279000,-712000
2007/04/23,0,3727000,-2480000,1247000
2007/04/24,0,933000,-342000,591000
2007/04/25,0,3565000,-3504000,61000
2007/04/26,0,523000,-1555000,-1032000
2007/04/27,0,5312000,-5400000,-88000
2007/04/30,0,545000,-1432667,-887667
2007/05/01,0,0,0,0
2007/05/02,0,18309064,-10811000,7498064
2007/05/03,0,18654000,-8392000,10262000
2007/05/04,0,15572000,-5169000,10403000
2007/05/07,0,5047000,-3562000,1485000
2007/05/08,0,11038000,-8761585,2276415
2007/05/09,0,31532000,-5638685,25893315
2007/05/10,0,3799000,-1968725,1830275
2007/05/11,0,4722000,-3006000,1716000
2007/05/14,0,4720000,-3525000,1195000
2007/05/15,0,1637000,-979000,658000
2007/05/16,0,1668000,-1241000,427000
2007/05/17,0,4551685,-4628435,-76750
2007/05/18,0,1895000,-2070000,-175000
2007/05/21,0,2888000,-2859000,29000
2007/05/22,0,9483000,-10729000,-1246000
2007/05/23,0,5912000,-5853000,59000
2007/05/24,0,4339000,-7332316,-2993316
2007/05/25,0,374000,-438427,-64427
2007/05/28,0,443000,-1125000,-682000
2007/05/29,0,743000,-253000,490000
2007/05/30,0,4300000,-6653000,-2353000
2007/05/31,0,1432000,-2187667,-755667
2007/06/01,0,4265000,-2322000,1943000
2007/06/04,0,4485200,-7387610,-2902410
2007/06/05,0,893000,-124000,769000
2007/06/06,0,2955000,-2154750,800250
2007/06/07,0,1863000,-700000,1163000
2007/06/08,0,3377000,-6460485,-3083485
2007/06/11,0,1591300,-2305000,-713700
2007/06/12,0,1962000,-3948000,-1986000
2007/06/13,0,525000,-1134000,-609000
2007/06/14,0,8124000,-2503000,5621000
2007/06/15,0,8682000,-5021000,3661000
2007/06/18,0,0,0,0
2007/06/19,0,0,0,0
2007/06/20,0,5091000,-2508000,2583000
2007/06/21,0,6222000,-2411000,3811000
2007/06/22,0,7872000,-4185000,3687000
2007/06/25,0,10280000,-3974000,6306000
2007/06/26,0,5986000,-1509000,4477000
2007/06/27,0,4757000,-3232275,1524725
2007/06/28,0,9388064,-5863000,3525064
2007/06/29,0,8984000,-9773917,-789917
2007/07/02,0,8473700,-6322000,2151700
2007/07/03,0,8996000,-5315500,3680500
2007/07/04,0,8050355,-4209800,3840555
2007/07/05,0,4154000,-2681000,1473000
2007/07/06,0,1552000,-3865000,-2313000
2007/07/09,0,5694000,-7127749,-1433749
2007/07/10,0,6576000,-6389000,187000
2007/07/11,0,19312000,-16843114,2468886
2007/07/12,0,2776000,-3132325,-356325
2007/07/13,0,1951000,-2584135,-633135
2007/07/16,0,3275600,-3875000,-599400
2007/07/17,0,11587000,-9996262,1590738
2007/07/18,0,5095000,-8243678,-3148678
2007/07/19,0,3127000,-5745000,-2618000
2007/07/20,0,871000,-3416000,-2545000
2007/07/23,0,1828885,-8136947,-6308062
2007/07/24,0,6632000,-4345000,2287000
2007/07/25,0,5854699,-5478000,376699
2007/07/26,0,9541000,-13263000,-3722000
2007/07/27,0,4016000,-8557000,-4541000
2007/07/30,0,10132511,-12750500,-2617989
2007/07/31,0,6545000,-7606787,-1061787
2007/08/01,0,12940000,-13552000,-612000
2007/08/02,0,8425000,-3636000,4789000
2007/08/03,0,12448000,-8645000,3803000
2007/08/06,0,1764000,-3280000,-1516000
2007/08/07,0,7656000,-1805940,5850060
2007/08/08,0,1221500,-1160000,61500
2007/08/09,0,1534446,-854000,680446
2007/08/10,0,1365000,-4612200,-3247200
2007/08/13,0,887000,-903000,-16000
2007/08/14,0,1756000,-1841000,-85000
2007/08/15,0,3460299,-2666000,794299
2007/08/16,0,8892000,-10636000,-1744000
2007/08/17,0,3456000,-5461000,-2005000
2007/08/20,0,3449000,-4954000,-1505000
2007/08/21,0,5881000,-6431470,-550470
2007/08/22,0,6585075,-8516970,-1931895
2007/08/23,0,4277000,-3901000,376000
2007/08/24,0,2320200,-3389500,-1069300
2007/08/27,0,3750000,-3306965,443035
2007/08/28,0,4289000,-3895781,393219
2007/08/29,0,7371000,-2370000,5001000
2007/08/30,0,5801000,-6315000,-514000
2007/08/31,0,4289000,-1264000,3025000
2007/09/03,0,2919000,-1361900,1557100
2007/09/04,0,5384000,-3008000,2376000
2007/09/05,0,5622000,-3649000,1973000
2007/09/06,0,3063000,-249000,2814000
2007/09/07,0,3683000,-1202000,2481000
2007/09/10,0,2213000,-2460000,-247000
2007/09/11,0,798000,-108000,690000
2007/09/12,0,3233000,-1742000,1491000
2007/09/13,0,3594000,-1590000,2004000
2007/09/14,0,2471200,-821200,1650000
2007/09/17,0,646214,-539000,107214
2007/09/18,0,0,0,0
2007/09/19,0,6046700,-2889000,3157700
2007/09/20,0,3315000,-2826000,489000
2007/09/21,0,1310000,-1557000,-247000
2007/09/24,0,0,0,0
2007/09/25,0,0,0,0
2007/09/26,0,5454500,-3919000,1535500
2007/09/27,0,4516000,-2988000,1528000
2007/09/28,0,912000,-839000,73000
2007/10/01,0,2216400,-3846000,-1629600
2007/10/02,0,3730000,-5338440,-1608440
2007/10/03,0,2702000,-3817000,-1115000
2007/10/04,0,3896000,-3079050,816950
2007/10/05,0,1799000,-595645,1203355
2007/10/08,0,2777000,-612000,2165000
2007/10/09,0,1853700,-471000,1382700
2007/10/10,0,0,0,0
2007/10/11,0,4670000,-637000,4033000
2007/10/12,0,1064000,-841000,223000
2007/10/15,0,1813000,-2299000,-486000
2007/10/16,0,1872000,-2066000,-194000
2007/10/17,0,4141000,-4165000,-24000
2007/10/18,0,900000,-1015000,-115000
2007/10/19,0,259000,-264000,-5000
2007/10/22,0,2238000,-3860000,-1622000
2007/10/23,0,399000,-818700,-419700
2007/10/24,0,2157000,-1218000,939000
2007/10/25,0,1538000,-1491000,47000
2007/10/26,0,3653000,-4154515,-501515
2007/10/29,0,2043000,-2172000,-129000
2007/10/30,0,1939000,-1608000,331000
2007/10/31,0,3110000,-3085000,25000
2007/11/01,0,3328000,-3150000,178000
2007/11/02,0,2091000,-3069000,-978000
2007/11/05,0,702000,-1823000,-1121000
2007/11/06,0,6324000,-5837000,487000
2007/11/07,0,2757000,-6693000,-3936000
2007/11/08,0,2490000,-2578000,-88000
2007/11/09,0,4371000,-4696700,-325700
2007/11/12,0,3187000,-5704059,-2517059
2007/11/13,0,1061295,-784000,277295
2007/11/14,0,2904000,-3296000,-392000
2007/11/15,0,1165000,-1097000,68000
2007/11/16,0,4074000,-6179375,-2105375
2007/11/19,0,2067000,-1077000,990000
2007/11/20,0,583000,-2632000,-2049000
2007/11/21,0,1667845,-1204020,463825
2007/11/22,0,395000,-941000,-546000
2007/11/23,0,3351000,-3523000,-172000
2007/11/26,0,6692000,-4607000,2085000
2007/11/27,0,3378000,-3692000,-314000
2007/11/28,0,8611000,-6468000,2143000
2007/11/29,0,8157786,-3509300,4648486
2007/11/30,0,35283193,-24777936,10505257
2007/12/03,0,7138000,-6969000,169000
2007/12/04,0,3198700,-3455000,-256300
2007/12/05,0,3815000,-4191000,-376000
2007/12/06,0,3907000,-3293000,614000
2007/12/07,0,4917000,-4417037,499963
2007/12/10,0,40735400,-41514239,-778839
2007/12/11,0,1813000,-1934000,-121000
2007/12/12,0,1724000,-2163000,-439000
2007/12/13,0,4543000,-3780000,763000
2007/12/14,0,6917000,-9576000,-2659000
2007/12/17,0,2802000,-7646000,-4844000
2007/12/18,0,3606024,-6322800,-2716776
2007/12/19,0,6264000,-4394000,1870000
2007/12/20,0,4976000,-3601030,1374970
2007/12/21,0,2074000,-1884000,190000
2007/12/24,0,508000,-468000,40000
2007/12/25,0,18000,-477000,-459000
2007/12/26,0,674000,-951000,-277000
2007/12/27,0,3016000,-1751000,1265000
2007/12/28,0,2194000,-1232000,962000
2007/12/31,0,2372000,-169000,2203000
2008/01/01,0,0,0,0
2008/01/02,0,1232000,-2570100,-1338100
2008/01/03,0,3787700,-1872000,1915700
2008/01/04,0,4188225,-4834000,-645775
2008/01/07,0,4312725,-8040725,-3728000
2008/01/08,0,4404500,-9296000,-4891500
2008/01/09,0,6634300,-12143000,-5508700
2008/01/10,0,1778480,-3949480,-2171000
2008/01/11,0,4114000,-3973000,141000
2008/01/14,0,3405000,-8155205,-4750205
2008/01/15,0,4062000,-6450000,-2388000
2008/01/16,0,6817000,-13040869,-6223869
2008/01/17,0,8212000,-9279498,-1067498
2008/01/18,0,7793617,-6798687,994930
2008/01/21,0,9857000,-8933000,924000
2008/01/22,0,6139000,-4757800,1381200
2008/01/23,0,9621000,-7875520,1745480
2008/01/24,0,3115000,-5472000,-2357000
2008/01/25,0,2001500,-938000,1063500
2008/01/28,0,401000,-1654000,-1253000
2008/01/29,0,2662000,-257000,2405000
2008/01/30,0,6964375,-6536000,428375
2008/01/31,0,12337000,-10022000,2315000
2008/02/01,0,3199000,-4889000,-1690000
2008/02/04,0,0,0,0
2008/02/05,0,0,0,0
2008/02/06,0,0,0,0
2008/02/07,0,0,0,0
2008/02/08,0,0,0,0
2008/02/11,0,0,0,0
2008/02/12,0,8033000,-8838500,-805500
2008/02/13,0,2818000,-4158000,-1340000
2008/02/14,0,10479000,-8172000,2307000
2008/02/15,0,3335000,-844000,2491000
2008/02/18,0,3301000,-2396000,905000
2008/02/19,0,10262000,-8578000,1684000
2008/02/20,0,1853000,-1990000,-137000
2008/02/21,0,4239000,-4631229,-392229
2008/02/22,0,2026000,-3791000,-1765000
2008/02/25,0,5597000,-3517000,2080000
2008/02/26,0,5731000,-2604000,3127000
2008/02/27,0,16772000,-10466000,6306000
2008/02/28,0,0,0,0
2008/02/29,0,8815416,-5886302,2929114
2008/03/03,0,4568000,-2611000,1957000
2008/03/04,0,7527000,-5293400,2233600
2008/03/05,0,6455000,-2070000,4385000
2008/03/06,0,8041000,-9910050,-1869050
2008/03/07,0,8395000,-4452000,3943000
2008/03/10,0,12429330,-16008000,-3578670
2008/03/11,0,0,0,0
2008/03/12,0,0,0,0
2008/03/13,0,0,0,0
2008/03/14,0,0,0,0
2008/03/17,0,0,0,0
2008/03/18,0,0,0,0
2008/03/19,0,0,0,0
2008/03/20,0,0,0,0
2008/03/21,0,0,0,0
2008/03/24,0,0,0,0
2008/03/25,0,0,0,0
2008/03/26,0,0,0,0
2008/03/27,0,0,0,0
2008/03/28,0,7796126,-5126216,2669910
2008/03/31,0,8710728,-4514172,4196556
2008/04/01,0,8220256,-6546000,1674256
2008/04/02,0,7350000,-6864578,485422
2008/04/03,0,4607000,-455106,4151894
2008/04/04,0,0,0,0
2008/04/07,0,5964980,-8079472,-2114492
2008/04/08,0,3908000,-6222309,-2314309
2008/04/09,0,3052311,-4524242,-1471931
2008/04/10,0,3485000,-6543403,-3058403
2008/04/11,0,3076000,-7275139,-4199139
2008/04/14,0,2168000,-2703000,-535000
2008/04/15,0,1115000,-998000,117000
2008/04/16,0,1974230,-345437,1628793
2008/04/17,0,1983000,-1222927,760073
2008/04/18,0,1142000,-1312835,-170835
2008/04/21,0,1131000,-7255625,-6124625
2008/04/22,0,796542,-4497000,-3700458
2008/04/23,0,2689000,-8520340,-5831340
2008/04/24,0,2554000,-6775246,-4221246
2008/04/25,0,3262237,-8387837,-5125600
2008/04/28,0,4908100,-6609636,-1701536
2008/04/29,0,3480000,-6314565,-2834565
2008/04/30,0,8010000,-4889676,3120324
2008/05/01,0,0,0,0
2008/05/02,0,6275000,-6493398,-218398
2008/05/05,0,2198000,-2637000,-439000
2008/05/06,0,4486000,-4577000,-91000
2008/05/07,0,3377637,-2682000,695637
2008/05/08,0,4401000,-5009430,-608430
2008/05/09,0,1307000,-3498935,-2191935
2008/05/12,0,833000,-1244000,-411000
2008/05/13,0,3029000,-7084862,-4055862
2008/05/14,0,5246508,-6296798,-1050290
2008/05/15,0,1328000,-1372781,-44781
2008/05/16,0,1795000,-1575000,220000
2008/05/19,0,971000,-2053042,-1082042
2008/05/20,0,2145000,-2252000,-107000
2008/05/21,0,2898100,-1014966,1883134
2008/05/22,0,2519000,-2732000,-213000
2008/05/23,0,3890700,-3985747,-95047
2008/05/26,0,5951000,-1697857,4253143
2008/05/27,0,5061000,-4055110,1005890
2008/05/28,0,7939125,-3654000,4285125
2008/05/29,0,11248250,-8027396,3220854
2008/05/30,0,29950834,-25566996,4383838
2008/06/02,0,6001000,-5810000,191000
2008/06/03,0,6045000,-8740684,-2695684
2008/06/04,0,2268347,-4943000,-2674653
2008/06/05,0,4562000,-5656925,-1094925
2008/06/06,0,1615000,-3875592,-2260592
2008/06/09,0,945000,-1261070,-316070
2008/06/10,0,2196000,-6589318,-4393318
2008/06/11,0,379000,-695000,-316000
2008/06/12,0,3218000,-6094846,-2876846
2008/06/13,0,1907000,-4196245,-2289245
2008/06/16,0,1182000,-1597000,-415000
2008/06/17,0,1244487,-2479967,-1235480
2008/06/18,0,1988000,-5455000,-3467000
2008/06/19,0,4176000,-6609000,-2433000
2008/06/20,0,3561960,-8478955,-4916995
2008/06/23,0,3374000,-782331,2591669
2008/06/24,0,1381571,-975000,406571
2008/06/25,0,2400000,-1208000,1192000
2008/06/26,0,507000,-658000,-151000
2008/06/27,0,3714000,-3403000,311000
2008/06/30,0,2516000,-1196000,1320000
2008/07/01,0,2037000,-531000,1506000
2008/07/02,0,1431000,-1494000,-63000
2008/07/03,0,4789000,-5746475,-957475
2008/07/04,0,1366648,-2433000,-1066352
2008/07/07,0,1180000,-2257000,-1077000
2008/07/08,0,3771000,-8955410,-5184410
2008/07/09,0,2095000,-1173000,922000
2008/07/10,0,2849000,-1764000,1085000
2008/07/11,0,3382000,-3270000,112000
2008/07/14,0,2083000,-1188000,895000
2008/07/15,0,2960000,-3020304,-60304
2008/07/16,0,2118000,-2880657,-762657
2008/07/17,0,2699000,-2554060,144940
2008/07/18,0,5099000,-2710885,2388115
2008/07/21,0,4756000,-2510558,2245442
2008/07/22,0,441000,-2082000,-1641000
2008/07/23,0,2664000,-2951000,-287000
2008/07/24,0,1420000,-3782000,-2362000
2008/07/25,0,2052000,-3331760,-1279760
2008/07/28,0,0,0,0
2008/07/29,0,2839550,-1948557,890993
2008/07/30,0,2049000,-1425013,623987
2008/07/31,0,2363000,-1649000,714000
2008/08/01,0,1402300,-1715500,-313200
2008/08/04,0,1788000,-1900616,-112616
2008/08/05,0,5028735,-5242000,-213265
2008/08/06,0,9715889,-7169753,2546136
2008/08/07,0,3678000,-6286117,-2608117
2008/08/08,0,4101000,-4772000,-671000
2008/08/11,0,4990350,-5607000,-616650
2008/08/12,0,5566000,-5798848,-232848
2008/08/13,0,2610000,-5716540,-3106540
2008/08/14,0,3689000,-6204565,-2515565
2008/08/15,0,3653000,-6358000,-2705000
2008/08/18,0,724000,-1726000,-1002000
2008/08/19,0,8585000,-10762000,-2177000
2008/08/20,0,4771000,-7082503,-2311503
2008/08/21,0,4185000,-4876956,-691956
2008/08/22,0,2239000,-1001000,1238000
2008/08/25,0,2429000,-288000,2141000
2008/08/26,0,590000,-2277500,-1687500
2008/08/27,0,3531500,-483927,3047573
2008/08/28,0,5702000,-4353846,1348154
2008/08/29,0,2683000,-855920,1827080
2008/09/01,0,4484000,-2396000,2088000
2008/09/02,0,373000,-501000,-128000
2008/09/03,0,1996000,-2241000,-245000
2008/09/04,0,1814000,-3543910,-1729910
2008/09/05,0,5251000,-7095000,-1844000
2008/09/08,0,2578000,-739715,1838285
2008/09/09,0,7068000,-6422157,645843
2008/09/10,0,8619000,-6578996,2040004
2008/09/11,0,5844000,-8224051,-2380051
2008/09/12,0,5571000,-3166465,2404535
2008/09/15,0,2252000,-2332477,-80477
2008/09/16,0,4521000,-5165000,-644000
2008/09/17,0,5336357,-4894564,441793
2008/09/18,0,6159000,-5995000,164000
2008/09/19,0,4705000,-6950776,-2245776
2008/09/22,0,7411025,-9868525,-2457500
2008/09/23,0,2478000,-3204000,-726000
2008/09/24,0,26119717,-28159928,-2040211
2008/09/25,0,11009782,-11396342,-386560
2008/09/26,0,1474000,-4208000,-2734000
2008/09/29,0,0,0,0
2008/09/30,0,6318000,-9871782,-3553782
2008/10/01,0,2693486,-8883301,-6189815
2008/10/02,0,5871763,-13693664,-7821901
2008/10/03,0,2219000,-6500157,-4281157
2008/10/06,0,1882000,-2707250,-825250
2008/10/07,0,4920000,-10043277,-5123277
2008/10/08,0,5786000,-10114339,-4328339
2008/10/09,0,5621000,-4351000,1270000
2008/10/10,0,0,0,0
2008/10/13,0,6848000,-7684066,-836066
2008/10/14,0,4267000,-3224699,1042301
2008/10/15,0,4124000,-2967130,1156870
2008/10/16,0,2126201,-1697000,429201
2008/10/17,0,2878000,-4849000,-1971000
2008/10/20,0,3030000,-7826735,-4796735
2008/10/21,0,3720000,-10179993,-6459993
2008/10/22,0,8886000,-10917000,-2031000
2008/10/23,0,2963000,-1830850,1132150
2008/10/24,0,2022000,-1522000,500000
2008/10/27,0,1736000,-3830664,-2094664
2008/10/28,0,1629000,-10615404,-8986404
2008/10/29,0,2553000,-4863940,-2310940
2008/10/30,0,2338000,-2143000,195000
2008/10/31,0,4261000,-7583000,-3322000
2008/11/03,0,2183000,-9016911,-6833911
2008/11/04,0,1976000,-3070000,-1094000
2008/11/05,0,4283000,-1402000,2881000
2008/11/06,0,1088000,-3524688,-2436688
2008/11/07,0,4893000,-9134294,-4241294
2008/11/10,0,2568000,-4795635,-2227635
2008/11/11,0,2389000,-1995147,393853
2008/11/12,0,3822000,-3230021,591979
2008/11/13,0,4325000,-6642000,-2317000
2008/11/14,0,4853000,-7174330,-2321330
2008/11/17,0,3184000,-2137000,1047000
2008/11/18,0,1545000,-4184240,-2639240
2008/11/19,0,1762000,-2365000,-603000
2008/11/20,0,3472000,-5180012,-1708012
2008/11/21,0,1403000,-1785054,-382054
2008/11/24,0,1745000,-2145755,-400755
2008/11/25,0,2289000,-2347843,-58843
2008/11/26,0,2010000,-1989043,20957
2008/11/27,0,1463000,-1147000,316000
2008/11/28,0,1912000,-1323000,589000
2008/12/01,0,4090000,-6519000,-2429000
2008/12/02,0,1461000,-4724000,-3263000
2008/12/03,0,1146316,-3478000,-2331684
2008/12/04,0,1581000,-3538500,-1957500
2008/12/05,0,4091000,-3814955,276045
2008/12/08,0,6349000,-4379000,1970000
2008/12/09,0,5919000,-5303015,615985
2008/12/10,0,6906774,-2368404,4538370
2008/12/11,0,6613000,-5909000,704000
2008/12/12,0,5263000,-6659000,-1396000
2008/12/15,0,6210000,-3331496,2878504
2008/12/16,0,2355000,-1922000,433000
2008/12/17,0,3504000,-3460490,43510
2008/12/18,0,1670000,-1077215,592785
2008/12/19,0,12757990,-13219963,-461973
2008/12/22,0,2747000,-2634412,112588
2008/12/23,0,340000,-1795000,-1455000
2008/12/24,0,2843000,-1331000,1512000
2008/12/25,0,37000,-438000,-401000
2008/12/26,0,841000,-345000,496000
2008/12/29,0,1062000,-939000,123000
2008/12/30,0,1892000,-502000,1390000
2008/12/31,0,1076000,-742000,334000
2009/01/01,0,0,0,0
2009/01/02,0,0,0,0
2009/01/05,0,814000,-1089582,-275582
2009/01/06,0,987601,-3574075,-2586474
2009/01/07,0,1591806,-5527148,-3935342
2009/01/08,0,990000,-3802916,-2812916
2009/01/09,0,369000,-1050000,-681000
2009/01/12,0,2528403,-2974504,-446101
2009/01/13,0,631881,-2037791,-1405910
2009/01/14,0,2260000,-868000,1392000
2009/01/15,0,849000,-4618000,-3769000
2009/01/16,0,866000,-2091200,-1225200
2009/01/19,0,893000,-1312990,-419990
2009/01/20,0,3629000,-6272000,-2643000
2009/01/21,0,2927000,-3859000,-932000
2009/01/22,0,0,0,0
2009/01/23,0,0,0,0
2009/01/26,0,0,0,0
2009/01/27,0,0,0,0
2009/01/28,0,0,0,0
2009/01/29,0,0,0,0
2009/01/30,0,0,0,0
2009/02/02,0,3868909,-4551016,-682107
2009/02/03,0,2862000,-4897640,-2035640
2009/02/04,0,1664000,-2212000,-548000
2009/02/05,0,1315000,-4791000,-3476000
2009/02/06,0,2038510,-5285591,-3247081
2009/02/09,0,2755000,-3969000,-1214000
2009/02/10,0,716000,-4941001,-4225001
2009/02/11,0,1896000,-3063000,-1167000
2009/02/12,0,2275000,-3127000,-852000
2009/02/13,0,3641000,-4845000,-1204000
2009/02/16,0,1550000,-2212000,-662000
2009/02/17,0,2574000,-3059473,-485473
2009/02/18,0,5273000,-6572000,-1299000
2009/02/19,0,6743100,-7581238,-838138
2009/02/20,0,2484676,-3632672,-1147996
2009/02/23,0,9303000,-11423052,-2120052
2009/02/24,0,1663000,-3321820,-1658820
2009/02/25,0,1961000,-2263130,-302130
2009/02/26,0,3660000,-3194737,465263
2009/02/27,0,6163000,-3920750,2242250
2009/03/02,0,703000,-4942055,-4239055
2009/03/03,0,2187000,-3580795,-1393795
2009/03/04,0,1857500,-3237203,-1379703
2009/03/05,0,2176000,-2476000,-300000
2009/03/06,0,1992000,-5616389,-3624389
2009/03/09,0,2680000,-5938570,-3258570
2009/03/10,0,4233783,-5771867,-1538084
2009/03/11,0,1771100,-3597000,-1825900
2009/03/12,0,3513000,-3968086,-455086
2009/03/13,0,5336000,-8096000,-2760000
2009/03/16,0,2005000,-7933000,-5928000
2009/03/17,0,6020000,-7193999,-1173999
2009/03/18,0,3786000,-2144000,1642000
2009/03/19,0,105000,-3629000,-3524000
2009/03/20,0,1678000,-5129260,-3451260
2009/03/23,0,3008000,-989000,2019000
2009/03/24,0,891000,-2042000,-1151000
2009/03/25,0,2546000,-1114270,1431730
2009/03/26,0,1865000,-853000,1012000
2009/03/27,0,1725000,-3785000,-2060000
2009/03/30,0,1298000,-1899000,-601000
2009/03/31,0,3881000,-3359673,521327
2009/04/01,0,3431000,-3904782,-473782
2009/04/02,0,4381000,-4247000,134000
2009/04/03,0,577000,-12024356,-11447356
2009/04/06,0,1813000,-7236000,-5423000
2009/04/07,0,2553000,-4446000,-1893000
2009/04/08,0,2879000,-9030000,-6151000
2009/04/09,0,5871000,-5906000,-35000
2009/04/10,0,2299000,-355000,1944000
2009/04/13,0,5671000,-5820000,-149000
2009/04/14,0,1740000,-4360000,-2620000
2009/04/15,0,2126000,-7595133,-5469133
2009/04/16,0,3286000,-2131000,1155000
2009/04/17,0,5741550,-3692763,2048787
2009/04/20,0,3485000,-2683195,801805
2009/04/21,0,1403000,-2882146,-1479146
2009/04/22,0,782000,-7255905,-6473905
2009/04/23,0,847000,-2542000,-1695000
2009/04/24,0,1080000,-2088000,-1008000
2009/04/27,0,1916178,-2449049,-532871
2009/04/28,0,1333000,-4780000,-3447000
2009/04/29,0,2536000,-759000,1777000
2009/04/30,0,417000,-250000,167000
2009/05/01,0,0,0,0
2009/05/04,0,6995555,-22578133,-15582578
2009/05/05,0,4232000,-12801624,-8569624
2009/05/06,0,3343000,-5328944,-1985944
2009/05/07,0,2846931,-12628613,-9781682
2009/05/08,0,2353000,-4011240,-1658240
2009/05/11,0,2330000,-7765429,-5435429
2009/05/12,0,1458000,-4592379,-3134379
2009/05/13,0,810000,-8723000,-7913000
2009/05/14,0,2886000,-8120000,-5234000
2009/05/15,0,9644000,-12246660,-2602660
2009/05/18,0,4446000,-6721027,-2275027
2009/05/19,0,3620000,-7272523,-3652523
2009/05/20,0,1557000,-7928000,-6371000
2009/05/21,0,1166094,-11351301,-10185207
2009/05/22,0,6697000,-6004339,692661
2009/05/25,0,2250000,-3716317,-1466317
2009/05/26,0,4194000,-3309004,884996
2009/05/27,0,2538317,-5482860,-2944543
2009/05/28,0,0,0,0
2009/05/29,0,0,0,0
2009/06/01,0,7570900,-8440742,-869842
2009/06/02,0,5655500,-6007000,-351500
2009/06/03,0,2160716,-5903000,-3742284
2009/06/04,0,549000,-2617000,-2068000
2009/06/05,0,1020612,-3627000,-2606388
2009/06/08,0,185000,-5442000,-5257000
2009/06/09,0,2615000,-4334245,-1719245
2009/06/10,0,3247137,-5903627,-2656490
2009/06/11,0,2989000,-2493000,496000
2009/06/12,0,3596000,-6140350,-2544350
2009/06/15,0,1596000,-3367000,-1771000
2009/06/16,0,972000,-3876687,-2904687
2009/06/17,0,835000,-2605800,-1770800
2009/06/18,0,3850000,-5637463,-1787463
2009/06/19,0,2040330,-4176000,-2135670
2009/06/22,0,2534000,-4092155,-1558155
2009/06/23,0,166500,-5208916,-5042416
2009/06/24,0,3902000,-5291106,-1389106
2009/06/25,0,3372000,-2629000,743000
2009/06/26,0,2305000,-8192000,-5887000
2009/06/29,0,1982000,-7836891,-5854891
2009/06/30,0,1834000,-3981308,-2147308
2009/07/01,0,2010000,-209000,1801000
2009/07/02,0,1021000,-1170000,-149000
2009/07/03,0,1175291,-675000,500291
2009/07/06,0,997000,-2844000,-1847000
2009/07/07,0,3570000,-3187447,382553
2009/07/08,0,2209000,-1557000,652000
2009/07/09,0,7575000,-1570500,6004500
2009/07/10,0,965000,-3324149,-2359149
2009/07/13,0,2655000,-2260000,395000
2009/07/14,0,5719000,-3175710,2543290
2009/07/15,0,4000000,-2077025,1922975
2009/07/16,0,3083000,-1386432,1696568
2009/07/17,0,2284616,-406974,1877642
2009/07/20,0,3340600,-265000,3075600
2009/07/21,0,4108400,-1782480,2325920
2009/07/22,0,8325800,-2277000,6048800
2009/07/23,0,1128000,-3294380,-2166380
2009/07/24,0,1107000,-3252990,-2145990
2009/07/27,0,976000,-5652673,-4676673
2009/07/28,0,1819000,-4949800,-3130800
2009/07/29,0,1996985,-4425000,-2428015
2009/07/30,0,2080000,-2367000,-287000
2009/07/31,0,12711000,-2620000,10091000
2009/08/03,0,1448000,-1121000,327000
2009/08/04,0,1656000,-6552756,-4896756
2009/08/05,0,962000,-1919821,-957821
2009/08/06,0,1750000,-998000,752000
2009/08/07,0,0,0,0
2009/08/10,0,3219434,-1244000,1975434
2009/08/11,0,3584000,-1474000,2110000
2009/08/12,0,4538000,-3311000,1227000
2009/08/13,0,4076148,-1269918,2806230
2009/08/14,0,2058000,-1238000,820000
2009/08/17,0,1847000,-3142000,-1295000
2009/08/18,0,1321500,-768875,552625
2009/08/19,0,199000,-2620581,-2421581
2009/08/20,0,755000,-2021000,-1266000
2009/08/21,0,3034000,-1124830,1909170
2009/08/24,0,3881000,-753000,3128000
2009/08/25,0,53000,-2010496,-1957496
2009/08/26,0,490000,-942000,-452000
2009/08/27,0,665000,-543000,122000
2009/08/28,0,3444000,-2285392,1158608
2009/08/31,0,2563000,-2561132,1868
2009/09/01,0,1716000,-180993,1535007
2009/09/02,0,1670000,-225000,1445000
2009/09/03,0,1633000,-2665000,-1032000
2009/09/04,0,1896000,-4114000,-2218000
2009/09/07,0,683000,-4721000,-4038000
2009/09/08,0,2309000,-3375000,-1066000
2009/09/09,0,1620000,-1301000,319000
2009/09/10,0,5396000,-2769151,2626849
2009/09/11,0,1217000,-1600000,-383000
2009/09/14,0,1314000,-1530000,-216000
2009/09/15,0,2119000,-125000,1994000
2009/09/16,0,2367000,-1877194,489806
2009/09/17,0,1613000,-3167342,-1554342
2009/09/18,0,1542000,-1406785,135215
2009/09/21,0,240000,-2099253,-1859253
2009/09/22,0,134000,-2793000,-2659000
2009/09/23,0,1147000,-1862000,-715000
2009/09/24,0,1630000,-3469000,-1839000
2009/09/25,0,252000,-5810800,-5558800
2009/09/28,0,661000,-1478000,-817000
2009/09/29,0,4085658,-5922630,-1836972
2009/09/30,0,2243000,-1807051,435949
2009/10/01,0,2657000,-3658000,-1001000
2009/10/02,0,1136330,-16309452,-15173122
2009/10/05,0,3084108,-6859108,-3775000
2009/10/06,0,9120000,-13597000,-4477000
2009/10/07,0,966000,-9234907,-8268907
2009/10/08,0,6139000,-5040000,1099000
2009/10/09,0,7570000,-6637552,932448
2009/10/12,0,4106000,-5569000,-1463000
2009/10/13,0,2665870,-6775588,-4109718
2009/10/14,0,1997000,-6128000,-4131000
2009/10/15,0,5758000,-9166716,-3408716
2009/10/16,0,5388000,-5945000,-557000
2009/10/19,0,3855000,-2963339,891661
2009/10/20,0,2068000,-2960000,-892000
2009/10/21,0,2520000,-3181582,-661582
2009/10/22,0,3645000,-9648000,-6003000
2009/10/23,0,3046000,-11948774,-8902774
2009/10/26,0,1373000,-1684000,-311000
2009/10/27,0,1113000,-2425000,-1312000
2009/10/28,0,264000,-3153000,-2889000
2009/10/29,0,153000,-2076000,-1923000
2009/10/30,0,927000,-3695000,-2768000
2009/11/02,0,41000,-5203235,-5162235
2009/11/03,0,1463000,-5713000,-4250000
2009/11/04,0,1276000,-2524995,-1248995
2009/11/05,0,1849000,-2186000,-337000
2009/11/06,0,3209200,-2856000,353200
2009/11/09,0,1556800,-2932102,-1375302
2009/11/10,0,853000,-1125000,-272000
2009/11/11,0,2383000,-5759003,-3376003
2009/11/12,0,2171050,-2373000,-201950
2009/11/13,0,1834155,-3261000,-1426845
2009/11/16,0,3507000,-5130000,-1623000
2009/11/17,0,4240000,-1052000,3188000
2009/11/18,0,3378000,-3206000,172000
2009/11/19,0,1080000,-2283000,-1203000
2009/11/20,0,939000,-3045000,-2106000
2009/11/23,0,1154000,-1729000,-575000
2009/11/24,0,1629000,-2484000,-855000
2009/11/25,0,3798000,-2820000,978000
2009/11/26,0,1687000,-208662,1478338
2009/11/27,0,2327000,-2991000,-664000
2009/11/30,0,1992800,-1354488,638312
2009/12/01,0,3172800,-637642,2535158
2009/12/02,0,1988000,-260004,1727996
2009/12/03,0,3045000,-942605,2102395
2009/12/04,0,1701000,-1589000,112000
2009/12/07,0,5521000,-1320478,4200522
2009/12/08,0,3275000,-518000,2757000
2009/12/09,0,2054000,-391420,1662580
2009/12/10,0,3803000,-3722810,80190
2009/12/11,0,2394000,-870000,1524000
2009/12/14,0,2176000,-1475000,701000
2009/12/15,0,3331000,-418000,2913000
2009/12/16,0,2227000,-581000,1646000
2009/12/17,0,1442130,-1733000,-290870
2009/12/18,0,1743000,-2074000,-331000
2009/12/21,0,1358000,-953000,405000
2009/12/22,0,1263000,-174000,1089000
2009/12/23,0,1506000,-1757836,-251836
2009/12/24,0,1709000,-297000,1412000
2009/12/25,0,2117000,-42000,2075000
2009/12/28,0,1759000,-9000,1750000
2009/12/29,0,1916000,-572025,1343975
2009/12/30,0,4773000,-3111010,1661990
2009/12/31,0,2662000,-1499000,1163000
2010/01/01,0,0,0,0
2010/01/04,0,2456000,-2115000,341000
2010/01/05,0,3322000,-3593000,-271000
2010/01/06,0,11814000,-13600123,-1786123
2010/01/07,0,7135000,-7361341,-226341
2010/01/08,0,3659580,-494000,3165580
2010/01/11,0,9351000,-2173000,7178000
2010/01/12,0,1534000,-3028117,-1494117
2010/01/13,0,7949000,-9033359,-1084359
2010/01/14,0,11938000,-12143270,-205270
2010/01/15,0,5462000,-1692420,3769580
2010/01/18,0,1357000,-243000,1114000
2010/01/19,0,5071000,-1135830,3935170
2010/01/20,0,2065000,-1248000,817000
2010/01/21,0,1676000,-110000,1566000
2010/01/22,0,12135000,-1800000,10335000
2010/01/25,0,2720660,-1395000,1325660
2010/01/26,0,5461000,-3693000,1768000
2010/01/27,0,12049000,-1989655,10059345
2010/01/28,0,2226209,-2187000,39209
2010/01/29,0,5775000,-1973500,3801500
2010/02/01,0,2342000,-3236920,-894920
2010/02/02,0,9910000,-7093243,2816757
2010/02/03,0,3869110,-7005940,-3136830
2010/02/04,0,3750000,-7611000,-3861000
2010/02/05,0,6141000,-9306000,-3165000
2010/02/08,0,1569000,-4903236,-3334236
2010/02/09,0,4183000,-7265237,-3082237
2010/02/10,0,3546000,-10248005,-6702005
2010/02/11,0,0,0,0
2010/02/12,0,0,0,0
2010/02/15,0,0,0,0
2010/02/16,0,0,0,0
2010/02/17,0,0,0,0
2010/02/18,0,0,0,0
2010/02/19,0,0,0,0
2010/02/22,0,1514000,-936117,577883
2010/02/23,0,1904000,-2206000,-302000
2010/02/24,0,3515000,-3227000,288000
2010/02/25,0,5856000,-4461000,1395000
2010/02/26,0,5327000,-2692672,2634328
2010/03/01,0,1802000,-1681485,120515
2010/03/02,0,252100,-1604307,-1352207
2010/03/03,0,1119000,-2845000,-1726000
2010/03/04,0,408000,-2340000,-1932000
2010/03/05,0,1694000,-1479000,215000
2010/03/08,0,1855000,-4248699,-2393699
2010/03/09,0,3464367,-3593167,-128800
2010/03/10,0,2612100,-3467446,-855346
2010/03/11,0,542000,-982628,-440628
2010/03/12,0,2685900,-1589900,1096000
2010/03/15,0,1845000,-846000,999000
2010/03/16,0,485001,-492000,-6999
2010/03/17,0,3767000,-1141000,2626000
2010/03/18,0,2701000,-3576000,-875000
2010/03/19,0,2306000,-1786000,520000
2010/03/22,0,735226,-2451644,-1716418
2010/03/23,0,561000,-1605000,-1044000
2010/03/24,0,3209000,-1645000,1564000
2010/03/25,0,3917000,-4307000,-390000
2010/03/26,0,5323000,-6098000,-775000
2010/03/29,0,3000000,-1718000,1282000
2010/03/30,0,3017000,-4530000,-1513000
2010/03/31,0,2647000,-2654880,-7880
2010/04/01,0,3989000,-2290675,1698325
2010/04/02,0,1394000,-3579000,-2185000
2010/04/05,0,0,0,0
2010/04/06,0,2391000,-1523000,868000
2010/04/07,0,2884850,-2228525,656325
2010/04/08,0,1483000,-1682000,-199000
2010/04/09,0,1580000,-4829330,-3249330
2010/04/12,0,1224150,-1329000,-104850
2010/04/13,0,153000,-1355000,-1202000
2010/04/14,0,776000,-1125340,-349340
2010/04/15,0,730000,-2315100,-1585100
2010/04/16,0,3630490,-5028000,-1397510
2010/04/19,0,4084000,-4020346,63654
2010/04/20,0,3463000,-2438000,1025000
2010/04/21,0,3031000,-4824000,-1793000
2010/04/22,0,1916000,-4495840,-2579840
2010/04/23,0,2385000,-4311026,-1926026
2010/04/26,0,4679000,-281000,4398000
2010/04/27,0,3150340,-2021340,1129000
2010/04/28,0,1973000,-2869440,-896440
2010/04/29,0,957000,-964000,-7000
2010/04/30,0,2823000,-1796000,1027000
2010/05/03,0,96000,-947000,-851000
2010/05/04,0,1728000,-1750000,-22000
2010/05/05,0,7960000,-6494350,1465650
2010/05/06,0,3093000,-5133629,-2040629
2010/05/07,0,3714000,-3494060,219940
2010/05/10,0,1262960,-2432570,-1169610
2010/05/11,0,534000,-10426000,-9892000
2010/05/12,0,3181000,-3605000,-424000
2010/05/13,0,3863000,-1741119,2121881
2010/05/14,0,1191000,-573000,618000
2010/05/17,0,1707000,-1996735,-289735
2010/05/18,0,1400000,-1277735,122265
2010/05/19,0,2609001,-2378000,231001
2010/05/20,0,2277000,-3356000,-1079000
2010/05/21,0,2682000,-2425720,256280
2010/05/24,0,1070000,-1039000,31000
2010/05/25,0,970000,-2785000,-1815000
2010/05/26,0,1418950,-2018704,-599754
2010/05/27,0,1552913,-1988020,-435107
2010/05/28,0,1312000,-2640000,-1328000
2010/05/31,0,1343000,-464000,879000
2010/06/01,0,1635000,-2616970,-981970
2010/06/02,0,1188000,-1556000,-368000
2010/06/03,0,3508000,-1242000,2266000
2010/06/04,0,187000,-122000,65000
2010/06/07,0,1059000,-1763257,-704257
2010/06/08,0,1492000,-655000,837000
2010/06/09,0,3438000,-1647000,1791000
2010/06/10,0,1672000,-414000,1258000
2010/06/11,0,2345554,-307400,2038154
2010/06/14,0,2804554,-1611000,1193554
2010/06/15,0,1988108,-142050,1846058
2010/06/16,0,0,0,0
2010/06/17,0,2082764,-1193950,888814
2010/06/18,0,1107481,-470614,636867
2010/06/21,0,3001435,-683005,2318430
2010/06/22,0,1330970,-517000,813970
2010/06/23,0,948615,-782793,165822
2010/06/24,0,956731,-791982,164749
2010/06/25,0,1422979,-1679000,-256021
2010/06/28,0,1472000,-1563955,-91955
2010/06/29,0,2116000,-1875000,241000
2010/06/30,0,2797000,-3321000,-524000
2010/07/01,0,1775000,-3705890,-1930890
2010/07/02,0,3168000,-1920040,1247960
2010/07/05,0,1670958,-653130,1017828
2010/07/06,0,7709000,-3322475,4386525
2010/07/07,0,1899017,-963000,936017
2010/07/08,0,2292000,-250000,2042000
2010/07/09,0,5242838,-2162000,3080838
2010/07/12,0,5762000,-1610392,4151608
2010/07/13,0,4076000,-2002000,2074000
2010/07/14,0,2792481,-157000,2635481
2010/07/15,0,1867250,-976000,891250
2010/07/16,0,1214000,-807292,406708
2010/07/19,0,2387000,-1654000,733000
2010/07/20,0,2528735,-2826000,-297265
2010/07/21,0,2984000,-1171000,1813000
2010/07/22,0,2183000,-1168000,1015000
2010/07/23,0,3796000,-1726000,2070000
2010/07/26,0,1258720,-981000,277720
2010/07/27,0,349844,-1428000,-1078156
2010/07/28,0,1594000,-1057000,537000
2010/07/29,0,2361000,-1144875,1216125
2010/07/30,0,1156018,-918000,238018
2010/08/02,0,2860000,-236000,2624000
2010/08/03,0,1687000,-1182000,505000
2010/08/04,0,1371000,-332000,1039000
2010/08/05,0,955000,-398000,557000
2010/08/06,0,1782000,-320000,1462000
2010/08/09,0,1942000,-437000,1505000
2010/08/10,0,438000,-994000,-556000
2010/08/11,0,3346000,-2594158,751842
2010/08/12,0,1852000,-832225,1019775
2010/08/13,0,537382,-1430000,-892618
2010/08/16,0,909000,-359000,550000
2010/08/17,0,1545000,-219000,1326000
2010/08/18,0,1328000,-1216000,112000
2010/08/19,0,1438000,-1944000,-506000
2010/08/20,0,1469000,-659000,810000
2010/08/23,0,1694000,-370000,1324000
2010/08/24,0,2332109,-1038000,1294109
2010/08/25,0,686000,-4055000,-3369000
2010/08/26,0,1289000,-2166000,-877000
2010/08/27,0,1829000,-1407000,422000
2010/08/30,0,953458,-597950,355508
2010/08/31,0,2189000,-4724117,-2535117
2010/09/01,0,2696000,-6482001,-3786001
2010/09/02,0,813000,-2394568,-1581568
2010/09/03,0,1702000,-3360000,-1658000
2010/09/06,0,1627000,-2595765,-968765
2010/09/07,0,500513,-1305110,-804597
2010/09/08,0,841410,-1090378,-248968
2010/09/09,0,1041000,-1173000,-132000
2010/09/10,0,1422920,-1499495,-76575
2010/09/13,0,3371000,-476000,2895000
2010/09/14,0,1755000,-555000,1200000
2010/09/15,0,1409365,-217000,1192365
2010/09/16,0,576000,-149000,427000
2010/09/17,0,2216000,-1011000,1205000
2010/09/20,0,633000,-35000,598000
2010/09/21,0,403000,-155000,248000
2010/09/22,0,0,0,0
2010/09/23,0,1564784,-388774,1176010
2010/09/24,0,1727820,-1520020,207800
2010/09/27,0,1387790,-1561000,-173210
2010/09/28,0,920480,-3642000,-2721520
2010/09/29,0,2365000,-1797000,568000
2010/09/30,0,2662000,-1265000,1397000
2010/10/01,0,959810,-197000,762810
2010/10/04,0,935240,-1168167,-232927
2010/10/05,0,793650,-1410170,-616520
2010/10/06,0,2070380,-120000,1950380
2010/10/07,0,958020,-666000,292020
2010/10/08,0,1094000,-2227000,-1133000
2010/10/11,0,437760,-1775000,-1337240
2010/10/12,0,1630750,-2972000,-1341250
2010/10/13,0,1792780,-1158000,634780
2010/10/14,0,3160160,-1208000,1952160
2010/10/15,0,2765490,-1631314,1134176
2010/10/18,0,1206000,-2172869,-966869
2010/10/19,0,3098290,-1932404,1165886
2010/10/20,0,4797000,-2973000,1824000
2010/10/21,0,2994000,-2971000,23000
2010/10/22,0,1962000,-1701000,261000
2010/10/25,0,953000,-518000,435000
2010/10/26,0,595994,-1045480,-449486
2010/10/27,0,1315170,-904000,411170
2010/10/28,0,2592182,-1618000,974182
2010/10/29,0,330000,-80000,250000
2010/11/01,0,1935000,-1018000,917000
2010/11/02,0,1942000,-2745630,-803630
2010/11/03,0,2019000,-1722197,296803
2010/11/04,0,1957000,-1657000,300000
2010/11/05,0,1189000,-1461729,-272729
2010/11/08,0,1350100,-913500,436600
2010/11/09,0,655000,-1010000,-355000
2010/11/10,0,696250,-1529450,-833200
2010/11/11,0,458000,-1748888,-1290888
2010/11/12,0,702000,-1648000,-946000
2010/11/15,0,181178,-1106739,-925561
2010/11/16,0,924950,-1926000,-1001050
2010/11/17,0,1093000,-1761000,-668000
2010/11/18,0,410000,-688770,-278770
2010/11/19,0,2791760,-3830000,-1038240
2010/11/22,0,372980,-258000,114980
2010/11/23,0,498800,-1812008,-1313208
2010/11/24,0,664000,-939126,-275126
2010/11/25,0,58000,-1448190,-1390190
2010/11/26,0,176000,-1549169,-1373169
2010/11/29,0,1077000,-1561327,-484327
2010/11/30,0,1357876,-2311954,-954078
2010/12/01,0,2055000,-2925350,-870350
2010/12/02,0,2153000,-2401309,-248309
2010/12/03,0,118250,-1375250,-1257000
2010/12/06,0,577000,-1374250,-797250
2010/12/07,0,964070,-2647750,-1683680
2010/12/08,0,386750,-4272000,-3885250
2010/12/09,0,1821000,-2066259,-245259
2010/12/10,0,367000,-2383000,-2016000
2010/12/13,0,289000,-3168000,-2879000
2010/12/14,0,2972000,-3459545,-487545
2010/12/15,0,877000,-2849000,-1972000
2010/12/16,0,2969750,-2020330,949420
2010/12/17,0,1570000,-1667000,-97000
2010/12/20,0,2397620,-3037157,-639537
2010/12/21,0,421000,-1858330,-1437330
2010/12/22,0,979000,-1088070,-109070
2010/12/23,0,418000,-1601000,-1183000
2010/12/24,0,663000,-933980,-270980
2010/12/27,0,978000,-1522000,-544000
2010/12/28,0,637000,-1836000,-1199000
2010/12/29,0,806390,-1417000,-610610
2010/12/30,0,1470250,-939000,531250
2010/12/31,0,1863000,-1822330,40670
2011/01/03,0,735000,-1093000,-358000
2011/01/04,0,1037000,-338000,699000
2011/01/05,0,1111500,-2275180,-1163680
2011/01/06,0,1144000,-790000,354000
2011/01/07,0,496000,-1496000,-1000000
2011/01/10,0,1420000,-1228000,192000
2011/01/11,0,2227000,-2018000,209000
2011/01/12,0,1036000,-979000,57000
2011/01/13,0,1218439,-2245000,-1026561
2011/01/14,0,1442000,-272000,1170000
2011/01/17,0,1936522,-527079,1409443
2011/01/18,0,2334000,-2050490,283510
2011/01/19,0,2370000,-1103000,1267000
2011/01/20,0,887000,-336000,551000
2011/01/21,0,2245000,-1555000,690000
2011/01/24,0,1884000,-666000,1218000
2011/01/25,0,2484000,-125000,2359000
2011/01/26,0,858000,-564270,293730
2011/01/27,0,2024000,-453060,1570940
2011/01/28,0,1419290,-1190109,229181
2011/01/31,0,0,0,0
2011/02/01,0,0,0,0
2011/02/02,0,0,0,0
2011/02/03,0,0,0,0
2011/02/04,0,0,0,0
2011/02/07,0,0,0,0
2011/02/08,0,3276500,-2274100,1002400
2011/02/09,0,1806500,-1507670,298830
2011/02/10,0,549000,-1650980,-1101980
2011/02/11,0,2038000,-4108000,-2070000
2011/02/14,0,2604000,-3376700,-772700
2011/02/15,0,2171000,-2603083,-432083
2011/02/16,0,1469000,-2156883,-687883
2011/02/17,0,1638000,-3388510,-1750510
2011/02/18,0,4723000,-3564000,1159000
2011/02/21,0,892000,-1599000,-707000
2011/02/22,0,1121000,-3847000,-2726000
2011/02/23,0,2017726,-2052820,-35094
2011/02/24,0,1348868,-3071000,-1722132
2011/02/25,0,1528000,-2319975,-791975
2011/02/28,0,0,0,0
2011/03/01,0,1685648,-1760000,-74352
2011/03/02,0,2040857,-2675539,-634682
2011/03/03,0,1536000,-954500,581500
2011/03/04,0,1137125,-2296000,-1158875
2011/03/07,0,1482000,-2433000,-951000
2011/03/08,0,1459000,-1565079,-106079
2011/03/09,0,2069000,-2711602,-642602
2011/03/10,0,4681000,-2791940,1889060
2011/03/11,0,1347000,-3786290,-2439290
2011/03/14,0,1549000,-1658000,-109000
2011/03/15,0,1371000,-3585190,-2214190
2011/03/16,0,1634000,-5807800,-4173800
2011/03/17,0,1354400,-2979270,-1624870
2011/03/18,0,3280000,-5458771,-2178771
2011/03/21,0,964200,-2312000,-1347800
2011/03/22,0,978000,-1102000,-124000
2011/03/23,0,1690000,-1406000,284000
2011/03/24,0,2118000,-2376000,-258000
2011/03/25,0,3731000,-1950000,1781000
2011/03/28,0,840015,-1175000,-334985
2011/03/29,0,4631000,-2796192,1834808
2011/03/30,0,2050000,-1642000,408000
2011/03/31,0,2753072,-3217122,-464050
2011/04/01,0,2632855,-3169000,-536145
2011/04/04,0,0,0,0
2011/04/05,0,0,0,0
2011/04/06,0,3372884,-2904000,468884
2011/04/07,0,2995000,-5101000,-2106000
2011/04/08,0,3978573,-4266000,-287427
2011/04/11,0,1557321,-1927556,-370235
2011/04/12,0,1066820,-1074000,-7180
2011/04/13,0,706000,-2554000,-1848000
2011/04/14,0,811000,-1400000,-589000
2011/04/15,0,2606500,-3576000,-969500
2011/04/18,0,616000,-957683,-341683
2011/04/19,0,743326,-2929000,-2185674
2011/04/20,0,1314301,-1447000,-132699
2011/04/21,0,3418000,-3928290,-510290
2011/04/22,0,2056750,-1581258,475492
2011/04/25,0,1439000,-923000,516000
2011/04/26,0,1956675,-4334900,-2378225
2011/04/27,0,2283000,-4004000,-1721000
2011/04/28,0,1516430,-2370000,-853570
2011/04/29,0,1618479,-1562000,56479
2011/05/02,0,0,0,0
2011/05/03,0,1478700,-2245771,-767071
2011/05/04,0,363120,-1550000,-1186880
2011/05/05,0,1326500,-1579000,-252500
2011/05/06,0,1620868,-3334000,-1713132
2011/05/09,0,1966000,-1896900,69100
2011/05/10,0,1718000,-926000,792000
2011/05/11,0,3552000,-2406000,1146000
2011/05/12,0,2415000,-2287000,128000
2011/05/13,0,2934750,-2664000,270750
2011/05/16,0,2898000,-2731000,167000
2011/05/17,0,4008000,-2216100,1791900
2011/05/18,0,1469000,-1101685,367315
2011/05/19,0,6972000,-3676452,3295548
2011/05/20,0,4189000,-2326716,1862284
2011/05/23,0,1739000,-2039000,-300000
2011/05/24,0,2171000,-1350202,820798
2011/05/25,0,1292326,-4370000,-3077674
2011/05/26,0,1655388,-1121069,534319
2011/05/27,0,2509250,-1555754,953496
2011/05/30,0,502000,-1181000,-679000
2011/05/31,0,5250000,-4589802,660198
2011/06/01,0,2003000,-1348743,654257
2011/06/02,0,3116000,-1657000,1459000
2011/06/03,0,2135000,-2354000,-219000
2011/06/06,0,0,0,0
2011/06/07,0,2010000,-2977089,-967089
2011/06/08,0,1543000,-1377000,166000
2011/06/09,0,2900000,-2064510,835490
2011/06/10,0,1175621,-2194000,-1018379
2011/06/13,0,2645000,-1996084,648916
2011/06/14,0,2667250,-2272094,395156
2011/06/15,0,5798000,-2945000,2853000
2011/06/16,0,1073000,-1503000,-430000
2011/06/17,0,1332000,-1380103,-48103
2011/06/20,0,892000,-496855,395145
2011/06/21,0,1516782,-1230000,286782
2011/06/22,0,784000,-1887000,-1103000
2011/06/23,0,1170767,-842041,328726
2011/06/24,0,3547000,-777767,2769233
2011/06/27,0,1993750,-631517,1362233
2011/06/28,0,1748000,-2120008,-372008
2011/06/29,0,2027000,-1305845,721155
2011/06/30,0,3443250,-1563800,1879450
2011/07/01,0,2900628,-240000,2660628
2011/07/04,0,1859349,-950000,909349
2011/07/05,0,1695876,-1001000,694876
2011/07/06,0,918864,-935000,-16136
2011/07/07,0,1844230,-535000,1309230
2011/07/08,0,4672019,-3193000,1479019
2011/07/11,0,2249399,-1989700,259699
2011/07/12,0,3783383,-2085000,1698383
2011/07/13,0,2835088,-2680000,155088
2011/07/14,0,1472523,-2168000,-695477
2011/07/15,0,5546427,-3144000,2402427
2011/07/18,0,6080717,-4101000,1979717
2011/07/19,0,4459000,-3804600,654400
2011/07/20,0,5855664,-3971000,1884664
2011/07/21,0,2472188,-371000,2101188
2011/07/22,0,4529195,-1401000,3128195
2011/07/25,0,2883005,-1969000,914005
2011/07/26,0,3465570,-1754000,1711570
2011/07/27,0,3724383,-2669000,1055383
2011/07/28,0,2348729,-1023000,1325729
2011/07/29,0,4341374,-2323402,2017972
2011/08/01,0,3080638,-1690000,1390638
2011/08/02,0,1554269,-1242000,312269
2011/08/03,0,1639755,-618000,1021755
2011/08/04,0,5534324,-2994000,2540324
2011/08/05,0,3704424,-6077000,-2372576
2011/08/08,0,4797894,-5864907,-1067013
2011/08/09,0,3776000,-5994354,-2218354
2011/08/10,0,4372500,-6310448,-1937948
2011/08/11,0,3439000,-2152000,1287000
2011/08/12,0,5561000,-5349323,211677
2011/08/15,0,3097239,-2202000,895239
2011/08/16,0,2777000,-2854000,-77000
2011/08/17,0,3400356,-3527000,-126644
2011/08/18,0,2214536,-2604000,-389464
2011/08/19,0,1227157,-1564000,-336843
2011/08/22,0,2732197,-2954000,-221803
2011/08/23,0,2455000,-3109748,-654748
2011/08/24,0,3887621,-2634000,1253621
2011/08/25,0,9350363,-2311154,7039209
2011/08/26,0,4126398,-2199000,1927398
2011/08/29,0,3859000,-1223618,2635382
2011/08/30,0,3639623,-2315000,1324623
2011/08/31,0,6436103,-1446000,4990103
2011/09/01,0,10126446,-1550118,8576328
2011/09/02,0,4253062,-4138000,115062
2011/09/05,0,3299000,-3220000,79000
2011/09/06,0,3938960,-3368558,570402
2011/09/07,0,7404835,-897855,6506980
2011/09/08,0,6233722,-3031000,3202722
2011/09/09,0,2556000,-630000,1926000
2011/09/12,0,0,0,0
2011/09/13,0,967327,-3990904,-3023577
2011/09/14,0,2793487,-1165914,1627573
2011/09/15,0,6943000,-4227000,2716000
2011/09/16,0,4067000,-972000,3095000
2011/09/19,0,1392651,-2760000,-1367349
2011/09/20,0,5060620,-4061955,998665
2011/09/21,0,3160428,-282000,2878428
2011/09/22,0,3557394,-2939000,618394
2011/09/23,0,4533407,-6093000,-1559593
2011/09/26,0,8316889,-3714000,4602889
2011/09/27,0,6700808,-4151000,2549808
2011/09/28,0,7993609,-3111000,4882609
2011/09/29,0,2110125,-2887000,-776875
2011/09/30,0,3208750,-3105000,103750
2011/10/03,0,4610489,-3634243,976246
2011/10/04,0,13614000,-2836360,10777640
2011/10/05,0,5807098,-3164000,2643098
2011/10/06,0,5252000,-7115000,-1863000
2011/10/07,0,5343250,-2602000,2741250
2011/10/10,0,0,0,0
2011/10/11,0,4811000,-3664000,1147000
2011/10/12,0,2907000,-2838660,68340
2011/10/13,0,2730561,-5402379,-2671818
2011/10/14,0,6716400,-2999000,3717400
2011/10/17,0,5475214,-2961000,2514214
2011/10/18,0,8739024,-4563000,4176024
2011/10/19,0,13990229,-2654000,11336229
2011/10/20,0,5468827,-4095000,1373827
2011/10/21,0,10558354,-3674000,6884354
2011/10/24,0,6200624,-491000,5709624
2011/10/25,0,6824107,-3889000,2935107
2011/10/26,0,3223000,-1484000,1739000
2011/10/27,0,4462000,-1241000,3221000
2011/10/28,0,8095750,-4081000,4014750
2011/10/31,0,3783000,-1566000,2217000
2011/11/01,0,3932000,-337800,3594200
2011/11/02,0,5140000,-1737000,3403000
2011/11/03,0,9384000,-4029000,5355000
2011/11/04,0,8927040,-3425000,5502040
2011/11/07,0,7012000,-3188285,3823715
2011/11/08,0,8009158,-4193000,3816158
2011/11/09,0,3533000,-3581000,-48000
2011/11/10,0,2335750,-2886000,-550250
2011/11/11,0,1062000,-3658952,-2596952
2011/11/14,0,1641000,-2692000,-1051000
2011/11/15,0,3850000,-2771000,1079000
2011/11/16,0,7315000,-2503000,4812000
2011/11/17,0,4969000,-1973677,2995323
2011/11/18,0,5725000,-7578000,-1853000
2011/11/21,0,7690000,-7825132,-135132
2011/11/22,0,8566000,-8722510,-156510
2011/11/23,0,6402000,-5375000,1027000
2011/11/24,0,7486000,-5232000,2254000
2011/11/25,0,9121000,-9776293,-655293
2011/11/28,0,9974666,-6770994,3203672
2011/11/29,0,7596000,-2639851,4956149
2011/11/30,0,5557000,-6857005,-1300005
2011/12/01,0,5144000,-3826553,1317447
2011/12/02,0,2545000,-2341000,204000
2011/12/05,0,2439000,-1633000,806000
2011/12/06,0,1583000,-1200000,383000
2011/12/07,0,3553000,-2753647,799353
2011/12/08,0,2126000,-1365000,761000
2011/12/09,0,2041274,-1961000,80274
2011/12/12,0,2193000,-1804000,389000
2011/12/13,0,1329000,-930158,398842
2011/12/14,0,1336000,-1204138,131862
2011/12/15,0,2003000,-2885700,-882700
2011/12/16,0,1383000,-1679932,-296932
2011/12/19,0,3806000,-4426000,-620000
2011/12/20,0,5612000,-3477300,2134700
2011/12/21,0,3714000,-2316190,1397810
2011/12/22,0,3494000,-1883000,1611000
2011/12/23,0,3322000,-3727000,-405000
2011/12/26,0,388000,-134000,254000
2011/12/27,0,887000,-208000,679000
2011/12/28,0,1013000,-1591000,-578000
2011/12/29,0,3991000,-3255000,736000
2011/12/30,0,1423880,-847000,576880
2012/01/02,0,417000,-727000,-310000
2012/01/03,0,1610250,-223000,1387250
2012/01/04,0,2752100,-873000,1879100
2012/01/05,0,2901000,-4390000,-1489000
2012/01/06,0,1762071,-1742000,20071
2012/01/09,0,5526000,-1216000,4310000
2012/01/10,0,5027750,-2855305,2172445
2012/01/11,0,3165500,-5940000,-2774500
2012/01/12,0,3347000,-7241000,-3894000
2012/01/13,0,3720000,-2319000,1401000
2012/01/16,0,2833250,-1500000,1333250
2012/01/17,0,4214000,-8638589,-4424589
2012/01/18,0,7016000,-9389000,-2373000
2012/01/19,0,0,0,0
2012/01/20,0,0,0,0
2012/01/23,0,0,0,0
2012/01/24,0,0,0,0
2012/01/25,0,0,0,0
2012/01/26,0,0,0,0
2012/01/27,0,0,0,0
2012/01/30,0,15379057,-8493750,6885307
2012/01/31,0,7571792,-3554009,4017783
2012/02/01,0,4906000,-4781000,125000
2012/02/02,0,5969000,-5477000,492000
2012/02/03,0,5702000,-3294000,2408000
2012/02/06,0,2732000,-2198000,534000
2012/02/07,0,4441386,-6848000,-2406614
2012/02/08,0,1817000,-1574000,243000
2012/02/09,0,5483000,-2643440,2839560
2012/02/10,0,6218000,-6670000,-452000
2012/02/13,0,4410000,-4917000,-507000
2012/02/14,0,2754681,-3307863,-553182
2012/02/15,0,7833000,-2735000,5098000
2012/02/16,0,8109000,-2554000,5555000
2012/02/17,0,7868000,-3664000,4204000
2012/02/20,0,2587750,-822000,1765750
2012/02/21,0,1385000,-1714265,-329265
2012/02/22,0,3226500,-5373000,-2146500
2012/02/23,0,4922000,-3570655,1351345
2012/02/24,0,22604600,-1129000,21475600
2012/02/27,0,0,0,0
2012/02/28,0,0,0,0
2012/02/29,0,14266949,-5739000,8527949
2012/03/01,0,5600854,-2599000,3001854
2012/03/02,0,9055499,-1949000,7106499
2012/03/05,0,4094000,-1138000,2956000
2012/03/06,0,2649000,-701000,1948000
2012/03/07,0,5705000,-1439000,4266000
2012/03/08,0,12739213,-4785169,7954044
2012/03/09,0,5460000,-1400000,4060000
2012/03/12,0,1828500,-499500,1329000
2012/03/13,0,2005500,-562697,1442803
2012/03/14,0,8009000,-713896,7295104
2012/03/15,0,2239750,-831000,1408750
2012/03/16,0,5860000,-1794000,4066000
2012/03/19,0,1218000,-1411173,-193173
2012/03/20,0,2246000,-838000,1408000
2012/03/21,0,7109000,-767000,6342000
2012/03/22,0,13003000,-1352826,11650174
2012/03/23,0,3309000,-1614732,1694268
2012/03/26,0,3565285,-2392000,1173285
2012/03/27,0,2097000,-1087795,1009205
2012/03/28,0,2964000,-586750,2377250
2012/03/29,0,2694000,-2648000,46000
2012/03/30,0,4438439,-1596000,2842439
2012/04/02,0,1012750,-987000,25750
2012/04/03,0,3561052,-898000,2663052
2012/04/04,0,0,0,0
2012/04/05,0,2325000,-1696000,629000
2012/04/06,0,409000,-2069000,-1660000
2012/04/09,0,597000,-922000,-325000
2012/04/10,0,5937000,-1317000,4620000
2012/04/11,0,11291000,-2440463,8850537
2012/04/12,0,5644250,-3236000,2408250
2012/04/13,0,4114920,-2056471,2058449
2012/04/16,0,3775500,-1757000,2018500
2012/04/17,0,10447555,-2311283,8136272
2012/04/18,0,3242000,-1716000,1526000
2012/04/19,0,4555250,-1924000,2631250
2012/04/20,0,2337000,-980507,1356493
2012/04/23,0,4039090,-3075000,964090
2012/04/24,0,6612020,-3649000,2963020
2012/04/25,0,1724000,-1531000,193000
2012/04/26,0,1533000,-1947000,-414000
2012/04/27,0,62608819,-6855500,55753319
2012/04/30,0,7378982,-6917807,461175
2012/05/01,0,0,0,0
2012/05/02,0,6684000,-6017000,667000
2012/05/03,0,6593084,-4683235,1909849
2012/05/04,0,3580214,-2290020,1290194
2012/05/07,0,4455250,-5212000,-756750
2012/05/08,0,10627000,-7304000,3323000
2012/05/09,0,4479500,-2718543,1760957
2012/05/10,0,4922161,-2903469,2018692
2012/05/11,0,3729469,-1961624,1767845
2012/05/14,0,7944250,-3449000,4495250
2012/05/15,0,3317445,-3423030,-105585
2012/05/16,0,6893714,-6094000,799714
2012/05/17,0,7419000,-4561000,2858000
2012/05/18,0,2427000,-3033000,-606000
2012/05/21,0,1523000,-1889298,-366298
2012/05/22,0,1628000,-1442510,185490
2012/05/23,0,2670714,-1968691,702023
2012/05/24,0,2531356,-1729186,802170
2012/05/25,0,1424000,-1512000,-88000
2012/05/28,0,1855000,-1384000,471000
2012/05/29,0,3715000,-4003814,-288814
2012/05/30,0,8972000,-11052277,-2080277
2012/05/31,0,8504184,-6994051,1510133
2012/06/01,0,3971000,-2105619,1865381
2012/06/04,0,4269224,-2798120,1471104
2012/06/05,0,1288000,-2479750,-1191750
2012/06/06,0,2200000,-3740000,-1540000
2012/06/07,0,2371349,-2188000,183349
2012/06/08,0,1912763,-1451000,461763
2012/06/11,0,2102845,-436000,1666845
2012/06/12,0,1947000,-1330000,617000
2012/06/13,0,2985480,-3346549,-361069
2012/06/14,0,3330217,-5957335,-2627118
2012/06/15,0,15792000,-18760641,-2968641
2012/06/18,0,2275069,-1373709,901360
2012/06/19,0,1628309,-756000,872309
2012/06/20,0,60011988,-6920000,53091988
2012/06/21,0,3149649,-5519000,-2369351
2012/06/22,0,5008558,-6601000,-1592442
2012/06/25,0,4704000,-7148000,-2444000
2012/06/26,0,6374000,-4518000,1856000
2012/06/27,0,4846000,-2991000,1855000
2012/06/28,0,3373750,-3401263,-27513
2012/06/29,0,2983750,-4094000,-1110250
2012/07/02,0,2204000,-1937000,267000
2012/07/03,0,5068696,-4784000,284696
2012/07/04,0,3621951,-7087406,-3465455
2012/07/05,0,1981000,-3224000,-1243000
2012/07/06,0,2061000,-4874296,-2813296
2012/07/09,0,1848000,-1202000,646000
2012/07/10,0,5309000,-3219666,2089334
2012/07/11,0,5249000,-1731000,3518000
2012/07/12,0,4481000,-4363354,117646
2012/07/13,0,4622006,-3501094,1120912
2012/07/16,0,697000,-760000,-63000
2012/07/17,0,2232000,-2147100,84900
2012/07/18,0,3127000,-2925696,201304
2012/07/19,0,3884000,-2902696,981304
2012/07/20,0,2848000,-4198392,-1350392
2012/07/23,0,3338000,-6010000,-2672000
2012/07/24,0,3311649,-3441383,-129734
2012/07/25,0,1344000,-2810649,-1466649
2012/07/26,0,9839000,-8368727,1470273
2012/07/27,0,10929000,-4378000,6551000
2012/07/30,0,4636096,-1165000,3471096
2012/07/31,0,12496000,-3690192,8805808
2012/08/01,0,3591000,-4209000,-618000
2012/08/02,0,0,0,0
2012/08/03,0,4961027,-2343862,2617165
2012/08/06,0,4415000,-4539000,-124000
2012/08/07,0,3391000,-5368000,-1977000
2012/08/08,0,6947365,-7519582,-572217
2012/08/09,0,4398000,-1867000,2531000
2012/08/10,0,2989000,-1843000,1146000
2012/08/13,0,2522000,-3469000,-947000
2012/08/14,0,3061314,-2598167,463147
2012/08/15,0,5282000,-2151000,3131000
2012/08/16,0,4324000,-3115000,1209000
2012/08/17,0,2704000,-1864868,839132
2012/08/20,0,1612000,-1073933,538067
2012/08/21,0,3769084,-830821,2938263
2012/08/22,0,2035596,-1565000,470596
2012/08/23,0,1079157,-1180000,-100843
2012/08/24,0,1552000,-1028750,523250
2012/08/27,0,918000,-1023000,-105000
2012/08/28,0,1862864,-2386000,-523136
2012/08/29,0,1722000,-1023000,699000
2012/08/30,0,4354000,-2153000,2201000
2012/08/31,0,770842,-629510,141332
2012/09/03,0,985300,-1363000,-377700
2012/09/04,0,2371000,-1047000,1324000
2012/09/05,0,1925000,-2751180,-826180
2012/09/06,0,1643096,-1344000,299096
2012/09/07,0,1862046,-1975828,-113782
2012/09/10,0,2489884,-4169000,-1679116
2012/09/11,0,1837000,-434000,1403000
2012/09/12,0,3559000,-3344000,215000
2012/09/13,0,2143000,-2211746,-68746
2012/09/14,0,3956000,-2814529,1141471
2012/09/17,0,3569250,-10757000,-7187750
2012/09/18,0,4123250,-722244,3401006
2012/09/19,0,5190000,-2768000,2422000
2012/09/20,0,3277750,-2440809,836941
2012/09/21,0,3936000,-2711000,1225000
2012/09/24,0,972000,-1593000,-621000
2012/09/25,0,2325000,-1606230,718770
2012/09/26,0,2008500,-1800218,208282
2012/09/27,0,4913250,-2081731,2831519
2012/09/28,0,3168700,-1902077,1266623
2012/10/01,0,858000,-1340000,-482000
2012/10/02,0,1190000,-1096894,93106
2012/10/03,0,2993000,-2078000,915000
2012/10/04,0,3945000,-3302000,643000
2012/10/05,0,3721000,-1612000,2109000
2012/10/08,0,3037240,-2244000,793240
2012/10/09,0,6550000,-2312628,4237372
2012/10/10,0,0,0,0
2012/10/11,0,3686250,-3740000,-53750
2012/10/12,0,4305000,-3429000,876000
2012/10/15,0,1030000,-3458000,-2428000
2012/10/16,0,1255474,-3141000,-1885526
2012/10/17,0,1566250,-4217616,-2651366
2012/10/18,0,1802000,-7220040,-5418040
2012/10/19,0,5840000,-16218339,-10378339
2012/10/22,0,2809000,-3245652,-436652
2012/10/23,0,693300,-1313927,-620627
2012/10/24,0,3156000,-1798973,1357027
2012/10/25,0,711000,-1174042,-463042
2012/10/26,0,1127000,-2905000,-1778000
2012/10/29,0,2130900,-2823000,-692100
2012/10/30,0,1016000,-2693000,-1677000
2012/10/31,0,590000,-2935000,-2345000
2012/11/01,0,2426000,-5163165,-2737165
2012/11/02,0,1869000,-3576600,-1707600
2012/11/05,0,1612000,-1530622,81378
2012/11/06,0,1554000,-1596000,-42000
2012/11/07,0,1913000,-6376500,-4463500
2012/11/08,0,1821000,-6839100,-5018100
2012/11/09,0,3887000,-6842000,-2955000
2012/11/12,0,2460000,-4230000,-1770000
2012/11/13,0,7637000,-5617000,2020000
2012/11/14,0,9990000,-7851131,2138869
2012/11/15,0,4024000,-4243000,-219000
2012/11/16,0,2463000,-5563000,-3100000
2012/11/19,0,2572250,-2582000,-9750
2012/11/20,0,2882000,-2331000,551000
2012/11/21,0,3269000,-6416251,-3147251
2012/11/22,0,2715000,-4441000,-1726000
2012/11/23,0,4007000,-3993672,13328
2012/11/26,0,1949000,-3255000,-1306000
2012/11/27,0,4222000,-4328000,-106000
2012/11/28,0,5718400,-5024800,693600
2012/11/29,0,4456250,-4213000,243250
2012/11/30,0,9088000,-6669233,2418767
2012/12/03,0,2957000,-6645241,-3688241
2012/12/04,0,3078075,-3715810,-637735
2012/12/05,0,1978000,-3500000,-1522000
2012/12/06,0,3226000,-4862868,-1636868
2012/12/07,0,5018000,-5525599,-507599
2012/12/10,0,9075000,-4106000,4969000
2012/12/11,0,6816234,-3597900,3218334
2012/12/12,0,5662235,-4519000,1143235
2012/12/13,0,2331159,-4765578,-2434419
2012/12/14,0,2171782,-1235000,936782
2012/12/17,0,3585000,-4831630,-1246630
2012/12/18,0,2460000,-1626740,833260
2012/12/19,0,5409920,-3330700,2079220
2012/12/20,0,1141420,-4146200,-3004780
2012/12/21,0,1332200,-4306629,-2974429
2012/12/24,0,850000,-1424000,-574000
2012/12/25,0,733000,-138000,595000
2012/12/26,0,608000,-150000,458000
2012/12/27,0,959572,-1676000,-716428
2012/12/28,0,3459000,-1904000,1555000
2012/12/31,0,0,0,0
2013/01/01,0,0,0,0
2013/01/02,0,1985000,-2464000,-479000
2013/01/03,0,4252000,-6401797,-2149797
2013/01/04,0,3624000,-4435073,-811073
2013/01/07,0,1230000,-1369400,-139400
2013/01/08,0,3255241,-4662000,-1406759
2013/01/09,0,1391000,-12502000,-11111000
2013/01/10,0,3118000,-5845000,-2727000
2013/01/11,0,1988000,-3018307,-1030307
2013/01/14,0,2337000,-5362992,-3025992
2013/01/15,0,1665000,-9241000,-7576000
2013/01/16,0,2099621,-3625687,-1526066
2013/01/17,0,1250300,-3692211,-2441911
2013/01/18,0,2134462,-1190249,944213
2013/01/21,0,694000,-1545000,-851000
2013/01/22,0,1610000,-2508486,-898486
2013/01/23,0,3889000,-1500768,2388232
2013/01/24,0,537527,-1919250,-1381723
2013/01/25,0,1642434,-1546141,96293
2013/01/28,0,928000,-4154250,-3226250
2013/01/29,0,3232600,-4229875,-997275
2013/01/30,0,2126818,-1085000,1041818
2013/01/31,0,6111000,-3415074,2695926
2013/02/01,0,5206000,-2995420,2210580
2013/02/04,0,3539443,-2104000,1435443
2013/02/05,0,2647000,-1895000,752000
2013/02/06,0,1690984,-4254000,-2563016
2013/02/07,0,0,0,0
2013/02/08,0,0,0,0
2013/02/11,0,0,0,0
2013/02/12,0,0,0,0
2013/02/13,0,0,0,0
2013/02/14,0,0,0,0
2013/02/15,0,0,0,0
2013/02/18,0,4594723,-26714034,-22119311
2013/02/19,0,1020539,-21919962,-20899423
2013/02/20,0,4467149,-22706426,-18239277
2013/02/21,0,3063000,-34787618,-31724618
2013/02/22,0,3927000,-12957807,-9030807
2013/02/25,0,2865000,-18237641,-15372641
2013/02/26,0,2217000,-10674931,-8457931
2013/02/27,0,3926000,-7144542,-3218542
2013/02/28,0,0,0,0
2013/03/01,0,2287375,-4807015,-2519640
2013/03/04,0,1853000,-6195800,-4342800
2013/03/05,0,1972000,-4356000,-2384000
2013/03/06,0,2916825,-4992000,-2075175
2013/03/07,0,2933000,-4111763,-1178763
2013/03/08,0,5268100,-4015281,1252819
2013/03/11,0,2430000,-1513000,917000
2013/03/12,0,1538000,-4229441,-2691441
2013/03/13,0,769000,-3770000,-3001000
2013/03/14,0,2274000,-5243006,-2969006
2013/03/15,0,735784,-10368679,-9632895
2013/03/18,0,1592000,-3555300,-1963300
2013/03/19,0,1591000,-6217677,-4626677
2013/03/20,0,2176000,-7332860,-5156860
2013/03/21,0,2411000,-3292000,-881000
2013/03/22,0,1719895,-3195767,-1475872
2013/03/25,0,807000,-1184000,-377000
2013/03/26,0,1635611,-5380992,-3745381
2013/03/27,0,1302000,-2236063,-934063
2013/03/28,0,1768604,-3611000,-1842396
2013/03/29,0,2601000,-2161000,440000
2013/04/01,0,632236,-2795000,-2162764
2013/04/02,0,3213439,-2927980,285459
2013/04/03,0,3379000,-4701190,-1322190
2013/04/04,0,0,0,0
2013/04/05,0,0,0,0
2013/04/08,0,5715000,-1464000,4251000
2013/04/09,0,2719585,-3431583,-711998
2013/04/10,0,2589000,-4930895,-2341895
2013/04/11,0,501680,-2625800,-2124120
2013/04/12,0,1207000,-2114000,-907000
2013/04/15,0,573123,-541000,32123
2013/04/16,0,2466332,-2308978,157354
2013/04/17,0,3956000,-2023000,1933000
2013/04/18,0,4121000,-2034000,2087000
2013/04/19,0,4263000,-1853000,2410000
2013/04/22,0,1385000,-273000,1112000
2013/04/23,0,1772000,-1808000,-36000
2013/04/24,0,3750000,-4742808,-992808
2013/04/25,0,1736186,-670000,1066186
2013/04/26,0,2535000,-906000,1629000
2013/04/29,0,3845000,-3725000,120000
2013/04/30,0,4643000,-4765000,-122000
2013/05/01,0,0,0,0
2013/05/02,0,4887092,-2234258,2652834
2013/05/03,0,4761000,-2852000,1909000
2013/05/06,0,2694000,-2155187,538813
2013/05/07,0,2326667,-1976000,350667
2013/05/08,0,2673696,-643131,2030565
2013/05/09,0,2751996,-1288000,1463996
2013/05/10,0,1453000,-3127000,-1674000
2013/05/13,0,1675600,-995230,680370
2013/05/14,0,2802000,-997000,1805000
2013/05/15,0,5390000,-1883194,3506806
2013/05/16,0,3664000,-872000,2792000
2013/05/17,0,1746000,-123000,1623000
2013/05/20,0,1030000,-346000,684000
2013/05/21,0,1667000,-1815644,-148644
2013/05/22,0,2071000,-784200,1286800
2013/05/23,0,3530000,-2619400,910600
2013/05/24,0,2019094,-1022000,997094
2013/05/27,0,1236750,-975000,261750
2013/05/28,0,1619000,-2795400,-1176400
2013/05/29,0,4292000,-3170000,1122000
2013/05/30,0,2406000,-6173000,-3767000
2013/05/31,0,4028000,-11294998,-7266998
2013/06/03,0,3097000,-6492000,-3395000
2013/06/04,0,3581000,-4614000,-1033000
2013/06/05,0,1592000,-5181596,-3589596
2013/06/06,0,582050,-2093307,-1511257
2013/06/07,0,1447000,-2361446,-914446
2013/06/10,0,1440000,-1970000,-530000
2013/06/11,0,1055825,-2275500,-1219675
2013/06/12,0,0,0,0
2013/06/13,0,1759000,-4333000,-2574000
2013/06/14,0,1008000,-3301000,-2293000
2013/06/17,0,775000,-1822751,-1047751
2013/06/18,0,2183000,-2990582,-807582
2013/06/19,0,2231000,-2798221,-567221
2013/06/20,0,1845000,-3103610,-1258610
2013/06/21,0,6710000,-5114959,1595041
2013/06/24,0,3303000,-3987000,-684000
2013/06/25,0,5515000,-2654207,2860793
2013/06/26,0,12972000,-7283813,5688187
2013/06/27,0,9803000,-5680000,4123000
2013/06/28,0,13317441,-2289000,11028441
2013/07/01,0,3163000,-2023661,1139339
2013/07/02,0,1344618,-968393,376225
2013/07/03,0,4324156,-1181100,3143056
2013/07/04,0,859000,-286000,573000
2013/07/05,0,2782000,-168000,2614000
2013/07/08,0,2557000,-2029000,528000
2013/07/09,0,2884000,-468000,2416000
2013/07/10,0,1698035,-1621000,77035
2013/07/11,0,3705853,-2826045,879808
2013/07/12,0,3949000,-1606000,2343000
2013/07/15,0,3386606,-165938,3220668
2013/07/16,0,2185000,-1205000,980000
2013/07/17,0,2798000,-1891000,907000
2013/07/18,0,5028000,-704000,4324000
2013/07/19,0,2127443,-1530051,597392
2013/07/22,0,2258808,-1634949,623859
2013/07/23,0,3552000,-1840990,1711010
2013/07/24,0,1215000,-2410000,-1195000
2013/07/25,0,1697000,-2019000,-322000
2013/07/26,0,3799000,-3147000,652000
2013/07/29,0,2123000,-1028000,1095000
2013/07/30,0,2804000,-970000,1834000
2013/07/31,0,1956000,-1859500,96500
2013/08/01,0,1805000,-2126500,-321500
2013/08/02,0,3528000,-2592000,936000
2013/08/05,0,2379364,-1767000,612364
2013/08/06,0,1767000,-2258000,-491000
2013/08/07,0,1669000,-1912000,-243000
2013/08/08,0,940254,-2955000,-2014746
2013/08/09,0,876000,-2230000,-1354000
2013/08/12,0,1937000,-1401000,536000
2013/08/13,0,1609000,-1294000,315000
2013/08/14,0,753982,-1387000,-633018
2013/08/15,0,419000,-1635626,-1216626
2013/08/16,0,707003,-1022000,-314997
2013/08/19,0,1709000,-1263000,446000
2013/08/20,0,671898,-1453583,-781685
2013/08/21,0,0,0,0
2013/08/22,0,2331898,-2159890,172008
2013/08/23,0,1204000,-2879945,-1675945
2013/08/26,0,643000,-1425055,-782055
2013/08/27,0,498000,-3137000,-2639000
2013/08/28,0,897000,-1103000,-206000
2013/08/29,0,1887235,-910000,977235
2013/08/30,0,1777113,-1237454,539659
2013/09/02,0,1763000,-1819000,-56000
2013/09/03,0,1143000,-516000,627000
2013/09/04,0,1463000,-584000,879000
2013/09/05,0,2557921,-2155000,402921
2013/09/06,0,1421000,-3243000,-1822000
2013/09/09,0,2747984,-1061000,1686984
2013/09/10,0,2256000,-872000,1384000
2013/09/11,0,1993000,-2226556,-233556
2013/09/12,0,2893000,-1243000,1650000
2013/09/13,0,835000,-1536000,-701000
2013/09/16,0,3816000,-2122000,1694000
2013/09/17,0,2247000,-2743000,-496000
2013/09/18,0,2506754,-1138000,1368754
2013/09/19,0,0,0,0
2013/09/20,0,0,0,0
2013/09/23,0,3829000,-2533000,1296000
2013/09/24,0,2673000,-2051690,621310
2013/09/25,0,2598000,-2535829,62171
2013/09/26,0,1408000,-2367000,-959000
2013/09/27,0,1504000,-1982852,-478852
2013/09/30,0,1863000,-6458433,-4595433
2013/10/01,0,935000,-2936457,-2001457
2013/10/02,0,1176200,-3116682,-1940482
2013/10/03,0,4241731,-5558000,-1316269
2013/10/04,0,1735000,-6439000,-4704000
2013/10/07,0,3438291,-9969260,-6530969
2013/10/08,0,4878500,-13686682,-8808182
2013/10/09,0,3994000,-12711540,-8717540
2013/10/10,0,0,0,0
2013/10/11,0,5294000,-10920040,-5626040
2013/10/14,0,1576000,-5092433,-3516433
2013/10/15,0,1393000,-5568657,-4175657
2013/10/16,0,1486000,-6344000,-4858000
2013/10/17,0,2062000,-8664333,-6602333
2013/10/18,0,8680000,-28495333,-19815333
2013/10/21,0,5591000,-21140414,-15549414
2013/10/22,0,5729000,-21614260,-15885260
2013/10/23,0,2757147,-9784771,-7027624
2013/10/24,0,3693000,-7673540,-3980540
2013/10/25,0,1931000,-5701620,-3770620
2013/10/28,0,3712000,-6009000,-2297000
2013/10/29,0,1299000,-2540000,-1241000
2013/10/30,0,6928109,-10022267,-3094158
2013/10/31,0,9202500,-7699000,1503500
2013/11/01,0,3405000,-12698425,-9293425
2013/11/04,0,3680000,-3925005,-245005
2013/11/05,0,2551000,-6744711,-4193711
2013/11/06,0,2427000,-4312817,-1885817
2013/11/07,0,1236000,-4522578,-3286578
2013/11/08,0,2030000,-3785851,-1755851
2013/11/11,0,640000,-3328000,-2688000
2013/11/12,0,3378000,-7307171,-3929171
2013/11/13,0,2097394,-2625000,-527606
2013/11/14,0,1466817,-3722551,-2255734
2013/11/15,0,2955000,-3535435,-580435
2013/11/18,0,649000,-2324000,-1675000
2013/11/19,0,2892000,-4340034,-1448034
2013/11/20,0,2185933,-3681000,-1495067
2013/11/21,0,615805,-4357184,-3741379
2013/11/22,0,1797000,-4736941,-2939941
2013/11/25,0,2741000,-6561069,-3820069
2013/11/26,0,4849000,-3204433,1644567
2013/11/27,0,607291,-2278837,-1671546
2013/11/28,0,1030000,-1025185,4815
2013/11/29,0,890000,-1772170,-882170
2013/12/02,0,978291,-1037333,-59042
2013/12/03,0,593100,-2165220,-1572120
2013/12/04,0,1631000,-6374000,-4743000
2013/12/05,0,1624000,-1973000,-349000
2013/12/06,0,3097000,-2380792,716208
2013/12/09,0,2980200,-485301,2494899
2013/12/10,0,7454905,-7000000,454905
2013/12/11,0,2233000,-2435954,-202954
2013/12/12,0,1246000,-1494181,-248181
2013/12/13,0,831000,-985290,-154290
2013/12/16,0,3011000,-3051089,-40089
2013/12/17,0,2805570,-2900471,-94901
2013/12/18,0,1769000,-2439000,-670000
2013/12/19,0,2525000,-2456920,68080
2013/12/20,0,2330000,-3031969,-701969
2013/12/23,0,2133000,-1244538,888462
2013/12/24,0,1779000,-1118363,660637
2013/12/25,0,318000,-103300,214700
2013/12/26,0,59000,-454000,-395000
2013/12/27,0,1367000,-2281000,-914000
2013/12/30,0,1364000,-577000,787000
2013/12/31,0,846000,-319000,527000
2014/01/02,0,1152664,-1210819,-58155
2014/01/03,0,2964000,-2312745,651255
2014/01/06,0,1073549,-1122000,-48451
2014/01/07,0,1696000,-3388000,-1692000
2014/01/08,0,1243000,-2791000,-1548000
2014/01/09,0,1105000,-4792000,-3687000
2014/01/10,0,2231000,-3924878,-1693878
2014/01/13,0,2106440,-1077011,1029429
2014/01/14,0,860000,-1012000,-152000
2014/01/15,0,924000,-916179,7821
2014/01/16,0,2166000,-2038135,127865
2014/01/17,0,468291,-1161000,-692709
2014/01/20,0,515000,-2295000,-1780000
2014/01/21,0,1373000,-2698669,-1325669
2014/01/22,0,875000,-1866000,-991000
2014/01/23,0,1200000,-2471316,-1271316
2014/01/24,0,1585000,-4280623,-2695623
2014/01/27,0,1848000,-4240528,-2392528
2014/02/05,0,1718000,-9397542,-7679542
2014/02/06,0,2643000,-5530000,-2887000
2014/02/07,0,2502000,-4053000,-1551000
2014/02/10,0,270180,-1985039,-1714859
2014/02/11,0,2542000,-7398199,-4856199
2014/02/12,0,2729000,-2984300,-255300
2014/02/13,0,1366000,-1233687,132313
2014/02/14,0,1383910,-1864100,-480190
2014/02/17,0,532000,-3310500,-2778500
2014/02/18,0,1140955,-2124152,-983197
2014/02/19,0,2309000,-7484207,-5175207
2014/02/20,0,972484,-4282000,-3309516
2014/02/21,0,1203000,-4539000,-3336000
2014/02/24,0,463000,-2499314,-2036314
2014/02/25,0,1014000,-2042500,-1028500
2014/02/26,0,1262000,-1366000,-104000
2014/02/27,0,1981271,-1388823,592448
2014/03/03,0,1090000,-3240940,-2150940
2014/03/04,0,105000,-2053000,-1948000
2014/03/05,0,234010,-2176044,-1942034
2014/03/06,0,907000,-1609000,-702000
2014/03/07,0,2454000,-3093000,-639000
2014/03/10,0,1346000,-3881618,-2535618
2014/03/11,0,1580000,-2512000,-932000
2014/03/12,0,667000,-2083940,-1416940
2014/03/13,0,2385000,-2757278,-372278
2014/03/14,0,1105000,-3357000,-2252000
2014/03/17,0,1601000,-1783000,-182000
2014/03/18,0,4948000,-1987590,2960410
2014/03/19,0,1293320,-1623000,-329680
2014/03/20,0,2486000,-2495000,-9000
2014/03/21,0,976000,-2419000,-1443000
2014/03/24,0,1151781,-2756000,-1604219
2014/03/25,0,1587000,-2892000,-1305000
2014/03/26,0,340000,-3075000,-2735000
2014/03/27,0,6606000,-4834500,1771500
2014/03/28,0,2040000,-1046586,993414
2014/03/31,0,1275330,-1624000,-348670
2014/04/01,0,1076000,-757165,318835
2014/04/02,0,1651000,-1387000,264000
2014/04/03,0,1126000,-634000,492000
2014/04/07,0,2031000,-1943000,88000
2014/04/08,0,393618,-288000,105618
2014/04/09,0,1367000,-691000,676000
2014/04/10,0,713000,-734000,-21000
2014/04/11,0,876000,-670000,206000
2014/04/14,0,465000,-862000,-397000
2014/04/15,0,2229000,-1930797,298203
2014/04/16,0,1958000,-1137000,821000
2014/04/17,0,1446000,-1496000,-50000
2014/04/18,0,861000,-141000,720000
2014/04/21,0,586000,-179000,407000
2014/04/22,0,1180000,-1041000,139000
2014/04/23,0,1740000,-1270000,470000
2014/04/24,0,1340000,-579000,761000
2014/04/25,0,1418000,-1142000,276000
2014/04/28,0,2589000,-2472000,117000
2014/04/29,0,1616000,-2071000,-455000
2014/04/30,0,7209000,-5855000,1354000
2014/05/02,0,1825000,-1461000,364000
2014/05/05,0,1081866,-957000,124866
2014/05/06,0,1221000,-1633000,-412000
2014/05/07,0,1252000,-1683000,-431000
2014/05/08,0,1734000,-3150000,-1416000
2014/05/09,0,1389000,-1929000,-540000
2014/05/12,0,721618,-1695085,-973467
2014/05/13,0,1444000,-3105000,-1661000
2014/05/14,0,2102000,-4182000,-2080000
2014/05/15,0,1030150,-3662000,-2631850
2014/05/16,0,3158000,-3622000,-464000
2014/05/19,0,989000,-1047079,-58079
2014/05/20,0,2290372,-1984275,306097
2014/05/21,0,5777000,-1093000,4684000
2014/05/22,0,8306900,-1182000,7124900
2014/05/23,0,4975000,-1369000,3606000
2014/05/26,0,1236000,-628000,608000
2014/05/27,0,779000,-1765000,-986000
2014/05/28,0,2761000,-2788000,-27000
2014/05/29,0,1923000,-751318,1171682
2014/05/30,0,3479000,-3148152,330848
2014/06/03,0,1630000,-1214000,416000
2014/06/04,0,555000,-879000,-324000
2014/06/05,0,711000,-1531000,-820000
2014/06/06,0,1072000,-1301000,-229000
2014/06/09,0,2948000,-1124060,1823940
2014/06/10,0,3911421,-2332000,1579421
2014/06/11,0,1634700,-1701750,-67050
2014/06/12,0,2284000,-886000,1398000
2014/06/13,0,1787000,-1485000,302000
2014/06/16,0,1111000,-628000,483000
2014/06/17,0,1284000,-575000,709000
2014/06/18,0,3611000,-1545700,2065300
2014/06/19,0,1082308,-1512700,-430392
2014/06/20,0,2068200,-1192481,875719
2014/06/23,0,2373000,-1180486,1192514
2014/06/24,0,1754000,-1825079,-71079
2014/06/25,0,1249000,-1471686,-222686
2014/06/26,0,1725373,-1616000,109373
2014/06/27,0,2230000,-702000,1528000
2014/06/30,0,1700000,-2077103,-377103
2014/07/01,0,993000,-1653000,-660000
2014/07/02,0,1514235,-2203828,-689593
2014/07/03,0,616200,-1911000,-1294800
2014/07/04,0,367000,-2380733,-2013733
2014/07/07,0,1590812,-2231000,-640188
2014/07/08,0,2393000,-4197000,-1804000
2014/07/09,0,2630000,-4479000,-1849000
2014/07/10,0,947154,-2973088,-2025934
2014/07/11,0,2917000,-2365851,551149
2014/07/14,0,2033000,-1102000,931000
2014/07/15,0,3290401,-2434000,856401
2014/07/16,0,2345000,-3062000,-717000
2014/07/17,0,2764732,-2125000,639732
2014/07/18,0,1296000,-1239000,57000
2014/07/21,0,1218000,-857000,361000
2014/07/22,0,1951000,-1165000,786000
2014/07/23,0,0,0,0
2014/07/24,0,2141997,-1505000,636997
2014/07/25,0,1443000,-866069,576931
2014/07/28,0,2494000,-1770000,724000
2014/07/29,0,3259000,-2255000,1004000
2014/07/30,0,1723000,-992000,731000
2014/07/31,0,2855000,-3104500,-249500
2014/08/01,0,2532000,-1624000,908000
2014/08/04,0,2852000,-1627000,1225000
2014/08/05,0,3353000,-3636648,-283648
2014/08/06,0,3708000,-2097000,1611000
2014/08/07,0,2653587,-1747655,905932
2014/08/08,0,3750468,-2963696,786772
2014/08/11,0,1802000,-1531185,270815
2014/08/12,0,2295000,-2435124,-140124
2014/08/13,0,2286000,-1251000,1035000
2014/08/14,0,963000,-5552000,-4589000
2014/08/15,0,1959000,-2872000,-913000
2014/08/18,0,3124000,-1748000,1376000
2014/08/19,0,5004001,-1730000,3274001
2014/08/20,0,3059028,-460000,2599028
2014/08/21,0,1334000,-440000,894000
2014/08/22,0,3902118,-1265000,2637118
2014/08/25,0,1869400,-180000,1689400
2014/08/26,0,1253470,-861000,392470
2014/08/27,0,2482000,-712000,1770000
2014/08/28,0,1616973,-721000,895973
2014/08/29,0,3355000,-3831000,-476000
2014/09/01,0,3325000,-9486000,-6161000
2014/09/02,0,1553000,-9576000,-8023000
2014/09/03,0,4129276,-6390000,-2260724
2014/09/04,0,625088,-3954223,-3329135
2014/09/05,0,1095000,-1849000,-754000
2014/09/09,0,1534544,-3240544,-1706000
2014/09/10,0,818013,-7012000,-6193987
2014/09/11,0,1133000,-5891405,-4758405
2014/09/12,0,1096468,-4899258,-3802790
2014/09/15,0,917000,-6460000,-5543000
2014/09/16,0,1534449,-1949000,-414551
2014/09/17,0,1600017,-2179000,-578983
2014/09/18,0,1759464,-1229000,530464
2014/09/19,0,1476000,-3801500,-2325500
2014/09/22,0,1307350,-2315000,-1007650
2014/09/23,0,958000,-1364000,-406000
2014/09/24,0,5702940,-3082000,2620940
2014/09/25,0,2342000,-2033297,308703
2014/09/26,0,1576759,-1750000,-173241
2014/09/29,0,4335000,-6855000,-2520000
2014/09/30,0,3427000,-4464100,-1037100
2014/10/01,0,3558826,-4315000,-756174
2014/10/02,0,2422976,-3917000,-1494024
2014/10/03,0,6839618,-6173000,666618
2014/10/06,0,6059218,-5931000,128218
2014/10/07,0,4694200,-2928000,1766200
2014/10/08,0,3486245,-2104900,1381345
2014/10/09,0,6306000,-1471754,4834246
2014/10/13,0,5452000,-2070146,3381854
2014/10/14,0,2929000,-2222000,707000
2014/10/15,0,12484955,-4212239,8272716
2014/10/16,0,9090000,-5464559,3625441
2014/10/17,0,12435770,-11346000,1089770
2014/10/20,0,2070000,-2025157,44843
2014/10/21,0,1152000,-2562000,-1410000
2014/10/22,0,2373618,-2194080,179538
2014/10/23,0,1122618,-1129000,-6382
2014/10/24,0,3755000,-1293000,2462000
2014/10/27,0,5335000,-1704000,3631000
2014/10/28,0,4140000,-2530000,1610000
2014/10/29,0,11352853,-1589000,9763853
2014/10/30,0,20132532,-4106500,16026032
2014/10/31,0,16329737,-1347000,14982737
2014/11/03,0,3823000,-1751000,2072000
2014/11/04,0,5403000,-1817000,3586000
2014/11/05,0,4930000,-969000,3961000
2014/11/06,0,4235200,-480000,3755200
2014/11/07,0,4097000,-460957,3636043
2014/11/10,0,3147811,-532126,2615685
2014/11/11,0,3986000,-810000,3176000
2014/11/12,0,3374417,-1732521,1641896
2014/11/13,0,3065000,-1113000,1952000
2014/11/14,0,3562000,-1806000,1756000
2014/11/17,0,2107000,-1363000,744000
2014/11/18,0,5723291,-1350817,4372474
2014/11/19,0,3592990,-2185000,1407990
2014/11/20,0,3202000,-781960,2420040
2014/11/21,0,3467000,-1451000,2016000
2014/11/24,0,1560212,-850000,710212
2014/11/25,0,2858633,-2733000,125633
2014/11/26,0,1291094,-2258094,-967000
2014/11/27,0,2872000,-1748987,1123013
2014/11/28,0,2707000,-830000,1877000
2014/12/01,0,4947389,-1317774,3629615
2014/12/02,0,8815000,-2525000,6290000
2014/12/03,0,4894387,-3278387,1616000
2014/12/04,0,3496000,-2941000,555000
2014/12/05,0,1993000,-2750000,-757000
2014/12/08,0,952000,-1084434,-132434
2014/12/09,0,1775900,-1636496,139404
2014/12/10,0,3930826,-3244026,686800
2014/12/11,0,1241234,-2527725,-1286491
2014/12/12,0,1698291,-2887000,-1188709
2014/12/15,0,2098000,-2783000,-685000
2014/12/16,0,4882000,-1865108,3016892
2014/12/17,0,4944000,-4877798,66202
2014/12/18,0,5342000,-4274428,1067572
2014/12/19,0,4311280,-2485848,1825432
2014/12/22,0,4540000,-1991000,2549000
2014/12/23,0,1893000,-806000,1087000
2014/12/24,0,1520000,-330250,1189750
2014/12/25,0,897000,-84000,813000
2014/12/26,0,687000,-82000,605000
2014/12/29,0,2082226,-762226,1320000
2014/12/30,0,2032752,-963030,1069722
2014/12/31,0,2493000,-1176000,1317000
2015/01/01,0,0,0,0
2015/01/02,0,0,0,0
2015/01/05,0,2810000,-1996000,814000
2015/01/06,0,3461000,-2478629,982371
2015/01/07,0,3484000,-1700000,1784000
2015/01/08,0,2408319,-1023404,1384915
2015/01/09,0,3305000,-1816064,1488936
2015/01/12,0,4329000,-656000,3673000
2015/01/13,0,4363000,-3200132,1162868
2015/01/14,0,2884000,-1745303,1138697
2015/01/15,0,2890000,-1510000,1380000
2015/01/16,0,4708000,-3489497,1218503
2015/01/19,0,1461000,-851000,610000
2015/01/20,0,1240000,-578219,661781
2015/01/21,0,2870000,-368888,2501112
2015/01/22,0,2893000,-1631918,1261082
2015/01/23,0,2599000,-837471,1761529
2015/01/26,0,1745000,-961179,783821
2015/01/27,0,2703000,-680444,2022556
2015/01/28,0,2344000,-700000,1644000
2015/01/29,0,2616000,-434200,2181800
2015/01/30,0,4012000,-2135000,1877000
2015/02/02,0,2351176,-1296396,1054780
2015/02/03,0,1780000,-258367,1521633
2015/02/04,0,3224360,-945000,2279360
2015/02/05,0,1430000,-307000,1123000
2015/02/06,0,1999000,-968159,1030841
2015/02/09,0,750588,-615089,135499
2015/02/10,0,1290000,-772300,517700
2015/02/11,0,3623280,-1027401,2595879
2015/02/12,0,1836000,-1225000,611000
2015/02/13,0,4050000,-831729,3218271
2015/02/16,0,0,0,0
2015/02/17,0,0,0,0
2015/02/18,0,0,0,0
2015/02/19,0,0,0,0
2015/02/20,0,0,0,0
2015/02/23,0,0,0,0
2015/02/24,0,4640228,-2942516,1697712
2015/02/25,0,2023000,-3333032,-1310032
2015/02/26,0,5734000,-4512562,1221438
2015/02/27,0,0,0,0
2015/03/02,0,1954640,-3424741,-1470101
2015/03/03,0,4146139,-1982000,2164139
2015/03/04,0,1744000,-2631018,-887018
2015/03/05,0,1265000,-1605000,-340000
2015/03/06,0,2375300,-1821829,553471
2015/03/09,0,175000,-1573000,-1398000
2015/03/10,0,1777493,-3782122,-2004629
2015/03/11,0,2085000,-2054000,31000
2015/03/12,0,2090700,-1893480,197220
2015/03/13,0,1144159,-2894000,-1749841
2015/03/16,0,880000,-2462543,-1582543
2015/03/17,0,1623000,-2791150,-1168150
2015/03/18,0,3068000,-1073775,1994225
2015/03/19,0,2578700,-1626392,952308
2015/03/20,0,2929000,-3798000,-869000
2015/03/23,0,1389000,-2116754,-727754
2015/03/24,0,2855724,-3242090,-386366
2015/03/25,0,2750000,-3341000,-591000
2015/03/26,0,2944000,-2856896,87104
2015/03/27,0,3020087,-2892600,127487
2015/03/30,0,1930000,-2059098,-129098
2015/03/31,0,3193000,-2152000,1041000
2015/04/01,0,2515166,-2815000,-299834
2015/04/02,0,2719291,-1036000,1683291
2015/04/03,0,0,0,0
2015/04/06,0,0,0,0
2015/04/07,0,1546000,-721000,825000
2015/04/08,0,1061849,-1718229,-656380
2015/04/09,0,2056330,-2213789,-157459
2015/04/10,0,2033000,-1115120,917880
2015/04/13,0,1319000,-1680000,-361000
2015/04/14,0,3265000,-2863000,402000
2015/04/15,0,2875000,-15834000,-12959000
2015/04/16,0,1898000,-9643000,-7745000
2015/04/17,0,1142035,-8244274,-7102239
2015/04/20,0,1856461,-1597000,259461
2015/04/21,0,949309,-2024000,-1074691
2015/04/22,0,2731000,-5733838,-3002838
2015/04/23,0,3244664,-4047674,-803010
2015/04/24,0,4231691,-2969000,1262691
2015/04/27,0,2135000,-1821960,313040
2015/04/28,0,1773000,-1702000,71000
2015/04/29,0,2930000,-2327000,603000
2015/04/30,0,4796177,-4924980,-128803
2015/05/01,0,0,0,0
2015/05/04,0,955431,-1681000,-725569
2015/05/05,0,997000,-932000,65000
2015/05/06,0,1260242,-2197000,-936758
2015/05/07,0,443000,-2985911,-2542911
2015/05/08,0,531127,-1677760,-1146633
2015/05/11,0,1171000,-1582000,-411000
2015/05/12,0,1059000,-2025000,-966000
2015/05/13,0,750056,-501989,248067
2015/05/14,0,1840450,-2878000,-1037550
2015/05/15,0,349000,-3261550,-2912550
2015/05/18,0,890000,-1958000,-1068000
2015/05/19,0,1229677,-1868000,-638323
2015/05/20,0,955000,-2704000,-1749000
2015/05/21,0,1348000,-4501000,-3153000
2015/05/22,0,588000,-2775000,-2187000
2015/05/25,0,556000,-4072000,-3516000
2015/05/26,0,921000,-1922000,-1001000
2015/05/27,0,1530000,-1604127,-74127
2015/05/28,0,1423000,-4127243,-2704243
2015/05/29,0,4500186,-4323513,176673
2015/06/01,0,2037680,-2220000,-182320
2015/06/02,0,2270329,-2058000,212329
2015/06/03,0,1950000,-4347000,-2397000
2015/06/04,0,3162500,-6002000,-2839500
2015/06/05,0,2635354,-4544000,-1908646
2015/06/08,0,1216000,-1938829,-722829
2015/06/09,0,2528000,-1514243,1013757
2015/06/10,0,919173,-1980000,-1060827
2015/06/11,0,1454000,-1703000,-249000
2015/06/12,0,1266000,-1608757,-342757
2015/06/15,0,1644000,-1993000,-349000
2015/06/16,0,764000,-3219600,-2455600
2015/06/17,0,1730000,-6744280,-5014280
2015/06/18,0,3549000,-3182636,366364
2015/06/19,0,0,0,0
2015/06/22,0,1721189,-1810475,-89286
2015/06/23,0,933000,-1369000,-436000
2015/06/24,0,1259325,-1303127,-43802
2015/06/25,0,2611534,-1969000,642534
2015/06/26,0,1002000,-1282000,-280000
2015/06/29,0,1335000,-2133000,-798000
2015/06/30,0,4565000,-3555269,1009731
2015/07/01,0,2330000,-2039637,290363
2015/07/02,0,2789128,-2660465,128663
2015/07/03,0,1666000,-1422000,244000
2015/07/06,0,3010000,-2184000,826000
2015/07/07,0,5470000,-2508864,2961136
2015/07/08,0,3423000,-3308000,115000
2015/07/09,0,1642000,-3191647,-1549647
2015/07/10,0,0,0,0
2015/07/13,0,3715000,-6375999,-2660999
2015/07/14,0,2131000,-4107000,-1976000
2015/07/15,0,2753000,-5793684,-3040684
2015/07/16,0,2200000,-1409981,790019
2015/07/17,0,1119000,-2012000,-893000
2015/07/20,0,1178189,-1380642,-202453
2015/07/21,0,1822000,-1313000,509000
2015/07/22,0,3423000,-1642678,1780322
2015/07/23,0,3056998,-1737000,1319998
2015/07/24,0,3463291,-1516000,1947291
2015/07/27,0,3030000,-2850000,180000
2015/07/28,0,2792666,-3682000,-889334
2015/07/29,0,2233000,-2226284,6716
2015/07/30,0,2114000,-988000,1126000
2015/07/31,0,6994044,-5922271,1071773
2015/08/03,0,8186775,-2950000,5236775
2015/08/04,0,3758317,-1139313,2619004
2015/08/05,0,3623000,-1219140,2403860
2015/08/06,0,7318000,-4637462,2680538
2015/08/07,0,1748000,-1835929,-87929
2015/08/10,0,1488737,-1263000,225737
2015/08/11,0,2478282,-2571000,-92718
2015/08/12,0,2904000,-1586000,1318000
2015/08/13,0,4371000,-1646900,2724100
2015/08/14,0,2069200,-951000,1118200
2015/08/17,0,443291,-948698,-505407
2015/08/18,0,1758000,-2244000,-486000
2015/08/19,0,2051192,-1899000,152192
2015/08/20,0,2862000,-2828754,33246
2015/08/21,0,3618000,-2375437,1242563
2015/08/24,0,2846000,-4083000,-1237000
2015/08/25,0,1461553,-4516195,-3054642
2015/08/26,0,3559000,-4315802,-756802
2015/08/27,0,2481000,-3679000,-1198000
2015/08/28,0,1367000,-1775317,-408317
2015/08/31,0,4379111,-4918563,-539452
2015/09/01,0,3095000,-3474802,-379802
2015/09/02,0,1840000,-1575243,264757
2015/09/03,0,991000,-788000,203000
2015/09/04,0,1322360,-1274872,47488
2015/09/07,0,1650000,-951000,699000
2015/09/08,0,1120000,-1453000,-333000
2015/09/09,0,3547181,-1933000,1614181
2015/09/10,0,3155500,-1605939,1549561
2015/09/11,0,1985320,-885523,1099797
2015/09/14,0,3511000,-1291000,2220000
2015/09/15,0,3862000,-1987000,1875000
2015/09/16,0,4594000,-3257982,1336018
2015/09/17,0,6195000,-4329000,1866000
2015/09/18,0,4209901,-2117799,2092102
2015/09/21,0,2466000,-1756000,710000
2015/09/22,0,11005088,-365878,10639210
2015/09/23,0,4224458,-4072120,152338
2015/09/24,0,899000,-2130000,-1231000
2015/09/25,0,1299924,-2393000,-1093076
2015/09/28,0,0,0,0
2015/09/29,0,0,0,0
2015/09/30,0,9727542,-9808542,-81000
2015/10/01,0,1942873,-1311000,631873
2015/10/02,0,2642896,-2305000,337896
2015/10/05,0,4744930,-3929313,815617
2015/10/06,0,3158000,-3216702,-58702
2015/10/07,0,3581313,-2980000,601313
2015/10/08,0,2491323,-4173828,-1682505
2015/10/09,0,0,0,0
2015/10/12,0,3339000,-1628000,1711000
2015/10/13,0,3446291,-2091462,1354829
2015/10/14,0,4542000,-2342000,2200000
2015/10/15,0,3410000,-2305000,1105000
2015/10/16,0,5522000,-2544000,2978000
2015/10/19,0,1741000,-962000,779000
2015/10/20,0,3567500,-1851800,1715700
2015/10/21,0,2620000,-297000,2323000
2015/10/22,0,2885136,-642000,2243136
2015/10/23,0,1926000,-1715000,211000
2015/10/26,0,2084000,-1395000,689000
2015/10/27,0,2854000,-497758,2356242
2015/10/28,0,2690080,-1746806,943274
2015/10/29,0,2191000,-1235959,955041
2015/10/30,0,1143000,-2876477,-1733477
2015/11/02,0,776000,-1656068,-880068
2015/11/03,0,2254000,-802886,1451114
2015/11/04,0,3260000,-2327894,932106
2015/11/05,0,2064028,-1722633,341395
2015/11/06,0,11936000,-13500000,-1564000
2015/11/09,0,1268637,-1809000,-540363
2015/11/10,0,1468000,-3226000,-1758000
2015/11/11,0,2333000,-2399497,-66497
2015/11/12,0,1550000,-1931000,-381000
2015/11/13,0,1915284,-4209931,-2294647
2015/11/16,0,1739000,-1902061,-163061
2015/11/17,0,831000,-752000,79000
2015/11/18,0,1460804,-2553000,-1092196
2015/11/19,0,1443000,-2346962,-903962
2015/11/20,0,770000,-1499000,-729000
2015/11/23,0,1349848,-969120,380728
2015/11/24,0,2801000,-2221497,579503
2015/11/25,0,3122172,-1449862,1672310
2015/11/26,0,3699000,-1376761,2322239
2015/11/27,0,847000,-1100000,-253000
2015/11/30,0,4960500,-5393462,-432962
2015/12/01,0,3306000,-1767982,1538018
2015/12/02,0,1485000,-1578288,-93288
2015/12/03,0,1933000,-2346702,-413702
2015/12/04,0,1144000,-1847667,-703667
2015/12/07,0,1328000,-650667,677333
2015/12/08,0,2318000,-3242535,-924535
2015/12/09,0,1530000,-2338739,-808739
2015/12/10,0,2124000,-2834000,-710000
2015/12/11,0,2762096,-2652211,109885
2015/12/14,0,1265000,-2256472,-991472
2015/12/15,0,1756000,-1967384,-211384
2015/12/16,0,1083146,-1486000,-402854
2015/12/17,0,2162000,-682000,1480000
2015/12/18,0,3965521,-4228465,-262944
2015/12/21,0,1801147,-2284500,-483353
2015/12/22,0,2269035,-1826000,443035
2015/12/23,0,782146,-1137000,-354854
2015/12/24,0,742000,-439990,302010
2015/12/25,0,216000,-123000,93000
2015/12/28,0,2215000,-3147000,-932000
2015/12/29,0,2369000,-1712483,656517
2015/12/30,0,1107000,-1159210,-52210
2015/12/31,0,1095000,-1396000,-301000
2016/01/01,0,0,0,0
2016/01/04,0,2216400,-3474000,-1257600
2016/01/05,0,5093089,-3314238,1778851
2016/01/06,0,2886766,-1883000,1003766
2016/01/07,0,3518982,-2500456,1018526
2016/01/08,0,3947000,-2883626,1063374
2016/01/11,0,4197335,-5206000,-1008665
2016/01/12,0,2152000,-2137000,15000
2016/01/13,0,1889000,-1153410,735590
2016/01/14,0,2140291,-1477000,663291
2016/01/15,0,906000,-4577436,-3671436
2016/01/18,0,6067127,-5098000,969127
2016/01/19,0,3797395,-2483373,1314022
2016/01/20,0,3920530,-4512000,-591470
2016/01/21,0,2368577,-2967000,-598423
2016/01/22,0,2668000,-2419408,248592
2016/01/25,0,4859000,-1647000,3212000
2016/01/26,0,4262146,-2845000,1417146
2016/01/27,0,3017000,-1389638,1627362
2016/01/28,0,4125000,-2757482,1367518
2016/01/29,0,4806749,-4972863,-166114
2016/02/01,0,3859870,-1768040,2091830
2016/02/02,0,3392638,-2035670,1356968
2016/02/03,0,3194000,-2644260,549740
2016/02/04,0,0,0,0
2016/02/05,0,0,0,0
2016/02/08,0,0,0,0
2016/02/09,0,0,0,0
2016/02/10,0,0,0,0
2016/02/11,0,0,0,0
2016/02/12,0,0,0,0
2016/02/15,0,5556291,-2896431,2659860
2016/02/16,0,2615000,-2520000,95000
2016/02/17,0,1836582,-4683000,-2846418
2016/02/18,0,3441000,-4786717,-1345717
2016/02/19,0,4013402,-4948751,-935349
2016/02/22,0,2777000,-2384563,392437
2016/02/23,0,2261120,-5479000,-3217880
2016/02/24,0,2868000,-3259619,-391619
2016/02/25,0,2566848,-2884000,-317152
2016/02/26,0,4035000,-2326548,1708452
2016/02/29,0,0,0,0
2016/03/01,0,2887424,-2343676,543748
2016/03/02,0,1960162,-1797000,163162
2016/03/03,0,4055536,-2234000,1821536
2016/03/04,0,2308035,-2197581,110454
2016/03/07,0,3285037,-2419000,866037
2016/03/08,0,3671819,-6495088,-2823269
2016/03/09,0,2333428,-1445772,887656
2016/03/10,0,2427030,-2622195,-195165
2016/03/11,0,3696000,-1273000,2423000
2016/03/14,0,1062000,-946000,116000
2016/03/15,0,2670000,-1627687,1042313
2016/03/16,0,3242000,-1193000,2049000
2016/03/17,0,5028234,-2893764,2134470
2016/03/18,0,7294893,-6290635,1004258
2016/03/21,0,3229000,-3008000,221000
2016/03/22,0,5324592,-4664552,660040
2016/03/23,0,3472000,-1305000,2167000
2016/03/24,0,2220000,-579000,1641000
2016/03/25,0,1350000,-499000,851000
2016/03/28,0,958000,-358439,599561
2016/03/29,0,1121000,-1130546,-9546
2016/03/30,0,3211163,-1594000,1617163
2016/03/31,0,3919540,-3442627,476913
2016/04/01,0,2946000,-3044629,-98629
2016/04/04,0,0,0,0
2016/04/05,0,0,0,0
2016/04/06,0,2943880,-3406697,-462817
2016/04/07,0,1539185,-1630000,-90815
2016/04/08,0,2395000,-2651000,-256000
2016/04/11,0,1442000,-992300,449700
2016/04/12,0,1803000,-2317000,-514000
2016/04/13,0,4752000,-2851000,1901000
2016/04/14,0,3662000,-2815960,846040
2016/04/15,0,2629147,-2295000,334147
2016/04/18,0,4140000,-2031600,2108400
2016/04/19,0,3540000,-2546000,994000
2016/04/20,0,3009694,-1930000,1079694
2016/04/21,0,4417000,-1367000,3050000
2016/04/22,0,3196778,-2553212,643566
2016/04/25,0,3627000,-1330400,2296600
2016/04/26,0,5512402,-3841000,1671402
2016/04/27,0,3749000,-1205207,2543793
2016/04/28,0,2805406,-2785000,20406
2016/04/29,0,4087000,-3024439,1062561
2016/05/02,0,0,0,0
2016/05/03,0,5441723,-2276155,3165568
2016/05/04,0,6200000,-4103300,2096700
2016/05/05,0,3105000,-3825000,-720000
2016/05/06,0,2422232,-3287000,-864768
2016/05/09,0,1967000,-1819000,148000
2016/05/10,0,2936116,-2258000,678116
2016/05/11,0,3989800,-2477000,1512800
2016/05/12,0,3205000,-1672000,1533000
2016/05/13,0,3504000,-2758816,745184
2016/05/16,0,1223000,-1704000,-481000
2016/05/17,0,2098000,-2100465,-2465
2016/05/18,0,3496227,-1947000,1549227
2016/05/19,0,2349520,-2664000,-314480
2016/05/20,0,1809000,-1415263,393737
2016/05/23,0,1404298,-658000,746298
2016/05/24,0,741928,-745000,-3072
2016/05/25,0,1682116,-3092000,-1409884
2016/05/26,0,1909000,-3489662,-1580662
2016/05/27,0,3147320,-1880000,1267320
2016/05/30,0,3263000,-1543768,1719232
2016/05/31,0,4627324,-2848180,1779144
2016/06/01,0,2178328,-912000,1266328
2016/06/02,0,1941456,-2575000,-633544
2016/06/03,0,1664000,-659108,1004892
2016/06/06,0,1579990,-641000,938990
2016/06/07,0,2890235,-1813000,1077235
2016/06/08,0,3629000,-1489521,2139479
2016/06/09,0,0,0,0
2016/06/10,0,0,0,0
2016/06/13,0,1916000,-2673000,-757000
2016/06/14,0,3052000,-1135000,1917000
2016/06/15,0,3862114,-3256000,606114
2016/06/16,0,1737000,-2556501,-819501
2016/06/17,0,3410000,-2178657,1231343
2016/06/20,0,3505000,-1149000,2356000
2016/06/21,0,3173492,-835000,2338492
2016/06/22,0,3662174,-1005000,2657174
2016/06/23,0,1794598,-1450125,344473
2016/06/24,0,2684479,-2160000,524479
2016/06/27,0,2556000,-588000,1968000
2016/06/28,0,4190347,-1040000,3150347
2016/06/29,0,4099800,-409000,3690800
2016/06/30,0,6226000,-607584,5618416
2016/07/01,0,3646000,-578040,3067960
2016/07/04,0,2956122,-1167000,1789122
2016/07/05,0,4934000,-2472841,2461159
2016/07/06,0,2960000,-3206009,-246009
2016/07/07,0,1396000,-1255791,140209
2016/07/08,0,0,0,0
2016/07/11,0,4628164,-4432734,195430
2016/07/12,0,9268000,-5961705,3306295
2016/07/13,0,8443995,-4714303,3729692
2016/07/14,0,6657656,-2168000,4489656
2016/07/15,0,5692120,-1017000,4675120
2016/07/18,0,6321000,-1502000,4819000
2016/07/19,0,4890578,-729250,4161328
2016/07/20,0,5345000,-1191000,4154000
2016/07/21,0,6237106,-537667,5699439
2016/07/22,0,7095000,-1970665,5124335
2016/07/25,0,2527000,-1824837,702163
2016/07/26,0,5594000,-1137000,4457000
2016/07/27,0,4711000,-807000,3904000
2016/07/28,0,6203000,-4983000,1220000
2016/07/29,0,3483640,-4307000,-823360
2016/08/01,0,5469864,-3794000,1675864
2016/08/02,0,2471950,-2270000,201950
2016/08/03,0,2418300,-1620800,797500
2016/08/04,0,1948000,-2860000,-912000
2016/08/05,0,2990507,-1715000,1275507
2016/08/08,0,2728696,-1875255,853441
2016/08/09,0,4788000,-2219000,2569000
2016/08/10,0,4551000,-1139000,3412000
2016/08/11,0,5191000,-4191804,999196
2016/08/12,0,8419300,-5373300,3046000
2016/08/15,0,2143000,-6149000,-4006000
2016/08/16,0,3751000,-5005147,-1254147
2016/08/17,0,2718716,-673000,2045716
2016/08/18,0,4109000,-3034546,1074454
2016/08/19,0,3670398,-3132000,538398
2016/08/22,0,2460000,-4373000,-1913000
2016/08/23,0,4024000,-3891317,132683
2016/08/24,0,2764992,-920000,1844992
2016/08/25,0,2463000,-1716000,747000
2016/08/26,0,1943489,-1460000,483489
2016/08/29,0,1551000,-847000,704000
2016/08/30,0,2566933,-1704000,862933
2016/08/31,0,3493288,-2561000,932288
2016/09/01,0,983800,-4564301,-3580501
2016/09/02,0,1442774,-1255203,187571
2016/09/05,0,1549000,-651000,898000
2016/09/06,0,2505531,-2223000,282531
2016/09/07,0,4272500,-3678000,594500
2016/09/08,0,2776048,-2253589,522459
2016/09/09,0,1469000,-1408000,61000
2016/09/12,0,2938644,-3169127,-230483
2016/09/13,0,3482000,-3820000,-338000
2016/09/14,0,4582372,-6151818,-1569446
2016/09/15,0,0,0,0
2016/09/16,0,0,0,0
2016/09/19,0,7225000,-8728927,-1503927
2016/09/20,0,2166395,-4576774,-2410379
2016/09/21,0,2649267,-5347000,-2697733
2016/09/22,0,4784665,-5373000,-588335
2016/09/23,0,4037000,-4854650,-817650
2016/09/26,0,3120552,-891000,2229552
2016/09/27,0,0,0,0
2016/09/28,0,0,0,0
2016/09/29,0,4856005,-2751715,2104290
2016/09/30,0,2381732,-2692921,-311189
2016/10/03,0,1398052,-2973000,-1574948
2016/10/04,0,908702,-675713,232989
2016/10/05,0,1701497,-396000,1305497
2016/10/06,0,2692238,-2001156,691082
2016/10/07,0,2394397,-2431000,-36603
2016/10/10,0,0,0,0
2016/10/11,0,4456337,-1218488,3237849
2016/10/12,0,4607000,-1306973,3300027
2016/10/13,0,3629500,-2736000,893500
2016/10/14,0,1781000,-1382000,399000
2016/10/17,0,1193000,-1402321,-209321
2016/10/18,0,3125468,-1599000,1526468
2016/10/19,0,1687291,-622000,1065291
2016/10/20,0,1219148,-1494000,-274852
2016/10/21,0,1371420,-914000,457420
2016/10/24,0,2295000,-3197114,-902114
2016/10/25,0,1974568,-2446000,-471432
2016/10/26,0,1288000,-1177000,111000
2016/10/27,0,1069371,-1587977,-518606
2016/10/28,0,1122000,-809000,313000
2016/10/31,0,3225550,-2198000,1027550
2016/11/01,0,1156000,-553047,602953
2016/11/02,0,556579,-1464378,-907799
2016/11/03,0,1984000,-2126000,-142000
2016/11/04,0,496000,-1497000,-1001000
2016/11/07,0,3000000,-2603127,396873
2016/11/08,0,2183509,-1799000,384509
2016/11/09,0,4333000,-2627000,1706000
2016/11/10,0,2742000,-9565000,-6823000
2016/11/11,0,1193132,-9207609,-8014477
2016/11/14,0,2071803,-6063000,-3991197
2016/11/15,0,1123000,-8176335,-7053335
2016/11/16,0,2481185,-6607127,-4125942
2016/11/17,0,2922630,-3177000,-254370
2016/11/18,0,1949000,-3144421,-1195421
2016/11/21,0,778000,-2046024,-1268024
2016/11/22,0,2334082,-4745763,-2411681
2016/11/23,0,2106000,-4066362,-1960362
2016/11/24,0,974000,-2605000,-1631000
2016/11/25,0,919000,-2487150,-1568150
2016/11/28,0,1179000,-2775000,-1596000
2016/11/29,0,1390000,-2086360,-696360
2016/11/30,0,4118000,-5189214,-1071214
2016/12/01,0,1614019,-2453221,-839202
2016/12/02,0,1047000,-4455000,-3408000
2016/12/05,0,1269000,-3158528,-1889528
2016/12/06,0,1846329,-2795000,-948671
2016/12/07,0,1820000,-1503216,316784
2016/12/08,0,1550000,-1358136,191864
2016/12/09,0,2707985,-3946706,-1238721
2016/12/12,0,1843682,-3675818,-1832136
2016/12/13,0,3049411,-3251000,-201589
2016/12/14,0,4206300,-3959731,246569
2016/12/15,0,2673000,-2439000,234000
2016/12/16,0,4784797,-5687670,-902873
2016/12/19,0,4204562,-5423329,-1218767
2016/12/20,0,5061612,-6983000,-1921388
2016/12/21,0,3571000,-3469000,102000
2016/12/22,0,1858196,-2900906,-1042710
2016/12/23,0,2498000,-3898000,-1400000
2016/12/26,0,825000,-256000,569000
2016/12/27,0,560000,-1159000,-599000
2016/12/28,0,1009000,-1596340,-587340
2016/12/29,0,2545634,-2151630,394004
2016/12/30,0,1430000,-1129092,300908
2017/01/02,0,0,0,0
2017/01/03,0,900000,-2224980,-1324980
2017/01/04,0,3110000,-1393000,1717000
2017/01/05,0,2369429,-1967000,402429
2017/01/06,0,2260000,-3401477,-1141477
2017/01/09,0,1495608,-2010000,-514392
2017/01/10,0,2126000,-3465000,-1339000
2017/01/11,0,1714618,-1967834,-253216
2017/01/12,0,1823000,-1833628,-10628
2017/01/13,0,3506037,-3561000,-54963
2017/01/16,0,3415010,-1785000,1630010
2017/01/17,0,2428144,-2059721,368423
2017/01/18,0,1366000,-840250,525750
2017/01/19,0,1514000,-1420200,93800
2017/01/20,0,1105106,-2045000,-939894
2017/01/23,0,2617118,-1495342,1121776
2017/01/24,0,1983977,-2856619,-872642
2017/01/25,0,0,0,0
2017/01/26,0,0,0,0
2017/01/27,0,0,0,0
2017/01/30,0,0,0,0
2017/01/31,0,0,0,0
2017/02/01,0,0,0,0
2017/02/02,0,4815236,-9240910,-4425674
2017/02/03,0,2343000,-4542719,-2199719
2017/02/06,0,3037063,-2970081,66982
2017/02/07,0,2490156,-4153243,-1663087
2017/02/08,0,2199541,-3350831,-1151290
2017/02/09,0,2536640,-2720660,-184020
2017/02/10,0,4608000,-5022877,-414877
2017/02/13,0,1730158,-5385127,-3654969
2017/02/14,0,2608000,-3329298,-721298
2017/02/15,0,2181000,-3751924,-1570924
2017/02/16,0,1661000,-8228180,-6567180
2017/02/17,0,2531000,-7709367,-5178367
2017/02/20,0,1171000,-3342889,-2171889
2017/02/21,0,418000,-3253682,-2835682
2017/02/22,0,1149000,-2763788,-1614788
2017/02/23,0,2997000,-3163000,-166000
2017/02/24,0,1249961,-2798269,-1548308
2017/02/27,0,0,0,0
2017/02/28,0,0,0,0
2017/03/01,0,3635853,-3695071,-59218
2017/03/02,0,1276710,-3419562,-2142852
2017/03/03,0,1190000,-4651747,-3461747
2017/03/06,0,1718959,-840326,878633
2017/03/07,0,1212615,-1939986,-727371
2017/03/08,0,412000,-2029042,-1617042
2017/03/09,0,492000,-2986576,-2494576
2017/03/10,0,805369,-1325364,-519995
2017/03/13,0,1269702,-2336336,-1066634
2017/03/14,0,1312123,-2124565,-812442
2017/03/15,0,971000,-2874520,-1903520
2017/03/16,0,2928000,-2584242,343758
2017/03/17,0,3253832,-2972907,280925
2017/03/20,0,1595000,-2681194,-1086194
2017/03/21,0,4760080,-2957079,1803001
2017/03/22,0,1744000,-2371481,-627481
2017/03/23,0,994201,-1683449,-689248
2017/03/24,0,904288,-1557965,-653677
2017/03/27,0,1300000,-1762224,-462224
2017/03/28,0,1670036,-1237676,432360
2017/03/29,0,650942,-2704310,-2053368
2017/03/30,0,1242000,-1787015,-545015
2017/03/31,0,1583000,-3357000,-1774000
2017/04/03,0,0,0,0
2017/04/04,0,0,0,0
2017/04/05,0,4722421,-5742000,-1019579
2017/04/06,0,1236000,-2015000,-779000
2017/04/07,0,1731270,-2140000,-408730
2017/04/10,0,1151000,-985000,166000
2017/04/11,0,1401602,-1034700,366902
2017/04/12,0,1730000,-1353000,377000
2017/04/13,0,989395,-485000,504395
2017/04/14,0,188000,-591000,-403000
2017/04/17,0,726000,-292000,434000
2017/04/18,0,696000,-1414895,-718895
2017/04/19,0,1085258,-2757886,-1672628
2017/04/20,0,1467343,-2346000,-878657
2017/04/21,0,808000,-2085870,-1277870
2017/04/24,0,865914,-2547000,-1681086
2017/04/25,0,2845738,-4009292,-1163554
2017/04/26,0,3631000,-5433000,-1802000
2017/04/27,0,1265488,-2358000,-1092512
2017/04/28,0,1396290,-3319000,-1922710
2017/05/01,0,0,0,0
2017/05/02,0,2092000,-2223900,-131900
2017/05/03,0,1681000,-1300000,381000
2017/05/04,0,1396000,-1035100,360900
2017/05/05,0,1613106,-1129000,484106
2017/05/08,0,1905809,-3289000,-1383191
2017/05/09,0,1314441,-1835700,-521259
2017/05/10,0,2034966,-798000,1236966
2017/05/11,0,3288247,-3885000,-596753
2017/05/12,0,2377556,-2522000,-144444
2017/05/15,0,1505211,-668000,837211
2017/05/16,0,2500000,-2408484,91516
2017/05/17,0,1997848,-1677882,319966
2017/05/18,0,2584246,-268000,2316246
2017/05/19,0,1112181,-748000,364181
2017/05/22,0,646311,-2394500,-1748189
2017/05/23,0,1494860,-1953015,-458155
2017/05/24,0,1454274,-1350000,104274
2017/05/25,0,1172921,-2130000,-957079
2017/05/26,0,0,0,0
2017/05/29,0,0,0,0
2017/05/30,0,0,0,0
2017/05/31,0,3588438,-3047380,541058
2017/06/01,0,2999853,-1978091,1021762
2017/06/02,0,1144000,-2700000,-1556000
2017/06/05,0,2330768,-2468000,-137232
2017/06/06,0,2553528,-2441000,112528
2017/06/07,0,2430000,-3166000,-736000
2017/06/08,0,2002000,-2271710,-269710
2017/06/09,0,1746000,-2039446,-293446
2017/06/12,0,1809124,-2160805,-351681
2017/06/13,0,940000,-1282044,-342044
2017/06/14,0,1879000,-1470303,408697
2017/06/15,0,1236000,-1796248,-560248
2017/06/16,0,2166105,-1812362,353743
2017/06/19,0,912158,-1019000,-106842
2017/06/20,0,1643904,-1444000,199904
2017/06/21,0,7371000,-8205687,-834687
2017/06/22,0,4189740,-2986000,1203740
2017/06/23,0,2819000,-4220500,-1401500
2017/06/26,0,2744000,-2835500,-91500
2017/06/27,0,1825531,-1012000,813531
2017/06/28,0,2876458,-1387000,1489458
2017/06/29,0,1491000,-722000,769000
2017/06/30,0,1991000,-2130000,-139000
2017/07/03,0,2427000,-1957000,470000
2017/07/04,0,1005000,-2177000,-1172000
2017/07/05,0,859000,-2196000,-1337000
2017/07/06,0,796000,-3244000,-2448000
2017/07/07,0,913805,-1823263,-909458
2017/07/10,0,1182395,-2799195,-1616800
2017/07/11,0,4638691,-1861811,2776880
2017/07/12,0,3624421,-1855536,1768885
2017/07/13,0,3005595,-1514414,1491181
2017/07/14,0,2228747,-2146000,82747
2017/07/17,0,2429000,-2145000,284000
2017/07/18,0,1503758,-1006000,497758
2017/07/19,0,1362000,-589000,773000
2017/07/20,0,1162041,-1252000,-89959
2017/07/21,0,495250,-614660,-119410
2017/07/24,0,1455883,-692000,763883
2017/07/25,0,1173000,-1901018,-728018
2017/07/26,0,833000,-916168,-83168
2017/07/27,0,2075000,-1371000,704000
2017/07/28,0,2976000,-952879,2023121
2017/07/31,0,2475000,-3127269,-652269
2017/08/01,0,2872000,-3082000,-210000
2017/08/02,0,1686223,-1496665,189558
2017/08/03,0,2948104,-1685452,1262652
2017/08/04,0,6019000,-5399000,620000
2017/08/07,0,2105062,-1307760,797302
2017/08/08,0,779000,-1740000,-961000
2017/08/09,0,576737,-493588,83149
2017/08/10,0,783316,-760000,23316
2017/08/11,0,1466000,-1724708,-258708
2017/08/14,0,2277000,-1580881,696119
2017/08/15,0,1105000,-972000,133000
2017/08/16,0,3174000,-1641000,1533000
2017/08/17,0,810067,-2658695,-1848628
2017/08/18,0,1437000,-1760000,-323000
