Date,Open,Buy,Sell,Total
2007/04/23,0,10000,-37000,-27000
2007/04/24,0,14000,-9000,5000
2007/04/25,0,15000,-41000,-26000
2007/04/26,0,14000,-19000,-5000
2007/04/27,0,0,-43000,-43000
2007/04/30,0,8000,-143000,-135000
2007/05/01,0,0,0,0
2007/05/02,0,610000,-200000,410000
2007/05/03,0,0,-22000,-22000
2007/05/04,0,58000,-75000,-17000
2007/05/07,0,0,-30000,-30000
2007/05/08,0,0,-30000,-30000
2007/05/09,0,148000,-7000,141000
2007/05/10,0,9000,-5000,4000
2007/05/11,0,0,-70000,-70000
2007/05/14,0,0,-28000,-28000
2007/05/15,0,15000,-25000,-10000
2007/05/16,0,6000,-12000,-6000
2007/05/17,0,75000,-47000,28000
2007/05/18,0,20000,-8000,12000
2007/05/21,0,47000,0,47000
2007/05/22,0,3000,-6059,-3059
2007/05/23,0,1000,-49000,-48000
2007/05/24,0,4000,-13000,-9000
2007/05/25,0,6000,-12000,-6000
2007/05/28,0,1000,-8000,-7000
2007/05/29,0,0,-23000,-23000
2007/05/30,0,25000,-23000,2000
2007/05/31,0,29000,0,29000
2007/06/01,0,21000,0,21000
2007/06/04,0,10000,-46000,-36000
2007/06/05,0,0,-45000,-45000
2007/06/06,0,10000,-86000,-76000
2007/06/07,0,12000,-51000,-39000
2007/06/08,0,39000,-32000,7000
2007/06/11,0,0,-78000,-78000
2007/06/12,0,0,-31000,-31000
2007/06/13,0,0,-16000,-16000
2007/06/14,0,20000,-544000,-524000
2007/06/15,0,50000,0,50000
2007/06/18,0,0,0,0
2007/06/19,0,0,0,0
2007/06/20,0,76000,-18000,58000
2007/06/21,0,124000,-25000,99000
2007/06/22,0,45000,-1434000,-1389000
2007/06/25,0,0,-1009000,-1009000
2007/06/26,0,0,-1078000,-1078000
2007/06/27,0,19000,-991000,-972000
2007/06/28,0,11000,-50000,-39000
2007/06/29,0,0,-162000,-162000
2007/07/02,0,0,-266000,-266000
2007/07/03,0,98000,-37000,61000
2007/07/04,0,54000,-6000,48000
2007/07/05,0,20000,-27000,-7000
2007/07/06,0,230000,-196000,34000
2007/07/09,0,30000,-53000,-23000
2007/07/10,0,82000,-22000,60000
2007/07/11,0,74000,-233268,-159268
2007/07/12,0,26000,-52000,-26000
2007/07/13,0,42000,-60253,-18253
2007/07/16,0,7000,-65971,-58971
2007/07/17,0,104000,-114000,-10000
2007/07/18,0,0,-91000,-91000
2007/07/19,0,106000,-187238,-81238
2007/07/20,0,10000,-81500,-71500
2007/07/23,0,523000,-183000,340000
2007/07/24,0,0,-390000,-390000
2007/07/25,0,7000,-3000,4000
2007/07/26,0,24000,-289000,-265000
2007/07/27,0,1000,-158000,-157000
2007/07/30,0,29000,-107000,-78000
2007/07/31,0,0,-312000,-312000
2007/08/01,0,13000,-95000,-82000
2007/08/02,0,339000,-16708,322292
2007/08/03,0,9000,-173000,-164000
2007/08/06,0,40000,-12000,28000
2007/08/07,0,4000,-148000,-144000
2007/08/08,0,0,-125000,-125000
2007/08/09,0,0,-127000,-127000
2007/08/10,0,143000,-103000,40000
2007/08/13,0,8000,-115000,-107000
2007/08/14,0,0,-299000,-299000
2007/08/15,0,41000,-221000,-180000
2007/08/16,0,105000,-3000,102000
2007/08/17,0,120000,-18000,102000
2007/08/20,0,15000,-6000,9000
2007/08/21,0,55000,-34000,21000
2007/08/22,0,0,-45000,-45000
2007/08/23,0,0,-228000,-228000
2007/08/24,0,0,-92000,-92000
2007/08/27,0,0,-99000,-99000
2007/08/28,0,0,-5000,-5000
2007/08/29,0,11000,-4000,7000
2007/08/30,0,10000,-46000,-36000
2007/08/31,0,0,-135000,-135000
2007/09/03,0,0,-55000,-55000
2007/09/04,0,7000,0,7000
2007/09/05,0,7000,-7000,0
2007/09/06,0,0,-10000,-10000
2007/09/07,0,2000,-17000,-15000
2007/09/10,0,4000,-16000,-12000
2007/09/11,0,1000,-11000,-10000
2007/09/12,0,0,-13000,-13000
2007/09/13,0,0,-16000,-16000
2007/09/14,0,11000,-3000,8000
2007/09/17,0,3000,-12000,-9000
2007/09/18,0,0,0,0
2007/09/19,0,5000,0,5000
2007/09/20,0,37000,-5000,32000
2007/09/21,0,43000,0,43000
2007/09/24,0,0,0,0
2007/09/25,0,0,0,0
2007/09/26,0,3000,-4000,-1000
2007/09/27,0,3000,-17000,-14000
2007/09/28,0,0,-103000,-103000
2007/10/01,0,0,-118000,-118000
2007/10/02,0,28000,-22000,6000
2007/10/03,0,106000,-23000,83000
2007/10/04,0,13000,-62000,-49000
2007/10/05,0,0,-5000,-5000
2007/10/08,0,9000,-5000,4000
2007/10/09,0,0,-66000,-66000
2007/10/10,0,0,0,0
2007/10/11,0,15000,0,15000
2007/10/12,0,11000,-62000,-51000
2007/10/15,0,11000,-6000,5000
2007/10/16,0,21000,0,21000
2007/10/17,0,5000,-8000,-3000
2007/10/18,0,27000,-5000,22000
2007/10/19,0,2000,-44000,-42000
2007/10/22,0,32000,-85000,-53000
2007/10/23,0,18000,-18000,0
2007/10/24,0,31000,-70000,-39000
2007/10/25,0,27000,-13000,14000
2007/10/26,0,48000,-1000,47000
2007/10/29,0,8000,0,8000
2007/10/30,0,5000,-25000,-20000
2007/10/31,0,48000,-4000,44000
2007/11/01,0,92000,-559000,-467000
2007/11/02,0,101000,-70000,31000
2007/11/05,0,392000,0,392000
2007/11/06,0,139000,-32000,107000
2007/11/07,0,247000,-16000,231000
2007/11/08,0,72000,-59000,13000
2007/11/09,0,120000,-63000,57000
2007/11/12,0,132000,-70000,62000
2007/11/13,0,114000,-70000,44000
2007/11/14,0,0,-6000,-6000
2007/11/15,0,7000,-20000,-13000
2007/11/16,0,95000,-98000,-3000
2007/11/19,0,5000,0,5000
2007/11/20,0,182000,-15000,167000
2007/11/21,0,12000,-167000,-155000
2007/11/22,0,84000,-32000,52000
2007/11/23,0,27000,-12000,15000
2007/11/26,0,78000,-60000,18000
2007/11/27,0,330000,-45000,285000
2007/11/28,0,145000,-138000,7000
2007/11/29,0,586000,-26000,560000
2007/11/30,0,146000,-243000,-97000
2007/12/03,0,82000,-1250000,-1168000
2007/12/04,0,11000,-206000,-195000
2007/12/05,0,56000,-39000,17000
2007/12/06,0,22000,-50000,-28000
2007/12/07,0,0,-1000,-1000
2007/12/10,0,18000,0,18000
2007/12/11,0,52000,-11000,41000
2007/12/12,0,119000,0,119000
2007/12/13,0,38000,-81000,-43000
2007/12/14,0,139000,-27000,112000
2007/12/17,0,173000,-5000,168000
2007/12/18,0,469000,-4000,465000
2007/12/19,0,116000,-114000,2000
2007/12/20,0,103000,-64000,39000
2007/12/21,0,358000,-4000,354000
2007/12/24,0,91000,-10440,80560
2007/12/25,0,47000,-36000,11000
2007/12/26,0,14000,-162000,-148000
2007/12/27,0,179000,-139000,40000
2007/12/28,0,47000,-244000,-197000
2007/12/31,0,447000,-16000,431000
2008/01/01,0,0,0,0
2008/01/02,0,0,-102000,-102000
2008/01/03,0,38000,-2000,36000
2008/01/04,0,73000,-129000,-56000
2008/01/07,0,133000,-145000,-12000
2008/01/08,0,17000,-20000,-3000
2008/01/09,0,15000,-7000,8000
2008/01/10,0,44000,-20000,24000
2008/01/11,0,47000,0,47000
2008/01/14,0,75000,-7000,68000
2008/01/15,0,55000,-110000,-55000
2008/01/16,0,97000,-4000,93000
2008/01/17,0,121000,-33720,87280
2008/01/18,0,127000,-31000,96000
2008/01/21,0,165000,-12000,153000
2008/01/22,0,50000,-150000,-100000
2008/01/23,0,67000,-35000,32000
2008/01/24,0,35000,-28000,7000
2008/01/25,0,172000,0,172000
2008/01/28,0,73000,-112000,-39000
2008/01/29,0,59000,-6000,53000
2008/01/30,0,36000,-18000,18000
2008/01/31,0,117000,-16000,101000
2008/02/01,0,21000,-3000,18000
2008/02/04,0,0,0,0
2008/02/05,0,0,0,0
2008/02/06,0,0,0,0
2008/02/07,0,0,0,0
2008/02/08,0,0,0,0
2008/02/11,0,0,0,0
2008/02/12,0,21000,0,21000
2008/02/13,0,16000,-15000,1000
2008/02/14,0,49000,-30000,19000
2008/02/15,0,64000,-18000,46000
2008/02/18,0,8000,-10000,-2000
2008/02/19,0,5000,-21000,-16000
2008/02/20,0,10000,-51000,-41000
2008/02/21,0,93000,-12000,81000
2008/02/22,0,50000,-11000,39000
2008/02/25,0,32000,-27488,4512
2008/02/26,0,1000,-174854,-173854
2008/02/27,0,0,-321430,-321430
2008/02/28,0,0,0,0
2008/02/29,0,5000,-25000,-20000
2008/03/03,0,67000,-1427,65573
2008/03/04,0,9000,-74000,-65000
2008/03/05,0,35000,-38000,-3000
2008/03/06,0,44000,-67521,-23521
2008/03/07,0,50000,-27000,23000
2008/03/10,0,75000,-24000,51000
2008/03/11,0,0,0,0
2008/03/12,0,0,0,0
2008/03/13,0,0,0,0
2008/03/14,0,0,0,0
2008/03/17,0,0,0,0
2008/03/18,0,0,0,0
2008/03/19,0,0,0,0
2008/03/20,0,0,0,0
2008/03/21,0,0,0,0
2008/03/24,0,0,0,0
2008/03/25,0,0,0,0
2008/03/26,0,0,0,0
2008/03/27,0,0,0,0
2008/03/28,0,111000,-43000,68000
2008/03/31,0,78000,-34277,43723
2008/04/01,0,27000,-5000,22000
2008/04/02,0,116000,-18000,98000
2008/04/03,0,30000,-16000,14000
2008/04/04,0,0,0,0
2008/04/07,0,42000,0,42000
2008/04/08,0,0,-79000,-79000
2008/04/09,0,11000,-47000,-36000
2008/04/10,0,13000,-78000,-65000
2008/04/11,0,25000,-155000,-130000
2008/04/14,0,6000,-68507,-62507
2008/04/15,0,5000,-26000,-21000
2008/04/16,0,0,-48001,-48001
2008/04/17,0,2000,-58000,-56000
2008/04/18,0,3000,-10000,-7000
2008/04/21,0,0,-9000,-9000
2008/04/22,0,4000,-46000,-42000
2008/04/23,0,60000,-3000,57000
2008/04/24,0,31000,0,31000
2008/04/25,0,21000,-8000,13000
2008/04/28,0,21000,-10000,11000
2008/04/29,0,0,-2000,-2000
2008/04/30,0,56000,0,56000
2008/05/01,0,0,0,0
2008/05/02,0,152000,-7000,145000
2008/05/05,0,42000,-10000,32000
2008/05/06,0,73000,-2000,71000
2008/05/07,0,38000,-20000,18000
2008/05/08,0,9000,0,9000
2008/05/09,0,50000,-93000,-43000
2008/05/12,0,173000,0,173000
2008/05/13,0,47049,-57000,-9951
2008/05/14,0,50006,-20000,30006
2008/05/15,0,59000,-49000,10000
2008/05/16,0,95000,-17000,78000
2008/05/19,0,2000,-18000,-16000
2008/05/20,0,45000,-114000,-69000
2008/05/21,0,1000,-83000,-82000
2008/05/22,0,45000,-75000,-30000
2008/05/23,0,17000,-71000,-54000
2008/05/26,0,127000,0,127000
2008/05/27,0,15000,0,15000
2008/05/28,0,2000,-12000,-10000
2008/05/29,0,31000,-93000,-62000
2008/05/30,0,118000,-16000,102000
2008/06/02,0,23000,-2000,21000
2008/06/03,0,94000,-18025,75975
2008/06/04,0,19000,0,19000
2008/06/05,0,142000,-13000,129000
2008/06/06,0,2000,-9000,-7000
2008/06/09,0,9000,-2000,7000
2008/06/10,0,28000,-23000,5000
2008/06/11,0,41000,0,41000
2008/06/12,0,55000,-22000,33000
2008/06/13,0,53000,-4000,49000
2008/06/16,0,40000,-735,39265
2008/06/17,0,38000,-2000,36000
2008/06/18,0,45000,0,45000
2008/06/19,0,76000,-27000,49000
2008/06/20,0,103000,-25000,78000
2008/06/23,0,106000,0,106000
2008/06/24,0,62000,-5000,57000
2008/06/25,0,211000,0,211000
2008/06/26,0,56000,-13000,43000
2008/06/27,0,89000,-193000,-104000
2008/06/30,0,146000,0,146000
2008/07/01,0,39000,0,39000
2008/07/02,0,231000,-2000,229000
2008/07/03,0,127000,-11000,116000
2008/07/04,0,76000,-25000,51000
2008/07/07,0,2000,-35000,-33000
2008/07/08,0,158000,-118000,40000
2008/07/09,0,184000,0,184000
2008/07/10,0,111000,-18000,93000
2008/07/11,0,87000,0,87000
2008/07/14,0,74000,-78000,-4000
2008/07/15,0,53000,-126000,-73000
2008/07/16,0,61000,-20809,40191
2008/07/17,0,64000,-53000,11000
2008/07/18,0,143000,-96000,47000
2008/07/21,0,85000,0,85000
2008/07/22,0,109000,-26000,83000
2008/07/23,0,218000,0,218000
2008/07/24,0,65000,-9000,56000
2008/07/25,0,144000,-9000,135000
2008/07/28,0,0,0,0
2008/07/29,0,102000,-1000,101000
2008/07/30,0,339000,-3000,336000
2008/07/31,0,104000,0,104000
2008/08/01,0,485000,0,485000
2008/08/04,0,299000,-1000,298000
2008/08/05,0,182000,0,182000
2008/08/06,0,210000,0,210000
2008/08/07,0,26000,-24000,2000
2008/08/08,0,170000,0,170000
2008/08/11,0,529000,-93000,436000
2008/08/12,0,2000,-328000,-326000
2008/08/13,0,13000,-119000,-106000
2008/08/14,0,5000,-52000,-47000
2008/08/15,0,1000,-71000,-70000
2008/08/18,0,13000,-8000,5000
2008/08/19,0,3000,-50000,-47000
2008/08/20,0,2000,-119000,-117000
2008/08/21,0,0,-84000,-84000
2008/08/22,0,0,-112000,-112000
2008/08/25,0,8000,-2000,6000
2008/08/26,0,4000,-22000,-18000
2008/08/27,0,18000,-23000,-5000
2008/08/28,0,35000,-65000,-30000
2008/08/29,0,43000,-2000,41000
2008/09/01,0,98000,-2000,96000
2008/09/02,0,47000,-14000,33000
2008/09/03,0,233000,-29299,203701
2008/09/04,0,36000,-94000,-58000
2008/09/05,0,113000,-91000,22000
2008/09/08,0,25000,-4000,21000
2008/09/09,0,119000,-7000,112000
2008/09/10,0,62000,-4000,58000
2008/09/11,0,99000,-26000,73000
2008/09/12,0,118000,-68000,50000
2008/09/15,0,19000,-58000,-39000
2008/09/16,0,85000,0,85000
2008/09/17,0,77000,-49000,28000
2008/09/18,0,97000,-43000,54000
2008/09/19,0,20000,-16000,4000
2008/09/22,0,0,-11000,-11000
2008/09/23,0,4000,-50000,-46000
2008/09/24,0,69000,-29000,40000
2008/09/25,0,36000,-13000,23000
2008/09/26,0,15000,-163000,-148000
2008/09/29,0,0,0,0
2008/09/30,0,3649000,-4000,3645000
2008/10/01,0,1341000,-87000,1254000
2008/10/02,0,1844000,-2000,1842000
2008/10/03,0,924000,-88000,836000
2008/10/06,0,458104,-11000,447104
2008/10/07,0,1436000,-9440,1426560
2008/10/08,0,2723000,-230000,2493000
2008/10/09,0,424000,-55000,369000
2008/10/10,0,0,0,0
2008/10/13,0,1570000,-15000,1555000
2008/10/14,0,238000,-60000,178000
2008/10/15,0,152000,-142165,9835
2008/10/16,0,123000,-40000,83000
2008/10/17,0,1134000,-90000,1044000
2008/10/20,0,1533000,-86612,1446388
2008/10/21,0,1290000,-78000,1212000
2008/10/22,0,315000,-11000,304000
2008/10/23,0,10000,-7648,2352
2008/10/24,0,0,-1000,-1000
2008/10/27,0,586000,-80232,505768
2008/10/28,0,2437000,0,2437000
2008/10/29,0,176000,-42000,134000
2008/10/30,0,59000,-25000,34000
2008/10/31,0,73000,-27000,46000
2008/11/03,0,1067000,-69000,998000
2008/11/04,0,301000,-65686,235314
2008/11/05,0,10000,-86000,-76000
2008/11/06,0,42000,-8000,34000
2008/11/07,0,1154000,-24220,1129780
2008/11/10,0,203000,-63000,140000
2008/11/11,0,312000,-53000,259000
2008/11/12,0,42000,-7000,35000
2008/11/13,0,60000,-31000,29000
2008/11/14,0,26000,-20000,6000
2008/11/17,0,4000,-31601,-27601
2008/11/18,0,69000,-14000,55000
2008/11/19,0,57000,0,57000
2008/11/20,0,206000,-8000,198000
2008/11/21,0,184000,0,184000
2008/11/24,0,293000,-8000,285000
2008/11/25,0,445000,0,445000
2008/11/26,0,15000,0,15000
2008/11/27,0,268000,0,268000
2008/11/28,0,202000,-7000,195000
2008/12/01,0,392000,-10000,382000
2008/12/02,0,301000,-98000,203000
2008/12/03,0,107000,-11000,96000
2008/12/04,0,52000,-25000,27000
2008/12/05,0,24000,0,24000
2008/12/08,0,174000,-1143813,-969813
2008/12/09,0,151000,-269000,-118000
2008/12/10,0,185000,-208000,-23000
2008/12/11,0,64000,-18000,46000
2008/12/12,0,401000,-246000,155000
2008/12/15,0,676000,-51000,625000
2008/12/16,0,502000,-74000,428000
2008/12/17,0,0,-148000,-148000
2008/12/18,0,15000,-7000,8000
2008/12/19,0,291000,-33000,258000
2008/12/22,0,33000,-27000,6000
2008/12/23,0,23000,-40000,-17000
2008/12/24,0,16000,-30000,-14000
2008/12/25,0,20000,-3000,17000
2008/12/26,0,17000,-2000,15000
2008/12/29,0,513000,-36000,477000
2008/12/30,0,305000,-1000,304000
2008/12/31,0,392000,-19000,373000
2009/01/01,0,0,0,0
2009/01/02,0,0,0,0
2009/01/05,0,164000,-20046,143954
2009/01/06,0,221000,-19201,201799
2009/01/07,0,411000,-51000,360000
2009/01/08,0,325000,-44000,281000
2009/01/09,0,154000,-22000,132000
2009/01/12,0,269000,-5000,264000
2009/01/13,0,116000,-14000,102000
2009/01/14,0,31000,-5000,26000
2009/01/15,0,296000,-22000,274000
2009/01/16,0,204000,-154000,50000
2009/01/19,0,63000,-4000,59000
2009/01/20,0,131414,-9000,122414
2009/01/21,0,531000,-82000,449000
2009/01/22,0,0,0,0
2009/01/23,0,0,0,0
2009/01/26,0,0,0,0
2009/01/27,0,0,0,0
2009/01/28,0,0,0,0
2009/01/29,0,0,0,0
2009/01/30,0,0,0,0
2009/02/02,0,0,-424657,-424657
2009/02/03,0,40000,-69000,-29000
2009/02/04,0,50000,0,50000
2009/02/05,0,50000,-12000,38000
2009/02/06,0,10000,-16000,-6000
2009/02/09,0,1000,-109000,-108000
2009/02/10,0,10000,-84000,-74000
2009/02/11,0,15000,-80000,-65000
2009/02/12,0,687,-140444,-139757
2009/02/13,0,74000,0,74000
2009/02/16,0,0,-33000,-33000
2009/02/17,0,18000,-296000,-278000
2009/02/18,0,21000,-196000,-175000
2009/02/19,0,42000,-88000,-46000
2009/02/20,0,95000,-28658,66342
2009/02/23,0,91000,-49000,42000
2009/02/24,0,68000,-33000,35000
2009/02/25,0,93000,-8000,85000
2009/02/26,0,395000,-3000,392000
2009/02/27,0,80000,-92000,-12000
2009/03/02,0,504000,-66000,438000
2009/03/03,0,732000,-22000,710000
2009/03/04,0,147000,-147000,0
2009/03/05,0,61000,-47000,14000
2009/03/06,0,232000,-5000,227000
2009/03/09,0,239000,-78000,161000
2009/03/10,0,472000,-64000,408000
2009/03/11,0,7000,-115000,-108000
2009/03/12,0,6000,-26000,-20000
2009/03/13,0,203000,-352,202648
2009/03/16,0,404000,-119000,285000
2009/03/17,0,136000,-141000,-5000
2009/03/18,0,66000,-22000,44000
2009/03/19,0,126000,-65000,61000
2009/03/20,0,100000,-618000,-518000
2009/03/23,0,201000,-119000,82000
2009/03/24,0,349000,-17009,331991
2009/03/25,0,115000,-10368,104632
2009/03/26,0,39000,-44574,-5574
2009/03/27,0,81000,-417000,-336000
2009/03/30,0,36000,-310000,-274000
2009/03/31,0,70000,-32000,38000
2009/04/01,0,41000,-166000,-125000
2009/04/02,0,75000,-5000,70000
2009/04/03,0,70000,-157000,-87000
2009/04/06,0,76000,-104679,-28679
2009/04/07,0,59000,-33000,26000
2009/04/08,0,770000,-314000,456000
2009/04/09,0,96000,-61000,35000
2009/04/10,0,63000,-331953,-268953
2009/04/13,0,68000,-347000,-279000
2009/04/14,0,51000,-203000,-152000
2009/04/15,0,8000,-157000,-149000
2009/04/16,0,176000,-258000,-82000
2009/04/17,0,156000,-221000,-65000
2009/04/20,0,327000,-33000,294000
2009/04/21,0,142000,-271000,-129000
2009/04/22,0,107000,-260000,-153000
2009/04/23,0,165000,-116000,49000
2009/04/24,0,183000,-174000,9000
2009/04/27,0,304000,-208000,96000
2009/04/28,0,110000,-412907,-302907
2009/04/29,0,153000,-79000,74000
2009/04/30,0,14000,0,14000
2009/05/01,0,0,0,0
2009/05/04,0,1110000,-606000,504000
2009/05/05,0,291000,-498000,-207000
2009/05/06,0,494000,-1930374,-1436374
2009/05/07,0,557000,-383044,173956
2009/05/08,0,494000,-200000,294000
2009/05/11,0,343000,-181110,161890
2009/05/12,0,222000,-232000,-10000
2009/05/13,0,375000,-129000,246000
2009/05/14,0,46000,-1286000,-1240000
2009/05/15,0,460000,-291000,169000
2009/05/18,0,23000,-332000,-309000
2009/05/19,0,145000,-295000,-150000
2009/05/20,0,46000,-249026,-203026
2009/05/21,0,30000,-189000,-159000
2009/05/22,0,112000,-168000,-56000
2009/05/25,0,156000,-105517,50483
2009/05/26,0,241000,-303265,-62265
2009/05/27,0,313000,-241000,72000
2009/05/28,0,0,0,0
2009/05/29,0,0,0,0
2009/06/01,0,398000,-2702923,-2304923
2009/06/02,0,167000,-326000,-159000
2009/06/03,0,244000,-141957,102043
2009/06/04,0,172000,-854000,-682000
2009/06/05,0,146000,-783000,-637000
2009/06/08,0,79000,-282000,-203000
2009/06/09,0,737000,-55000,682000
2009/06/10,0,237000,-384955,-147955
2009/06/11,0,135000,-750000,-615000
2009/06/12,0,142000,-1111000,-969000
2009/06/15,0,222000,-215000,7000
2009/06/16,0,48000,-79000,-31000
2009/06/17,0,57000,-230000,-173000
2009/06/18,0,55000,-135000,-80000
2009/06/19,0,168000,-73000,95000
2009/06/22,0,170000,-128000,42000
2009/06/23,0,150000,-109000,41000
2009/06/24,0,344000,-283000,61000
2009/06/25,0,26000,-446000,-420000
2009/06/26,0,382000,-144000,238000
2009/06/29,0,87000,-100000,-13000
2009/06/30,0,1202000,-126000,1076000
2009/07/01,0,270000,-141000,129000
2009/07/02,0,15000,-137000,-122000
2009/07/03,0,16000,-155000,-139000
2009/07/06,0,0,-152000,-152000
2009/07/07,0,197000,-143000,54000
2009/07/08,0,24000,-151000,-127000
2009/07/09,0,320000,-138000,182000
2009/07/10,0,192000,-30000,162000
2009/07/13,0,94000,-481000,-387000
2009/07/14,0,55000,-28000,27000
2009/07/15,0,565396,-125000,440396
2009/07/16,0,426000,-297000,129000
2009/07/17,0,366000,-135000,231000
2009/07/20,0,464000,-98000,366000
2009/07/21,0,155000,-115000,40000
2009/07/22,0,669000,-21000,648000
2009/07/23,0,53000,-610000,-557000
2009/07/24,0,15000,-177000,-162000
2009/07/27,0,181000,-45000,136000
2009/07/28,0,119000,-45000,74000
2009/07/29,0,299000,-153000,146000
2009/07/30,0,46000,-189000,-143000
2009/07/31,0,11000,-342000,-331000
2009/08/03,0,21419,-343000,-321581
2009/08/04,0,94000,-153000,-59000
2009/08/05,0,89000,-130000,-41000
2009/08/06,0,21000,-45000,-24000
2009/08/07,0,0,0,0
2009/08/10,0,32000,-168000,-136000
2009/08/11,0,63000,-25000,38000
2009/08/12,0,298000,-74000,224000
2009/08/13,0,73000,-188000,-115000
2009/08/14,0,82000,-41000,41000
2009/08/17,0,318000,-97000,221000
2009/08/18,0,134000,-62000,72000
2009/08/19,0,119000,-130000,-11000
2009/08/20,0,56000,-79000,-23000
2009/08/21,0,3000,-593000,-590000
2009/08/24,0,52000,-501114,-449114
2009/08/25,0,86000,-44000,42000
2009/08/26,0,79000,-73000,6000
2009/08/27,0,0,-17000,-17000
2009/08/28,0,48000,-36000,12000
2009/08/31,0,24000,-69000,-45000
2009/09/01,0,63000,-238000,-175000
2009/09/02,0,7000,-56000,-49000
2009/09/03,0,19000,-137000,-118000
2009/09/04,0,69000,-99000,-30000
2009/09/07,0,15000,-98000,-83000
2009/09/08,0,180000,-31000,149000
2009/09/09,0,41000,-16000,25000
2009/09/10,0,274000,-154000,120000
2009/09/11,0,62000,-104000,-42000
2009/09/14,0,21000,-286000,-265000
2009/09/15,0,142000,-45000,97000
2009/09/16,0,24000,-100000,-76000
2009/09/17,0,26000,-63000,-37000
2009/09/18,0,77000,-145000,-68000
2009/09/21,0,28000,-335000,-307000
2009/09/22,0,1000,-40000,-39000
2009/09/23,0,43000,-281288,-238288
2009/09/24,0,17000,-55000,-38000
2009/09/25,0,207000,-105000,102000
2009/09/28,0,75000,-77744,-2744
2009/09/29,0,143000,-149000,-6000
2009/09/30,0,21000,-100000,-79000
2009/10/01,0,6000,-133000,-127000
2009/10/02,0,5000,-156000,-151000
2009/10/05,0,63000,-90000,-27000
2009/10/06,0,25000,-135000,-110000
2009/10/07,0,400000,-17000,383000
2009/10/08,0,391000,-63000,328000
2009/10/09,0,29000,-94000,-65000
2009/10/12,0,92000,-49000,43000
2009/10/13,0,66000,-98000,-32000
2009/10/14,0,106000,-60000,46000
2009/10/15,0,106000,-43000,63000
2009/10/16,0,43000,-1000,42000
2009/10/19,0,62000,-32000,30000
2009/10/20,0,77000,-68000,9000
2009/10/21,0,30000,-45405,-15405
2009/10/22,0,99000,-142000,-43000
2009/10/23,0,68000,-107000,-39000
2009/10/26,0,42000,-70000,-28000
2009/10/27,0,26000,-54000,-28000
2009/10/28,0,28000,-32000,-4000
2009/10/29,0,122000,-63000,59000
2009/10/30,0,15000,-87000,-72000
2009/11/02,0,36000,-191000,-155000
2009/11/03,0,7000,-229000,-222000
2009/11/04,0,80000,-27000,53000
2009/11/05,0,33000,-223000,-190000
2009/11/06,0,67000,-64000,3000
2009/11/09,0,64000,-55000,9000
2009/11/10,0,32000,-3000,29000
2009/11/11,0,157000,-42000,115000
2009/11/12,0,18000,-514000,-496000
2009/11/13,0,79000,-24000,55000
2009/11/16,0,10000,-9000,1000
2009/11/17,0,409000,-11000,398000
2009/11/18,0,535000,-37000,498000
2009/11/19,0,423000,-5000,418000
2009/11/20,0,234000,-31000,203000
2009/11/23,0,1000,-3000,-2000
2009/11/24,0,6000,-27000,-21000
2009/11/25,0,74000,0,74000
2009/11/26,0,66000,-49000,17000
2009/11/27,0,2000,-66000,-64000
2009/11/30,0,1000,-27726,-26726
2009/12/01,0,14000,-25000,-11000
2009/12/02,0,33000,-6000,27000
2009/12/03,0,3000,-18000,-15000
2009/12/04,0,215000,0,215000
2009/12/07,0,3000,-112000,-109000
2009/12/08,0,0,-69000,-69000
2009/12/09,0,0,-43000,-43000
2009/12/10,0,0,-126000,-126000
2009/12/11,0,59000,-5000,54000
2009/12/14,0,37000,-80000,-43000
2009/12/15,0,8000,-31000,-23000
2009/12/16,0,10000,-172000,-162000
2009/12/17,0,13000,-25000,-12000
2009/12/18,0,8000,-10000,-2000
2009/12/21,0,7000,-30000,-23000
2009/12/22,0,2000,-49856,-47856
2009/12/23,0,0,-82000,-82000
2009/12/24,0,9000,-25000,-16000
2009/12/25,0,35000,-5000,30000
2009/12/28,0,29000,0,29000
2009/12/29,0,10000,-32000,-22000
2009/12/30,0,9000,-33000,-24000
2009/12/31,0,17000,-18000,-1000
2010/01/01,0,0,0,0
2010/01/04,0,28000,-271000,-243000
2010/01/05,0,11000,-214000,-203000
2010/01/06,0,22000,-1522000,-1500000
2010/01/07,0,25000,-38000,-13000
2010/01/08,0,143000,-1049000,-906000
2010/01/11,0,38000,-79000,-41000
2010/01/12,0,111000,-2000,109000
2010/01/13,0,454000,-207000,247000
2010/01/14,0,211000,-554538,-343538
2010/01/15,0,1000,-168000,-167000
2010/01/18,0,33000,0,33000
2010/01/19,0,10000,-77000,-67000
2010/01/20,0,9980,-238000,-228020
2010/01/21,0,0,-19000,-19000
2010/01/22,0,21000,-1474000,-1453000
2010/01/25,0,8000,-266000,-258000
2010/01/26,0,25000,-689000,-664000
2010/01/27,0,112000,-1026000,-914000
2010/01/28,0,33000,-42000,-9000
2010/01/29,0,92000,-49000,43000
2010/02/01,0,115000,-73000,42000
2010/02/02,0,13000,-36000,-23000
2010/02/03,0,455000,-12000,443000
2010/02/04,0,103000,-23000,80000
2010/02/05,0,63000,-109000,-46000
2010/02/08,0,854000,-15000,839000
2010/02/09,0,282000,-23000,259000
2010/02/10,0,368000,-137059,230941
2010/02/11,0,0,0,0
2010/02/12,0,0,0,0
2010/02/15,0,0,0,0
2010/02/16,0,0,0,0
2010/02/17,0,0,0,0
2010/02/18,0,0,0,0
2010/02/19,0,0,0,0
2010/02/22,0,455000,-18503,436497
2010/02/23,0,81000,-53000,28000
2010/02/24,0,727000,-296000,431000
2010/02/25,0,360000,-86000,274000
2010/02/26,0,39000,-13000,26000
2010/03/01,0,91000,-28000,63000
2010/03/02,0,9000,-39496,-30496
2010/03/03,0,0,-18000,-18000
2010/03/04,0,107000,-184000,-77000
2010/03/05,0,182000,-123000,59000
2010/03/08,0,86000,-63000,23000
2010/03/09,0,26000,0,26000
2010/03/10,0,0,-33000,-33000
2010/03/11,0,0,-31000,-31000
2010/03/12,0,53000,-10000,43000
2010/03/15,0,19000,-214000,-195000
2010/03/16,0,29000,-54000,-25000
2010/03/17,0,386000,-2000,384000
2010/03/18,0,357000,-12000,345000
2010/03/19,0,27000,-4000,23000
2010/03/22,0,23000,-154000,-131000
2010/03/23,0,36000,-6000,30000
2010/03/24,0,90000,-64752,25248
2010/03/25,0,393000,-66000,327000
2010/03/26,0,170000,-40000,130000
2010/03/29,0,83000,-13000,70000
2010/03/30,0,75000,-5000,70000
2010/03/31,0,1000,-29000,-28000
2010/04/01,0,261000,-45000,216000
2010/04/02,0,65000,-71000,-6000
2010/04/05,0,0,0,0
2010/04/06,0,121000,-24000,97000
2010/04/07,0,1000,-74000,-73000
2010/04/08,0,95000,-52000,43000
2010/04/09,0,21000,-6000,15000
2010/04/12,0,0,-122000,-122000
2010/04/13,0,15000,-62000,-47000
2010/04/14,0,0,-15000,-15000
2010/04/15,0,5000,-22000,-17000
2010/04/16,0,18000,-106000,-88000
2010/04/19,0,27000,0,27000
2010/04/20,0,62000,-377000,-315000
2010/04/21,0,2000,-13000,-11000
2010/04/22,0,0,-63000,-63000
2010/04/23,0,8000,-116000,-108000
2010/04/26,0,76000,-52000,24000
2010/04/27,0,0,-76000,-76000
2010/04/28,0,43000,-95000,-52000
2010/04/29,0,1000,-98000,-97000
2010/04/30,0,49000,-187000,-138000
2010/05/03,0,246000,-24000,222000
2010/05/04,0,54000,-23000,31000
2010/05/05,0,37000,-163000,-126000
2010/05/06,0,51000,-227000,-176000
2010/05/07,0,108000,-4000,104000
2010/05/10,0,15000,-72565,-57565
2010/05/11,0,124000,-374000,-250000
2010/05/12,0,13000,-71000,-58000
2010/05/13,0,51000,0,51000
2010/05/14,0,200000,0,200000
2010/05/17,0,31000,-184000,-153000
2010/05/18,0,174000,-4000,170000
2010/05/19,0,313000,-92000,221000
2010/05/20,0,5000,-128000,-123000
2010/05/21,0,60000,-83000,-23000
2010/05/24,0,19000,-18000,1000
2010/05/25,0,182000,-107000,75000
2010/05/26,0,112000,-51000,61000
2010/05/27,0,33000,-66000,-33000
2010/05/28,0,0,-79000,-79000
2010/05/31,0,0,-67000,-67000
2010/06/01,0,2000,-133000,-131000
2010/06/02,0,37000,-1000,36000
2010/06/03,0,20000,-20000,0
2010/06/04,0,7000,0,7000
2010/06/07,0,24000,-23000,1000
2010/06/08,0,42000,-88000,-46000
2010/06/09,0,25000,-262000,-237000
2010/06/10,0,9000,-46000,-37000
2010/06/11,0,24000,-29000,-5000
2010/06/14,0,51000,0,51000
2010/06/15,0,344000,0,344000
2010/06/16,0,0,0,0
2010/06/17,0,615000,-357000,258000
2010/06/18,0,5000,-330000,-325000
2010/06/21,0,15000,-313000,-298000
2010/06/22,0,3000,-27000,-24000
2010/06/23,0,75000,-3000,72000
2010/06/24,0,240000,-67578,172422
2010/06/25,0,77000,-23000,54000
2010/06/28,0,49000,-33000,16000
2010/06/29,0,88000,-280000,-192000
2010/06/30,0,20000,-15000,5000
2010/07/01,0,97000,0,97000
2010/07/02,0,65000,-65000,0
2010/07/05,0,62000,-4000,58000
2010/07/06,0,57000,-407000,-350000
2010/07/07,0,48000,-102000,-54000
2010/07/08,0,7000,-30295,-23295
2010/07/09,0,0,-712000,-712000
2010/07/12,0,5000,-360000,-355000
2010/07/13,0,0,-2000,-2000
2010/07/14,0,34000,-183000,-149000
2010/07/15,0,0,-163000,-163000
2010/07/16,0,103000,-200000,-97000
2010/07/19,0,204000,-215000,-11000
2010/07/20,0,35000,-390000,-355000
2010/07/21,0,0,0,0
2010/07/22,0,6000,-7000,-1000
2010/07/23,0,33000,-4000,29000
2010/07/26,0,20000,-100000,-80000
2010/07/27,0,0,-37000,-37000
2010/07/28,0,33000,-9000,24000
2010/07/29,0,156000,-36000,120000
2010/07/30,0,60000,-182000,-122000
2010/08/02,0,155000,-22000,133000
2010/08/03,0,50000,-165000,-115000
2010/08/04,0,7000,-24000,-17000
2010/08/05,0,16000,-39000,-23000
2010/08/06,0,319000,0,319000
2010/08/09,0,266000,-419000,-153000
2010/08/10,0,0,-389000,-389000
2010/08/11,0,85000,-49000,36000
2010/08/12,0,21000,-114000,-93000
2010/08/13,0,299000,-45000,254000
2010/08/16,0,39000,-296000,-257000
2010/08/17,0,0,-143000,-143000
2010/08/18,0,95000,-93000,2000
2010/08/19,0,18000,-330000,-312000
2010/08/20,0,0,-328000,-328000
2010/08/23,0,41000,-315000,-274000
2010/08/24,0,22000,-100000,-78000
2010/08/25,0,60000,-169000,-109000
2010/08/26,0,48000,-65000,-17000
2010/08/27,0,4000,-142000,-138000
2010/08/30,0,27000,-26000,1000
2010/08/31,0,0,-26000,-26000
2010/09/01,0,84000,-26000,58000
2010/09/02,0,63000,-166000,-103000
2010/09/03,0,11000,-57000,-46000
2010/09/06,0,117000,0,117000
2010/09/07,0,30000,-47000,-17000
2010/09/08,0,3000,-11000,-8000
2010/09/09,0,38000,-108000,-70000
2010/09/10,0,7000,-41000,-34000
2010/09/13,0,62000,-119000,-57000
2010/09/14,0,0,-29000,-29000
2010/09/15,0,11000,-18000,-7000
2010/09/16,0,8000,-11000,-3000
2010/09/17,0,49000,-10000,39000
2010/09/20,0,0,-6000,-6000
2010/09/21,0,2000,-82000,-80000
2010/09/22,0,0,0,0
2010/09/23,0,38000,-1000,37000
2010/09/24,0,32000,-3000,29000
2010/09/27,0,6000,-117000,-111000
2010/09/28,0,13000,-122000,-109000
2010/09/29,0,1000,-77000,-76000
2010/09/30,0,11000,-26000,-15000
2010/10/01,0,73000,-83000,-10000
2010/10/04,0,114000,-14000,100000
2010/10/05,0,44000,-94000,-50000
2010/10/06,0,3000,-111000,-108000
2010/10/07,0,11000,-885,10115
2010/10/08,0,75000,-16000,59000
2010/10/11,0,33000,-159000,-126000
2010/10/12,0,10000,-154000,-144000
2010/10/13,0,4000,-209000,-205000
2010/10/14,0,48000,-22000,26000
2010/10/15,0,94000,-156000,-62000
2010/10/18,0,3000,-73000,-70000
2010/10/19,0,13000,-368000,-355000
2010/10/20,0,40000,-320000,-280000
2010/10/21,0,0,-20000,-20000
2010/10/22,0,0,-304000,-304000
2010/10/25,0,65000,-10000,55000
2010/10/26,0,96000,-465000,-369000
2010/10/27,0,90000,-15000,75000
2010/10/28,0,9000,-1000,8000
2010/10/29,0,27000,-5000,22000
2010/11/01,0,295000,-5000,290000
2010/11/02,0,67000,-76000,-9000
2010/11/03,0,8000,-178000,-170000
2010/11/04,0,19000,-60000,-41000
2010/11/05,0,12000,0,12000
2010/11/08,0,28000,-4000,24000
2010/11/09,0,22162,-52000,-29838
2010/11/10,0,45000,-26000,19000
2010/11/11,0,82000,-3000,79000
2010/11/12,0,1000,-72000,-71000
2010/11/15,0,0,-78000,-78000
2010/11/16,0,179000,-13000,166000
2010/11/17,0,0,-5000,-5000
2010/11/18,0,13000,-45000,-32000
2010/11/19,0,0,-89000,-89000
2010/11/22,0,11000,-54000,-43000
2010/11/23,0,0,-5000,-5000
2010/11/24,0,55000,-55000,0
2010/11/25,0,2000,-10000,-8000
2010/11/26,0,14000,-7000,7000
2010/11/29,0,35000,-85000,-50000
2010/11/30,0,44000,-35000,9000
2010/12/01,0,79000,-20000,59000
2010/12/02,0,28000,-125000,-97000
2010/12/03,0,10000,-91000,-81000
2010/12/06,0,46000,-50000,-4000
2010/12/07,0,9000,-79000,-70000
2010/12/08,0,13000,-63000,-50000
2010/12/09,0,90000,-24000,66000
2010/12/10,0,19000,-54000,-35000
2010/12/13,0,12000,-71000,-59000
2010/12/14,0,0,-123956,-123956
2010/12/15,0,0,-142000,-142000
2010/12/16,0,1000,-169000,-168000
2010/12/17,0,0,-349000,-349000
2010/12/20,0,36000,-98000,-62000
2010/12/21,0,25000,-15000,10000
2010/12/22,0,20000,-101000,-81000
2010/12/23,0,7000,-182000,-175000
2010/12/24,0,8000,-38000,-30000
2010/12/27,0,35000,-138000,-103000
2010/12/28,0,25000,-48000,-23000
2010/12/29,0,25000,-25055,-55
2010/12/30,0,18000,-729000,-711000
2010/12/31,0,97000,-513000,-416000
2011/01/03,0,12000,-19000,-7000
2011/01/04,0,8000,-292000,-284000
2011/01/05,0,33000,-106000,-73000
2011/01/06,0,63000,-310000,-247000
2011/01/07,0,10000,-343000,-333000
2011/01/10,0,0,-156000,-156000
2011/01/11,0,208000,-279000,-71000
2011/01/12,0,0,-812000,-812000
2011/01/13,0,10000,-1158000,-1148000
2011/01/14,0,0,-144000,-144000
2011/01/17,0,280000,-242896,37104
2011/01/18,0,50000,-21000,29000
2011/01/19,0,0,-325000,-325000
2011/01/20,0,0,-10000,-10000
2011/01/21,0,4000,-558000,-554000
2011/01/24,0,40000,-194000,-154000
2011/01/25,0,24000,-437000,-413000
2011/01/26,0,41000,-53000,-12000
2011/01/27,0,13000,-92000,-79000
2011/01/28,0,24000,-116000,-92000
2011/01/31,0,0,0,0
2011/02/01,0,0,0,0
2011/02/02,0,0,0,0
2011/02/03,0,0,0,0
2011/02/04,0,0,0,0
2011/02/07,0,0,0,0
2011/02/08,0,41000,-118000,-77000
2011/02/09,0,15000,-120000,-105000
2011/02/10,0,126000,-52000,74000
2011/02/11,0,77000,-180000,-103000
2011/02/14,0,4000,-63000,-59000
2011/02/15,0,4000,-185000,-181000
2011/02/16,0,0,-147000,-147000
2011/02/17,0,0,-90000,-90000
2011/02/18,0,0,-1706000,-1706000
2011/02/21,0,0,-56000,-56000
2011/02/22,0,105000,-32000,73000
2011/02/23,0,187000,-100000,87000
2011/02/24,0,218000,-124000,94000
2011/02/25,0,265000,-113000,152000
2011/02/28,0,0,0,0
2011/03/01,0,55000,-63000,-8000
2011/03/02,0,68000,-61000,7000
2011/03/03,0,207000,-1000000,-793000
2011/03/04,0,3000,-91000,-88000
2011/03/07,0,21000,-5986,15014
2011/03/08,0,50000,-102000,-52000
2011/03/09,0,1000,-122000,-121000
2011/03/10,0,8000,-212000,-204000
2011/03/11,0,53000,-203000,-150000
2011/03/14,0,114000,-347000,-233000
2011/03/15,0,402000,-351000,51000
2011/03/16,0,422000,-5000,417000
2011/03/17,0,159000,-43000,116000
2011/03/18,0,200000,-371000,-171000
2011/03/21,0,100000,-87000,13000
2011/03/22,0,0,-90000,-90000
2011/03/23,0,19000,-212000,-193000
2011/03/24,0,22000,-200000,-178000
2011/03/25,0,94000,-425000,-331000
2011/03/28,0,32000,-361000,-329000
2011/03/29,0,8000,-367000,-359000
2011/03/30,0,1000,-500000,-499000
2011/03/31,0,0,-676000,-676000
2011/04/01,0,70000,-8000,62000
2011/04/04,0,0,0,0
2011/04/05,0,0,0,0
2011/04/06,0,70000,-200000,-130000
2011/04/07,0,175000,0,175000
2011/04/08,0,104000,0,104000
2011/04/11,0,3000,-16000,-13000
2011/04/12,0,219000,0,219000
2011/04/13,0,90000,-2000,88000
2011/04/14,0,40000,-18434,21566
2011/04/15,0,0,-18000,-18000
2011/04/18,0,23000,-23866,-866
2011/04/19,0,60000,-254000,-194000
2011/04/20,0,51000,-527000,-476000
2011/04/21,0,149000,-686000,-537000
2011/04/22,0,23000,-200000,-177000
2011/04/25,0,0,-300000,-300000
2011/04/26,0,0,-462000,-462000
2011/04/27,0,70000,-462000,-392000
2011/04/28,0,26000,-135000,-109000
2011/04/29,0,37000,-184000,-147000
2011/05/02,0,0,0,0
2011/05/03,0,53000,-15604,37396
2011/05/04,0,55000,-208000,-153000
2011/05/05,0,92000,0,92000
2011/05/06,0,54000,0,54000
2011/05/09,0,43000,0,43000
2011/05/10,0,22000,-4000,18000
2011/05/11,0,0,-206,-206
2011/05/12,0,4000,0,4000
2011/05/13,0,4000,-7000,-3000
2011/05/16,0,69000,-15000,54000
2011/05/17,0,33000,0,33000
2011/05/18,0,67000,0,67000
2011/05/19,0,82000,-83196,-1196
2011/05/20,0,48000,-4000,44000
2011/05/23,0,82000,-4000,78000
2011/05/24,0,147000,0,147000
2011/05/25,0,4000,-1000,3000
2011/05/26,0,8000,0,8000
2011/05/27,0,64000,-11000,53000
2011/05/30,0,52000,-15000,37000
2011/05/31,0,227000,-9000,218000
2011/06/01,0,225000,0,225000
2011/06/02,0,59000,0,59000
2011/06/03,0,21000,-30000,-9000
2011/06/06,0,0,0,0
2011/06/07,0,0,-76000,-76000
2011/06/08,0,0,-127000,-127000
2011/06/09,0,44000,-127000,-83000
2011/06/10,0,0,-28000,-28000
2011/06/13,0,59000,-37000,22000
2011/06/14,0,61000,-12000,49000
2011/06/15,0,86000,-62000,24000
2011/06/16,0,121000,0,121000
2011/06/17,0,106000,0,106000
2011/06/20,0,169000,-18000,151000
2011/06/21,0,204000,-27000,177000
2011/06/22,0,16000,-83000,-67000
2011/06/23,0,106000,-25000,81000
2011/06/24,0,70000,-16000,54000
2011/06/27,0,9000,-10000,-1000
2011/06/28,0,2000,0,2000
2011/06/29,0,198000,-51000,147000
2011/06/30,0,128000,-1128000,-1000000
2011/07/01,0,801000,-50000,751000
2011/07/04,0,0,-82000,-82000
2011/07/05,0,40000,-120000,-80000
2011/07/06,0,30000,-14000,16000
2011/07/07,0,183000,0,183000
2011/07/08,0,24000,-151000,-127000
2011/07/11,0,69000,-1000,68000
2011/07/12,0,107000,0,107000
2011/07/13,0,280000,0,280000
2011/07/14,0,186000,-9000,177000
2011/07/15,0,129000,-85000,44000
2011/07/18,0,933000,-314815,618185
2011/07/19,0,150000,-84000,66000
2011/07/20,0,301000,-368000,-67000
2011/07/21,0,79000,-310000,-231000
2011/07/22,0,14000,-190000,-176000
2011/07/25,0,2000,-47000,-45000
2011/07/26,0,2000,-28951,-26951
2011/07/27,0,0,-8662,-8662
2011/07/28,0,18000,-135000,-117000
2011/07/29,0,22000,-18000,4000
2011/08/01,0,141000,-24000,117000
2011/08/02,0,22000,-14000,8000
2011/08/03,0,164000,-8000,156000
2011/08/04,0,283000,-15000,268000
2011/08/05,0,526000,-201000,325000
2011/08/08,0,355000,-81000,274000
2011/08/09,0,556000,-389000,167000
2011/08/10,0,18000,-77000,-59000
2011/08/11,0,113000,-168000,-55000
2011/08/12,0,0,-378000,-378000
2011/08/15,0,24000,0,24000
2011/08/16,0,0,-14000,-14000
2011/08/17,0,34000,-4000,30000
2011/08/18,0,73000,-2000,71000
2011/08/19,0,118000,0,118000
2011/08/22,0,196000,-2000,194000
2011/08/23,0,135000,-1000,134000
2011/08/24,0,44000,-27000,17000
2011/08/25,0,69000,0,69000
2011/08/26,0,59000,0,59000
2011/08/29,0,51000,0,51000
2011/08/30,0,0,-46000,-46000
2011/08/31,0,0,-40000,-40000
2011/09/01,0,1000,-169000,-168000
2011/09/02,0,0,-55000,-55000
2011/09/05,0,12000,-71000,-59000
2011/09/06,0,61000,-11000,50000
2011/09/07,0,64000,0,64000
2011/09/08,0,32000,-86000,-54000
2011/09/09,0,63000,-24000,39000
2011/09/12,0,0,0,0
2011/09/13,0,39000,-13000,26000
2011/09/14,0,265000,-7000,258000
2011/09/15,0,162000,0,162000
2011/09/16,0,0,0,0
2011/09/19,0,40000,0,40000
2011/09/20,0,110000,-11000,99000
2011/09/21,0,64000,-8000,56000
2011/09/22,0,30000,0,30000
2011/09/23,0,323000,-35000,288000
2011/09/26,0,280000,0,280000
2011/09/27,0,21000,0,21000
2011/09/28,0,11000,-59000,-48000
2011/09/29,0,7000,-24000,-17000
2011/09/30,0,0,-27000,-27000
2011/10/03,0,4000,-1000,3000
2011/10/04,0,288000,0,288000
2011/10/05,0,127000,0,127000
2011/10/06,0,129000,0,129000
2011/10/07,0,8000,-394,7606
2011/10/10,0,0,0,0
2011/10/11,0,0,-10000,-10000
2011/10/12,0,35000,0,35000
2011/10/13,0,43000,-12000,31000
2011/10/14,0,50000,-14000,36000
2011/10/17,0,0,-3000,-3000
2011/10/18,0,11000,-6417,4583
2011/10/19,0,220000,0,220000
2011/10/20,0,66000,-35000,31000
2011/10/21,0,170000,-1000,169000
2011/10/24,0,101000,-161000,-60000
2011/10/25,0,78000,0,78000
2011/10/26,0,151000,-5000,146000
2011/10/27,0,76000,-117000,-41000
2011/10/28,0,3000,-169000,-166000
2011/10/31,0,7000,-102366,-95366
2011/11/01,0,93000,-3000,90000
2011/11/02,0,164000,-23000,141000
2011/11/03,0,146000,-77000,69000
2011/11/04,0,434000,-103000,331000
2011/11/07,0,148000,-376000,-228000
2011/11/08,0,191000,-74000,117000
2011/11/09,0,202000,-128000,74000
2011/11/10,0,408000,-40000,368000
2011/11/11,0,73000,-79000,-6000
2011/11/14,0,60000,-67000,-7000
2011/11/15,0,130000,-29000,101000
2011/11/16,0,181000,-180000,1000
2011/11/17,0,170000,-297000,-127000
2011/11/18,0,156000,-122000,34000
2011/11/21,0,383000,-54079,328921
2011/11/22,0,367000,-46000,321000
2011/11/23,0,160000,-159000,1000
2011/11/24,0,119000,-194000,-75000
2011/11/25,0,81000,-100000,-19000
2011/11/28,0,320000,-109000,211000
2011/11/29,0,80000,-189000,-109000
2011/11/30,0,377000,-36000,341000
2011/12/01,0,89000,-71000,18000
2011/12/02,0,44000,-140000,-96000
2011/12/05,0,83000,-209000,-126000
2011/12/06,0,12000,-131000,-119000
2011/12/07,0,14000,-46000,-32000
2011/12/08,0,15000,-112000,-97000
2011/12/09,0,80000,-47000,33000
2011/12/12,0,9000,-4000,5000
2011/12/13,0,62000,-13000,49000
2011/12/14,0,27000,-27000,0
2011/12/15,0,47000,-52000,-5000
2011/12/16,0,86000,-65000,21000
2011/12/19,0,129000,-33000,96000
2011/12/20,0,117000,-105000,12000
2011/12/21,0,45000,-89000,-44000
2011/12/22,0,92000,-204000,-112000
2011/12/23,0,20000,-85000,-65000
2011/12/26,0,40000,-47000,-7000
2011/12/27,0,81000,-35000,46000
2011/12/28,0,66000,-1000,65000
2011/12/29,0,214000,-25000,189000
2011/12/30,0,10000,-942000,-932000
2012/01/02,0,17000,-32000,-15000
2012/01/03,0,49000,-20000,29000
2012/01/04,0,277000,-7000,270000
2012/01/05,0,171000,-20106,150894
2012/01/06,0,23000,-22000,1000
2012/01/09,0,37000,-11000,26000
2012/01/10,0,69000,-12000,57000
2012/01/11,0,157000,-45000,112000
2012/01/12,0,155000,-57000,98000
2012/01/13,0,19000,-94000,-75000
2012/01/16,0,50000,-82000,-32000
2012/01/17,0,298000,-26000,272000
2012/01/18,0,185000,-20000,165000
2012/01/19,0,0,0,0
2012/01/20,0,0,0,0
2012/01/23,0,0,0,0
2012/01/24,0,0,0,0
2012/01/25,0,0,0,0
2012/01/26,0,0,0,0
2012/01/27,0,0,0,0
2012/01/30,0,112000,-134000,-22000
2012/01/31,0,14000,-92000,-78000
2012/02/01,0,110000,-117000,-7000
2012/02/02,0,130000,-112000,18000
2012/02/03,0,0,-164000,-164000
2012/02/06,0,140000,-52000,88000
2012/02/07,0,151000,-10000,141000
2012/02/08,0,210000,-54000,156000
2012/02/09,0,59000,-207000,-148000
2012/02/10,0,51000,-503000,-452000
2012/02/13,0,203000,-3000,200000
2012/02/14,0,145000,-204000,-59000
2012/02/15,0,120000,-50000,70000
2012/02/16,0,277000,-139000,138000
2012/02/17,0,322000,-673000,-351000
2012/02/20,0,30000,-191000,-161000
2012/02/21,0,100000,-145000,-45000
2012/02/22,0,13000,-8000,5000
2012/02/23,0,177000,-122000,55000
2012/02/24,0,658000,-751000,-93000
2012/02/27,0,0,0,0
2012/02/28,0,0,0,0
2012/02/29,0,206012,-681000,-474988
2012/03/01,0,697000,-133000,564000
2012/03/02,0,268000,-117000,151000
2012/03/05,0,168000,-416000,-248000
2012/03/06,0,172000,-203000,-31000
2012/03/07,0,52000,-134000,-82000
2012/03/08,0,205000,-132000,73000
2012/03/09,0,219000,-156000,63000
2012/03/12,0,77000,-109060,-32060
2012/03/13,0,56000,-42000,14000
2012/03/14,0,125000,-27000,98000
2012/03/15,0,103000,-29000,74000
2012/03/16,0,64000,-192000,-128000
2012/03/19,0,0,-258000,-258000
2012/03/20,0,147000,-292000,-145000
2012/03/21,0,157000,-349000,-192000
2012/03/22,0,66000,-164000,-98000
2012/03/23,0,187000,-88000,99000
2012/03/26,0,24000,-141000,-117000
2012/03/27,0,9000,-107000,-98000
2012/03/28,0,34000,-288000,-254000
2012/03/29,0,7000,-103479,-96479
2012/03/30,0,52000,-184000,-132000
2012/04/02,0,2000,-30000,-28000
2012/04/03,0,44000,-38000,6000
2012/04/04,0,0,0,0
2012/04/05,0,74000,-120000,-46000
2012/04/06,0,303000,-206000,97000
2012/04/09,0,168000,-36000,132000
2012/04/10,0,86000,-149000,-63000
2012/04/11,0,83000,-747000,-664000
2012/04/12,0,26000,-82000,-56000
2012/04/13,0,3000,-97000,-94000
2012/04/16,0,152000,-22000,130000
2012/04/17,0,145000,-390000,-245000
2012/04/18,0,424000,-336000,88000
2012/04/19,0,119000,-89000,30000
2012/04/20,0,61000,-273000,-212000
2012/04/23,0,322000,-60000,262000
2012/04/24,0,446000,-525000,-79000
2012/04/25,0,88000,-174000,-86000
2012/04/26,0,448005,-17000,431005
2012/04/27,0,799000,-26699,772301
2012/04/30,0,407000,-48000,359000
2012/05/01,0,0,0,0
2012/05/02,0,213000,-103000,110000
2012/05/03,0,155000,-33000,122000
2012/05/04,0,53000,-18000,35000
2012/05/07,0,57000,-27000,30000
2012/05/08,0,34000,-236000,-202000
2012/05/09,0,32000,-7262,24738
2012/05/10,0,75000,-71000,4000
2012/05/11,0,140000,-318000,-178000
2012/05/14,0,166000,-875000,-709000
2012/05/15,0,219000,-202000,17000
2012/05/16,0,214000,-137000,77000
2012/05/17,0,18000,-353000,-335000
2012/05/18,0,196000,-18000,178000
2012/05/21,0,119000,-6000,113000
2012/05/22,0,34000,-28000,6000
2012/05/23,0,103000,-382746,-279746
2012/05/24,0,192000,-55000,137000
2012/05/25,0,95000,-54000,41000
2012/05/28,0,22000,-49000,-27000
2012/05/29,0,161000,-176000,-15000
2012/05/30,0,644000,-327000,317000
2012/05/31,0,80000,-269000,-189000
2012/06/01,0,68000,-80000,-12000
2012/06/04,0,235000,-64000,171000
2012/06/05,0,105000,-162000,-57000
2012/06/06,0,109000,-229000,-120000
2012/06/07,0,57000,-35000,22000
2012/06/08,0,8000,-35000,-27000
2012/06/11,0,20000,-19000,1000
2012/06/12,0,30000,-35000,-5000
2012/06/13,0,72000,-17000,55000
2012/06/14,0,767000,-27000,740000
2012/06/15,0,611000,-49000,562000
2012/06/18,0,876000,-135000,741000
2012/06/19,0,51000,-40000,11000
2012/06/20,0,215000,-24000,191000
2012/06/21,0,202000,-31000,171000
2012/06/22,0,58000,-63000,-5000
2012/06/25,0,28000,-74000,-46000
2012/06/26,0,32000,-60000,-28000
2012/06/27,0,65000,-180000,-115000
2012/06/28,0,82000,-21000,61000
2012/06/29,0,168000,-190000,-22000
2012/07/02,0,16000,-55000,-39000
2012/07/03,0,128000,-27000,101000
2012/07/04,0,58000,-28000,30000
2012/07/05,0,374000,-57000,317000
2012/07/06,0,96000,-57000,39000
2012/07/09,0,146000,-416000,-270000
2012/07/10,0,294000,-618000,-324000
2012/07/11,0,159000,-160000,-1000
2012/07/12,0,74000,-170000,-96000
2012/07/13,0,184000,-170000,14000
2012/07/16,0,43000,-105550,-62550
2012/07/17,0,229000,-247000,-18000
2012/07/18,0,261000,-99000,162000
2012/07/19,0,52000,-33000,19000
2012/07/20,0,376000,-25000,351000
2012/07/23,0,866000,-122000,744000
2012/07/24,0,204000,-529000,-325000
2012/07/25,0,158000,-98000,60000
2012/07/26,0,177000,-636000,-459000
2012/07/27,0,136000,-219000,-83000
2012/07/30,0,50000,-119000,-69000
2012/07/31,0,148000,-133000,15000
2012/08/01,0,428000,-86000,342000
2012/08/02,0,0,0,0
2012/08/03,0,26000,-65000,-39000
2012/08/06,0,46000,-43000,3000
2012/08/07,0,388000,-24000,364000
2012/08/08,0,179000,-634000,-455000
2012/08/09,0,95000,-138000,-43000
2012/08/10,0,118000,-40000,78000
2012/08/13,0,237000,-97000,140000
2012/08/14,0,692000,-123000,569000
2012/08/15,0,144000,-452000,-308000
2012/08/16,0,107000,-451000,-344000
2012/08/17,0,197000,-108000,89000
2012/08/20,0,17000,-74000,-57000
2012/08/21,0,104000,-385000,-281000
2012/08/22,0,136000,-46000,90000
2012/08/23,0,73000,-246000,-173000
2012/08/24,0,16000,-131000,-115000
2012/08/27,0,44000,-104000,-60000
2012/08/28,0,421000,-131000,290000
2012/08/29,0,50000,-366000,-316000
2012/08/30,0,51000,-188000,-137000
2012/08/31,0,91000,-15000,76000
2012/09/03,0,36000,-109000,-73000
2012/09/04,0,112000,-180000,-68000
2012/09/05,0,84000,-255000,-171000
2012/09/06,0,39000,-65000,-26000
2012/09/07,0,42000,-39000,3000
2012/09/10,0,248000,-55000,193000
2012/09/11,0,45000,-244000,-199000
2012/09/12,0,235000,-87000,148000
2012/09/13,0,91000,-101000,-10000
2012/09/14,0,100000,-44000,56000
2012/09/17,0,1796000,-225000,1571000
2012/09/18,0,232000,-1203000,-971000
2012/09/19,0,87000,-426000,-339000
2012/09/20,0,3000,-39000,-36000
2012/09/21,0,8000,-17000,-9000
2012/09/24,0,85000,-93000,-8000
2012/09/25,0,96000,-101000,-5000
2012/09/26,0,29000,-14000,15000
2012/09/27,0,74000,-1000,73000
2012/09/28,0,21000,-90000,-69000
2012/10/01,0,33000,-18000,15000
2012/10/02,0,31000,-8000,23000
2012/10/03,0,33000,-54000,-21000
2012/10/04,0,430000,-59000,371000
2012/10/05,0,395000,-133000,262000
2012/10/08,0,115000,-209000,-94000
2012/10/09,0,702000,-240000,462000
2012/10/10,0,0,0,0
2012/10/11,0,346000,-966000,-620000
2012/10/12,0,78000,-1017000,-939000
2012/10/15,0,120000,-102000,18000
2012/10/16,0,120000,-118000,2000
2012/10/17,0,90000,-105000,-15000
2012/10/18,0,250000,-100000,150000
2012/10/19,0,900000,-296000,604000
2012/10/22,0,723000,-742000,-19000
2012/10/23,0,2000,-88000,-86000
2012/10/24,0,264000,-30000,234000
2012/10/25,0,62000,-372000,-310000
2012/10/26,0,53000,-435000,-382000
2012/10/29,0,96000,-134000,-38000
2012/10/30,0,91000,-45000,46000
2012/10/31,0,30000,-31000,-1000
2012/11/01,0,73000,-79000,-6000
2012/11/02,0,34000,-38000,-4000
2012/11/05,0,66000,-8000,58000
2012/11/06,0,50000,-17000,33000
2012/11/07,0,97000,-19000,78000
2012/11/08,0,70000,-50000,20000
2012/11/09,0,135000,-58000,77000
2012/11/12,0,81000,-72000,9000
2012/11/13,0,674000,-493000,181000
2012/11/14,0,167000,-883000,-716000
2012/11/15,0,65000,-395000,-330000
2012/11/16,0,53000,-55000,-2000
2012/11/19,0,20000,-350000,-330000
2012/11/20,0,9000,-258000,-249000
2012/11/21,0,55000,-91000,-36000
2012/11/22,0,54000,-34000,20000
2012/11/23,0,36000,-123000,-87000
2012/11/26,0,200000,-1000,199000
2012/11/27,0,16000,-152000,-136000
2012/11/28,0,572000,-32000,540000
2012/11/29,0,87000,-53000,34000
2012/11/30,0,88000,-69000,19000
2012/12/03,0,194000,-45000,149000
2012/12/04,0,92000,-29000,63000
2012/12/05,0,64000,-125000,-61000
2012/12/06,0,27000,-57000,-30000
2012/12/07,0,25000,-25000,0
2012/12/10,0,407000,-89000,318000
2012/12/11,0,54000,-382000,-328000
2012/12/12,0,556000,-112000,444000
2012/12/13,0,243000,-399000,-156000
2012/12/14,0,32000,-26000,6000
2012/12/17,0,10000,-26000,-16000
2012/12/18,0,53000,-69000,-16000
2012/12/19,0,10000,-182316,-172316
2012/12/20,0,6000,-205000,-199000
2012/12/21,0,311000,-204000,107000
2012/12/24,0,2000,-53000,-51000
2012/12/25,0,143000,-47000,96000
2012/12/26,0,6000,-74000,-68000
2012/12/27,0,287000,-57000,230000
2012/12/28,0,70000,-256000,-186000
2012/12/31,0,0,0,0
2013/01/01,0,0,0,0
2013/01/02,0,240000,-48000,192000
2013/01/03,0,66000,-318000,-252000
2013/01/04,0,283000,-112000,171000
2013/01/07,0,17000,-211000,-194000
2013/01/08,0,21000,-73899,-52899
2013/01/09,0,806000,-15000,791000
2013/01/10,0,66000,-212000,-146000
2013/01/11,0,104000,-82000,22000
2013/01/14,0,0,-130000,-130000
2013/01/15,0,4000,-93000,-89000
2013/01/16,0,49000,-33000,16000
2013/01/17,0,1000,-58000,-57000
2013/01/18,0,7000,-51000,-44000
2013/01/21,0,14000,-26000,-12000
2013/01/22,0,31000,-39000,-8000
2013/01/23,0,68000,-54000,14000
2013/01/24,0,55000,-81000,-26000
2013/01/25,0,18000,-42000,-24000
2013/01/28,0,48000,-21000,27000
2013/01/29,0,96000,-27000,69000
2013/01/30,0,14000,-236000,-222000
2013/01/31,0,127000,-60000,67000
2013/02/01,0,17000,-188000,-171000
2013/02/04,0,15000,-36000,-21000
2013/02/05,0,45000,-111000,-66000
2013/02/06,0,127000,-193000,-66000
2013/02/07,0,0,0,0
2013/02/08,0,0,0,0
2013/02/11,0,0,0,0
2013/02/12,0,0,0,0
2013/02/13,0,0,0,0
2013/02/14,0,0,0,0
2013/02/15,0,0,0,0
2013/02/18,0,623000,-168584,454416
2013/02/19,0,392000,-114000,278000
2013/02/20,0,497000,-159000,338000
2013/02/21,0,714000,-97000,617000
2013/02/22,0,550000,-325000,225000
2013/02/25,0,97000,-107000,-10000
2013/02/26,0,103000,-361000,-258000
2013/02/27,0,148000,-220000,-72000
2013/02/28,0,0,0,0
2013/03/01,0,25000,-89000,-64000
2013/03/04,0,21000,-43000,-22000
2013/03/05,0,4000,-197000,-193000
2013/03/06,0,207000,-166000,41000
2013/03/07,0,54000,-238000,-184000
2013/03/08,0,525000,-328000,197000
2013/03/11,0,25000,-300000,-275000
2013/03/12,0,82000,-223000,-141000
2013/03/13,0,44000,-667000,-623000
2013/03/14,0,24000,-274000,-250000
2013/03/15,0,52000,-124000,-72000
2013/03/18,0,11000,-296000,-285000
2013/03/19,0,50000,-48000,2000
2013/03/20,0,23000,-514000,-491000
2013/03/21,0,31000,-208000,-177000
2013/03/22,0,35000,-93000,-58000
2013/03/25,0,10000,-5000,5000
2013/03/26,0,10000,-41000,-31000
2013/03/27,0,17000,-57000,-40000
2013/03/28,0,6000,-32000,-26000
2013/03/29,0,12000,-25000,-13000
2013/04/01,0,33000,-10000,23000
2013/04/02,0,3000,-26000,-23000
2013/04/03,0,41000,-11000,30000
2013/04/04,0,0,0,0
2013/04/05,0,0,0,0
2013/04/08,0,263000,-89000,174000
2013/04/09,0,39000,-222000,-183000
2013/04/10,0,72000,-27000,45000
2013/04/11,0,6000,-109000,-103000
2013/04/12,0,9000,-15000,-6000
2013/04/15,0,8000,-9000,-1000
2013/04/16,0,62000,-33000,29000
2013/04/17,0,60000,-96000,-36000
2013/04/18,0,14000,-27000,-13000
2013/04/19,0,13000,-120000,-107000
2013/04/22,0,51000,-27000,24000
2013/04/23,0,10000,-15000,-5000
2013/04/24,0,18000,-29000,-11000
2013/04/25,0,5000,-44000,-39000
2013/04/26,0,38000,-43000,-5000
2013/04/29,0,44000,-35000,9000
2013/04/30,0,13000,-31000,-18000
2013/05/01,0,0,0,0
2013/05/02,0,40000,-237000,-197000
2013/05/03,0,4000,-37000,-33000
2013/05/06,0,8000,-28000,-20000
2013/05/07,0,4000,-26000,-22000
2013/05/08,0,10000,-18000,-8000
2013/05/09,0,2000,-31000,-29000
2013/05/10,0,26000,0,26000
2013/05/13,0,13000,-42000,-29000
2013/05/14,0,53000,-24000,29000
2013/05/15,0,287000,-53000,234000
2013/05/16,0,268000,-323000,-55000
2013/05/17,0,57000,-2000,55000
2013/05/20,0,6000,-14000,-8000
2013/05/21,0,118000,-29000,89000
2013/05/22,0,40000,-27000,13000
2013/05/23,0,245000,-117000,128000
2013/05/24,0,9000,-53000,-44000
2013/05/27,0,37000,-4000,33000
2013/05/28,0,147000,-429000,-282000
2013/05/29,0,15000,-56000,-41000
2013/05/30,0,19000,-88325,-69325
2013/05/31,0,259000,-64000,195000
2013/06/03,0,26000,-56000,-30000
2013/06/04,0,50000,-19000,31000
2013/06/05,0,103000,-13000,90000
2013/06/06,0,42000,-66000,-24000
2013/06/07,0,103000,-96000,7000
2013/06/10,0,7000,-6000,1000
2013/06/11,0,361000,-4000,357000
2013/06/12,0,0,0,0
2013/06/13,0,174000,-6000,168000
2013/06/14,0,44000,-90000,-46000
2013/06/17,0,151000,-35000,116000
2013/06/18,0,11000,-254000,-243000
2013/06/19,0,16000,-19000,-3000
2013/06/20,0,22000,-123000,-101000
2013/06/21,0,65000,-590000,-525000
2013/06/24,0,77000,-411000,-334000
2013/06/25,0,593000,-54000,539000
2013/06/26,0,68000,-366000,-298000
2013/06/27,0,41000,-51000,-10000
2013/06/28,0,689000,-174000,515000
2013/07/01,0,157000,-430000,-273000
2013/07/02,0,45000,-201000,-156000
2013/07/03,0,137000,-313000,-176000
2013/07/04,0,156000,-85000,71000
2013/07/05,0,102000,-198000,-96000
2013/07/08,0,11000,-50000,-39000
2013/07/09,0,988000,-7000,981000
2013/07/10,0,40000,-469000,-429000
2013/07/11,0,142000,-32000,110000
2013/07/12,0,23000,-146000,-123000
2013/07/15,0,61000,-227000,-166000
2013/07/16,0,101000,-66000,35000
2013/07/17,0,366000,-113000,253000
2013/07/18,0,120000,-212000,-92000
2013/07/19,0,187000,-84000,103000
2013/07/22,0,98000,-85000,13000
2013/07/23,0,468000,-20000,448000
2013/07/24,0,28000,-383000,-355000
2013/07/25,0,92000,-77000,15000
2013/07/26,0,50000,-97000,-47000
2013/07/29,0,17000,-74000,-57000
2013/07/30,0,2000,-29000,-27000
2013/07/31,0,18000,-22000,-4000
2013/08/01,0,1000,-30000,-29000
2013/08/02,0,48000,-41000,7000
2013/08/05,0,26000,-10000,16000
2013/08/06,0,43000,-117000,-74000
2013/08/07,0,12000,-78000,-66000
2013/08/08,0,26000,-76000,-50000
2013/08/09,0,91000,-60000,31000
2013/08/12,0,119000,-5000,114000
2013/08/13,0,0,-75000,-75000
2013/08/14,0,1000,-44000,-43000
2013/08/15,0,43000,-72000,-29000
2013/08/16,0,58000,-49000,9000
2013/08/19,0,13000,-49000,-36000
2013/08/20,0,78000,-53000,25000
2013/08/21,0,0,0,0
2013/08/22,0,93000,-123000,-30000
2013/08/23,0,0,-29000,-29000
2013/08/26,0,17000,-11000,6000
2013/08/27,0,60000,-96000,-36000
2013/08/28,0,24000,-26000,-2000
2013/08/29,0,35000,-26000,9000
2013/08/30,0,5000,-80000,-75000
2013/09/02,0,6000,-2000,4000
2013/09/03,0,5000,-76000,-71000
2013/09/04,0,16000,-9000,7000
2013/09/05,0,14000,-19000,-5000
2013/09/06,0,10000,-6000,4000
2013/09/09,0,0,0,0
2013/09/10,0,4000,-2000,2000
2013/09/11,0,16000,-15000,1000
2013/09/12,0,20000,-21000,-1000
2013/09/13,0,30000,-7000,23000
2013/09/16,0,87000,-12000,75000
2013/09/17,0,14000,-10000,4000
2013/09/18,0,103000,-23000,80000
2013/09/19,0,0,0,0
2013/09/20,0,0,0,0
2013/09/23,0,180000,-66000,114000
2013/09/24,0,26000,-64000,-38000
2013/09/25,0,52000,-17000,35000
2013/09/26,0,36000,-104000,-68000
2013/09/27,0,19000,-26000,-7000
2013/09/30,0,78000,-24000,54000
2013/10/01,0,3000,-20000,-17000
2013/10/02,0,54000,-130000,-76000
2013/10/03,0,36000,-21000,15000
2013/10/04,0,25000,-395000,-370000
2013/10/07,0,10000,-70000,-60000
2013/10/08,0,36000,-204000,-168000
2013/10/09,0,56000,-636000,-580000
2013/10/10,0,0,0,0
2013/10/11,0,29000,-11000,18000
2013/10/14,0,44000,-23000,21000
2013/10/15,0,74000,0,74000
2013/10/16,0,93000,-37000,56000
2013/10/17,0,17000,-32000,-15000
2013/10/18,0,156000,-24000,132000
2013/10/21,0,445000,-3000,442000
2013/10/22,0,25000,-11000,14000
2013/10/23,0,165000,-85356,79644
2013/10/24,0,470000,-21000,449000
2013/10/25,0,70000,-113000,-43000
2013/10/28,0,19000,-68000,-49000
2013/10/29,0,72000,-197000,-125000
2013/10/30,0,278000,-171000,107000
2013/10/31,0,455000,-395000,60000
2013/11/01,0,578000,-321000,257000
2013/11/04,0,41000,-193000,-152000
2013/11/05,0,145000,-67000,78000
2013/11/06,0,28000,-141000,-113000
2013/11/07,0,4000,-13000,-9000
2013/11/08,0,90000,-21000,69000
2013/11/11,0,65000,-28000,37000
2013/11/12,0,126000,-57000,69000
2013/11/13,0,66000,-97000,-31000
2013/11/14,0,29000,0,29000
2013/11/15,0,34000,-1000,33000
2013/11/18,0,109000,-21000,88000
2013/11/19,0,58000,0,58000
2013/11/20,0,106000,-30000,76000
2013/11/21,0,387000,-64000,323000
2013/11/22,0,23000,-14000,9000
2013/11/25,0,207000,0,207000
2013/11/26,0,257000,-2000,255000
2013/11/27,0,0,-7000,-7000
2013/11/28,0,50000,-31000,19000
2013/11/29,0,12000,-14000,-2000
2013/12/02,0,19000,-12000,7000
2013/12/03,0,72000,-35000,37000
2013/12/04,0,81000,-5000,76000
2013/12/05,0,0,-16000,-16000
2013/12/06,0,0,-9000,-9000
2013/12/09,0,11000,-522000,-511000
2013/12/10,0,4000,-20000,-16000
2013/12/11,0,13000,0,13000
2013/12/12,0,28000,-7000,21000
2013/12/13,0,28000,-4000,24000
2013/12/16,0,0,-159000,-159000
2013/12/17,0,52000,-67000,-15000
2013/12/18,0,14000,-52000,-38000
2013/12/19,0,2000,-12000,-10000
2013/12/20,0,0,-24000,-24000
2013/12/23,0,205000,0,205000
2013/12/24,0,20000,0,20000
2013/12/25,0,17000,0,17000
2013/12/26,0,7000,0,7000
2013/12/27,0,19000,0,19000
2013/12/30,0,10000,-23000,-13000
2013/12/31,0,133000,-4000,129000
2014/01/02,0,0,-7000,-7000
2014/01/03,0,0,-29000,-29000
2014/01/06,0,8000,-7000,1000
2014/01/07,0,94000,-7000,87000
2014/01/08,0,52000,-3000,49000
2014/01/09,0,0,-54000,-54000
2014/01/10,0,6000,-12000,-6000
2014/01/13,0,34000,-22000,12000
2014/01/14,0,38000,-13000,25000
2014/01/15,0,0,-70000,-70000
2014/01/16,0,24000,-71000,-47000
2014/01/17,0,5000,-39000,-34000
2014/01/20,0,2000,-27000,-25000
2014/01/21,0,0,-10049,-10049
2014/01/22,0,0,-2000,-2000
2014/01/23,0,0,-237000,-237000
2014/01/24,0,0,0,0
2014/01/27,0,4000,-32000,-28000
2014/02/05,0,276000,-23000,253000
2014/02/06,0,28000,-39000,-11000
2014/02/07,0,43000,-43000,0
2014/02/10,0,24000,-13000,11000
2014/02/11,0,17000,-36000,-19000
2014/02/12,0,1000,-70000,-69000
2014/02/13,0,281000,-48000,233000
2014/02/14,0,159000,-14000,145000
2014/02/17,0,201000,0,201000
2014/02/18,0,67000,0,67000
2014/02/19,0,151000,-10000,141000
2014/02/20,0,0,-53000,-53000
2014/02/21,0,3000,-12000,-9000
2014/02/24,0,52000,-2000,50000
2014/02/25,0,4000,-7667,-3667
2014/02/26,0,0,-3000,-3000
2014/02/27,0,0,-25000,-25000
2014/03/03,0,3000,-125000,-122000
2014/03/04,0,0,0,0
2014/03/05,0,61000,0,61000
2014/03/06,0,0,-59000,-59000
2014/03/07,0,50000,-36000,14000
2014/03/10,0,0,-5000,-5000
2014/03/11,0,4000,-12000,-8000
2014/03/12,0,9000,-6000,3000
2014/03/13,0,0,-70000,-70000
2014/03/14,0,61000,-36000,25000
2014/03/17,0,7000,-40000,-33000
2014/03/18,0,117000,-11000,106000
2014/03/19,0,196000,-74000,122000
2014/03/20,0,70000,-62410,7590
2014/03/21,0,103000,-15000,88000
2014/03/24,0,71000,-2000,69000
2014/03/25,0,133000,-15000,118000
2014/03/26,0,55000,-75000,-20000
2014/03/27,0,78000,-48000,30000
2014/03/28,0,55000,-112000,-57000
2014/03/31,0,1000,-18000,-17000
2014/04/01,0,0,-48000,-48000
2014/04/02,0,4000,-22000,-18000
2014/04/03,0,0,-3000,-3000
2014/04/07,0,0,-2000,-2000
2014/04/08,0,0,-71000,-71000
2014/04/09,0,4000,-26000,-22000
2014/04/10,0,3000,-32000,-29000
2014/04/11,0,7000,-6000,1000
2014/04/14,0,0,-19000,-19000
2014/04/15,0,0,-42000,-42000
2014/04/16,0,23000,-283000,-260000
2014/04/17,0,0,-89000,-89000
2014/04/18,0,15000,-349734,-334734
2014/04/21,0,10000,-18000,-8000
2014/04/22,0,15000,-27000,-12000
2014/04/23,0,0,-299000,-299000
2014/04/24,0,15000,-100000,-85000
2014/04/25,0,30000,-76000,-46000
2014/04/28,0,166000,-94000,72000
2014/04/29,0,120000,-649000,-529000
2014/04/30,0,10000,-203000,-193000
2014/05/02,0,11000,-19000,-8000
2014/05/05,0,2000,-70000,-68000
2014/05/06,0,0,-123000,-123000
2014/05/07,0,37000,-120000,-83000
2014/05/08,0,11000,-78324,-67324
2014/05/09,0,39000,-85000,-46000
2014/05/12,0,64000,-30000,34000
2014/05/13,0,358000,-13000,345000
2014/05/14,0,330000,0,330000
2014/05/15,0,93000,-1000,92000
2014/05/16,0,69000,-8000,61000
2014/05/19,0,5000,-2000,3000
2014/05/20,0,47000,-23000,24000
2014/05/21,0,913472,-108000,805472
2014/05/22,0,154000,-591000,-437000
2014/05/23,0,219000,-147000,72000
2014/05/26,0,102000,-59000,43000
2014/05/27,0,298000,-10000,288000
2014/05/28,0,89000,-66000,23000
2014/05/29,0,11000,-77288,-66288
2014/05/30,0,90000,-361000,-271000
2014/06/03,0,113000,-54000,59000
2014/06/04,0,52000,-157301,-105301
2014/06/05,0,50000,-80000,-30000
2014/06/06,0,33000,-23000,10000
2014/06/09,0,62000,-25000,37000
2014/06/10,0,0,-6000,-6000
2014/06/11,0,36000,-16000,20000
2014/06/12,0,5000,-14000,-9000
2014/06/13,0,108039,-51000,57039
2014/06/16,0,0,-105000,-105000
2014/06/17,0,0,-2000,-2000
2014/06/18,0,282000,-92000,190000
2014/06/19,0,60000,-99000,-39000
2014/06/20,0,152000,-118000,34000
2014/06/23,0,1000,-29000,-28000
2014/06/24,0,117000,0,117000
2014/06/25,0,179000,-76000,103000
2014/06/26,0,129000,-29000,100000
2014/06/27,0,32000,-15000,17000
2014/06/30,0,95000,-4000,91000
2014/07/01,0,25000,-7000,18000
2014/07/02,0,200000,-27000,173000
2014/07/03,0,100000,-27000,73000
2014/07/04,0,62000,-49000,13000
2014/07/07,0,0,-48000,-48000
2014/07/08,0,107000,-196000,-89000
2014/07/09,0,5000,-55000,-50000
2014/07/10,0,25000,-235000,-210000
2014/07/11,0,81000,-20000,61000
2014/07/14,0,135000,-116000,19000
2014/07/15,0,440000,-470000,-30000
2014/07/16,0,342000,-431000,-89000
2014/07/17,0,50000,-108000,-58000
2014/07/18,0,27000,-10000,17000
2014/07/21,0,11000,-18000,-7000
2014/07/22,0,10000,-28000,-18000
2014/07/23,0,0,0,0
2014/07/24,0,0,-62000,-62000
2014/07/25,0,0,-29000,-29000
2014/07/28,0,43000,-5000,38000
2014/07/29,0,85000,-103000,-18000
2014/07/30,0,0,-13000,-13000
2014/07/31,0,1000,-16000,-15000
2014/08/01,0,21000,-68000,-47000
2014/08/04,0,0,-148000,-148000
2014/08/05,0,7000,-33000,-26000
2014/08/06,0,4000,-48000,-44000
2014/08/07,0,0,-63000,-63000
2014/08/08,0,0,-107000,-107000
2014/08/11,0,21000,-8000,13000
2014/08/12,0,0,-24000,-24000
2014/08/13,0,0,-60000,-60000
2014/08/14,0,150000,-44000,106000
2014/08/15,0,0,-29000,-29000
2014/08/18,0,0,-313000,-313000
2014/08/19,0,182000,-2000,180000
2014/08/20,0,58000,-172000,-114000
2014/08/21,0,32000,0,32000
2014/08/22,0,164000,-70000,94000
2014/08/25,0,0,-7000,-7000
2014/08/26,0,2000,-3000,-1000
2014/08/27,0,0,-20000,-20000
2014/08/28,0,56000,-26000,30000
2014/08/29,0,50000,-92000,-42000
2014/09/01,0,50000,-98000,-48000
2014/09/02,0,118000,-79000,39000
2014/09/03,0,10000,-429000,-419000
2014/09/04,0,7000,-71000,-64000
2014/09/05,0,17000,-64000,-47000
2014/09/09,0,0,0,0
2014/09/10,0,165000,0,165000
2014/09/11,0,108000,-4000,104000
2014/09/12,0,142000,-3000,139000
2014/09/15,0,9000,-4000,5000
2014/09/16,0,36000,-30000,6000
2014/09/17,0,90000,-127000,-37000
2014/09/18,0,23000,-100000,-77000
2014/09/19,0,23000,-15000,8000
2014/09/22,0,20000,-33359,-13359
2014/09/23,0,111000,0,111000
2014/09/24,0,26000,-41000,-15000
2014/09/25,0,62000,-133000,-71000
2014/09/26,0,11000,0,11000
2014/09/29,0,12000,-45000,-33000
2014/09/30,0,30000,-20000,10000
2014/10/01,0,6000,-111000,-105000
2014/10/02,0,22000,-21000,1000
2014/10/03,0,40000,-225000,-185000
2014/10/06,0,0,-2000,-2000
2014/10/07,0,6000,-82000,-76000
2014/10/08,0,2000,-40000,-38000
2014/10/09,0,27000,-154000,-127000
2014/10/13,0,65000,0,65000
2014/10/14,0,34000,-22000,12000
2014/10/15,0,51108,-1008000,-956892
2014/10/16,0,66000,-101000,-35000
2014/10/17,0,41000,-56000,-15000
2014/10/20,0,0,-1000,-1000
2014/10/21,0,30000,0,30000
2014/10/22,0,17000,-5000,12000
2014/10/23,0,36000,0,36000
2014/10/24,0,86000,-21000,65000
2014/10/27,0,38000,-74000,-36000
2014/10/28,0,29000,0,29000
2014/10/29,0,4000,0,4000
2014/10/30,0,13000,0,13000
2014/10/31,0,10000,-1000,9000
2014/11/03,0,43000,0,43000
2014/11/04,0,2000,0,2000
2014/11/05,0,25000,0,25000
2014/11/06,0,81000,-151,80849
2014/11/07,0,29000,0,29000
2014/11/10,0,6000,0,6000
2014/11/11,0,5000,0,5000
2014/11/12,0,12000,-3000,9000
2014/11/13,0,14000,-5000,9000
2014/11/14,0,6000,-10000,-4000
2014/11/17,0,26000,-2000,24000
2014/11/18,0,60000,0,60000
2014/11/19,0,19000,0,19000
2014/11/20,0,2000,0,2000
2014/11/21,0,0,-4000,-4000
2014/11/24,0,6000,-2000,4000
2014/11/25,0,114000,0,114000
2014/11/26,0,7000,-2000,5000
2014/11/27,0,2000,0,2000
2014/11/28,0,0,-35000,-35000
2014/12/01,0,26000,0,26000
2014/12/02,0,1000,-269000,-268000
2014/12/03,0,3000,-7143,-4143
2014/12/04,0,0,-30000,-30000
2014/12/05,0,0,-86000,-86000
2014/12/08,0,0,-2000,-2000
2014/12/09,0,1000,-7000,-6000
2014/12/10,0,0,0,0
2014/12/11,0,2000,0,2000
2014/12/12,0,1000,-3000,-2000
2014/12/15,0,24000,0,24000
2014/12/16,0,35000,-6000,29000
2014/12/17,0,51000,-6000,45000
2014/12/18,0,6000,-15000,-9000
2014/12/19,0,32000,-57000,-25000
2014/12/22,0,0,-76000,-76000
2014/12/23,0,0,-1000,-1000
2014/12/24,0,0,0,0
2014/12/25,0,4000,-6000,-2000
2014/12/26,0,0,0,0
2014/12/29,0,0,-27000,-27000
2014/12/30,0,9000,-16000,-7000
2014/12/31,0,0,-35000,-35000
2015/01/01,0,0,0,0
2015/01/02,0,0,0,0
2015/01/05,0,0,-10000,-10000
2015/01/06,0,43000,0,43000
2015/01/07,0,0,-15000,-15000
2015/01/08,0,21000,-2000,19000
2015/01/09,0,9000,-14000,-5000
2015/01/12,0,438000,-44000,394000
2015/01/13,0,123000,-386000,-263000
2015/01/14,0,0,-65000,-65000
2015/01/15,0,1000,-3000,-2000
2015/01/16,0,25000,-92144,-67144
2015/01/19,0,26000,0,26000
2015/01/20,0,23000,-19000,4000
2015/01/21,0,35000,-83000,-48000
2015/01/22,0,59000,-27000,32000
2015/01/23,0,6000,-65000,-59000
2015/01/26,0,80000,-18000,62000
2015/01/27,0,145000,-6000,139000
2015/01/28,0,10000,-32000,-22000
2015/01/29,0,80000,-17000,63000
2015/01/30,0,55000,-3000,52000
2015/02/02,0,198000,-5000,193000
2015/02/03,0,45000,-41000,4000
2015/02/04,0,5000,-70108,-65108
2015/02/05,0,1000,-68108,-67108
2015/02/06,0,52000,-25000,27000
2015/02/09,0,0,0,0
2015/02/10,0,94000,0,94000
2015/02/11,0,100000,0,100000
2015/02/12,0,32000,-67000,-35000
2015/02/13,0,8000,-62000,-54000
2015/02/16,0,0,0,0
2015/02/17,0,0,0,0
2015/02/18,0,0,0,0
2015/02/19,0,0,0,0
2015/02/20,0,0,0,0
2015/02/23,0,0,0,0
2015/02/24,0,183000,-160000,23000
2015/02/25,0,12000,-79072,-67072
2015/02/26,0,200000,-120000,80000
2015/02/27,0,0,0,0
2015/03/02,0,124000,-48000,76000
2015/03/03,0,105000,-20000,85000
2015/03/04,0,58000,-19000,39000
2015/03/05,0,153000,-78670,74330
2015/03/06,0,50000,-137000,-87000
2015/03/09,0,36000,-7000,29000
2015/03/10,0,133000,-26528,106472
2015/03/11,0,115000,-4000,111000
2015/03/12,0,228000,-1000,227000
2015/03/13,0,215000,-10000,205000
2015/03/16,0,55000,-65000,-10000
2015/03/17,0,52000,-65072,-13072
2015/03/18,0,1000,-33000,-32000
2015/03/19,0,81000,-113000,-32000
2015/03/20,0,100000,-2000,98000
2015/03/23,0,2000,-37000,-35000
2015/03/24,0,12000,-1000,11000
2015/03/25,0,142000,-32000,110000
2015/03/26,0,51000,-3000,48000
2015/03/27,0,34000,-1000,33000
2015/03/30,0,12000,-2000,10000
2015/03/31,0,216000,-2000,214000
2015/04/01,0,41000,-7000,34000
2015/04/02,0,25000,-1000,24000
2015/04/03,0,0,0,0
2015/04/06,0,0,0,0
2015/04/07,0,17000,0,17000
2015/04/08,0,130000,-13000,117000
2015/04/09,0,90000,-7000,83000
2015/04/10,0,9000,-1000,8000
2015/04/13,0,88000,0,88000
2015/04/14,0,15000,0,15000
2015/04/15,0,218000,-37000,181000
2015/04/16,0,292000,-163000,129000
2015/04/17,0,21000,-22000,-1000
2015/04/20,0,34000,-122000,-88000
2015/04/21,0,138000,-58000,80000
2015/04/22,0,103000,-46000,57000
2015/04/23,0,192000,-36000,156000
2015/04/24,0,119000,-58000,61000
2015/04/27,0,169000,-23000,146000
2015/04/28,0,107000,-44000,63000
2015/04/29,0,193000,-26000,167000
2015/04/30,0,35000,-1000,34000
2015/05/01,0,0,0,0
2015/05/04,0,0,0,0
2015/05/05,0,7000,-2000,5000
2015/05/06,0,151000,0,151000
2015/05/07,0,58000,-25000,33000
2015/05/08,0,2000,-270000,-268000
2015/05/11,0,40000,-18000,22000
2015/05/12,0,69000,-4000,65000
2015/05/13,0,2000,-8000,-6000
2015/05/14,0,24000,-30000,-6000
2015/05/15,0,38000,-134000,-96000
2015/05/18,0,20000,-32000,-12000
2015/05/19,0,4000,-27000,-23000
2015/05/20,0,14000,-88000,-74000
2015/05/21,0,34000,-150000,-116000
2015/05/22,0,10000,-33000,-23000
2015/05/25,0,18000,-3000,15000
2015/05/26,0,1000,-52000,-51000
2015/05/27,0,0,-15000,-15000
2015/05/28,0,0,-24000,-24000
2015/05/29,0,0,0,0
2015/06/01,0,2000,-5000,-3000
2015/06/02,0,0,0,0
2015/06/03,0,74000,0,74000
2015/06/04,0,121000,-17000,104000
2015/06/05,0,38000,-1000,37000
2015/06/08,0,21000,0,21000
2015/06/09,0,38000,-6000,32000
2015/06/10,0,54000,-24000,30000
2015/06/11,0,46000,-4000,42000
2015/06/12,0,13000,-6000,7000
2015/06/15,0,5000,-56000,-51000
2015/06/16,0,13000,-6000,7000
2015/06/17,0,58000,0,58000
2015/06/18,0,4000,-19000,-15000
2015/06/19,0,0,0,0
2015/06/22,0,46000,-30000,16000
2015/06/23,0,0,-7000,-7000
2015/06/24,0,4000,0,4000
2015/06/25,0,52000,0,52000
2015/06/26,0,37000,-88000,-51000
2015/06/29,0,19000,-28000,-9000
2015/06/30,0,4000,-30000,-26000
2015/07/01,0,4000,-17000,-13000
2015/07/02,0,157000,-60000,97000
2015/07/03,0,62000,-19000,43000
2015/07/06,0,1000,-64000,-63000
2015/07/07,0,189000,-130000,59000
2015/07/08,0,97000,-54000,43000
2015/07/09,0,106000,-157000,-51000
2015/07/10,0,0,0,0
2015/07/13,0,189000,-182000,7000
2015/07/14,0,362000,-143000,219000
2015/07/15,0,43000,-330000,-287000
2015/07/16,0,13000,-14000,-1000
2015/07/17,0,59000,-11000,48000
2015/07/20,0,143000,-13000,130000
2015/07/21,0,20000,-100000,-80000
2015/07/22,0,72000,-186000,-114000
2015/07/23,0,86000,-276000,-190000
2015/07/24,0,69000,-124000,-55000
2015/07/27,0,364000,-57000,307000
2015/07/28,0,332000,-15000,317000
2015/07/29,0,9000,-19000,-10000
2015/07/30,0,66000,-292000,-226000
2015/07/31,0,105000,-809000,-704000
2015/08/03,0,58000,-1190000,-1132000
2015/08/04,0,526000,-652000,-126000
2015/08/05,0,169000,-10000,159000
2015/08/06,0,124000,-28000,96000
2015/08/07,0,23000,-16000,7000
2015/08/10,0,17000,-50000,-33000
2015/08/11,0,24000,-245000,-221000
2015/08/12,0,161000,-4000,157000
2015/08/13,0,18000,0,18000
2015/08/14,0,51000,-48000,3000
2015/08/17,0,70000,-10000,60000
2015/08/18,0,46000,-21000,25000
2015/08/19,0,84000,-99000,-15000
2015/08/20,0,23000,-26000,-3000
2015/08/21,0,69000,-98000,-29000
2015/08/24,0,231000,-104000,127000
2015/08/25,0,116000,-97000,19000
2015/08/26,0,25000,-34000,-9000
2015/08/27,0,20000,-95000,-75000
2015/08/28,0,439000,-87000,352000
2015/08/31,0,9000,-82000,-73000
2015/09/01,0,6000,-138696,-132696
2015/09/02,0,10000,-13000,-3000
2015/09/03,0,16000,-145000,-129000
2015/09/04,0,2000,-112000,-110000
2015/09/07,0,51000,-10000,41000
2015/09/08,0,25000,-29000,-4000
2015/09/09,0,209000,-43000,166000
2015/09/10,0,101000,-116000,-15000
2015/09/11,0,22000,-115000,-93000
2015/09/14,0,0,-26000,-26000
2015/09/15,0,71000,-3000,68000
2015/09/16,0,137000,-3000,134000
2015/09/17,0,66000,-47000,19000
2015/09/18,0,52000,-104000,-52000
2015/09/21,0,0,-33705,-33705
2015/09/22,0,0,-28000,-28000
2015/09/23,0,66000,0,66000
2015/09/24,0,70000,-26000,44000
2015/09/25,0,39000,0,39000
2015/09/28,0,0,0,0
2015/09/29,0,0,0,0
2015/09/30,0,45000,-9000,36000
2015/10/01,0,72000,-52000,20000
2015/10/02,0,0,0,0
2015/10/05,0,0,-20000,-20000
2015/10/06,0,0,0,0
2015/10/07,0,0,0,0
2015/10/08,0,0,-69000,-69000
2015/10/09,0,0,0,0
2015/10/12,0,12000,-20000,-8000
2015/10/13,0,10000,-117000,-107000
2015/10/14,0,8000,-117000,-109000
2015/10/15,0,22000,-101000,-79000
2015/10/16,0,0,-370000,-370000
2015/10/19,0,14000,-3000,11000
2015/10/20,0,27000,0,27000
2015/10/21,0,123000,-5000,118000
2015/10/22,0,91000,-9000,82000
2015/10/23,0,19000,-46000,-27000
2015/10/26,0,12000,-19000,-7000
2015/10/27,0,10000,-31000,-21000
2015/10/28,0,2000,-11000,-9000
2015/10/29,0,10000,-3000,7000
2015/10/30,0,5000,-8000,-3000
2015/11/02,0,3000,-1000,2000
2015/11/03,0,11000,-33000,-22000
2015/11/04,0,35000,-8000,27000
2015/11/05,0,7000,-24000,-17000
2015/11/06,0,2000,-22000,-20000
2015/11/09,0,14000,-8000,6000
2015/11/10,0,4000,-12000,-8000
2015/11/11,0,0,-36000,-36000
2015/11/12,0,0,-27000,-27000
2015/11/13,0,18000,-7000,11000
2015/11/16,0,15000,0,15000
2015/11/17,0,23000,-5000,18000
2015/11/18,0,0,-2000,-2000
2015/11/19,0,0,-38000,-38000
2015/11/20,0,0,-2727,-2727
2015/11/23,0,0,-10000,-10000
2015/11/24,0,5000,-14000,-9000
2015/11/25,0,12000,-7000,5000
2015/11/26,0,12000,-7000,5000
2015/11/27,0,19000,-16000,3000
2015/11/30,0,120000,-14000,106000
2015/12/01,0,5000,-59000,-54000
2015/12/02,0,6000,-24000,-18000
2015/12/03,0,0,0,0
2015/12/04,0,4000,-8000,-4000
2015/12/07,0,6000,0,6000
2015/12/08,0,9000,-45000,-36000
2015/12/09,0,12000,-5000,7000
2015/12/10,0,23000,-2000,21000
2015/12/11,0,36000,-52000,-16000
2015/12/14,0,3000,-26000,-23000
2015/12/15,0,20000,-22000,-2000
2015/12/16,0,34000,-5000,29000
2015/12/17,0,57000,-14000,43000
2015/12/18,0,5000,-21000,-16000
2015/12/21,0,32000,-2000,30000
2015/12/22,0,28000,-28000,0
2015/12/23,0,24000,-17000,7000
2015/12/24,0,14000,0,14000
2015/12/25,0,10000,-31000,-21000
2015/12/28,0,0,-2000,-2000
2015/12/29,0,2000,-4000,-2000
2015/12/30,0,4000,-6000,-2000
2015/12/31,0,1000,-75000,-74000
2016/01/01,0,0,0,0
2016/01/04,0,20000,-22000,-2000
2016/01/05,0,8000,-15000,-7000
2016/01/06,0,37000,-34000,3000
2016/01/07,0,66000,-4000,62000
2016/01/08,0,5000,-68000,-63000
2016/01/11,0,4000,-37000,-33000
2016/01/12,0,0,-77000,-77000
2016/01/13,0,3000,-8000,-5000
2016/01/14,0,0,-16000,-16000
2016/01/15,0,0,-166000,-166000
2016/01/18,0,2000,-1000,1000
2016/01/19,0,8000,-2000,6000
2016/01/20,0,39000,-198000,-159000
2016/01/21,0,0,-22000,-22000
2016/01/22,0,10000,-60000,-50000
2016/01/25,0,10000,-6000,4000
2016/01/26,0,0,-28000,-28000
2016/01/27,0,24000,-3000,21000
2016/01/28,0,4000,-2000,2000
2016/01/29,0,91000,-10000,81000
2016/02/01,0,0,-20000,-20000
2016/02/02,0,0,0,0
2016/02/03,0,0,0,0
2016/02/04,0,0,0,0
2016/02/05,0,0,0,0
2016/02/08,0,0,0,0
2016/02/09,0,0,0,0
2016/02/10,0,0,0,0
2016/02/11,0,0,0,0
2016/02/12,0,0,0,0
2016/02/15,0,7000,-51000,-44000
2016/02/16,0,179000,-5000,174000
2016/02/17,0,365000,-3000,362000
2016/02/18,0,0,-10000,-10000
2016/02/19,0,35000,0,35000
2016/02/22,0,0,-3000,-3000
2016/02/23,0,15000,-21000,-6000
2016/02/24,0,0,-56000,-56000
2016/02/25,0,50000,-6000,44000
2016/02/26,0,0,-3000,-3000
2016/02/29,0,0,0,0
2016/03/01,0,2000,-1000,1000
2016/03/02,0,0,-24000,-24000
2016/03/03,0,4000,-34000,-30000
2016/03/04,0,0,-44000,-44000
2016/03/07,0,0,-30000,-30000
2016/03/08,0,6000,-54000,-48000
2016/03/09,0,128000,-15000,113000
2016/03/10,0,0,0,0
2016/03/11,0,0,-6841,-6841
2016/03/14,0,1000,0,1000
2016/03/15,0,1000,0,1000
2016/03/16,0,246000,-12000,234000
2016/03/17,0,9000,-24000,-15000
2016/03/18,0,0,-7000,-7000
2016/03/21,0,0,-4000,-4000
2016/03/22,0,9000,-47000,-38000
2016/03/23,0,0,-2000,-2000
2016/03/24,0,0,-3000,-3000
2016/03/25,0,0,-2000,-2000
2016/03/28,0,3000,-2000,1000
2016/03/29,0,0,0,0
2016/03/30,0,1000,0,1000
2016/03/31,0,6000,0,6000
2016/04/01,0,4000,-37000,-33000
2016/04/04,0,0,0,0
2016/04/05,0,0,0,0
2016/04/06,0,3000,-55000,-52000
2016/04/07,0,3000,-37000,-34000
2016/04/08,0,0,-25000,-25000
2016/04/11,0,0,-11000,-11000
2016/04/12,0,0,-17000,-17000
2016/04/13,0,0,-2000,-2000
2016/04/14,0,15000,-6000,9000
2016/04/15,0,44000,-1000,43000
2016/04/18,0,8000,-101000,-93000
2016/04/19,0,111000,-1000,110000
2016/04/20,0,70000,-102000,-32000
2016/04/21,0,2000,-54000,-52000
2016/04/22,0,0,-45000,-45000
2016/04/25,0,0,-21000,-21000
2016/04/26,0,3000,-9000,-6000
2016/04/27,0,21000,-19000,2000
2016/04/28,0,2000,-37000,-35000
2016/04/29,0,3000,-6000,-3000
2016/05/02,0,0,0,0
2016/05/03,0,0,-4000,-4000
2016/05/04,0,20000,-15000,5000
2016/05/05,0,222000,0,222000
2016/05/06,0,95000,0,95000
2016/05/09,0,45000,0,45000
2016/05/10,0,149000,0,149000
2016/05/11,0,60000,-14000,46000
2016/05/12,0,40000,-7000,33000
2016/05/13,0,184000,-25000,159000
2016/05/16,0,333000,0,333000
2016/05/17,0,110000,0,110000
2016/05/18,0,114000,-64000,50000
2016/05/19,0,37000,-15000,22000
2016/05/20,0,0,-17000,-17000
2016/05/23,0,20000,-4000,16000
2016/05/24,0,0,-1000,-1000
2016/05/25,0,120000,0,120000
2016/05/26,0,460000,0,460000
2016/05/27,0,0,0,0
2016/05/30,0,37000,-23000,14000
2016/05/31,0,3000,-41000,-38000
2016/06/01,0,0,0,0
2016/06/02,0,2000,-2000,0
2016/06/03,0,0,-1000,-1000
2016/06/06,0,200000,-12000,188000
2016/06/07,0,215000,0,215000
2016/06/08,0,73000,-5000,68000
2016/06/09,0,0,0,0
2016/06/10,0,0,0,0
2016/06/13,0,247000,-151000,96000
2016/06/14,0,67000,-13000,54000
2016/06/15,0,447000,-4000,443000
2016/06/16,0,151000,-100000,51000
2016/06/17,0,93000,-51000,42000
2016/06/20,0,95000,-14000,81000
2016/06/21,0,43000,0,43000
2016/06/22,0,25000,0,25000
2016/06/23,0,78000,-19000,59000
2016/06/24,0,101000,-123000,-22000
2016/06/27,0,7000,-14000,-7000
2016/06/28,0,70000,-4000,66000
2016/06/29,0,120000,-82000,38000
2016/06/30,0,130000,-92000,38000
2016/07/01,0,1406000,-120000,1286000
2016/07/04,0,1331000,-5000,1326000
2016/07/05,0,1371000,-8000,1363000
2016/07/06,0,2087000,-10000,2077000
2016/07/07,0,2480000,0,2480000
2016/07/08,0,0,0,0
2016/07/11,0,3064000,-33000,3031000
2016/07/12,0,219000,-749000,-530000
2016/07/13,0,66000,-887000,-821000
2016/07/14,0,66000,-6000,60000
2016/07/15,0,131000,-52000,79000
2016/07/18,0,132000,-106000,26000
2016/07/19,0,160000,0,160000
2016/07/20,0,172000,-17000,155000
2016/07/21,0,205000,0,205000
2016/07/22,0,134000,0,134000
2016/07/25,0,139000,-25000,114000
2016/07/26,0,67000,0,67000
2016/07/27,0,74000,-21000,53000
2016/07/28,0,76000,-1000,75000
2016/07/29,0,68000,0,68000
2016/08/01,0,3000,-263000,-260000
2016/08/02,0,0,-24000,-24000
2016/08/03,0,0,-41000,-41000
2016/08/04,0,2000,-60000,-58000
2016/08/05,0,1000,-30000,-29000
2016/08/08,0,9000,0,9000
2016/08/09,0,7000,0,7000
2016/08/10,0,0,0,0
2016/08/11,0,50000,-37000,13000
2016/08/12,0,62000,-1000,61000
2016/08/15,0,35000,-19000,16000
2016/08/16,0,0,-11000,-11000
2016/08/17,0,3000,-32000,-29000
2016/08/18,0,6000,-11000,-5000
2016/08/19,0,0,-13000,-13000
2016/08/22,0,0,-12000,-12000
2016/08/23,0,0,0,0
2016/08/24,0,0,0,0
2016/08/25,0,0,-1000,-1000
2016/08/26,0,0,0,0
2016/08/29,0,4000,-27000,-23000
2016/08/30,0,0,-25000,-25000
2016/08/31,0,1000,-123000,-122000
2016/09/01,0,1000,-149000,-148000
2016/09/02,0,14000,-44000,-30000
2016/09/05,0,10000,-6000,4000
2016/09/06,0,5000,-3000,2000
2016/09/07,0,20000,-1000,19000
2016/09/08,0,0,0,0
2016/09/09,0,0,-23000,-23000
2016/09/12,0,0,-6000,-6000
2016/09/13,0,14000,-20000,-6000
2016/09/14,0,10000,0,10000
2016/09/15,0,0,0,0
2016/09/16,0,0,0,0
2016/09/19,0,15000,-10000,5000
2016/09/20,0,2000,-13000,-11000
2016/09/21,0,110000,-107000,3000
2016/09/22,0,3000,-14000,-11000
2016/09/23,0,33000,-32000,1000
2016/09/26,0,1000,0,1000
2016/09/27,0,0,0,0
2016/09/28,0,0,0,0
2016/09/29,0,0,-2000,-2000
2016/09/30,0,2000,-8000,-6000
2016/10/03,0,0,0,0
2016/10/04,0,6000,-1000,5000
2016/10/05,0,2000,-4000,-2000
2016/10/06,0,0,-12000,-12000
2016/10/07,0,0,0,0
2016/10/10,0,0,0,0
2016/10/11,0,38000,-4000,34000
2016/10/12,0,82000,-26000,56000
2016/10/13,0,0,-67000,-67000
2016/10/14,0,38000,-2000,36000
2016/10/17,0,77000,-4000,73000
2016/10/18,0,9000,-4000,5000
2016/10/19,0,17000,-31000,-14000
2016/10/20,0,0,-25000,-25000
2016/10/21,0,0,-45000,-45000
2016/10/24,0,5000,0,5000
2016/10/25,0,7000,-3000,4000
2016/10/26,0,0,0,0
2016/10/27,0,0,0,0
2016/10/28,0,0,-8000,-8000
2016/10/31,0,16000,-37000,-21000
2016/11/01,0,5000,0,5000
2016/11/02,0,59000,0,59000
2016/11/03,0,25000,-35000,-10000
2016/11/04,0,0,-1000,-1000
2016/11/07,0,33000,0,33000
2016/11/08,0,66000,0,66000
2016/11/09,0,37000,-116000,-79000
2016/11/10,0,109000,-9000,100000
2016/11/11,0,11000,-151000,-140000
2016/11/14,0,71000,-95000,-24000
2016/11/15,0,0,-44000,-44000
2016/11/16,0,64000,-34000,30000
2016/11/17,0,25000,-75000,-50000
2016/11/18,0,15000,-2000,13000
2016/11/21,0,44000,-60000,-16000
2016/11/22,0,68000,-47000,21000
2016/11/23,0,11000,-17000,-6000
2016/11/24,0,0,0,0
2016/11/25,0,16000,-11000,5000
2016/11/28,0,38000,-6330,31670
2016/11/29,0,46000,-33000,13000
2016/11/30,0,1000,-28000,-27000
2016/12/01,0,0,-13000,-13000
2016/12/02,0,0,-57000,-57000
2016/12/05,0,0,-38000,-38000
2016/12/06,0,24000,0,24000
2016/12/07,0,5000,0,5000
2016/12/08,0,37000,-3000,34000
2016/12/09,0,132000,0,132000
2016/12/12,0,122000,-5000,117000
2016/12/13,0,10000,0,10000
2016/12/14,0,25000,-10000,15000
2016/12/15,0,15000,0,15000
2016/12/16,0,42000,-3000,39000
2016/12/19,0,50000,-7000,43000
2016/12/20,0,309000,0,309000
2016/12/21,0,191000,-27000,164000
2016/12/22,0,11000,0,11000
2016/12/23,0,65000,0,65000
2016/12/26,0,0,0,0
2016/12/27,0,3000,-3000,0
2016/12/28,0,6000,0,6000
2016/12/29,0,20000,-40000,-20000
2016/12/30,0,1000,-230000,-229000
2017/01/02,0,0,0,0
2017/01/03,0,40000,0,40000
2017/01/04,0,0,-169000,-169000
2017/01/05,0,28000,-127000,-99000
2017/01/06,0,5000,-31000,-26000
2017/01/09,0,0,-6000,-6000
2017/01/10,0,0,-50000,-50000
2017/01/11,0,40000,-60000,-20000
2017/01/12,0,2000,-40000,-38000
2017/01/13,0,0,-1000,-1000
2017/01/16,0,0,-3000,-3000
2017/01/17,0,0,-5900,-5900
2017/01/18,0,2000,-54000,-52000
2017/01/19,0,14000,-19000,-5000
2017/01/20,0,3000,-8000,-5000
2017/01/23,0,0,-7000,-7000
2017/01/24,0,0,0,0
2017/01/25,0,0,0,0
2017/01/26,0,0,0,0
2017/01/27,0,0,0,0
2017/01/30,0,0,0,0
2017/01/31,0,0,0,0
2017/02/01,0,0,0,0
2017/02/02,0,227000,-21000,206000
2017/02/03,0,0,-11000,-11000
2017/02/06,0,1000,-33000,-32000
2017/02/07,0,0,-12000,-12000
2017/02/08,0,161000,-61000,100000
2017/02/09,0,0,-19000,-19000
2017/02/10,0,21000,0,21000
2017/02/13,0,2000,-20000,-18000
2017/02/14,0,13000,-35000,-22000
2017/02/15,0,18000,-16000,2000
2017/02/16,0,285000,-50000,235000
2017/02/17,0,254000,-4000,250000
2017/02/20,0,3000,-7000,-4000
2017/02/21,0,6000,-9000,-3000
2017/02/22,0,17000,-9000,8000
2017/02/23,0,17000,-1000,16000
2017/02/24,0,0,0,0
2017/02/27,0,0,0,0
2017/02/28,0,0,0,0
2017/03/01,0,1000,-2000,-1000
2017/03/02,0,0,0,0
2017/03/03,0,0,-29000,-29000
2017/03/06,0,14000,-34000,-20000
2017/03/07,0,21000,-509000,-488000
2017/03/08,0,0,-32000,-32000
2017/03/09,0,1000,-9000,-8000
2017/03/10,0,5000,-7000,-2000
2017/03/13,0,4000,-5000,-1000
2017/03/14,0,15000,-9000,6000
2017/03/15,0,73000,0,73000
2017/03/16,0,93000,-2000,91000
2017/03/17,0,0,-20000,-20000
2017/03/20,0,3000,0,3000
2017/03/21,0,17000,-13000,4000
2017/03/22,0,23000,0,23000
2017/03/23,0,0,-4000,-4000
2017/03/24,0,3000,0,3000
2017/03/27,0,1000,0,1000
2017/03/28,0,51000,-1000,50000
2017/03/29,0,117000,-48000,69000
2017/03/30,0,11000,0,11000
2017/03/31,0,7000,-3000,4000
2017/04/03,0,0,0,0
2017/04/04,0,0,0,0
2017/04/05,0,37000,0,37000
2017/04/06,0,19000,-24000,-5000
2017/04/07,0,17000,-18000,-1000
2017/04/10,0,0,0,0
2017/04/11,0,6000,0,6000
2017/04/12,0,61000,-3000,58000
2017/04/13,0,5000,-69000,-64000
2017/04/14,0,3000,-4000,-1000
2017/04/17,0,47000,0,47000
2017/04/18,0,25000,-32000,-7000
2017/04/19,0,10000,-45000,-35000
2017/04/20,0,2000,0,2000
2017/04/21,0,0,-4000,-4000
2017/04/24,0,0,-3000,-3000
2017/04/25,0,0,0,0
2017/04/26,0,0,-2000,-2000
2017/04/27,0,10000,0,10000
2017/04/28,0,1134000,-13000,1121000
2017/05/01,0,0,0,0
2017/05/02,0,0,-10000,-10000
2017/05/03,0,0,-35000,-35000
2017/05/04,0,8000,-7000,1000
2017/05/05,0,4000,0,4000
2017/05/08,0,6000,-2000,4000
2017/05/09,0,0,-9318,-9318
2017/05/10,0,1000,-9000,-8000
2017/05/11,0,41000,-4000,37000
2017/05/12,0,5000,0,5000
2017/05/15,0,0,-3000,-3000
2017/05/16,0,11000,0,11000
2017/05/17,0,48000,-22000,26000
2017/05/18,0,0,-45000,-45000
2017/05/19,0,300000,-2000,298000
2017/05/22,0,258000,0,258000
2017/05/23,0,47000,-13000,34000
2017/05/24,0,0,-11000,-11000
2017/05/25,0,3000,-5000,-2000
2017/05/26,0,1000,-8000,-7000
2017/05/29,0,0,0,0
2017/05/30,0,0,0,0
2017/05/31,0,14000,-5000,9000
2017/06/01,0,0,-15000,-15000
2017/06/02,0,241000,0,241000
2017/06/05,0,0,-5000,-5000
2017/06/06,0,0,-256,-256
2017/06/07,0,0,-8000,-8000
2017/06/08,0,500000,-5000,495000
2017/06/09,0,50000,-2000,48000
2017/06/12,0,100000,-5000,95000
2017/06/13,0,7000,-14000,-7000
2017/06/14,0,13000,-2000,11000
2017/06/15,0,221000,-49000,172000
2017/06/16,0,17000,-26000,-9000
2017/06/19,0,7000,-11000,-4000
2017/06/20,0,37000,-15000,22000
2017/06/21,0,210000,0,210000
2017/06/22,0,24000,-5000,19000
2017/06/23,0,0,-1000,-1000
2017/06/26,0,477000,0,477000
2017/06/27,0,361000,0,361000
2017/06/28,0,272000,-6000,266000
2017/06/29,0,175000,0,175000
2017/06/30,0,100000,0,100000
2017/07/03,0,0,0,0
2017/07/04,0,658000,-122000,536000
2017/07/05,0,322000,-1000,321000
2017/07/06,0,0,0,0
2017/07/07,0,0,-92000,-92000
2017/07/10,0,0,-624000,-624000
2017/07/11,0,266000,-150000,116000
2017/07/12,0,9000,-321000,-312000
2017/07/13,0,200000,-30000,170000
2017/07/14,0,53000,-56000,-3000
2017/07/17,0,0,-36000,-36000
2017/07/18,0,0,-8000,-8000
2017/07/19,0,138000,0,138000
2017/07/20,0,0,-12000,-12000
2017/07/21,0,0,0,0
2017/07/24,0,0,-25000,-25000
2017/07/25,0,0,0,0
2017/07/26,0,0,-151000,-151000
2017/07/27,0,18000,0,18000
2017/07/28,0,0,-1000,-1000
2017/07/31,0,3000,0,3000
2017/08/01,0,0,0,0
2017/08/02,0,0,-1000,-1000
2017/08/03,0,0,-17000,-17000
2017/08/04,0,0,-36000,-36000
2017/08/07,0,0,0,0
2017/08/08,0,0,-6000,-6000
2017/08/09,0,250000,-129000,121000
2017/08/10,0,53000,0,53000
2017/08/11,0,15000,0,15000
2017/08/14,0,13000,-2000,11000
2017/08/15,0,0,0,0
2017/08/16,0,76000,-96000,-20000
2017/08/17,0,73000,-44000,29000
2017/08/18,0,5000,-40000,-35000
