Date,Open,Buy,Sell,Total
2007/01/02,0,0,-361000,-361000
2007/01/03,0,0,-29000,-29000
2007/01/04,0,93000,-50000,43000
2007/01/05,0,0,0,0
2007/01/08,0,0,0,0
2007/01/09,0,0,-100000,-100000
2007/01/10,0,50000,-19000,31000
2007/01/11,0,33000,0,33000
2007/01/12,0,41000,-18000,23000
2007/01/15,0,100000,0,100000
2007/01/16,0,45000,0,45000
2007/01/17,0,61000,0,61000
2007/01/18,0,50000,-11000,39000
2007/01/19,0,15000,-132000,-117000
2007/01/22,0,56000,-151000,-95000
2007/01/23,0,0,-102000,-102000
2007/01/24,0,24000,0,24000
2007/01/25,0,24000,0,24000
2007/01/26,0,0,0,0
2007/01/29,0,0,-1000,-1000
2007/01/30,0,84000,0,84000
2007/01/31,0,0,-100000,-100000
2007/02/01,0,190000,0,190000
2007/02/02,0,2000,0,2000
2007/02/05,0,48000,0,48000
2007/02/06,0,84000,-180000,-96000
2007/02/07,0,20000,0,20000
2007/02/08,0,8000,0,8000
2007/02/09,0,152000,0,152000
2007/02/12,0,0,-3000,-3000
2007/02/13,0,300000,0,300000
2007/02/14,0,0,-37000,-37000
2007/02/15,0,0,0,0
2007/02/16,0,0,0,0
2007/02/19,0,0,0,0
2007/02/20,0,0,0,0
2007/02/21,0,0,0,0
2007/02/22,0,0,0,0
2007/02/23,0,0,0,0
2007/02/26,0,0,-123000,-123000
2007/02/27,0,0,0,0
2007/02/28,0,0,0,0
2007/03/01,0,5000,0,5000
2007/03/02,0,50000,0,50000
2007/03/05,0,30000,-153000,-123000
2007/03/06,0,0,-14000,-14000
2007/03/07,0,50000,-14000,36000
2007/03/08,0,0,0,0
2007/03/09,0,0,0,0
2007/03/12,0,6000,-3000,3000
2007/03/13,0,0,-2000,-2000
2007/03/14,0,0,-109000,-109000
2007/03/15,0,175000,-22000,153000
2007/03/16,0,0,-26000,-26000
2007/03/19,0,5000,-47000,-42000
2007/03/20,0,0,0,0
2007/03/21,0,0,-2000,-2000
2007/03/22,0,0,-1000,-1000
2007/03/23,0,0,-3000,-3000
2007/03/26,0,0,-2000,-2000
2007/03/27,0,0,-43000,-43000
2007/03/28,0,0,0,0
2007/03/29,0,0,-3000,-3000
2007/03/30,0,0,-13000,-13000
2007/04/02,0,0,-22000,-22000
2007/04/03,0,0,0,0
2007/04/04,0,1000,0,1000
2007/04/05,0,0,0,0
2007/04/06,0,0,0,0
2007/04/09,0,0,-2000,-2000
2007/04/10,0,0,-3000,-3000
2007/04/11,0,2000,0,2000
2007/04/12,0,0,0,0
2007/04/13,0,0,-4000,-4000
2007/04/16,0,0,-16000,-16000
2007/04/17,0,4000,-10000,-6000
2007/04/18,0,0,-37000,-37000
2007/04/19,0,4000,-108000,-104000
2007/04/20,0,0,-28000,-28000
2007/04/23,0,5000,0,5000
2007/04/24,0,21000,-24000,-3000
2007/04/25,0,0,0,0
2007/04/26,0,0,0,0
2007/04/27,0,0,0,0
2007/04/30,0,0,-23000,-23000
2007/05/01,0,0,0,0
2007/05/02,0,12000,0,12000
2007/05/03,0,20000,-625000,-605000
2007/05/04,0,244000,-300000,-56000
2007/05/07,0,0,0,0
2007/05/08,0,0,-33000,-33000
2007/05/09,0,0,0,0
2007/05/10,0,0,-13000,-13000
2007/05/11,0,0,0,0
2007/05/14,0,1000,0,1000
2007/05/15,0,29000,-151000,-122000
2007/05/16,0,0,-12000,-12000
2007/05/17,0,0,-129000,-129000
2007/05/18,0,0,0,0
2007/05/21,0,0,0,0
2007/05/22,0,7000,0,7000
2007/05/23,0,0,-82000,-82000
2007/05/24,0,3123000,-244000,2879000
2007/05/25,0,351000,0,351000
2007/05/28,0,561000,0,561000
2007/05/29,0,530000,0,530000
2007/05/30,0,2597000,0,2597000
2007/05/31,0,648000,0,648000
2007/06/01,0,0,0,0
2007/06/04,0,5000,0,5000
2007/06/05,0,0,-55000,-55000
2007/06/06,0,3000,0,3000
2007/06/07,0,0,0,0
2007/06/08,0,0,0,0
2007/06/11,0,0,-8000,-8000
2007/06/12,0,3000,-50000,-47000
2007/06/13,0,0,-25000,-25000
2007/06/14,0,0,-6000,-6000
2007/06/15,0,7000,-15000,-8000
2007/06/18,0,0,0,0
2007/06/19,0,0,0,0
2007/06/20,0,0,-2000,-2000
2007/06/21,0,100000,-5000,95000
2007/06/22,0,0,-230000,-230000
2007/06/25,0,0,-300000,-300000
2007/06/26,0,0,0,0
2007/06/27,0,0,-50000,-50000
2007/06/28,0,0,-119000,-119000
2007/06/29,0,5000,-33600,-28600
2007/07/02,0,0,0,0
2007/07/03,0,0,-2000,-2000
2007/07/04,0,0,0,0
2007/07/05,0,189000,-81000,108000
2007/07/06,0,333000,-11000,322000
2007/07/09,0,320000,-1000,319000
2007/07/10,0,4000,0,4000
2007/07/11,0,0,0,0
2007/07/12,0,1483000,-5000,1478000
2007/07/13,0,0,-40000,-40000
2007/07/16,0,893000,0,893000
2007/07/17,0,0,-11000,-11000
2007/07/18,0,1167000,-100000,1067000
2007/07/19,0,826000,0,826000
2007/07/20,0,4000,0,4000
2007/07/23,0,0,0,0
2007/07/24,0,1000,-4000,-3000
2007/07/25,0,2000,0,2000
2007/07/26,0,1000,-43000,-42000
2007/07/27,0,13000,0,13000
2007/07/30,0,0,0,0
2007/07/31,0,0,-3000,-3000
2007/08/01,0,3000,-69000,-66000
2007/08/02,0,7000,-2000,5000
2007/08/03,0,0,-2000,-2000
2007/08/06,0,8000,0,8000
2007/08/07,0,7000,0,7000
2007/08/08,0,23000,0,23000
2007/08/09,0,0,0,0
2007/08/10,0,13000,-88000,-75000
2007/08/13,0,6000,0,6000
2007/08/14,0,11000,0,11000
2007/08/15,0,87000,0,87000
2007/08/16,0,5610000,-10000,5600000
2007/08/17,0,208000,-5000,203000
2007/08/20,0,17000,0,17000
2007/08/21,0,100000,-3000,97000
2007/08/22,0,330000,0,330000
2007/08/23,0,65000,0,65000
2007/08/24,0,0,-5000,-5000
2007/08/27,0,5000,-7000,-2000
2007/08/28,0,0,0,0
2007/08/29,0,100000,-52000,48000
2007/08/30,0,400000,0,400000
2007/08/31,0,135000,-147000,-12000
2007/09/03,0,15000,-722000,-707000
2007/09/04,0,27000,-1651000,-1624000
2007/09/05,0,0,0,0
2007/09/06,0,150000,0,150000
2007/09/07,0,4000,-35000,-31000
2007/09/10,0,0,-6000,-6000
2007/09/11,0,0,-300000,-300000
2007/09/12,0,0,0,0
2007/09/13,0,0,-1345000,-1345000
2007/09/14,0,5000,-1298000,-1293000
2007/09/17,0,0,0,0
2007/09/18,0,0,0,0
2007/09/19,0,3000,-33000,-30000
2007/09/20,0,4000,-200000,-196000
2007/09/21,0,205000,-145000,60000
2007/09/24,0,0,0,0
2007/09/25,0,0,0,0
2007/09/26,0,5000,-5000,0
2007/09/27,0,471000,-11000,460000
2007/09/28,0,0,-5000,-5000
2007/10/01,0,100000,-507000,-407000
2007/10/02,0,30000,-6000,24000
2007/10/03,0,530000,-1000,529000
2007/10/04,0,0,0,0
2007/10/05,0,0,-42000,-42000
2007/10/08,0,219000,-11000,208000
2007/10/09,0,120000,0,120000
2007/10/10,0,0,0,0
2007/10/11,0,0,0,0
2007/10/12,0,300000,0,300000
2007/10/15,0,24000,-11000,13000
2007/10/16,0,4000,-40000,-36000
2007/10/17,0,0,0,0
2007/10/18,0,0,0,0
2007/10/19,0,0,-19000,-19000
2007/10/22,0,3000,0,3000
2007/10/23,0,4000,-1000,3000
2007/10/24,0,0,-600000,-600000
2007/10/25,0,4000,0,4000
2007/10/26,0,0,0,0
2007/10/29,0,115000,0,115000
2007/10/30,0,5000,-8000,-3000
2007/10/31,0,329000,-130000,199000
2007/11/01,0,200000,-1000,199000
2007/11/02,0,10000,0,10000
2007/11/05,0,5000,0,5000
2007/11/06,0,1000,-1000,0
2007/11/07,0,1501000,0,1501000
2007/11/08,0,4000,-4000,0
2007/11/09,0,622000,0,622000
2007/11/12,0,5000,0,5000
2007/11/13,0,4000,-2000,2000
2007/11/14,0,152000,-439000,-287000
2007/11/15,0,0,0,0
2007/11/16,0,50000,0,50000
2007/11/19,0,60000,-138000,-78000
2007/11/20,0,723000,0,723000
2007/11/21,0,0,-15000,-15000
2007/11/22,0,0,0,0
2007/11/23,0,26000,0,26000
2007/11/26,0,411000,0,411000
2007/11/27,0,0,0,0
2007/11/28,0,0,0,0
2007/11/29,0,1281000,0,1281000
2007/11/30,0,31000,-40000,-9000
2007/12/03,0,0,-204000,-204000
2007/12/04,0,720000,-113000,607000
2007/12/05,0,508000,-5000,503000
2007/12/06,0,0,0,0
2007/12/07,0,0,-10000,-10000
2007/12/10,0,0,-96000,-96000
2007/12/11,0,0,0,0
2007/12/12,0,0,-50000,-50000
2007/12/13,0,3000,-10000,-7000
2007/12/14,0,1892000,-6000,1886000
2007/12/17,0,1202000,0,1202000
2007/12/18,0,1754000,-56000,1698000
2007/12/19,0,0,0,0
2007/12/20,0,0,-1009000,-1009000
2007/12/21,0,1000,0,1000
2007/12/24,0,129000,-33000,96000
2007/12/25,0,0,-5000,-5000
2007/12/26,0,0,0,0
2007/12/27,0,0,-28000,-28000
2007/12/28,0,100000,-35000,65000
2007/12/31,0,162000,-617000,-455000
2008/01/01,0,0,0,0
2008/01/02,0,0,0,0
2008/01/03,0,2000,0,2000
2008/01/04,0,0,-666000,-666000
2008/01/07,0,6519000,-6000,6513000
2008/01/08,0,6815000,-30000,6785000
2008/01/09,0,5910000,-922000,4988000
2008/01/10,0,25000,0,25000
2008/01/11,0,170000,-15000,155000
2008/01/14,0,650000,0,650000
2008/01/15,0,0,-116000,-116000
2008/01/16,0,500000,-5000,495000
2008/01/17,0,2632000,-490000,2142000
2008/01/18,0,2465000,-367000,2098000
2008/01/21,0,2000,-36000,-34000
2008/01/22,0,685000,-107000,578000
2008/01/23,0,1188000,0,1188000
2008/01/24,0,1631000,-250000,1381000
2008/01/25,0,1000,-255000,-254000
2008/01/28,0,0,-832000,-832000
2008/01/29,0,222000,-300000,-78000
2008/01/30,0,467000,0,467000
2008/01/31,0,1934000,0,1934000
2008/02/01,0,1756000,0,1756000
2008/02/04,0,0,0,0
2008/02/05,0,0,0,0
2008/02/06,0,0,0,0
2008/02/07,0,0,0,0
2008/02/08,0,0,0,0
2008/02/11,0,0,0,0
2008/02/12,0,1228000,-28000,1200000
2008/02/13,0,2577000,-3000,2574000
2008/02/14,0,149000,0,149000
2008/02/15,0,1591000,0,1591000
2008/02/18,0,61000,0,61000
2008/02/19,0,192000,0,192000
2008/02/20,0,5000,-504000,-499000
2008/02/21,0,100000,-350000,-250000
2008/02/22,0,409000,-528000,-119000
2008/02/25,0,46000,-351000,-305000
2008/02/26,0,475000,-1618000,-1143000
2008/02/27,0,2430000,-1000,2429000
2008/02/28,0,0,0,0
2008/02/29,0,0,-1100000,-1100000
2008/03/03,0,500000,-3128000,-2628000
2008/03/04,0,0,-3631000,-3631000
2008/03/05,0,632000,-1681000,-1049000
2008/03/06,0,4600000,-1403000,3197000
2008/03/07,0,5020000,-2001000,3019000
2008/03/10,0,721000,-703454,17546
2008/03/11,0,0,0,0
2008/03/12,0,0,0,0
2008/03/13,0,0,0,0
2008/03/14,0,0,0,0
2008/03/17,0,0,0,0
2008/03/18,0,0,0,0
2008/03/19,0,0,0,0
2008/03/20,0,0,0,0
2008/03/21,0,0,0,0
2008/03/24,0,0,0,0
2008/03/25,0,0,0,0
2008/03/26,0,0,0,0
2008/03/27,0,0,0,0
2008/03/28,0,1400000,-106636,1293364
2008/03/31,0,154000,-4423,149577
2008/04/01,0,200000,-500000,-300000
2008/04/02,0,10000,-2197000,-2187000
2008/04/03,0,1000,-4101905,-4100905
2008/04/04,0,0,0,0
2008/04/07,0,32000,-1922564,-1890564
2008/04/08,0,200000,-1836000,-1636000
2008/04/09,0,51000,-1602897,-1551897
2008/04/10,0,0,-150000,-150000
2008/04/11,0,0,-963511,-963511
2008/04/14,0,10000,-976,9024
2008/04/15,0,0,-831833,-831833
2008/04/16,0,0,-472533,-472533
2008/04/17,0,101000,-908114,-807114
2008/04/18,0,0,-43000,-43000
2008/04/21,0,51000,-260968,-209968
2008/04/22,0,58000,-2339534,-2281534
2008/04/23,0,301000,-200000,101000
2008/04/24,0,0,-3125630,-3125630
2008/04/25,0,1000,-3500000,-3499000
2008/04/28,0,8000,-57000,-49000
2008/04/29,0,1000,0,1000
2008/04/30,0,595000,-525169,69831
2008/05/01,0,0,0,0
2008/05/02,0,19000,0,19000
2008/05/05,0,113000,-200000,-87000
2008/05/06,0,11000,0,11000
2008/05/07,0,13000,-98000,-85000
2008/05/08,0,5000,-155000,-150000
2008/05/09,0,63000,0,63000
2008/05/12,0,3000,-2000,1000
2008/05/13,0,13000,-22000,-9000
2008/05/14,0,3000,-150000,-147000
2008/05/15,0,33000,-40000,-7000
2008/05/16,0,0,-60000,-60000
2008/05/19,0,8000,-465000,-457000
2008/05/20,0,0,-360208,-360208
2008/05/21,0,0,-4000,-4000
2008/05/22,0,17000,0,17000
2008/05/23,0,3000,0,3000
2008/05/26,0,1748000,0,1748000
2008/05/27,0,1516000,-365578,1150422
2008/05/28,0,5000,0,5000
2008/05/29,0,671000,0,671000
2008/05/30,0,1161000,-12000,1149000
2008/06/02,0,22000,0,22000
2008/06/03,0,400000,-137000,263000
2008/06/04,0,51000,0,51000
2008/06/05,0,0,0,0
2008/06/06,0,79000,-453351,-374351
2008/06/09,0,81000,0,81000
2008/06/10,0,133000,0,133000
2008/06/11,0,213000,0,213000
2008/06/12,0,63000,0,63000
2008/06/13,0,17000,0,17000
2008/06/16,0,0,-3000,-3000
2008/06/17,0,67000,-44629,22371
2008/06/18,0,0,0,0
2008/06/19,0,20000,-6000,14000
2008/06/20,0,560000,-1000,559000
2008/06/23,0,11000,-155000,-144000
2008/06/24,0,3000,0,3000
2008/06/25,0,90000,0,90000
2008/06/26,0,0,-977622,-977622
2008/06/27,0,12000,0,12000
2008/06/30,0,2000,-68000,-66000
2008/07/01,0,17000,-53000,-36000
2008/07/02,0,0,-597000,-597000
2008/07/03,0,16000,-1560000,-1544000
2008/07/04,0,4000,-295000,-291000
2008/07/07,0,12000,-2000,10000
2008/07/08,0,173000,0,173000
2008/07/09,0,0,-1372000,-1372000
2008/07/10,0,0,-835913,-835913
2008/07/11,0,62000,-1316000,-1254000
2008/07/14,0,0,-2450000,-2450000
2008/07/15,0,3000,-1306000,-1303000
2008/07/16,0,695000,0,695000
2008/07/17,0,3191000,0,3191000
2008/07/18,0,0,-666000,-666000
2008/07/21,0,1957000,-511000,1446000
2008/07/22,0,3000,0,3000
2008/07/23,0,1000,-40000,-39000
2008/07/24,0,329000,-329000,0
2008/07/25,0,0,0,0
2008/07/28,0,0,0,0
2008/07/29,0,2000,-32000,-30000
2008/07/30,0,0,-12000,-12000
2008/07/31,0,4000,0,4000
2008/08/01,0,201000,0,201000
2008/08/04,0,3000,0,3000
2008/08/05,0,132000,-48271,83729
2008/08/06,0,0,0,0
2008/08/07,0,162000,0,162000
2008/08/08,0,83000,-200000,-117000
2008/08/11,0,470000,0,470000
2008/08/12,0,4000,-370000,-366000
2008/08/13,0,0,-659000,-659000
2008/08/14,0,17000,-12000,5000
2008/08/15,0,1000,-10000,-9000
2008/08/18,0,337000,-1507000,-1170000
2008/08/19,0,375000,-16000,359000
2008/08/20,0,2303000,-11000,2292000
2008/08/21,0,140000,-12000,128000
2008/08/22,0,257000,0,257000
2008/08/25,0,1000,-87000,-86000
2008/08/26,0,1000,-17000,-16000
2008/08/27,0,0,-130000,-130000
2008/08/28,0,0,-190000,-190000
2008/08/29,0,4000,-32000,-28000
2008/09/01,0,1533000,0,1533000
2008/09/02,0,224000,-21000,203000
2008/09/03,0,4741000,-1000,4740000
2008/09/04,0,106000,-1000,105000
2008/09/05,0,2000,-10000,-8000
2008/09/08,0,6000,0,6000
2008/09/09,0,3000,0,3000
2008/09/10,0,400000,0,400000
2008/09/11,0,489000,0,489000
2008/09/12,0,538000,-115000,423000
2008/09/15,0,300000,-139000,161000
2008/09/16,0,563000,-221000,342000
2008/09/17,0,7000,-191000,-184000
2008/09/18,0,1058000,0,1058000
2008/09/19,0,853000,-971000,-118000
2008/09/22,0,720000,-26000,694000
2008/09/23,0,100000,-220000,-120000
2008/09/24,0,0,-1000,-1000
2008/09/25,0,262000,-23000,239000
2008/09/26,0,791000,-880000,-89000
2008/09/29,0,0,0,0
2008/09/30,0,1188000,-100000,1088000
2008/10/01,0,341000,-14000,327000
2008/10/02,0,220000,-13000,207000
2008/10/03,0,541000,-119000,422000
2008/10/06,0,170000,-515000,-345000
2008/10/07,0,979000,-11000,968000
2008/10/08,0,168000,-5000,163000
2008/10/09,0,133000,-251000,-118000
2008/10/10,0,0,0,0
2008/10/13,0,0,-740000,-740000
2008/10/14,0,250000,-650000,-400000
2008/10/15,0,2000,-349709,-347709
2008/10/16,0,5000,-321000,-316000
2008/10/17,0,90000,-32000,58000
2008/10/20,0,0,0,0
2008/10/21,0,37000,-200000,-163000
2008/10/22,0,0,-51000,-51000
2008/10/23,0,6000,-523000,-517000
2008/10/24,0,175000,-75212,99788
2008/10/27,0,770000,-63000,707000
2008/10/28,0,539000,-9000,530000
2008/10/29,0,200000,-2229000,-2029000
2008/10/30,0,2087000,-2219000,-132000
2008/10/31,0,1297000,-15000,1282000
2008/11/03,0,1329000,-135167,1193833
2008/11/04,0,407000,-2000,405000
2008/11/05,0,26000,-523000,-497000
2008/11/06,0,69000,-487000,-418000
2008/11/07,0,14000,-275000,-261000
2008/11/10,0,380000,-1037000,-657000
2008/11/11,0,42000,-577000,-535000
2008/11/12,0,903000,-101000,802000
2008/11/13,0,3922000,-15000,3907000
2008/11/14,0,4702000,-25000,4677000
2008/11/17,0,2883000,-186000,2697000
2008/11/18,0,3227000,-773000,2454000
2008/11/19,0,2280000,-200000,2080000
2008/11/20,0,2789000,0,2789000
2008/11/21,0,1891000,-55000,1836000
2008/11/24,0,1677000,-1197132,479868
2008/11/25,0,1095000,-872000,223000
2008/11/26,0,1414000,-300000,1114000
2008/11/27,0,132000,0,132000
2008/11/28,0,600000,-7000,593000
2008/12/01,0,1110000,-881000,229000
2008/12/02,0,160000,-400000,-240000
2008/12/03,0,218000,-1151000,-933000
2008/12/04,0,2431000,-337000,2094000
2008/12/05,0,1737000,0,1737000
2008/12/08,0,119000,-472000,-353000
2008/12/09,0,426000,-363000,63000
2008/12/10,0,15000,-2872000,-2857000
2008/12/11,0,1043000,-3203601,-2160601
2008/12/12,0,1174000,-4358000,-3184000
2008/12/15,0,15000,-4293000,-4278000
2008/12/16,0,0,-4265000,-4265000
2008/12/17,0,3677000,-1326000,2351000
2008/12/18,0,3123000,-1510000,1613000
2008/12/19,0,2000000,-1986000,14000
2008/12/22,0,4000000,-1440000,2560000
2008/12/23,0,4472000,-900000,3572000
2008/12/24,0,2107000,-1862000,245000
2008/12/25,0,2495000,-500000,1995000
2008/12/26,0,1500000,-300000,1200000
2008/12/29,0,397000,0,397000
2008/12/30,0,490000,-450000,40000
2008/12/31,0,845000,-9000,836000
2009/01/01,0,0,0,0
2009/01/02,0,0,0,0
2009/01/05,0,1500000,-1118000,382000
2009/01/06,0,2116000,-294000,1822000
2009/01/07,0,2273000,-1170000,1103000
2009/01/08,0,111000,-2100000,-1989000
2009/01/09,0,283000,-100000,183000
2009/01/12,0,501000,-285000,216000
2009/01/13,0,403000,0,403000
2009/01/14,0,800000,-5000,795000
2009/01/15,0,94000,-290000,-196000
2009/01/16,0,201000,-1050000,-849000
2009/01/19,0,1000,-670000,-669000
2009/01/20,0,0,-675000,-675000
2009/01/21,0,1239000,-130000,1109000
2009/01/22,0,0,0,0
2009/01/23,0,0,0,0
2009/01/26,0,0,0,0
2009/01/27,0,0,0,0
2009/01/28,0,0,0,0
2009/01/29,0,0,0,0
2009/01/30,0,0,0,0
2009/02/02,0,0,-500000,-500000
2009/02/03,0,87000,-1690000,-1603000
2009/02/04,0,0,-1155000,-1155000
2009/02/05,0,0,-2366000,-2366000
2009/02/06,0,13000,-1450000,-1437000
2009/02/09,0,0,-1269000,-1269000
2009/02/10,0,1213000,-200000,1013000
2009/02/11,0,0,-1000,-1000
2009/02/12,0,0,-24000,-24000
2009/02/13,0,0,-3000,-3000
2009/02/16,0,0,-320000,-320000
2009/02/17,0,0,-319000,-319000
2009/02/18,0,699000,-6000,693000
2009/02/19,0,0,0,0
2009/02/20,0,200000,-381000,-181000
2009/02/23,0,1882000,0,1882000
2009/02/24,0,91000,0,91000
2009/02/25,0,0,-450000,-450000
2009/02/26,0,2000,-406000,-404000
2009/02/27,0,0,0,0
2009/03/02,0,860000,-201000,659000
2009/03/03,0,949000,0,949000
2009/03/04,0,0,-101000,-101000
2009/03/05,0,331000,-2000,329000
2009/03/06,0,362000,-14000,348000
2009/03/09,0,176000,-21000,155000
2009/03/10,0,167000,-2000,165000
2009/03/11,0,300000,-5000,295000
2009/03/12,0,180000,-48000,132000
2009/03/13,0,779000,-5000,774000
2009/03/16,0,138000,-130000,8000
2009/03/17,0,394000,-549000,-155000
2009/03/18,0,0,-653000,-653000
2009/03/19,0,0,-8000,-8000
2009/03/20,0,0,-1193000,-1193000
2009/03/23,0,0,-950000,-950000
2009/03/24,0,58000,-618000,-560000
2009/03/25,0,0,-3080000,-3080000
2009/03/26,0,0,-3962000,-3962000
2009/03/27,0,159000,-815000,-656000
2009/03/30,0,70000,0,70000
2009/03/31,0,0,-1000,-1000
2009/04/01,0,0,-2200000,-2200000
2009/04/02,0,20000,-1971000,-1951000
2009/04/03,0,0,-1992238,-1992238
2009/04/06,0,200000,-1516000,-1316000
2009/04/07,0,1161000,-1651000,-490000
2009/04/08,0,512000,-2351000,-1839000
2009/04/09,0,0,-2200000,-2200000
2009/04/10,0,0,-2000000,-2000000
2009/04/13,0,333000,-2151000,-1818000
2009/04/14,0,35000,-1501000,-1466000
2009/04/15,0,0,-1857000,-1857000
2009/04/16,0,0,-37000,-37000
2009/04/17,0,1881000,0,1881000
2009/04/20,0,2617000,0,2617000
2009/04/21,0,1513000,0,1513000
2009/04/22,0,1506000,-765000,741000
2009/04/23,0,1282000,-1937000,-655000
2009/04/24,0,0,-1546000,-1546000
2009/04/27,0,965000,-2714000,-1749000
2009/04/28,0,1309000,-406000,903000
2009/04/29,0,275000,-328000,-53000
2009/04/30,0,120000,-36000,84000
2009/05/01,0,0,0,0
2009/05/04,0,69000,-2579000,-2510000
2009/05/05,0,903000,-150000,753000
2009/05/06,0,50000,-3707000,-3657000
2009/05/07,0,4000,-3386484,-3382484
2009/05/08,0,200000,-3748671,-3548671
2009/05/11,0,7000,-723000,-716000
2009/05/12,0,27000,-709000,-682000
2009/05/13,0,48000,-707000,-659000
2009/05/14,0,0,-930000,-930000
2009/05/15,0,7000,0,7000
2009/05/18,0,4000,-991000,-987000
2009/05/19,0,0,-2495000,-2495000
2009/05/20,0,376000,-139000,237000
2009/05/21,0,75000,-756000,-681000
2009/05/22,0,2000,-315645,-313645
2009/05/25,0,543000,-1297000,-754000
2009/05/26,0,443000,-209000,234000
2009/05/27,0,671000,-14000,657000
2009/05/28,0,0,0,0
2009/05/29,0,0,0,0
2009/06/01,0,201000,-8000,193000
2009/06/02,0,644000,-269000,375000
2009/06/03,0,3396000,0,3396000
2009/06/04,0,2300000,-6000,2294000
2009/06/05,0,74000,-152000,-78000
2009/06/08,0,7000,-6000,1000
2009/06/09,0,2440000,-7000,2433000
2009/06/10,0,5811000,-18000,5793000
2009/06/11,0,2423000,0,2423000
2009/06/12,0,0,-133000,-133000
2009/06/15,0,1508000,0,1508000
2009/06/16,0,3713000,-4000,3709000
2009/06/17,0,2588000,-179000,2409000
2009/06/18,0,2810000,-594000,2216000
2009/06/19,0,2382000,0,2382000
2009/06/22,0,585000,0,585000
2009/06/23,0,1207000,-19000,1188000
2009/06/24,0,3000,-5000,-2000
2009/06/25,0,93000,0,93000
2009/06/26,0,0,-124000,-124000
2009/06/29,0,1383000,0,1383000
2009/06/30,0,453000,-300000,153000
2009/07/01,0,0,0,0
2009/07/02,0,157000,-300000,-143000
2009/07/03,0,1060000,-265000,795000
2009/07/06,0,500000,-657000,-157000
2009/07/07,0,2004000,0,2004000
2009/07/08,0,2360000,-5000,2355000
2009/07/09,0,929000,-404000,525000
2009/07/10,0,0,-41000,-41000
2009/07/13,0,10000,-7000,3000
2009/07/14,0,0,-32000,-32000
2009/07/15,0,0,-269000,-269000
2009/07/16,0,0,-1461000,-1461000
2009/07/17,0,802000,-341000,461000
2009/07/20,0,0,-727000,-727000
2009/07/21,0,700000,-2602000,-1902000
2009/07/22,0,1000000,-3685000,-2685000
2009/07/23,0,1000000,-659000,341000
2009/07/24,0,0,-53000,-53000
2009/07/27,0,0,-4000,-4000
2009/07/28,0,0,-261000,-261000
2009/07/29,0,0,-2673000,-2673000
2009/07/30,0,0,-20000,-20000
2009/07/31,0,0,-3269000,-3269000
2009/08/03,0,0,0,0
2009/08/04,0,150000,-10000,140000
2009/08/05,0,888000,-150000,738000
2009/08/06,0,0,-4000,-4000
2009/08/07,0,0,0,0
2009/08/10,0,9000,-18000,-9000
2009/08/11,0,5000,-744000,-739000
2009/08/12,0,0,-781000,-781000
2009/08/13,0,0,-806000,-806000
2009/08/14,0,80000,-626000,-546000
2009/08/17,0,27000,-774000,-747000
2009/08/18,0,865000,0,865000
2009/08/19,0,303000,0,303000
2009/08/20,0,3000,-2000,1000
2009/08/21,0,1200000,-5000,1195000
2009/08/24,0,4085000,-115000,3970000
2009/08/25,0,100000,-7000,93000
2009/08/26,0,0,0,0
2009/08/27,0,7000,-11000,-4000
2009/08/28,0,1300000,-514000,786000
2009/08/31,0,9000,0,9000
2009/09/01,0,0,0,0
2009/09/02,0,100000,-513000,-413000
2009/09/03,0,100000,-1066000,-966000
2009/09/04,0,0,-1256000,-1256000
2009/09/07,0,0,-805000,-805000
2009/09/08,0,160000,-1475000,-1315000
2009/09/09,0,0,-123000,-123000
2009/09/10,0,100000,-20000,80000
2009/09/11,0,200000,0,200000
2009/09/14,0,2000,-49000,-47000
2009/09/15,0,0,0,0
2009/09/16,0,200000,-1533000,-1333000
2009/09/17,0,55000,-1000000,-945000
2009/09/18,0,1000,-11000,-10000
2009/09/21,0,0,-742000,-742000
2009/09/22,0,0,-1880000,-1880000
2009/09/23,0,255000,-2000,253000
2009/09/24,0,250000,0,250000
2009/09/25,0,0,0,0
2009/09/28,0,6000,-350000,-344000
2009/09/29,0,155000,0,155000
2009/09/30,0,0,-4000,-4000
2009/10/01,0,0,-800000,-800000
2009/10/02,0,201000,-1400000,-1199000
2009/10/05,0,0,-1200000,-1200000
2009/10/06,0,0,-2034000,-2034000
2009/10/07,0,0,-1299000,-1299000
2009/10/08,0,0,0,0
2009/10/09,0,2000,0,2000
2009/10/12,0,334000,0,334000
2009/10/13,0,125000,0,125000
2009/10/14,0,364000,-5000,359000
2009/10/15,0,0,-168000,-168000
2009/10/16,0,1127000,-91000,1036000
2009/10/19,0,391000,0,391000
2009/10/20,0,3000,-850000,-847000
2009/10/21,0,623000,-5000,618000
2009/10/22,0,800000,-26000,774000
2009/10/23,0,0,0,0
2009/10/26,0,0,0,0
2009/10/27,0,369000,-4000,365000
2009/10/28,0,3378000,-2000,3376000
2009/10/29,0,3694000,-313000,3381000
2009/10/30,0,1130000,-333000,797000
2009/11/02,0,554000,-411000,143000
2009/11/03,0,119000,-1000,118000
2009/11/04,0,4000,-530000,-526000
2009/11/05,0,4000,0,4000
2009/11/06,0,355000,0,355000
2009/11/09,0,4000,0,4000
2009/11/10,0,2000,-4000,-2000
2009/11/11,0,0,-250000,-250000
2009/11/12,0,0,-372000,-372000
2009/11/13,0,29000,-5000,24000
2009/11/16,0,48000,-5000,43000
2009/11/17,0,0,-1000,-1000
2009/11/18,0,0,-7000,-7000
2009/11/19,0,0,-2000,-2000
2009/11/20,0,0,-4000,-4000
2009/11/23,0,0,-2000,-2000
2009/11/24,0,0,-852000,-852000
2009/11/25,0,0,-70000,-70000
2009/11/26,0,0,-2135000,-2135000
2009/11/27,0,0,-1600000,-1600000
2009/11/30,0,6000,-718000,-712000
2009/12/01,0,0,-1000000,-1000000
2009/12/02,0,0,-1239000,-1239000
2009/12/03,0,0,-300000,-300000
2009/12/04,0,0,-204000,-204000
2009/12/07,0,0,-1932000,-1932000
2009/12/08,0,0,-1518000,-1518000
2009/12/09,0,0,0,0
2009/12/10,0,25000,-7000,18000
2009/12/11,0,28000,-36000,-8000
2009/12/14,0,1000,-383000,-382000
2009/12/15,0,0,-293000,-293000
2009/12/16,0,0,-157000,-157000
2009/12/17,0,0,-100000,-100000
2009/12/18,0,10000,-2000,8000
2009/12/21,0,5000,-100000,-95000
2009/12/22,0,0,-6000,-6000
2009/12/23,0,1000,0,1000
2009/12/24,0,0,-1045000,-1045000
2009/12/25,0,0,-1006000,-1006000
2009/12/28,0,8000,-1150516,-1142516
2009/12/29,0,84000,-850000,-766000
2009/12/30,0,34000,0,34000
2009/12/31,0,200000,-1000,199000
2010/01/01,0,0,0,0
2010/01/04,0,8000,0,8000
2010/01/05,0,20000,-45000,-25000
2010/01/06,0,0,0,0
2010/01/07,0,0,-409000,-409000
2010/01/08,0,0,-8000,-8000
2010/01/11,0,0,-2000,-2000
2010/01/12,0,0,-7000,-7000
2010/01/13,0,0,-1000,-1000
2010/01/14,0,0,-2000,-2000
2010/01/15,0,359000,-44000,315000
2010/01/18,0,0,-20000,-20000
2010/01/19,0,0,-193000,-193000
2010/01/20,0,50000,-7000,43000
2010/01/21,0,0,-2000,-2000
2010/01/22,0,0,0,0
2010/01/25,0,23000,-8000,15000
2010/01/26,0,1005000,-1000,1004000
2010/01/27,0,230000,0,230000
2010/01/28,0,6000,0,6000
2010/01/29,0,144000,0,144000
2010/02/01,0,863000,-1000,862000
2010/02/02,0,1197000,0,1197000
2010/02/03,0,1250000,0,1250000
2010/02/04,0,5000,0,5000
2010/02/05,0,335000,-255000,80000
2010/02/08,0,12000,-2000,10000
2010/02/09,0,7000,0,7000
2010/02/10,0,62000,0,62000
2010/02/11,0,0,0,0
2010/02/12,0,0,0,0
2010/02/15,0,0,0,0
2010/02/16,0,0,0,0
2010/02/17,0,0,0,0
2010/02/18,0,0,0,0
2010/02/19,0,0,0,0
2010/02/22,0,6000,0,6000
2010/02/23,0,12000,0,12000
2010/02/24,0,2000,0,2000
2010/02/25,0,19000,0,19000
2010/02/26,0,205000,-3000,202000
2010/03/01,0,64000,0,64000
2010/03/02,0,150000,0,150000
2010/03/03,0,0,-500000,-500000
2010/03/04,0,0,-554000,-554000
2010/03/05,0,31000,0,31000
2010/03/08,0,0,0,0
2010/03/09,0,202000,-90000,112000
2010/03/10,0,19000,-5000,14000
2010/03/11,0,1000,0,1000
2010/03/12,0,0,-1363000,-1363000
2010/03/15,0,300000,-3000,297000
2010/03/16,0,0,-2000,-2000
2010/03/17,0,105000,-71000,34000
2010/03/18,0,101000,-1554000,-1453000
2010/03/19,0,220000,-469000,-249000
2010/03/22,0,0,-4000,-4000
2010/03/23,0,3000,-88000,-85000
2010/03/24,0,0,-2000,-2000
2010/03/25,0,500000,-4000,496000
2010/03/26,0,0,-1000,-1000
2010/03/29,0,4000,0,4000
2010/03/30,0,2000,0,2000
2010/03/31,0,200000,-2000,198000
2010/04/01,0,0,-501000,-501000
2010/04/02,0,1000,-4000,-3000
2010/04/05,0,0,0,0
2010/04/06,0,0,-2000,-2000
2010/04/07,0,269000,-32000,237000
2010/04/08,0,398000,-5000,393000
2010/04/09,0,200000,-55000,145000
2010/04/12,0,0,-302000,-302000
2010/04/13,0,0,-3000,-3000
2010/04/14,0,2000,-1352000,-1350000
2010/04/15,0,0,-424000,-424000
2010/04/16,0,0,-304000,-304000
2010/04/19,0,0,-65,-65
2010/04/20,0,1000,-522000,-521000
2010/04/21,0,1000,0,1000
2010/04/22,0,0,-310000,-310000
2010/04/23,0,0,0,0
2010/04/26,0,0,-30000,-30000
2010/04/27,0,2000,-2000,0
2010/04/28,0,1000,-2000,-1000
2010/04/29,0,0,0,0
2010/04/30,0,0,-5000,-5000
2010/05/03,0,0,-1000,-1000
2010/05/04,0,0,0,0
2010/05/05,0,662000,-7000,655000
2010/05/06,0,0,-662000,-662000
2010/05/07,0,156000,-2469000,-2313000
2010/05/10,0,964000,0,964000
2010/05/11,0,4000,-201000,-197000
2010/05/12,0,1000,-200000,-199000
2010/05/13,0,2000,-2303000,-2301000
2010/05/14,0,11000,-240000,-229000
2010/05/17,0,1000,-1000,0
2010/05/18,0,3000,-300000,-297000
2010/05/19,0,223000,-115000,108000
2010/05/20,0,3000,-9000,-6000
2010/05/21,0,0,-200000,-200000
2010/05/24,0,131000,-3000,128000
2010/05/25,0,493000,0,493000
2010/05/26,0,786000,-1000,785000
2010/05/27,0,8000,-1000,7000
2010/05/28,0,300000,-2000,298000
2010/05/31,0,0,0,0
2010/06/01,0,442000,0,442000
2010/06/02,0,371000,0,371000
2010/06/03,0,0,-2000,-2000
2010/06/04,0,835000,0,835000
2010/06/07,0,30000,-60000,-30000
2010/06/08,0,5000,-91000,-86000
2010/06/09,0,201000,0,201000
2010/06/10,0,156000,-1000,155000
2010/06/11,0,0,-350000,-350000
2010/06/14,0,3000,-50000,-47000
2010/06/15,0,210000,-50000,160000
2010/06/16,0,0,0,0
2010/06/17,0,0,-51000,-51000
2010/06/18,0,0,-64000,-64000
2010/06/21,0,0,0,0
2010/06/22,0,0,-2000,-2000
2010/06/23,0,0,-1000,-1000
2010/06/24,0,6000,-1000,5000
2010/06/25,0,0,-44000,-44000
2010/06/28,0,44000,-259000,-215000
2010/06/29,0,1104000,0,1104000
2010/06/30,0,999000,0,999000
2010/07/01,0,2547000,0,2547000
2010/07/02,0,966000,0,966000
2010/07/05,0,276000,0,276000
2010/07/06,0,515000,-247000,268000
2010/07/07,0,225000,-635000,-410000
2010/07/08,0,0,0,0
2010/07/09,0,727000,-480000,247000
2010/07/12,0,1000,-150000,-149000
2010/07/13,0,0,-607000,-607000
2010/07/14,0,0,-538000,-538000
2010/07/15,0,16000,0,16000
2010/07/16,0,0,-1004000,-1004000
2010/07/19,0,20000,-379000,-359000
2010/07/20,0,697000,-525000,172000
2010/07/21,0,5000,-996000,-991000
2010/07/22,0,0,-128000,-128000
2010/07/23,0,0,0,0
2010/07/26,0,0,-112000,-112000
2010/07/27,0,17000,0,17000
2010/07/28,0,1000,-411000,-410000
2010/07/29,0,0,0,0
2010/07/30,0,0,-20000,-20000
2010/08/02,0,9000,-14000,-5000
2010/08/03,0,3000,-1000,2000
2010/08/04,0,1000,-82000,-81000
2010/08/05,0,0,-20000,-20000
2010/08/06,0,0,-6000,-6000
2010/08/09,0,11000,-1000,10000
2010/08/10,0,24000,-1625000,-1601000
2010/08/11,0,25000,-1458000,-1433000
2010/08/12,0,19000,-568000,-549000
2010/08/13,0,3000,-6000,-3000
2010/08/16,0,0,-2000,-2000
2010/08/17,0,2000,-5000,-3000
2010/08/18,0,4000,-2000,2000
2010/08/19,0,0,-13000,-13000
2010/08/20,0,0,-1000,-1000
2010/08/23,0,0,0,0
2010/08/24,0,0,-4000,-4000
2010/08/25,0,11000,-5000,6000
2010/08/26,0,631000,-2000,629000
2010/08/27,0,2000,0,2000
2010/08/30,0,6000,0,6000
2010/08/31,0,400000,0,400000
2010/09/01,0,33000,0,33000
2010/09/02,0,3000,0,3000
2010/09/03,0,2000,0,2000
2010/09/06,0,0,-1150958,-1150958
2010/09/07,0,5000,0,5000
2010/09/08,0,0,-300000,-300000
2010/09/09,0,0,0,0
2010/09/10,0,0,0,0
2010/09/13,0,0,0,0
2010/09/14,0,0,-3000,-3000
2010/09/15,0,0,-511000,-511000
2010/09/16,0,0,-227000,-227000
2010/09/17,0,0,-1056000,-1056000
2010/09/20,0,0,-273000,-273000
2010/09/21,0,0,-245000,-245000
2010/09/22,0,0,0,0
2010/09/23,0,0,-633000,-633000
2010/09/24,0,0,-158000,-158000
2010/09/27,0,0,-4000,-4000
2010/09/28,0,106000,0,106000
2010/09/29,0,80000,0,80000
2010/09/30,0,81000,-9000,72000
2010/10/01,0,0,0,0
2010/10/04,0,0,-1000,-1000
2010/10/05,0,0,0,0
2010/10/06,0,0,-2000,-2000
2010/10/07,0,0,0,0
2010/10/08,0,0,-2000,-2000
2010/10/11,0,0,0,0
2010/10/12,0,0,-2000,-2000
2010/10/13,0,41000,0,41000
2010/10/14,0,8000,-8000,0
2010/10/15,0,30000,0,30000
2010/10/18,0,26000,-2000,24000
2010/10/19,0,39000,-14000,25000
2010/10/20,0,0,0,0
2010/10/21,0,0,-239000,-239000
2010/10/22,0,0,-7000,-7000
2010/10/25,0,0,-404000,-404000
2010/10/26,0,3000,-474000,-471000
2010/10/27,0,7000,0,7000
2010/10/28,0,0,-590000,-590000
2010/10/29,0,0,-306000,-306000
2010/11/01,0,0,-160000,-160000
2010/11/02,0,0,0,0
2010/11/03,0,200000,0,200000
2010/11/04,0,0,0,0
2010/11/05,0,0,0,0
2010/11/08,0,0,-1000,-1000
2010/11/09,0,8000,-5000,3000
2010/11/10,0,0,-4000,-4000
2010/11/11,0,5000,-514000,-509000
2010/11/12,0,0,-2000,-2000
2010/11/15,0,0,-1000,-1000
2010/11/16,0,2000,-2000,0
2010/11/17,0,0,0,0
2010/11/18,0,0,0,0
2010/11/19,0,5000,-200000,-195000
2010/11/22,0,0,0,0
2010/11/23,0,0,0,0
2010/11/24,0,0,0,0
2010/11/25,0,0,-7000,-7000
2010/11/26,0,2000,-544000,-542000
2010/11/29,0,0,0,0
2010/11/30,0,0,-18000,-18000
2010/12/01,0,0,-7000,-7000
2010/12/02,0,0,-9000,-9000
2010/12/03,0,0,-5000,-5000
2010/12/06,0,0,-17000,-17000
2010/12/07,0,1000,-1000,0
2010/12/08,0,0,-405000,-405000
2010/12/09,0,2000,-3000,-1000
2010/12/10,0,0,-17000,-17000
2010/12/13,0,0,-578000,-578000
2010/12/14,0,0,-1336000,-1336000
2010/12/15,0,0,0,0
2010/12/16,0,0,-4000,-4000
2010/12/17,0,0,-61000,-61000
2010/12/20,0,0,-4000,-4000
2010/12/21,0,1000,0,1000
2010/12/22,0,3000,0,3000
2010/12/23,0,0,-240000,-240000
2010/12/24,0,0,0,0
2010/12/27,0,0,-2000,-2000
2010/12/28,0,0,0,0
2010/12/29,0,0,0,0
2010/12/30,0,0,0,0
2010/12/31,0,0,-2000,-2000
2011/01/03,0,0,0,0
2011/01/04,0,0,0,0
2011/01/05,0,10000,0,10000
2011/01/06,0,0,0,0
2011/01/07,0,0,0,0
2011/01/10,0,0,-4000,-4000
2011/01/11,0,0,0,0
2011/01/12,0,0,0,0
2011/01/13,0,0,-564000,-564000
2011/01/14,0,131000,0,131000
2011/01/17,0,464000,0,464000
2011/01/18,0,0,0,0
2011/01/19,0,2000,-888000,-886000
2011/01/20,0,0,-3000,-3000
2011/01/21,0,194000,-4000,190000
2011/01/24,0,243000,0,243000
2011/01/25,0,125000,0,125000
2011/01/26,0,0,0,0
2011/01/27,0,1000,-1000,0
2011/01/28,0,0,-5000,-5000
2011/01/31,0,0,0,0
2011/02/01,0,0,0,0
2011/02/02,0,0,0,0
2011/02/03,0,0,0,0
2011/02/04,0,0,0,0
2011/02/07,0,0,0,0
2011/02/08,0,0,0,0
2011/02/09,0,46000,0,46000
2011/02/10,0,0,-3000,-3000
2011/02/11,0,8000,0,8000
2011/02/14,0,3000,0,3000
2011/02/15,0,5000,0,5000
2011/02/16,0,3000,0,3000
2011/02/17,0,0,0,0
2011/02/18,0,0,0,0
2011/02/21,0,0,-3000,-3000
2011/02/22,0,0,0,0
2011/02/23,0,110000,0,110000
2011/02/24,0,53000,0,53000
2011/02/25,0,2000,-9000,-7000
2011/02/28,0,0,0,0
2011/03/01,0,0,-150000,-150000
2011/03/02,0,1000,0,1000
2011/03/03,0,303000,0,303000
2011/03/04,0,780000,0,780000
2011/03/07,0,850000,0,850000
2011/03/08,0,85000,0,85000
2011/03/09,0,20000,0,20000
2011/03/10,0,0,0,0
2011/03/11,0,115000,0,115000
2011/03/14,0,4000,0,4000
2011/03/15,0,1102000,0,1102000
2011/03/16,0,1000000,0,1000000
2011/03/17,0,641000,-15000,626000
2011/03/18,0,879000,-9000,870000
2011/03/21,0,393000,0,393000
2011/03/22,0,252000,0,252000
2011/03/23,0,0,0,0
2011/03/24,0,3000,0,3000
2011/03/25,0,0,0,0
2011/03/28,0,50000,0,50000
2011/03/29,0,650000,0,650000
2011/03/30,0,540000,-13000,527000
2011/03/31,0,432000,-73000,359000
2011/04/01,0,0,0,0
2011/04/04,0,0,0,0
2011/04/05,0,0,0,0
2011/04/06,0,0,-2000,-2000
2011/04/07,0,200000,0,200000
2011/04/08,0,0,0,0
2011/04/11,0,1000,-350000,-349000
2011/04/12,0,0,-7000,-7000
2011/04/13,0,0,0,0
2011/04/14,0,0,0,0
2011/04/15,0,0,-397000,-397000
2011/04/18,0,1000,-1000,0
2011/04/19,0,3000,0,3000
2011/04/20,0,0,0,0
2011/04/21,0,0,-519000,-519000
2011/04/22,0,0,-4630,-4630
2011/04/25,0,0,-2000,-2000
2011/04/26,0,0,-3000,-3000
2011/04/27,0,337000,-2000,335000
2011/04/28,0,0,0,0
2011/04/29,0,397000,0,397000
2011/05/02,0,0,0,0
2011/05/03,0,224000,0,224000
2011/05/04,0,121000,0,121000
2011/05/05,0,21000,0,21000
2011/05/06,0,22000,0,22000
2011/05/09,0,759000,0,759000
2011/05/10,0,169000,0,169000
2011/05/11,0,458000,-350000,108000
2011/05/12,0,1000,-1000,0
2011/05/13,0,204000,-242000,-38000
2011/05/16,0,100000,0,100000
2011/05/17,0,100000,-1000,99000
2011/05/18,0,0,0,0
2011/05/19,0,1000,-111000,-110000
2011/05/20,0,48000,0,48000
2011/05/23,0,1033000,-1000,1032000
2011/05/24,0,29000,0,29000
2011/05/25,0,0,0,0
2011/05/26,0,0,0,0
2011/05/27,0,0,0,0
2011/05/30,0,1000,0,1000
2011/05/31,0,0,-1000,-1000
2011/06/01,0,0,0,0
2011/06/02,0,0,0,0
2011/06/03,0,0,0,0
2011/06/06,0,0,0,0
2011/06/07,0,0,0,0
2011/06/08,0,302000,0,302000
2011/06/09,0,250000,0,250000
2011/06/10,0,200000,0,200000
2011/06/13,0,100000,0,100000
2011/06/14,0,104000,0,104000
2011/06/15,0,251000,0,251000
2011/06/16,0,154000,0,154000
2011/06/17,0,950000,-152000,798000
2011/06/20,0,8000,0,8000
2011/06/21,0,436000,0,436000
2011/06/22,0,6000,0,6000
2011/06/23,0,4000,-3000,1000
2011/06/24,0,4000,0,4000
2011/06/27,0,0,0,0
2011/06/28,0,30000,-28000,2000
2011/06/29,0,67000,-346000,-279000
2011/06/30,0,5000,-700000,-695000
2011/07/01,0,1000,-755000,-754000
2011/07/04,0,0,-617000,-617000
2011/07/05,0,0,-3000,-3000
2011/07/06,0,0,-12000,-12000
2011/07/07,0,0,0,0
2011/07/08,0,0,-3000,-3000
2011/07/11,0,0,0,0
2011/07/12,0,4000,0,4000
2011/07/13,0,1379000,-350000,1029000
2011/07/14,0,1000000,-271000,729000
2011/07/15,0,7000,-200000,-193000
2011/07/18,0,2000,0,2000
2011/07/19,0,5000,0,5000
2011/07/20,0,25000,-819000,-794000
2011/07/21,0,3000,0,3000
2011/07/22,0,61000,-751000,-690000
2011/07/25,0,0,-8000,-8000
2011/07/26,0,1000,0,1000
2011/07/27,0,0,-206000,-206000
2011/07/28,0,0,-7000,-7000
2011/07/29,0,0,0,0
2011/08/01,0,4000,0,4000
2011/08/02,0,171000,-5000,166000
2011/08/03,0,568000,-14000,554000
2011/08/04,0,578000,0,578000
2011/08/05,0,526000,0,526000
2011/08/08,0,17000,0,17000
2011/08/09,0,721000,0,721000
2011/08/10,0,422000,-4000,418000
2011/08/11,0,287000,0,287000
2011/08/12,0,1183000,-10000,1173000
2011/08/15,0,336000,0,336000
2011/08/16,0,462000,-2000,460000
2011/08/17,0,375000,-3000,372000
2011/08/18,0,831000,0,831000
2011/08/19,0,985000,0,985000
2011/08/22,0,334000,0,334000
2011/08/23,0,1390000,0,1390000
2011/08/24,0,1554000,-500000,1054000
2011/08/25,0,505000,0,505000
2011/08/26,0,1806000,0,1806000
2011/08/29,0,646000,-125000,521000
2011/08/30,0,1000,-19000,-18000
2011/08/31,0,0,-1905000,-1905000
2011/09/01,0,150000,-2000,148000
2011/09/02,0,29000,-7000,22000
2011/09/05,0,0,-5000,-5000
2011/09/06,0,125000,0,125000
2011/09/07,0,312000,0,312000
2011/09/08,0,341000,0,341000
2011/09/09,0,340000,0,340000
2011/09/12,0,0,0,0
2011/09/13,0,1537000,-3665,1533335
2011/09/14,0,1183000,-8000,1175000
2011/09/15,0,930000,-569000,361000
2011/09/16,0,1347000,-680000,667000
2011/09/19,0,4000,-1000,3000
2011/09/20,0,2177000,0,2177000
2011/09/21,0,2350590,0,2350590
2011/09/22,0,1840000,-4000,1836000
2011/09/23,0,2833000,0,2833000
2011/09/26,0,668000,-100000,568000
2011/09/27,0,2553000,0,2553000
2011/09/28,0,922000,-3000,919000
2011/09/29,0,418000,0,418000
2011/09/30,0,31000,-24000,7000
2011/10/03,0,1660000,-2000,1658000
2011/10/04,0,2010000,0,2010000
2011/10/05,0,307000,0,307000
2011/10/06,0,1048000,-790000,258000
2011/10/07,0,165000,-141000,24000
2011/10/10,0,0,0,0
2011/10/11,0,0,-455000,-455000
2011/10/12,0,0,-1318000,-1318000
2011/10/13,0,3000,-418000,-415000
2011/10/14,0,8000,-1158000,-1150000
2011/10/17,0,0,-253471,-253471
2011/10/18,0,108839,-150000,-41161
2011/10/19,0,100000,-200000,-100000
2011/10/20,0,337000,0,337000
2011/10/21,0,1673000,-900000,773000
2011/10/24,0,494000,-211000,283000
2011/10/25,0,169000,-40000,129000
2011/10/26,0,190000,-91000,99000
2011/10/27,0,746000,-2160000,-1414000
2011/10/28,0,7000,-1087000,-1080000
2011/10/31,0,0,-506000,-506000
2011/11/01,0,224000,-309000,-85000
2011/11/02,0,6000,-560000,-554000
2011/11/03,0,672000,-760000,-88000
2011/11/04,0,632000,-618000,14000
2011/11/07,0,370000,-20000,350000
2011/11/08,0,67000,-380000,-313000
2011/11/09,0,45000,-370000,-325000
2011/11/10,0,909000,-935000,-26000
2011/11/11,0,325000,-480000,-155000
2011/11/14,0,390000,-9373,380627
2011/11/15,0,0,-1000,-1000
2011/11/16,0,891000,0,891000
2011/11/17,0,723000,-211000,512000
2011/11/18,0,1200000,0,1200000
2011/11/21,0,799000,-200000,599000
2011/11/22,0,2520000,-7000,2513000
2011/11/23,0,848000,-500000,348000
2011/11/24,0,1467000,0,1467000
2011/11/25,0,2012000,-220000,1792000
2011/11/28,0,1529000,0,1529000
2011/11/29,0,1260000,-115000,1145000
2011/11/30,0,752000,-211000,541000
2011/12/01,0,200000,-41000,159000
2011/12/02,0,122000,-200000,-78000
2011/12/05,0,503000,-14000,489000
2011/12/06,0,78000,0,78000
2011/12/07,0,841000,-200000,641000
2011/12/08,0,699000,-100000,599000
2011/12/09,0,1975000,-48171,1926829
2011/12/12,0,20000,0,20000
2011/12/13,0,551000,-100000,451000
2011/12/14,0,342000,-262000,80000
2011/12/15,0,605000,-175000,430000
2011/12/16,0,92000,-7000,85000
2011/12/19,0,940000,-1432000,-492000
2011/12/20,0,764000,-2170000,-1406000
2011/12/21,0,769000,-1767000,-998000
2011/12/22,0,356000,-610000,-254000
2011/12/23,0,290000,-776000,-486000
2011/12/26,0,160000,-992000,-832000
2011/12/27,0,70000,-1402000,-1332000
2011/12/28,0,100000,-505000,-405000
2011/12/29,0,270000,-2067000,-1797000
2011/12/30,0,30000,-483000,-453000
2012/01/02,0,45000,-920000,-875000
2012/01/03,0,30000,-1040000,-1010000
2012/01/04,0,58000,-2642000,-2584000
2012/01/05,0,3489,-1874000,-1870511
2012/01/06,0,0,-1942000,-1942000
2012/01/09,0,0,-1388000,-1388000
2012/01/10,0,255000,-2886000,-2631000
2012/01/11,0,300000,-3344000,-3044000
2012/01/12,0,53000,-2890000,-2837000
2012/01/13,0,135000,-2097000,-1962000
2012/01/16,0,540000,-2138000,-1598000
2012/01/17,0,770000,-267000,503000
2012/01/18,0,0,-3839000,-3839000
2012/01/19,0,0,0,0
2012/01/20,0,0,0,0
2012/01/23,0,0,0,0
2012/01/24,0,0,0,0
2012/01/25,0,0,0,0
2012/01/26,0,0,0,0
2012/01/27,0,0,0,0
2012/01/30,0,0,-2933000,-2933000
2012/01/31,0,386000,-4174000,-3788000
2012/02/01,0,0,-341000,-341000
2012/02/02,0,0,-267000,-267000
2012/02/03,0,0,-258000,-258000
2012/02/06,0,0,-15000,-15000
2012/02/07,0,500000,0,500000
2012/02/08,0,0,-46000,-46000
2012/02/09,0,0,-3074838,-3074838
2012/02/10,0,0,-978000,-978000
2012/02/13,0,0,-37000,-37000
2012/02/14,0,0,-1319000,-1319000
2012/02/15,0,0,-1120000,-1120000
2012/02/16,0,1489000,-51000,1438000
2012/02/17,0,669000,0,669000
2012/02/20,0,0,-99000,-99000
2012/02/21,0,0,0,0
2012/02/22,0,338000,-75000,263000
2012/02/23,0,264000,-4000,260000
2012/02/24,0,668000,-91000,577000
2012/02/27,0,0,0,0
2012/02/28,0,0,0,0
2012/02/29,0,855000,-4000,851000
2012/03/01,0,415000,-446000,-31000
2012/03/02,0,0,-7000,-7000
2012/03/05,0,445000,-4000,441000
2012/03/06,0,0,-1000,-1000
2012/03/07,0,623000,-2000,621000
2012/03/08,0,831103,-39000,792103
2012/03/09,0,840000,-1000,839000
2012/03/12,0,79000,-3000,76000
2012/03/13,0,146000,-10000,136000
2012/03/14,0,1210000,0,1210000
2012/03/15,0,143000,-14000,129000
2012/03/16,0,1939000,-190000,1749000
2012/03/19,0,2524000,0,2524000
2012/03/20,0,620000,-22000,598000
2012/03/21,0,0,-302000,-302000
2012/03/22,0,43000,-399000,-356000
2012/03/23,0,0,-444000,-444000
2012/03/26,0,0,-323000,-323000
2012/03/27,0,150000,-175000,-25000
2012/03/28,0,150000,-235000,-85000
2012/03/29,0,258000,-177000,81000
2012/03/30,0,865000,-581000,284000
2012/04/02,0,0,-1000,-1000
2012/04/03,0,400000,0,400000
2012/04/04,0,0,0,0
2012/04/05,0,353771,-2000,351771
2012/04/06,0,4000,-1159000,-1155000
2012/04/09,0,0,-592000,-592000
2012/04/10,0,106000,-580000,-474000
2012/04/11,0,51000,-250000,-199000
2012/04/12,0,0,-259000,-259000
2012/04/13,0,4000,0,4000
2012/04/16,0,7000,-2115000,-2108000
2012/04/17,0,91000,-1938000,-1847000
2012/04/18,0,303000,-29000,274000
2012/04/19,0,417000,-107000,310000
2012/04/20,0,383000,0,383000
2012/04/23,0,398000,-85000,313000
2012/04/24,0,1047000,0,1047000
2012/04/25,0,0,0,0
2012/04/26,0,144000,0,144000
2012/04/27,0,371000,0,371000
2012/04/30,0,744000,0,744000
2012/05/01,0,0,0,0
2012/05/02,0,32000,-150000,-118000
2012/05/03,0,0,-5638,-5638
2012/05/04,0,4000,-7000,-3000
2012/05/07,0,100000,0,100000
2012/05/08,0,0,-984000,-984000
2012/05/09,0,0,-541000,-541000
2012/05/10,0,0,-340000,-340000
2012/05/11,0,1004000,-339000,665000
2012/05/14,0,1090000,-659000,431000
2012/05/15,0,2161000,-30000,2131000
2012/05/16,0,1099000,0,1099000
2012/05/17,0,195000,-72000,123000
2012/05/18,0,157000,0,157000
2012/05/21,0,757000,-100000,657000
2012/05/22,0,0,-650000,-650000
2012/05/23,0,9000,-484000,-475000
2012/05/24,0,436000,0,436000
2012/05/25,0,372000,-3000,369000
2012/05/28,0,280000,0,280000
2012/05/29,0,214000,-425000,-211000
2012/05/30,0,0,-1400527,-1400527
2012/05/31,0,314000,-875000,-561000
2012/06/01,0,35000,-681000,-646000
2012/06/04,0,247000,0,247000
2012/06/05,0,711000,-2000,709000
2012/06/06,0,615000,-277000,338000
2012/06/07,0,320000,-1215000,-895000
2012/06/08,0,82000,-62000,20000
2012/06/11,0,96000,-722000,-626000
2012/06/12,0,92000,0,92000
2012/06/13,0,49000,-2000,47000
2012/06/14,0,38000,-404000,-366000
2012/06/15,0,403000,-225000,178000
2012/06/18,0,30000,-1072000,-1042000
2012/06/19,0,10000,-100000,-90000
2012/06/20,0,150000,-547000,-397000
2012/06/21,0,760000,-89000,671000
2012/06/22,0,331000,0,331000
2012/06/25,0,500000,-15000,485000
2012/06/26,0,1778149,-12000,1766149
2012/06/27,0,165000,0,165000
2012/06/28,0,300000,-12000,288000
2012/06/29,0,241000,0,241000
2012/07/02,0,91000,-333000,-242000
2012/07/03,0,159000,-268000,-109000
2012/07/04,0,0,0,0
2012/07/05,0,127000,-2000,125000
2012/07/06,0,100000,-7000,93000
2012/07/09,0,163000,0,163000
2012/07/10,0,449000,0,449000
2012/07/11,0,293000,-197000,96000
2012/07/12,0,1088000,0,1088000
2012/07/13,0,2626000,0,2626000
2012/07/16,0,300000,-44000,256000
2012/07/17,0,40000,-43000,-3000
2012/07/18,0,28000,-538000,-510000
2012/07/19,0,0,-70000,-70000
2012/07/20,0,0,0,0
2012/07/23,0,0,-13000,-13000
2012/07/24,0,1000,0,1000
2012/07/25,0,200000,0,200000
2012/07/26,0,39000,0,39000
2012/07/27,0,0,0,0
2012/07/30,0,502000,-58000,444000
2012/07/31,0,136000,0,136000
2012/08/01,0,14000,-218000,-204000
2012/08/02,0,0,0,0
2012/08/03,0,0,-215000,-215000
2012/08/06,0,24000,0,24000
2012/08/07,0,1000,-162000,-161000
2012/08/08,0,21000,-248000,-227000
2012/08/09,0,72000,-585000,-513000
2012/08/10,0,1500,-131000,-129500
2012/08/13,0,200000,-1265000,-1065000
2012/08/14,0,280000,-3000,277000
2012/08/15,0,108000,-206000,-98000
2012/08/16,0,100000,-32000,68000
2012/08/17,0,0,-109162,-109162
2012/08/20,0,121000,-11000,110000
2012/08/21,0,30000,-3000,27000
2012/08/22,0,143000,-3000,140000
2012/08/23,0,1500,-16000,-14500
2012/08/24,0,482000,0,482000
2012/08/27,0,46000,-133000,-87000
2012/08/28,0,348000,-1000,347000
2012/08/29,0,1100000,-80000,1020000
2012/08/30,0,0,-1000,-1000
2012/08/31,0,106000,-9000,97000
2012/09/03,0,0,-24000,-24000
2012/09/04,0,0,-130000,-130000
2012/09/05,0,1000,-507000,-506000
2012/09/06,0,19000,-329000,-310000
2012/09/07,0,1000,-226000,-225000
2012/09/10,0,250000,-272000,-22000
2012/09/11,0,398000,0,398000
2012/09/12,0,1791000,-256000,1535000
2012/09/13,0,1500,-165000,-163500
2012/09/14,0,0,-1765000,-1765000
2012/09/17,0,1000,-914000,-913000
2012/09/18,0,0,-2504000,-2504000
2012/09/19,0,0,-107000,-107000
2012/09/20,0,0,-209000,-209000
2012/09/21,0,0,-188000,-188000
2012/09/24,0,1000,-197000,-196000
2012/09/25,0,0,0,0
2012/09/26,0,0,-11000,-11000
2012/09/27,0,1000,-200000,-199000
2012/09/28,0,2000,0,2000
2012/10/01,0,77000,-74000,3000
2012/10/02,0,130000,0,130000
2012/10/03,0,360000,0,360000
2012/10/04,0,848000,0,848000
2012/10/05,0,0,-1072000,-1072000
2012/10/08,0,166000,-200000,-34000
2012/10/09,0,3999000,0,3999000
2012/10/10,0,0,0,0
2012/10/11,0,1683000,-417000,1266000
2012/10/12,0,521000,-6000,515000
2012/10/15,0,421000,0,421000
2012/10/16,0,0,-110000,-110000
2012/10/17,0,102000,-180000,-78000
2012/10/18,0,156000,-29000,127000
2012/10/19,0,113000,-2168000,-2055000
2012/10/22,0,40000,0,40000
2012/10/23,0,6000,-11000,-5000
2012/10/24,0,162000,-500000,-338000
2012/10/25,0,192000,-14000,178000
2012/10/26,0,424000,0,424000
2012/10/29,0,1463000,-25947,1437053
2012/10/30,0,200000,0,200000
2012/10/31,0,300000,-306000,-6000
2012/11/01,0,30000,0,30000
2012/11/02,0,403000,-147000,256000
2012/11/05,0,0,-100000,-100000
2012/11/06,0,0,0,0
2012/11/07,0,600000,0,600000
2012/11/08,0,0,-450000,-450000
2012/11/09,0,50000,-932000,-882000
2012/11/12,0,0,-270000,-270000
2012/11/13,0,273000,0,273000
2012/11/14,0,1646000,0,1646000
2012/11/15,0,1000000,-6000,994000
2012/11/16,0,1024000,-510000,514000
2012/11/19,0,106000,-100000,6000
2012/11/20,0,600000,-95000,505000
2012/11/21,0,85000,0,85000
2012/11/22,0,3000,-114000,-111000
2012/11/23,0,5000,-1012000,-1007000
2012/11/26,0,0,-1239000,-1239000
2012/11/27,0,0,-1119000,-1119000
2012/11/28,0,227000,-345000,-118000
2012/11/29,0,0,0,0
2012/11/30,0,0,-2134000,-2134000
2012/12/03,0,1000000,-98000,902000
2012/12/04,0,0,-94000,-94000
2012/12/05,0,70000,-114000,-44000
2012/12/06,0,0,0,0
2012/12/07,0,0,-64000,-64000
2012/12/10,0,165000,-337000,-172000
2012/12/11,0,70000,0,70000
2012/12/12,0,0,0,0
2012/12/13,0,0,-3000,-3000
2012/12/14,0,318000,-147000,171000
2012/12/17,0,0,-425000,-425000
2012/12/18,0,0,-245000,-245000
2012/12/19,0,0,-461000,-461000
2012/12/20,0,15000,-95200,-80200
2012/12/21,0,0,-70500,-70500
2012/12/24,0,0,0,0
2012/12/25,0,0,0,0
2012/12/26,0,0,0,0
2012/12/27,0,146000,-116000,30000
2012/12/28,0,147000,-563000,-416000
2012/12/31,0,0,0,0
2013/01/01,0,0,0,0
2013/01/02,0,143000,-776000,-633000
2013/01/03,0,0,-1043000,-1043000
2013/01/04,0,35000,-1309000,-1274000
2013/01/07,0,60000,-47000,13000
2013/01/08,0,25000,-2000,23000
2013/01/09,0,563000,-188000,375000
2013/01/10,0,0,-3080000,-3080000
2013/01/11,0,129000,-6000,123000
2013/01/14,0,0,0,0
2013/01/15,0,0,-4000,-4000
2013/01/16,0,2097000,-19000,2078000
2013/01/17,0,1000341,-42000,958341
2013/01/18,0,1080000,0,1080000
2013/01/21,0,0,-34000,-34000
2013/01/22,0,9000,-85000,-76000
2013/01/23,0,0,-102000,-102000
2013/01/24,0,1000,-11000,-10000
2013/01/25,0,0,-329000,-329000
2013/01/28,0,0,-300000,-300000
2013/01/29,0,0,-520000,-520000
2013/01/30,0,9000,-600000,-591000
2013/01/31,0,22000,-484000,-462000
2013/02/01,0,0,-350000,-350000
2013/02/04,0,6000,-38000,-32000
2013/02/05,0,0,-1261000,-1261000
2013/02/06,0,2000,-2258000,-2256000
2013/02/07,0,0,0,0
2013/02/08,0,0,0,0
2013/02/11,0,0,0,0
2013/02/12,0,0,0,0
2013/02/13,0,0,0,0
2013/02/14,0,0,0,0
2013/02/15,0,0,0,0
2013/02/18,0,0,-1263000,-1263000
2013/02/19,0,0,-1805000,-1805000
2013/02/20,0,0,-1167000,-1167000
2013/02/21,0,131000,-1705000,-1574000
2013/02/22,0,267000,-2182000,-1915000
2013/02/25,0,125000,-74000,51000
2013/02/26,0,0,-2000,-2000
2013/02/27,0,0,-1592000,-1592000
2013/02/28,0,0,0,0
2013/03/01,0,40000,-500000,-460000
2013/03/04,0,0,-86000,-86000
2013/03/05,0,0,-1696000,-1696000
2013/03/06,0,0,-500000,-500000
2013/03/07,0,0,-48000,-48000
2013/03/08,0,0,-638000,-638000
2013/03/11,0,150000,-1133000,-983000
2013/03/12,0,9000,-331000,-322000
2013/03/13,0,8000,-41000,-33000
2013/03/14,0,0,-87000,-87000
2013/03/15,0,1633000,-618000,1015000
2013/03/18,0,28000,-6000,22000
2013/03/19,0,0,0,0
2013/03/20,0,10000,-121000,-111000
2013/03/21,0,0,0,0
2013/03/22,0,0,-4000,-4000
2013/03/25,0,15000,0,15000
2013/03/26,0,0,-116000,-116000
2013/03/27,0,0,-31000,-31000
2013/03/28,0,0,0,0
2013/03/29,0,2000,0,2000
2013/04/01,0,0,-87000,-87000
2013/04/02,0,0,-3000,-3000
2013/04/03,0,0,-86000,-86000
2013/04/04,0,0,0,0
2013/04/05,0,0,0,0
2013/04/08,0,0,-1000,-1000
2013/04/09,0,0,-4000,-4000
2013/04/10,0,0,-28000,-28000
2013/04/11,0,650000,0,650000
2013/04/12,0,0,-2000,-2000
2013/04/15,0,0,-3000,-3000
2013/04/16,0,0,0,0
2013/04/17,0,8000,0,8000
2013/04/18,0,2000,0,2000
2013/04/19,0,5153,0,5153
2013/04/22,0,0,-106000,-106000
2013/04/23,0,0,-9000,-9000
2013/04/24,0,0,-1000,-1000
2013/04/25,0,0,-50000,-50000
2013/04/26,0,0,-5000,-5000
2013/04/29,0,2000,-6000,-4000
2013/04/30,0,0,-114000,-114000
2013/05/01,0,0,0,0
2013/05/02,0,0,-206000,-206000
2013/05/03,0,7000,-11000,-4000
2013/05/06,0,0,-5000,-5000
2013/05/07,0,0,0,0
2013/05/08,0,0,-19000,-19000
2013/05/09,0,0,-3000,-3000
2013/05/10,0,0,-43000,-43000
2013/05/13,0,7000,-7000,0
2013/05/14,0,0,0,0
2013/05/15,0,0,0,0
2013/05/16,0,5000,0,5000
2013/05/17,0,0,-71000,-71000
2013/05/20,0,0,-3000,-3000
2013/05/21,0,23000,0,23000
2013/05/22,0,0,-134000,-134000
2013/05/23,0,0,-2000,-2000
2013/05/24,0,0,-8000,-8000
2013/05/27,0,5000,-2000,3000
2013/05/28,0,0,0,0
2013/05/29,0,3000,0,3000
2013/05/30,0,1000,0,1000
2013/05/31,0,1000,-60000,-59000
2013/06/03,0,0,-65000,-65000
2013/06/04,0,6000,0,6000
2013/06/05,0,0,0,0
2013/06/06,0,0,0,0
2013/06/07,0,0,0,0
2013/06/10,0,0,0,0
2013/06/11,0,751000,0,751000
2013/06/12,0,0,0,0
2013/06/13,0,13000,-1000,12000
2013/06/14,0,130000,0,130000
2013/06/17,0,254000,0,254000
2013/06/18,0,299000,-2000,297000
2013/06/19,0,139000,0,139000
2013/06/20,0,95000,0,95000
2013/06/21,0,100000,-26000,74000
2013/06/24,0,7000,-108000,-101000
2013/06/25,0,13000,0,13000
2013/06/26,0,0,-4000,-4000
2013/06/27,0,2000,0,2000
2013/06/28,0,1000,0,1000
2013/07/01,0,361000,-3000,358000
2013/07/02,0,469000,0,469000
2013/07/03,0,0,0,0
2013/07/04,0,248000,-5000,243000
2013/07/05,0,300000,-8000,292000
2013/07/08,0,25000,0,25000
2013/07/09,0,300000,0,300000
2013/07/10,0,150000,0,150000
2013/07/11,0,150017,0,150017
2013/07/12,0,322000,-5000,317000
2013/07/15,0,0,-89000,-89000
2013/07/16,0,0,0,0
2013/07/17,0,0,0,0
2013/07/18,0,0,-4000,-4000
2013/07/19,0,112000,-16000,96000
2013/07/22,0,60000,0,60000
2013/07/23,0,1000,-179000,-178000
2013/07/24,0,9000,0,9000
2013/07/25,0,1000,0,1000
2013/07/26,0,0,0,0
2013/07/29,0,0,0,0
2013/07/30,0,3000,0,3000
2013/07/31,0,6000,0,6000
2013/08/01,0,0,0,0
2013/08/02,0,0,0,0
2013/08/05,0,0,-6000,-6000
2013/08/06,0,0,0,0
2013/08/07,0,0,-56000,-56000
2013/08/08,0,0,0,0
2013/08/09,0,0,-125000,-125000
2013/08/12,0,0,0,0
2013/08/13,0,0,0,0
2013/08/14,0,3000,0,3000
2013/08/15,0,0,-2000,-2000
2013/08/16,0,3000,-1000,2000
2013/08/19,0,3000,0,3000
2013/08/20,0,6000,0,6000
2013/08/21,0,0,0,0
2013/08/22,0,3000,0,3000
2013/08/23,0,5000,0,5000
2013/08/26,0,45000,0,45000
2013/08/27,0,0,0,0
2013/08/28,0,4000,0,4000
2013/08/29,0,0,0,0
2013/08/30,0,35000,-3000,32000
2013/09/02,0,0,0,0
2013/09/03,0,0,-1955,-1955
2013/09/04,0,0,0,0
2013/09/05,0,0,-2000,-2000
2013/09/06,0,2000,0,2000
2013/09/09,0,0,-1000,-1000
2013/09/10,0,77000,0,77000
2013/09/11,0,9000,0,9000
2013/09/12,0,450000,-10000,440000
2013/09/13,0,50000,-21000,29000
2013/09/16,0,2000,0,2000
2013/09/17,0,300000,0,300000
2013/09/18,0,3000,-561000,-558000
2013/09/19,0,0,0,0
2013/09/20,0,0,0,0
2013/09/23,0,0,-695000,-695000
2013/09/24,0,0,-1000,-1000
2013/09/25,0,0,0,0
2013/09/26,0,1000,-1000,0
2013/09/27,0,0,-17000,-17000
2013/09/30,0,2000,-1000,1000
2013/10/01,0,0,-222000,-222000
2013/10/02,0,0,-37000,-37000
2013/10/03,0,58000,-5000,53000
2013/10/04,0,0,0,0
2013/10/07,0,1000,0,1000
2013/10/08,0,0,0,0
2013/10/09,0,0,-424000,-424000
2013/10/10,0,0,0,0
2013/10/11,0,0,-341000,-341000
2013/10/14,0,0,0,0
2013/10/15,0,0,0,0
2013/10/16,0,0,-270000,-270000
2013/10/17,0,0,-100000,-100000
2013/10/18,0,0,-1339000,-1339000
2013/10/21,0,0,-824000,-824000
2013/10/22,0,0,-179000,-179000
2013/10/23,0,0,0,0
2013/10/24,0,0,0,0
2013/10/25,0,0,0,0
2013/10/28,0,0,-13000,-13000
2013/10/29,0,0,-1000,-1000
2013/10/30,0,220000,0,220000
2013/10/31,0,8000,0,8000
2013/11/01,0,2000,0,2000
2013/11/04,0,0,0,0
2013/11/05,0,0,0,0
2013/11/06,0,0,0,0
2013/11/07,0,0,0,0
2013/11/08,0,0,0,0
2013/11/11,0,0,0,0
2013/11/12,0,145000,0,145000
2013/11/13,0,48000,0,48000
2013/11/14,0,0,0,0
2013/11/15,0,0,0,0
2013/11/18,0,0,-41000,-41000
2013/11/19,0,0,0,0
2013/11/20,0,500000,0,500000
2013/11/21,0,0,-3000,-3000
2013/11/22,0,0,-40000,-40000
2013/11/25,0,0,-562553,-562553
2013/11/26,0,0,0,0
2013/11/27,0,0,0,0
2013/11/28,0,316000,0,316000
2013/11/29,0,0,0,0
2013/12/02,0,0,0,0
2013/12/03,0,0,0,0
2013/12/04,0,0,-29000,-29000
2013/12/05,0,0,0,0
2013/12/06,0,0,0,0
2013/12/09,0,479000,0,479000
2013/12/10,0,0,-8000,-8000
2013/12/11,0,0,0,0
2013/12/12,0,0,0,0
2013/12/13,0,0,0,0
2013/12/16,0,307000,0,307000
2013/12/17,0,0,-2000,-2000
2013/12/18,0,0,0,0
2013/12/19,0,0,0,0
2013/12/20,0,78000,0,78000
2013/12/23,0,0,0,0
2013/12/24,0,0,-54000,-54000
2013/12/25,0,0,-8000,-8000
2013/12/26,0,0,-2000,-2000
2013/12/27,0,10000,0,10000
2013/12/30,0,0,-5000,-5000
2013/12/31,0,0,-5000,-5000
2014/01/02,0,0,-9000,-9000
2014/01/03,0,0,-2000,-2000
2014/01/06,0,0,-1000,-1000
2014/01/07,0,0,-154000,-154000
2014/01/08,0,1000,-100000,-99000
2014/01/09,0,0,0,0
2014/01/10,0,7000,0,7000
2014/01/13,0,0,0,0
2014/01/14,0,1000,-221000,-220000
2014/01/15,0,0,-53000,-53000
2014/01/16,0,23000,0,23000
2014/01/17,0,0,-2000,-2000
2014/01/20,0,0,0,0
2014/01/21,0,0,-223000,-223000
2014/01/22,0,0,-3000,-3000
2014/01/23,0,0,-755000,-755000
2014/01/24,0,0,0,0
2014/01/27,0,0,-2000,-2000
2014/02/05,0,0,-396000,-396000
2014/02/06,0,0,-300000,-300000
2014/02/07,0,0,0,0
2014/02/10,0,0,0,0
2014/02/11,0,0,-1000,-1000
2014/02/12,0,0,-100000,-100000
2014/02/13,0,1752,-15000,-13248
2014/02/14,0,0,0,0
2014/02/17,0,0,0,0
2014/02/18,0,0,0,0
2014/02/19,0,23000,-66000,-43000
2014/02/20,0,11000,0,11000
2014/02/21,0,0,0,0
2014/02/24,0,0,-2000,-2000
2014/02/25,0,0,0,0
2014/02/26,0,0,-124000,-124000
2014/02/27,0,0,0,0
2014/03/03,0,0,0,0
2014/03/04,0,0,0,0
2014/03/05,0,0,0,0
2014/03/06,0,0,-3000,-3000
2014/03/07,0,0,-2000,-2000
2014/03/10,0,1000,-3000,-2000
2014/03/11,0,0,-3000,-3000
2014/03/12,0,0,-2000,-2000
2014/03/13,0,0,-451000,-451000
2014/03/14,0,3000,-2000,1000
2014/03/17,0,0,-1000,-1000
2014/03/18,0,0,0,0
2014/03/19,0,30000,0,30000
2014/03/20,0,30000,0,30000
2014/03/21,0,814000,0,814000
2014/03/24,0,0,0,0
2014/03/25,0,0,0,0
2014/03/26,0,0,-82000,-82000
2014/03/27,0,0,0,0
2014/03/28,0,0,-2000,-2000
2014/03/31,0,0,0,0
2014/04/01,0,0,-17000,-17000
2014/04/02,0,0,0,0
2014/04/03,0,0,-55000,-55000
2014/04/07,0,0,-12000,-12000
2014/04/08,0,0,0,0
2014/04/09,0,0,0,0
2014/04/10,0,563,0,563
2014/04/11,0,0,0,0
2014/04/14,0,0,0,0
2014/04/15,0,0,0,0
2014/04/16,0,0,-1000,-1000
2014/04/17,0,0,-1000,-1000
2014/04/18,0,0,-1000,-1000
2014/04/21,0,1000,-1000,0
2014/04/22,0,0,-2000,-2000
2014/04/23,0,0,0,0
2014/04/24,0,0,0,0
2014/04/25,0,0,0,0
2014/04/28,0,0,0,0
2014/04/29,0,0,-25000,-25000
2014/04/30,0,2000,0,2000
2014/05/02,0,0,-56000,-56000
2014/05/05,0,0,0,0
2014/05/06,0,0,-12000,-12000
2014/05/07,0,0,-1000,-1000
2014/05/08,0,1000,0,1000
2014/05/09,0,0,0,0
2014/05/12,0,0,0,0
2014/05/13,0,4000,0,4000
2014/05/14,0,0,0,0
2014/05/15,0,0,0,0
2014/05/16,0,0,0,0
2014/05/19,0,0,-2000,-2000
2014/05/20,0,0,0,0
2014/05/21,0,0,0,0
2014/05/22,0,411000,0,411000
2014/05/23,0,0,0,0
2014/05/26,0,7000,-1000,6000
2014/05/27,0,4000,-7000,-3000
2014/05/28,0,0,0,0
2014/05/29,0,0,-24000,-24000
2014/05/30,0,0,-2000,-2000
2014/06/03,0,0,0,0
2014/06/04,0,0,0,0
2014/06/05,0,0,0,0
2014/06/06,0,6000,0,6000
2014/06/09,0,0,0,0
2014/06/10,0,0,-5000,-5000
2014/06/11,0,0,-7000,-7000
2014/06/12,0,4000,-5000,-1000
2014/06/13,0,0,-7000,-7000
2014/06/16,0,0,-14000,-14000
2014/06/17,0,0,0,0
2014/06/18,0,0,0,0
2014/06/19,0,0,0,0
2014/06/20,0,18000,-99000,-81000
2014/06/23,0,0,0,0
2014/06/24,0,0,-2500,-2500
2014/06/25,0,0,-2000,-2000
2014/06/26,0,0,0,0
2014/06/27,0,0,0,0
2014/06/30,0,0,-16000,-16000
2014/07/01,0,0,0,0
2014/07/02,0,1367,-452000,-450633
2014/07/03,0,0,0,0
2014/07/04,0,0,0,0
2014/07/07,0,0,0,0
2014/07/08,0,0,-3000,-3000
2014/07/09,0,0,0,0
2014/07/10,0,0,0,0
2014/07/11,0,0,0,0
2014/07/14,0,0,0,0
2014/07/15,0,0,-14000,-14000
2014/07/16,0,0,0,0
2014/07/17,0,10000,0,10000
2014/07/18,0,0,0,0
2014/07/21,0,0,0,0
2014/07/22,0,9000,0,9000
2014/07/23,0,0,0,0
2014/07/24,0,3000,0,3000
2014/07/25,0,3000,0,3000
2014/07/28,0,0,0,0
2014/07/29,0,2000,0,2000
2014/07/30,0,9000,0,9000
2014/07/31,0,24000,0,24000
2014/08/01,0,13000,0,13000
2014/08/04,0,0,-1000,-1000
2014/08/05,0,0,0,0
2014/08/06,0,4000,0,4000
2014/08/07,0,31000,0,31000
2014/08/08,0,250000,0,250000
2014/08/11,0,7000,0,7000
2014/08/12,0,74000,0,74000
2014/08/13,0,7000,0,7000
2014/08/14,0,7000,0,7000
2014/08/15,0,4000,0,4000
2014/08/18,0,0,0,0
2014/08/19,0,243000,0,243000
2014/08/20,0,3000,0,3000
2014/08/21,0,13000,0,13000
2014/08/22,0,0,0,0
2014/08/25,0,2000,0,2000
2014/08/26,0,1000,0,1000
2014/08/27,0,1000,0,1000
2014/08/28,0,24000,0,24000
2014/08/29,0,0,-1000,-1000
2014/09/01,0,82000,0,82000
2014/09/02,0,0,0,0
2014/09/03,0,7000,0,7000
2014/09/04,0,146000,0,146000
2014/09/05,0,9000,0,9000
2014/09/09,0,0,-78000,-78000
2014/09/10,0,0,0,0
2014/09/11,0,12000,0,12000
2014/09/12,0,11000,0,11000
2014/09/15,0,2000,0,2000
2014/09/16,0,2000,0,2000
2014/09/17,0,5000,0,5000
2014/09/18,0,0,0,0
2014/09/19,0,1000,-187000,-186000
2014/09/22,0,12875,-18000,-5125
2014/09/23,0,0,-1000,-1000
2014/09/24,0,0,0,0
2014/09/25,0,0,0,0
2014/09/26,0,0,0,0
2014/09/29,0,0,0,0
2014/09/30,0,13000,-6000,7000
2014/10/01,0,0,0,0
2014/10/02,0,0,-3000,-3000
2014/10/03,0,0,0,0
2014/10/06,0,4000,0,4000
2014/10/07,0,1000,0,1000
2014/10/08,0,1000,0,1000
2014/10/09,0,0,-1000,-1000
2014/10/13,0,0,0,0
2014/10/14,0,150500,0,150500
2014/10/15,0,438000,0,438000
2014/10/16,0,750000,0,750000
2014/10/17,0,0,0,0
2014/10/20,0,30000,0,30000
2014/10/21,0,7000,0,7000
2014/10/22,0,0,0,0
2014/10/23,0,136000,0,136000
2014/10/24,0,0,0,0
2014/10/27,0,216000,-1000,215000
2014/10/28,0,545000,0,545000
2014/10/29,0,927000,0,927000
2014/10/30,0,753000,0,753000
2014/10/31,0,874000,0,874000
2014/11/03,0,0,-278000,-278000
2014/11/04,0,28000,-398000,-370000
2014/11/05,0,267000,-20000,247000
2014/11/06,0,0,-30000,-30000
2014/11/07,0,27000,-7000,20000
2014/11/10,0,0,-150000,-150000
2014/11/11,0,12000,-47000,-35000
2014/11/12,0,6000,0,6000
2014/11/13,0,0,0,0
2014/11/14,0,113000,-49000,64000
2014/11/17,0,0,-14000,-14000
2014/11/18,0,18000,0,18000
2014/11/19,0,319000,-155000,164000
2014/11/20,0,2000,-318000,-316000
2014/11/21,0,700000,0,700000
2014/11/24,0,0,0,0
2014/11/25,0,2000,-135000,-133000
2014/11/26,0,0,-140000,-140000
2014/11/27,0,0,-2000,-2000
2014/11/28,0,0,0,0
2014/12/01,0,0,0,0
2014/12/02,0,0,0,0
2014/12/03,0,0,-7000,-7000
2014/12/04,0,0,0,0
2014/12/05,0,0,-20000,-20000
2014/12/08,0,0,0,0
2014/12/09,0,0,0,0
2014/12/10,0,31000,0,31000
2014/12/11,0,27000,-2184,24816
2014/12/12,0,0,0,0
2014/12/15,0,130000,0,130000
2014/12/16,0,0,-28000,-28000
2014/12/17,0,593000,0,593000
2014/12/18,0,0,0,0
2014/12/19,0,40000,0,40000
2014/12/22,0,0,0,0
2014/12/23,0,0,0,0
2014/12/24,0,0,0,0
2014/12/25,0,0,0,0
2014/12/26,0,0,0,0
2014/12/29,0,0,-103000,-103000
2014/12/30,0,0,0,0
2014/12/31,0,129000,-1000,128000
2015/01/01,0,0,0,0
2015/01/02,0,0,0,0
2015/01/05,0,50000,0,50000
2015/01/06,0,0,0,0
2015/01/07,0,58000,-1000,57000
2015/01/08,0,20000,-308000,-288000
2015/01/09,0,246000,0,246000
2015/01/12,0,1260000,0,1260000
2015/01/13,0,25000,0,25000
2015/01/14,0,142000,0,142000
2015/01/15,0,0,0,0
2015/01/16,0,0,0,0
2015/01/19,0,600000,0,600000
2015/01/20,0,9000,0,9000
2015/01/21,0,74000,0,74000
2015/01/22,0,23000,0,23000
2015/01/23,0,0,0,0
2015/01/26,0,300000,0,300000
2015/01/27,0,0,0,0
2015/01/28,0,0,0,0
2015/01/29,0,600000,0,600000
2015/01/30,0,0,-10000,-10000
2015/02/02,0,0,0,0
2015/02/03,0,0,0,0
2015/02/04,0,0,0,0
2015/02/05,0,0,0,0
2015/02/06,0,0,0,0
2015/02/09,0,551000,-351000,200000
2015/02/10,0,174000,0,174000
2015/02/11,0,277000,0,277000
2015/02/12,0,300000,0,300000
2015/02/13,0,1000,-6000,-5000
2015/02/16,0,0,0,0
2015/02/17,0,0,0,0
2015/02/18,0,0,0,0
2015/02/19,0,0,0,0
2015/02/20,0,0,0,0
2015/02/23,0,0,0,0
2015/02/24,0,585000,0,585000
2015/02/25,0,0,-9000,-9000
2015/02/26,0,0,-5000,-5000
2015/02/27,0,0,0,0
2015/03/02,0,231000,-148000,83000
2015/03/03,0,0,-1000,-1000
2015/03/04,0,120000,-106000,14000
2015/03/05,0,0,-310000,-310000
2015/03/06,0,16000,-350000,-334000
2015/03/09,0,125000,-133000,-8000
2015/03/10,0,0,0,0
2015/03/11,0,0,0,0
2015/03/12,0,265,0,265
2015/03/13,0,0,-874000,-874000
2015/03/16,0,0,0,0
2015/03/17,0,0,-377000,-377000
2015/03/18,0,0,0,0
2015/03/19,0,0,-41000,-41000
2015/03/20,0,1000,-823000,-822000
2015/03/23,0,0,-375000,-375000
2015/03/24,0,0,-521000,-521000
2015/03/25,0,0,-64000,-64000
2015/03/26,0,0,-325000,-325000
2015/03/27,0,0,-52000,-52000
2015/03/30,0,0,0,0
2015/03/31,0,0,0,0
2015/04/01,0,488000,0,488000
2015/04/02,0,200000,0,200000
2015/04/03,0,0,0,0
2015/04/06,0,0,0,0
2015/04/07,0,0,0,0
2015/04/08,0,0,0,0
2015/04/09,0,197000,0,197000
2015/04/10,0,0,0,0
2015/04/13,0,480000,-1187000,-707000
2015/04/14,0,0,-92000,-92000
2015/04/15,0,1423000,-37000,1386000
2015/04/16,0,0,-163000,-163000
2015/04/17,0,0,-20000,-20000
2015/04/20,0,0,-3000,-3000
2015/04/21,0,0,0,0
2015/04/22,0,0,-385000,-385000
2015/04/23,0,0,-200000,-200000
2015/04/24,0,40000,-245000,-205000
2015/04/27,0,0,0,0
2015/04/28,0,0,-2000,-2000
2015/04/29,0,0,-3000,-3000
2015/04/30,0,0,-1000,-1000
2015/05/01,0,0,0,0
2015/05/04,0,0,-23000,-23000
2015/05/05,0,0,-100000,-100000
2015/05/06,0,0,0,0
2015/05/07,0,0,0,0
2015/05/08,0,185000,0,185000
2015/05/11,0,46000,0,46000
2015/05/12,0,0,0,0
2015/05/13,0,0,0,0
2015/05/14,0,2000,0,2000
2015/05/15,0,0,-1172000,-1172000
2015/05/18,0,0,0,0
2015/05/19,0,0,0,0
2015/05/20,0,0,-50000,-50000
2015/05/21,0,0,-151000,-151000
2015/05/22,0,0,-899000,-899000
2015/05/25,0,0,-644000,-644000
2015/05/26,0,0,-400000,-400000
2015/05/27,0,0,0,0
2015/05/28,0,72000,0,72000
2015/05/29,0,0,-80000,-80000
2015/06/01,0,0,0,0
2015/06/02,0,0,0,0
2015/06/03,0,0,0,0
2015/06/04,0,0,-1837,-1837
2015/06/05,0,0,-8000,-8000
2015/06/08,0,0,0,0
2015/06/09,0,0,0,0
2015/06/10,0,500000,-200000,300000
2015/06/11,0,0,-200000,-200000
2015/06/12,0,0,-2000,-2000
2015/06/15,0,0,-86000,-86000
2015/06/16,0,0,0,0
2015/06/17,0,0,0,0
2015/06/18,0,36000,-2000,34000
2015/06/19,0,0,0,0
2015/06/22,0,13000,-6000,7000
2015/06/23,0,17000,0,17000
2015/06/24,0,0,-13000,-13000
2015/06/25,0,0,-290000,-290000
2015/06/26,0,0,0,0
2015/06/29,0,0,0,0
2015/06/30,0,0,-20000,-20000
2015/07/01,0,0,0,0
2015/07/02,0,3000,0,3000
2015/07/03,0,0,-388000,-388000
2015/07/06,0,0,0,0
2015/07/07,0,0,0,0
2015/07/08,0,0,0,0
2015/07/09,0,500000,-3000,497000
2015/07/10,0,0,0,0
2015/07/13,0,0,-10000,-10000
2015/07/14,0,0,0,0
2015/07/15,0,1187000,0,1187000
2015/07/16,0,0,0,0
2015/07/17,0,3000,0,3000
2015/07/20,0,0,0,0
2015/07/21,0,481000,0,481000
2015/07/22,0,0,0,0
2015/07/23,0,535000,0,535000
2015/07/24,0,571000,-3000,568000
2015/07/27,0,1466000,0,1466000
2015/07/28,0,89000,0,89000
2015/07/29,0,11000,-129000,-118000
2015/07/30,0,257000,0,257000
2015/07/31,0,78000,0,78000
2015/08/03,0,386000,-59000,327000
2015/08/04,0,502000,0,502000
2015/08/05,0,1556000,0,1556000
2015/08/06,0,139000,0,139000
2015/08/07,0,701000,0,701000
2015/08/10,0,40000,-26000,14000
2015/08/11,0,122000,-70000,52000
2015/08/12,0,34000,-50000,-16000
2015/08/13,0,56000,0,56000
2015/08/14,0,406000,0,406000
2015/08/17,0,486000,0,486000
2015/08/18,0,1238000,0,1238000
2015/08/19,0,404000,0,404000
2015/08/20,0,30000,-12000,18000
2015/08/21,0,658000,0,658000
2015/08/24,0,2562000,-50000,2512000
2015/08/25,0,639835,-83000,556835
2015/08/26,0,43000,-48000,-5000
2015/08/27,0,1000,0,1000
2015/08/28,0,0,-1000,-1000
2015/08/31,0,7000,-29000,-22000
2015/09/01,0,26000,-37000,-11000
2015/09/02,0,38000,0,38000
2015/09/03,0,17000,-70000,-53000
2015/09/04,0,1000,-602000,-601000
2015/09/07,0,27000,-170000,-143000
2015/09/08,0,1119000,-190000,929000
2015/09/09,0,0,-514000,-514000
2015/09/10,0,0,-569000,-569000
2015/09/11,0,258000,-150000,108000
2015/09/14,0,3000,-218000,-215000
2015/09/15,0,3000,0,3000
2015/09/16,0,57000,-358000,-301000
2015/09/17,0,0,-904000,-904000
2015/09/18,0,1000,-1777000,-1776000
2015/09/21,0,5000,-1258822,-1253822
2015/09/22,0,2050,0,2050
2015/09/23,0,0,0,0
2015/09/24,0,0,-32000,-32000
2015/09/25,0,0,0,0
2015/09/28,0,0,0,0
2015/09/29,0,0,0,0
2015/09/30,0,0,-1000000,-1000000
2015/10/01,0,3000,-328000,-325000
2015/10/02,0,27000,-918000,-891000
2015/10/05,0,9000,-1325000,-1316000
2015/10/06,0,0,-215000,-215000
2015/10/07,0,2000,0,2000
2015/10/08,0,0,0,0
2015/10/09,0,0,0,0
2015/10/12,0,0,0,0
2015/10/13,0,0,0,0
2015/10/14,0,0,-500000,-500000
2015/10/15,0,0,-98000,-98000
2015/10/16,0,3000,-402000,-399000
2015/10/19,0,70000,0,70000
2015/10/20,0,0,0,0
2015/10/21,0,0,-119000,-119000
2015/10/22,0,0,-37000,-37000
2015/10/23,0,0,-78000,-78000
2015/10/26,0,0,-185000,-185000
2015/10/27,0,0,0,0
2015/10/28,0,0,0,0
2015/10/29,0,0,0,0
2015/10/30,0,0,0,0
2015/11/02,0,0,0,0
2015/11/03,0,4000,-83000,-79000
2015/11/04,0,32000,-120000,-88000
2015/11/05,0,0,-70000,-70000
2015/11/06,0,0,0,0
2015/11/09,0,11000,-773000,-762000
2015/11/10,0,0,-200000,-200000
2015/11/11,0,76000,-38000,38000
2015/11/12,0,0,0,0
2015/11/13,0,0,-157000,-157000
2015/11/16,0,0,0,0
2015/11/17,0,0,0,0
2015/11/18,0,0,0,0
2015/11/19,0,0,-18000,-18000
2015/11/20,0,0,-500000,-500000
2015/11/23,0,0,-1000,-1000
2015/11/24,0,0,0,0
2015/11/25,0,0,0,0
2015/11/26,0,100000,-221000,-121000
2015/11/27,0,100000,0,100000
2015/11/30,0,100000,0,100000
2015/12/01,0,0,0,0
2015/12/02,0,0,0,0
2015/12/03,0,0,-13000,-13000
2015/12/04,0,0,0,0
2015/12/07,0,0,0,0
2015/12/08,0,0,0,0
2015/12/09,0,0,0,0
2015/12/10,0,0,0,0
2015/12/11,0,0,-41000,-41000
2015/12/14,0,300000,-34361,265639
2015/12/15,0,0,0,0
2015/12/16,0,0,0,0
2015/12/17,0,0,-839000,-839000
2015/12/18,0,0,-7000,-7000
2015/12/21,0,0,0,0
2015/12/22,0,0,-280000,-280000
2015/12/23,0,0,-19000,-19000
2015/12/24,0,0,0,0
2015/12/25,0,0,0,0
2015/12/28,0,0,0,0
2015/12/29,0,0,-141000,-141000
2015/12/30,0,150000,0,150000
2015/12/31,0,0,0,0
2016/01/01,0,0,0,0
2016/01/04,0,100000,0,100000
2016/01/05,0,0,-85000,-85000
2016/01/06,0,0,-319000,-319000
2016/01/07,0,0,-19000,-19000
2016/01/08,0,100000,0,100000
2016/01/11,0,0,0,0
2016/01/12,0,0,0,0
2016/01/13,0,0,0,0
2016/01/14,0,0,0,0
2016/01/15,0,0,-19000,-19000
2016/01/18,0,0,0,0
2016/01/19,0,0,-5000,-5000
2016/01/20,0,0,-19000,-19000
2016/01/21,0,0,-21000,-21000
2016/01/22,0,0,-100000,-100000
2016/01/25,0,0,-100000,-100000
2016/01/26,0,0,-18000,-18000
2016/01/27,0,0,-75000,-75000
2016/01/28,0,0,0,0
2016/01/29,0,0,0,0
2016/02/01,0,0,-75000,-75000
2016/02/02,0,0,-304000,-304000
2016/02/03,0,0,0,0
2016/02/04,0,0,0,0
2016/02/05,0,0,0,0
2016/02/08,0,0,0,0
2016/02/09,0,0,0,0
2016/02/10,0,0,0,0
2016/02/11,0,0,0,0
2016/02/12,0,0,0,0
2016/02/15,0,0,-516,-516
2016/02/16,0,0,0,0
2016/02/17,0,0,-50000,-50000
2016/02/18,0,0,-220000,-220000
2016/02/19,0,0,-250000,-250000
2016/02/22,0,0,0,0
2016/02/23,0,0,0,0
2016/02/24,0,0,0,0
2016/02/25,0,0,0,0
2016/02/26,0,0,0,0
2016/02/29,0,0,0,0
2016/03/01,0,0,0,0
2016/03/02,0,0,-2000,-2000
2016/03/03,0,0,0,0
2016/03/04,0,0,0,0
2016/03/07,0,0,-62000,-62000
2016/03/08,0,0,0,0
2016/03/09,0,0,-9000,-9000
2016/03/10,0,0,-313000,-313000
2016/03/11,0,0,-237000,-237000
2016/03/14,0,0,-296000,-296000
2016/03/15,0,0,0,0
2016/03/16,0,0,0,0
2016/03/17,0,0,0,0
2016/03/18,0,14000,0,14000
2016/03/21,0,46000,0,46000
2016/03/22,0,37000,-166000,-129000
2016/03/23,0,0,-164000,-164000
2016/03/24,0,0,0,0
2016/03/25,0,59000,0,59000
2016/03/28,0,166000,0,166000
2016/03/29,0,0,-1000,-1000
2016/03/30,0,0,0,0
2016/03/31,0,14000,0,14000
2016/04/01,0,100000,0,100000
2016/04/04,0,0,0,0
2016/04/05,0,0,0,0
2016/04/06,0,38000,0,38000
2016/04/07,0,67000,-14000,53000
2016/04/08,0,0,0,0
2016/04/11,0,70000,0,70000
2016/04/12,0,0,-1000,-1000
2016/04/13,0,51000,-16000,35000
2016/04/14,0,65000,-4000,61000
2016/04/15,0,58000,-27000,31000
2016/04/18,0,48000,0,48000
2016/04/19,0,167000,0,167000
2016/04/20,0,0,0,0
2016/04/21,0,0,0,0
2016/04/22,0,127000,0,127000
2016/04/25,0,93000,0,93000
2016/04/26,0,84000,-250000,-166000
2016/04/27,0,69000,-300000,-231000
2016/04/28,0,90000,0,90000
2016/04/29,0,0,-170000,-170000
2016/05/02,0,0,0,0
2016/05/03,0,595000,-309000,286000
2016/05/04,0,960000,-95000,865000
2016/05/05,0,726000,-131000,595000
2016/05/06,0,53000,0,53000
2016/05/09,0,535000,0,535000
2016/05/10,0,523000,-116,522884
2016/05/11,0,178000,0,178000
2016/05/12,0,188000,0,188000
2016/05/13,0,272000,0,272000
2016/05/16,0,0,0,0
2016/05/17,0,0,0,0
2016/05/18,0,0,0,0
2016/05/19,0,0,0,0
2016/05/20,0,0,-15000,-15000
2016/05/23,0,0,0,0
2016/05/24,0,0,0,0
2016/05/25,0,0,0,0
2016/05/26,0,0,-1000,-1000
2016/05/27,0,33000,0,33000
2016/05/30,0,0,-95000,-95000
2016/05/31,0,0,-51000,-51000
2016/06/01,0,0,-138000,-138000
2016/06/02,0,0,-1505000,-1505000
2016/06/03,0,50000,-143000,-93000
2016/06/06,0,52000,0,52000
2016/06/07,0,0,-77000,-77000
2016/06/08,0,0,-90000,-90000
2016/06/09,0,0,0,0
2016/06/10,0,0,0,0
2016/06/13,0,0,0,0
2016/06/14,0,0,0,0
2016/06/15,0,0,0,0
2016/06/16,0,0,-6000,-6000
2016/06/17,0,0,-98000,-98000
2016/06/20,0,0,-242000,-242000
2016/06/21,0,0,-160000,-160000
2016/06/22,0,0,-107000,-107000
2016/06/23,0,0,-204000,-204000
2016/06/24,0,0,-1000,-1000
2016/06/27,0,0,-51000,-51000
2016/06/28,0,2000,-6000,-4000
2016/06/29,0,0,-121000,-121000
2016/06/30,0,0,0,0
2016/07/01,0,0,0,0
2016/07/04,0,0,-37000,-37000
2016/07/05,0,110000,-30000,80000
2016/07/06,0,0,-14000,-14000
2016/07/07,0,100000,-53000,47000
2016/07/08,0,0,0,0
2016/07/11,0,0,0,0
2016/07/12,0,118000,0,118000
2016/07/13,0,90000,0,90000
2016/07/14,0,10000,-18000,-8000
2016/07/15,0,60000,-29000,31000
2016/07/18,0,100000,0,100000
2016/07/19,0,140000,-1000,139000
2016/07/20,0,74000,-99000,-25000
2016/07/21,0,1000,-96000,-95000
2016/07/22,0,24000,-119000,-95000
2016/07/25,0,105000,0,105000
2016/07/26,0,52000,-6000,46000
2016/07/27,0,0,-193000,-193000
2016/07/28,0,0,-15000,-15000
2016/07/29,0,761,-152000,-151239
2016/08/01,0,100000,-268000,-168000
2016/08/02,0,50000,-244000,-194000
2016/08/03,0,4000,-359000,-355000
2016/08/04,0,9000,-1000,8000
2016/08/05,0,0,-2000,-2000
2016/08/08,0,0,-4000,-4000
2016/08/09,0,0,0,0
2016/08/10,0,0,0,0
2016/08/11,0,0,-13000,-13000
2016/08/12,0,0,-3000,-3000
2016/08/15,0,0,-550000,-550000
2016/08/16,0,0,-110000,-110000
2016/08/17,0,0,0,0
2016/08/18,0,12000,-2000,10000
2016/08/19,0,1000,-47000,-46000
2016/08/22,0,0,0,0
2016/08/23,0,30000,-213000,-183000
2016/08/24,0,0,-200000,-200000
2016/08/25,0,3000,0,3000
2016/08/26,0,1000,0,1000
2016/08/29,0,0,-1000,-1000
2016/08/30,0,11000,-1000,10000
2016/08/31,0,0,0,0
2016/09/01,0,33000,-500000,-467000
2016/09/02,0,0,0,0
2016/09/05,0,103000,0,103000
2016/09/06,0,0,0,0
2016/09/07,0,166000,-50000,116000
2016/09/08,0,0,-3000,-3000
2016/09/09,0,0,0,0
2016/09/12,0,0,0,0
2016/09/13,0,0,0,0
2016/09/14,0,21000,0,21000
2016/09/15,0,0,0,0
2016/09/16,0,0,0,0
2016/09/19,0,0,0,0
2016/09/20,0,0,0,0
2016/09/21,0,0,0,0
2016/09/22,0,104000,0,104000
2016/09/23,0,13000,0,13000
2016/09/26,0,0,0,0
2016/09/27,0,0,0,0
2016/09/28,0,0,0,0
2016/09/29,0,0,0,0
2016/09/30,0,21449,-28000,-6551
2016/10/03,0,0,0,0
2016/10/04,0,0,0,0
2016/10/05,0,0,0,0
2016/10/06,0,0,0,0
2016/10/07,0,0,-140000,-140000
2016/10/10,0,0,0,0
2016/10/11,0,1000,0,1000
2016/10/12,0,0,-42000,-42000
2016/10/13,0,0,-94000,-94000
2016/10/14,0,7000,-149000,-142000
2016/10/17,0,0,0,0
2016/10/18,0,38000,0,38000
2016/10/19,0,0,0,0
2016/10/20,0,1000,-89000,-88000
2016/10/21,0,0,-3000,-3000
2016/10/24,0,0,0,0
2016/10/25,0,21000,0,21000
2016/10/26,0,0,0,0
2016/10/27,0,0,-71000,-71000
2016/10/28,0,0,0,0
2016/10/31,0,0,0,0
2016/11/01,0,0,-105000,-105000
2016/11/02,0,0,-459,-459
2016/11/03,0,17000,-109000,-92000
2016/11/04,0,0,-66000,-66000
2016/11/07,0,0,0,0
2016/11/08,0,0,0,0
2016/11/09,0,48000,0,48000
2016/11/10,0,49000,0,49000
2016/11/11,0,83000,-280000,-197000
2016/11/14,0,0,0,0
2016/11/15,0,76000,0,76000
2016/11/16,0,0,-385000,-385000
2016/11/17,0,0,0,0
2016/11/18,0,0,-121000,-121000
2016/11/21,0,83000,0,83000
2016/11/22,0,0,0,0
2016/11/23,0,101000,0,101000
2016/11/24,0,0,0,0
2016/11/25,0,0,-121000,-121000
2016/11/28,0,0,-139000,-139000
2016/11/29,0,1000,-18000,-17000
2016/11/30,0,71000,-1000,70000
2016/12/01,0,0,-86000,-86000
2016/12/02,0,0,0,0
2016/12/05,0,0,0,0
2016/12/06,0,0,0,0
2016/12/07,0,62000,0,62000
2016/12/08,0,0,0,0
2016/12/09,0,0,0,0
2016/12/12,0,0,0,0
2016/12/13,0,0,0,0
2016/12/14,0,53000,0,53000
2016/12/15,0,0,0,0
2016/12/16,0,0,0,0
2016/12/19,0,0,0,0
2016/12/20,0,0,0,0
2016/12/21,0,0,0,0
2016/12/22,0,0,-48000,-48000
2016/12/23,0,0,0,0
2016/12/26,0,0,0,0
2016/12/27,0,0,0,0
2016/12/28,0,0,0,0
2016/12/29,0,0,-26000,-26000
2016/12/30,0,0,0,0
2017/01/02,0,0,0,0
2017/01/03,0,0,0,0
2017/01/04,0,0,-36000,-36000
2017/01/05,0,5000,0,5000
2017/01/06,0,0,-44000,-44000
2017/01/09,0,0,0,0
2017/01/10,0,0,0,0
2017/01/11,0,0,-52000,-52000
2017/01/12,0,0,-13000,-13000
2017/01/13,0,0,0,0
2017/01/16,0,0,-31000,-31000
2017/01/17,0,0,0,0
2017/01/18,0,0,0,0
2017/01/19,0,1000,-39000,-38000
2017/01/20,0,0,-100000,-100000
2017/01/23,0,552,0,552
2017/01/24,0,0,0,0
2017/01/25,0,0,0,0
2017/01/26,0,0,0,0
2017/01/27,0,0,0,0
2017/01/30,0,0,0,0
2017/01/31,0,0,0,0
2017/02/01,0,0,0,0
2017/02/02,0,0,0,0
2017/02/03,0,18000,0,18000
2017/02/06,0,0,-100000,-100000
2017/02/07,0,0,-42000,-42000
2017/02/08,0,0,-21000,-21000
2017/02/09,0,0,0,0
2017/02/10,0,0,-21000,-21000
2017/02/13,0,0,0,0
2017/02/14,0,0,0,0
2017/02/15,0,0,-43000,-43000
2017/02/16,0,0,-21000,-21000
2017/02/17,0,0,0,0
2017/02/20,0,0,0,0
2017/02/21,0,40000,0,40000
2017/02/22,0,0,0,0
2017/02/23,0,0,-53000,-53000
2017/02/24,0,0,0,0
2017/02/27,0,0,0,0
2017/02/28,0,0,0,0
2017/03/01,0,0,0,0
2017/03/02,0,0,-34000,-34000
2017/03/03,0,0,-3000,-3000
2017/03/06,0,0,0,0
2017/03/07,0,95000,0,95000
2017/03/08,0,0,-49000,-49000
2017/03/09,0,0,0,0
2017/03/10,0,0,0,0
2017/03/13,0,0,0,0
2017/03/14,0,0,-6000,-6000
2017/03/15,0,0,-20000,-20000
2017/03/16,0,0,0,0
2017/03/17,0,2000,-1000,1000
2017/03/20,0,0,-43000,-43000
2017/03/21,0,0,-40000,-40000
2017/03/22,0,0,0,0
2017/03/23,0,0,-90000,-90000
2017/03/24,0,0,0,0
2017/03/27,0,7000,0,7000
2017/03/28,0,100000,0,100000
2017/03/29,0,158956,-8000,150956
2017/03/30,0,20634,0,20634
2017/03/31,0,29914,0,29914
2017/04/03,0,0,0,0
2017/04/04,0,0,0,0
2017/04/05,0,3304,0,3304
2017/04/06,0,16000,0,16000
2017/04/07,0,0,0,0
2017/04/10,0,0,0,0
2017/04/11,0,0,0,0
2017/04/12,0,0,-9000,-9000
2017/04/13,0,0,0,0
2017/04/14,0,0,-4000,-4000
2017/04/17,0,319000,0,319000
2017/04/18,0,0,0,0
2017/04/19,0,3303,0,3303
2017/04/20,0,0,-15000,-15000
2017/04/21,0,0,-12000,-12000
2017/04/24,0,0,0,0
2017/04/25,0,0,-85,-85
2017/04/26,0,0,0,0
2017/04/27,0,0,-33000,-33000
2017/04/28,0,0,-3000,-3000
2017/05/01,0,0,0,0
2017/05/02,0,110000,0,110000
2017/05/03,0,70000,-44000,26000
2017/05/04,0,129501,0,129501
2017/05/05,0,70000,-2807,67193
2017/05/08,0,0,0,0
2017/05/09,0,0,-160000,-160000
2017/05/10,0,0,-27000,-27000
2017/05/11,0,0,0,0
2017/05/12,0,0,0,0
2017/05/15,0,128000,0,128000
2017/05/16,0,375000,0,375000
2017/05/17,0,0,-44000,-44000
2017/05/18,0,0,-3000,-3000
2017/05/19,0,0,0,0
2017/05/22,0,0,0,0
2017/05/23,0,0,0,0
2017/05/24,0,0,0,0
2017/05/25,0,0,-3000,-3000
2017/05/26,0,0,-18000,-18000
2017/05/29,0,0,0,0
2017/05/30,0,0,0,0
2017/05/31,0,0,0,0
2017/06/01,0,0,0,0
2017/06/02,0,0,-12000,-12000
2017/06/05,0,0,-7000,-7000
2017/06/06,0,0,-5000,-5000
2017/06/07,0,0,-4000,-4000
2017/06/08,0,0,0,0
2017/06/09,0,0,-5000,-5000
2017/06/12,0,10000,0,10000
2017/06/13,0,0,0,0
2017/06/14,0,0,0,0
2017/06/15,0,0,0,0
2017/06/16,0,40000,0,40000
2017/06/19,0,2000,-8000,-6000
2017/06/20,0,0,-12701,-12701
2017/06/21,0,0,0,0
2017/06/22,0,0,0,0
2017/06/23,0,0,-3000,-3000
2017/06/26,0,0,-5000,-5000
2017/06/27,0,0,-3000,-3000
2017/06/28,0,0,-3672,-3672
2017/06/29,0,0,-101000,-101000
2017/06/30,0,3000,0,3000
2017/07/03,0,0,-126000,-126000
2017/07/04,0,0,-141000,-141000
2017/07/05,0,0,0,0
2017/07/06,0,0,-244000,-244000
2017/07/07,0,0,0,0
2017/07/10,0,0,-3000,-3000
2017/07/11,0,0,0,0
2017/07/12,0,0,-9939,-9939
2017/07/13,0,1000,-6000,-5000
2017/07/14,0,0,-6000,-6000
2017/07/17,0,94,-170000,-169906
2017/07/18,0,10000,-190000,-180000
2017/07/19,0,0,-531000,-531000
2017/07/20,0,2000,0,2000
2017/07/21,0,0,0,0
2017/07/24,0,0,0,0
2017/07/25,0,2000,0,2000
2017/07/26,0,123000,-62000,61000
2017/07/27,0,123000,0,123000
2017/07/28,0,123000,0,123000
2017/07/31,0,3000,-1000,2000
2017/08/01,0,1000,-5000,-4000
2017/08/02,0,3000,-206000,-203000
2017/08/03,0,3000,-29000,-26000
2017/08/04,0,8000,0,8000
2017/08/07,0,4000,0,4000
2017/08/08,0,4000,-3000,1000
2017/08/09,0,5000,0,5000
2017/08/10,0,1000,0,1000
2017/08/11,0,2000,0,2000
2017/08/14,0,0,0,0
2017/08/15,0,70000,-1000,69000
2017/08/16,0,255000,0,255000
2017/08/17,0,0,0,0
2017/08/18,0,0,0,0
