Date,Open,Buy,Sell,Total
2007/01/02,0,300000,-483000,-183000
2007/01/03,0,558000,-730575,-172575
2007/01/04,0,1522000,-690000,832000
2007/01/05,0,479000,-140000,339000
2007/01/08,0,193000,-106000,87000
2007/01/09,0,264000,-148000,116000
2007/01/10,0,10000,-500000,-490000
2007/01/11,0,45000,-266000,-221000
2007/01/12,0,125000,-31000,94000
2007/01/15,0,1134000,0,1134000
2007/01/16,0,376000,-28000,348000
2007/01/17,0,619000,0,619000
2007/01/18,0,1250000,-1000,1249000
2007/01/19,0,566000,-19000,547000
2007/01/22,0,708000,-147000,561000
2007/01/23,0,1012000,-73000,939000
2007/01/24,0,203000,-1490000,-1287000
2007/01/25,0,64000,-873000,-809000
2007/01/26,0,11000,-6000,5000
2007/01/29,0,50000,-1362000,-1312000
2007/01/30,0,169000,-752577,-583577
2007/01/31,0,105000,-772000,-667000
2007/02/01,0,269000,-1813000,-1544000
2007/02/02,0,40000,-58000,-18000
2007/02/05,0,95000,-774000,-679000
2007/02/06,0,227000,-1820000,-1593000
2007/02/07,0,0,-1412700,-1412700
2007/02/08,0,232000,-285000,-53000
2007/02/09,0,140000,-220000,-80000
2007/02/12,0,112000,-496000,-384000
2007/02/13,0,460000,0,460000
2007/02/14,0,0,-57000,-57000
2007/02/15,0,0,0,0
2007/02/16,0,0,0,0
2007/02/19,0,0,0,0
2007/02/20,0,0,0,0
2007/02/21,0,0,0,0
2007/02/22,0,0,0,0
2007/02/23,0,0,0,0
2007/02/26,0,52000,-948000,-896000
2007/02/27,0,105000,-1421050,-1316050
2007/02/28,0,0,0,0
2007/03/01,0,66000,0,66000
2007/03/02,0,407000,-167000,240000
2007/03/05,0,40000,-829000,-789000
2007/03/06,0,360000,-30000,330000
2007/03/07,0,40000,-364000,-324000
2007/03/08,0,30000,-48000,-18000
2007/03/09,0,699000,-269000,430000
2007/03/12,0,0,-156000,-156000
2007/03/13,0,0,-1258500,-1258500
2007/03/14,0,389000,-1394000,-1005000
2007/03/15,0,113000,-916034,-803034
2007/03/16,0,20000,-971000,-951000
2007/03/19,0,31000,-75000,-44000
2007/03/20,0,85000,-4000,81000
2007/03/21,0,30000,-1024000,-994000
2007/03/22,0,208000,-902000,-694000
2007/03/23,0,70000,-835000,-765000
2007/03/26,0,2000,-805000,-803000
2007/03/27,0,25000,-2572000,-2547000
2007/03/28,0,277000,-1393000,-1116000
2007/03/29,0,282000,-50000,232000
2007/03/30,0,450000,-706000,-256000
2007/04/02,0,200000,-291000,-91000
2007/04/03,0,250000,-335000,-85000
2007/04/04,0,0,-491000,-491000
2007/04/05,0,0,0,0
2007/04/06,0,0,0,0
2007/04/09,0,0,-176000,-176000
2007/04/10,0,0,-574374,-574374
2007/04/11,0,0,-1170000,-1170000
2007/04/12,0,45000,-742000,-697000
2007/04/13,0,150000,-819000,-669000
2007/04/16,0,0,-630000,-630000
2007/04/17,0,21000,-40000,-19000
2007/04/18,0,300000,-229000,71000
2007/04/19,0,0,-310000,-310000
2007/04/20,0,2000,-131213,-129213
2007/04/23,0,68000,-100000,-32000
2007/04/24,0,100000,-330000,-230000
2007/04/25,0,0,-224000,-224000
2007/04/26,0,50000,0,50000
2007/04/27,0,650000,0,650000
2007/04/30,0,0,-130000,-130000
2007/05/01,0,0,0,0
2007/05/02,0,200000,-50000,150000
2007/05/03,0,90000,-106000,-16000
2007/05/04,0,530000,-150000,380000
2007/05/07,0,25000,0,25000
2007/05/08,0,270000,-97000,173000
2007/05/09,0,0,-38000,-38000
2007/05/10,0,0,-227000,-227000
2007/05/11,0,0,-670000,-670000
2007/05/14,0,1000,-286000,-285000
2007/05/15,0,266000,-63000,203000
2007/05/16,0,141000,-1000,140000
2007/05/17,0,200000,-220000,-20000
2007/05/18,0,100000,-400000,-300000
2007/05/21,0,0,-550000,-550000
2007/05/22,0,10000,-300000,-290000
2007/05/23,0,0,-768000,-768000
2007/05/24,0,513000,-30000,483000
2007/05/25,0,237000,-1395000,-1158000
2007/05/28,0,100000,-150000,-50000
2007/05/29,0,281000,-259000,22000
2007/05/30,0,0,-229000,-229000
2007/05/31,0,335000,-120000,215000
2007/06/01,0,100000,0,100000
2007/06/04,0,0,-50000,-50000
2007/06/05,0,260000,-175000,85000
2007/06/06,0,228000,0,228000
2007/06/07,0,50000,-100000,-50000
2007/06/08,0,2000,-525000,-523000
2007/06/11,0,0,-103000,-103000
2007/06/12,0,200000,-50000,150000
2007/06/13,0,756000,-12000,744000
2007/06/14,0,730000,0,730000
2007/06/15,0,524000,-300750,223250
2007/06/18,0,0,0,0
2007/06/19,0,0,0,0
2007/06/20,0,1063000,0,1063000
2007/06/21,0,200000,-42000,158000
2007/06/22,0,330000,0,330000
2007/06/25,0,103000,-204000,-101000
2007/06/26,0,0,-77000,-77000
2007/06/27,0,151000,-249000,-98000
2007/06/28,0,265000,-190000,75000
2007/06/29,0,150000,-53000,97000
2007/07/02,0,295000,0,295000
2007/07/03,0,0,-433000,-433000
2007/07/04,0,130000,-40000,90000
2007/07/05,0,204000,-57000,147000
2007/07/06,0,45000,0,45000
2007/07/09,0,119000,-1000,118000
2007/07/10,0,0,0,0
2007/07/11,0,0,-30000,-30000
2007/07/12,0,16000,-1000,15000
2007/07/13,0,0,0,0
2007/07/16,0,0,0,0
2007/07/17,0,0,-136000,-136000
2007/07/18,0,186000,-10000,176000
2007/07/19,0,201000,-230000,-29000
2007/07/20,0,1000,0,1000
2007/07/23,0,300000,0,300000
2007/07/24,0,150000,-1000,149000
2007/07/25,0,0,-433000,-433000
2007/07/26,0,200000,-2000,198000
2007/07/27,0,0,-50000,-50000
2007/07/30,0,849000,-46000,803000
2007/07/31,0,815000,-658000,157000
2007/08/01,0,692000,-4000,688000
2007/08/02,0,0,-554000,-554000
2007/08/03,0,1000,-324000,-323000
2007/08/06,0,2000,0,2000
2007/08/07,0,72000,-155000,-83000
2007/08/08,0,0,0,0
2007/08/09,0,0,-150000,-150000
2007/08/10,0,5000,-87000,-82000
2007/08/13,0,79000,0,79000
2007/08/14,0,3000,-650000,-647000
2007/08/15,0,0,-20000,-20000
2007/08/16,0,106000,-371000,-265000
2007/08/17,0,241000,-196000,45000
2007/08/20,0,102000,0,102000
2007/08/21,0,0,-200000,-200000
2007/08/22,0,230000,0,230000
2007/08/23,0,564000,-2000,562000
2007/08/24,0,0,-1000,-1000
2007/08/27,0,2000,-110000,-108000
2007/08/28,0,0,-149000,-149000
2007/08/29,0,15000,-4000,11000
2007/08/30,0,0,-20000,-20000
2007/08/31,0,1000,-3000,-2000
2007/09/03,0,100000,-1000,99000
2007/09/04,0,2000,0,2000
2007/09/05,0,0,0,0
2007/09/06,0,200000,-70000,130000
2007/09/07,0,450000,-3000,447000
2007/09/10,0,1000,-421500,-420500
2007/09/11,0,0,-150000,-150000
2007/09/12,0,0,-562000,-562000
2007/09/13,0,0,-150000,-150000
2007/09/14,0,1000,-684185,-683185
2007/09/17,0,0,-52500,-52500
2007/09/18,0,0,0,0
2007/09/19,0,0,-578000,-578000
2007/09/20,0,0,-73000,-73000
2007/09/21,0,5000,-951000,-946000
2007/09/24,0,0,0,0
2007/09/25,0,0,0,0
2007/09/26,0,540000,-94350,445650
2007/09/27,0,377000,-3000,374000
2007/09/28,0,0,0,0
2007/10/01,0,0,-317900,-317900
2007/10/02,0,1000,0,1000
2007/10/03,0,0,-13000,-13000
2007/10/04,0,0,0,0
2007/10/05,0,0,0,0
2007/10/08,0,0,-402000,-402000
2007/10/09,0,1000,0,1000
2007/10/10,0,0,0,0
2007/10/11,0,0,-23000,-23000
2007/10/12,0,0,-271000,-271000
2007/10/15,0,0,-2000,-2000
2007/10/16,0,0,-700000,-700000
2007/10/17,0,0,-700000,-700000
2007/10/18,0,260000,-250000,10000
2007/10/19,0,30000,-10000,20000
2007/10/22,0,0,-100000,-100000
2007/10/23,0,0,0,0
2007/10/24,0,50000,-639500,-589500
2007/10/25,0,1000,-230000,-229000
2007/10/26,0,0,-195000,-195000
2007/10/29,0,1000,-527000,-526000
2007/10/30,0,30000,-496950,-466950
2007/10/31,0,17000,-550000,-533000
2007/11/01,0,99000,-16500,82500
2007/11/02,0,3000,-260000,-257000
2007/11/05,0,5000,-40000,-35000
2007/11/06,0,0,-55000,-55000
2007/11/07,0,215000,-156500,58500
2007/11/08,0,0,-286345,-286345
2007/11/09,0,1000,-1146500,-1145500
2007/11/12,0,712000,-545000,167000
2007/11/13,0,219000,-325000,-106000
2007/11/14,0,9000,-536000,-527000
2007/11/15,0,0,-80100,-80100
2007/11/16,0,0,0,0
2007/11/19,0,198000,0,198000
2007/11/20,0,301000,-100000,201000
2007/11/21,0,50000,0,50000
2007/11/22,0,45000,0,45000
2007/11/23,0,2000,-222500,-220500
2007/11/26,0,50000,0,50000
2007/11/27,0,84000,0,84000
2007/11/28,0,0,0,0
2007/11/29,0,1000,0,1000
2007/11/30,0,0,-300000,-300000
2007/12/03,0,0,0,0
2007/12/04,0,3000,0,3000
2007/12/05,0,461000,-2000,459000
2007/12/06,0,782000,-10000,772000
2007/12/07,0,35000,-367300,-332300
2007/12/10,0,890000,0,890000
2007/12/11,0,55000,0,55000
2007/12/12,0,390000,-11000,379000
2007/12/13,0,91000,0,91000
2007/12/14,0,30000,-1000,29000
2007/12/17,0,11000,0,11000
2007/12/18,0,728000,0,728000
2007/12/19,0,101000,0,101000
2007/12/20,0,0,-10000,-10000
2007/12/21,0,79000,-1575,77425
2007/12/24,0,0,-87000,-87000
2007/12/25,0,0,-251000,-251000
2007/12/26,0,31000,0,31000
2007/12/27,0,408000,-28000,380000
2007/12/28,0,5000,-111000,-106000
2007/12/31,0,50000,0,50000
2008/01/01,0,0,0,0
2008/01/02,0,200000,-9000,191000
2008/01/03,0,870000,-750000,120000
2008/01/04,0,180000,-35000,145000
2008/01/07,0,24000,0,24000
2008/01/08,0,6000,-127000,-121000
2008/01/09,0,801000,-13000,788000
2008/01/10,0,456000,-322000,134000
2008/01/11,0,619000,-157000,462000
2008/01/14,0,0,0,0
2008/01/15,0,388000,0,388000
2008/01/16,0,790000,-150000,640000
2008/01/17,0,185000,-160000,25000
2008/01/18,0,1004000,-101000,903000
2008/01/21,0,495000,-44000,451000
2008/01/22,0,600000,-100000,500000
2008/01/23,0,388000,-1183550,-795550
2008/01/24,0,502000,0,502000
2008/01/25,0,272000,0,272000
2008/01/28,0,1509000,-59000,1450000
2008/01/29,0,510000,-195000,315000
2008/01/30,0,1707000,0,1707000
2008/01/31,0,959000,-65000,894000
2008/02/01,0,408000,-500000,-92000
2008/02/04,0,0,0,0
2008/02/05,0,0,0,0
2008/02/06,0,0,0,0
2008/02/07,0,0,0,0
2008/02/08,0,0,0,0
2008/02/11,0,0,0,0
2008/02/12,0,80000,-275000,-195000
2008/02/13,0,60000,0,60000
2008/02/14,0,932000,0,932000
2008/02/15,0,230000,-17000,213000
2008/02/18,0,15000,-35000,-20000
2008/02/19,0,248000,-390000,-142000
2008/02/20,0,0,-191000,-191000
2008/02/21,0,1122000,-120000,1002000
2008/02/22,0,0,-268000,-268000
2008/02/25,0,1000,0,1000
2008/02/26,0,0,-670000,-670000
2008/02/27,0,654000,-200000,454000
2008/02/28,0,0,0,0
2008/02/29,0,889000,0,889000
2008/03/03,0,557000,-203000,354000
2008/03/04,0,948000,-8000,940000
2008/03/05,0,550000,0,550000
2008/03/06,0,95000,0,95000
2008/03/07,0,485000,-1000,484000
2008/03/10,0,1000,0,1000
2008/03/11,0,631000,-93000,538000
2008/03/12,0,482000,-81000,401000
2008/03/13,0,250000,0,250000
2008/03/14,0,2000,0,2000
2008/03/17,0,1000,0,1000
2008/03/18,0,0,-177000,-177000
2008/03/19,0,151000,0,151000
2008/03/20,0,301000,0,301000
2008/03/21,0,236000,-535000,-299000
2008/03/24,0,1032000,-5000,1027000
2008/03/25,0,88000,-1000,87000
2008/03/26,0,126000,-70000,56000
2008/03/27,0,126000,-310000,-184000
2008/03/28,0,1000,-500000,-499000
2008/03/31,0,0,-1000,-1000
2008/04/01,0,1175000,0,1175000
2008/04/02,0,450000,-53690,396310
2008/04/03,0,239000,0,239000
2008/04/04,0,0,0,0
2008/04/07,0,0,0,0
2008/04/08,0,495000,0,495000
2008/04/09,0,466000,-939306,-473306
2008/04/10,0,2117000,0,2117000
2008/04/11,0,500000,0,500000
2008/04/14,0,572000,-150000,422000
2008/04/15,0,254000,-134000,120000
2008/04/16,0,0,-12000,-12000
2008/04/17,0,40000,-235000,-195000
2008/04/18,0,0,-557000,-557000
2008/04/21,0,120000,0,120000
2008/04/22,0,519000,-67000,452000
2008/04/23,0,0,0,0
2008/04/24,0,92000,-910000,-818000
2008/04/25,0,292000,-194000,98000
2008/04/28,0,253000,0,253000
2008/04/29,0,40000,0,40000
2008/04/30,0,247000,-2000,245000
2008/05/01,0,0,0,0
2008/05/02,0,49000,0,49000
2008/05/05,0,106000,-822000,-716000
2008/05/06,0,0,-41500,-41500
2008/05/07,0,184000,-1000,183000
2008/05/08,0,667000,-739000,-72000
2008/05/09,0,130000,-15000,115000
2008/05/12,0,0,-2000,-2000
2008/05/13,0,81000,-258000,-177000
2008/05/14,0,79000,-950000,-871000
2008/05/15,0,6000,-450000,-444000
2008/05/16,0,0,-690000,-690000
2008/05/19,0,10000,-1631000,-1621000
2008/05/20,0,55000,-1591000,-1536000
2008/05/21,0,5000,0,5000
2008/05/22,0,0,-1800000,-1800000
2008/05/23,0,400000,0,400000
2008/05/26,0,160000,-80000,80000
2008/05/27,0,61000,-10000,51000
2008/05/28,0,25000,0,25000
2008/05/29,0,5000,-30000,-25000
2008/05/30,0,339000,-104000,235000
2008/06/02,0,0,-142000,-142000
2008/06/03,0,385000,0,385000
2008/06/04,0,400000,-95000,305000
2008/06/05,0,0,0,0
2008/06/06,0,0,-40000,-40000
2008/06/09,0,360000,-150000,210000
2008/06/10,0,250000,-400000,-150000
2008/06/11,0,295000,0,295000
2008/06/12,0,750000,-35000,715000
2008/06/13,0,104000,-412000,-308000
2008/06/16,0,0,0,0
2008/06/17,0,0,-20000,-20000
2008/06/18,0,650000,0,650000
2008/06/19,0,372000,0,372000
2008/06/20,0,20000,-2000,18000
2008/06/23,0,1000,0,1000
2008/06/24,0,378000,0,378000
2008/06/25,0,95000,0,95000
2008/06/26,0,0,0,0
2008/06/27,0,235000,-121000,114000
2008/06/30,0,1235000,-238750,996250
2008/07/01,0,735000,-3000,732000
2008/07/02,0,349000,-5000,344000
2008/07/03,0,496000,-613000,-117000
2008/07/04,0,46000,-487000,-441000
2008/07/07,0,52000,-378000,-326000
2008/07/08,0,545000,0,545000
2008/07/09,0,1724000,0,1724000
2008/07/10,0,422000,0,422000
2008/07/11,0,2000,-2000,0
2008/07/14,0,10000,0,10000
2008/07/15,0,116000,0,116000
2008/07/16,0,127000,0,127000
2008/07/17,0,270000,-36000,234000
2008/07/18,0,611000,-6000,605000
2008/07/21,0,64000,-168000,-104000
2008/07/22,0,1000,0,1000
2008/07/23,0,1152000,-5000,1147000
2008/07/24,0,280000,-292000,-12000
2008/07/25,0,0,-250000,-250000
2008/07/28,0,0,0,0
2008/07/29,0,0,-215000,-215000
2008/07/30,0,481000,-22000,459000
2008/07/31,0,174000,-228000,-54000
2008/08/01,0,771000,0,771000
2008/08/04,0,921000,-1534000,-613000
2008/08/05,0,1384000,-674000,710000
2008/08/06,0,1869000,0,1869000
2008/08/07,0,665000,0,665000
2008/08/08,0,460000,0,460000
2008/08/11,0,129000,-252000,-123000
2008/08/12,0,70000,0,70000
2008/08/13,0,110000,0,110000
2008/08/14,0,80000,-151000,-71000
2008/08/15,0,1411000,-40000,1371000
2008/08/18,0,80000,0,80000
2008/08/19,0,113000,-2000,111000
2008/08/20,0,0,-2000,-2000
2008/08/21,0,82000,-2000,80000
2008/08/22,0,308000,-134000,174000
2008/08/25,0,568000,-50000,518000
2008/08/26,0,60000,-256000,-196000
2008/08/27,0,640000,-265000,375000
2008/08/28,0,624000,0,624000
2008/08/29,0,553000,-4000,549000
2008/09/01,0,390000,-300000,90000
2008/09/02,0,655000,-463000,192000
2008/09/03,0,446000,-217000,229000
2008/09/04,0,382000,-150000,232000
2008/09/05,0,533000,-297800,235200
2008/09/08,0,0,-372000,-372000
2008/09/09,0,350000,-870000,-520000
2008/09/10,0,891000,-1417000,-526000
2008/09/11,0,291000,-50000,241000
2008/09/12,0,948000,-50000,898000
2008/09/15,0,19000,-526000,-507000
2008/09/16,0,581000,-1495000,-914000
2008/09/17,0,593000,-305500,287500
2008/09/18,0,206000,-212400,-6400
2008/09/19,0,8000,-255000,-247000
2008/09/22,0,238000,-241700,-3700
2008/09/23,0,385000,-290000,95000
2008/09/24,0,1388000,0,1388000
2008/09/25,0,0,-66000,-66000
2008/09/26,0,815000,-90000,725000
2008/09/29,0,0,0,0
2008/09/30,0,500000,-100000,400000
2008/10/01,0,124000,-24000,100000
2008/10/02,0,192000,-4734100,-4542100
2008/10/03,0,20000,-1440560,-1420560
2008/10/06,0,502000,-3000,499000
2008/10/07,0,471000,-2284200,-1813200
2008/10/08,0,724000,-1091000,-367000
2008/10/09,0,746000,-915100,-169100
2008/10/10,0,0,0,0
2008/10/13,0,0,0,0
2008/10/14,0,330000,-50000,280000
2008/10/15,0,11000,-990,10010
2008/10/16,0,1000,0,1000
2008/10/17,0,0,-58400,-58400
2008/10/20,0,0,-623000,-623000
2008/10/21,0,17000,-1146000,-1129000
2008/10/22,0,290000,0,290000
2008/10/23,0,0,-1038000,-1038000
2008/10/24,0,0,0,0
2008/10/27,0,0,-50000,-50000
2008/10/28,0,225000,-3564000,-3339000
2008/10/29,0,0,-3182420,-3182420
2008/10/30,0,528000,-770382,-242382
2008/10/31,0,145000,-290500,-145500
2008/11/03,0,478000,-13000,465000
2008/11/04,0,1188000,-150000,1038000
2008/11/05,0,1135000,-2422000,-1287000
2008/11/06,0,421000,-602000,-181000
2008/11/07,0,990000,-940500,49500
2008/11/10,0,2140000,0,2140000
2008/11/11,0,250000,-191375,58625
2008/11/12,0,930000,-249000,681000
2008/11/13,0,166000,-5000,161000
2008/11/14,0,640000,0,640000
2008/11/17,0,1103000,-130000,973000
2008/11/18,0,270000,0,270000
2008/11/19,0,507000,-205000,302000
2008/11/20,0,80000,-750000,-670000
2008/11/21,0,718000,-150000,568000
2008/11/24,0,200000,-150000,50000
2008/11/25,0,266000,-133000,133000
2008/11/26,0,236000,0,236000
2008/11/27,0,0,0,0
2008/11/28,0,864000,-692000,172000
2008/12/01,0,1073000,-500000,573000
2008/12/02,0,3045000,-150000,2895000
2008/12/03,0,522000,0,522000
2008/12/04,0,813000,-1567000,-754000
2008/12/05,0,1379000,-2278000,-899000
2008/12/08,0,1498000,-2500,1495500
2008/12/09,0,1384000,-546000,838000
2008/12/10,0,5223000,0,5223000
2008/12/11,0,4456000,0,4456000
2008/12/12,0,1684000,-567000,1117000
2008/12/15,0,1365000,-120000,1245000
2008/12/16,0,902000,-250000,652000
2008/12/17,0,927000,-753000,174000
2008/12/18,0,179000,-529150,-350150
2008/12/19,0,3090000,-1000,3089000
2008/12/22,0,146000,-892000,-746000
2008/12/23,0,126000,-294000,-168000
2008/12/24,0,607000,0,607000
2008/12/25,0,240000,0,240000
2008/12/26,0,0,-173000,-173000
2008/12/29,0,0,-158000,-158000
2008/12/30,0,2024000,0,2024000
2008/12/31,0,1813000,0,1813000
2009/01/01,0,0,0,0
2009/01/02,0,0,0,0
2009/01/05,0,50000,-1214000,-1164000
2009/01/06,0,280000,-5563800,-5283800
2009/01/07,0,76000,-6174600,-6098600
2009/01/08,0,0,-2483700,-2483700
2009/01/09,0,0,-3696000,-3696000
2009/01/12,0,360000,-1144000,-784000
2009/01/13,0,0,-331700,-331700
2009/01/14,0,1066000,0,1066000
2009/01/15,0,0,-238000,-238000
2009/01/16,0,0,-714000,-714000
2009/01/19,0,230000,-921700,-691700
2009/01/20,0,50000,-441000,-391000
2009/01/21,0,0,-1395000,-1395000
2009/01/22,0,0,0,0
2009/01/23,0,0,0,0
2009/01/26,0,0,0,0
2009/01/27,0,0,0,0
2009/01/28,0,0,0,0
2009/01/29,0,0,0,0
2009/01/30,0,0,0,0
2009/02/02,0,903000,-316000,587000
2009/02/03,0,4370000,-140000,4230000
2009/02/04,0,1058000,-20000,1038000
2009/02/05,0,705000,-150000,555000
2009/02/06,0,1103000,-50000,1053000
2009/02/09,0,88000,-501750,-413750
2009/02/10,0,105000,-1051000,-946000
2009/02/11,0,1562000,-339000,1223000
2009/02/12,0,1835000,-284000,1551000
2009/02/13,0,380000,-300000,80000
2009/02/16,0,312000,0,312000
2009/02/17,0,337000,0,337000
2009/02/18,0,24000,-100000,-76000
2009/02/19,0,80000,0,80000
2009/02/20,0,0,-174000,-174000
2009/02/23,0,0,-1092000,-1092000
2009/02/24,0,207000,-365000,-158000
2009/02/25,0,700000,-18000,682000
2009/02/26,0,235000,-167000,68000
2009/02/27,0,351000,0,351000
2009/03/02,0,261000,-250000,11000
2009/03/03,0,23000,0,23000
2009/03/04,0,2424000,-275000,2149000
2009/03/05,0,394000,-245000,149000
2009/03/06,0,1450000,-118000,1332000
2009/03/09,0,905000,-475000,430000
2009/03/10,0,1989000,-275272,1713728
2009/03/11,0,302000,-335000,-33000
2009/03/12,0,0,-1388000,-1388000
2009/03/13,0,1032000,-1135000,-103000
2009/03/16,0,896000,0,896000
2009/03/17,0,270000,-932400,-662400
2009/03/18,0,260000,-2260000,-2000000
2009/03/19,0,900000,-1023000,-123000
2009/03/20,0,1550000,-723000,827000
2009/03/23,0,160000,-159000,1000
2009/03/24,0,260000,-95000,165000
2009/03/25,0,2220000,-769000,1451000
2009/03/26,0,457000,-240000,217000
2009/03/27,0,138000,0,138000
2009/03/30,0,832000,0,832000
2009/03/31,0,486000,-816000,-330000
2009/04/01,0,330000,0,330000
2009/04/02,0,404000,-870000,-466000
2009/04/03,0,875000,-1217000,-342000
2009/04/06,0,500000,-1135000,-635000
2009/04/07,0,40000,-907000,-867000
2009/04/08,0,43000,-1014000,-971000
2009/04/09,0,0,-814000,-814000
2009/04/10,0,125000,-376000,-251000
2009/04/13,0,211000,-1797000,-1586000
2009/04/14,0,63000,-1808000,-1745000
2009/04/15,0,0,-1969000,-1969000
2009/04/16,0,0,-2521000,-2521000
2009/04/17,0,785000,-547000,238000
2009/04/20,0,339000,-320000,19000
2009/04/21,0,90000,-750000,-660000
2009/04/22,0,2921000,-436000,2485000
2009/04/23,0,2195000,-108000,2087000
2009/04/24,0,128000,-550000,-422000
2009/04/27,0,0,-1290000,-1290000
2009/04/28,0,0,-205000,-205000
2009/04/29,0,0,-763000,-763000
2009/04/30,0,382000,-250000,132000
2009/05/01,0,0,0,0
2009/05/04,0,618000,-140000,478000
2009/05/05,0,1795000,-100000,1695000
2009/05/06,0,140000,-208000,-68000
2009/05/07,0,600000,-789000,-189000
2009/05/08,0,500000,-170000,330000
2009/05/11,0,127000,-51000,76000
2009/05/12,0,91000,-867000,-776000
2009/05/13,0,0,-240000,-240000
2009/05/14,0,250000,-1196000,-946000
2009/05/15,0,0,-1319000,-1319000
2009/05/18,0,0,-957000,-957000
2009/05/19,0,50000,-542000,-492000
2009/05/20,0,561000,-1199000,-638000
2009/05/21,0,0,-1252000,-1252000
2009/05/22,0,150000,-370000,-220000
2009/05/25,0,30000,-1392000,-1362000
2009/05/26,0,42000,-2697100,-2655100
2009/05/27,0,36000,-3846000,-3810000
2009/05/28,0,0,0,0
2009/05/29,0,0,0,0
2009/06/01,0,30000,-2247000,-2217000
2009/06/02,0,70000,-240000,-170000
2009/06/03,0,1440000,-218000,1222000
2009/06/04,0,299000,-40000,259000
2009/06/05,0,50000,-500000,-450000
2009/06/08,0,3000,-113000,-110000
2009/06/09,0,128000,-10000,118000
2009/06/10,0,157000,-10000,147000
2009/06/11,0,1193000,0,1193000
2009/06/12,0,0,0,0
2009/06/15,0,0,0,0
2009/06/16,0,2000,-328000,-326000
2009/06/17,0,2000,-27000,-25000
2009/06/18,0,2000,-454000,-452000
2009/06/19,0,0,-1065000,-1065000
2009/06/22,0,186000,-300000,-114000
2009/06/23,0,0,-153000,-153000
2009/06/24,0,1054000,-159000,895000
2009/06/25,0,60000,0,60000
2009/06/26,0,0,0,0
2009/06/29,0,0,0,0
2009/06/30,0,0,0,0
2009/07/01,0,217000,0,217000
2009/07/02,0,92000,-115000,-23000
2009/07/03,0,0,-1966000,-1966000
2009/07/06,0,0,-590000,-590000
2009/07/07,0,0,0,0
2009/07/08,0,20000,-30000,-10000
2009/07/09,0,250000,0,250000
2009/07/10,0,616000,-1000,615000
2009/07/13,0,16000,-1000,15000
2009/07/14,0,200000,-104000,96000
2009/07/15,0,1236000,-40000,1196000
2009/07/16,0,3288000,-1000,3287000
2009/07/17,0,670000,-126000,544000
2009/07/20,0,170000,-20000,150000
2009/07/21,0,1756000,-240000,1516000
2009/07/22,0,0,-1000,-1000
2009/07/23,0,0,-600000,-600000
2009/07/24,0,17000,-1000,16000
2009/07/27,0,119000,-84000,35000
2009/07/28,0,35000,0,35000
2009/07/29,0,0,-204000,-204000
2009/07/30,0,73000,-7000,66000
2009/07/31,0,270000,-729000,-459000
2009/08/03,0,125000,-1951000,-1826000
2009/08/04,0,405000,-750000,-345000
2009/08/05,0,1352000,-648000,704000
2009/08/06,0,402000,-350000,52000
2009/08/07,0,0,0,0
2009/08/10,0,550000,-357000,193000
2009/08/11,0,1421000,-35000,1386000
2009/08/12,0,48000,-30000,18000
2009/08/13,0,455000,-76000,379000
2009/08/14,0,1000,-448000,-447000
2009/08/17,0,0,0,0
2009/08/18,0,1000,-226000,-225000
2009/08/19,0,82000,-219000,-137000
2009/08/20,0,57000,-100000,-43000
2009/08/21,0,668000,0,668000
2009/08/24,0,12000,0,12000
2009/08/25,0,10000,-372000,-362000
2009/08/26,0,0,-163000,-163000
2009/08/27,0,1000,0,1000
2009/08/28,0,85000,-135000,-50000
2009/08/31,0,45000,-252000,-207000
2009/09/01,0,20000,-205000,-185000
2009/09/02,0,100000,0,100000
2009/09/03,0,93000,-1000,92000
2009/09/04,0,0,-18000,-18000
2009/09/07,0,0,-34000,-34000
2009/09/08,0,0,-250000,-250000
2009/09/09,0,6000,-290000,-284000
2009/09/10,0,4000,0,4000
2009/09/11,0,118000,-99000,19000
2009/09/14,0,1000,-25550,-24550
2009/09/15,0,0,-649800,-649800
2009/09/16,0,0,-476500,-476500
2009/09/17,0,21000,-435000,-414000
2009/09/18,0,3000,-366500,-363500
2009/09/21,0,61000,-80000,-19000
2009/09/22,0,279000,0,279000
2009/09/23,0,0,0,0
2009/09/24,0,274000,-106000,168000
2009/09/25,0,0,0,0
2009/09/28,0,140000,-44000,96000
2009/09/29,0,1000,-100000,-99000
2009/09/30,0,0,0,0
2009/10/01,0,0,-200000,-200000
2009/10/02,0,0,-200500,-200500
2009/10/05,0,250000,-367000,-117000
2009/10/06,0,0,-941000,-941000
2009/10/07,0,180000,-100000,80000
2009/10/08,0,0,-696450,-696450
2009/10/09,0,0,-24250,-24250
2009/10/12,0,50000,-270000,-220000
2009/10/13,0,1000,-1103000,-1102000
2009/10/14,0,310000,-384048,-74048
2009/10/15,0,0,-500010,-500010
2009/10/16,0,0,-157500,-157500
2009/10/19,0,2000,-21000,-19000
2009/10/20,0,50000,-303000,-253000
2009/10/21,0,254000,-1658150,-1404150
2009/10/22,0,0,-845100,-845100
2009/10/23,0,0,-184000,-184000
2009/10/26,0,60000,-269100,-209100
2009/10/27,0,201000,-628000,-427000
2009/10/28,0,0,-117000,-117000
2009/10/29,0,288000,-150700,137300
2009/10/30,0,0,0,0
2009/11/02,0,1000,-350,650
2009/11/03,0,420000,-59000,361000
2009/11/04,0,322000,0,322000
2009/11/05,0,11000,0,11000
2009/11/06,0,0,-178000,-178000
2009/11/09,0,284000,-905000,-621000
2009/11/10,0,1083000,-161000,922000
2009/11/11,0,0,-62000,-62000
2009/11/12,0,0,-69050,-69050
2009/11/13,0,182000,-1000,181000
2009/11/16,0,0,-2000,-2000
2009/11/17,0,0,-116700,-116700
2009/11/18,0,0,-41350,-41350
2009/11/19,0,0,-415000,-415000
2009/11/20,0,0,-535000,-535000
2009/11/23,0,50000,-105000,-55000
2009/11/24,0,0,-1069750,-1069750
2009/11/25,0,0,-575350,-575350
2009/11/26,0,0,-1148000,-1148000
2009/11/27,0,0,-1093950,-1093950
2009/11/30,0,0,-564000,-564000
2009/12/01,0,0,-835000,-835000
2009/12/02,0,0,-331000,-331000
2009/12/03,0,0,-74155,-74155
2009/12/04,0,0,-1000,-1000
2009/12/07,0,0,0,0
2009/12/08,0,0,-36750,-36750
2009/12/09,0,0,0,0
2009/12/10,0,0,-2000,-2000
2009/12/11,0,0,-339000,-339000
2009/12/14,0,1203000,-2000,1201000
2009/12/15,0,325000,-200000,125000
2009/12/16,0,222000,-2000,220000
2009/12/17,0,10000,0,10000
2009/12/18,0,62000,-685977,-623977
2009/12/21,0,469000,-250000,219000
2009/12/22,0,0,-251000,-251000
2009/12/23,0,59000,-266000,-207000
2009/12/24,0,155000,0,155000
2009/12/25,0,0,-1000,-1000
2009/12/28,0,0,-152000,-152000
2009/12/29,0,0,-1236000,-1236000
2009/12/30,0,0,-21000,-21000
2009/12/31,0,21000,-431000,-410000
2010/01/01,0,0,0,0
2010/01/04,0,1000,-437000,-436000
2010/01/05,0,0,-220000,-220000
2010/01/06,0,0,0,0
2010/01/07,0,0,-1087000,-1087000
2010/01/08,0,162000,-1000,161000
2010/01/11,0,0,0,0
2010/01/12,0,0,0,0
2010/01/13,0,200000,-80000,120000
2010/01/14,0,6000,-650,5350
2010/01/15,0,0,-3000,-3000
2010/01/18,0,53000,0,53000
2010/01/19,0,0,-64000,-64000
2010/01/20,0,28000,0,28000
2010/01/21,0,0,-119000,-119000
2010/01/22,0,125000,-794000,-669000
2010/01/25,0,124000,-1000,123000
2010/01/26,0,2000,-175000,-173000
2010/01/27,0,27000,0,27000
2010/01/28,0,0,-1000,-1000
2010/01/29,0,0,0,0
2010/02/01,0,1000,0,1000
2010/02/02,0,0,-35000,-35000
2010/02/03,0,1000,0,1000
2010/02/04,0,0,0,0
2010/02/05,0,416000,0,416000
2010/02/08,0,351000,0,351000
2010/02/09,0,50000,0,50000
2010/02/10,0,100000,0,100000
2010/02/11,0,0,0,0
2010/02/12,0,0,0,0
2010/02/15,0,0,0,0
2010/02/16,0,0,0,0
2010/02/17,0,0,0,0
2010/02/18,0,0,0,0
2010/02/19,0,0,0,0
2010/02/22,0,0,0,0
2010/02/23,0,1000,-400000,-399000
2010/02/24,0,366000,0,366000
2010/02/25,0,0,0,0
2010/02/26,0,1000,0,1000
2010/03/01,0,1000,0,1000
2010/03/02,0,0,0,0
2010/03/03,0,0,0,0
2010/03/04,0,0,-1000,-1000
2010/03/05,0,50000,0,50000
2010/03/08,0,0,-15000,-15000
2010/03/09,0,37000,0,37000
2010/03/10,0,22000,-63000,-41000
2010/03/11,0,50000,0,50000
2010/03/12,0,0,-2000,-2000
2010/03/15,0,125000,0,125000
2010/03/16,0,402000,-188000,214000
2010/03/17,0,2337000,-224000,2113000
2010/03/18,0,222000,-113375,108625
2010/03/19,0,2000,0,2000
2010/03/22,0,262000,-50000,212000
2010/03/23,0,152000,-29350,122650
2010/03/24,0,0,0,0
2010/03/25,0,0,-1000,-1000
2010/03/26,0,150000,0,150000
2010/03/29,0,151000,0,151000
2010/03/30,0,0,-193000,-193000
2010/03/31,0,0,-1950,-1950
2010/04/01,0,0,-45000,-45000
2010/04/02,0,0,0,0
2010/04/05,0,0,0,0
2010/04/06,0,0,0,0
2010/04/07,0,0,-300000,-300000
2010/04/08,0,0,0,0
2010/04/09,0,0,0,0
2010/04/12,0,0,-95000,-95000
2010/04/13,0,146000,-86000,60000
2010/04/14,0,0,-11000,-11000
2010/04/15,0,0,0,0
2010/04/16,0,24000,-756000,-732000
2010/04/19,0,0,-20736,-20736
2010/04/20,0,0,-11000,-11000
2010/04/21,0,40000,0,40000
2010/04/22,0,0,0,0
2010/04/23,0,24000,0,24000
2010/04/26,0,0,0,0
2010/04/27,0,0,-248000,-248000
2010/04/28,0,0,-28000,-28000
2010/04/29,0,0,0,0
2010/04/30,0,0,-125000,-125000
2010/05/03,0,0,0,0
2010/05/04,0,25000,0,25000
2010/05/05,0,0,-2000,-2000
2010/05/06,0,0,0,0
2010/05/07,0,32000,0,32000
2010/05/10,0,1000,0,1000
2010/05/11,0,0,0,0
2010/05/12,0,0,-100000,-100000
2010/05/13,0,0,0,0
2010/05/14,0,0,-100000,-100000
2010/05/17,0,0,-20000,-20000
2010/05/18,0,1000,-555000,-554000
2010/05/19,0,0,-345000,-345000
2010/05/20,0,1000,-513000,-512000
2010/05/21,0,480000,-76000,404000
2010/05/24,0,0,-1000,-1000
2010/05/25,0,272000,0,272000
2010/05/26,0,230000,-66000,164000
2010/05/27,0,151000,0,151000
2010/05/28,0,821000,-1039000,-218000
2010/05/31,0,5000,-458000,-453000
2010/06/01,0,16000,-250000,-234000
2010/06/02,0,20000,0,20000
2010/06/03,0,0,0,0
2010/06/04,0,0,-156000,-156000
2010/06/07,0,163000,-50000,113000
2010/06/08,0,78000,-159035,-81035
2010/06/09,0,120000,0,120000
2010/06/10,0,687000,0,687000
2010/06/11,0,0,0,0
2010/06/14,0,0,0,0
2010/06/15,0,251000,-246000,5000
2010/06/16,0,0,0,0
2010/06/17,0,803000,0,803000
2010/06/18,0,1000,-1000,0
2010/06/21,0,371000,0,371000
2010/06/22,0,0,-56000,-56000
2010/06/23,0,0,-90000,-90000
2010/06/24,0,10000,-263000,-253000
2010/06/25,0,289000,0,289000
2010/06/28,0,230000,-2439000,-2209000
2010/06/29,0,92000,-42231,49769
2010/06/30,0,100000,0,100000
2010/07/01,0,0,0,0
2010/07/02,0,130000,0,130000
2010/07/05,0,0,-271000,-271000
2010/07/06,0,190000,0,190000
2010/07/07,0,75000,0,75000
2010/07/08,0,0,0,0
2010/07/09,0,22000,0,22000
2010/07/12,0,150000,-371000,-221000
2010/07/13,0,142000,0,142000
2010/07/14,0,0,0,0
2010/07/15,0,150000,-3000,147000
2010/07/16,0,193000,0,193000
2010/07/19,0,83000,-81000,2000
2010/07/20,0,0,0,0
2010/07/21,0,634000,-80000,554000
2010/07/22,0,358000,0,358000
2010/07/23,0,861000,0,861000
2010/07/26,0,280000,0,280000
2010/07/27,0,628000,0,628000
2010/07/28,0,260000,0,260000
2010/07/29,0,165000,-77000,88000
2010/07/30,0,240000,-282000,-42000
2010/08/02,0,4000,-200000,-196000
2010/08/03,0,0,-300000,-300000
2010/08/04,0,0,-475000,-475000
2010/08/05,0,0,-286000,-286000
2010/08/06,0,0,-858000,-858000
2010/08/09,0,4000,-660000,-656000
2010/08/10,0,0,-660000,-660000
2010/08/11,0,0,-30000,-30000
2010/08/12,0,1000,-87000,-86000
2010/08/13,0,1000,-120000,-119000
2010/08/16,0,0,-56000,-56000
2010/08/17,0,1000,0,1000
2010/08/18,0,100000,-1000,99000
2010/08/19,0,0,-20000,-20000
2010/08/20,0,0,0,0
2010/08/23,0,0,0,0
2010/08/24,0,43000,-70000,-27000
2010/08/25,0,4000,0,4000
2010/08/26,0,61000,0,61000
2010/08/27,0,0,-22000,-22000
2010/08/30,0,0,-2350,-2350
2010/08/31,0,8000,0,8000
2010/09/01,0,149000,-65000,84000
2010/09/02,0,111000,-80000,31000
2010/09/03,0,0,-255000,-255000
2010/09/06,0,22000,-55000,-33000
2010/09/07,0,2000,-125000,-123000
2010/09/08,0,150000,0,150000
2010/09/09,0,0,0,0
2010/09/10,0,0,0,0
2010/09/13,0,0,-250000,-250000
2010/09/14,0,5000,-196000,-191000
2010/09/15,0,8000,0,8000
2010/09/16,0,0,-1000,-1000
2010/09/17,0,19000,-1000,18000
2010/09/20,0,0,0,0
2010/09/21,0,0,0,0
2010/09/22,0,0,0,0
2010/09/23,0,0,0,0
2010/09/24,0,212000,-951000,-739000
2010/09/27,0,0,0,0
2010/09/28,0,0,0,0
2010/09/29,0,47000,0,47000
2010/09/30,0,376000,-1475,374525
2010/10/01,0,77000,0,77000
2010/10/04,0,0,0,0
2010/10/05,0,10000,0,10000
2010/10/06,0,0,-208000,-208000
2010/10/07,0,0,-176000,-176000
2010/10/08,0,0,0,0
2010/10/11,0,0,0,0
2010/10/12,0,0,-41000,-41000
2010/10/13,0,27000,-269000,-242000
2010/10/14,0,1000,0,1000
2010/10/15,0,0,-470000,-470000
2010/10/18,0,7000,-25000,-18000
2010/10/19,0,1000,0,1000
2010/10/20,0,0,0,0
2010/10/21,0,0,-1000,-1000
2010/10/22,0,0,0,0
2010/10/25,0,0,-290500,-290500
2010/10/26,0,0,0,0
2010/10/27,0,823000,-200000,623000
2010/10/28,0,401000,0,401000
2010/10/29,0,141000,-4000,137000
2010/11/01,0,0,0,0
2010/11/02,0,0,0,0
2010/11/03,0,0,0,0
2010/11/04,0,0,0,0
2010/11/05,0,124000,0,124000
2010/11/08,0,99000,-1000,98000
2010/11/09,0,159000,0,159000
2010/11/10,0,0,-3000,-3000
2010/11/11,0,1000,0,1000
2010/11/12,0,0,-2000,-2000
2010/11/15,0,0,-351000,-351000
2010/11/16,0,0,-1200000,-1200000
2010/11/17,0,0,-772000,-772000
2010/11/18,0,0,-250000,-250000
2010/11/19,0,0,-61000,-61000
2010/11/22,0,0,-3000,-3000
2010/11/23,0,0,-603000,-603000
2010/11/24,0,0,-47000,-47000
2010/11/25,0,0,-1188000,-1188000
2010/11/26,0,0,-200000,-200000
2010/11/29,0,0,-491000,-491000
2010/11/30,0,0,-123000,-123000
2010/12/01,0,0,-1000,-1000
2010/12/02,0,798000,-1000,797000
2010/12/03,0,568000,-1000,567000
2010/12/06,0,200000,-3000,197000
2010/12/07,0,130000,0,130000
2010/12/08,0,200000,-1000,199000
2010/12/09,0,176000,-20000,156000
2010/12/10,0,0,-100000,-100000
2010/12/13,0,280000,-1000,279000
2010/12/14,0,0,-8000,-8000
2010/12/15,0,180000,-138000,42000
2010/12/16,0,180000,-533000,-353000
2010/12/17,0,263000,-17000,246000
2010/12/20,0,180000,-1000,179000
2010/12/21,0,137000,0,137000
2010/12/22,0,1000,0,1000
2010/12/23,0,0,-115000,-115000
2010/12/24,0,0,-116000,-116000
2010/12/27,0,0,-1000,-1000
2010/12/28,0,0,0,0
2010/12/29,0,0,0,0
2010/12/30,0,0,0,0
2010/12/31,0,0,-183000,-183000
2011/01/03,0,0,0,0
2011/01/04,0,0,-290000,-290000
2011/01/05,0,2000,-200000,-198000
2011/01/06,0,0,0,0
2011/01/07,0,100000,-429000,-329000
2011/01/10,0,0,-290000,-290000
2011/01/11,0,500000,0,500000
2011/01/12,0,0,-274000,-274000
2011/01/13,0,41000,-463000,-422000
2011/01/14,0,528000,0,528000
2011/01/17,0,0,-233000,-233000
2011/01/18,0,164000,0,164000
2011/01/19,0,473000,-1724000,-1251000
2011/01/20,0,1000000,-1000,999000
2011/01/21,0,111000,-466000,-355000
2011/01/24,0,2514000,-1290000,1224000
2011/01/25,0,280000,0,280000
2011/01/26,0,148000,-90000,58000
2011/01/27,0,689000,-101000,588000
2011/01/28,0,684000,-26000,658000
2011/01/31,0,0,0,0
2011/02/01,0,0,0,0
2011/02/02,0,0,0,0
2011/02/03,0,0,0,0
2011/02/04,0,0,0,0
2011/02/07,0,0,0,0
2011/02/08,0,230000,-60000,170000
2011/02/09,0,302000,-240000,62000
2011/02/10,0,88000,-130000,-42000
2011/02/11,0,45000,-70000,-25000
2011/02/14,0,1000,0,1000
2011/02/15,0,0,0,0
2011/02/16,0,360000,0,360000
2011/02/17,0,263000,-71000,192000
2011/02/18,0,244000,-20000,224000
2011/02/21,0,254000,-155000,99000
2011/02/22,0,120000,-280000,-160000
2011/02/23,0,8000,-10000,-2000
2011/02/24,0,77000,-65000,12000
2011/02/25,0,222000,-177000,45000
2011/02/28,0,0,0,0
2011/03/01,0,164000,0,164000
2011/03/02,0,0,-415000,-415000
2011/03/03,0,0,-159000,-159000
2011/03/04,0,10000,-113000,-103000
2011/03/07,0,0,-121000,-121000
2011/03/08,0,0,0,0
2011/03/09,0,4000,-228000,-224000
2011/03/10,0,0,-89000,-89000
2011/03/11,0,0,0,0
2011/03/14,0,1000,0,1000
2011/03/15,0,183000,0,183000
2011/03/16,0,0,0,0
2011/03/17,0,108000,-670000,-562000
2011/03/18,0,20000,-330000,-310000
2011/03/21,0,0,0,0
2011/03/22,0,0,-250000,-250000
2011/03/23,0,0,-25000,-25000
2011/03/24,0,0,0,0
2011/03/25,0,0,0,0
2011/03/28,0,0,0,0
2011/03/29,0,46000,-154000,-108000
2011/03/30,0,0,-761000,-761000
2011/03/31,0,93000,-647000,-554000
2011/04/01,0,102000,-220000,-118000
2011/04/04,0,0,0,0
2011/04/05,0,0,0,0
2011/04/06,0,0,-20000,-20000
2011/04/07,0,85000,-20000,65000
2011/04/08,0,0,-242000,-242000
2011/04/11,0,0,0,0
2011/04/12,0,0,-166000,-166000
2011/04/13,0,0,-1432000,-1432000
2011/04/14,0,14000,-39000,-25000
2011/04/15,0,8000,-1137000,-1129000
2011/04/18,0,87000,-30000,57000
2011/04/19,0,0,-300000,-300000
2011/04/20,0,0,-299000,-299000
2011/04/21,0,1000,-810000,-809000
2011/04/22,0,0,-18827,-18827
2011/04/25,0,13000,-81000,-68000
2011/04/26,0,0,-32000,-32000
2011/04/27,0,80000,-930000,-850000
2011/04/28,0,0,-183000,-183000
2011/04/29,0,410000,0,410000
2011/05/02,0,0,0,0
2011/05/03,0,237000,0,237000
2011/05/04,0,7000,-12000,-5000
2011/05/05,0,7000,0,7000
2011/05/06,0,11000,0,11000
2011/05/09,0,0,0,0
2011/05/10,0,0,0,0
2011/05/11,0,55000,0,55000
2011/05/12,0,1000,-155000,-154000
2011/05/13,0,1000,-181000,-180000
2011/05/16,0,0,-391000,-391000
2011/05/17,0,0,-10000,-10000
2011/05/18,0,0,0,0
2011/05/19,0,50000,0,50000
2011/05/20,0,50000,0,50000
2011/05/23,0,50000,0,50000
2011/05/24,0,30000,0,30000
2011/05/25,0,85000,0,85000
2011/05/26,0,70000,-19000,51000
2011/05/27,0,90000,0,90000
2011/05/30,0,479000,0,479000
2011/05/31,0,1110000,0,1110000
2011/06/01,0,30000,0,30000
2011/06/02,0,0,0,0
2011/06/03,0,600000,0,600000
2011/06/06,0,0,0,0
2011/06/07,0,310000,-16000,294000
2011/06/08,0,0,0,0
2011/06/09,0,0,0,0
2011/06/10,0,0,-64000,-64000
2011/06/13,0,0,0,0
2011/06/14,0,16000,0,16000
2011/06/15,0,432000,0,432000
2011/06/16,0,0,0,0
2011/06/17,0,3000,-3000,0
2011/06/20,0,1000,-1000,0
2011/06/21,0,122000,0,122000
2011/06/22,0,62000,-9000,53000
2011/06/23,0,1000,-4000,-3000
2011/06/24,0,1000,0,1000
2011/06/27,0,1000,-618000,-617000
2011/06/28,0,11000,-6000,5000
2011/06/29,0,3000,-510000,-507000
2011/06/30,0,12000,-1118000,-1106000
2011/07/01,0,0,-501000,-501000
2011/07/04,0,1000,-33000,-32000
2011/07/05,0,0,-40000,-40000
2011/07/06,0,0,-52000,-52000
2011/07/07,0,0,-50000,-50000
2011/07/08,0,0,-1000,-1000
2011/07/11,0,0,-14000,-14000
2011/07/12,0,1000,-1000,0
2011/07/13,0,67000,0,67000
2011/07/14,0,14000,-900000,-886000
2011/07/15,0,3000,0,3000
2011/07/18,0,0,0,0
2011/07/19,0,117000,-145000,-28000
2011/07/20,0,12000,0,12000
2011/07/21,0,15000,-331000,-316000
2011/07/22,0,0,-42000,-42000
2011/07/25,0,0,-3000,-3000
2011/07/26,0,0,-107000,-107000
2011/07/27,0,5000,-868000,-863000
2011/07/28,0,0,-3000,-3000
2011/07/29,0,0,-519000,-519000
2011/08/01,0,51000,-920000,-869000
2011/08/02,0,81000,-1107000,-1026000
2011/08/03,0,54000,-90000,-36000
2011/08/04,0,10000,-489000,-479000
2011/08/05,0,12000,-415000,-403000
2011/08/08,0,1007000,0,1007000
2011/08/09,0,63000,0,63000
2011/08/10,0,34000,0,34000
2011/08/11,0,9000,0,9000
2011/08/12,0,26000,-48000,-22000
2011/08/15,0,1000,0,1000
2011/08/16,0,57000,-51000,6000
2011/08/17,0,2000,-22000,-20000
2011/08/18,0,21000,0,21000
2011/08/19,0,97000,0,97000
2011/08/22,0,234000,0,234000
2011/08/23,0,0,0,0
2011/08/24,0,1000,-145000,-144000
2011/08/25,0,0,-100000,-100000
2011/08/26,0,13000,0,13000
2011/08/29,0,62000,0,62000
2011/08/30,0,160000,-91000,69000
2011/08/31,0,315000,-2000,313000
2011/09/01,0,0,-1000,-1000
2011/09/02,0,14000,-1000,13000
2011/09/05,0,0,-377000,-377000
2011/09/06,0,0,-310000,-310000
2011/09/07,0,3000,0,3000
2011/09/08,0,0,-87500,-87500
2011/09/09,0,5000,-24000,-19000
2011/09/12,0,0,0,0
2011/09/13,0,7000,-100881,-93881
2011/09/14,0,2000,-75000,-73000
2011/09/15,0,200000,-61900,138100
2011/09/16,0,175000,-189600,-14600
2011/09/19,0,1000,0,1000
2011/09/20,0,386000,-1000,385000
2011/09/21,0,60208,0,60208
2011/09/22,0,0,-42200,-42200
2011/09/23,0,1000,0,1000
2011/09/26,0,5000,0,5000
2011/09/27,0,2000,-185000,-183000
2011/09/28,0,0,-74900,-74900
2011/09/29,0,6000,0,6000
2011/09/30,0,1000,0,1000
2011/10/03,0,0,-1500,-1500
2011/10/04,0,3000,-21000,-18000
2011/10/05,0,7000,0,7000
2011/10/06,0,6000,-1000,5000
2011/10/07,0,0,0,0
2011/10/10,0,0,0,0
2011/10/11,0,0,0,0
2011/10/12,0,0,0,0
2011/10/13,0,2000,0,2000
2011/10/14,0,3000,0,3000
2011/10/17,0,0,-860,-860
2011/10/18,0,2039,0,2039
2011/10/19,0,80000,0,80000
2011/10/20,0,200000,-44000,156000
2011/10/21,0,0,-22000,-22000
2011/10/24,0,2000,-1000,1000
2011/10/25,0,200000,0,200000
2011/10/26,0,256000,-22000,234000
2011/10/27,0,125000,-882711,-757711
2011/10/28,0,1000,-338000,-337000
2011/10/31,0,0,-1000,-1000
2011/11/01,0,507000,-24000,483000
2011/11/02,0,1741000,-105000,1636000
2011/11/03,0,1191000,0,1191000
2011/11/04,0,802000,-2000,800000
2011/11/07,0,40000,0,40000
2011/11/08,0,202000,0,202000
2011/11/09,0,400000,-100000,300000
2011/11/10,0,530000,-2416859,-1886859
2011/11/11,0,670000,0,670000
2011/11/14,0,331000,-4926,326074
2011/11/15,0,425000,0,425000
2011/11/16,0,650000,0,650000
2011/11/17,0,844000,-2000,842000
2011/11/18,0,301000,-25000,276000
2011/11/21,0,656000,-112000,544000
2011/11/22,0,761000,-2000,759000
2011/11/23,0,73000,0,73000
2011/11/24,0,133000,-113000,20000
2011/11/25,0,402000,0,402000
2011/11/28,0,100000,0,100000
2011/11/29,0,2000,0,2000
2011/11/30,0,1000,-1000,0
2011/12/01,0,620000,-5000,615000
2011/12/02,0,0,0,0
2011/12/05,0,102000,-1000,101000
2011/12/06,0,50000,-13000,37000
2011/12/07,0,1000,0,1000
2011/12/08,0,94000,0,94000
2011/12/09,0,20000,-2079,17921
2011/12/12,0,20000,0,20000
2011/12/13,0,25000,0,25000
2011/12/14,0,114000,-35000,79000
2011/12/15,0,0,-36000,-36000
2011/12/16,0,101000,-2000,99000
2011/12/19,0,1000,-701000,-700000
2011/12/20,0,36000,0,36000
2011/12/21,0,0,-206800,-206800
2011/12/22,0,251000,0,251000
2011/12/23,0,0,-1000,-1000
2011/12/26,0,300000,-874000,-574000
2011/12/27,0,40000,-225000,-185000
2011/12/28,0,140000,-467700,-327700
2011/12/29,0,53000,-107600,-54600
2011/12/30,0,182000,-2134500,-1952500
2012/01/02,0,126000,-972995,-846995
2012/01/03,0,72000,-697000,-625000
2012/01/04,0,20000,0,20000
2012/01/05,0,10000,-82,9918
2012/01/06,0,0,-1983000,-1983000
2012/01/09,0,0,-849737,-849737
2012/01/10,0,178000,-1159000,-981000
2012/01/11,0,0,-342000,-342000
2012/01/12,0,485000,-206000,279000
2012/01/13,0,1097000,-1024000,73000
2012/01/16,0,105000,-506000,-401000
2012/01/17,0,80000,-93000,-13000
2012/01/18,0,810000,-272000,538000
2012/01/19,0,0,0,0
2012/01/20,0,0,0,0
2012/01/23,0,0,0,0
2012/01/24,0,0,0,0
2012/01/25,0,0,0,0
2012/01/26,0,0,0,0
2012/01/27,0,0,0,0
2012/01/30,0,30000,-253000,-223000
2012/01/31,0,600000,0,600000
2012/02/01,0,29000,-2000,27000
2012/02/02,0,100000,-224000,-124000
2012/02/03,0,910000,-765000,145000
2012/02/06,0,0,-257000,-257000
2012/02/07,0,50000,0,50000
2012/02/08,0,343000,-22000,321000
2012/02/09,0,285837,-2000,283837
2012/02/10,0,0,-1689000,-1689000
2012/02/13,0,463000,-1401000,-938000
2012/02/14,0,1285000,-573000,712000
2012/02/15,0,965000,-136900,828100
2012/02/16,0,370000,-75000,295000
2012/02/17,0,488000,-100000,388000
2012/02/20,0,15000,-106500,-91500
2012/02/21,0,0,-150000,-150000
2012/02/22,0,60000,0,60000
2012/02/23,0,55000,-1000,54000
2012/02/24,0,0,-993000,-993000
2012/02/27,0,0,0,0
2012/02/28,0,0,0,0
2012/02/29,0,4000,-182000,-178000
2012/03/01,0,0,-388000,-388000
2012/03/02,0,1081000,-8528800,-7447800
2012/03/05,0,766000,-984000,-218000
2012/03/06,0,420000,-339000,81000
2012/03/07,0,736000,-200850,535150
2012/03/08,0,832000,-314,831686
2012/03/09,0,370000,-63000,307000
2012/03/12,0,100000,-1000,99000
2012/03/13,0,0,0,0
2012/03/14,0,15000,-1000,14000
2012/03/15,0,0,-3000,-3000
2012/03/16,0,60000,-9000,51000
2012/03/19,0,50000,0,50000
2012/03/20,0,0,-1000,-1000
2012/03/21,0,0,0,0
2012/03/22,0,0,-1000,-1000
2012/03/23,0,0,0,0
2012/03/26,0,1150000,0,1150000
2012/03/27,0,389000,0,389000
2012/03/28,0,0,-106655,-106655
2012/03/29,0,8000,-200000,-192000
2012/03/30,0,6000,-1000,5000
2012/04/02,0,0,0,0
2012/04/03,0,0,0,0
2012/04/04,0,0,0,0
2012/04/05,0,46461,0,46461
2012/04/06,0,10000,0,10000
2012/04/09,0,0,0,0
2012/04/10,0,0,0,0
2012/04/11,0,0,0,0
2012/04/12,0,0,0,0
2012/04/13,0,0,0,0
2012/04/16,0,3000,0,3000
2012/04/17,0,0,0,0
2012/04/18,0,0,0,0
2012/04/19,0,0,-3000,-3000
2012/04/20,0,0,0,0
2012/04/23,0,148000,0,148000
2012/04/24,0,10000,0,10000
2012/04/25,0,0,0,0
2012/04/26,0,0,0,0
2012/04/27,0,0,0,0
2012/04/30,0,0,0,0
2012/05/01,0,0,0,0
2012/05/02,0,6000,0,6000
2012/05/03,0,3031000,-10106,3020894
2012/05/04,0,1245000,-6000,1239000
2012/05/07,0,10000,0,10000
2012/05/08,0,813000,0,813000
2012/05/09,0,0,0,0
2012/05/10,0,0,0,0
2012/05/11,0,30000,0,30000
2012/05/14,0,230000,0,230000
2012/05/15,0,4000,0,4000
2012/05/16,0,0,-80000,-80000
2012/05/17,0,30000,0,30000
2012/05/18,0,250000,0,250000
2012/05/21,0,0,0,0
2012/05/22,0,504000,0,504000
2012/05/23,0,217000,-31000,186000
2012/05/24,0,5000,0,5000
2012/05/25,0,2000,0,2000
2012/05/28,0,81000,-1100000,-1019000
2012/05/29,0,398000,-752050,-354050
2012/05/30,0,1477547,-801000,676547
2012/05/31,0,1000000,-1000,999000
2012/06/01,0,0,-100000,-100000
2012/06/04,0,1001000,-418000,583000
2012/06/05,0,737000,0,737000
2012/06/06,0,0,0,0
2012/06/07,0,0,0,0
2012/06/08,0,20000,0,20000
2012/06/11,0,595000,0,595000
2012/06/12,0,179000,0,179000
2012/06/13,0,713000,-12000,701000
2012/06/14,0,67000,-12000,55000
2012/06/15,0,0,0,0
2012/06/18,0,200000,0,200000
2012/06/19,0,0,-749000,-749000
2012/06/20,0,10000,-344000,-334000
2012/06/21,0,56000,0,56000
2012/06/22,0,0,0,0
2012/06/25,0,20000,-1000,19000
2012/06/26,0,94000,-7313,86687
2012/06/27,0,0,0,0
2012/06/28,0,0,-1000,-1000
2012/06/29,0,28000,0,28000
2012/07/02,0,252000,0,252000
2012/07/03,0,3462000,0,3462000
2012/07/04,0,1887000,0,1887000
2012/07/05,0,0,0,0
2012/07/06,0,281000,-373000,-92000
2012/07/09,0,0,-100000,-100000
2012/07/10,0,0,0,0
2012/07/11,0,1389000,-150000,1239000
2012/07/12,0,578000,-140000,438000
2012/07/13,0,918000,-230000,688000
2012/07/16,0,541000,-80000,461000
2012/07/17,0,593000,-30000,563000
2012/07/18,0,20000,-39000,-19000
2012/07/19,0,986000,-20000,966000
2012/07/20,0,218000,0,218000
2012/07/23,0,100000,-591000,-491000
2012/07/24,0,20000,-40000,-20000
2012/07/25,0,50000,-473000,-423000
2012/07/26,0,135000,-320000,-185000
2012/07/27,0,466000,-329000,137000
2012/07/30,0,186000,-200000,-14000
2012/07/31,0,70000,-612000,-542000
2012/08/01,0,0,-4000000,-4000000
2012/08/02,0,0,0,0
2012/08/03,0,446000,-535000,-89000
2012/08/06,0,201000,-307000,-106000
2012/08/07,0,728000,-62000,666000
2012/08/08,0,331000,-7000,324000
2012/08/09,0,126000,-685000,-559000
2012/08/10,0,1000,-58000,-57000
2012/08/13,0,380000,-2000,378000
2012/08/14,0,0,-1000,-1000
2012/08/15,0,506000,-5000,501000
2012/08/16,0,195000,-2000,193000
2012/08/17,0,98102,-1000,97102
2012/08/20,0,0,-1000,-1000
2012/08/21,0,0,-1000,-1000
2012/08/22,0,62000,-30000,32000
2012/08/23,0,468000,-1000,467000
2012/08/24,0,0,-150000,-150000
2012/08/27,0,1000,-350000,-349000
2012/08/28,0,395000,-29000,366000
2012/08/29,0,105000,-152000,-47000
2012/08/30,0,0,0,0
2012/08/31,0,2000,-1000,1000
2012/09/03,0,0,-1000,-1000
2012/09/04,0,0,-778000,-778000
2012/09/05,0,1000,-1000,0
2012/09/06,0,1000,-65000,-64000
2012/09/07,0,0,-451000,-451000
2012/09/10,0,0,-503000,-503000
2012/09/11,0,0,-413000,-413000
2012/09/12,0,105000,-217000,-112000
2012/09/13,0,41000,0,41000
2012/09/14,0,30000,-257000,-227000
2012/09/17,0,0,-18000,-18000
2012/09/18,0,159000,0,159000
2012/09/19,0,34000,-1000,33000
2012/09/20,0,0,0,0
2012/09/21,0,30000,0,30000
2012/09/24,0,400000,0,400000
2012/09/25,0,0,0,0
2012/09/26,0,500000,-1000,499000
2012/09/27,0,6000,0,6000
2012/09/28,0,2000,-1000,1000
2012/10/01,0,0,-37000,-37000
2012/10/02,0,0,-300000,-300000
2012/10/03,0,0,0,0
2012/10/04,0,0,0,0
2012/10/05,0,0,0,0
2012/10/08,0,0,-514000,-514000
2012/10/09,0,0,-144000,-144000
2012/10/10,0,0,0,0
2012/10/11,0,30000,-140000,-110000
2012/10/12,0,1000,0,1000
2012/10/15,0,0,0,0
2012/10/16,0,0,0,0
2012/10/17,0,1000,0,1000
2012/10/18,0,0,-389000,-389000
2012/10/19,0,25000,-300000,-275000
2012/10/22,0,0,-375000,-375000
2012/10/23,0,0,0,0
2012/10/24,0,0,-351000,-351000
2012/10/25,0,0,0,0
2012/10/26,0,0,-155000,-155000
2012/10/29,0,202909,0,202909
2012/10/30,0,0,-464000,-464000
2012/10/31,0,0,0,0
2012/11/01,0,0,-692000,-692000
2012/11/02,0,3000,-780000,-777000
2012/11/05,0,0,-25000,-25000
2012/11/06,0,0,-600000,-600000
2012/11/07,0,0,-300000,-300000
2012/11/08,0,0,0,0
2012/11/09,0,0,-803000,-803000
2012/11/12,0,0,0,0
2012/11/13,0,79000,-467000,-388000
2012/11/14,0,451000,0,451000
2012/11/15,0,0,-30000,-30000
2012/11/16,0,0,-391000,-391000
2012/11/19,0,0,0,0
2012/11/20,0,0,-3355000,-3355000
2012/11/21,0,373000,-924000,-551000
2012/11/22,0,1395000,0,1395000
2012/11/23,0,84000,0,84000
2012/11/26,0,958000,0,958000
2012/11/27,0,668000,0,668000
2012/11/28,0,118000,-3000,115000
2012/11/29,0,300000,0,300000
2012/11/30,0,625000,-2300,622700
2012/12/03,0,0,-4000,-4000
2012/12/04,0,0,-1000,-1000
2012/12/05,0,209000,0,209000
2012/12/06,0,1115000,0,1115000
2012/12/07,0,564000,0,564000
2012/12/10,0,637000,-452000,185000
2012/12/11,0,0,0,0
2012/12/12,0,399000,0,399000
2012/12/13,0,430000,-6000,424000
2012/12/14,0,340000,-324000,16000
2012/12/17,0,490000,0,490000
2012/12/18,0,0,-4000,-4000
2012/12/19,0,380000,0,380000
2012/12/20,0,0,-118000,-118000
2012/12/21,0,90000,-147000,-57000
2012/12/24,0,0,0,0
2012/12/25,0,0,-426000,-426000
2012/12/26,0,33000,0,33000
2012/12/27,0,33000,0,33000
2012/12/28,0,0,-119000,-119000
2012/12/31,0,0,0,0
2013/01/01,0,0,0,0
2013/01/02,0,0,-6000,-6000
2013/01/03,0,33000,-354000,-321000
2013/01/04,0,0,-2000,-2000
2013/01/07,0,4000,-919000,-915000
2013/01/08,0,0,-1000,-1000
2013/01/09,0,185000,0,185000
2013/01/10,0,1235000,-181000,1054000
2013/01/11,0,34000,0,34000
2013/01/14,0,1200000,0,1200000
2013/01/15,0,0,-1000,-1000
2013/01/16,0,24000,-1000,23000
2013/01/17,0,0,-54195,-54195
2013/01/18,0,0,-2000,-2000
2013/01/21,0,150000,-3000,147000
2013/01/22,0,0,-1000,-1000
2013/01/23,0,0,0,0
2013/01/24,0,1000,-2000,-1000
2013/01/25,0,0,-2000,-2000
2013/01/28,0,0,-5952000,-5952000
2013/01/29,0,240000,-1347000,-1107000
2013/01/30,0,120000,0,120000
2013/01/31,0,0,-1715000,-1715000
2013/02/01,0,5000,-372000,-367000
2013/02/04,0,10000,-2789000,-2779000
2013/02/05,0,0,-1990000,-1990000
2013/02/06,0,200000,-214000,-14000
2013/02/07,0,0,0,0
2013/02/08,0,0,0,0
2013/02/11,0,0,0,0
2013/02/12,0,0,0,0
2013/02/13,0,0,0,0
2013/02/14,0,0,0,0
2013/02/15,0,0,0,0
2013/02/18,0,0,-200,-200
2013/02/19,0,199000,-654000,-455000
2013/02/20,0,63000,-500000,-437000
2013/02/21,0,0,-1000,-1000
2013/02/22,0,0,-131000,-131000
2013/02/25,0,0,0,0
2013/02/26,0,0,0,0
2013/02/27,0,0,-650000,-650000
2013/02/28,0,0,0,0
2013/03/01,0,0,-600000,-600000
2013/03/04,0,0,-610000,-610000
2013/03/05,0,0,-333000,-333000
2013/03/06,0,0,0,0
2013/03/07,0,0,-5000,-5000
2013/03/08,0,0,-3000,-3000
2013/03/11,0,23000,0,23000
2013/03/12,0,1308000,0,1308000
2013/03/13,0,0,-586000,-586000
2013/03/14,0,0,0,0
2013/03/15,0,0,-2000,-2000
2013/03/18,0,0,-4000,-4000
2013/03/19,0,0,0,0
2013/03/20,0,0,0,0
2013/03/21,0,0,0,0
2013/03/22,0,0,-1000,-1000
2013/03/25,0,469000,0,469000
2013/03/26,0,55000,0,55000
2013/03/27,0,42000,-12000,30000
2013/03/28,0,100000,-1000,99000
2013/03/29,0,0,0,0
2013/04/01,0,0,-251000,-251000
2013/04/02,0,0,-50000,-50000
2013/04/03,0,0,0,0
2013/04/04,0,0,0,0
2013/04/05,0,0,0,0
2013/04/08,0,0,-4000,-4000
2013/04/09,0,0,0,0
2013/04/10,0,0,0,0
2013/04/11,0,0,-741000,-741000
2013/04/12,0,50000,-291000,-241000
2013/04/15,0,300000,0,300000
2013/04/16,0,300000,-360000,-60000
2013/04/17,0,66000,-50000,16000
2013/04/18,0,0,-1000,-1000
2013/04/19,0,0,-5272,-5272
2013/04/22,0,0,-186000,-186000
2013/04/23,0,0,-3000,-3000
2013/04/24,0,376000,0,376000
2013/04/25,0,45000,-4000,41000
2013/04/26,0,250000,-1000,249000
2013/04/29,0,142000,-1000,141000
2013/04/30,0,150000,0,150000
2013/05/01,0,0,0,0
2013/05/02,0,50000,-40000,10000
2013/05/03,0,0,-4000,-4000
2013/05/06,0,0,-46000,-46000
2013/05/07,0,0,0,0
2013/05/08,0,657000,0,657000
2013/05/09,0,1249000,0,1249000
2013/05/10,0,50000,0,50000
2013/05/13,0,29000,-5000,24000
2013/05/14,0,66000,-117000,-51000
2013/05/15,0,0,-200000,-200000
2013/05/16,0,0,-199000,-199000
2013/05/17,0,0,-101000,-101000
2013/05/20,0,0,-1000,-1000
2013/05/21,0,168000,0,168000
2013/05/22,0,0,-5000,-5000
2013/05/23,0,0,0,0
2013/05/24,0,187000,-202000,-15000
2013/05/27,0,110000,-199000,-89000
2013/05/28,0,0,-219000,-219000
2013/05/29,0,200000,-200000,0
2013/05/30,0,1000,0,1000
2013/05/31,0,0,-2000,-2000
2013/06/03,0,5000,0,5000
2013/06/04,0,283000,0,283000
2013/06/05,0,290000,0,290000
2013/06/06,0,187000,-18000,169000
2013/06/07,0,107000,-9000,98000
2013/06/10,0,0,0,0
2013/06/11,0,104000,0,104000
2013/06/12,0,0,0,0
2013/06/13,0,31000,0,31000
2013/06/14,0,0,0,0
2013/06/17,0,0,0,0
2013/06/18,0,100000,-1000,99000
2013/06/19,0,300000,0,300000
2013/06/20,0,0,0,0
2013/06/21,0,1000,-2000,-1000
2013/06/24,0,1000,-35000,-34000
2013/06/25,0,435000,0,435000
2013/06/26,0,42000,-2000,40000
2013/06/27,0,0,0,0
2013/06/28,0,59000,-30000,29000
2013/07/01,0,280000,-1000,279000
2013/07/02,0,250000,0,250000
2013/07/03,0,1008000,0,1008000
2013/07/04,0,208000,0,208000
2013/07/05,0,431000,-1000,430000
2013/07/08,0,0,-66000,-66000
2013/07/09,0,100000,0,100000
2013/07/10,0,0,0,0
2013/07/11,0,27020,0,27020
2013/07/12,0,20000,-2000,18000
2013/07/15,0,120000,0,120000
2013/07/16,0,18000,0,18000
2013/07/17,0,0,0,0
2013/07/18,0,1000,0,1000
2013/07/19,0,0,0,0
2013/07/22,0,0,0,0
2013/07/23,0,0,0,0
2013/07/24,0,1000,0,1000
2013/07/25,0,1000,0,1000
2013/07/26,0,10000,0,10000
2013/07/29,0,712000,0,712000
2013/07/30,0,40000,-1000,39000
2013/07/31,0,218000,-1000,217000
2013/08/01,0,20000,0,20000
2013/08/02,0,40000,0,40000
2013/08/05,0,184000,-1000,183000
2013/08/06,0,0,0,0
2013/08/07,0,60000,-66000,-6000
2013/08/08,0,45000,0,45000
2013/08/09,0,0,-471000,-471000
2013/08/12,0,341000,-680000,-339000
2013/08/13,0,0,-120000,-120000
2013/08/14,0,85000,-86000,-1000
2013/08/15,0,0,-310000,-310000
2013/08/16,0,0,-2000,-2000
2013/08/19,0,1000,0,1000
2013/08/20,0,0,0,0
2013/08/21,0,0,0,0
2013/08/22,0,1000,0,1000
2013/08/23,0,2000,0,2000
2013/08/26,0,3000,-290000,-287000
2013/08/27,0,0,-350000,-350000
2013/08/28,0,3000,-100000,-97000
2013/08/29,0,0,0,0
2013/08/30,0,1000,-66000,-65000
2013/09/02,0,0,0,0
2013/09/03,0,209423,-200000,9423
2013/09/04,0,66000,-203000,-137000
2013/09/05,0,69000,-108000,-39000
2013/09/06,0,63000,0,63000
2013/09/09,0,0,0,0
2013/09/10,0,88000,-2000,86000
2013/09/11,0,4000,0,4000
2013/09/12,0,36000,0,36000
2013/09/13,0,18000,-36000,-18000
2013/09/16,0,0,-208000,-208000
2013/09/17,0,0,-84000,-84000
2013/09/18,0,23000,-111000,-88000
2013/09/19,0,0,0,0
2013/09/20,0,0,0,0
2013/09/23,0,0,0,0
2013/09/24,0,0,0,0
2013/09/25,0,66000,-69000,-3000
2013/09/26,0,37000,0,37000
2013/09/27,0,27000,-17000,10000
2013/09/30,0,100000,0,100000
2013/10/01,0,1000,0,1000
2013/10/02,0,0,-2000,-2000
2013/10/03,0,2000,0,2000
2013/10/04,0,0,-2000,-2000
2013/10/07,0,0,0,0
2013/10/08,0,0,-529000,-529000
2013/10/09,0,0,-75000,-75000
2013/10/10,0,0,0,0
2013/10/11,0,0,0,0
2013/10/14,0,0,0,0
2013/10/15,0,0,-30000,-30000
2013/10/16,0,0,0,0
2013/10/17,0,0,0,0
2013/10/18,0,0,-120000,-120000
2013/10/21,0,0,0,0
2013/10/22,0,0,-7000,-7000
2013/10/23,0,0,-80000,-80000
2013/10/24,0,0,0,0
2013/10/25,0,0,0,0
2013/10/28,0,0,-10000,-10000
2013/10/29,0,0,-110000,-110000
2013/10/30,0,0,-370000,-370000
2013/10/31,0,0,-3000,-3000
2013/11/01,0,1000,-685000,-684000
2013/11/04,0,0,-56000,-56000
2013/11/05,0,0,0,0
2013/11/06,0,0,0,0
2013/11/07,0,0,-1166000,-1166000
2013/11/08,0,0,-319000,-319000
2013/11/11,0,0,-100000,-100000
2013/11/12,0,0,-100000,-100000
2013/11/13,0,0,-438000,-438000
2013/11/14,0,0,0,0
2013/11/15,0,0,0,0
2013/11/18,0,0,0,0
2013/11/19,0,0,0,0
2013/11/20,0,0,0,0
2013/11/21,0,250000,-1000,249000
2013/11/22,0,0,-400000,-400000
2013/11/25,0,0,-3254,-3254
2013/11/26,0,0,0,0
2013/11/27,0,0,-210000,-210000
2013/11/28,0,0,-433000,-433000
2013/11/29,0,0,0,0
2013/12/02,0,0,-912000,-912000
2013/12/03,0,0,0,0
2013/12/04,0,0,-500000,-500000
2013/12/05,0,0,0,0
2013/12/06,0,0,0,0
2013/12/09,0,0,-192000,-192000
2013/12/10,0,1000,-182000,-181000
2013/12/11,0,0,0,0
2013/12/12,0,0,0,0
2013/12/13,0,0,0,0
2013/12/16,0,0,0,0
2013/12/17,0,0,0,0
2013/12/18,0,0,0,0
2013/12/19,0,0,0,0
2013/12/20,0,0,-5000,-5000
2013/12/23,0,0,0,0
2013/12/24,0,0,-4000,-4000
2013/12/25,0,0,-3000,-3000
2013/12/26,0,0,-300000,-300000
2013/12/27,0,0,0,0
2013/12/30,0,0,-24000,-24000
2013/12/31,0,0,0,0
2014/01/02,0,0,-26000,-26000
2014/01/03,0,0,0,0
2014/01/06,0,0,-1000,-1000
2014/01/07,0,57000,0,57000
2014/01/08,0,0,0,0
2014/01/09,0,0,0,0
2014/01/10,0,0,0,0
2014/01/13,0,0,0,0
2014/01/14,0,0,0,0
2014/01/15,0,1000,-180000,-179000
2014/01/16,0,0,0,0
2014/01/17,0,0,-178000,-178000
2014/01/20,0,0,-450000,-450000
2014/01/21,0,0,-716000,-716000
2014/01/22,0,0,-7000,-7000
2014/01/23,0,0,0,0
2014/01/24,0,0,-46000,-46000
2014/01/27,0,0,-123000,-123000
2014/02/05,0,0,0,0
2014/02/06,0,0,0,0
2014/02/07,0,0,0,0
2014/02/10,0,0,0,0
2014/02/11,0,0,0,0
2014/02/12,0,0,0,0
2014/02/13,0,5552,0,5552
2014/02/14,0,0,0,0
2014/02/17,0,0,0,0
2014/02/18,0,0,0,0
2014/02/19,0,0,-11000,-11000
2014/02/20,0,0,-11000,-11000
2014/02/21,0,0,0,0
2014/02/24,0,2000,0,2000
2014/02/25,0,0,0,0
2014/02/26,0,0,0,0
2014/02/27,0,0,0,0
2014/03/03,0,0,0,0
2014/03/04,0,0,0,0
2014/03/05,0,0,0,0
2014/03/06,0,0,0,0
2014/03/07,0,0,0,0
2014/03/10,0,1136000,-2000,1134000
2014/03/11,0,624000,-1000,623000
2014/03/12,0,991000,0,991000
2014/03/13,0,716000,0,716000
2014/03/14,0,336000,-1000,335000
2014/03/17,0,414000,0,414000
2014/03/18,0,40000,0,40000
2014/03/19,0,0,0,0
2014/03/20,0,339000,0,339000
2014/03/21,0,3400000,-2000,3398000
2014/03/24,0,95000,0,95000
2014/03/25,0,320000,0,320000
2014/03/26,0,0,0,0
2014/03/27,0,0,0,0
2014/03/28,0,0,0,0
2014/03/31,0,0,0,0
2014/04/01,0,4000,0,4000
2014/04/02,0,0,0,0
2014/04/03,0,35000,-10000,25000
2014/04/07,0,0,-1000,-1000
2014/04/08,0,0,0,0
2014/04/09,0,0,-370000,-370000
2014/04/10,0,0,-5256,-5256
2014/04/11,0,45000,-300000,-255000
2014/04/14,0,0,0,0
2014/04/15,0,0,0,0
2014/04/16,0,0,0,0
2014/04/17,0,0,-1000,-1000
2014/04/18,0,130000,0,130000
2014/04/21,0,209000,0,209000
2014/04/22,0,0,-1000,-1000
2014/04/23,0,496000,0,496000
2014/04/24,0,0,0,0
2014/04/25,0,0,0,0
2014/04/28,0,0,0,0
2014/04/29,0,0,0,0
2014/04/30,0,1860000,-11000,1849000
2014/05/02,0,1355000,0,1355000
2014/05/05,0,58000,-3000,55000
2014/05/06,0,0,0,0
2014/05/07,0,63000,0,63000
2014/05/08,0,0,-2000,-2000
2014/05/09,0,0,0,0
2014/05/12,0,0,0,0
2014/05/13,0,56000,0,56000
2014/05/14,0,0,0,0
2014/05/15,0,130000,0,130000
2014/05/16,0,9000,0,9000
2014/05/19,0,19000,0,19000
2014/05/20,0,110000,0,110000
2014/05/21,0,0,0,0
2014/05/22,0,0,0,0
2014/05/23,0,60000,0,60000
2014/05/26,0,56000,0,56000
2014/05/27,0,49000,0,49000
2014/05/28,0,0,0,0
2014/05/29,0,0,-1000,-1000
2014/05/30,0,3000,0,3000
2014/06/03,0,0,-817000,-817000
2014/06/04,0,0,0,0
2014/06/05,0,0,-95000,-95000
2014/06/06,0,0,-29000,-29000
2014/06/09,0,0,-64000,-64000
2014/06/10,0,0,-591000,-591000
2014/06/11,0,29000,-3000,26000
2014/06/12,0,0,-106000,-106000
2014/06/13,0,0,-3000,-3000
2014/06/16,0,13000,-4000,9000
2014/06/17,0,36000,-150000,-114000
2014/06/18,0,0,-430000,-430000
2014/06/19,0,0,0,0
2014/06/20,0,24000,0,24000
2014/06/23,0,27900,-117000,-89100
2014/06/24,0,0,-1000,-1000
2014/06/25,0,0,-1000,-1000
2014/06/26,0,0,0,0
2014/06/27,0,0,0,0
2014/06/30,0,3000,-1000,2000
2014/07/01,0,0,-130000,-130000
2014/07/02,0,6139,0,6139
2014/07/03,0,0,-67000,-67000
2014/07/04,0,0,0,0
2014/07/07,0,0,-138000,-138000
2014/07/08,0,0,-1000,-1000
2014/07/09,0,0,0,0
2014/07/10,0,0,0,0
2014/07/11,0,0,0,0
2014/07/14,0,0,0,0
2014/07/15,0,0,-1000,-1000
2014/07/16,0,0,-95000,-95000
2014/07/17,0,5000,0,5000
2014/07/18,0,0,-44000,-44000
2014/07/21,0,0,-41000,-41000
2014/07/22,0,3000,-33000,-30000
2014/07/23,0,0,0,0
2014/07/24,0,152000,0,152000
2014/07/25,0,1000,-1238000,-1237000
2014/07/28,0,0,0,0
2014/07/29,0,228000,0,228000
2014/07/30,0,158000,-19000,139000
2014/07/31,0,10000,0,10000
2014/08/01,0,5000,0,5000
2014/08/04,0,0,0,0
2014/08/05,0,32000,0,32000
2014/08/06,0,204000,0,204000
2014/08/07,0,19000,0,19000
2014/08/08,0,15000,0,15000
2014/08/11,0,4000,0,4000
2014/08/12,0,3000,-2000,1000
2014/08/13,0,6000,0,6000
2014/08/14,0,603000,0,603000
2014/08/15,0,1000,-32000,-31000
2014/08/18,0,130000,0,130000
2014/08/19,0,773000,0,773000
2014/08/20,0,1636000,0,1636000
2014/08/21,0,517000,-1000,516000
2014/08/22,0,374000,0,374000
2014/08/25,0,703000,0,703000
2014/08/26,0,220000,0,220000
2014/08/27,0,213000,0,213000
2014/08/28,0,55000,0,55000
2014/08/29,0,1385000,0,1385000
2014/09/01,0,0,0,0
2014/09/02,0,1347000,0,1347000
2014/09/03,0,110000,0,110000
2014/09/04,0,233000,0,233000
2014/09/05,0,4000,0,4000
2014/09/09,0,379000,0,379000
2014/09/10,0,52000,0,52000
2014/09/11,0,5000,-593000,-588000
2014/09/12,0,334000,0,334000
2014/09/15,0,2000,-36000,-34000
2014/09/16,0,1000,0,1000
2014/09/17,0,49000,0,49000
2014/09/18,0,251000,0,251000
2014/09/19,0,217000,-768000,-551000
2014/09/22,0,45000,-1023192,-978192
2014/09/23,0,139000,0,139000
2014/09/24,0,42000,0,42000
2014/09/25,0,701000,0,701000
2014/09/26,0,356000,0,356000
2014/09/29,0,49000,0,49000
2014/09/30,0,6000,0,6000
2014/10/01,0,27000,0,27000
2014/10/02,0,7000,0,7000
2014/10/03,0,11000,-84000,-73000
2014/10/06,0,126000,0,126000
2014/10/07,0,1000,0,1000
2014/10/08,0,1000,0,1000
2014/10/09,0,202000,0,202000
2014/10/13,0,29000,0,29000
2014/10/14,0,5000,0,5000
2014/10/15,0,40000,0,40000
2014/10/16,0,0,0,0
2014/10/17,0,12000,-50000,-38000
2014/10/20,0,0,-100000,-100000
2014/10/21,0,2000,0,2000
2014/10/22,0,13000,0,13000
2014/10/23,0,4000,0,4000
2014/10/24,0,167000,0,167000
2014/10/27,0,0,0,0
2014/10/28,0,300000,0,300000
2014/10/29,0,2000,-631000,-629000
2014/10/30,0,0,0,0
2014/10/31,0,0,0,0
2014/11/03,0,200000,-1000,199000
2014/11/04,0,2000,0,2000
2014/11/05,0,0,0,0
2014/11/06,0,0,-501000,-501000
2014/11/07,0,69000,0,69000
2014/11/10,0,9000,0,9000
2014/11/11,0,5000,0,5000
2014/11/12,0,3000,0,3000
2014/11/13,0,0,0,0
2014/11/14,0,0,-160000,-160000
2014/11/17,0,0,-200000,-200000
2014/11/18,0,1000,0,1000
2014/11/19,0,0,-190000,-190000
2014/11/20,0,0,-1050000,-1050000
2014/11/21,0,0,0,0
2014/11/24,0,0,0,0
2014/11/25,0,0,-1000,-1000
2014/11/26,0,0,-80000,-80000
2014/11/27,0,0,-122000,-122000
2014/11/28,0,400000,-130000,270000
2014/12/01,0,0,0,0
2014/12/02,0,0,0,0
2014/12/03,0,0,-103000,-103000
2014/12/04,0,0,0,0
2014/12/05,0,0,-30000,-30000
2014/12/08,0,0,0,0
2014/12/09,0,0,0,0
2014/12/10,0,0,-181000,-181000
2014/12/11,0,94000,-4569,89431
2014/12/12,0,0,-1000,-1000
2014/12/15,0,0,-22000,-22000
2014/12/16,0,0,-5000,-5000
2014/12/17,0,0,-34000,-34000
2014/12/18,0,0,0,0
2014/12/19,0,0,-4000,-4000
2014/12/22,0,32000,0,32000
2014/12/23,0,3000,0,3000
2014/12/24,0,0,0,0
2014/12/25,0,0,0,0
2014/12/26,0,0,0,0
2014/12/29,0,0,0,0
2014/12/30,0,21000,0,21000
2014/12/31,0,1000,0,1000
2015/01/01,0,0,0,0
2015/01/02,0,0,0,0
2015/01/05,0,0,0,0
2015/01/06,0,0,0,0
2015/01/07,0,0,-89000,-89000
2015/01/08,0,0,-527000,-527000
2015/01/09,0,0,-1445000,-1445000
2015/01/12,0,0,-297000,-297000
2015/01/13,0,0,0,0
2015/01/14,0,0,0,0
2015/01/15,0,0,-755000,-755000
2015/01/16,0,0,-173000,-173000
2015/01/19,0,0,-615000,-615000
2015/01/20,0,131000,-518000,-387000
2015/01/21,0,420000,0,420000
2015/01/22,0,0,-1000,-1000
2015/01/23,0,0,-8000,-8000
2015/01/26,0,0,-814000,-814000
2015/01/27,0,0,-31000,-31000
2015/01/28,0,0,-766000,-766000
2015/01/29,0,0,-1048000,-1048000
2015/01/30,0,0,-235000,-235000
2015/02/02,0,0,0,0
2015/02/03,0,0,0,0
2015/02/04,0,0,-138000,-138000
2015/02/05,0,0,0,0
2015/02/06,0,0,-28000,-28000
2015/02/09,0,1000,0,1000
2015/02/10,0,0,0,0
2015/02/11,0,0,0,0
2015/02/12,0,0,0,0
2015/02/13,0,463000,-1000,462000
2015/02/16,0,0,0,0
2015/02/17,0,0,0,0
2015/02/18,0,0,0,0
2015/02/19,0,0,0,0
2015/02/20,0,0,0,0
2015/02/23,0,0,0,0
2015/02/24,0,0,-225000,-225000
2015/02/25,0,0,0,0
2015/02/26,0,0,-1000,-1000
2015/02/27,0,0,0,0
2015/03/02,0,0,0,0
2015/03/03,0,186000,0,186000
2015/03/04,0,167000,0,167000
2015/03/05,0,50000,0,50000
2015/03/06,0,0,-2000,-2000
2015/03/09,0,0,-1000,-1000
2015/03/10,0,0,-24000,-24000
2015/03/11,0,0,0,0
2015/03/12,0,0,-693,-693
2015/03/13,0,0,0,0
2015/03/16,0,0,0,0
2015/03/17,0,31000,0,31000
2015/03/18,0,45000,0,45000
2015/03/19,0,46000,0,46000
2015/03/20,0,246000,0,246000
2015/03/23,0,25000,0,25000
2015/03/24,0,45000,-32000,13000
2015/03/25,0,0,-27000,-27000
2015/03/26,0,0,0,0
2015/03/27,0,0,-27000,-27000
2015/03/30,0,0,0,0
2015/03/31,0,2000,-11000,-9000
2015/04/01,0,110000,0,110000
2015/04/02,0,0,0,0
2015/04/03,0,0,0,0
2015/04/06,0,0,0,0
2015/04/07,0,0,0,0
2015/04/08,0,0,0,0
2015/04/09,0,0,0,0
2015/04/10,0,0,0,0
2015/04/13,0,0,0,0
2015/04/14,0,0,0,0
2015/04/15,0,63000,0,63000
2015/04/16,0,0,0,0
2015/04/17,0,0,0,0
2015/04/20,0,0,0,0
2015/04/21,0,0,0,0
2015/04/22,0,0,0,0
2015/04/23,0,0,0,0
2015/04/24,0,0,-63000,-63000
2015/04/27,0,30000,0,30000
2015/04/28,0,64000,0,64000
2015/04/29,0,0,-1000,-1000
2015/04/30,0,0,-1000,-1000
2015/05/01,0,0,0,0
2015/05/04,0,267000,0,267000
2015/05/05,0,3240000,-167000,3073000
2015/05/06,0,2430000,0,2430000
2015/05/07,0,1660000,-22000,1638000
2015/05/08,0,645000,0,645000
2015/05/11,0,31000,0,31000
2015/05/12,0,430000,0,430000
2015/05/13,0,630000,0,630000
2015/05/14,0,121000,-352000,-231000
2015/05/15,0,160000,0,160000
2015/05/18,0,0,0,0
2015/05/19,0,163000,0,163000
2015/05/20,0,535000,-1000000,-465000
2015/05/21,0,213000,0,213000
2015/05/22,0,447000,0,447000
2015/05/25,0,130000,-55000,75000
2015/05/26,0,60000,0,60000
2015/05/27,0,0,-250000,-250000
2015/05/28,0,131000,-8000,123000
2015/05/29,0,133000,-3000,130000
2015/06/01,0,0,-796000,-796000
2015/06/02,0,0,-48000,-48000
2015/06/03,0,345000,0,345000
2015/06/04,0,0,-1065,-1065
2015/06/05,0,80000,-2000,78000
2015/06/08,0,0,-110000,-110000
2015/06/09,0,0,-104000,-104000
2015/06/10,0,220000,0,220000
2015/06/11,0,20000,0,20000
2015/06/12,0,30000,-220000,-190000
2015/06/15,0,113000,-55000,58000
2015/06/16,0,58000,-55000,3000
2015/06/17,0,330000,0,330000
2015/06/18,0,140000,-1000,139000
2015/06/19,0,0,0,0
2015/06/22,0,18000,-6000,12000
2015/06/23,0,0,0,0
2015/06/24,0,0,0,0
2015/06/25,0,169000,0,169000
2015/06/26,0,172000,-47000,125000
2015/06/29,0,0,0,0
2015/06/30,0,10000,-886000,-876000
2015/07/01,0,32000,-256000,-224000
2015/07/02,0,5000,-100000,-95000
2015/07/03,0,0,-156000,-156000
2015/07/06,0,0,-113000,-113000
2015/07/07,0,0,-170000,-170000
2015/07/08,0,0,0,0
2015/07/09,0,0,-164000,-164000
2015/07/10,0,0,0,0
2015/07/13,0,20000,-17000,3000
2015/07/14,0,52000,-417000,-365000
2015/07/15,0,4000,-769000,-765000
2015/07/16,0,0,0,0
2015/07/17,0,7000,-537000,-530000
2015/07/20,0,50000,-313000,-263000
2015/07/21,0,0,0,0
2015/07/22,0,117000,-148000,-31000
2015/07/23,0,0,-177000,-177000
2015/07/24,0,15000,0,15000
2015/07/27,0,0,-100000,-100000
2015/07/28,0,8000,-374000,-366000
2015/07/29,0,118000,0,118000
2015/07/30,0,386000,0,386000
2015/07/31,0,50000,0,50000
2015/08/03,0,54000,0,54000
2015/08/04,0,50000,0,50000
2015/08/05,0,50000,0,50000
2015/08/06,0,237000,-122000,115000
2015/08/07,0,98000,0,98000
2015/08/10,0,236000,-50000,186000
2015/08/11,0,1000,-10000,-9000
2015/08/12,0,0,0,0
2015/08/13,0,2000,0,2000
2015/08/14,0,0,-10000,-10000
2015/08/17,0,250000,0,250000
2015/08/18,0,0,0,0
2015/08/19,0,74000,-10000,64000
2015/08/20,0,30000,0,30000
2015/08/21,0,0,-230000,-230000
2015/08/24,0,471000,0,471000
2015/08/25,0,0,-330,-330
2015/08/26,0,29000,0,29000
2015/08/27,0,20000,0,20000
2015/08/28,0,35000,-238000,-203000
2015/08/31,0,102000,-19000,83000
2015/09/01,0,86000,-12000,74000
2015/09/02,0,0,-10000,-10000
2015/09/03,0,137000,0,137000
2015/09/04,0,0,0,0
2015/09/07,0,5000,0,5000
2015/09/08,0,3000,0,3000
2015/09/09,0,0,0,0
2015/09/10,0,0,0,0
2015/09/11,0,2000,-96000,-94000
2015/09/14,0,1000,-40000,-39000
2015/09/15,0,1000,-80000,-79000
2015/09/16,0,280000,-348000,-68000
2015/09/17,0,80000,-327000,-247000
2015/09/18,0,88000,-1722000,-1634000
2015/09/21,0,62000,-131000,-69000
2015/09/22,0,1063,0,1063
2015/09/23,0,0,-70000,-70000
2015/09/24,0,16000,0,16000
2015/09/25,0,0,-217000,-217000
2015/09/28,0,0,0,0
2015/09/29,0,0,0,0
2015/09/30,0,0,0,0
2015/10/01,0,81000,-367000,-286000
2015/10/02,0,7000,-147000,-140000
2015/10/05,0,1000,-357000,-356000
2015/10/06,0,0,0,0
2015/10/07,0,70000,-565000,-495000
2015/10/08,0,40000,0,40000
2015/10/09,0,0,0,0
2015/10/12,0,0,0,0
2015/10/13,0,145000,0,145000
2015/10/14,0,23000,0,23000
2015/10/15,0,3072000,-136000,2936000
2015/10/16,0,502000,0,502000
2015/10/19,0,250000,0,250000
2015/10/20,0,0,0,0
2015/10/21,0,454000,0,454000
2015/10/22,0,0,0,0
2015/10/23,0,666000,-34000,632000
2015/10/26,0,0,0,0
2015/10/27,0,480000,0,480000
2015/10/28,0,2672000,0,2672000
2015/10/29,0,1564000,0,1564000
2015/10/30,0,1376000,-410000,966000
2015/11/02,0,191000,-1500000,-1309000
2015/11/03,0,113000,-320000,-207000
2015/11/04,0,2740000,-340000,2400000
2015/11/05,0,777000,-210000,567000
2015/11/06,0,535000,-426000,109000
2015/11/09,0,704000,0,704000
2015/11/10,0,1215000,0,1215000
2015/11/11,0,408000,-100000,308000
2015/11/12,0,400000,-503000,-103000
2015/11/13,0,0,-313000,-313000
2015/11/16,0,1200000,0,1200000
2015/11/17,0,0,-1208000,-1208000
2015/11/18,0,574000,0,574000
2015/11/19,0,250000,-176000,74000
2015/11/20,0,0,-111000,-111000
2015/11/23,0,0,-2000,-2000
2015/11/24,0,0,0,0
2015/11/25,0,0,0,0
2015/11/26,0,192000,0,192000
2015/11/27,0,208000,-110000,98000
2015/11/30,0,0,-50000,-50000
2015/12/01,0,0,-372000,-372000
2015/12/02,0,40000,-1176000,-1136000
2015/12/03,0,0,-19000,-19000
2015/12/04,0,60000,-260000,-200000
2015/12/07,0,61000,-115000,-54000
2015/12/08,0,100000,-142000,-42000
2015/12/09,0,0,-423000,-423000
2015/12/10,0,0,-60000,-60000
2015/12/11,0,0,0,0
2015/12/14,0,350000,-292457,57543
2015/12/15,0,33000,-38000,-5000
2015/12/16,0,26000,0,26000
2015/12/17,0,25000,0,25000
2015/12/18,0,60000,-753000,-693000
2015/12/21,0,12000,-892000,-880000
2015/12/22,0,1000,-438000,-437000
2015/12/23,0,0,-200000,-200000
2015/12/24,0,0,-24000,-24000
2015/12/25,0,0,-59000,-59000
2015/12/28,0,3000,-1711000,-1708000
2015/12/29,0,1000,0,1000
2015/12/30,0,0,-619000,-619000
2015/12/31,0,0,-1367000,-1367000
2016/01/01,0,0,0,0
2016/01/04,0,0,-230000,-230000
2016/01/05,0,100000,-50000,50000
2016/01/06,0,200000,-1074000,-874000
2016/01/07,0,558000,0,558000
2016/01/08,0,738000,0,738000
2016/01/11,0,560000,0,560000
2016/01/12,0,80000,0,80000
2016/01/13,0,0,0,0
2016/01/14,0,130000,0,130000
2016/01/15,0,620000,-4000,616000
2016/01/18,0,100000,0,100000
2016/01/19,0,0,-964000,-964000
2016/01/20,0,200000,-4000,196000
2016/01/21,0,158000,0,158000
2016/01/22,0,0,-573000,-573000
2016/01/25,0,30000,-122000,-92000
2016/01/26,0,0,0,0
2016/01/27,0,0,0,0
2016/01/28,0,0,0,0
2016/01/29,0,0,0,0
2016/02/01,0,10000,-100000,-90000
2016/02/02,0,292000,-584000,-292000
2016/02/03,0,142000,-418000,-276000
2016/02/04,0,0,0,0
2016/02/05,0,0,0,0
2016/02/08,0,0,0,0
2016/02/09,0,0,0,0
2016/02/10,0,0,0,0
2016/02/11,0,0,0,0
2016/02/12,0,0,0,0
2016/02/15,0,8000,-452,7548
2016/02/16,0,75000,0,75000
2016/02/17,0,0,0,0
2016/02/18,0,241000,-1000000,-759000
2016/02/19,0,0,-618000,-618000
2016/02/22,0,0,0,0
2016/02/23,0,0,-53000,-53000
2016/02/24,0,0,-1584000,-1584000
2016/02/25,0,0,-330000,-330000
2016/02/26,0,0,0,0
2016/02/29,0,0,0,0
2016/03/01,0,0,-40000,-40000
2016/03/02,0,0,-11000,-11000
2016/03/03,0,0,-7000,-7000
2016/03/04,0,0,-506000,-506000
2016/03/07,0,0,-952000,-952000
2016/03/08,0,12000,-1794000,-1782000
2016/03/09,0,0,-1438000,-1438000
2016/03/10,0,0,-20000,-20000
2016/03/11,0,0,-90000,-90000
2016/03/14,0,0,-40000,-40000
2016/03/15,0,0,-51000,-51000
2016/03/16,0,0,0,0
2016/03/17,0,0,0,0
2016/03/18,0,0,-324000,-324000
2016/03/21,0,86000,-5000,81000
2016/03/22,0,0,-95000,-95000
2016/03/23,0,0,0,0
2016/03/24,0,0,-301000,-301000
2016/03/25,0,0,-36000,-36000
2016/03/28,0,250000,0,250000
2016/03/29,0,0,0,0
2016/03/30,0,0,-34000,-34000
2016/03/31,0,0,0,0
2016/04/01,0,0,0,0
2016/04/04,0,0,0,0
2016/04/05,0,0,0,0
2016/04/06,0,188000,0,188000
2016/04/07,0,0,0,0
2016/04/08,0,26000,0,26000
2016/04/11,0,26000,0,26000
2016/04/12,0,1000,0,1000
2016/04/13,0,126000,0,126000
2016/04/14,0,0,0,0
2016/04/15,0,1000,-18000,-17000
2016/04/18,0,18000,-18000,0
2016/04/19,0,0,0,0
2016/04/20,0,52000,-11000,41000
2016/04/21,0,0,0,0
2016/04/22,0,0,0,0
2016/04/25,0,0,-424000,-424000
2016/04/26,0,0,0,0
2016/04/27,0,0,-64000,-64000
2016/04/28,0,20000,-250000,-230000
2016/04/29,0,0,-242000,-242000
2016/05/02,0,0,0,0
2016/05/03,0,0,-2000,-2000
2016/05/04,0,10000,-117000,-107000
2016/05/05,0,30000,-161000,-131000
2016/05/06,0,20000,0,20000
2016/05/09,0,0,0,0
2016/05/10,0,62,0,62
2016/05/11,0,0,0,0
2016/05/12,0,0,0,0
2016/05/13,0,0,0,0
2016/05/16,0,0,0,0
2016/05/17,0,0,0,0
2016/05/18,0,0,0,0
2016/05/19,0,0,0,0
2016/05/20,0,0,-20000,-20000
2016/05/23,0,0,-10000,-10000
2016/05/24,0,0,0,0
2016/05/25,0,0,0,0
2016/05/26,0,17000,-1000,16000
2016/05/27,0,0,-20000,-20000
2016/05/30,0,0,0,0
2016/05/31,0,300000,-63000,237000
2016/06/01,0,100000,0,100000
2016/06/02,0,100000,0,100000
2016/06/03,0,0,0,0
2016/06/06,0,0,0,0
2016/06/07,0,0,0,0
2016/06/08,0,0,0,0
2016/06/09,0,0,0,0
2016/06/10,0,0,0,0
2016/06/13,0,16000,-11000,5000
2016/06/14,0,0,0,0
2016/06/15,0,0,-250000,-250000
2016/06/16,0,16000,-33000,-17000
2016/06/17,0,41000,0,41000
2016/06/20,0,0,0,0
2016/06/21,0,32000,0,32000
2016/06/22,0,0,-10000,-10000
2016/06/23,0,0,-100000,-100000
2016/06/24,0,0,-1000,-1000
2016/06/27,0,54000,-29000,25000
2016/06/28,0,0,-14000,-14000
2016/06/29,0,0,-37000,-37000
2016/06/30,0,0,0,0
2016/07/01,0,0,-182000,-182000
2016/07/04,0,0,0,0
2016/07/05,0,0,-27000,-27000
2016/07/06,0,0,-81000,-81000
2016/07/07,0,0,0,0
2016/07/08,0,0,0,0
2016/07/11,0,22000,0,22000
2016/07/12,0,40000,0,40000
2016/07/13,0,0,0,0
2016/07/14,0,0,-137000,-137000
2016/07/15,0,0,-90000,-90000
2016/07/18,0,0,-50000,-50000
2016/07/19,0,159000,0,159000
2016/07/20,0,0,-145000,-145000
2016/07/21,0,1000,-3000,-2000
2016/07/22,0,41000,-3000,38000
2016/07/25,0,8000,0,8000
2016/07/26,0,3000,0,3000
2016/07/27,0,735000,-36000,699000
2016/07/28,0,582000,-200000,382000
2016/07/29,0,29013,-12000,17013
2016/08/01,0,373000,-80000,293000
2016/08/02,0,670000,-1000,669000
2016/08/03,0,0,-601000,-601000
2016/08/04,0,0,-56000,-56000
2016/08/05,0,423000,-174000,249000
2016/08/08,0,50000,-111000,-61000
2016/08/09,0,263000,0,263000
2016/08/10,0,427000,0,427000
2016/08/11,0,0,0,0
2016/08/12,0,43000,-11000,32000
2016/08/15,0,241000,-101000,140000
2016/08/16,0,49000,-11000,38000
2016/08/17,0,2000,0,2000
2016/08/18,0,43000,-235000,-192000
2016/08/19,0,17000,0,17000
2016/08/22,0,0,-88000,-88000
2016/08/23,0,3000,-1000,2000
2016/08/24,0,22000,-1000,21000
2016/08/25,0,29000,-10000,19000
2016/08/26,0,0,0,0
2016/08/29,0,5000,0,5000
2016/08/30,0,5000,0,5000
2016/08/31,0,0,0,0
2016/09/01,0,0,0,0
2016/09/02,0,0,-10000,-10000
2016/09/05,0,200000,0,200000
2016/09/06,0,0,-10000,-10000
2016/09/07,0,100000,0,100000
2016/09/08,0,30000,-87000,-57000
2016/09/09,0,0,0,0
2016/09/12,0,0,-3000,-3000
2016/09/13,0,0,-123000,-123000
2016/09/14,0,0,-461000,-461000
2016/09/15,0,0,0,0
2016/09/16,0,0,0,0
2016/09/19,0,0,0,0
2016/09/20,0,0,0,0
2016/09/21,0,0,0,0
2016/09/22,0,92000,0,92000
2016/09/23,0,129000,0,129000
2016/09/26,0,0,0,0
2016/09/27,0,0,0,0
2016/09/28,0,0,0,0
2016/09/29,0,0,0,0
2016/09/30,0,193,0,193
2016/10/03,0,323000,0,323000
2016/10/04,0,0,0,0
2016/10/05,0,0,-14000,-14000
2016/10/06,0,0,-29000,-29000
2016/10/07,0,102000,0,102000
2016/10/10,0,0,0,0
2016/10/11,0,294000,0,294000
2016/10/12,0,0,0,0
2016/10/13,0,105000,0,105000
2016/10/14,0,0,0,0
2016/10/17,0,0,0,0
2016/10/18,0,0,0,0
2016/10/19,0,211000,0,211000
2016/10/20,0,265000,-15000,250000
2016/10/21,0,342000,-141000,201000
2016/10/24,0,35000,-95000,-60000
2016/10/25,0,54000,-16000,38000
2016/10/26,0,373000,0,373000
2016/10/27,0,323000,-100000,223000
2016/10/28,0,121000,-100000,21000
2016/10/31,0,4000,-100000,-96000
2016/11/01,0,0,0,0
2016/11/02,0,42013,0,42013
2016/11/03,0,231000,-72000,159000
2016/11/04,0,10000,0,10000
2016/11/07,0,397000,0,397000
2016/11/08,0,135000,0,135000
2016/11/09,0,30000,0,30000
2016/11/10,0,489000,0,489000
2016/11/11,0,30000,0,30000
2016/11/14,0,260000,-150000,110000
2016/11/15,0,300000,-150000,150000
2016/11/16,0,14000,0,14000
2016/11/17,0,310000,0,310000
2016/11/18,0,179000,0,179000
2016/11/21,0,792000,0,792000
2016/11/22,0,373000,0,373000
2016/11/23,0,100000,0,100000
2016/11/24,0,100000,0,100000
2016/11/25,0,233000,0,233000
2016/11/28,0,0,0,0
2016/11/29,0,493500,-95000,398500
2016/11/30,0,425000,0,425000
2016/12/01,0,180000,0,180000
2016/12/02,0,179000,0,179000
2016/12/05,0,163000,-251000,-88000
2016/12/06,0,193000,-533000,-340000
2016/12/07,0,411000,-13000,398000
2016/12/08,0,688000,0,688000
2016/12/09,0,126000,0,126000
2016/12/12,0,200000,0,200000
2016/12/13,0,465000,0,465000
2016/12/14,0,624000,0,624000
2016/12/15,0,110000,0,110000
2016/12/16,0,55000,0,55000
2016/12/19,0,55000,0,55000
2016/12/20,0,65000,-3000,62000
2016/12/21,0,374000,-75000,299000
2016/12/22,0,170000,-23000,147000
2016/12/23,0,70000,-60000,10000
2016/12/26,0,0,-80000,-80000
2016/12/27,0,6000,0,6000
2016/12/28,0,0,-220000,-220000
2016/12/29,0,0,-68000,-68000
2016/12/30,0,52000,0,52000
2017/01/02,0,0,0,0
2017/01/03,0,0,-10000,-10000
2017/01/04,0,0,-10000,-10000
2017/01/05,0,0,-3000,-3000
2017/01/06,0,0,-17000,-17000
2017/01/09,0,136000,0,136000
2017/01/10,0,20000,-411000,-391000
2017/01/11,0,175000,-170000,5000
2017/01/12,0,69000,-170000,-101000
2017/01/13,0,132000,-72000,60000
2017/01/16,0,200000,-35000,165000
2017/01/17,0,80000,-16000,64000
2017/01/18,0,93000,-39000,54000
2017/01/19,0,160000,-261000,-101000
2017/01/20,0,174000,0,174000
2017/01/23,0,500269,-8000,492269
2017/01/24,0,813000,-35000,778000
2017/01/25,0,0,0,0
2017/01/26,0,0,0,0
2017/01/27,0,0,0,0
2017/01/30,0,0,0,0
2017/01/31,0,0,0,0
2017/02/01,0,0,0,0
2017/02/02,0,628000,-35000,593000
2017/02/03,0,469000,0,469000
2017/02/06,0,300000,-36000,264000
2017/02/07,0,0,0,0
2017/02/08,0,87000,-36400,50600
2017/02/09,0,180000,-36000,144000
2017/02/10,0,182000,-36000,146000
2017/02/13,0,0,0,0
2017/02/14,0,83000,0,83000
2017/02/15,0,42000,0,42000
2017/02/16,0,0,-85000,-85000
2017/02/17,0,0,-66000,-66000
2017/02/20,0,0,-353000,-353000
2017/02/21,0,141000,0,141000
2017/02/22,0,0,0,0
2017/02/23,0,0,-70000,-70000
2017/02/24,0,20000,0,20000
2017/02/27,0,0,0,0
2017/02/28,0,0,0,0
2017/03/01,0,10000,-320000,-310000
2017/03/02,0,10000,0,10000
2017/03/03,0,0,-100000,-100000
2017/03/06,0,0,-44000,-44000
2017/03/07,0,0,-59000,-59000
2017/03/08,0,122000,0,122000
2017/03/09,0,57000,0,57000
2017/03/10,0,0,-207000,-207000
2017/03/13,0,0,0,0
2017/03/14,0,0,0,0
2017/03/15,0,0,-531000,-531000
2017/03/16,0,0,0,0
2017/03/17,0,30000,-2000,28000
2017/03/20,0,19000,-18000,1000
2017/03/21,0,0,-7000,-7000
2017/03/22,0,0,-80000,-80000
2017/03/23,0,0,-400000,-400000
2017/03/24,0,0,-45000,-45000
2017/03/27,0,1000,-16000,-15000
2017/03/28,0,0,-255000,-255000
2017/03/29,0,50000,0,50000
2017/03/30,0,0,-152000,-152000
2017/03/31,0,0,0,0
2017/04/03,0,0,0,0
2017/04/04,0,0,0,0
2017/04/05,0,0,-171000,-171000
2017/04/06,0,0,-200000,-200000
2017/04/07,0,0,-300000,-300000
2017/04/10,0,0,-14000,-14000
2017/04/11,0,0,-44000,-44000
2017/04/12,0,0,-74000,-74000
2017/04/13,0,0,-610000,-610000
2017/04/14,0,0,-396000,-396000
2017/04/17,0,247000,-114000,133000
2017/04/18,0,102000,-144000,-42000
2017/04/19,0,0,0,0
2017/04/20,0,0,-96000,-96000
2017/04/21,0,42000,-66000,-24000
2017/04/24,0,0,0,0
2017/04/25,0,0,-29,-29
2017/04/26,0,418000,-94000,324000
2017/04/27,0,109000,-9000,100000
2017/04/28,0,104000,0,104000
2017/05/01,0,0,0,0
2017/05/02,0,0,-1000,-1000
2017/05/03,0,40000,0,40000
2017/05/04,0,44979,-139000,-94021
2017/05/05,0,3712,-196000,-192288
2017/05/08,0,0,-21000,-21000
2017/05/09,0,10000,-272000,-262000
2017/05/10,0,0,-388000,-388000
2017/05/11,0,0,-9000,-9000
2017/05/12,0,0,-100000,-100000
2017/05/15,0,114000,-22000,92000
2017/05/16,0,89000,0,89000
2017/05/17,0,0,0,0
2017/05/18,0,0,0,0
2017/05/19,0,0,-284000,-284000
2017/05/22,0,0,0,0
2017/05/23,0,0,0,0
2017/05/24,0,112000,-74000,38000
2017/05/25,0,0,-143000,-143000
2017/05/26,0,181000,-289000,-108000
2017/05/29,0,0,0,0
2017/05/30,0,0,0,0
2017/05/31,0,2000,0,2000
2017/06/01,0,0,0,0
2017/06/02,0,0,-510000,-510000
2017/06/05,0,16000,-388000,-372000
2017/06/06,0,27000,-210000,-183000
2017/06/07,0,0,-1000,-1000
2017/06/08,0,33000,0,33000
2017/06/09,0,36000,-79000,-43000
2017/06/12,0,0,0,0
2017/06/13,0,0,0,0
2017/06/14,0,15000,-150000,-135000
2017/06/15,0,0,-66000,-66000
2017/06/16,0,0,-166300,-166300
2017/06/19,0,28000,-2000,26000
2017/06/20,0,81000,-62885,18115
2017/06/21,0,102000,0,102000
2017/06/22,0,15000,-35000,-20000
2017/06/23,0,0,-1000,-1000
2017/06/26,0,90000,-1000,89000
2017/06/27,0,0,-206000,-206000
2017/06/28,0,1000,-208878,-207878
2017/06/29,0,0,-170000,-170000
2017/06/30,0,0,-59000,-59000
2017/07/03,0,2000,-116000,-114000
2017/07/04,0,52000,-533000,-481000
2017/07/05,0,50000,-332000,-282000
2017/07/06,0,0,0,0
2017/07/07,0,0,-76000,-76000
2017/07/10,0,35000,-201000,-166000
2017/07/11,0,30000,0,30000
2017/07/12,0,10000,-1896,8104
2017/07/13,0,13000,-2000,11000
2017/07/14,0,47000,-206000,-159000
2017/07/17,0,0,-448071,-448071
2017/07/18,0,2000,-322000,-320000
2017/07/19,0,60000,-244000,-184000
2017/07/20,0,8600,-21000,-12400
2017/07/21,0,0,-200000,-200000
2017/07/24,0,0,0,0
2017/07/25,0,0,-265000,-265000
2017/07/26,0,0,-2915000,-2915000
2017/07/27,0,52000,-271000,-219000
2017/07/28,0,0,-183000,-183000
2017/07/31,0,25000,-430000,-405000
2017/08/01,0,0,-230000,-230000
2017/08/02,0,53000,-240000,-187000
2017/08/03,0,15000,-77000,-62000
2017/08/04,0,44000,-177000,-133000
2017/08/07,0,3000,-4000,-1000
2017/08/08,0,0,-94000,-94000
2017/08/09,0,7000,0,7000
2017/08/10,0,4000,-40000,-36000
2017/08/11,0,0,-136000,-136000
2017/08/14,0,0,0,0
2017/08/15,0,115000,0,115000
2017/08/16,0,41000,0,41000
2017/08/17,0,34000,-56000,-22000
2017/08/18,0,20000,-103000,-83000
