Date,Open,Buy,Sell,Total
2007/01/02,0,159000,-81000,78000
2007/01/03,0,289000,-2731500,-2442500
2007/01/04,0,3676000,-1434000,2242000
2007/01/05,0,860000,-922000,-62000
2007/01/08,0,30000,-434623,-404623
2007/01/09,0,664642,-3043000,-2378358
2007/01/10,0,807000,-126000,681000
2007/01/11,0,1287000,-372000,915000
2007/01/12,0,220000,-257000,-37000
2007/01/15,0,828000,-1490000,-662000
2007/01/16,0,1093000,-265000,828000
2007/01/17,0,397000,-1096000,-699000
2007/01/18,0,4017000,-1191950,2825050
2007/01/19,0,777000,-661000,116000
2007/01/22,0,5086000,-1301000,3785000
2007/01/23,0,330000,-2439000,-2109000
2007/01/24,0,1874000,-106000,1768000
2007/01/25,0,1733000,-312000,1421000
2007/01/26,0,404000,-546000,-142000
2007/01/29,0,3199000,-31100,3167900
2007/01/30,0,1603000,-1430050,172950
2007/01/31,0,2506000,-1872000,634000
2007/02/01,0,1858387,-2146290,-287903
2007/02/02,0,2408000,-865794,1542206
2007/02/05,0,1210000,-2173000,-963000
2007/02/06,0,493000,-1873000,-1380000
2007/02/07,0,1067000,-433673,633327
2007/02/08,0,550000,-639550,-89550
2007/02/09,0,133000,-215000,-82000
2007/02/12,0,964000,-593000,371000
2007/02/13,0,1151000,-265000,886000
2007/02/14,0,414000,-599950,-185950
2007/02/15,0,0,0,0
2007/02/16,0,0,0,0
2007/02/19,0,0,0,0
2007/02/20,0,0,0,0
2007/02/21,0,0,0,0
2007/02/22,0,0,0,0
2007/02/23,0,0,0,0
2007/02/26,0,2544000,-1394000,1150000
2007/02/27,0,533000,-113000,420000
2007/02/28,0,0,0,0
2007/03/01,0,1088000,-1577599,-489599
2007/03/02,0,1421000,-740140,680860
2007/03/05,0,614000,-3549894,-2935894
2007/03/06,0,828000,-1742000,-914000
2007/03/07,0,1488000,-57000,1431000
2007/03/08,0,1466000,-2417450,-951450
2007/03/09,0,496000,-602148,-106148
2007/03/12,0,625000,-437000,188000
2007/03/13,0,1656000,-482000,1174000
2007/03/14,0,903000,-1300000,-397000
2007/03/15,0,118000,-1000,117000
2007/03/16,0,97000,-21000,76000
2007/03/19,0,459000,-65000,394000
2007/03/20,0,3000,-174000,-171000
2007/03/21,0,1041200,-842000,199200
2007/03/22,0,809000,-1749000,-940000
2007/03/23,0,3083000,-1483000,1600000
2007/03/26,0,627000,-320000,307000
2007/03/27,0,778000,-5313000,-4535000
2007/03/28,0,1329000,-2527000,-1198000
2007/03/29,0,1211000,-2216000,-1005000
2007/03/30,0,4722800,-373950,4348850
2007/04/02,0,2023000,-281300,1741700
2007/04/03,0,1304000,-1332000,-28000
2007/04/04,0,2163000,-761000,1402000
2007/04/05,0,0,0,0
2007/04/06,0,0,0,0
2007/04/09,0,214000,-357000,-143000
2007/04/10,0,95000,-902000,-807000
2007/04/11,0,961000,-788000,173000
2007/04/12,0,85000,-293100,-208100
2007/04/13,0,719000,-232000,487000
2007/04/16,0,821200,-423000,398200
2007/04/17,0,519000,-772000,-253000
2007/04/18,0,643900,-5117610,-4473710
2007/04/19,0,32500,-390000,-357500
2007/04/20,0,978000,-804000,174000
2007/04/23,0,2499000,-272000,2227000
2007/04/24,0,646000,-147450,498550
2007/04/25,0,1788000,-40000,1748000
2007/04/26,0,3044000,-1806450,1237550
2007/04/27,0,2696000,-566000,2130000
2007/04/30,0,2167000,-773800,1393200
2007/05/01,0,0,0,0
2007/05/02,0,1855000,-400000,1455000
2007/05/03,0,4538000,-281000,4257000
2007/05/04,0,2300000,-1353000,947000
2007/05/07,0,446000,-207000,239000
2007/05/08,0,44000,-12000,32000
2007/05/09,0,113000,-923000,-810000
2007/05/10,0,33000,-1359000,-1326000
2007/05/11,0,570000,-776000,-206000
2007/05/14,0,731000,-1520050,-789050
2007/05/15,0,422000,-2875800,-2453800
2007/05/16,0,205000,-972000,-767000
2007/05/17,0,670000,-996000,-326000
2007/05/18,0,1970000,-6369500,-4399500
2007/05/21,0,426000,-2399000,-1973000
2007/05/22,0,736000,-1654800,-918800
2007/05/23,0,518000,-1444082,-926082
2007/05/24,0,805500,-1647600,-842100
2007/05/25,0,333000,-231000,102000
2007/05/28,0,2357000,-175000,2182000
2007/05/29,0,2054000,-286000,1768000
2007/05/30,0,451000,-321000,130000
2007/05/31,0,9731670,-4399000,5332670
2007/06/01,0,2155000,-3714900,-1559900
2007/06/04,0,456000,-33000,423000
2007/06/05,0,1035000,-66000,969000
2007/06/06,0,445000,-2149000,-1704000
2007/06/07,0,337000,-834000,-497000
2007/06/08,0,104000,-3749700,-3645700
2007/06/11,0,988000,-2826000,-1838000
2007/06/12,0,8883000,-6136950,2746050
2007/06/13,0,3409000,-391000,3018000
2007/06/14,0,3536000,-1340000,2196000
2007/06/15,0,6793000,-1047000,5746000
2007/06/18,0,0,0,0
2007/06/19,0,0,0,0
2007/06/20,0,12708000,-2628650,10079350
2007/06/21,0,6734000,-1777000,4957000
2007/06/22,0,3082000,-1022000,2060000
2007/06/25,0,1651000,-1255000,396000
2007/06/26,0,584000,-608150,-24150
2007/06/27,0,335000,-1033000,-698000
2007/06/28,0,2357000,-749000,1608000
2007/06/29,0,1844000,-547000,1297000
2007/07/02,0,2225000,-201000,2024000
2007/07/03,0,1941000,-5400,1935600
2007/07/04,0,4258000,-680000,3578000
2007/07/05,0,3158000,-249650,2908350
2007/07/06,0,4185300,-731000,3454300
2007/07/09,0,1261000,-177000,1084000
2007/07/10,0,2167000,-894000,1273000
2007/07/11,0,283000,-234000,49000
2007/07/12,0,5336000,-1005000,4331000
2007/07/13,0,3951400,-1038000,2913400
2007/07/16,0,1144000,-1042000,102000
2007/07/17,0,1457000,-544000,913000
2007/07/18,0,3166000,-1471000,1695000
2007/07/19,0,246000,-1757000,-1511000
2007/07/20,0,5967000,-1082000,4885000
2007/07/23,0,2576000,-2701000,-125000
2007/07/24,0,3889000,-2361000,1528000
2007/07/25,0,2460000,-1509000,951000
2007/07/26,0,2108000,-575000,1533000
2007/07/27,0,688000,-3630000,-2942000
2007/07/30,0,420000,-1902750,-1482750
2007/07/31,0,1932000,-2059000,-127000
2007/08/01,0,2132000,-1132054,999946
2007/08/02,0,981000,-4481900,-3500900
2007/08/03,0,474000,-621000,-147000
2007/08/06,0,125000,-1016050,-891050
2007/08/07,0,3055000,-1221250,1833750
2007/08/08,0,564000,-952000,-388000
2007/08/09,0,230000,-456152,-226152
2007/08/10,0,217000,-974867,-757867
2007/08/13,0,587000,-997000,-410000
2007/08/14,0,549000,-620300,-71300
2007/08/15,0,1021000,-1048000,-27000
2007/08/16,0,278000,-3298050,-3020050
2007/08/17,0,464760,-2281000,-1816240
2007/08/20,0,593000,-3188000,-2595000
2007/08/21,0,1155000,-1850000,-695000
2007/08/22,0,914995,-1879745,-964750
2007/08/23,0,5520000,-560000,4960000
2007/08/24,0,1696000,-1991000,-295000
2007/08/27,0,585000,-117400,467600
2007/08/28,0,152000,-2631850,-2479850
2007/08/29,0,684400,-1745000,-1060600
2007/08/30,0,1005000,-145450,859550
2007/08/31,0,2005000,-730000,1275000
2007/09/03,0,1282000,-1545000,-263000
2007/09/04,0,2368000,-1763000,605000
2007/09/05,0,1567000,-1616000,-49000
2007/09/06,0,3072000,-3682900,-610900
2007/09/07,0,2329000,-1656500,672500
2007/09/10,0,1821000,-1433350,387650
2007/09/11,0,216000,-3169400,-2953400
2007/09/12,0,139000,-2421897,-2282897
2007/09/13,0,193100,-457552,-264452
2007/09/14,0,791524,-1905350,-1113826
2007/09/17,0,93633,-1835600,-1741967
2007/09/18,0,0,0,0
2007/09/19,0,3822100,-4239600,-417500
2007/09/20,0,849400,-2871000,-2021600
2007/09/21,0,1085000,-5692844,-4607844
2007/09/24,0,0,0,0
2007/09/25,0,0,0,0
2007/09/26,0,1724000,-552375,1171625
2007/09/27,0,2413000,-975500,1437500
2007/09/28,0,6717000,-860450,5856550
2007/10/01,0,2659000,-893031,1765969
2007/10/02,0,2000000,-1635650,364350
2007/10/03,0,3173848,-574375,2599473
2007/10/04,0,664000,-1790623,-1126623
2007/10/05,0,542000,-643965,-101965
2007/10/08,0,1415000,-2856750,-1441750
2007/10/09,0,390000,-393200,-3200
2007/10/10,0,0,0,0
2007/10/11,0,1657000,-2700250,-1043250
2007/10/12,0,622000,-967717,-345717
2007/10/15,0,925000,-387150,537850
2007/10/16,0,1435686,-1724950,-289264
2007/10/17,0,1062000,-3056200,-1994200
2007/10/18,0,1671000,-3477727,-1806727
2007/10/19,0,1395860,-229860,1166000
2007/10/22,0,324000,-2261950,-1937950
2007/10/23,0,1429000,-623293,805707
2007/10/24,0,1196760,-1140600,56160
2007/10/25,0,1052405,-1211450,-159045
2007/10/26,0,3068447,-549000,2519447
2007/10/29,0,2628000,-292950,2335050
2007/10/30,0,2506000,-2275500,230500
2007/10/31,0,2516000,-798950,1717050
2007/11/01,0,1126000,-621000,505000
2007/11/02,0,99000,-1643930,-1544930
2007/11/05,0,116000,-1497000,-1381000
2007/11/06,0,207000,-624660,-417660
2007/11/07,0,541229,-2326132,-1784903
2007/11/08,0,1743000,-2600800,-857800
2007/11/09,0,984000,-1835907,-851907
2007/11/12,0,1196000,-5248290,-4052290
2007/11/13,0,2820000,-5487517,-2667517
2007/11/14,0,3870000,-2949201,920799
2007/11/15,0,300000,-796000,-496000
2007/11/16,0,966587,-539720,426867
2007/11/19,0,192004,-1324380,-1132376
2007/11/20,0,920000,-2945000,-2025000
2007/11/21,0,228000,-1236610,-1008610
2007/11/22,0,672000,-364155,307845
2007/11/23,0,375000,-628000,-253000
2007/11/26,0,1689000,-695000,994000
2007/11/27,0,1980000,-639000,1341000
2007/11/28,0,513000,-2279692,-1766692
2007/11/29,0,1520100,-111738,1408362
2007/11/30,0,1466000,-2075172,-609172
2007/12/03,0,582000,-863235,-281235
2007/12/04,0,887487,-2174350,-1286863
2007/12/05,0,1253000,-1180000,73000
2007/12/06,0,4264350,-1886350,2378000
2007/12/07,0,354972,-621882,-266910
2007/12/10,0,1165000,-543052,621948
2007/12/11,0,1053000,-1065287,-12287
2007/12/12,0,69000,-2258082,-2189082
2007/12/13,0,1757000,-796177,960823
2007/12/14,0,2534000,-2467150,66850
2007/12/17,0,1498000,-3333450,-1835450
2007/12/18,0,2524308,-4351822,-1827514
2007/12/19,0,869000,-3171018,-2302018
2007/12/20,0,177000,-1400001,-1223001
2007/12/21,0,481000,-605000,-124000
2007/12/24,0,435000,-1343000,-908000
2007/12/25,0,124000,-115000,9000
2007/12/26,0,242000,-980000,-738000
2007/12/27,0,415000,-1002000,-587000
2007/12/28,0,578000,-1020000,-442000
2007/12/31,0,799000,-868000,-69000
2008/01/01,0,0,0,0
2008/01/02,0,1309000,-888600,420400
2008/01/03,0,356000,-949000,-593000
2008/01/04,0,1054000,-2271000,-1217000
2008/01/07,0,685000,-3855397,-3170397
2008/01/08,0,548000,-3867538,-3319538
2008/01/09,0,2617000,-1219269,1397731
2008/01/10,0,262000,-3205525,-2943525
2008/01/11,0,561000,-1242188,-681188
2008/01/14,0,648000,-1070980,-422980
2008/01/15,0,1211000,-4222035,-3011035
2008/01/16,0,1334000,-5356277,-4022277
2008/01/17,0,521000,-5246879,-4725879
2008/01/18,0,4330139,-5719597,-1389458
2008/01/21,0,1865000,-1534565,330435
2008/01/22,0,186060,-3155000,-2968940
2008/01/23,0,3461000,-2103250,1357750
2008/01/24,0,2736000,-2603500,132500
2008/01/25,0,913000,-552000,361000
2008/01/28,0,3265000,-2744000,521000
2008/01/29,0,893000,-665150,227850
2008/01/30,0,3400206,-3194000,206206
2008/01/31,0,2331000,-3490000,-1159000
2008/02/01,0,1104000,-3011000,-1907000
2008/02/04,0,0,0,0
2008/02/05,0,0,0,0
2008/02/06,0,0,0,0
2008/02/07,0,0,0,0
2008/02/08,0,0,0,0
2008/02/11,0,0,0,0
2008/02/12,0,1216000,-1618844,-402844
2008/02/13,0,743000,-2591250,-1848250
2008/02/14,0,740000,-1346400,-606400
2008/02/15,0,2456000,-3131600,-675600
2008/02/18,0,470000,-574000,-104000
2008/02/19,0,1536000,-1728000,-192000
2008/02/20,0,2045000,-540000,1505000
2008/02/21,0,2362332,-329145,2033187
2008/02/22,0,730000,-258700,471300
2008/02/25,0,1294040,-81000,1213040
2008/02/26,0,547000,-261000,286000
2008/02/27,0,2641000,-897000,1744000
2008/02/28,0,0,0,0
2008/02/29,0,2055410,-925000,1130410
2008/03/03,0,370000,-1262000,-892000
2008/03/04,0,621000,-813000,-192000
2008/03/05,0,571000,-1473000,-902000
2008/03/06,0,1308000,-2532000,-1224000
2008/03/07,0,383000,-1229000,-846000
2008/03/10,0,1053500,-1492000,-438500
2008/03/11,0,1069000,-2731422,-1662422
2008/03/12,0,471970,-1875050,-1403080
2008/03/13,0,217000,-1677000,-1460000
2008/03/14,0,683000,-876950,-193950
2008/03/17,0,785000,-853000,-68000
2008/03/18,0,61000,-704000,-643000
2008/03/19,0,451000,-1620000,-1169000
2008/03/20,0,1426000,-1873000,-447000
2008/03/21,0,756000,-321000,435000
2008/03/24,0,2723000,-127000,2596000
2008/03/25,0,626000,-1118958,-492958
2008/03/26,0,1460000,-460000,1000000
2008/03/27,0,416707,-643000,-226293
2008/03/28,0,2147707,-922199,1225508
2008/03/31,0,1580048,-328000,1252048
2008/04/01,0,1374731,-1454000,-79269
2008/04/02,0,4186600,-722750,3463850
2008/04/03,0,571000,-1098000,-527000
2008/04/04,0,0,0,0
2008/04/07,0,704000,-1042000,-338000
2008/04/08,0,871000,-1322000,-451000
2008/04/09,0,2252000,-416000,1836000
2008/04/10,0,2139000,-1069000,1070000
2008/04/11,0,4917000,-2492168,2424832
2008/04/14,0,965000,-2129000,-1164000
2008/04/15,0,544000,-502000,42000
2008/04/16,0,795000,-552000,243000
2008/04/17,0,1368000,-1090000,278000
2008/04/18,0,775000,-544000,231000
2008/04/21,0,649000,-645000,4000
2008/04/22,0,579000,-921000,-342000
2008/04/23,0,533000,-400451,132549
2008/04/24,0,1362000,-451000,911000
2008/04/25,0,6973000,-3075207,3897793
2008/04/28,0,2018000,-838000,1180000
2008/04/29,0,1025000,-1010000,15000
2008/04/30,0,635000,-1366000,-731000
2008/05/01,0,0,0,0
2008/05/02,0,627000,-78999,548001
2008/05/05,0,905000,-1030000,-125000
2008/05/06,0,946000,-453000,493000
2008/05/07,0,495815,-111000,384815
2008/05/08,0,266000,-768350,-502350
2008/05/09,0,989000,-459000,530000
2008/05/12,0,271000,-143000,128000
2008/05/13,0,430000,-167000,263000
2008/05/14,0,887812,-34000,853812
2008/05/15,0,598000,-60718,537282
2008/05/16,0,1218000,-1144000,74000
2008/05/19,0,564000,-2101000,-1537000
2008/05/20,0,1083000,-241000,842000
2008/05/21,0,422000,-1940200,-1518200
2008/05/22,0,1664000,-2742000,-1078000
2008/05/23,0,651000,-705000,-54000
2008/05/26,0,437000,-1355000,-918000
2008/05/27,0,615000,-422000,193000
2008/05/28,0,1186000,-1618000,-432000
2008/05/29,0,1977000,-372000,1605000
2008/05/30,0,4804590,-1793000,3011590
2008/06/02,0,778000,-138000,640000
2008/06/03,0,817000,-330000,487000
2008/06/04,0,645808,-61000,584808
2008/06/05,0,765000,-287000,478000
2008/06/06,0,1193000,-69000,1124000
2008/06/09,0,371000,-278000,93000
2008/06/10,0,345000,-839561,-494561
2008/06/11,0,159000,-1433000,-1274000
2008/06/12,0,1128000,-1926900,-798900
2008/06/13,0,98000,-259000,-161000
2008/06/16,0,156000,-159000,-3000
2008/06/17,0,167185,-77000,90185
2008/06/18,0,1620000,-288000,1332000
2008/06/19,0,963000,-832000,131000
2008/06/20,0,706142,-314000,392142
2008/06/23,0,590000,-265000,325000
2008/06/24,0,254000,-496000,-242000
2008/06/25,0,350000,-446450,-96450
2008/06/26,0,313000,-929600,-616600
2008/06/27,0,1180000,-551000,629000
2008/06/30,0,1735000,-805000,930000
2008/07/01,0,1207000,-296000,911000
2008/07/02,0,1040000,-1254000,-214000
2008/07/03,0,746000,-2510000,-1764000
2008/07/04,0,514000,-2196400,-1682400
2008/07/07,0,665000,-1034000,-369000
2008/07/08,0,233000,-2534000,-2301000
2008/07/09,0,493000,-573000,-80000
2008/07/10,0,509000,-250910,258090
2008/07/11,0,404000,-472235,-68235
2008/07/14,0,244000,-1053750,-809750
2008/07/15,0,386000,-727100,-341100
2008/07/16,0,470000,-668000,-198000
2008/07/17,0,637000,-643850,-6850
2008/07/18,0,65000,-506000,-441000
2008/07/21,0,1181000,-1453120,-272120
2008/07/22,0,114000,-483860,-369860
2008/07/23,0,359000,-2259460,-1900460
2008/07/24,0,1522000,-2451000,-929000
2008/07/25,0,501000,-2963000,-2462000
2008/07/28,0,0,0,0
2008/07/29,0,1645000,-2593000,-948000
2008/07/30,0,1160000,-1760000,-600000
2008/07/31,0,783000,-934100,-151100
2008/08/01,0,720000,-131000,589000
2008/08/04,0,1174000,-1713000,-539000
2008/08/05,0,1879000,-1435000,444000
2008/08/06,0,1621000,-1370000,251000
2008/08/07,0,3612400,-3066001,546399
2008/08/08,0,1640000,-799000,841000
2008/08/11,0,322000,-304781,17219
2008/08/12,0,2368000,-72000,2296000
2008/08/13,0,887000,-684000,203000
2008/08/14,0,469000,-571398,-102398
2008/08/15,0,290000,-1248000,-958000
2008/08/18,0,548000,-489000,59000
2008/08/19,0,92100,-360000,-267900
2008/08/20,0,636000,-592300,43700
2008/08/21,0,382000,-458000,-76000
2008/08/22,0,98614,-597000,-498386
2008/08/25,0,538000,-115000,423000
2008/08/26,0,80000,-196000,-116000
2008/08/27,0,1323000,-349000,974000
2008/08/28,0,2250000,-553000,1697000
2008/08/29,0,679000,-401000,278000
2008/09/01,0,435000,-1192000,-757000
2008/09/02,0,307000,-1594700,-1287700
2008/09/03,0,352000,-122000,230000
2008/09/04,0,2697000,-3296400,-599400
2008/09/05,0,548000,-3461900,-2913900
2008/09/08,0,664000,-1695001,-1031001
2008/09/09,0,166000,-420800,-254800
2008/09/10,0,1849000,-8416765,-6567765
2008/09/11,0,7204000,-3286729,3917271
2008/09/12,0,1251000,-1103009,147991
2008/09/15,0,1114000,-1366000,-252000
2008/09/16,0,2440000,-1046000,1394000
2008/09/17,0,623000,-555814,67186
2008/09/18,0,1344000,-3655900,-2311900
2008/09/19,0,6388555,-4428641,1959914
2008/09/22,0,1190000,-613600,576400
2008/09/23,0,491000,-2623500,-2132500
2008/09/24,0,1210515,-4115530,-2905015
2008/09/25,0,478000,-1088000,-610000
2008/09/26,0,1174000,-4003600,-2829600
2008/09/29,0,0,0,0
2008/09/30,0,389000,-2591027,-2202027
2008/10/01,0,1534000,-2238354,-704354
2008/10/02,0,903000,-2691700,-1788700
2008/10/03,0,4381000,-7137160,-2756160
2008/10/06,0,845100,-2502500,-1657400
2008/10/07,0,818000,-1085752,-267752
2008/10/08,0,1161000,-2843005,-1682005
2008/10/09,0,2157100,-3553301,-1396201
2008/10/10,0,0,0,0
2008/10/13,0,78000,-963000,-885000
2008/10/14,0,92000,-3089254,-2997254
2008/10/15,0,1627000,-1602900,24100
2008/10/16,0,298325,-192300,106025
2008/10/17,0,534000,-1496280,-962280
2008/10/20,0,1200000,-1746900,-546900
2008/10/21,0,4177000,-2315100,1861900
2008/10/22,0,2913000,-3353957,-440957
2008/10/23,0,6186000,-5262000,924000
2008/10/24,0,46000,-1298000,-1252000
2008/10/27,0,111000,-1119000,-1008000
2008/10/28,0,282000,-7828650,-7546650
2008/10/29,0,1334000,-5416557,-4082557
2008/10/30,0,948000,-4804120,-3856120
2008/10/31,0,987000,-1447000,-460000
2008/11/03,0,668000,-537400,130600
2008/11/04,0,3532000,-1652000,1880000
2008/11/05,0,4364670,-5499845,-1135175
2008/11/06,0,904000,-2155000,-1251000
2008/11/07,0,1095000,-4733200,-3638200
2008/11/10,0,2449000,-836725,1612275
2008/11/11,0,1579000,-1136619,442381
2008/11/12,0,2027000,-1055282,971718
2008/11/13,0,4416000,-610210,3805790
2008/11/14,0,1381000,-2024000,-643000
2008/11/17,0,404000,-907000,-503000
2008/11/18,0,389000,-1034375,-645375
2008/11/19,0,447000,-1295000,-848000
2008/11/20,0,125000,-3575152,-3450152
2008/11/21,0,2389000,-4562000,-2173000
2008/11/24,0,2397000,-1089000,1308000
2008/11/25,0,1455000,-987809,467191
2008/11/26,0,1392000,-1190471,201529
2008/11/27,0,0,-390000,-390000
2008/11/28,0,2146000,-3706385,-1560385
2008/12/01,0,2167000,-950400,1216600
2008/12/02,0,1422000,-737000,685000
2008/12/03,0,380000,-4456000,-4076000
2008/12/04,0,352000,-2158410,-1806410
2008/12/05,0,1215900,-5259675,-4043775
2008/12/08,0,2810000,-4309200,-1499200
2008/12/09,0,3428000,-675188,2752812
2008/12/10,0,1213000,-4275615,-3062615
2008/12/11,0,1902000,-3844000,-1942000
2008/12/12,0,1832000,-1978525,-146525
2008/12/15,0,846000,-324000,522000
2008/12/16,0,1239000,-1609248,-370248
2008/12/17,0,1831000,-5536907,-3705907
2008/12/18,0,4071000,-590000,3481000
2008/12/19,0,2836000,-1606000,1230000
2008/12/22,0,1695000,-3404600,-1709600
2008/12/23,0,771000,-533000,238000
2008/12/24,0,504900,-531000,-26100
2008/12/25,0,38000,-387000,-349000
2008/12/26,0,36000,-596000,-560000
2008/12/29,0,1031000,-162200,868800
2008/12/30,0,4619000,-1037000,3582000
2008/12/31,0,2960000,-1912000,1048000
2009/01/01,0,0,0,0
2009/01/02,0,0,0,0
2009/01/05,0,4527000,-169000,4358000
2009/01/06,0,922371,-2093000,-1170629
2009/01/07,0,1484114,-1453200,30914
2009/01/08,0,996000,-6966375,-5970375
2009/01/09,0,1776000,-5389005,-3613005
2009/01/12,0,218412,-741000,-522588
2009/01/13,0,217408,-2031000,-1813592
2009/01/14,0,2285000,-6979000,-4694000
2009/01/15,0,813000,-1538000,-725000
2009/01/16,0,143000,-2762729,-2619729
2009/01/19,0,65000,-850560,-785560
2009/01/20,0,287000,-1448100,-1161100
2009/01/21,0,1260000,-2037000,-777000
2009/01/22,0,0,0,0
2009/01/23,0,0,0,0
2009/01/26,0,0,0,0
2009/01/27,0,0,0,0
2009/01/28,0,0,0,0
2009/01/29,0,0,0,0
2009/01/30,0,0,0,0
2009/02/02,0,3501000,-2241011,1259989
2009/02/03,0,2254000,-3691788,-1437788
2009/02/04,0,3804000,-684000,3120000
2009/02/05,0,4652000,-1058000,3594000
2009/02/06,0,6330000,-935000,5395000
2009/02/09,0,312256,-159000,153256
2009/02/10,0,1178000,-278000,900000
2009/02/11,0,1097000,-2445000,-1348000
2009/02/12,0,404000,-3899000,-3495000
2009/02/13,0,3323000,-2517000,806000
2009/02/16,0,736000,-232000,504000
2009/02/17,0,165000,-477656,-312656
2009/02/18,0,1571000,-1005500,565500
2009/02/19,0,628000,-353000,275000
2009/02/20,0,199000,-1278000,-1079000
2009/02/23,0,454000,-537000,-83000
2009/02/24,0,1076000,-291470,784530
2009/02/25,0,1331000,-284990,1046010
2009/02/26,0,665000,-191730,473270
2009/02/27,0,965000,-665000,300000
2009/03/02,0,497842,-1314000,-816158
2009/03/03,0,1966000,-677000,1289000
2009/03/04,0,557000,-1784000,-1227000
2009/03/05,0,858000,-2329730,-1471730
2009/03/06,0,1178000,-206000,972000
2009/03/09,0,2056000,-1618285,437715
2009/03/10,0,545000,-741036,-196036
2009/03/11,0,934048,-410000,524048
2009/03/12,0,1193000,-1314000,-121000
2009/03/13,0,1677000,-2764500,-1087500
2009/03/16,0,3012000,-1596000,1416000
2009/03/17,0,1607000,-2025000,-418000
2009/03/18,0,1754000,-556000,1198000
2009/03/19,0,122000,-509747,-387747
2009/03/20,0,569000,-3933000,-3364000
2009/03/23,0,584000,-1220000,-636000
2009/03/24,0,4510000,-683524,3826476
2009/03/25,0,2699000,-1615840,1083160
2009/03/26,0,3312000,-3289000,23000
2009/03/27,0,549000,-985000,-436000
2009/03/30,0,278000,-1345000,-1067000
2009/03/31,0,932000,-832185,99815
2009/04/01,0,1506000,-1342890,163110
2009/04/02,0,9584000,-5007000,4577000
2009/04/03,0,10138000,-4581290,5556710
2009/04/06,0,6919000,-413005,6505995
2009/04/07,0,5745000,-2732146,3012854
2009/04/08,0,5418000,-4644740,773260
2009/04/09,0,2097000,-625000,1472000
2009/04/10,0,1013000,-1877600,-864600
2009/04/13,0,992000,-476000,516000
2009/04/14,0,3611693,-1172172,2439521
2009/04/15,0,3119000,-4529845,-1410845
2009/04/16,0,4959000,-3531924,1427076
2009/04/17,0,8529179,-636670,7892509
2009/04/20,0,6401000,-814000,5587000
2009/04/21,0,3123000,-2082000,1041000
2009/04/22,0,2520600,-1210000,1310600
2009/04/23,0,347000,-1928698,-1581698
2009/04/24,0,575000,-2723560,-2148560
2009/04/27,0,643050,-1103000,-459950
2009/04/28,0,844000,-493000,351000
2009/04/29,0,1008000,-409000,599000
2009/04/30,0,5715000,-19000,5696000
2009/05/01,0,0,0,0
2009/05/04,0,3890418,-1559000,2331418
2009/05/05,0,1619000,-1104000,515000
2009/05/06,0,1012000,-2157500,-1145500
2009/05/07,0,1990000,-1347000,643000
2009/05/08,0,882000,-930000,-48000
2009/05/11,0,675207,-803000,-127793
2009/05/12,0,501000,-1117000,-616000
2009/05/13,0,437000,-2456000,-2019000
2009/05/14,0,197000,-738645,-541645
2009/05/15,0,344067,-2069000,-1724933
2009/05/18,0,356000,-1739000,-1383000
2009/05/19,0,1156000,-1360000,-204000
2009/05/20,0,414000,-1276000,-862000
2009/05/21,0,387000,-2347000,-1960000
2009/05/22,0,1100000,-1177200,-77200
2009/05/25,0,165000,-1447000,-1282000
2009/05/26,0,1212000,-1442560,-230560
2009/05/27,0,1058000,-686443,371557
2009/05/28,0,0,0,0
2009/05/29,0,0,0,0
2009/06/01,0,5119000,-1488000,3631000
2009/06/02,0,13447325,-1281800,12165525
2009/06/03,0,6584054,-255000,6329054
2009/06/04,0,622000,-868200,-246200
2009/06/05,0,660000,-244085,415915
2009/06/08,0,4420000,-1634000,2786000
2009/06/09,0,5513000,-3339000,2174000
2009/06/10,0,2844000,-149524,2694476
2009/06/11,0,2301738,-941000,1360738
2009/06/12,0,3054000,-617000,2437000
2009/06/15,0,685000,-1692000,-1007000
2009/06/16,0,624315,-736325,-112010
2009/06/17,0,274000,-1203000,-929000
2009/06/18,0,348000,-2437000,-2089000
2009/06/19,0,441000,-567000,-126000
2009/06/22,0,2691000,-535000,2156000
2009/06/23,0,1331200,-772000,559200
2009/06/24,0,2652167,-573000,2079167
2009/06/25,0,3281000,-232000,3049000
2009/06/26,0,1085000,-262000,823000
2009/06/29,0,743000,-1344000,-601000
2009/06/30,0,382000,-294771,87229
2009/07/01,0,1333000,-409000,924000
2009/07/02,0,621000,-1985000,-1364000
2009/07/03,0,924636,-90100,834536
2009/07/06,0,674000,-319210,354790
2009/07/07,0,3083000,-2379700,703300
2009/07/08,0,5403000,-323000,5080000
2009/07/09,0,2556000,-656000,1900000
2009/07/10,0,6920000,-899000,6021000
2009/07/13,0,8717000,-3409000,5308000
2009/07/14,0,2710000,-1137920,1572080
2009/07/15,0,4425000,-532358,3892642
2009/07/16,0,2928000,-1540000,1388000
2009/07/17,0,6208000,-2786194,3421806
2009/07/20,0,1752000,-2074300,-322300
2009/07/21,0,1875000,-713870,1161130
2009/07/22,0,3369000,-1307000,2062000
2009/07/23,0,3195000,-1295890,1899110
2009/07/24,0,4112400,-1328046,2784354
2009/07/27,0,3154000,-1311725,1842275
2009/07/28,0,3221000,-805000,2416000
2009/07/29,0,1826299,-199000,1627299
2009/07/30,0,2037000,-1420612,616388
2009/07/31,0,2770000,-4331000,-1561000
2009/08/03,0,4026000,-4239000,-213000
2009/08/04,0,1642000,-717000,925000
2009/08/05,0,3722000,-3529000,193000
2009/08/06,0,3292000,-4357488,-1065488
2009/08/07,0,0,0,0
2009/08/10,0,2256000,-814587,1441413
2009/08/11,0,3353000,-1625000,1728000
2009/08/12,0,1726000,-647000,1079000
2009/08/13,0,1270000,-467000,803000
2009/08/14,0,4155000,-304000,3851000
2009/08/17,0,3691000,-792000,2899000
2009/08/18,0,4560000,-1456500,3103500
2009/08/19,0,2863000,-565561,2297439
2009/08/20,0,4132400,-694000,3438400
2009/08/21,0,4168900,-1632730,2536170
2009/08/24,0,3688000,-1872600,1815400
2009/08/25,0,2690000,-1304550,1385450
2009/08/26,0,2672000,-865000,1807000
2009/08/27,0,1655000,-712000,943000
2009/08/28,0,2038000,-482000,1556000
2009/08/31,0,2994000,-2557719,436281
2009/09/01,0,2888000,-1091631,1796369
2009/09/02,0,3803400,-279123,3524277
2009/09/03,0,3836000,-823000,3013000
2009/09/04,0,1484000,-1751000,-267000
2009/09/07,0,1356000,-955000,401000
2009/09/08,0,3797000,-807006,2989994
2009/09/09,0,3111007,-826000,2285007
2009/09/10,0,3001755,-298388,2703367
2009/09/11,0,1051000,-251000,800000
2009/09/14,0,706000,-1115635,-409635
2009/09/15,0,981000,-1029450,-48450
2009/09/16,0,1004000,-727950,276050
2009/09/17,0,1155000,-1128910,26090
2009/09/18,0,1535000,-1620000,-85000
2009/09/21,0,1227000,-1599000,-372000
2009/09/22,0,807000,-2941300,-2134300
2009/09/23,0,836000,-444000,392000
2009/09/24,0,149000,-1557355,-1408355
2009/09/25,0,464121,-422605,41516
2009/09/28,0,128450,-424000,-295550
2009/09/29,0,1566019,-184200,1381819
2009/09/30,0,2115000,-768158,1346842
2009/10/01,0,610000,-192800,417200
2009/10/02,0,195000,-2347089,-2152089
2009/10/05,0,133000,-785347,-652347
2009/10/06,0,747000,-1090200,-343200
2009/10/07,0,1280813,-808130,472683
2009/10/08,0,409000,-2469000,-2060000
2009/10/09,0,965865,-748000,217865
2009/10/12,0,617000,-458950,158050
2009/10/13,0,896360,-1745658,-849298
2009/10/14,0,1210000,-1310000,-100000
2009/10/15,0,1252900,-1099900,153000
2009/10/16,0,453000,-826000,-373000
2009/10/19,0,443000,-511472,-68472
2009/10/20,0,444673,-1854000,-1409327
2009/10/21,0,518000,-1493685,-975685
2009/10/22,0,622000,-3695726,-3073726
2009/10/23,0,1321492,-2029650,-708158
2009/10/26,0,673000,-1309700,-636700
2009/10/27,0,5461000,-801000,4660000
2009/10/28,0,3139000,-800000,2339000
2009/10/29,0,2014000,-1786000,228000
2009/10/30,0,4272000,-3360000,912000
2009/11/02,0,748710,-1024000,-275290
2009/11/03,0,842000,-1374000,-532000
2009/11/04,0,1385539,-884427,501112
2009/11/05,0,670084,-2040206,-1370122
2009/11/06,0,599000,-602000,-3000
2009/11/09,0,357000,-368494,-11494
2009/11/10,0,1583001,-813200,769801
2009/11/11,0,1326000,-313000,1013000
2009/11/12,0,3573162,-423000,3150162
2009/11/13,0,2537800,-1519600,1018200
2009/11/16,0,1237495,-71000,1166495
2009/11/17,0,1117214,-105000,1012214
2009/11/18,0,1777000,-1375001,401999
2009/11/19,0,1188381,-1821000,-632619
2009/11/20,0,252000,-3352000,-3100000
2009/11/23,0,849000,-2005000,-1156000
2009/11/24,0,1076000,-826000,250000
2009/11/25,0,1254674,-1083000,171674
2009/11/26,0,1092000,-912950,179050
2009/11/27,0,543000,-2704750,-2161750
2009/11/30,0,1063109,-979066,84043
2009/12/01,0,1075000,-1326031,-251031
2009/12/02,0,2617000,-390000,2227000
2009/12/03,0,2914000,-932875,1981125
2009/12/04,0,1157000,-1062972,94028
2009/12/07,0,2111000,-581000,1530000
2009/12/08,0,2942778,-138000,2804778
2009/12/09,0,3873500,-2184870,1688630
2009/12/10,0,5694000,-1015491,4678509
2009/12/11,0,7381000,-675000,6706000
2009/12/14,0,7282000,-886020,6395980
2009/12/15,0,4103000,-1047300,3055700
2009/12/16,0,762750,-1954800,-1192050
2009/12/17,0,635450,-748785,-113335
2009/12/18,0,1917600,-1102000,815600
2009/12/21,0,1381000,-68000,1313000
2009/12/22,0,1025000,-72000,953000
2009/12/23,0,3273000,-107000,3166000
2009/12/24,0,2517000,-615250,1901750
2009/12/25,0,1131000,-1353000,-222000
2009/12/28,0,2404000,-1608750,795250
2009/12/29,0,3057000,-268000,2789000
2009/12/30,0,1703000,-1440000,263000
2009/12/31,0,2167000,-322000,1845000
2010/01/01,0,0,0,0
2010/01/04,0,1524000,-458100,1065900
2010/01/05,0,1665000,-1292000,373000
2010/01/06,0,2013000,-3506000,-1493000
2010/01/07,0,3681000,-465651,3215349
2010/01/08,0,1815440,-1337250,478190
2010/01/11,0,2062000,-1636000,426000
2010/01/12,0,740000,-2447109,-1707109
2010/01/13,0,2597000,-5193000,-2596000
2010/01/14,0,6061000,-3438280,2622720
2010/01/15,0,8490000,-868000,7622000
2010/01/18,0,4477000,-1987000,2490000
2010/01/19,0,1852000,-612290,1239710
2010/01/20,0,6640000,-1548750,5091250
2010/01/21,0,6735200,-1242436,5492764
2010/01/22,0,6488000,-2764000,3724000
2010/01/25,0,2050820,-1999000,51820
2010/01/26,0,7794021,-5365000,2429021
2010/01/27,0,2974000,-3440080,-466080
2010/01/28,0,3170561,-3201000,-30439
2010/01/29,0,1827000,-3955017,-2128017
2010/02/01,0,3528908,-3113790,415118
2010/02/02,0,4874000,-3876397,997603
2010/02/03,0,978270,-3718957,-2740687
2010/02/04,0,4316300,-4220957,95343
2010/02/05,0,3483000,-4809037,-1326037
2010/02/08,0,1099654,-2227552,-1127898
2010/02/09,0,384000,-978980,-594980
2010/02/10,0,1358751,-854569,504182
2010/02/11,0,0,0,0
2010/02/12,0,0,0,0
2010/02/15,0,0,0,0
2010/02/16,0,0,0,0
2010/02/17,0,0,0,0
2010/02/18,0,0,0,0
2010/02/19,0,0,0,0
2010/02/22,0,3491884,-1075488,2416396
2010/02/23,0,1955000,-866400,1088600
2010/02/24,0,3003300,-2126500,876800
2010/02/25,0,2473000,-1786000,687000
2010/02/26,0,2457804,-1256485,1201319
2010/03/01,0,2837400,-2043000,794400
2010/03/02,0,2108582,-1110000,998582
2010/03/03,0,1635600,-1475482,160118
2010/03/04,0,861000,-465000,396000
2010/03/05,0,1664000,-1071000,593000
2010/03/08,0,2382300,-916500,1465800
2010/03/09,0,1533290,-521000,1012290
2010/03/10,0,540926,-379000,161926
2010/03/11,0,1277000,-1127700,149300
2010/03/12,0,478000,-912265,-434265
2010/03/15,0,366000,-2106715,-1740715
2010/03/16,0,857000,-184228,672772
2010/03/17,0,3331200,-2436571,894629
2010/03/18,0,2314200,-639000,1675200
2010/03/19,0,652598,-958000,-305402
2010/03/22,0,725000,-1044870,-319870
2010/03/23,0,2096000,-2074700,21300
2010/03/24,0,3526225,-2937000,589225
2010/03/25,0,645426,-1282000,-636574
2010/03/26,0,2300000,-2233022,66978
2010/03/29,0,1788600,-1626000,162600
2010/03/30,0,1459660,-1093400,366260
2010/03/31,0,1593000,-1004670,588330
2010/04/01,0,1536000,-743820,792180
2010/04/02,0,503000,-127000,376000
2010/04/05,0,0,0,0
2010/04/06,0,1373745,-609775,763970
2010/04/07,0,3165490,-1611000,1554490
2010/04/08,0,1903000,-1231000,672000
2010/04/09,0,399000,-1191710,-792710
2010/04/12,0,503620,-1786050,-1282430
2010/04/13,0,614000,-1766000,-1152000
2010/04/14,0,1624000,-863430,760570
2010/04/15,0,3449000,-1313000,2136000
2010/04/16,0,2451030,-2456897,-5867
2010/04/19,0,1421000,-650000,771000
2010/04/20,0,1804344,-2511500,-707156
2010/04/21,0,3827600,-4354689,-527089
2010/04/22,0,2126000,-1779000,347000
2010/04/23,0,819998,-1018000,-198002
2010/04/26,0,1702000,-1446600,255400
2010/04/27,0,646000,-476000,170000
2010/04/28,0,683000,-896800,-213800
2010/04/29,0,592600,-1418550,-825950
2010/04/30,0,4058323,-1004800,3053523
2010/05/03,0,1009000,-512000,497000
2010/05/04,0,618000,-1025400,-407400
2010/05/05,0,999000,-2257660,-1258660
2010/05/06,0,1111150,-2358400,-1247250
2010/05/07,0,1075000,-2884029,-1809029
2010/05/10,0,1607550,-2844880,-1237330
2010/05/11,0,2352000,-2763000,-411000
2010/05/12,0,717857,-800590,-82733
2010/05/13,0,453000,-265000,188000
2010/05/14,0,279000,-761000,-482000
2010/05/17,0,525082,-1484000,-958918
2010/05/18,0,1184000,-1968582,-784582
2010/05/19,0,1726000,-5019000,-3293000
2010/05/20,0,1106000,-4896813,-3790813
2010/05/21,0,2858000,-4412960,-1554960
2010/05/24,0,1183900,-2503250,-1319350
2010/05/25,0,1779000,-3739408,-1960408
2010/05/26,0,3186000,-4793042,-1607042
2010/05/27,0,5328000,-8215934,-2887934
2010/05/28,0,1401000,-5534000,-4133000
2010/05/31,0,1829000,-1350600,478400
2010/06/01,0,514000,-918000,-404000
2010/06/02,0,1726000,-1674000,52000
2010/06/03,0,3298500,-3012000,286500
2010/06/04,0,1808000,-1498900,309100
2010/06/07,0,2116026,-3961795,-1845769
2010/06/08,0,3622000,-3005029,616971
2010/06/09,0,3847811,-3250641,597170
2010/06/10,0,1742000,-1995000,-253000
2010/06/11,0,3492100,-2024700,1467400
2010/06/14,0,1116000,-1227327,-111327
2010/06/15,0,1890140,-1117580,772560
2010/06/16,0,0,0,0
2010/06/17,0,1124220,-2344620,-1220400
2010/06/18,0,699000,-1905944,-1206944
2010/06/21,0,3875891,-4141154,-265263
2010/06/22,0,2292210,-2616100,-323890
2010/06/23,0,1146600,-1160142,-13542
2010/06/24,0,2468000,-3449150,-981150
2010/06/25,0,645596,-3885000,-3239404
2010/06/28,0,2178000,-1858774,319226
2010/06/29,0,2170397,-3241697,-1071300
2010/06/30,0,2484000,-3807436,-1323436
2010/07/01,0,1108000,-1278760,-170760
2010/07/02,0,1227000,-1170710,56290
2010/07/05,0,1063000,-991000,72000
2010/07/06,0,1902000,-5483000,-3581000
2010/07/07,0,2572496,-6920500,-4348004
2010/07/08,0,2363000,-9752900,-7389900
2010/07/09,0,571540,-6070000,-5498460
2010/07/12,0,1037303,-6546292,-5508989
2010/07/13,0,1452000,-3272781,-1820781
2010/07/14,0,5341350,-7200345,-1858995
2010/07/15,0,1978000,-840600,1137400
2010/07/16,0,741848,-3325000,-2583152
2010/07/19,0,1721000,-1466000,255000
2010/07/20,0,2124140,-1185000,939140
2010/07/21,0,4331000,-2558000,1773000
2010/07/22,0,4972000,-1731002,3240998
2010/07/23,0,3622886,-1929000,1693886
2010/07/26,0,2152610,-654418,1498192
2010/07/27,0,1543282,-1611000,-67718
2010/07/28,0,2295900,-637700,1658200
2010/07/29,0,1577000,-1973106,-396106
2010/07/30,0,2356504,-1213000,1143504
2010/08/02,0,2670000,-1855000,815000
2010/08/03,0,1095700,-1723200,-627500
2010/08/04,0,1792000,-951742,840258
2010/08/05,0,2255000,-386000,1869000
2010/08/06,0,1215500,-839311,376189
2010/08/09,0,417000,-1131000,-714000
2010/08/10,0,1816000,-1687000,129000
2010/08/11,0,1776000,-1554574,221426
2010/08/12,0,469782,-2905000,-2435218
2010/08/13,0,1418080,-1581144,-163064
2010/08/16,0,932000,-459000,473000
2010/08/17,0,272000,-311000,-39000
2010/08/18,0,926000,-341000,585000
2010/08/19,0,1802000,-862000,940000
2010/08/20,0,460000,-1046000,-586000
2010/08/23,0,944000,-313750,630250
2010/08/24,0,1191129,-644800,546329
2010/08/25,0,924000,-1420650,-496650
2010/08/26,0,1151000,-3263000,-2112000
2010/08/27,0,391000,-995058,-604058
2010/08/30,0,1381384,-1120000,261384
2010/08/31,0,3311207,-2205000,1106207
2010/09/01,0,1563000,-2263000,-700000
2010/09/02,0,2090972,-1567000,523972
2010/09/03,0,2033000,-1482000,551000
2010/09/06,0,2021000,-1127000,894000
2010/09/07,0,926000,-835807,90193
2010/09/08,0,1580900,-1440846,140054
2010/09/09,0,368000,-489000,-121000
2010/09/10,0,2598916,-2107753,491163
2010/09/13,0,5192000,-1786485,3405515
2010/09/14,0,3338756,-1529000,1809756
2010/09/15,0,571537,-433000,138537
2010/09/16,0,1693000,-825650,867350
2010/09/17,0,2247000,-1125168,1121832
2010/09/20,0,812000,-304000,508000
2010/09/21,0,2766000,-800000,1966000
2010/09/22,0,0,0,0
2010/09/23,0,2733463,-5420000,-2686537
2010/09/24,0,1304810,-3120550,-1815740
2010/09/27,0,6095550,-4956000,1139550
2010/09/28,0,2789680,-2219900,569780
2010/09/29,0,5592000,-2872000,2720000
2010/09/30,0,2004000,-1441550,562450
2010/10/01,0,1285855,-608000,677855
2010/10/04,0,1081090,-613410,467680
2010/10/05,0,891030,-1692070,-801040
2010/10/06,0,3905968,-1142000,2763968
2010/10/07,0,950510,-738000,212510
2010/10/08,0,591500,-500000,91500
2010/10/11,0,1243910,-974000,269910
2010/10/12,0,964280,-1663482,-699202
2010/10/13,0,2005540,-5430000,-3424460
2010/10/14,0,2579930,-2249100,330830
2010/10/15,0,880810,-3159000,-2278190
2010/10/18,0,2237000,-4098650,-1861650
2010/10/19,0,778260,-3035900,-2257640
2010/10/20,0,1553000,-4754128,-3201128
2010/10/21,0,3632000,-3757816,-125816
2010/10/22,0,1439002,-610000,829002
2010/10/25,0,1234000,-495000,739000
2010/10/26,0,750790,-244000,506790
2010/10/27,0,1324690,-1540592,-215902
2010/10/28,0,4592058,-1546200,3045858
2010/10/29,0,3256100,-1476000,1780100
2010/11/01,0,2398000,-975000,1423000
2010/11/02,0,1750000,-907000,843000
2010/11/03,0,1929000,-1350000,579000
2010/11/04,0,663400,-942000,-278600
2010/11/05,0,2107000,-3294066,-1187066
2010/11/08,0,954000,-2938090,-1984090
2010/11/09,0,290000,-1388400,-1098400
2010/11/10,0,788000,-1007920,-219920
2010/11/11,0,1261000,-540312,720688
2010/11/12,0,917400,-1160000,-242600
2010/11/15,0,968589,-1009560,-40971
2010/11/16,0,906800,-1000400,-93600
2010/11/17,0,618600,-1082000,-463400
2010/11/18,0,1406000,-820660,585340
2010/11/19,0,1111160,-821000,290160
2010/11/22,0,263490,-1568552,-1305062
2010/11/23,0,963370,-1355085,-391715
2010/11/24,0,879000,-791000,88000
2010/11/25,0,1072200,-556000,516200
2010/11/26,0,610000,-216000,394000
2010/11/29,0,1293000,-541553,751447
2010/11/30,0,928570,-2780930,-1852360
2010/12/01,0,1413450,-3081450,-1668000
2010/12/02,0,965000,-3370935,-2405935
2010/12/03,0,1193000,-1428000,-235000
2010/12/06,0,594000,-272000,322000
2010/12/07,0,1365430,-1244000,121430
2010/12/08,0,1435069,-1875050,-439981
2010/12/09,0,1752000,-1502000,250000
2010/12/10,0,2496000,-1501000,995000
2010/12/13,0,476000,-261000,215000
2010/12/14,0,1413000,-961000,452000
2010/12/15,0,1313500,-2285100,-971600
2010/12/16,0,1562000,-918000,644000
2010/12/17,0,544000,-107000,437000
2010/12/20,0,1108390,-323000,785390
2010/12/21,0,1528000,-2067291,-539291
2010/12/22,0,874000,-853131,20869
2010/12/23,0,533000,-492000,41000
2010/12/24,0,152000,-51000,101000
2010/12/27,0,246000,-574094,-328094
2010/12/28,0,516000,-402000,114000
2010/12/29,0,858390,-545500,312890
2010/12/30,0,2978774,-865306,2113468
2010/12/31,0,918000,-1194490,-276490
2011/01/03,0,1514340,-302900,1211440
2011/01/04,0,1832840,-1364000,468840
2011/01/05,0,3930240,-3764385,165855
2011/01/06,0,1546240,-1688950,-142710
2011/01/07,0,3017000,-1437295,1579705
2011/01/10,0,1648000,-705280,942720
2011/01/11,0,1869083,-1559000,310083
2011/01/12,0,1376000,-1273000,103000
2011/01/13,0,1202984,-973870,229114
2011/01/14,0,514334,-606000,-91666
2011/01/17,0,169448,-822000,-652552
2011/01/18,0,4797000,-760280,4036720
2011/01/19,0,1831000,-971000,860000
2011/01/20,0,1354455,-887000,467455
2011/01/21,0,2670000,-2612815,57185
2011/01/24,0,171000,-1344000,-1173000
2011/01/25,0,1262000,-427717,834283
2011/01/26,0,270000,-1835302,-1565302
2011/01/27,0,8565000,-3148400,5416600
2011/01/28,0,2670480,-978593,1691887
2011/01/31,0,0,0,0
2011/02/01,0,0,0,0
2011/02/02,0,0,0,0
2011/02/03,0,0,0,0
2011/02/04,0,0,0,0
2011/02/07,0,0,0,0
2011/02/08,0,4179300,-2562200,1617100
2011/02/09,0,4838306,-2962316,1875990
2011/02/10,0,2939000,-3719110,-780110
2011/02/11,0,4018969,-6650300,-2631331
2011/02/14,0,3494000,-3152179,341821
2011/02/15,0,4527000,-2547265,1979735
2011/02/16,0,3939000,-2805000,1134000
2011/02/17,0,4506000,-1555190,2950810
2011/02/18,0,3819000,-1403490,2415510
2011/02/21,0,2772000,-1626855,1145145
2011/02/22,0,2208691,-1034000,1174691
2011/02/23,0,1845000,-1556680,288320
2011/02/24,0,668000,-1790250,-1122250
2011/02/25,0,643000,-1977585,-1334585
2011/02/28,0,0,0,0
2011/03/01,0,1491000,-2031000,-540000
2011/03/02,0,2238000,-1522449,715551
2011/03/03,0,1246000,-1373000,-127000
2011/03/04,0,4302432,-454687,3847745
2011/03/07,0,891550,-928000,-36450
2011/03/08,0,1079000,-1179000,-100000
2011/03/09,0,714000,-536462,177538
2011/03/10,0,548000,-381730,166270
2011/03/11,0,238480,-1551510,-1313030
2011/03/14,0,964000,-3929637,-2965637
2011/03/15,0,1746000,-6872831,-5126831
2011/03/16,0,3870000,-3025251,844749
2011/03/17,0,3419000,-4615690,-1196690
2011/03/18,0,699000,-2215400,-1516400
2011/03/21,0,752000,-853400,-101400
2011/03/22,0,628516,-4688011,-4059495
2011/03/23,0,1062000,-374109,687891
2011/03/24,0,1849000,-588548,1260452
2011/03/25,0,3860000,-744007,3115993
2011/03/28,0,975000,-534000,441000
2011/03/29,0,1238650,-3940213,-2701563
2011/03/30,0,1518517,-2532000,-1013483
2011/03/31,0,2833287,-11659676,-8826389
2011/04/01,0,1823715,-516000,1307715
2011/04/04,0,0,0,0
2011/04/05,0,0,0,0
2011/04/06,0,3875863,-579412,3296451
2011/04/07,0,2576850,-451850,2125000
2011/04/08,0,3223892,-445000,2778892
2011/04/11,0,4657762,-3516000,1141762
2011/04/12,0,1076068,-917000,159068
2011/04/13,0,991000,-3737000,-2746000
2011/04/14,0,2066000,-4751850,-2685850
2011/04/15,0,2154000,-1994000,160000
2011/04/18,0,1481606,-2976871,-1495265
2011/04/19,0,1621510,-2211000,-589490
2011/04/20,0,1496385,-1518120,-21735
2011/04/21,0,3146897,-1807000,1339897
2011/04/22,0,625000,-129000,496000
2011/04/25,0,327000,-110000,217000
2011/04/26,0,984691,-279000,705691
2011/04/27,0,1137000,-1603000,-466000
2011/04/28,0,1649122,-3313000,-1663878
2011/04/29,0,1751000,-1320400,430600
2011/05/02,0,0,0,0
2011/05/03,0,2202000,-473000,1729000
2011/05/04,0,435000,-1790000,-1355000
2011/05/05,0,1117800,-239000,878800
2011/05/06,0,848031,-652100,195931
2011/05/09,0,964000,-544000,420000
2011/05/10,0,1438000,-483150,954850
2011/05/11,0,1390000,-138000,1252000
2011/05/12,0,997200,-944200,53000
2011/05/13,0,798000,-424000,374000
2011/05/16,0,539000,-338000,201000
2011/05/17,0,1109000,-539000,570000
2011/05/18,0,1832000,-383000,1449000
2011/05/19,0,1295000,-325000,970000
2011/05/20,0,738000,-599000,139000
2011/05/23,0,1236000,-548737,687263
2011/05/24,0,1563000,-536170,1026830
2011/05/25,0,2183266,-1275000,908266
2011/05/26,0,739978,-290262,449716
2011/05/27,0,2312000,-854000,1458000
2011/05/30,0,1893000,-1422000,471000
2011/05/31,0,3213006,-2394000,819006
2011/06/01,0,1426083,-996395,429688
2011/06/02,0,3374000,-1302000,2072000
2011/06/03,0,1086000,-206200,879800
2011/06/06,0,0,0,0
2011/06/07,0,1242000,-1860769,-618769
2011/06/08,0,1308000,-338000,970000
2011/06/09,0,1452000,-829000,623000
2011/06/10,0,1383987,-1226600,157387
2011/06/13,0,720000,-1679768,-959768
2011/06/14,0,2618000,-4953601,-2335601
2011/06/15,0,2280000,-1520000,760000
2011/06/16,0,527896,-1316000,-788104
2011/06/17,0,518000,-1708273,-1190273
2011/06/20,0,770000,-677426,92574
2011/06/21,0,587382,-597000,-9618
2011/06/22,0,730200,-1689400,-959200
2011/06/23,0,1189065,-3687717,-2498652
2011/06/24,0,1213000,-1264351,-51351
2011/06/27,0,1060000,-2919831,-1859831
2011/06/28,0,597000,-1245965,-648965
2011/06/29,0,913000,-1056000,-143000
2011/06/30,0,1180000,-799000,381000
2011/07/01,0,1639458,-1067000,572458
2011/07/04,0,371797,-1792963,-1421166
2011/07/05,0,1528864,-851705,677159
2011/07/06,0,482949,-240000,242949
2011/07/07,0,1708901,-921000,787901
2011/07/08,0,1384506,-361000,1023506
2011/07/11,0,513965,-853000,-339035
2011/07/12,0,570511,-351000,219511
2011/07/13,0,1168993,-2358000,-1189007
2011/07/14,0,721646,-876000,-154354
2011/07/15,0,849370,-155000,694370
2011/07/18,0,370042,-1073000,-702958
2011/07/19,0,210000,-1224791,-1014791
2011/07/20,0,968459,-1158000,-189541
2011/07/21,0,606663,-912400,-305737
2011/07/22,0,1291871,-2168000,-876129
2011/07/25,0,683382,-1874000,-1190618
2011/07/26,0,547543,-1922000,-1374457
2011/07/27,0,1609315,-1922000,-312685
2011/07/28,0,1170266,-1025000,145266
2011/07/29,0,1076059,-2541600,-1465541
2011/08/01,0,3877725,-4710000,-832275
2011/08/02,0,2800657,-5841700,-3041043
2011/08/03,0,3573966,-1193000,2380966
2011/08/04,0,2772473,-2390000,382473
2011/08/05,0,2562286,-1538000,1024286
2011/08/08,0,1545371,-2705887,-1160516
2011/08/09,0,1858000,-2187000,-329000
2011/08/10,0,1581000,-6150500,-4569500
2011/08/11,0,906000,-2240478,-1334478
2011/08/12,0,715000,-4259039,-3544039
2011/08/15,0,890739,-3019000,-2128261
2011/08/16,0,1351000,-1962000,-611000
2011/08/17,0,1275922,-375000,900922
2011/08/18,0,581558,-2852000,-2270442
2011/08/19,0,969764,-1303000,-333236
2011/08/22,0,1358513,-1491000,-132487
2011/08/23,0,2684000,-2583077,100923
2011/08/24,0,1067037,-2804000,-1736963
2011/08/25,0,1220311,-347026,873285
2011/08/26,0,1136171,-222066,914105
2011/08/29,0,1348000,-2585733,-1237733
2011/08/30,0,614365,-1071000,-456635
2011/08/31,0,1192428,-5326000,-4133572
2011/09/01,0,2017784,-9355222,-7337438
2011/09/02,0,1306794,-1570000,-263206
2011/09/05,0,2319000,-5970891,-3651891
2011/09/06,0,606537,-2628459,-2021922
2011/09/07,0,1188954,-708600,480354
2011/09/08,0,852139,-822400,29739
2011/09/09,0,867000,-1654600,-787600
2011/09/12,0,0,0,0
2011/09/13,0,1828591,-4185013,-2356422
2011/09/14,0,887895,-867071,20824
2011/09/15,0,1613000,-1051814,561186
2011/09/16,0,3196000,-962717,2233283
2011/09/19,0,1339500,-3682700,-2343200
2011/09/20,0,1104841,-1921400,-816559
2011/09/21,0,630025,-428500,201525
2011/09/22,0,707782,-3474700,-2766918
2011/09/23,0,647489,-1473600,-826111
2011/09/26,0,968834,-2312370,-1343536
2011/09/27,0,688019,-1281700,-593681
2011/09/28,0,1269625,-1018445,251180
2011/09/29,0,1213430,-181900,1031530
2011/09/30,0,1285000,-1368200,-83200
2011/10/03,0,429506,-878000,-448494
2011/10/04,0,1380000,-1535000,-155000
2011/10/05,0,349000,-926000,-577000
2011/10/06,0,1195000,-146600,1048400
2011/10/07,0,1282000,-210100,1071900
2011/10/10,0,0,0,0
2011/10/11,0,1670000,-640000,1030000
2011/10/12,0,870000,-707081,162919
2011/10/13,0,199560,-702000,-502440
2011/10/14,0,1033176,-377118,656058
2011/10/17,0,606197,-81000,525197
2011/10/18,0,1668759,-1386300,282459
2011/10/19,0,1445144,-374900,1070244
2011/10/20,0,1139761,-1130770,8991
2011/10/21,0,1403183,-786844,616339
2011/10/24,0,2400139,-1577325,822814
2011/10/25,0,1675011,-431900,1243111
2011/10/26,0,1609000,-943085,665915
2011/10/27,0,2986000,-772000,2214000
2011/10/28,0,1742000,-316473,1425527
2011/10/31,0,1912000,-1189000,723000
2011/11/01,0,3042000,-249950,2792050
2011/11/02,0,1473000,-1445400,27600
2011/11/03,0,2727900,-3366800,-638900
2011/11/04,0,2044000,-1299400,744600
2011/11/07,0,697000,-694000,3000
2011/11/08,0,298000,-287795,10205
2011/11/09,0,1364000,-3553550,-2189550
2011/11/10,0,1752000,-534000,1218000
2011/11/11,0,530000,-2734030,-2204030
2011/11/14,0,616698,-1334999,-718301
2011/11/15,0,1712000,-122100,1589900
2011/11/16,0,447000,-988000,-541000
2011/11/17,0,1269971,-2759675,-1489704
2011/11/18,0,183000,-2475465,-2292465
2011/11/21,0,435000,-1922000,-1487000
2011/11/22,0,246000,-539800,-293800
2011/11/23,0,418000,-1391900,-973900
2011/11/24,0,1174000,-1796000,-622000
2011/11/25,0,282000,-984700,-702700
2011/11/28,0,1329048,-1611038,-281990
2011/11/29,0,1022000,-2024000,-1002000
2011/11/30,0,1041000,-805670,235330
2011/12/01,0,3928000,-704038,3223962
2011/12/02,0,1059000,-512400,546600
2011/12/05,0,3729000,-3456000,273000
2011/12/06,0,833000,-1317435,-484435
2011/12/07,0,915000,-642000,273000
2011/12/08,0,504000,-1000000,-496000
2011/12/09,0,304517,-884080,-579563
2011/12/12,0,447000,-319000,128000
2011/12/13,0,705000,-556483,148517
2011/12/14,0,110000,-773720,-663720
2011/12/15,0,277000,-1244000,-967000
2011/12/16,0,862000,-1352949,-490949
2011/12/19,0,789000,-1046850,-257850
2011/12/20,0,770000,-749100,20900
2011/12/21,0,840000,-369953,470047
2011/12/22,0,465000,-325730,139270
2011/12/23,0,1344000,-737480,606520
2011/12/26,0,271000,-168000,103000
2011/12/27,0,1160000,-429000,731000
2011/12/28,0,840000,-253862,586138
2011/12/29,0,1056600,-449000,607600
2011/12/30,0,1790270,-387000,1403270
2012/01/02,0,159000,-279000,-120000
2012/01/03,0,711000,-358000,353000
2012/01/04,0,2130000,-734600,1395400
2012/01/05,0,2011000,-611000,1400000
2012/01/06,0,681000,-1098969,-417969
2012/01/09,0,777700,-471716,305984
2012/01/10,0,861000,-654384,206616
2012/01/11,0,2799000,-1279000,1520000
2012/01/12,0,964000,-337000,627000
2012/01/13,0,2041000,-1006740,1034260
2012/01/16,0,1140000,-1737600,-597600
2012/01/17,0,2246440,-3696615,-1450175
2012/01/18,0,2001000,-1896000,105000
2012/01/19,0,0,0,0
2012/01/20,0,0,0,0
2012/01/23,0,0,0,0
2012/01/24,0,0,0,0
2012/01/25,0,0,0,0
2012/01/26,0,0,0,0
2012/01/27,0,0,0,0
2012/01/30,0,3564200,-807790,2756410
2012/01/31,0,4648300,-1066250,3582050
2012/02/01,0,2612000,-2441147,170853
2012/02/02,0,2039560,-1441000,598560
2012/02/03,0,1838000,-1713000,125000
2012/02/06,0,4345000,-1591000,2754000
2012/02/07,0,676000,-854000,-178000
2012/02/08,0,691000,-7273200,-6582200
2012/02/09,0,1542000,-5089980,-3547980
2012/02/10,0,1027000,-7790592,-6763592
2012/02/13,0,1790000,-25804170,-24014170
2012/02/14,0,3042667,-5634400,-2591733
2012/02/15,0,1255906,-18035030,-16779124
2012/02/16,0,5458800,-37974140,-32515340
2012/02/17,0,1431000,-10744700,-9313700
2012/02/20,0,645000,-4056400,-3411400
2012/02/21,0,566012,-2814804,-2248792
2012/02/22,0,1644000,-4555000,-2911000
2012/02/23,0,258939,-2452000,-2193061
2012/02/24,0,5983000,-930078,5052922
2012/02/27,0,0,0,0
2012/02/28,0,0,0,0
2012/02/29,0,894566,-233000,661566
2012/03/01,0,376313,-91000,285313
2012/03/02,0,6758451,-50748005,-43989554
2012/03/05,0,8064000,-24517926,-16453926
2012/03/06,0,8865000,-9524847,-659847
2012/03/07,0,6185000,-2462077,3722923
2012/03/08,0,2918000,-3385130,-467130
2012/03/09,0,1599000,-1454000,145000
2012/03/12,0,1179000,-1998000,-819000
2012/03/13,0,1509000,-1236235,272765
2012/03/14,0,1477000,-851315,625685
2012/03/15,0,3371000,-1225000,2146000
2012/03/16,0,2838000,-2238100,599900
2012/03/19,0,430000,-1001200,-571200
2012/03/20,0,339000,-2052000,-1713000
2012/03/21,0,245000,-1426000,-1181000
2012/03/22,0,5517000,-1203000,4314000
2012/03/23,0,8766000,-891075,7874925
2012/03/26,0,625000,-2785000,-2160000
2012/03/27,0,1975000,-1733435,241565
2012/03/28,0,864000,-564900,299100
2012/03/29,0,1093000,-1497000,-404000
2012/03/30,0,2977400,-962140,2015260
2012/04/02,0,1665000,-569000,1096000
2012/04/03,0,3607889,-776000,2831889
2012/04/04,0,0,0,0
2012/04/05,0,438000,-1048000,-610000
2012/04/06,0,342000,-1087312,-745312
2012/04/09,0,150000,-413000,-263000
2012/04/10,0,2150000,-974000,1176000
2012/04/11,0,235000,-1081767,-846767
2012/04/12,0,1310790,-1953300,-642510
2012/04/13,0,471739,-1060126,-588387
2012/04/16,0,210000,-1521000,-1311000
2012/04/17,0,517000,-1430069,-913069
2012/04/18,0,194000,-3225373,-3031373
2012/04/19,0,2677429,-2949429,-272000
2012/04/20,0,1772000,-1231844,540156
2012/04/23,0,658000,-1098000,-440000
2012/04/24,0,742000,-1399000,-657000
2012/04/25,0,1556000,-1469600,86400
2012/04/26,0,368000,-1420028,-1052028
2012/04/27,0,1025586,-3187000,-2161414
2012/04/30,0,2363000,-2817962,-454962
2012/05/01,0,0,0,0
2012/05/02,0,1460000,-2938748,-1478748
2012/05/03,0,8925000,-4664939,4260061
2012/05/04,0,3245000,-3178000,67000
2012/05/07,0,11835000,-2010000,9825000
2012/05/08,0,3289000,-1117800,2171200
2012/05/09,0,2401000,-4659000,-2258000
2012/05/10,0,2186209,-992211,1193998
2012/05/11,0,2644254,-1507000,1137254
2012/05/14,0,647000,-2561000,-1914000
2012/05/15,0,917000,-3246720,-2329720
2012/05/16,0,1118000,-3243000,-2125000
2012/05/17,0,2696000,-3740900,-1044900
2012/05/18,0,773000,-1854000,-1081000
2012/05/21,0,2433000,-1299925,1133075
2012/05/22,0,3316562,-1724000,1592562
2012/05/23,0,521993,-1056000,-534007
2012/05/24,0,445000,-3564086,-3119086
2012/05/25,0,469000,-1382970,-913970
2012/05/28,0,902478,-146478,756000
2012/05/29,0,4242000,-652700,3589300
2012/05/30,0,4109000,-5153624,-1044624
2012/05/31,0,855075,-6225325,-5370250
2012/06/01,0,949000,-5510357,-4561357
2012/06/04,0,1523000,-3913027,-2390027
2012/06/05,0,1661000,-416000,1245000
2012/06/06,0,1074000,-599000,475000
2012/06/07,0,1224321,-717000,507321
2012/06/08,0,1827240,-460000,1367240
2012/06/11,0,3037244,-689000,2348244
2012/06/12,0,1557000,-2157000,-600000
2012/06/13,0,2660414,-3349900,-689486
2012/06/14,0,870344,-490842,379502
2012/06/15,0,4527461,-1463121,3064340
2012/06/18,0,2002360,-618000,1384360
2012/06/19,0,1988182,-2115131,-126949
2012/06/20,0,1743096,-1207869,535227
2012/06/21,0,1181220,-942000,239220
2012/06/22,0,468249,-1649000,-1180751
2012/06/25,0,960000,-1045100,-85100
2012/06/26,0,1074000,-460262,613738
2012/06/27,0,1047000,-850500,196500
2012/06/28,0,1331000,-875300,455700
2012/06/29,0,1777000,-795000,982000
2012/07/02,0,5369000,-2897200,2471800
2012/07/03,0,4574000,-5573184,-999184
2012/07/04,0,7245024,-6419000,826024
2012/07/05,0,4023000,-734000,3289000
2012/07/06,0,3470000,-985000,2485000
2012/07/09,0,1796000,-2465000,-669000
2012/07/10,0,6124200,-961222,5162978
2012/07/11,0,3224000,-789000,2435000
2012/07/12,0,3834000,-1309000,2525000
2012/07/13,0,2819071,-1672786,1146285
2012/07/16,0,2473000,-1354000,1119000
2012/07/17,0,2300000,-2167000,133000
2012/07/18,0,2595000,-1372000,1223000
2012/07/19,0,706000,-1428000,-722000
2012/07/20,0,1413000,-999570,413430
2012/07/23,0,1045086,-823535,221551
2012/07/24,0,1446000,-868000,578000
2012/07/25,0,810000,-1709000,-899000
2012/07/26,0,2475000,-3325790,-850790
2012/07/27,0,1959000,-1958000,1000
2012/07/30,0,2154720,-902000,1252720
2012/07/31,0,5598593,-5274000,324593
2012/08/01,0,8668000,-10142000,-1474000
2012/08/02,0,0,0,0
2012/08/03,0,4364481,-8505000,-4140519
2012/08/06,0,3863000,-2310000,1553000
2012/08/07,0,3010000,-2997000,13000
2012/08/08,0,5068615,-4451000,617615
2012/08/09,0,7173000,-3473000,3700000
2012/08/10,0,3692000,-2599000,1093000
2012/08/13,0,2060980,-1642000,418980
2012/08/14,0,1996200,-906000,1090200
2012/08/15,0,1875285,-1164000,711285
2012/08/16,0,1826000,-1411000,415000
2012/08/17,0,1771000,-966000,805000
2012/08/20,0,1223000,-891000,332000
2012/08/21,0,2673497,-717933,1955564
2012/08/22,0,1466619,-686927,779692
2012/08/23,0,2355882,-2035000,320882
2012/08/24,0,1085000,-767000,318000
2012/08/27,0,856000,-658000,198000
2012/08/28,0,444840,-184000,260840
2012/08/29,0,389000,-366600,22400
2012/08/30,0,837000,-882000,-45000
2012/08/31,0,1597130,-513060,1084070
2012/09/03,0,825000,-2290000,-1465000
2012/09/04,0,774000,-1933897,-1159897
2012/09/05,0,126180,-2070000,-1943820
2012/09/06,0,225000,-1076000,-851000
2012/09/07,0,224000,-17283,206717
2012/09/10,0,742000,-477000,265000
2012/09/11,0,596000,-1164984,-568984
2012/09/12,0,877000,-1865000,-988000
2012/09/13,0,389000,-1199000,-810000
2012/09/14,0,1397000,-590000,807000
2012/09/17,0,1671000,-994000,677000
2012/09/18,0,1531000,-3227000,-1696000
2012/09/19,0,1190000,-1554000,-364000
2012/09/20,0,783000,-1256000,-473000
2012/09/21,0,966222,-565000,401222
2012/09/24,0,787000,-60000,727000
2012/09/25,0,2004000,-567000,1437000
2012/09/26,0,850000,-226000,624000
2012/09/27,0,1080000,-1582626,-502626
2012/09/28,0,862000,-836158,25842
2012/10/01,0,831000,-754000,77000
2012/10/02,0,744000,-680000,64000
2012/10/03,0,1470000,-863500,606500
2012/10/04,0,2114000,-2096000,18000
2012/10/05,0,1221300,-2276100,-1054800
2012/10/08,0,638200,-4133000,-3494800
2012/10/09,0,1627000,-2835713,-1208713
2012/10/10,0,0,0,0
2012/10/11,0,1401000,-5252000,-3851000
2012/10/12,0,1412000,-2318000,-906000
2012/10/15,0,827000,-943000,-116000
2012/10/16,0,2073000,-1303000,770000
2012/10/17,0,974000,-2452300,-1478300
2012/10/18,0,1219000,-2550800,-1331800
2012/10/19,0,2374000,-3814000,-1440000
2012/10/22,0,2765000,-1744137,1020863
2012/10/23,0,228400,-858536,-630136
2012/10/24,0,460000,-1104418,-644418
2012/10/25,0,1049000,-972000,77000
2012/10/26,0,1052000,-2577000,-1525000
2012/10/29,0,778700,-2516000,-1737300
2012/10/30,0,2834000,-1553000,1281000
2012/10/31,0,2087000,-2452000,-365000
2012/11/01,0,560000,-9777000,-9217000
2012/11/02,0,2913000,-6107000,-3194000
2012/11/05,0,1074000,-2504000,-1430000
2012/11/06,0,908000,-3450000,-2542000
2012/11/07,0,576000,-1620000,-1044000
2012/11/08,0,1185000,-2829000,-1644000
2012/11/09,0,757000,-4850000,-4093000
2012/11/12,0,700000,-3669000,-2969000
2012/11/13,0,1704000,-3598916,-1894916
2012/11/14,0,3013000,-2955175,57825
2012/11/15,0,3616000,-5992200,-2376200
2012/11/16,0,969000,-2746000,-1777000
2012/11/19,0,2274240,-4290000,-2015760
2012/11/20,0,1084000,-3959000,-2875000
2012/11/21,0,1174000,-1246000,-72000
2012/11/22,0,1887000,-177000,1710000
2012/11/23,0,1511000,-4207000,-2696000
2012/11/26,0,1399000,-1305000,94000
2012/11/27,0,862000,-1058000,-196000
2012/11/28,0,942200,-2431662,-1489462
2012/11/29,0,1185000,-1302000,-117000
2012/11/30,0,2782000,-2300985,481015
2012/12/03,0,1812000,-2438000,-626000
2012/12/04,0,1431000,-2116000,-685000
2012/12/05,0,5517000,-1559180,3957820
2012/12/06,0,2043000,-1572000,471000
2012/12/07,0,1767000,-1226000,541000
2012/12/10,0,710000,-797000,-87000
2012/12/11,0,3017243,-1661000,1356243
2012/12/12,0,2180000,-581000,1599000
2012/12/13,0,1480144,-1124000,356144
2012/12/14,0,8209567,-964000,7245567
2012/12/17,0,2870000,-768400,2101600
2012/12/18,0,2487000,-533475,1953525
2012/12/19,0,1842000,-3188000,-1346000
2012/12/20,0,3998000,-5221000,-1223000
2012/12/21,0,1825000,-1321885,503115
2012/12/24,0,288000,-312000,-24000
2012/12/25,0,608000,-466000,142000
2012/12/26,0,646000,-556000,90000
2012/12/27,0,771339,-747000,24339
2012/12/28,0,1308000,-556000,752000
2012/12/31,0,0,0,0
2013/01/01,0,0,0,0
2013/01/02,0,941860,-161000,780860
2013/01/03,0,1713000,-1533000,180000
2013/01/04,0,1215000,-788000,427000
2013/01/07,0,1477000,-1876100,-399100
2013/01/08,0,1579000,-1523000,56000
2013/01/09,0,1423000,-2107000,-684000
2013/01/10,0,1774000,-1389808,384192
2013/01/11,0,1337000,-1426000,-89000
2013/01/14,0,781000,-903000,-122000
2013/01/15,0,1092000,-2111000,-1019000
2013/01/16,0,604000,-1602640,-998640
2013/01/17,0,1379400,-1748149,-368749
2013/01/18,0,641000,-1416000,-775000
2013/01/21,0,818000,-619000,199000
2013/01/22,0,1163000,-563413,599587
2013/01/23,0,538000,-437678,100322
2013/01/24,0,235000,-636000,-401000
2013/01/25,0,349000,-1366500,-1017500
2013/01/28,0,33515000,-28681500,4833500
2013/01/29,0,9385000,-15239500,-5854500
2013/01/30,0,2063000,-6261000,-4198000
2013/01/31,0,2007000,-4035000,-2028000
2013/02/01,0,1688000,-2860000,-1172000
2013/02/04,0,1333000,-4020000,-2687000
2013/02/05,0,1633000,-4144863,-2511863
2013/02/06,0,5132871,-5801000,-668129
2013/02/07,0,0,0,0
2013/02/08,0,0,0,0
2013/02/11,0,0,0,0
2013/02/12,0,0,0,0
2013/02/13,0,0,0,0
2013/02/14,0,0,0,0
2013/02/15,0,0,0,0
2013/02/18,0,1815680,-2401100,-585420
2013/02/19,0,2977926,-3682538,-704612
2013/02/20,0,1264120,-1700000,-435880
2013/02/21,0,1624207,-2242982,-618775
2013/02/22,0,1604000,-1863000,-259000
2013/02/25,0,696418,-1640669,-944251
2013/02/26,0,2036233,-2338000,-301767
2013/02/27,0,3368882,-6150600,-2781718
2013/02/28,0,0,0,0
2013/03/01,0,4684000,-2295088,2388912
2013/03/04,0,2458000,-1909000,549000
2013/03/05,0,2964000,-1154000,1810000
2013/03/06,0,10435000,-3203000,7232000
2013/03/07,0,7560000,-3946595,3613405
2013/03/08,0,3605300,-465000,3140300
2013/03/11,0,3668000,-1974000,1694000
2013/03/12,0,3131000,-1776997,1354003
2013/03/13,0,4856000,-1772961,3083039
2013/03/14,0,2729000,-888922,1840078
2013/03/15,0,551000,-769251,-218251
2013/03/18,0,307000,-609000,-302000
2013/03/19,0,1222000,-577749,644251
2013/03/20,0,316000,-2112151,-1796151
2013/03/21,0,666900,-1001000,-334100
2013/03/22,0,993221,-604031,389190
2013/03/25,0,2222000,-573000,1649000
2013/03/26,0,2989000,-3070756,-81756
2013/03/27,0,1374000,-908000,466000
2013/03/28,0,515000,-649000,-134000
2013/03/29,0,399000,-1663000,-1264000
2013/04/01,0,289543,-255000,34543
2013/04/02,0,682000,-166000,516000
2013/04/03,0,649000,-746749,-97749
2013/04/04,0,0,0,0
2013/04/05,0,0,0,0
2013/04/08,0,3449000,-1477000,1972000
2013/04/09,0,4534000,-1954918,2579082
2013/04/10,0,996675,-1883000,-886325
2013/04/11,0,520427,-1146000,-625573
2013/04/12,0,2098000,-1769890,328110
2013/04/15,0,842398,-2990000,-2147602
2013/04/16,0,458463,-2003400,-1544937
2013/04/17,0,650000,-3216149,-2566149
2013/04/18,0,453000,-781000,-328000
2013/04/19,0,2685000,-149000,2536000
2013/04/22,0,760000,-3047749,-2287749
2013/04/23,0,846000,-870000,-24000
2013/04/24,0,563000,-350166,212834
2013/04/25,0,3149185,-1995000,1154185
2013/04/26,0,814000,-2249000,-1435000
2013/04/29,0,3170000,-854000,2316000
2013/04/30,0,1538000,-3273000,-1735000
2013/05/01,0,0,0,0
2013/05/02,0,1840000,-196341,1643659
2013/05/03,0,4524000,-135000,4389000
2013/05/06,0,3736000,-1004312,2731688
2013/05/07,0,3480000,-2232045,1247955
2013/05/08,0,4098235,-37000,4061235
2013/05/09,0,6033609,-1021470,5012139
2013/05/10,0,1260000,-602000,658000
2013/05/13,0,4274348,-1393000,2881348
2013/05/14,0,5638200,-1823000,3815200
2013/05/15,0,3568000,-859000,2709000
2013/05/16,0,3886511,-517000,3369511
2013/05/17,0,2596288,-370000,2226288
2013/05/20,0,3265656,-270000,2995656
2013/05/21,0,4531000,-197393,4333607
2013/05/22,0,4137000,-1320580,2816420
2013/05/23,0,3522000,-869555,2652445
2013/05/24,0,1953109,-3267065,-1313956
2013/05/27,0,666214,-1167000,-500786
2013/05/28,0,681000,-708938,-27938
2013/05/29,0,3337000,-168000,3169000
2013/05/30,0,1017000,-1954000,-937000
2013/05/31,0,3575296,-4091851,-516555
2013/06/03,0,1549000,-624000,925000
2013/06/04,0,875000,-1101000,-226000
2013/06/05,0,1097000,-475052,621948
2013/06/06,0,513725,-1093100,-579375
2013/06/07,0,2233000,-1128637,1104363
2013/06/10,0,1824000,-498000,1326000
2013/06/11,0,2239682,-931000,1308682
2013/06/12,0,0,0,0
2013/06/13,0,3102022,-2834650,267372
2013/06/14,0,2278000,-1083950,1194050
2013/06/17,0,1300813,-1577000,-276187
2013/06/18,0,2784000,-1785500,998500
2013/06/19,0,2413214,-2765000,-351786
2013/06/20,0,3160000,-2079953,1080047
2013/06/21,0,2238000,-5263558,-3025558
2013/06/24,0,3650000,-2392000,1258000
2013/06/25,0,1896000,-3492405,-1596405
2013/06/26,0,1461424,-2661418,-1199994
2013/06/27,0,2073000,-1091000,982000
2013/06/28,0,3156000,-2047525,1108475
2013/07/01,0,3616000,-1149000,2467000
2013/07/02,0,496000,-1055857,-559857
2013/07/03,0,1918000,-399500,1518500
2013/07/04,0,826000,-3468000,-2642000
2013/07/05,0,1143000,-3488000,-2345000
2013/07/08,0,713000,-1730000,-1017000
2013/07/09,0,1159500,-724600,434900
2013/07/10,0,3431000,-673000,2758000
2013/07/11,0,2896100,-544000,2352100
2013/07/12,0,3510000,-356000,3154000
2013/07/15,0,3632000,-3254000,378000
2013/07/16,0,1967000,-772000,1195000
2013/07/17,0,1434000,-2043000,-609000
2013/07/18,0,2277000,-1942000,335000
2013/07/19,0,1631578,-3395052,-1763474
2013/07/22,0,3378579,-1745000,1633579
2013/07/23,0,3272000,-1727000,1545000
2013/07/24,0,2795000,-1153000,1642000
2013/07/25,0,1978000,-672000,1306000
2013/07/26,0,2414000,-788000,1626000
2013/07/29,0,2285000,-1523000,762000
2013/07/30,0,1635000,-1105000,530000
2013/07/31,0,1441000,-425000,1016000
2013/08/01,0,3207000,-2984000,223000
2013/08/02,0,2026000,-3702000,-1676000
2013/08/05,0,490000,-1215000,-725000
2013/08/06,0,140000,-2710000,-2570000
2013/08/07,0,286837,-2985000,-2698163
2013/08/08,0,482350,-2947000,-2464650
2013/08/09,0,437000,-1366366,-929366
2013/08/12,0,1828000,-1451000,377000
2013/08/13,0,1943000,-1977000,-34000
2013/08/14,0,689491,-891000,-201509
2013/08/15,0,726000,-618687,107313
2013/08/16,0,3527000,-2394926,1132074
2013/08/19,0,2277000,-2407000,-130000
2013/08/20,0,1628459,-382505,1245954
2013/08/21,0,0,0,0
2013/08/22,0,1866505,-1779000,87505
2013/08/23,0,205000,-1321000,-1116000
2013/08/26,0,335298,-489000,-153702
2013/08/27,0,631000,-946000,-315000
2013/08/28,0,1897000,-1397000,500000
2013/08/29,0,1624000,-653000,971000
2013/08/30,0,2267910,-1475000,792910
2013/09/02,0,426000,-282000,144000
2013/09/03,0,753331,-1049323,-295992
2013/09/04,0,509000,-407000,102000
2013/09/05,0,1841854,-761000,1080854
2013/09/06,0,738801,-1338000,-599199
2013/09/09,0,2566000,-2482000,84000
2013/09/10,0,1847000,-2179000,-332000
2013/09/11,0,1360000,-952630,407370
2013/09/12,0,1151000,-473000,678000
2013/09/13,0,1400000,-750100,649900
2013/09/16,0,2093000,-1271000,822000
2013/09/17,0,469424,-471000,-1576
2013/09/18,0,1197154,-795528,401626
2013/09/19,0,0,0,0
2013/09/20,0,0,0,0
2013/09/23,0,1475552,-252000,1223552
2013/09/24,0,918000,-998823,-80823
2013/09/25,0,1712000,-887000,825000
2013/09/26,0,1336000,-396000,940000
2013/09/27,0,1310712,-357105,953607
2013/09/30,0,1572544,-1059000,513544
2013/10/01,0,993000,-1247616,-254616
2013/10/02,0,1272591,-792700,479891
2013/10/03,0,2306384,-1016000,1290384
2013/10/04,0,1761000,-1131000,630000
2013/10/07,0,645018,-534206,110812
2013/10/08,0,1481000,-1168086,312914
2013/10/09,0,960000,-748000,212000
2013/10/10,0,0,0,0
2013/10/11,0,682000,-1485435,-803435
2013/10/14,0,711000,-775841,-64841
2013/10/15,0,857000,-804730,52270
2013/10/16,0,443000,-527000,-84000
2013/10/17,0,919000,-389000,530000
2013/10/18,0,1132000,-300100,831900
2013/10/21,0,761000,-360000,401000
2013/10/22,0,927000,-1520000,-593000
2013/10/23,0,702385,-918000,-215615
2013/10/24,0,1350000,-903000,447000
2013/10/25,0,851000,-1664000,-813000
2013/10/28,0,1115000,-1422000,-307000
2013/10/29,0,1117000,-2443000,-1326000
2013/10/30,0,1633000,-2091000,-458000
2013/10/31,0,2323000,-716600,1606400
2013/11/01,0,1633000,-5020000,-3387000
2013/11/04,0,1486000,-6497194,-5011194
2013/11/05,0,307000,-1405366,-1098366
2013/11/06,0,942000,-3123000,-2181000
2013/11/07,0,1582000,-4185000,-2603000
2013/11/08,0,700000,-1089000,-389000
2013/11/11,0,328000,-2063000,-1735000
2013/11/12,0,1433000,-1771000,-338000
2013/11/13,0,694924,-1541000,-846076
2013/11/14,0,937000,-1643000,-706000
2013/11/15,0,640000,-1765000,-1125000
2013/11/18,0,912200,-1195000,-282800
2013/11/19,0,612034,-1053034,-441000
2013/11/20,0,687000,-993660,-306660
2013/11/21,0,1670000,-3303000,-1633000
2013/11/22,0,3847000,-2457000,1390000
2013/11/25,0,3261000,-1017000,2244000
2013/11/26,0,1667000,-2622967,-955967
2013/11/27,0,905018,-789000,116018
2013/11/28,0,1221000,-171000,1050000
2013/11/29,0,1712000,-862000,850000
2013/12/02,0,248018,-846000,-597982
2013/12/03,0,644925,-899328,-254403
2013/12/04,0,830336,-555000,275336
2013/12/05,0,331000,-1444000,-1113000
2013/12/06,0,398000,-728000,-330000
2013/12/09,0,978000,-1211726,-233726
2013/12/10,0,300000,-2669000,-2369000
2013/12/11,0,674000,-987000,-313000
2013/12/12,0,404000,-1246385,-842385
2013/12/13,0,786000,-684000,102000
2013/12/16,0,2764000,-2388494,375506
2013/12/17,0,1084000,-1403000,-319000
2013/12/18,0,774000,-981000,-207000
2013/12/19,0,710000,-995100,-285100
2013/12/20,0,1567000,-1223906,343094
2013/12/23,0,697000,-354000,343000
2013/12/24,0,414000,-92000,322000
2013/12/25,0,225000,-127000,98000
2013/12/26,0,891610,-1144000,-252390
2013/12/27,0,894000,-1113000,-219000
2013/12/30,0,935000,-115005,819995
2013/12/31,0,593000,-186000,407000
2014/01/02,0,532000,-144000,388000
2014/01/03,0,1259000,-837000,422000
2014/01/06,0,1406000,-746000,660000
2014/01/07,0,1327000,-943060,383940
2014/01/08,0,2459000,-588000,1871000
2014/01/09,0,1435000,-1501600,-66600
2014/01/10,0,1055000,-1368000,-313000
2014/01/13,0,352000,-2166000,-1814000
2014/01/14,0,593000,-2056000,-1463000
2014/01/15,0,2427000,-1728000,699000
2014/01/16,0,1062000,-2610000,-1548000
2014/01/17,0,1686018,-2506300,-820282
2014/01/20,0,518000,-1710000,-1192000
2014/01/21,0,937000,-727131,209869
2014/01/22,0,1293000,-1923000,-630000
2014/01/23,0,737000,-1400047,-663047
2014/01/24,0,998000,-1715000,-717000
2014/01/27,0,618000,-2785598,-2167598
2014/02/05,0,682000,-3829228,-3147228
2014/02/06,0,1324000,-2362000,-1038000
2014/02/07,0,320000,-2028000,-1708000
2014/02/10,0,640000,-767000,-127000
2014/02/11,0,672000,-1018709,-346709
2014/02/12,0,1119000,-3669000,-2550000
2014/02/13,0,1107000,-2424000,-1317000
2014/02/14,0,1507870,-895265,612605
2014/02/17,0,412000,-422000,-10000
2014/02/18,0,580136,-1527000,-946864
2014/02/19,0,2406000,-2347416,58584
2014/02/20,0,2408000,-770396,1637604
2014/02/21,0,1067000,-204000,863000
2014/02/24,0,885000,-395000,490000
2014/02/25,0,680906,-686900,-5994
2014/02/26,0,1658000,-1815646,-157646
2014/02/27,0,1318000,-396932,921068
2014/03/03,0,2732000,-6219000,-3487000
2014/03/04,0,304000,-1240000,-936000
2014/03/05,0,356000,-1289000,-933000
2014/03/06,0,1126000,-835000,291000
2014/03/07,0,1025000,-1158000,-133000
2014/03/10,0,1052000,-1156000,-104000
2014/03/11,0,2982000,-2037932,944068
2014/03/12,0,365000,-1458000,-1093000
2014/03/13,0,604000,-2270000,-1666000
2014/03/14,0,1345000,-2521000,-1176000
2014/03/17,0,450000,-490000,-40000
2014/03/18,0,1543000,-816000,727000
2014/03/19,0,1053000,-2191000,-1138000
2014/03/20,0,462000,-2913900,-2451900
2014/03/21,0,1014000,-2559000,-1545000
2014/03/24,0,3894901,-1305000,2589901
2014/03/25,0,1927000,-2773300,-846300
2014/03/26,0,742000,-1059189,-317189
2014/03/27,0,864000,-3137075,-2273075
2014/03/28,0,1320000,-1023000,297000
2014/03/31,0,1983218,-794600,1188618
2014/04/01,0,1696000,-2208763,-512763
2014/04/02,0,1622000,-1474300,147700
2014/04/03,0,6619000,-2079000,4540000
2014/04/07,0,768000,-3452000,-2684000
2014/04/08,0,1223000,-5087600,-3864600
2014/04/09,0,910000,-4061000,-3151000
2014/04/10,0,1629000,-3160603,-1531603
2014/04/11,0,2904000,-1656000,1248000
2014/04/14,0,822000,-152000,670000
2014/04/15,0,1237000,-961480,275520
2014/04/16,0,1995162,-536000,1459162
2014/04/17,0,1360000,-2046000,-686000
2014/04/18,0,493000,-383000,110000
2014/04/21,0,749000,-122000,627000
2014/04/22,0,897000,-2349000,-1452000
2014/04/23,0,690001,-1108000,-417999
2014/04/24,0,759000,-410908,348092
2014/04/25,0,761000,-444000,317000
2014/04/28,0,860000,-2129000,-1269000
2014/04/29,0,550000,-2088000,-1538000
2014/04/30,0,12138000,-7125000,5013000
2014/05/02,0,7335000,-3656547,3678453
2014/05/05,0,4044000,-990000,3054000
2014/05/06,0,3307000,-617000,2690000
2014/05/07,0,7730000,-1117000,6613000
2014/05/08,0,4099000,-1232000,2867000
2014/05/09,0,5307000,-1300806,4006194
2014/05/12,0,3241000,-562000,2679000
2014/05/13,0,2750000,-370000,2380000
2014/05/14,0,1738000,-390000,1348000
2014/05/15,0,2446000,-868000,1578000
2014/05/16,0,3447000,-3597152,-150152
2014/05/19,0,1746000,-766595,979405
2014/05/20,0,1583066,-913326,669740
2014/05/21,0,2654000,-388200,2265800
2014/05/22,0,1644000,-859000,785000
2014/05/23,0,3280000,-586600,2693400
2014/05/26,0,1137000,-661000,476000
2014/05/27,0,939000,-880000,59000
2014/05/28,0,4927000,-1051000,3876000
2014/05/29,0,1969000,-1052646,916354
2014/05/30,0,3802194,-2623000,1179194
2014/06/03,0,1298000,-2326000,-1028000
2014/06/04,0,1528000,-1071000,457000
2014/06/05,0,2571000,-2749491,-178491
2014/06/06,0,955060,-3748000,-2792940
2014/06/09,0,995000,-1654000,-659000
2014/06/10,0,1638740,-1537000,101740
2014/06/11,0,484000,-2093200,-1609200
2014/06/12,0,1858000,-4240105,-2382105
2014/06/13,0,3756000,-4163000,-407000
2014/06/16,0,2754000,-3113698,-359698
2014/06/17,0,2840000,-1262000,1578000
2014/06/18,0,2713000,-1053000,1660000
2014/06/19,0,644527,-1318000,-673473
2014/06/20,0,745100,-1220718,-475618
2014/06/23,0,574000,-1364497,-790497
2014/06/24,0,1028000,-691969,336031
2014/06/25,0,623000,-1615083,-992083
2014/06/26,0,867852,-721000,146852
2014/06/27,0,382000,-1154000,-772000
2014/06/30,0,1202000,-1645678,-443678
2014/07/01,0,1154000,-1564000,-410000
2014/07/02,0,614000,-3448785,-2834785
2014/07/03,0,951000,-1779000,-828000
2014/07/04,0,1116000,-1891000,-775000
2014/07/07,0,2052000,-2409824,-357824
2014/07/08,0,2015494,-1908000,107494
2014/07/09,0,1231000,-2189000,-958000
2014/07/10,0,4226000,-4739000,-513000
2014/07/11,0,2812200,-5320000,-2507800
2014/07/14,0,965000,-3007300,-2042300
2014/07/15,0,1620000,-2026000,-406000
2014/07/16,0,2163000,-3094000,-931000
2014/07/17,0,900793,-2290900,-1390107
2014/07/18,0,586000,-2082300,-1496300
2014/07/21,0,783000,-1057000,-274000
2014/07/22,0,967000,-1083600,-116600
2014/07/23,0,0,0,0
2014/07/24,0,7702000,-6434000,1268000
2014/07/25,0,685000,-2701380,-2016380
2014/07/28,0,1278000,-2991000,-1713000
2014/07/29,0,2059000,-2196270,-137270
2014/07/30,0,1580000,-2616000,-1036000
2014/07/31,0,4433000,-5418385,-985385
2014/08/01,0,1414000,-2653000,-1239000
2014/08/04,0,3474000,-3297000,177000
2014/08/05,0,1613000,-2968144,-1355144
2014/08/06,0,667100,-982000,-314900
2014/08/07,0,1173175,-1081111,92064
2014/08/08,0,756000,-1795160,-1039160
2014/08/11,0,454000,-982207,-528207
2014/08/12,0,1072000,-2138627,-1066627
2014/08/13,0,2143000,-189000,1954000
2014/08/14,0,320000,-1204000,-884000
2014/08/15,0,311000,-1265000,-954000
2014/08/18,0,140000,-585000,-445000
2014/08/19,0,1296445,-1929000,-632555
2014/08/20,0,636445,-1174000,-537555
2014/08/21,0,2435000,-1250000,1185000
2014/08/22,0,1468393,-516024,952369
2014/08/25,0,557000,-937000,-380000
2014/08/26,0,1530478,-417000,1113478
2014/08/27,0,6625000,-726000,5899000
2014/08/28,0,965000,-622000,343000
2014/08/29,0,1105000,-1064246,40754
2014/09/01,0,1124000,-224000,900000
2014/09/02,0,2982000,-3907470,-925470
2014/09/03,0,2077122,-1631000,446122
2014/09/04,0,1199000,-2594668,-1395668
2014/09/05,0,543000,-1624000,-1081000
2014/09/09,0,1660000,-1236000,424000
2014/09/10,0,327000,-1139000,-812000
2014/09/11,0,1399000,-641000,758000
2014/09/12,0,1192886,-885000,307886
2014/09/15,0,691000,-2040538,-1349538
2014/09/16,0,1083000,-763000,320000
2014/09/17,0,909000,-1397500,-488500
2014/09/18,0,1636045,-1805620,-169575
2014/09/19,0,1351000,-1122000,229000
2014/09/22,0,1549000,-1994473,-445473
2014/09/23,0,1473000,-683000,790000
2014/09/24,0,1892000,-692000,1200000
2014/09/25,0,1474580,-997000,477580
2014/09/26,0,93000,-543000,-450000
2014/09/29,0,689000,-2746390,-2057390
2014/09/30,0,1130000,-1362000,-232000
2014/10/01,0,539000,-2209304,-1670304
2014/10/02,0,730000,-1723982,-993982
2014/10/03,0,1148000,-536000,612000
2014/10/06,0,812000,-1177000,-365000
2014/10/07,0,2682000,-1296002,1385998
2014/10/08,0,2531400,-1503288,1028112
2014/10/09,0,2449000,-1079000,1370000
2014/10/13,0,1755000,-610000,1145000
2014/10/14,0,816000,-642000,174000
2014/10/15,0,2513000,-2292000,221000
2014/10/16,0,1897000,-2558000,-661000
2014/10/17,0,3106000,-6285703,-3179703
2014/10/20,0,1556616,-572291,984325
2014/10/21,0,634000,-884669,-250669
2014/10/22,0,1175000,-1640000,-465000
2014/10/23,0,647000,-198000,449000
2014/10/24,0,441000,-1030300,-589300
2014/10/27,0,500000,-504000,-4000
2014/10/28,0,732000,-429000,303000
2014/10/29,0,3567000,-1139000,2428000
2014/10/30,0,728000,-1851000,-1123000
2014/10/31,0,1243000,-4734000,-3491000
2014/11/03,0,1298000,-7128000,-5830000
2014/11/04,0,1459000,-5586000,-4127000
2014/11/05,0,468000,-1085000,-617000
2014/11/06,0,967000,-623000,344000
2014/11/07,0,520000,-770400,-250400
2014/11/10,0,1198531,-200031,998500
2014/11/11,0,726200,-963000,-236800
2014/11/12,0,95000,-1804500,-1709500
2014/11/13,0,439016,-1449016,-1010000
2014/11/14,0,511000,-1190000,-679000
2014/11/17,0,1093000,-1476000,-383000
2014/11/18,0,387018,-1016218,-629200
2014/11/19,0,1251000,-1576394,-325394
2014/11/20,0,583000,-1714998,-1131998
2014/11/21,0,1047000,-198000,849000
2014/11/24,0,909000,-1093000,-184000
2014/11/25,0,1218116,-1158300,59816
2014/11/26,0,544000,-461639,82361
2014/11/27,0,485000,-943000,-458000
2014/11/28,0,826000,-1018579,-192579
2014/12/01,0,1223800,-1660000,-436200
2014/12/02,0,1474000,-1921230,-447230
2014/12/03,0,454000,-1516000,-1062000
2014/12/04,0,786000,-1186000,-400000
2014/12/05,0,510000,-2133000,-1623000
2014/12/08,0,1246000,-1368000,-122000
2014/12/09,0,554000,-424000,130000
2014/12/10,0,1418000,-1222171,195829
2014/12/11,0,449000,-860000,-411000
2014/12/12,0,588588,-2256000,-1667412
2014/12/15,0,1183000,-1578000,-395000
2014/12/16,0,681000,-1919000,-1238000
2014/12/17,0,715000,-3026000,-2311000
2014/12/18,0,987000,-1061811,-74811
2014/12/19,0,895000,-975000,-80000
2014/12/22,0,1064000,-496000,568000
2014/12/23,0,446000,-587000,-141000
2014/12/24,0,614000,-543000,71000
2014/12/25,0,108000,-118000,-10000
2014/12/26,0,197000,-194000,3000
2014/12/29,0,942000,-108000,834000
2014/12/30,0,579000,-591675,-12675
2014/12/31,0,315000,-785000,-470000
2015/01/01,0,0,0,0
2015/01/02,0,0,0,0
2015/01/05,0,568000,-273000,295000
2015/01/06,0,756000,-1641406,-885406
2015/01/07,0,845000,-2029000,-1184000
2015/01/08,0,1457000,-1624550,-167550
2015/01/09,0,510000,-1496351,-986351
2015/01/12,0,673000,-1121000,-448000
2015/01/13,0,760000,-653000,107000
2015/01/14,0,865000,-1491000,-626000
2015/01/15,0,458000,-1777780,-1319780
2015/01/16,0,382000,-1901080,-1519080
2015/01/19,0,776000,-785000,-9000
2015/01/20,0,1683000,-1559110,123890
2015/01/21,0,1088000,-1635000,-547000
2015/01/22,0,1252000,-1131000,121000
2015/01/23,0,1619000,-2757963,-1138963
2015/01/26,0,1326000,-3186000,-1860000
2015/01/27,0,305000,-3631000,-3326000
2015/01/28,0,1155000,-1467157,-312157
2015/01/29,0,1225000,-1388000,-163000
2015/01/30,0,768000,-794000,-26000
2015/02/02,0,490000,-216000,274000
2015/02/03,0,943000,-1091000,-148000
2015/02/04,0,998000,-229000,769000
2015/02/05,0,563000,-335000,228000
2015/02/06,0,971000,-462000,509000
2015/02/09,0,809000,-125000,684000
2015/02/10,0,647000,-252000,395000
2015/02/11,0,1136001,-260135,875866
2015/02/12,0,1279000,-923000,356000
2015/02/13,0,1227000,-1577000,-350000
2015/02/16,0,0,0,0
2015/02/17,0,0,0,0
2015/02/18,0,0,0,0
2015/02/19,0,0,0,0
2015/02/20,0,0,0,0
2015/02/23,0,0,0,0
2015/02/24,0,3192000,-1950618,1241382
2015/02/25,0,3356000,-2553000,803000
2015/02/26,0,1570000,-1034833,535167
2015/02/27,0,0,0,0
2015/03/02,0,1140000,-1218000,-78000
2015/03/03,0,807588,-1564000,-756412
2015/03/04,0,2605000,-877000,1728000
2015/03/05,0,1761000,-632000,1129000
2015/03/06,0,2083000,-566000,1517000
2015/03/09,0,1616000,-811000,805000
2015/03/10,0,1588770,-2017950,-429180
2015/03/11,0,1245000,-894000,351000
2015/03/12,0,1109000,-637000,472000
2015/03/13,0,292000,-1422000,-1130000
2015/03/16,0,1051000,-1351077,-300077
2015/03/17,0,3029000,-2332000,697000
2015/03/18,0,2731000,-1860209,870791
2015/03/19,0,797000,-185000,612000
2015/03/20,0,558000,-1372000,-814000
2015/03/23,0,1757000,-287000,1470000
2015/03/24,0,921900,-1098000,-176100
2015/03/25,0,1029000,-1824800,-795800
2015/03/26,0,1004000,-1095000,-91000
2015/03/27,0,583000,-1199500,-616500
2015/03/30,0,777600,-746912,30688
2015/03/31,0,642000,-594000,48000
2015/04/01,0,641000,-1131000,-490000
2015/04/02,0,1169018,-309000,860018
2015/04/03,0,0,0,0
2015/04/06,0,0,0,0
2015/04/07,0,613000,-113000,500000
2015/04/08,0,855000,-894174,-39174
2015/04/09,0,1166000,-1384000,-218000
2015/04/10,0,1168000,-488022,679978
2015/04/13,0,740000,-610000,130000
2015/04/14,0,579000,-514000,65000
2015/04/15,0,639000,-1492000,-853000
2015/04/16,0,1738000,-724352,1013648
2015/04/17,0,2128588,-1043534,1085054
2015/04/20,0,1545000,-1720000,-175000
2015/04/21,0,1637000,-638000,999000
2015/04/22,0,3634000,-3265774,368226
2015/04/23,0,1812000,-436000,1376000
2015/04/24,0,2922000,-593000,2329000
2015/04/27,0,1710000,-3165000,-1455000
2015/04/28,0,1813000,-2584522,-771522
2015/04/29,0,1340000,-1144000,196000
2015/04/30,0,2585000,-3611586,-1026586
2015/05/01,0,0,0,0
2015/05/04,0,5320000,-1759000,3561000
2015/05/05,0,5640000,-2733000,2907000
2015/05/06,0,8864000,-1510090,7353910
2015/05/07,0,8648000,-1469000,7179000
2015/05/08,0,3876729,-819077,3057652
2015/05/11,0,2639000,-456000,2183000
2015/05/12,0,4006906,-917000,3089906
2015/05/13,0,1704000,-915000,789000
2015/05/14,0,4944921,-1221000,3723921
2015/05/15,0,3121000,-935530,2185470
2015/05/18,0,4921271,-1897000,3024271
2015/05/19,0,3806500,-1664962,2141538
2015/05/20,0,3201307,-3153000,48307
2015/05/21,0,3634000,-1761000,1873000
2015/05/22,0,5136000,-1466000,3670000
2015/05/25,0,1476000,-821000,655000
2015/05/26,0,2242780,-749000,1493780
2015/05/27,0,3737000,-894770,2842230
2015/05/28,0,3125000,-1209253,1915747
2015/05/29,0,6704717,-4449556,2255161
2015/06/01,0,1052000,-2023770,-971770
2015/06/02,0,3985046,-790000,3195046
2015/06/03,0,4937000,-1529000,3408000
2015/06/04,0,8213000,-7798460,414540
2015/06/05,0,1953000,-2057700,-104700
2015/06/08,0,1200000,-949000,251000
2015/06/09,0,4126000,-794255,3331745
2015/06/10,0,3246000,-1878000,1368000
2015/06/11,0,3696000,-2148640,1547360
2015/06/12,0,2586000,-1394988,1191012
2015/06/15,0,1911000,-1134030,776970
2015/06/16,0,1412000,-1257000,155000
2015/06/17,0,3989000,-2816000,1173000
2015/06/18,0,1759000,-2693000,-934000
2015/06/19,0,0,0,0
2015/06/22,0,6470569,-1632107,4838462
2015/06/23,0,2208984,-1656000,552984
2015/06/24,0,1722115,-1394425,327690
2015/06/25,0,8077273,-2357125,5720148
2015/06/26,0,1333000,-2072273,-739273
2015/06/29,0,2785000,-1041000,1744000
2015/06/30,0,5121057,-2246112,2874945
2015/07/01,0,983000,-1231000,-248000
2015/07/02,0,2177046,-1031000,1146046
2015/07/03,0,1625000,-2197000,-572000
2015/07/06,0,1838000,-1161816,676184
2015/07/07,0,2220000,-1756390,463610
2015/07/08,0,2527000,-2505485,21515
2015/07/09,0,3147000,-2820000,327000
2015/07/10,0,0,0,0
2015/07/13,0,1674000,-2392700,-718700
2015/07/14,0,2856000,-909000,1947000
2015/07/15,0,2425000,-1934697,490303
2015/07/16,0,2309000,-1716687,592313
2015/07/17,0,1757226,-716000,1041226
2015/07/20,0,1302069,-772000,530069
2015/07/21,0,1004040,-1115000,-110960
2015/07/22,0,2453000,-923375,1529625
2015/07/23,0,1969438,-1736000,233438
2015/07/24,0,1708347,-1316000,392347
2015/07/27,0,1642000,-2910000,-1268000
2015/07/28,0,3084671,-3488000,-403329
2015/07/29,0,5529000,-1840000,3689000
2015/07/30,0,3641000,-2253000,1388000
2015/07/31,0,4218469,-2674000,1544469
2015/08/03,0,1373749,-1862000,-488251
2015/08/04,0,1823000,-1539000,284000
2015/08/05,0,1533304,-1607000,-73696
2015/08/06,0,3326000,-1674000,1652000
2015/08/07,0,1433459,-3296900,-1863441
2015/08/10,0,1455000,-867000,588000
2015/08/11,0,1601000,-1462000,139000
2015/08/12,0,1703000,-1300577,402423
2015/08/13,0,1456311,-1163948,292363
2015/08/14,0,494700,-874000,-379300
2015/08/17,0,373144,-645000,-271856
2015/08/18,0,933000,-1145000,-212000
2015/08/19,0,1740117,-1870110,-129993
2015/08/20,0,2381000,-1505000,876000
2015/08/21,0,2079000,-1924176,154824
2015/08/24,0,3034360,-1721000,1313360
2015/08/25,0,2464000,-3179984,-715984
2015/08/26,0,1072000,-1191476,-119476
2015/08/27,0,1637000,-1224000,413000
2015/08/28,0,3724000,-1349780,2374220
2015/08/31,0,2910000,-1618000,1292000
2015/09/01,0,2084132,-913000,1171132
2015/09/02,0,1172868,-1139255,33613
2015/09/03,0,1044000,-968000,76000
2015/09/04,0,1217255,-1197337,19918
2015/09/07,0,1476000,-1531000,-55000
2015/09/08,0,498000,-862564,-364564
2015/09/09,0,2850971,-1617049,1233922
2015/09/10,0,1539600,-1104184,435416
2015/09/11,0,1642000,-1213320,428680
2015/09/14,0,962000,-1108000,-146000
2015/09/15,0,1340000,-1900000,-560000
2015/09/16,0,2208000,-1282470,925530
2015/09/17,0,2161600,-1982748,178852
2015/09/18,0,2712000,-1287252,1424748
2015/09/21,0,2339000,-599984,1739016
2015/09/22,0,1534000,-916442,617558
2015/09/23,0,1602000,-1550889,51111
2015/09/24,0,2127000,-544000,1583000
2015/09/25,0,739000,-298300,440700
2015/09/28,0,0,0,0
2015/09/29,0,0,0,0
2015/09/30,0,1947000,-2110052,-163052
2015/10/01,0,1712000,-1819000,-107000
2015/10/02,0,1850000,-995000,855000
2015/10/05,0,1104000,-1267000,-163000
2015/10/06,0,840000,-936000,-96000
2015/10/07,0,1386404,-1782000,-395596
2015/10/08,0,1554000,-811000,743000
2015/10/09,0,0,0,0
2015/10/12,0,3503269,-2793000,710269
2015/10/13,0,1995018,-3323444,-1328426
2015/10/14,0,2882000,-427000,2455000
2015/10/15,0,2043000,-2119400,-76400
2015/10/16,0,2381000,-2015000,366000
2015/10/19,0,2135000,-1780370,354630
2015/10/20,0,3119400,-1134446,1984954
2015/10/21,0,1964000,-1656000,308000
2015/10/22,0,1009000,-1602424,-593424
2015/10/23,0,4393000,-445000,3948000
2015/10/26,0,2465000,-1443000,1022000
2015/10/27,0,1227000,-2680795,-1453795
2015/10/28,0,3174000,-4324109,-1150109
2015/10/29,0,6876000,-1317304,5558696
2015/10/30,0,10901000,-2710000,8191000
2015/11/02,0,6552486,-3710000,2842486
2015/11/03,0,6301000,-2715749,3585251
2015/11/04,0,2909000,-2549941,359059
2015/11/05,0,918000,-1448000,-530000
2015/11/06,0,5163000,-2606000,2557000
2015/11/09,0,1398000,-2657000,-1259000
2015/11/10,0,4139000,-2575000,1564000
2015/11/11,0,1938000,-3221006,-1283006
2015/11/12,0,2455000,-2586000,-131000
2015/11/13,0,2449000,-877397,1571603
2015/11/16,0,2398000,-3612047,-1214047
2015/11/17,0,5969000,-2402378,3566622
2015/11/18,0,2123000,-2972000,-849000
2015/11/19,0,1698000,-1449663,248337
2015/11/20,0,3213000,-1435000,1778000
2015/11/23,0,1636424,-1746882,-110458
2015/11/24,0,2432000,-1138389,1293611
2015/11/25,0,2443000,-2044000,399000
2015/11/26,0,4690000,-2402978,2287022
2015/11/27,0,1269000,-2079554,-810554
2015/11/30,0,5852045,-5995844,-143799
2015/12/01,0,4965000,-2449744,2515256
2015/12/02,0,3596000,-1442000,2154000
2015/12/03,0,1265000,-1070369,194631
2015/12/04,0,1802000,-1026000,776000
2015/12/07,0,2409459,-773622,1635837
2015/12/08,0,1360306,-1417000,-56694
2015/12/09,0,1560000,-1246230,313770
2015/12/10,0,1777000,-1422949,354051
2015/12/11,0,1979088,-2472000,-492912
2015/12/14,0,2172177,-2676230,-504053
2015/12/15,0,3295288,-2415755,879533
2015/12/16,0,2358888,-1714000,644888
2015/12/17,0,848000,-929503,-81503
2015/12/18,0,2338350,-1588182,750168
2015/12/21,0,1148889,-846333,302556
2015/12/22,0,2623715,-724000,1899715
2015/12/23,0,1355888,-883224,472664
2015/12/24,0,547000,-398000,149000
2015/12/25,0,116000,-217000,-101000
2015/12/28,0,1174000,-1039000,135000
2015/12/29,0,2567000,-903143,1663857
2015/12/30,0,932000,-2056930,-1124930
2015/12/31,0,1030000,-220136,809864
2016/01/01,0,0,0,0
2016/01/04,0,2395600,-1386000,1009600
2016/01/05,0,1734543,-1862162,-127619
2016/01/06,0,1654325,-1068000,586325
2016/01/07,0,2750954,-1994639,756315
2016/01/08,0,983601,-1318376,-334775
2016/01/11,0,1086112,-1438061,-351949
2016/01/12,0,1635400,-1267000,368400
2016/01/13,0,1102000,-2589769,-1487769
2016/01/14,0,2401018,-1088448,1312570
2016/01/15,0,822000,-2192630,-1370630
2016/01/18,0,789000,-1211000,-422000
2016/01/19,0,804000,-978532,-174532
2016/01/20,0,2129230,-1267000,862230
2016/01/21,0,648648,-1148000,-499352
2016/01/22,0,1210000,-631934,578066
2016/01/25,0,1687000,-1717000,-30000
2016/01/26,0,1514788,-844000,670788
2016/01/27,0,987216,-1413582,-426366
2016/01/28,0,1457000,-924992,532008
2016/01/29,0,3208036,-1186000,2022036
2016/02/01,0,1722888,-1170000,552888
2016/02/02,0,1498789,-1373948,124841
2016/02/03,0,2871864,-2639127,232737
2016/02/04,0,0,0,0
2016/02/05,0,0,0,0
2016/02/08,0,0,0,0
2016/02/09,0,0,0,0
2016/02/10,0,0,0,0
2016/02/11,0,0,0,0
2016/02/12,0,0,0,0
2016/02/15,0,4168018,-2278933,1889085
2016/02/16,0,1878000,-1435200,442800
2016/02/17,0,2228377,-1086000,1142377
2016/02/18,0,3194000,-1461528,1732472
2016/02/19,0,2159342,-595000,1564342
2016/02/22,0,1061000,-710485,350515
2016/02/23,0,1576372,-1346000,230372
2016/02/24,0,3230000,-925774,2304226
2016/02/25,0,2795113,-1087000,1708113
2016/02/26,0,2540648,-1236200,1304448
2016/02/29,0,0,0,0
2016/03/01,0,2129996,-1652590,477406
2016/03/02,0,1017057,-853000,164057
2016/03/03,0,1966467,-904000,1062467
2016/03/04,0,1541000,-2442000,-901000
2016/03/07,0,1632000,-896000,736000
2016/03/08,0,1495000,-783000,712000
2016/03/09,0,2402000,-1443681,958319
2016/03/10,0,1164000,-1057000,107000
2016/03/11,0,1668000,-843000,825000
2016/03/14,0,1207000,-656000,551000
2016/03/15,0,2708000,-736516,1971484
2016/03/16,0,2117000,-1280158,836842
2016/03/17,0,3194606,-1200000,1994606
2016/03/18,0,2366000,-2766714,-400714
2016/03/21,0,1745000,-527000,1218000
2016/03/22,0,2331783,-745151,1586632
2016/03/23,0,2571000,-1604000,967000
2016/03/24,0,1611000,-335991,1275009
2016/03/25,0,472000,-265000,207000
2016/03/28,0,1195000,-339000,856000
2016/03/29,0,2149000,-751000,1398000
2016/03/30,0,4486300,-2573736,1912564
2016/03/31,0,3667705,-1546098,2121607
2016/04/01,0,2428000,-1820640,607360
2016/04/04,0,0,0,0
2016/04/05,0,0,0,0
2016/04/06,0,3478180,-1875000,1603180
2016/04/07,0,2178000,-2275420,-97420
2016/04/08,0,1600000,-2502000,-902000
2016/04/11,0,884000,-725440,158560
2016/04/12,0,1374832,-763000,611832
2016/04/13,0,2570000,-1312755,1257245
2016/04/14,0,1488000,-627460,860540
2016/04/15,0,1583097,-2148000,-564903
2016/04/18,0,275000,-529004,-254004
2016/04/19,0,351414,-2177000,-1825586
2016/04/20,0,1409000,-1337850,71150
2016/04/21,0,1190000,-988000,202000
2016/04/22,0,694803,-313044,381759
2016/04/25,0,1008552,-809000,199552
2016/04/26,0,1738311,-1710332,27979
2016/04/27,0,1267000,-2740000,-1473000
2016/04/28,0,1173000,-2784488,-1611488
2016/04/29,0,1938678,-2465000,-526322
2016/05/02,0,0,0,0
2016/05/03,0,2673000,-3483000,-810000
2016/05/04,0,2032000,-2927582,-895582
2016/05/05,0,1770000,-2051842,-281842
2016/05/06,0,325606,-1928000,-1602394
2016/05/09,0,336000,-2201352,-1865352
2016/05/10,0,472803,-2916000,-2443197
2016/05/11,0,847300,-2136800,-1289500
2016/05/12,0,1364600,-1657000,-292400
2016/05/13,0,582138,-2654000,-2071862
2016/05/16,0,1098000,-1176000,-78000
2016/05/17,0,562276,-1248000,-685724
2016/05/18,0,625212,-1340000,-714788
2016/05/19,0,212000,-1163700,-951700
2016/05/20,0,245000,-815171,-570171
2016/05/23,0,1583207,-1326000,257207
2016/05/24,0,943803,-1288000,-344197
2016/05/25,0,1245803,-1472000,-226197
2016/05/26,0,1769000,-1502000,267000
2016/05/27,0,1442000,-1816000,-374000
2016/05/30,0,1806000,-935000,871000
2016/05/31,0,4015315,-3682938,332377
2016/06/01,0,688818,-1461000,-772182
2016/06/02,0,889030,-1184069,-295039
2016/06/03,0,1114000,-726889,387111
2016/06/06,0,1060000,-725000,335000
2016/06/07,0,1965000,-1351000,614000
2016/06/08,0,3541000,-1952000,1589000
2016/06/09,0,0,0,0
2016/06/10,0,0,0,0
2016/06/13,0,2821000,-2548000,273000
2016/06/14,0,2549000,-1560032,988968
2016/06/15,0,3264000,-2597000,667000
2016/06/16,0,2757000,-2414000,343000
2016/06/17,0,2354000,-2867776,-513776
2016/06/20,0,1685000,-1018610,666390
2016/06/21,0,1324727,-1584000,-259273
2016/06/22,0,1641712,-1352000,289712
2016/06/23,0,1633000,-863000,770000
2016/06/24,0,1412000,-2526000,-1114000
2016/06/27,0,1616000,-2105000,-489000
2016/06/28,0,2771000,-958401,1812599
2016/06/29,0,1944300,-998000,946300
2016/06/30,0,3736408,-2062439,1673969
2016/07/01,0,772000,-1085400,-313400
2016/07/04,0,2093000,-357000,1736000
2016/07/05,0,1225000,-935000,290000
2016/07/06,0,1597000,-2340000,-743000
2016/07/07,0,2681000,-1733000,948000
2016/07/08,0,0,0,0
2016/07/11,0,2755862,-554000,2201862
2016/07/12,0,1185000,-1484498,-299498
2016/07/13,0,6031000,-2325938,3705062
2016/07/14,0,2177636,-1461000,716636
2016/07/15,0,2664000,-1449158,1214842
2016/07/18,0,1443000,-898000,545000
2016/07/19,0,1824000,-726000,1098000
2016/07/20,0,2620000,-1004529,1615471
2016/07/21,0,2279000,-888994,1390006
2016/07/22,0,3192000,-1653076,1538924
2016/07/25,0,706000,-832000,-126000
2016/07/26,0,1409000,-508000,901000
2016/07/27,0,3491372,-2165555,1325817
2016/07/28,0,8786841,-1912000,6874841
2016/07/29,0,3354500,-2022303,1332197
2016/08/01,0,2630990,-1099000,1531990
2016/08/02,0,2841032,-2752700,88332
2016/08/03,0,4197033,-718000,3479033
2016/08/04,0,2211000,-959000,1252000
2016/08/05,0,1124345,-1086500,37845
2016/08/08,0,1073099,-850000,223099
2016/08/09,0,1723000,-1356000,367000
2016/08/10,0,2101000,-1304000,797000
2016/08/11,0,2362000,-1387040,974960
2016/08/12,0,4487000,-1018000,3469000
2016/08/15,0,5493744,-3717000,1776744
2016/08/16,0,1729000,-2182019,-453019
2016/08/17,0,3239327,-659000,2580327
2016/08/18,0,2326000,-849000,1477000
2016/08/19,0,1373836,-1030000,343836
2016/08/22,0,1420800,-764353,656447
2016/08/23,0,1365172,-1285500,79672
2016/08/24,0,584790,-371500,213290
2016/08/25,0,2089800,-664500,1425300
2016/08/26,0,1749834,-1716500,33334
2016/08/29,0,793800,-1140500,-346700
2016/08/30,0,1523800,-678500,845300
2016/08/31,0,3832977,-1943035,1889942
2016/09/01,0,616800,-1160762,-543962
2016/09/02,0,823800,-578500,245300
2016/09/05,0,468000,-335000,133000
2016/09/06,0,1027000,-365516,661484
2016/09/07,0,975458,-1635000,-659542
2016/09/08,0,1734687,-2033000,-298313
2016/09/09,0,603000,-1268000,-665000
2016/09/12,0,1361000,-1202000,159000
2016/09/13,0,1155000,-1674567,-519567
2016/09/14,0,1334868,-2452000,-1117132
2016/09/15,0,0,0,0
2016/09/16,0,0,0,0
2016/09/19,0,1571591,-2317894,-746303
2016/09/20,0,1366650,-1000723,365927
2016/09/21,0,1313000,-1192000,121000
2016/09/22,0,1630000,-1169000,461000
2016/09/23,0,1425000,-959000,466000
2016/09/26,0,577711,-1475000,-897289
2016/09/27,0,0,0,0
2016/09/28,0,0,0,0
2016/09/29,0,2935993,-3436177,-500184
2016/09/30,0,1618000,-3031500,-1413500
2016/10/03,0,1589220,-1527200,62020
2016/10/04,0,1579948,-1761678,-181730
2016/10/05,0,739322,-950000,-210678
2016/10/06,0,1486900,-1366000,120900
2016/10/07,0,877000,-901811,-24811
2016/10/10,0,0,0,0
2016/10/11,0,724000,-1105000,-381000
2016/10/12,0,1814819,-636687,1178132
2016/10/13,0,717000,-1492000,-775000
2016/10/14,0,1080000,-745000,335000
2016/10/17,0,1267000,-559600,707400
2016/10/18,0,935136,-406500,528636
2016/10/19,0,1923072,-448000,1475072
2016/10/20,0,854000,-735528,118472
2016/10/21,0,3485000,-2983000,502000
2016/10/24,0,1131000,-1074000,57000
2016/10/25,0,1097000,-1314171,-217171
2016/10/26,0,3601000,-3405000,196000
2016/10/27,0,1966542,-1382954,583588
2016/10/28,0,1937000,-1041000,896000
2016/10/31,0,2323742,-1557000,766742
2016/11/01,0,1146000,-813000,333000
2016/11/02,0,1203300,-612171,591129
2016/11/03,0,1159000,-1308790,-149790
2016/11/04,0,1096600,-713000,383600
2016/11/07,0,1905000,-2904065,-999065
2016/11/08,0,912300,-710000,202300
2016/11/09,0,1698000,-1928000,-230000
2016/11/10,0,2304000,-3125000,-821000
2016/11/11,0,1990000,-3131214,-1141214
2016/11/14,0,2716000,-2882000,-166000
2016/11/15,0,1637000,-1779222,-142222
2016/11/16,0,1930586,-1793530,137056
2016/11/17,0,1258000,-2242054,-984054
2016/11/18,0,1739243,-1482000,257243
2016/11/21,0,1081000,-1967735,-886735
2016/11/22,0,1256000,-936588,319412
2016/11/23,0,1549063,-2401128,-852065
2016/11/24,0,149000,-648000,-499000
2016/11/25,0,593000,-419615,173385
2016/11/28,0,768000,-1815565,-1047565
2016/11/29,0,925000,-2434928,-1509928
2016/11/30,0,2555457,-3846329,-1290872
2016/12/01,0,1725225,-1609433,115792
2016/12/02,0,1137000,-1645000,-508000
2016/12/05,0,858000,-2868173,-2010173
2016/12/06,0,4236000,-3267000,969000
2016/12/07,0,1252633,-976000,276633
2016/12/08,0,2241000,-2255000,-14000
2016/12/09,0,1638653,-1540088,98565
2016/12/12,0,500000,-525000,-25000
2016/12/13,0,664612,-1503631,-839019
2016/12/14,0,1161440,-1689000,-527560
2016/12/15,0,928000,-1054510,-126510
2016/12/16,0,905000,-1474000,-569000
2016/12/19,0,538106,-721059,-182953
2016/12/20,0,510952,-865027,-354075
2016/12/21,0,899169,-1262000,-362831
2016/12/22,0,1011012,-1353000,-341988
2016/12/23,0,766000,-970000,-204000
2016/12/26,0,158000,-197000,-39000
2016/12/27,0,75000,-372000,-297000
2016/12/28,0,419000,-447000,-28000
2016/12/29,0,881619,-1231059,-349440
2016/12/30,0,994000,-383000,611000
2017/01/02,0,0,0,0
2017/01/03,0,370000,-1010000,-640000
2017/01/04,0,790000,-1117083,-327083
2017/01/05,0,1168275,-2264914,-1096639
2017/01/06,0,726000,-1065806,-339806
2017/01/09,0,906148,-818148,88000
2017/01/10,0,1467400,-2140800,-673400
2017/01/11,0,1823824,-2101361,-277537
2017/01/12,0,864394,-773000,91394
2017/01/13,0,669175,-1805000,-1135825
2017/01/16,0,649000,-1178000,-529000
2017/01/17,0,630000,-1461509,-831509
2017/01/18,0,622100,-1826762,-1204662
2017/01/19,0,1274057,-1969401,-695344
2017/01/20,0,737950,-1082437,-344487
2017/01/23,0,980057,-2169053,-1188996
2017/01/24,0,1925354,-1975632,-50278
2017/01/25,0,0,0,0
2017/01/26,0,0,0,0
2017/01/27,0,0,0,0
2017/01/30,0,0,0,0
2017/01/31,0,0,0,0
2017/02/01,0,0,0,0
2017/02/02,0,6117000,-3798679,2318321
2017/02/03,0,4957698,-3888414,1069284
2017/02/06,0,3470846,-2270152,1200694
2017/02/07,0,4074360,-3767072,307288
2017/02/08,0,1989980,-1470001,519979
2017/02/09,0,915564,-1373773,-458209
2017/02/10,0,1742042,-1375244,366798
2017/02/13,0,1310450,-1903371,-592921
2017/02/14,0,1131042,-1378000,-246958
2017/02/15,0,1405000,-2625000,-1220000
2017/02/16,0,1498042,-2036474,-538432
2017/02/17,0,510000,-1665172,-1155172
2017/02/20,0,383000,-1223216,-840216
2017/02/21,0,418000,-827000,-409000
2017/02/22,0,3204577,-3887514,-682937
2017/02/23,0,984000,-746810,237190
2017/02/24,0,805000,-1411459,-606459
2017/02/27,0,0,0,0
2017/02/28,0,0,0,0
2017/03/01,0,1160876,-1517348,-356472
2017/03/02,0,354988,-1047550,-692562
2017/03/03,0,1015000,-1441445,-426445
2017/03/06,0,789768,-315100,474668
2017/03/07,0,1143115,-687287,455828
2017/03/08,0,1844000,-1662270,181730
2017/03/09,0,1519060,-2646729,-1127669
2017/03/10,0,335069,-1754660,-1419591
2017/03/13,0,623051,-1699440,-1076389
2017/03/14,0,1152825,-970550,182275
2017/03/15,0,379000,-1180795,-801795
2017/03/16,0,1774693,-3139153,-1364460
2017/03/17,0,1575000,-2735850,-1160850
2017/03/20,0,387000,-600083,-213083
2017/03/21,0,733210,-1132397,-399187
2017/03/22,0,387174,-1138983,-751809
2017/03/23,0,797001,-582706,214295
2017/03/24,0,646549,-539375,107174
2017/03/27,0,454000,-313000,141000
2017/03/28,0,833000,-908778,-75778
2017/03/29,0,436393,-481000,-44607
2017/03/30,0,1186000,-1087220,98780
2017/03/31,0,1225000,-1516800,-291800
2017/04/03,0,0,0,0
2017/04/04,0,0,0,0
2017/04/05,0,2088018,-3635255,-1547237
2017/04/06,0,783000,-1226416,-443416
2017/04/07,0,934961,-953000,-18039
2017/04/10,0,175000,-352000,-177000
2017/04/11,0,328200,-986000,-657800
2017/04/12,0,885370,-623208,262162
2017/04/13,0,188000,-1663000,-1475000
2017/04/14,0,317000,-653000,-336000
2017/04/17,0,402000,-697000,-295000
2017/04/18,0,952000,-768824,183176
2017/04/19,0,1128037,-1942121,-814084
2017/04/20,0,927255,-1578936,-651681
2017/04/21,0,378250,-529802,-151552
2017/04/24,0,917000,-649000,268000
2017/04/25,0,1805119,-1631033,174086
2017/04/26,0,4589300,-1248705,3340595
2017/04/27,0,2450874,-1447000,1003874
2017/04/28,0,3447080,-1447700,1999380
2017/05/01,0,0,0,0
2017/05/02,0,1141000,-1015558,125442
2017/05/03,0,1178000,-441000,737000
2017/05/04,0,1148085,-1357000,-208915
2017/05/05,0,1266150,-1382000,-115850
2017/05/08,0,1474397,-785000,689397
2017/05/09,0,1309317,-1763668,-454351
2017/05/10,0,2174650,-1945000,229650
2017/05/11,0,2003519,-1337800,665719
2017/05/12,0,3341936,-1056177,2285759
2017/05/15,0,1172025,-798000,374025
2017/05/16,0,3056000,-1030538,2025462
2017/05/17,0,1368000,-882000,486000
2017/05/18,0,739650,-1187900,-448250
2017/05/19,0,768590,-406288,362302
2017/05/22,0,1470559,-484000,986559
2017/05/23,0,522500,-1382184,-859684
2017/05/24,0,499964,-1198000,-698036
2017/05/25,0,871000,-438542,432458
2017/05/26,0,0,0,0
2017/05/29,0,0,0,0
2017/05/30,0,0,0,0
2017/05/31,0,3411781,-3271026,140755
2017/06/01,0,597000,-698097,-101097
2017/06/02,0,1588150,-1319000,269150
2017/06/05,0,2000128,-2618062,-617934
2017/06/06,0,1228000,-639000,589000
2017/06/07,0,576200,-1109539,-533339
2017/06/08,0,551000,-618138,-67138
2017/06/09,0,1301000,-911000,390000
2017/06/12,0,829000,-805000,24000
2017/06/13,0,309000,-1890983,-1581983
2017/06/14,0,1251000,-1029025,221975
2017/06/15,0,448000,-985000,-537000
2017/06/16,0,483985,-1111625,-627640
2017/06/19,0,937450,-1103000,-165550
2017/06/20,0,1529000,-527000,1002000
2017/06/21,0,1024127,-1576000,-551873
2017/06/22,0,2851102,-2447000,404102
2017/06/23,0,1889000,-1248937,640063
2017/06/26,0,1143000,-276000,867000
2017/06/27,0,857000,-703000,154000
2017/06/28,0,1048000,-1649084,-601084
2017/06/29,0,1255000,-1143000,112000
2017/06/30,0,1150000,-1856347,-706347
2017/07/03,0,362000,-821000,-459000
2017/07/04,0,87000,-835000,-748000
2017/07/05,0,410000,-864261,-454261
2017/07/06,0,972000,-1720210,-748210
2017/07/07,0,301795,-1406838,-1105043
2017/07/10,0,691069,-744278,-53209
2017/07/11,0,3275415,-1299000,1976415
2017/07/12,0,1958000,-1260156,697844
2017/07/13,0,1331058,-945658,385400
2017/07/14,0,1786300,-1349800,436500
2017/07/17,0,1031000,-396000,635000
2017/07/18,0,1260118,-535000,725118
2017/07/19,0,2597203,-1926000,671203
2017/07/20,0,1918150,-1360000,558150
2017/07/21,0,1463046,-734000,729046
2017/07/24,0,2387133,-2233000,154133
2017/07/25,0,1087000,-1626950,-539950
2017/07/26,0,4368000,-6980225,-2612225
2017/07/27,0,1743000,-3422668,-1679668
2017/07/28,0,1142000,-2470458,-1328458
2017/07/31,0,1680000,-2905391,-1225391
2017/08/01,0,2194000,-3606926,-1412926
2017/08/02,0,782918,-1440000,-657082
2017/08/03,0,1692000,-2236800,-544800
2017/08/04,0,971000,-1207000,-236000
2017/08/07,0,1414000,-2732966,-1318966
2017/08/08,0,1289000,-1207000,82000
2017/08/09,0,1088675,-2042901,-954226
2017/08/10,0,737359,-1501187,-763828
2017/08/11,0,3946000,-4658877,-712877
2017/08/14,0,794000,-1345453,-551453
2017/08/15,0,756000,-640000,116000
2017/08/16,0,1522000,-1039186,482814
2017/08/17,0,1331856,-1129000,202856
2017/08/18,0,895000,-1251000,-356000
