Date,Open,Buy,Sell,Total
2007/04/23,0,309000,-227000,82000
2007/04/24,0,143000,-139000,4000
2007/04/25,0,371000,-6000,365000
2007/04/26,0,227000,-13000,214000
2007/04/27,0,193000,-319000,-126000
2007/04/30,0,13000,-69000,-56000
2007/05/01,0,0,0,0
2007/05/02,0,277000,-370648,-93648
2007/05/03,0,323000,-365000,-42000
2007/05/04,0,325000,-119825,205175
2007/05/07,0,200000,-91000,109000
2007/05/08,0,351000,-10000,341000
2007/05/09,0,195000,-65000,130000
2007/05/10,0,223000,-64000,159000
2007/05/11,0,419000,-762000,-343000
2007/05/14,0,64000,-488000,-424000
2007/05/15,0,131000,-23000,108000
2007/05/16,0,0,-574000,-574000
2007/05/17,0,0,-251000,-251000
2007/05/18,0,130000,-144000,-14000
2007/05/21,0,106000,-168000,-62000
2007/05/22,0,88000,-233000,-145000
2007/05/23,0,37000,-66000,-29000
2007/05/24,0,504000,-109000,395000
2007/05/25,0,41000,-150000,-109000
2007/05/28,0,113000,-225000,-112000
2007/05/29,0,30000,-292000,-262000
2007/05/30,0,21000,-402000,-381000
2007/05/31,0,122000,-551000,-429000
2007/06/01,0,186000,-4000,182000
2007/06/04,0,137000,-65000,72000
2007/06/05,0,117000,-100864,16136
2007/06/06,0,101000,-170000,-69000
2007/06/07,0,84000,-21000,63000
2007/06/08,0,6000,-185000,-179000
2007/06/11,0,14000,-298000,-284000
2007/06/12,0,430000,-361000,69000
2007/06/13,0,178000,-156000,22000
2007/06/14,0,170000,-100000,70000
2007/06/15,0,254000,-51000,203000
2007/06/18,0,0,0,0
2007/06/19,0,0,0,0
2007/06/20,0,400000,-605000,-205000
2007/06/21,0,149000,-302000,-153000
2007/06/22,0,126000,-46000,80000
2007/06/25,0,133000,-71000,62000
2007/06/26,0,505000,-802000,-297000
2007/06/27,0,179000,-77000,102000
2007/06/28,0,359000,-28000,331000
2007/06/29,0,48000,-9000,39000
2007/07/02,0,104000,-32000,72000
2007/07/03,0,46000,-52000,-6000
2007/07/04,0,165000,0,165000
2007/07/05,0,166000,-38000,128000
2007/07/06,0,256000,-267000,-11000
2007/07/09,0,34000,-6000,28000
2007/07/10,0,4000,-231000,-227000
2007/07/11,0,21000,-135168,-114168
2007/07/12,0,835000,-206000,629000
2007/07/13,0,273000,-106166,166834
2007/07/16,0,183000,-352000,-169000
2007/07/17,0,48000,-225000,-177000
2007/07/18,0,45000,-234000,-189000
2007/07/19,0,137000,-144230,-7230
2007/07/20,0,273000,-629000,-356000
2007/07/23,0,352000,-336000,16000
2007/07/24,0,165000,-168000,-3000
2007/07/25,0,95000,-23000,72000
2007/07/26,0,42000,-293000,-251000
2007/07/27,0,111000,-454000,-343000
2007/07/30,0,26000,-430000,-404000
2007/07/31,0,281000,-118000,163000
2007/08/01,0,648000,-111000,537000
2007/08/02,0,352000,-479933,-127933
2007/08/03,0,495000,-61000,434000
2007/08/06,0,9000,-112000,-103000
2007/08/07,0,363000,-22000,341000
2007/08/08,0,207000,-10000,197000
2007/08/09,0,15000,-41052,-26052
2007/08/10,0,102000,-63000,39000
2007/08/13,0,52000,-66000,-14000
2007/08/14,0,77000,-87000,-10000
2007/08/15,0,76000,-328000,-252000
2007/08/16,0,499000,-370000,129000
2007/08/17,0,111000,-205000,-94000
2007/08/20,0,172000,-86000,86000
2007/08/21,0,1000,-136000,-135000
2007/08/22,0,105000,-205000,-100000
2007/08/23,0,677000,-265000,412000
2007/08/24,0,70081,-537000,-466919
2007/08/27,0,166000,-12000,154000
2007/08/28,0,211000,-83000,128000
2007/08/29,0,97000,-240000,-143000
2007/08/30,0,350000,-69000,281000
2007/08/31,0,145000,-589000,-444000
2007/09/03,0,20000,-269000,-249000
2007/09/04,0,91000,-282000,-191000
2007/09/05,0,148000,-375000,-227000
2007/09/06,0,117419,-133000,-15581
2007/09/07,0,111250,-292250,-181000
2007/09/10,0,209000,-145007,63993
2007/09/11,0,202000,-221000,-19000
2007/09/12,0,7000,-48500,-41500
2007/09/13,0,24000,-197550,-173550
2007/09/14,0,24000,-16000,8000
2007/09/17,0,11000,-210000,-199000
2007/09/18,0,0,0,0
2007/09/19,0,26000,-258139,-232139
2007/09/20,0,162000,-84000,78000
2007/09/21,0,164000,-108000,56000
2007/09/24,0,0,0,0
2007/09/25,0,0,0,0
2007/09/26,0,181000,-37000,144000
2007/09/27,0,875000,-141000,734000
2007/09/28,0,234000,-49000,185000
2007/10/01,0,18000,-467000,-449000
2007/10/02,0,224000,-19000,205000
2007/10/03,0,174000,-92000,82000
2007/10/04,0,124000,-332000,-208000
2007/10/05,0,1000,-547000,-546000
2007/10/08,0,0,-343000,-343000
2007/10/09,0,0,-257500,-257500
2007/10/10,0,0,0,0
2007/10/11,0,0,-40352,-40352
2007/10/12,0,10000,-120900,-110900
2007/10/15,0,3000,-52000,-49000
2007/10/16,0,53000,-6000,47000
2007/10/17,0,50000,-44000,6000
2007/10/18,0,358000,0,358000
2007/10/19,0,564000,-7000,557000
2007/10/22,0,123000,-372000,-249000
2007/10/23,0,29000,-3000,26000
2007/10/24,0,10000,-121000,-111000
2007/10/25,0,29000,-19000,10000
2007/10/26,0,72000,-36000,36000
2007/10/29,0,99000,-1000,98000
2007/10/30,0,405000,-218000,187000
2007/10/31,0,23000,-69000,-46000
2007/11/01,0,16000,-9000,7000
2007/11/02,0,37000,-487000,-450000
2007/11/05,0,26000,-172000,-146000
2007/11/06,0,4000,-258545,-254545
2007/11/07,0,3000,-8000,-5000
2007/11/08,0,5000,-190000,-185000
2007/11/09,0,124000,-376300,-252300
2007/11/12,0,22000,-156000,-134000
2007/11/13,0,264000,-379000,-115000
2007/11/14,0,153000,-1000,152000
2007/11/15,0,24000,-102000,-78000
2007/11/16,0,0,-370000,-370000
2007/11/19,0,40000,-18000,22000
2007/11/20,0,91000,-83000,8000
2007/11/21,0,59000,-83000,-24000
2007/11/22,0,21000,-50000,-29000
2007/11/23,0,0,-87000,-87000
2007/11/26,0,49000,-76000,-27000
2007/11/27,0,68000,-44000,24000
2007/11/28,0,231000,-281000,-50000
2007/11/29,0,32000,-31000,1000
2007/11/30,0,47000,-14000,33000
2007/12/03,0,2000,-45000,-43000
2007/12/04,0,27000,-12000,15000
2007/12/05,0,355000,-24000,331000
2007/12/06,0,279000,-518000,-239000
2007/12/07,0,74000,-57000,17000
2007/12/10,0,63000,-116000,-53000
2007/12/11,0,22000,-149000,-127000
2007/12/12,0,32000,-131000,-99000
2007/12/13,0,0,-125000,-125000
2007/12/14,0,65000,-96000,-31000
2007/12/17,0,6000,-106000,-100000
2007/12/18,0,152000,-74000,78000
2007/12/19,0,128000,-36000,92000
2007/12/20,0,12000,-171000,-159000
2007/12/21,0,10000,-11650,-1650
2007/12/24,0,69000,0,69000
2007/12/25,0,25000,-82000,-57000
2007/12/26,0,4000,-38000,-34000
2007/12/27,0,20500,0,20500
2007/12/28,0,37000,-74000,-37000
2007/12/31,0,97000,-14000,83000
2008/01/01,0,0,0,0
2008/01/02,0,115000,-15000,100000
2008/01/03,0,34000,-117000,-83000
2008/01/04,0,5000,-45000,-40000
2008/01/07,0,0,-134550,-134550
2008/01/08,0,3000,-20000,-17000
2008/01/09,0,63000,-36000,27000
2008/01/10,0,10000,-25000,-15000
2008/01/11,0,17000,-6000,11000
2008/01/14,0,20000,-7000,13000
2008/01/15,0,41000,-46100,-5100
2008/01/16,0,1000,-40000,-39000
2008/01/17,0,161000,-109000,52000
2008/01/18,0,140000,-130000,10000
2008/01/21,0,26000,-243000,-217000
2008/01/22,0,2000,-70000,-68000
2008/01/23,0,0,-35000,-35000
2008/01/24,0,215000,-15000,200000
2008/01/25,0,114000,-12000,102000
2008/01/28,0,164000,-38000,126000
2008/01/29,0,89000,0,89000
2008/01/30,0,76000,-23000,53000
2008/01/31,0,171000,-170000,1000
2008/02/01,0,196000,-41000,155000
2008/02/04,0,0,0,0
2008/02/05,0,0,0,0
2008/02/06,0,0,0,0
2008/02/07,0,0,0,0
2008/02/08,0,0,0,0
2008/02/11,0,0,0,0
2008/02/12,0,0,-31000,-31000
2008/02/13,0,19000,-183000,-164000
2008/02/14,0,107000,-60000,47000
2008/02/15,0,461000,-23661,437339
2008/02/18,0,182000,-76000,106000
2008/02/19,0,83000,-358000,-275000
2008/02/20,0,2000,-215000,-213000
2008/02/21,0,213000,-101000,112000
2008/02/22,0,53000,-57000,-4000
2008/02/25,0,109000,-111820,-2820
2008/02/26,0,0,-8892,-8892
2008/02/27,0,134000,-17928,116072
2008/02/28,0,0,0,0
2008/02/29,0,32000,-27000,5000
2008/03/03,0,46000,-244446,-198446
2008/03/04,0,42000,-130000,-88000
2008/03/05,0,31000,-18000,13000
2008/03/06,0,430000,-2892,427108
2008/03/07,0,144000,-29000,115000
2008/03/10,0,40000,-152000,-112000
2008/03/11,0,2000,-7000,-5000
2008/03/12,0,34000,-94640,-60640
2008/03/13,0,60000,-28808,31192
2008/03/14,0,12000,-80000,-68000
2008/03/17,0,2000,-29000,-27000
2008/03/18,0,27000,-8000,19000
2008/03/19,0,91000,-108000,-17000
2008/03/20,0,96000,-11000,85000
2008/03/21,0,66000,-303000,-237000
2008/03/24,0,33000,-5000,28000
2008/03/25,0,151000,-41000,110000
2008/03/26,0,11000,-83000,-72000
2008/03/27,0,25000,-55000,-30000
2008/03/28,0,66000,-8044,57956
2008/03/31,0,47000,-31000,16000
2008/04/01,0,113000,-56070,56930
2008/04/02,0,62000,-58000,4000
2008/04/03,0,155000,0,155000
2008/04/04,0,0,0,0
2008/04/07,0,126000,-10000,116000
2008/04/08,0,11000,-43000,-32000
2008/04/09,0,46000,-86000,-40000
2008/04/10,0,184000,-21000,163000
2008/04/11,0,190000,-279000,-89000
2008/04/14,0,30000,-45531,-15531
2008/04/15,0,14000,-19000,-5000
2008/04/16,0,14000,-25000,-11000
2008/04/17,0,86000,-10000,76000
2008/04/18,0,52000,-115000,-63000
2008/04/21,0,324000,-46000,278000
2008/04/22,0,89000,-87000,2000
2008/04/23,0,60000,0,60000
2008/04/24,0,33000,-47000,-14000
2008/04/25,0,919000,-67000,852000
2008/04/28,0,69000,-39000,30000
2008/04/29,0,47000,-67000,-20000
2008/04/30,0,52000,-52000,0
2008/05/01,0,0,0,0
2008/05/02,0,46000,-37000,9000
2008/05/05,0,82000,-119000,-37000
2008/05/06,0,140000,-31000,109000
2008/05/07,0,19000,-185000,-166000
2008/05/08,0,103000,-8000,95000
2008/05/09,0,16000,-24000,-8000
2008/05/12,0,71000,-1000,70000
2008/05/13,0,98000,-59449,38551
2008/05/14,0,426000,-36000,390000
2008/05/15,0,19000,-58000,-39000
2008/05/16,0,122000,-97000,25000
2008/05/19,0,40000,-80000,-40000
2008/05/20,0,57000,-146000,-89000
2008/05/21,0,105000,-51000,54000
2008/05/22,0,222000,-52000,170000
2008/05/23,0,436000,-303000,133000
2008/05/26,0,95000,-126000,-31000
2008/05/27,0,3000,-176000,-173000
2008/05/28,0,53000,-242000,-189000
2008/05/29,0,3000,-320000,-317000
2008/05/30,0,10000,-26000,-16000
2008/06/02,0,25000,-341000,-316000
2008/06/03,0,21000,-86369,-65369
2008/06/04,0,6000,-50000,-44000
2008/06/05,0,26000,-106000,-80000
2008/06/06,0,7000,-36000,-29000
2008/06/09,0,5000,-12000,-7000
2008/06/10,0,1000,-21000,-20000
2008/06/11,0,97000,-18000,79000
2008/06/12,0,125000,-120000,5000
2008/06/13,0,1000,-211000,-210000
2008/06/16,0,11000,-161000,-150000
2008/06/17,0,5000,-45000,-40000
2008/06/18,0,29000,-18000,11000
2008/06/19,0,24000,-6000,18000
2008/06/20,0,35000,-26000,9000
2008/06/23,0,19000,-63000,-44000
2008/06/24,0,84000,-129000,-45000
2008/06/25,0,41000,-28000,13000
2008/06/26,0,1000,-24000,-23000
2008/06/27,0,55000,-361000,-306000
2008/06/30,0,22000,-1000,21000
2008/07/01,0,31000,-21000,10000
2008/07/02,0,34000,-5000,29000
2008/07/03,0,14000,-32000,-18000
2008/07/04,0,56000,-249000,-193000
2008/07/07,0,16000,-67000,-51000
2008/07/08,0,67000,-99000,-32000
2008/07/09,0,37000,-101000,-64000
2008/07/10,0,57000,-65000,-8000
2008/07/11,0,27000,-75000,-48000
2008/07/14,0,8000,-37000,-29000
2008/07/15,0,20000,-71000,-51000
2008/07/16,0,1000,-18000,-17000
2008/07/17,0,56000,-11000,45000
2008/07/18,0,10000,-47000,-37000
2008/07/21,0,141000,-2000,139000
2008/07/22,0,120000,0,120000
2008/07/23,0,417000,-143000,274000
2008/07/24,0,690000,-11000,679000
2008/07/25,0,18000,-659000,-641000
2008/07/28,0,0,0,0
2008/07/29,0,70000,-207000,-137000
2008/07/30,0,9000,-87000,-78000
2008/07/31,0,22000,-17000,5000
2008/08/01,0,70000,-55000,15000
2008/08/04,0,107000,-5000,102000
2008/08/05,0,39000,-99000,-60000
2008/08/06,0,75000,-21000,54000
2008/08/07,0,227000,-30000,197000
2008/08/08,0,88000,-183000,-95000
2008/08/11,0,206000,-39000,167000
2008/08/12,0,155000,-198000,-43000
2008/08/13,0,12000,-57000,-45000
2008/08/14,0,1000,-59000,-58000
2008/08/15,0,2000,-128000,-126000
2008/08/18,0,4000,-44000,-40000
2008/08/19,0,26000,-67000,-41000
2008/08/20,0,15000,-104000,-89000
2008/08/21,0,6000,-58000,-52000
2008/08/22,0,15000,-149000,-134000
2008/08/25,0,140000,-97000,43000
2008/08/26,0,75000,-72000,3000
2008/08/27,0,163000,-9000,154000
2008/08/28,0,49000,-167000,-118000
2008/08/29,0,3000,-9000,-6000
2008/09/01,0,29000,-154000,-125000
2008/09/02,0,4000,-188000,-184000
2008/09/03,0,68200,-297700,-229500
2008/09/04,0,10000,-84000,-74000
2008/09/05,0,3000,-76400,-73400
2008/09/08,0,157000,-11000,146000
2008/09/09,0,10000,-162000,-152000
2008/09/10,0,370000,-35000,335000
2008/09/11,0,184000,-21000,163000
2008/09/12,0,131000,-16500,114500
2008/09/15,0,236000,-14000,222000
2008/09/16,0,327000,-32000,295000
2008/09/17,0,53000,-69000,-16000
2008/09/18,0,527000,-34000,493000
2008/09/19,0,120000,-52000,68000
2008/09/22,0,6000,-100000,-94000
2008/09/23,0,88200,-5000,83200
2008/09/24,0,100000,-402000,-302000
2008/09/25,0,38000,-158000,-120000
2008/09/26,0,457000,-116000,341000
2008/09/29,0,0,0,0
2008/09/30,0,55000,-269000,-214000
2008/10/01,0,110000,-206400,-96400
2008/10/02,0,189000,-98000,91000
2008/10/03,0,487000,-144000,343000
2008/10/06,0,72000,-75746,-3746
2008/10/07,0,16000,-141770,-125770
2008/10/08,0,467000,-155000,312000
2008/10/09,0,483000,-184000,299000
2008/10/10,0,0,0,0
2008/10/13,0,0,-1000,-1000
2008/10/14,0,0,-970000,-970000
2008/10/15,0,113000,-3000,110000
2008/10/16,0,0,0,0
2008/10/17,0,20000,-15000,5000
2008/10/20,0,122000,-7847,114153
2008/10/21,0,19000,-79000,-60000
2008/10/22,0,87000,-21000,66000
2008/10/23,0,100000,-54000,46000
2008/10/24,0,0,0,0
2008/10/27,0,0,-2000,-2000
2008/10/28,0,429000,-9400,419600
2008/10/29,0,334000,-50000,284000
2008/10/30,0,141000,-153000,-12000
2008/10/31,0,0,-700,-700
2008/11/03,0,58000,-181000,-123000
2008/11/04,0,519000,-345000,174000
2008/11/05,0,357000,-222704,134296
2008/11/06,0,61000,-94000,-33000
2008/11/07,0,261000,-18000,243000
2008/11/10,0,93000,-226000,-133000
2008/11/11,0,61000,-150000,-89000
2008/11/12,0,58000,-128000,-70000
2008/11/13,0,19000,-10600,8400
2008/11/14,0,23000,-19000,4000
2008/11/17,0,32000,-29000,3000
2008/11/18,0,5000,-30000,-25000
2008/11/19,0,63000,-131789,-68789
2008/11/20,0,1000,-422000,-421000
2008/11/21,0,244000,-250000,-6000
2008/11/24,0,21000,-5000,16000
2008/11/25,0,90000,-89000,1000
2008/11/26,0,99000,-37000,62000
2008/11/27,0,0,0,0
2008/11/28,0,241000,-25000,216000
2008/12/01,0,217000,-320880,-103880
2008/12/02,0,101000,-63000,38000
2008/12/03,0,94000,-92000,2000
2008/12/04,0,43000,-260000,-217000
2008/12/05,0,131000,-74000,57000
2008/12/08,0,47000,-114000,-67000
2008/12/09,0,455000,-86000,369000
2008/12/10,0,332000,-46000,286000
2008/12/11,0,1475000,-593000,882000
2008/12/12,0,431000,-443000,-12000
2008/12/15,0,126000,-129000,-3000
2008/12/16,0,362000,-144000,218000
2008/12/17,0,422000,-517000,-95000
2008/12/18,0,81000,-337000,-256000
2008/12/19,0,223000,-206000,17000
2008/12/22,0,145000,-130000,15000
2008/12/23,0,25000,-239000,-214000
2008/12/24,0,33000,-13000,20000
2008/12/25,0,48000,-32000,16000
2008/12/26,0,18000,-90000,-72000
2008/12/29,0,5000,-15300,-10300
2008/12/30,0,626000,-121000,505000
2008/12/31,0,79000,-63000,16000
2009/01/01,0,0,0,0
2009/01/02,0,0,0,0
2009/01/05,0,166000,-384519,-218519
2009/01/06,0,234000,-680000,-446000
2009/01/07,0,163000,-302000,-139000
2009/01/08,0,116000,-373000,-257000
2009/01/09,0,173000,-110000,63000
2009/01/12,0,193000,-38000,155000
2009/01/13,0,24000,-252000,-228000
2009/01/14,0,188000,-13000,175000
2009/01/15,0,8000,-345000,-337000
2009/01/16,0,24000,-42000,-18000
2009/01/19,0,164000,-10000,154000
2009/01/20,0,128000,-58000,70000
2009/01/21,0,36000,-35000,1000
2009/01/22,0,0,0,0
2009/01/23,0,0,0,0
2009/01/26,0,0,0,0
2009/01/27,0,0,0,0
2009/01/28,0,0,0,0
2009/01/29,0,0,0,0
2009/01/30,0,0,0,0
2009/02/02,0,177000,-29000,148000
2009/02/03,0,465000,-130000,335000
2009/02/04,0,131000,-398000,-267000
2009/02/05,0,86000,-47000,39000
2009/02/06,0,246000,-238000,8000
2009/02/09,0,51000,-181000,-130000
2009/02/10,0,366000,-15000,351000
2009/02/11,0,74000,-482000,-408000
2009/02/12,0,239000,-182544,56456
2009/02/13,0,167000,-140000,27000
2009/02/16,0,354000,-123000,231000
2009/02/17,0,181000,-265000,-84000
2009/02/18,0,242000,-192000,50000
2009/02/19,0,228000,-45000,183000
2009/02/20,0,421000,-25000,396000
2009/02/23,0,299000,-21000,278000
2009/02/24,0,204000,-657000,-453000
2009/02/25,0,154000,-43000,111000
2009/02/26,0,573000,-204000,369000
2009/02/27,0,188000,-916000,-728000
2009/03/02,0,293000,-333000,-40000
2009/03/03,0,160000,-140000,20000
2009/03/04,0,438000,-297000,141000
2009/03/05,0,332000,-437000,-105000
2009/03/06,0,494000,-456000,38000
2009/03/09,0,707000,-241000,466000
2009/03/10,0,429000,-227000,202000
2009/03/11,0,402000,-534000,-132000
2009/03/12,0,31000,-408000,-377000
2009/03/13,0,703000,-330000,373000
2009/03/16,0,266000,-634000,-368000
2009/03/17,0,89000,-452000,-363000
2009/03/18,0,1237000,-453000,784000
2009/03/19,0,125000,-499000,-374000
2009/03/20,0,132000,-492000,-360000
2009/03/23,0,104000,-61000,43000
2009/03/24,0,536000,-1406000,-870000
2009/03/25,0,1734000,-693552,1040448
2009/03/26,0,1060000,-900000,160000
2009/03/27,0,557000,-238000,319000
2009/03/30,0,210000,-235000,-25000
2009/03/31,0,117000,-390000,-273000
2009/04/01,0,194000,-168000,26000
2009/04/02,0,888000,-362000,526000
2009/04/03,0,266000,-591000,-325000
2009/04/06,0,272000,-349000,-77000
2009/04/07,0,113000,-158000,-45000
2009/04/08,0,115000,-319000,-204000
2009/04/09,0,65000,-240000,-175000
2009/04/10,0,57000,-485000,-428000
2009/04/13,0,47000,-123000,-76000
2009/04/14,0,583000,-79000,504000
2009/04/15,0,174000,-89000,85000
2009/04/16,0,298000,-178000,120000
2009/04/17,0,873000,-913000,-40000
2009/04/20,0,570000,-596000,-26000
2009/04/21,0,759000,-195000,564000
2009/04/22,0,448000,-333748,114252
2009/04/23,0,376000,-363000,13000
2009/04/24,0,345000,-406000,-61000
2009/04/27,0,263000,-816000,-553000
2009/04/28,0,20000,-774000,-754000
2009/04/29,0,129000,-1132000,-1003000
2009/04/30,0,15000,-23000,-8000
2009/05/01,0,0,0,0
2009/05/04,0,612000,-165000,447000
2009/05/05,0,303000,-134000,169000
2009/05/06,0,287000,-211000,76000
2009/05/07,0,173000,-354000,-181000
2009/05/08,0,487000,-217000,270000
2009/05/11,0,280000,-184000,96000
2009/05/12,0,125000,-44000,81000
2009/05/13,0,160000,-465000,-305000
2009/05/14,0,40000,-107000,-67000
2009/05/15,0,310000,-52000,258000
2009/05/18,0,72000,-149000,-77000
2009/05/19,0,257000,-137037,119963
2009/05/20,0,118000,-563000,-445000
2009/05/21,0,114000,-267000,-153000
2009/05/22,0,328000,-132744,195256
2009/05/25,0,117000,-99000,18000
2009/05/26,0,448000,-58000,390000
2009/05/27,0,390000,-226000,164000
2009/05/28,0,0,0,0
2009/05/29,0,0,0,0
2009/06/01,0,142000,-862230,-720230
2009/06/02,0,128000,-251000,-123000
2009/06/03,0,581000,-258000,323000
2009/06/04,0,137000,-369000,-232000
2009/06/05,0,203000,-153000,50000
2009/06/08,0,258000,-183000,75000
2009/06/09,0,85000,-396000,-311000
2009/06/10,0,32000,-115184,-83184
2009/06/11,0,267000,-160000,107000
2009/06/12,0,15000,-459000,-444000
2009/06/15,0,251000,-394000,-143000
2009/06/16,0,77000,-124256,-47256
2009/06/17,0,56000,-48000,8000
2009/06/18,0,112000,-132000,-20000
2009/06/19,0,276000,-42000,234000
2009/06/22,0,322000,-142000,180000
2009/06/23,0,130000,-34000,96000
2009/06/24,0,221000,-284253,-63253
2009/06/25,0,268000,-51000,217000
2009/06/26,0,94000,-42000,52000
2009/06/29,0,68000,-48000,20000
2009/06/30,0,20000,-35000,-15000
2009/07/01,0,234000,-77000,157000
2009/07/02,0,716000,-60000,656000
2009/07/03,0,157000,-23000,134000
2009/07/06,0,152000,-317000,-165000
2009/07/07,0,245766,-161000,84766
2009/07/08,0,56000,-343000,-287000
2009/07/09,0,56000,-348000,-292000
2009/07/10,0,116000,-40000,76000
2009/07/13,0,57000,-286000,-229000
2009/07/14,0,52000,-195000,-143000
2009/07/15,0,521753,-212000,309753
2009/07/16,0,249000,-403000,-154000
2009/07/17,0,91000,-203000,-112000
2009/07/20,0,257000,-661000,-404000
2009/07/21,0,75000,-217461,-142461
2009/07/22,0,39000,-292000,-253000
2009/07/23,0,306000,-37000,269000
2009/07/24,0,383309,-260000,123309
2009/07/27,0,61000,-257000,-196000
2009/07/28,0,52000,-103000,-51000
2009/07/29,0,30000,-33000,-3000
2009/07/30,0,136000,-302000,-166000
2009/07/31,0,49000,-64000,-15000
2009/08/03,0,97255,-656000,-558745
2009/08/04,0,210000,-100000,110000
2009/08/05,0,891000,-388000,503000
2009/08/06,0,148000,-469000,-321000
2009/08/07,0,0,0,0
2009/08/10,0,325000,-71000,254000
2009/08/11,0,259000,-315000,-56000
2009/08/12,0,148000,-319000,-171000
2009/08/13,0,60000,-141000,-81000
2009/08/14,0,44000,-148000,-104000
2009/08/17,0,38000,-91000,-53000
2009/08/18,0,78000,-666000,-588000
2009/08/19,0,73000,-61000,12000
2009/08/20,0,85939,-54000,31939
2009/08/21,0,32861,-148000,-115139
2009/08/24,0,74000,-33000,41000
2009/08/25,0,101000,-126000,-25000
2009/08/26,0,45000,-51000,-6000
2009/08/27,0,47000,-47000,0
2009/08/28,0,80000,-57000,23000
2009/08/31,0,40000,-13000,27000
2009/09/01,0,81000,-52000,29000
2009/09/02,0,87000,-64000,23000
2009/09/03,0,197000,-13000,184000
2009/09/04,0,98000,-235000,-137000
2009/09/07,0,7000,-197000,-190000
2009/09/08,0,25000,-60000,-35000
2009/09/09,0,2000,-48000,-46000
2009/09/10,0,32000,-74000,-42000
2009/09/11,0,77000,-11900,65100
2009/09/14,0,47500,-69000,-21500
2009/09/15,0,37000,-5000,32000
2009/09/16,0,27000,-9750,17250
2009/09/17,0,17000,-19350,-2350
2009/09/18,0,76000,-16000,60000
2009/09/21,0,285000,-66500,218500
2009/09/22,0,57000,-40300,16700
2009/09/23,0,18000,-291000,-273000
2009/09/24,0,23000,-48000,-25000
2009/09/25,0,29000,-80000,-51000
2009/09/28,0,10000,-20785,-10785
2009/09/29,0,4000,-22000,-18000
2009/09/30,0,23000,-20000,3000
2009/10/01,0,18000,-40000,-22000
2009/10/02,0,18000,-31000,-13000
2009/10/05,0,9000,-21350,-12350
2009/10/06,0,66000,-64000,2000
2009/10/07,0,23000,-16000,7000
2009/10/08,0,31000,-15000,16000
2009/10/09,0,6000,-128000,-122000
2009/10/12,0,1000,-9000,-8000
2009/10/13,0,267000,-17000,250000
2009/10/14,0,384000,-11000,373000
2009/10/15,0,541000,-41000,500000
2009/10/16,0,48000,-155000,-107000
2009/10/19,0,48000,-239000,-191000
2009/10/20,0,61000,-136000,-75000
2009/10/21,0,69000,-173000,-104000
2009/10/22,0,56000,-21000,35000
2009/10/23,0,18000,-68000,-50000
2009/10/26,0,23000,-26000,-3000
2009/10/27,0,145000,-98000,47000
2009/10/28,0,193000,-430000,-237000
2009/10/29,0,190000,-169000,21000
2009/10/30,0,4000,-257000,-253000
2009/11/02,0,5000,-29000,-24000
2009/11/03,0,9000,-36000,-27000
2009/11/04,0,92000,-11000,81000
2009/11/05,0,363000,-14000,349000
2009/11/06,0,12000,-70500,-58500
2009/11/09,0,36000,-32000,4000
2009/11/10,0,8000,-26950,-18950
2009/11/11,0,22000,-5000,17000
2009/11/12,0,28000,-50000,-22000
2009/11/13,0,31240,-19000,12240
2009/11/16,0,24000,-34000,-10000
2009/11/17,0,69000,-19000,50000
2009/11/18,0,10000,-106000,-96000
2009/11/19,0,173000,-2000,171000
2009/11/20,0,93000,-19170,73830
2009/11/23,0,26000,-5000,21000
2009/11/24,0,20000,0,20000
2009/11/25,0,33000,-2370,30630
2009/11/26,0,23000,-161000,-138000
2009/11/27,0,5000,-78000,-73000
2009/11/30,0,22000,-11000,11000
2009/12/01,0,16000,-15000,1000
2009/12/02,0,46000,-51000,-5000
2009/12/03,0,3000,-41000,-38000
2009/12/04,0,13000,-5000,8000
2009/12/07,0,218000,-151000,67000
2009/12/08,0,82000,-186000,-104000
2009/12/09,0,2000,-12000,-10000
2009/12/10,0,204000,-41000,163000
2009/12/11,0,95000,-8000,87000
2009/12/14,0,447000,-52000,395000
2009/12/15,0,350000,-80000,270000
2009/12/16,0,31000,-119000,-88000
2009/12/17,0,56000,-61000,-5000
2009/12/18,0,206000,-33000,173000
2009/12/21,0,168000,-87000,81000
2009/12/22,0,32000,-95000,-63000
2009/12/23,0,344000,-138000,206000
2009/12/24,0,442000,-97000,345000
2009/12/25,0,240000,-99000,141000
2009/12/28,0,56000,-109000,-53000
2009/12/29,0,100000,-137000,-37000
2009/12/30,0,221300,-74000,147300
2009/12/31,0,470000,-329000,141000
2010/01/01,0,0,0,0
2010/01/04,0,205000,-125000,80000
2010/01/05,0,154000,-59000,95000
2010/01/06,0,262000,-828000,-566000
2010/01/07,0,369000,-318000,51000
2010/01/08,0,172000,-146000,26000
2010/01/11,0,35000,-230000,-195000
2010/01/12,0,259000,-17000,242000
2010/01/13,0,130000,-208000,-78000
2010/01/14,0,75000,-229000,-154000
2010/01/15,0,523000,-516000,7000
2010/01/18,0,67000,-166000,-99000
2010/01/19,0,38000,-24000,14000
2010/01/20,0,84036,-685000,-600964
2010/01/21,0,17000,-337000,-320000
2010/01/22,0,40000,-383000,-343000
2010/01/25,0,49000,-133000,-84000
2010/01/26,0,44000,-75000,-31000
2010/01/27,0,82000,-90000,-8000
2010/01/28,0,66000,-82000,-16000
2010/01/29,0,51000,-55000,-4000
2010/02/01,0,76000,-131000,-55000
2010/02/02,0,75000,-61000,14000
2010/02/03,0,205000,-17000,188000
2010/02/04,0,255000,-78606,176394
2010/02/05,0,314000,-99000,215000
2010/02/08,0,259000,-35000,224000
2010/02/09,0,370000,-148000,222000
2010/02/10,0,357000,-282370,74630
2010/02/11,0,0,0,0
2010/02/12,0,0,0,0
2010/02/15,0,0,0,0
2010/02/16,0,0,0,0
2010/02/17,0,0,0,0
2010/02/18,0,0,0,0
2010/02/19,0,0,0,0
2010/02/22,0,113000,-589000,-476000
2010/02/23,0,148000,-196295,-48295
2010/02/24,0,40000,-125000,-85000
2010/02/25,0,37000,-174000,-137000
2010/02/26,0,40000,-54000,-14000
2010/03/01,0,127000,-74000,53000
2010/03/02,0,50000,-99000,-49000
2010/03/03,0,4000,-74000,-70000
2010/03/04,0,10000,-27000,-17000
2010/03/05,0,34000,-29650,4350
2010/03/08,0,15000,-1000,14000
2010/03/09,0,51000,-32000,19000
2010/03/10,0,111000,-24000,87000
2010/03/11,0,27000,-50000,-23000
2010/03/12,0,106000,-5000,101000
2010/03/15,0,177000,-21000,156000
2010/03/16,0,195000,-130000,65000
2010/03/17,0,294000,-126000,168000
2010/03/18,0,105000,-291000,-186000
2010/03/19,0,106000,-27000,79000
2010/03/22,0,192000,-35000,157000
2010/03/23,0,10000,-121000,-111000
2010/03/24,0,138000,-31321,106679
2010/03/25,0,69000,-37000,32000
2010/03/26,0,81000,-98000,-17000
2010/03/29,0,172000,-6000,166000
2010/03/30,0,4000,-45000,-41000
2010/03/31,0,40000,-31000,9000
2010/04/01,0,78000,-19000,59000
2010/04/02,0,58000,-14000,44000
2010/04/05,0,0,0,0
2010/04/06,0,264000,-62000,202000
2010/04/07,0,60000,-18000,42000
2010/04/08,0,123000,-242000,-119000
2010/04/09,0,134000,-23000,111000
2010/04/12,0,37000,-38000,-1000
2010/04/13,0,97000,-47000,50000
2010/04/14,0,5000,-180000,-175000
2010/04/15,0,74000,-161000,-87000
2010/04/16,0,54000,-35000,19000
2010/04/19,0,10000,-190000,-180000
2010/04/20,0,33000,-281000,-248000
2010/04/21,0,60000,-278000,-218000
2010/04/22,0,48000,-71000,-23000
2010/04/23,0,99000,-94000,5000
2010/04/26,0,125000,-105000,20000
2010/04/27,0,225000,-42000,183000
2010/04/28,0,84000,-63000,21000
2010/04/29,0,127000,-110000,17000
2010/04/30,0,49499,-495000,-445501
2010/05/03,0,71000,-35000,36000
2010/05/04,0,83000,-89000,-6000
2010/05/05,0,116000,-76000,40000
2010/05/06,0,104000,-159000,-55000
2010/05/07,0,130000,-24046,105954
2010/05/10,0,86000,-52000,34000
2010/05/11,0,15000,-318000,-303000
2010/05/12,0,55000,-70000,-15000
2010/05/13,0,154000,-144000,10000
2010/05/14,0,74000,-55000,19000
2010/05/17,0,16000,-416000,-400000
2010/05/18,0,86000,-58000,28000
2010/05/19,0,95000,-74000,21000
2010/05/20,0,232000,-59000,173000
2010/05/21,0,51000,-132000,-81000
2010/05/24,0,104000,-5000,99000
2010/05/25,0,75000,-86000,-11000
2010/05/26,0,79000,-20000,59000
2010/05/27,0,190000,-16000,174000
2010/05/28,0,119000,-250000,-131000
2010/05/31,0,45000,-27000,18000
2010/06/01,0,3000,-64000,-61000
2010/06/02,0,40000,-27000,13000
2010/06/03,0,63000,-67000,-4000
2010/06/04,0,39000,-1000,38000
2010/06/07,0,21000,-30000,-9000
2010/06/08,0,42000,-114000,-72000
2010/06/09,0,4000,-155000,-151000
2010/06/10,0,23000,-195000,-172000
2010/06/11,0,28000,-55000,-27000
2010/06/14,0,34000,-17000,17000
2010/06/15,0,78000,-25000,53000
2010/06/16,0,0,0,0
2010/06/17,0,245000,-14000,231000
2010/06/18,0,22000,-28000,-6000
2010/06/21,0,127000,-34000,93000
2010/06/22,0,9000,-10000,-1000
2010/06/23,0,147000,-16000,131000
2010/06/24,0,54000,-31000,23000
2010/06/25,0,567000,-65000,502000
2010/06/28,0,33000,-35000,-2000
2010/06/29,0,28000,-73430,-45430
2010/06/30,0,8000,-35000,-27000
2010/07/01,0,182000,-21000,161000
2010/07/02,0,101000,-16000,85000
2010/07/05,0,143000,-11000,132000
2010/07/06,0,430000,-130000,300000
2010/07/07,0,741000,-41000,700000
2010/07/08,0,244000,-286000,-42000
2010/07/09,0,79000,-199000,-120000
2010/07/12,0,191000,-180000,11000
2010/07/13,0,88000,-308000,-220000
2010/07/14,0,192000,-715000,-523000
2010/07/15,0,207000,-126000,81000
2010/07/16,0,329000,-141000,188000
2010/07/19,0,63000,-16000,47000
2010/07/20,0,119000,-91000,28000
2010/07/21,0,65000,-156000,-91000
2010/07/22,0,227000,-414000,-187000
2010/07/23,0,255000,-165433,89567
2010/07/26,0,57000,-17000,40000
2010/07/27,0,113000,-330000,-217000
2010/07/28,0,15000,-13000,2000
2010/07/29,0,75000,-87150,-12150
2010/07/30,0,47000,-79000,-32000
2010/08/02,0,92000,-16000,76000
2010/08/03,0,72000,-25000,47000
2010/08/04,0,63000,-51000,12000
2010/08/05,0,3000,-223000,-220000
2010/08/06,0,67000,-29000,38000
2010/08/09,0,46000,-11000,35000
2010/08/10,0,12000,-17000,-5000
2010/08/11,0,33000,-29000,4000
2010/08/12,0,95000,-55000,40000
2010/08/13,0,108000,-112000,-4000
2010/08/16,0,43000,-39000,4000
2010/08/17,0,82000,-14000,68000
2010/08/18,0,161000,-171000,-10000
2010/08/19,0,49000,-66000,-17000
2010/08/20,0,67000,-40481,26519
2010/08/23,0,30000,-121000,-91000
2010/08/24,0,94000,-16000,78000
2010/08/25,0,50000,-162000,-112000
2010/08/26,0,119000,-208000,-89000
2010/08/27,0,15000,-99000,-84000
2010/08/30,0,28000,-58000,-30000
2010/08/31,0,9000,-42000,-33000
2010/09/01,0,1129,-59000,-57871
2010/09/02,0,105000,-41000,64000
2010/09/03,0,121000,-59000,62000
2010/09/06,0,113000,-124000,-11000
2010/09/07,0,84000,-23000,61000
2010/09/08,0,19000,-100000,-81000
2010/09/09,0,18000,-13000,5000
2010/09/10,0,123000,-30000,93000
2010/09/13,0,123000,-530000,-407000
2010/09/14,0,27000,-399000,-372000
2010/09/15,0,58000,-16000,42000
2010/09/16,0,1000,-15000,-14000
2010/09/17,0,110000,-90000,20000
2010/09/20,0,6000,-14000,-8000
2010/09/21,0,104000,-43000,61000
2010/09/22,0,0,0,0
2010/09/23,0,274000,-95000,179000
2010/09/24,0,93000,-12000,81000
2010/09/27,0,211000,-31000,180000
2010/09/28,0,8000,-53000,-45000
2010/09/29,0,82000,-29000,53000
2010/09/30,0,166000,-290000,-124000
2010/10/01,0,39000,-143000,-104000
2010/10/04,0,7000,-55000,-48000
2010/10/05,0,28000,-21000,7000
2010/10/06,0,69000,-26000,43000
2010/10/07,0,13000,-20655,-7655
2010/10/08,0,66000,-62000,4000
2010/10/11,0,4000,-44000,-40000
2010/10/12,0,25000,-70000,-45000
2010/10/13,0,32000,-17000,15000
2010/10/14,0,45000,-26000,19000
2010/10/15,0,93000,-51000,42000
2010/10/18,0,14000,-51000,-37000
2010/10/19,0,227000,-34000,193000
2010/10/20,0,144000,-16000,128000
2010/10/21,0,133000,-44000,89000
2010/10/22,0,25000,-37000,-12000
2010/10/25,0,98000,-16000,82000
2010/10/26,0,57000,-223000,-166000
2010/10/27,0,237000,-265000,-28000
2010/10/28,0,143000,-74000,69000
2010/10/29,0,102000,-89000,13000
2010/11/01,0,173000,-49000,124000
2010/11/02,0,38000,-50000,-12000
2010/11/03,0,149000,-19000,130000
2010/11/04,0,121000,-19000,102000
2010/11/05,0,75000,-60000,15000
2010/11/08,0,3000,-50000,-47000
2010/11/09,0,56000,-8000,48000
2010/11/10,0,28000,-91000,-63000
2010/11/11,0,66000,-428000,-362000
2010/11/12,0,1000,-42000,-41000
2010/11/15,0,7000,-40000,-33000
2010/11/16,0,51000,-32000,19000
2010/11/17,0,26000,-11000,15000
2010/11/18,0,18000,-23000,-5000
2010/11/19,0,12000,-23000,-11000
2010/11/22,0,51000,-11000,40000
2010/11/23,0,99000,-3000,96000
2010/11/24,0,12000,-1000,11000
2010/11/25,0,23000,-18000,5000
2010/11/26,0,57000,-26000,31000
2010/11/29,0,111000,-71000,40000
2010/11/30,0,163000,-106000,57000
2010/12/01,0,84000,-5000,79000
2010/12/02,0,301000,-112000,189000
2010/12/03,0,176000,-282000,-106000
2010/12/06,0,64000,-71000,-7000
2010/12/07,0,130000,-9000,121000
2010/12/08,0,51000,-11000,40000
2010/12/09,0,130000,-8000,122000
2010/12/10,0,103000,-116600,-13600
2010/12/13,0,131000,-41000,90000
2010/12/14,0,36000,-47000,-11000
2010/12/15,0,4000,-58000,-54000
2010/12/16,0,92000,-113000,-21000
2010/12/17,0,53000,-43000,10000
2010/12/20,0,65000,-78000,-13000
2010/12/21,0,34000,-1000,33000
2010/12/22,0,91000,-9000,82000
2010/12/23,0,3000,-21000,-18000
2010/12/24,0,19000,-221400,-202400
2010/12/27,0,43000,-164000,-121000
2010/12/28,0,15000,-152000,-137000
2010/12/29,0,9000,-113000,-104000
2010/12/30,0,208000,-24000,184000
2010/12/31,0,169000,-179000,-10000
2011/01/03,0,8000,-123000,-115000
2011/01/04,0,48000,-30000,18000
2011/01/05,0,41000,-63000,-22000
2011/01/06,0,62000,-31000,31000
2011/01/07,0,33000,-222000,-189000
2011/01/10,0,13000,-38000,-25000
2011/01/11,0,84000,-52000,32000
2011/01/12,0,129000,-25000,104000
2011/01/13,0,342000,-78000,264000
2011/01/14,0,292000,-94000,198000
2011/01/17,0,49000,-268000,-219000
2011/01/18,0,869000,-200000,669000
2011/01/19,0,507000,-274000,233000
2011/01/20,0,185000,-93000,92000
2011/01/21,0,793000,-191000,602000
2011/01/24,0,367000,-498000,-131000
2011/01/25,0,377000,-641000,-264000
2011/01/26,0,516000,-74000,442000
2011/01/27,0,411000,-250000,161000
2011/01/28,0,75000,-299000,-224000
2011/01/31,0,0,0,0
2011/02/01,0,0,0,0
2011/02/02,0,0,0,0
2011/02/03,0,0,0,0
2011/02/04,0,0,0,0
2011/02/07,0,0,0,0
2011/02/08,0,124000,-309000,-185000
2011/02/09,0,69000,-345000,-276000
2011/02/10,0,209000,-95000,114000
2011/02/11,0,781000,-385000,396000
2011/02/14,0,327000,-833000,-506000
2011/02/15,0,66000,-354000,-288000
2011/02/16,0,20000,-345000,-325000
2011/02/17,0,18000,-275000,-257000
2011/02/18,0,22000,-52000,-30000
2011/02/21,0,49000,-21000,28000
2011/02/22,0,55000,-38000,17000
2011/02/23,0,27000,-158000,-131000
2011/02/24,0,327000,-69000,258000
2011/02/25,0,329000,-136000,193000
2011/02/28,0,0,0,0
2011/03/01,0,77000,-178000,-101000
2011/03/02,0,123000,-118000,5000
2011/03/03,0,161000,-2000,159000
2011/03/04,0,110000,-305000,-195000
2011/03/07,0,54000,-85000,-31000
2011/03/08,0,62000,-114000,-52000
2011/03/09,0,45000,-30000,15000
2011/03/10,0,66000,-358000,-292000
2011/03/11,0,82000,-58000,24000
2011/03/14,0,190000,-214000,-24000
2011/03/15,0,420000,-263000,157000
2011/03/16,0,329000,-235000,94000
2011/03/17,0,159000,-108000,51000
2011/03/18,0,84000,-90000,-6000
2011/03/21,0,71000,-20000,51000
2011/03/22,0,226000,-70000,156000
2011/03/23,0,174000,-35000,139000
2011/03/24,0,301000,-328000,-27000
2011/03/25,0,239000,-161000,78000
2011/03/28,0,8000,-32000,-24000
2011/03/29,0,177000,-88000,89000
2011/03/30,0,106000,-23000,83000
2011/03/31,0,202000,-326000,-124000
2011/04/01,0,272000,-32000,240000
2011/04/04,0,0,0,0
2011/04/05,0,0,0,0
2011/04/06,0,247000,-248000,-1000
2011/04/07,0,324000,-179000,145000
2011/04/08,0,78000,-281000,-203000
2011/04/11,0,38000,-54000,-16000
2011/04/12,0,174000,-192000,-18000
2011/04/13,0,414000,-149000,265000
2011/04/14,0,568000,-9240,558760
2011/04/15,0,96000,-263000,-167000
2011/04/18,0,141000,-240000,-99000
2011/04/19,0,18000,-117000,-99000
2011/04/20,0,158000,-368000,-210000
2011/04/21,0,414000,-111000,303000
2011/04/22,0,47000,-122000,-75000
2011/04/25,0,5000,-87000,-82000
2011/04/26,0,226000,-4000,222000
2011/04/27,0,104000,-119000,-15000
2011/04/28,0,93000,-9000,84000
2011/04/29,0,872000,-261000,611000
2011/05/02,0,0,0,0
2011/05/03,0,286000,-306000,-20000
2011/05/04,0,217000,-405000,-188000
2011/05/05,0,357000,-203000,154000
2011/05/06,0,219000,-79000,140000
2011/05/09,0,141000,-385000,-244000
2011/05/10,0,146000,-23000,123000
2011/05/11,0,70000,-69890,110
2011/05/12,0,329000,-54000,275000
2011/05/13,0,49000,-11000,38000
2011/05/16,0,293000,-39000,254000
2011/05/17,0,289000,-74000,215000
2011/05/18,0,454000,-30000,424000
2011/05/19,0,327000,-328740,-1740
2011/05/20,0,18000,-239000,-221000
2011/05/23,0,93000,-31000,62000
2011/05/24,0,120000,-33000,87000
2011/05/25,0,165000,-5000,160000
2011/05/26,0,43000,-46000,-3000
2011/05/27,0,773000,-854000,-81000
2011/05/30,0,111000,-306000,-195000
2011/05/31,0,156000,-590000,-434000
2011/06/01,0,375000,-240000,135000
2011/06/02,0,94000,-147000,-53000
2011/06/03,0,273000,-125000,148000
2011/06/06,0,0,0,0
2011/06/07,0,191000,-111000,80000
2011/06/08,0,58000,-487000,-429000
2011/06/09,0,179000,-365000,-186000
2011/06/10,0,61000,-355000,-294000
2011/06/13,0,233000,-288000,-55000
2011/06/14,0,1083000,-107000,976000
2011/06/15,0,206000,-78000,128000
2011/06/16,0,239000,-215000,24000
2011/06/17,0,195000,-436000,-241000
2011/06/20,0,292000,-211000,81000
2011/06/21,0,164000,-92000,72000
2011/06/22,0,656000,-385000,271000
2011/06/23,0,791000,-452000,339000
2011/06/24,0,198000,-174000,24000
2011/06/27,0,52000,-554000,-502000
2011/06/28,0,222000,-56000,166000
2011/06/29,0,72000,-411000,-339000
2011/06/30,0,133000,-40000,93000
2011/07/01,0,656000,-86000,570000
2011/07/04,0,82000,-149000,-67000
2011/07/05,0,257000,-133846,123154
2011/07/06,0,43000,-17000,26000
2011/07/07,0,107000,-188000,-81000
2011/07/08,0,30000,-331000,-301000
2011/07/11,0,6000,-99000,-93000
2011/07/12,0,156000,-309000,-153000
2011/07/13,0,161000,-229000,-68000
2011/07/14,0,72000,-161000,-89000
2011/07/15,0,496000,-40000,456000
2011/07/18,0,195000,-217000,-22000
2011/07/19,0,276000,-112000,164000
2011/07/20,0,266000,-38000,228000
2011/07/21,0,620000,-122000,498000
2011/07/22,0,478000,-190000,288000
2011/07/25,0,1869000,-175000,1694000
2011/07/26,0,568000,-1912000,-1344000
2011/07/27,0,291000,-691000,-400000
2011/07/28,0,73000,-363000,-290000
2011/07/29,0,302000,-608000,-306000
2011/08/01,0,358000,-1107000,-749000
2011/08/02,0,1271000,-1026000,245000
2011/08/03,0,1157000,-1470000,-313000
2011/08/04,0,355000,-714338,-359338
2011/08/05,0,244000,-1227600,-983600
2011/08/08,0,133000,-315000,-182000
2011/08/09,0,300000,-208000,92000
2011/08/10,0,205000,-40000,165000
2011/08/11,0,148000,-91000,57000
2011/08/12,0,405000,-63000,342000
2011/08/15,0,25000,-56000,-31000
2011/08/16,0,557000,-37000,520000
2011/08/17,0,361000,-255000,106000
2011/08/18,0,124000,-454000,-330000
2011/08/19,0,86000,-257000,-171000
2011/08/22,0,33000,-213087,-180087
2011/08/23,0,243000,-116000,127000
2011/08/24,0,166000,-39000,127000
2011/08/25,0,73000,-62147,10853
2011/08/26,0,55000,-227038,-172038
2011/08/29,0,292000,-253000,39000
2011/08/30,0,636000,-253000,383000
2011/08/31,0,311000,-63000,248000
2011/09/01,0,741000,-420000,321000
2011/09/02,0,64000,-24000,40000
2011/09/05,0,60000,-153000,-93000
2011/09/06,0,20000,-428000,-408000
2011/09/07,0,122000,-765400,-643400
2011/09/08,0,36500,-86800,-50300
2011/09/09,0,28000,-84614,-56614
2011/09/12,0,0,0,0
2011/09/13,0,71000,-39891,31109
2011/09/14,0,217000,-371700,-154700
2011/09/15,0,242000,-198600,43400
2011/09/16,0,742000,-771500,-29500
2011/09/19,0,269000,-275000,-6000
2011/09/20,0,180000,-127000,53000
2011/09/21,0,427000,-87000,340000
2011/09/22,0,308000,-279000,29000
2011/09/23,0,19000,-233000,-214000
2011/09/26,0,235000,-329000,-94000
2011/09/27,0,364000,-151000,213000
2011/09/28,0,112000,-158460,-46460
2011/09/29,0,409000,-516000,-107000
2011/09/30,0,58000,-308000,-250000
2011/10/03,0,5000,-110000,-105000
2011/10/04,0,5000,-17200,-12200
2011/10/05,0,1000,-32200,-31200
2011/10/06,0,121000,-12900,108100
2011/10/07,0,7000,-27027,-20027
2011/10/10,0,0,0,0
2011/10/11,0,60000,-71198,-11198
2011/10/12,0,55000,-129000,-74000
2011/10/13,0,13000,-288980,-275980
2011/10/14,0,78000,-232000,-154000
2011/10/17,0,121000,-195000,-74000
2011/10/18,0,13000,-273000,-260000
2011/10/19,0,354000,-300000,54000
2011/10/20,0,43000,-194000,-151000
2011/10/21,0,8029,-47000,-38971
2011/10/24,0,28800,-1000,27800
2011/10/25,0,429000,-126000,303000
2011/10/26,0,154000,-141000,13000
2011/10/27,0,123000,-528000,-405000
2011/10/28,0,144000,-859000,-715000
2011/10/31,0,14000,-151000,-137000
2011/11/01,0,234000,-183000,51000
2011/11/02,0,420000,-283000,137000
2011/11/03,0,91000,-168000,-77000
2011/11/04,0,36600,-193000,-156400
2011/11/07,0,6000,-54000,-48000
2011/11/08,0,47000,-40000,7000
2011/11/09,0,225000,-161183,63817
2011/11/10,0,63000,-144000,-81000
2011/11/11,0,81000,-32000,49000
2011/11/14,0,90000,-22000,68000
2011/11/15,0,66000,-7000,59000
2011/11/16,0,92000,-25000,67000
2011/11/17,0,18000,-72000,-54000
2011/11/18,0,3000,-103000,-100000
2011/11/21,0,60000,-246094,-186094
2011/11/22,0,8000,-64200,-56200
2011/11/23,0,131000,-73000,58000
2011/11/24,0,59000,-61000,-2000
2011/11/25,0,10000,-41000,-31000
2011/11/28,0,73000,-79000,-6000
2011/11/29,0,215000,-90000,125000
2011/11/30,0,1000,-181000,-180000
2011/12/01,0,141000,-405000,-264000
2011/12/02,0,6000,-4000,2000
2011/12/05,0,3000,-27000,-24000
2011/12/06,0,75000,-125000,-50000
2011/12/07,0,7000,-48000,-41000
2011/12/08,0,68000,-25000,43000
2011/12/09,0,16000,-5000,11000
2011/12/12,0,5000,-18000,-13000
2011/12/13,0,7000,-25000,-18000
2011/12/14,0,9000,-7000,2000
2011/12/15,0,0,-58000,-58000
2011/12/16,0,110000,-149770,-39770
2011/12/19,0,19000,-91000,-72000
2011/12/20,0,90000,-66000,24000
2011/12/21,0,150000,-179000,-29000
2011/12/22,0,14000,-97003,-83003
2011/12/23,0,142000,-21000,121000
2011/12/26,0,6000,-105218,-99218
2011/12/27,0,53000,-84000,-31000
2011/12/28,0,43000,-33000,10000
2011/12/29,0,76000,0,76000
2011/12/30,0,61000,-279000,-218000
2012/01/02,0,18000,-271000,-253000
2012/01/03,0,14000,-70000,-56000
2012/01/04,0,6000,-9000,-3000
2012/01/05,0,125400,-21949,103451
2012/01/06,0,68000,-95000,-27000
2012/01/09,0,12000,-76000,-64000
2012/01/10,0,44000,-44751,-751
2012/01/11,0,52000,-92000,-40000
2012/01/12,0,51000,-8000,43000
2012/01/13,0,36000,-20000,16000
2012/01/16,0,11000,-1000,10000
2012/01/17,0,138000,-1100,136900
2012/01/18,0,249000,-184300,64700
2012/01/19,0,0,0,0
2012/01/20,0,0,0,0
2012/01/23,0,0,0,0
2012/01/24,0,0,0,0
2012/01/25,0,0,0,0
2012/01/26,0,0,0,0
2012/01/27,0,0,0,0
2012/01/30,0,261000,-121000,140000
2012/01/31,0,203000,-170000,33000
2012/02/01,0,74000,-71000,3000
2012/02/02,0,518000,-166000,352000
2012/02/03,0,313000,-218000,95000
2012/02/06,0,160000,-53000,107000
2012/02/07,0,195000,-21000,174000
2012/02/08,0,320000,-108000,212000
2012/02/09,0,571000,-250000,321000
2012/02/10,0,170000,-599000,-429000
2012/02/13,0,1020000,-447000,573000
2012/02/14,0,553000,-557000,-4000
2012/02/15,0,1106000,-190000,916000
2012/02/16,0,1210000,-371000,839000
2012/02/17,0,408000,-324451,83549
2012/02/20,0,646000,-591000,55000
2012/02/21,0,152000,-138000,14000
2012/02/22,0,471000,-194303,276697
2012/02/23,0,232000,-227000,5000
2012/02/24,0,185000,-409000,-224000
2012/02/27,0,0,0,0
2012/02/28,0,0,0,0
2012/02/29,0,16000,-3199,12801
2012/03/01,0,1000,-16498,-15498
2012/03/02,0,1449000,-1484000,-35000
2012/03/05,0,822000,-168000,654000
2012/03/06,0,437000,-1236000,-799000
2012/03/07,0,745000,-85000,660000
2012/03/08,0,83000,-192000,-109000
2012/03/09,0,303000,-93000,210000
2012/03/12,0,242000,-493000,-251000
2012/03/13,0,113000,-81000,32000
2012/03/14,0,586000,-60000,526000
2012/03/15,0,1310000,-164000,1146000
2012/03/16,0,187000,-277000,-90000
2012/03/19,0,73000,-147000,-74000
2012/03/20,0,143000,-489407,-346407
2012/03/21,0,940000,-308000,632000
2012/03/22,0,164000,-147000,17000
2012/03/23,0,1731000,-531000,1200000
2012/03/26,0,462000,-509000,-47000
2012/03/27,0,514000,-1076370,-562370
2012/03/28,0,389000,-237000,152000
2012/03/29,0,700000,-921742,-221742
2012/03/30,0,297000,-355000,-58000
2012/04/02,0,181000,-495000,-314000
2012/04/03,0,126000,-278000,-152000
2012/04/04,0,0,0,0
2012/04/05,0,274000,-331000,-57000
2012/04/06,0,96000,-245000,-149000
2012/04/09,0,90000,-423003,-333003
2012/04/10,0,240000,-136000,104000
2012/04/11,0,211000,-90000,121000
2012/04/12,0,267000,-180000,87000
2012/04/13,0,295000,-453000,-158000
2012/04/16,0,56000,-272335,-216335
2012/04/17,0,324000,-355000,-31000
2012/04/18,0,310000,-353000,-43000
2012/04/19,0,440000,-1327434,-887434
2012/04/20,0,323000,-319000,4000
2012/04/23,0,82000,-72000,10000
2012/04/24,0,331000,-227000,104000
2012/04/25,0,96000,-79000,17000
2012/04/26,0,333002,-94000,239002
2012/04/27,0,1118000,-572602,545398
2012/04/30,0,48000,-137000,-89000
2012/05/01,0,0,0,0
2012/05/02,0,384000,-195200,188800
2012/05/03,0,880000,-1330000,-450000
2012/05/04,0,169000,-434000,-265000
2012/05/07,0,696000,-772000,-76000
2012/05/08,0,71000,-195000,-124000
2012/05/09,0,101000,-72000,29000
2012/05/10,0,7000,-198000,-191000
2012/05/11,0,226000,-68000,158000
2012/05/14,0,33000,-209000,-176000
2012/05/15,0,156000,-111000,45000
2012/05/16,0,79000,-341000,-262000
2012/05/17,0,513000,-309000,204000
2012/05/18,0,200000,-470000,-270000
2012/05/21,0,69000,-76000,-7000
2012/05/22,0,886000,-141000,745000
2012/05/23,0,68000,-283000,-215000
2012/05/24,0,117000,-162000,-45000
2012/05/25,0,79000,-148000,-69000
2012/05/28,0,111000,-138000,-27000
2012/05/29,0,667000,-180000,487000
2012/05/30,0,507000,-173000,334000
2012/05/31,0,371000,-350000,21000
2012/06/01,0,154000,-717000,-563000
2012/06/04,0,47000,-677000,-630000
2012/06/05,0,191000,-118000,73000
2012/06/06,0,38000,-110000,-72000
2012/06/07,0,16000,-47000,-31000
2012/06/08,0,63000,-93115,-30115
2012/06/11,0,115000,-16000,99000
2012/06/12,0,50000,-21000,29000
2012/06/13,0,42000,-137000,-95000
2012/06/14,0,8000,-72000,-64000
2012/06/15,0,265000,-108000,157000
2012/06/18,0,180000,-44000,136000
2012/06/19,0,58000,-103000,-45000
2012/06/20,0,43000,-66000,-23000
2012/06/21,0,38000,-245000,-207000
2012/06/22,0,59000,-39000,20000
2012/06/25,0,23000,-118300,-95300
2012/06/26,0,22000,-106000,-84000
2012/06/27,0,81000,-86000,-5000
2012/06/28,0,18000,-47000,-29000
2012/06/29,0,41000,-131000,-90000
2012/07/02,0,361000,-237000,124000
2012/07/03,0,1345000,-406000,939000
2012/07/04,0,854000,-1071000,-217000
2012/07/05,0,102000,-450000,-348000
2012/07/06,0,285000,-442000,-157000
2012/07/09,0,135000,-72000,63000
2012/07/10,0,282000,-223000,59000
2012/07/11,0,258000,-305000,-47000
2012/07/12,0,752000,-508000,244000
2012/07/13,0,192000,-899000,-707000
2012/07/16,0,287000,-161000,126000
2012/07/17,0,322000,-508000,-186000
2012/07/18,0,119000,-279000,-160000
2012/07/19,0,599000,-234000,365000
2012/07/20,0,50000,-312000,-262000
2012/07/23,0,58000,-402000,-344000
2012/07/24,0,71000,-113000,-42000
2012/07/25,0,63000,-252000,-189000
2012/07/26,0,19000,-59000,-40000
2012/07/27,0,145000,-29000,116000
2012/07/30,0,213000,-69000,144000
2012/07/31,0,1251000,-66000,1185000
2012/08/01,0,213000,-1428000,-1215000
2012/08/02,0,0,0,0
2012/08/03,0,241000,-869000,-628000
2012/08/06,0,115000,-635000,-520000
2012/08/07,0,113000,-64000,49000
2012/08/08,0,89000,-166000,-77000
2012/08/09,0,155000,-325000,-170000
2012/08/10,0,162000,-236000,-74000
2012/08/13,0,63000,-79000,-16000
2012/08/14,0,124000,-88000,36000
2012/08/15,0,149000,-70000,79000
2012/08/16,0,41000,-17000,24000
2012/08/17,0,108000,-11300,96700
2012/08/20,0,32000,-104000,-72000
2012/08/21,0,41000,-93000,-52000
2012/08/22,0,98000,-34000,64000
2012/08/23,0,50000,-67000,-17000
2012/08/24,0,62000,-47000,15000
2012/08/27,0,5000,-46000,-41000
2012/08/28,0,9000,-67000,-58000
2012/08/29,0,17000,-34000,-17000
2012/08/30,0,282000,-61000,221000
2012/08/31,0,116000,-32109,83891
2012/09/03,0,682000,-185569,496431
2012/09/04,0,131000,-337000,-206000
2012/09/05,0,194000,-229000,-35000
2012/09/06,0,90000,-273000,-183000
2012/09/07,0,289000,-108000,181000
2012/09/10,0,35000,-95000,-60000
2012/09/11,0,43000,-174000,-131000
2012/09/12,0,147000,-200000,-53000
2012/09/13,0,30000,-76000,-46000
2012/09/14,0,95000,-38000,57000
2012/09/17,0,425000,-73000,352000
2012/09/18,0,235000,-254000,-19000
2012/09/19,0,76000,-174000,-98000
2012/09/20,0,68000,-172000,-104000
2012/09/21,0,70000,-384000,-314000
2012/09/24,0,106000,-49000,57000
2012/09/25,0,79000,-74000,5000
2012/09/26,0,70000,-149000,-79000
2012/09/27,0,62000,-101000,-39000
2012/09/28,0,26000,-143000,-117000
2012/10/01,0,10000,-58000,-48000
2012/10/02,0,5000,-53000,-48000
2012/10/03,0,79000,-157000,-78000
2012/10/04,0,71000,-38000,33000
2012/10/05,0,124000,-89000,35000
2012/10/08,0,242000,-203000,39000
2012/10/09,0,49000,-75000,-26000
2012/10/10,0,0,0,0
2012/10/11,0,109000,-136000,-27000
2012/10/12,0,29000,-120000,-91000
2012/10/15,0,19000,-36000,-17000
2012/10/16,0,57000,-64000,-7000
2012/10/17,0,28000,-107000,-79000
2012/10/18,0,85000,-125000,-40000
2012/10/19,0,112000,-72000,40000
2012/10/22,0,49000,-65000,-16000
2012/10/23,0,25000,-68000,-43000
2012/10/24,0,34000,-15000,19000
2012/10/25,0,73000,-76000,-3000
2012/10/26,0,218000,-173000,45000
2012/10/29,0,183000,-77000,106000
2012/10/30,0,120000,-90000,30000
2012/10/31,0,72000,-118000,-46000
2012/11/01,0,286000,-220000,66000
2012/11/02,0,182000,-23000,159000
2012/11/05,0,339000,-125000,214000
2012/11/06,0,585000,-740000,-155000
2012/11/07,0,184000,-272000,-88000
2012/11/08,0,92000,-223000,-131000
2012/11/09,0,375000,-249000,126000
2012/11/12,0,289000,-244000,45000
2012/11/13,0,322000,-71000,251000
2012/11/14,0,285000,-268000,17000
2012/11/15,0,288000,-247000,41000
2012/11/16,0,134000,-272000,-138000
2012/11/19,0,79000,-204000,-125000
2012/11/20,0,725000,-182000,543000
2012/11/21,0,308000,-549000,-241000
2012/11/22,0,312000,-268274,43726
2012/11/23,0,599000,-298000,301000
2012/11/26,0,352000,-417000,-65000
2012/11/27,0,760000,-268000,492000
2012/11/28,0,906000,-205000,701000
2012/11/29,0,185000,-1066000,-881000
2012/11/30,0,406000,-341000,65000
2012/12/03,0,114000,-223000,-109000
2012/12/04,0,356000,-147000,209000
2012/12/05,0,1555000,-426000,1129000
2012/12/06,0,243000,-1439000,-1196000
2012/12/07,0,652000,-365000,287000
2012/12/10,0,166000,-526000,-360000
2012/12/11,0,299000,-433000,-134000
2012/12/12,0,619000,-459000,160000
2012/12/13,0,432000,-613000,-181000
2012/12/14,0,678000,-336000,342000
2012/12/17,0,108000,-399190,-291190
2012/12/18,0,109000,-185000,-76000
2012/12/19,0,114000,-250000,-136000
2012/12/20,0,131000,-379000,-248000
2012/12/21,0,296000,-119000,177000
2012/12/24,0,18000,-189000,-171000
2012/12/25,0,50000,-157000,-107000
2012/12/26,0,236000,-149000,87000
2012/12/27,0,75000,-131000,-56000
2012/12/28,0,15000,-86000,-71000
2012/12/31,0,0,0,0
2013/01/01,0,0,0,0
2013/01/02,0,44000,-25000,19000
2013/01/03,0,582000,-219000,363000
2013/01/04,0,33000,-116000,-83000
2013/01/07,0,90000,-221000,-131000
2013/01/08,0,36000,-313000,-277000
2013/01/09,0,49000,-15000,34000
2013/01/10,0,101000,-75000,26000
2013/01/11,0,202000,-37000,165000
2013/01/14,0,105000,-95000,10000
2013/01/15,0,258000,-180000,78000
2013/01/16,0,275000,-209000,66000
2013/01/17,0,189000,-195000,-6000
2013/01/18,0,125000,-287000,-162000
2013/01/21,0,724000,-138000,586000
2013/01/22,0,48000,-627000,-579000
2013/01/23,0,46000,-153000,-107000
2013/01/24,0,9000,-75000,-66000
2013/01/25,0,35000,-70000,-35000
2013/01/28,0,40000,-65000,-25000
2013/01/29,0,546000,-4000,542000
2013/01/30,0,194000,-185000,9000
2013/01/31,0,156000,-305000,-149000
2013/02/01,0,60000,-144000,-84000
2013/02/04,0,573000,-162000,411000
2013/02/05,0,279000,-1104000,-825000
2013/02/06,0,484000,-347000,137000
2013/02/07,0,0,0,0
2013/02/08,0,0,0,0
2013/02/11,0,0,0,0
2013/02/12,0,0,0,0
2013/02/13,0,0,0,0
2013/02/14,0,0,0,0
2013/02/15,0,0,0,0
2013/02/18,0,232000,-46000,186000
2013/02/19,0,97000,-32000,65000
2013/02/20,0,77000,-45000,32000
2013/02/21,0,22000,-93810,-71810
2013/02/22,0,412000,-89000,323000
2013/02/25,0,126000,-176000,-50000
2013/02/26,0,63000,-59000,4000
2013/02/27,0,51000,-279000,-228000
2013/02/28,0,0,0,0
2013/03/01,0,80000,-69000,11000
2013/03/04,0,221000,-47000,174000
2013/03/05,0,885000,-42000,843000
2013/03/06,0,1492000,-594000,898000
2013/03/07,0,248000,-883000,-635000
2013/03/08,0,391000,-272000,119000
2013/03/11,0,1179000,-362000,817000
2013/03/12,0,897000,-1096000,-199000
2013/03/13,0,54000,-347000,-293000
2013/03/14,0,213000,-259000,-46000
2013/03/15,0,425000,-275000,150000
2013/03/18,0,180000,-548000,-368000
2013/03/19,0,381000,-187000,194000
2013/03/20,0,228000,-188000,40000
2013/03/21,0,132000,-131000,1000
2013/03/22,0,296000,-406000,-110000
2013/03/25,0,2207997,-238000,1969997
2013/03/26,0,989000,-1172000,-183000
2013/03/27,0,400003,-1164000,-763997
2013/03/28,0,169000,-313000,-144000
2013/03/29,0,342000,-267000,75000
2013/04/01,0,233000,-126000,107000
2013/04/02,0,983000,-194000,789000
2013/04/03,0,250000,-720000,-470000
2013/04/04,0,0,0,0
2013/04/05,0,0,0,0
2013/04/08,0,385000,-236000,149000
2013/04/09,0,377000,-323000,54000
2013/04/10,0,306000,-98000,208000
2013/04/11,0,258000,-137000,121000
2013/04/12,0,1181000,-282000,899000
2013/04/15,0,242000,-699000,-457000
2013/04/16,0,365000,-524000,-159000
2013/04/17,0,167000,-229000,-62000
2013/04/18,0,605000,-248000,357000
2013/04/19,0,1209000,-333000,876000
2013/04/22,0,205000,-1322000,-1117000
2013/04/23,0,893000,-223000,670000
2013/04/24,0,2871000,-1496000,1375000
2013/04/25,0,387000,-1637000,-1250000
2013/04/26,0,836000,-542000,294000
2013/04/29,0,300000,-639000,-339000
2013/04/30,0,1714000,-741000,973000
2013/05/01,0,0,0,0
2013/05/02,0,493000,-1595000,-1102000
2013/05/03,0,111000,-847000,-736000
2013/05/06,0,549000,-221000,328000
2013/05/07,0,219000,-720000,-501000
2013/05/08,0,147000,-773000,-626000
2013/05/09,0,705000,-492000,213000
2013/05/10,0,106000,-709000,-603000
2013/05/13,0,185000,-292000,-107000
2013/05/14,0,496000,-389000,107000
2013/05/15,0,212000,-440000,-228000
2013/05/16,0,27000,-192000,-165000
2013/05/17,0,93000,-147000,-54000
2013/05/20,0,73000,-531000,-458000
2013/05/21,0,865000,-741000,124000
2013/05/22,0,39000,-508000,-469000
2013/05/23,0,100000,-412000,-312000
2013/05/24,0,295000,-409000,-114000
2013/05/27,0,237000,-117000,120000
2013/05/28,0,200000,-199000,1000
2013/05/29,0,942000,-374000,568000
2013/05/30,0,88000,-451000,-363000
2013/05/31,0,68000,-249000,-181000
2013/06/03,0,119000,-98000,21000
2013/06/04,0,92000,-137000,-45000
2013/06/05,0,132000,-201000,-69000
2013/06/06,0,153000,-34000,119000
2013/06/07,0,81000,-266000,-185000
2013/06/10,0,284000,-94000,190000
2013/06/11,0,261000,-207000,54000
2013/06/12,0,0,0,0
2013/06/13,0,122000,-558000,-436000
2013/06/14,0,23000,-209000,-186000
2013/06/17,0,895000,-96000,799000
2013/06/18,0,61000,-724000,-663000
2013/06/19,0,1377000,-201000,1176000
2013/06/20,0,252000,-566000,-314000
2013/06/21,0,295000,-225000,70000
2013/06/24,0,1059000,-98000,961000
2013/06/25,0,221000,-1118000,-897000
2013/06/26,0,269000,-376000,-107000
2013/06/27,0,397000,-158000,239000
2013/06/28,0,221000,-256000,-35000
2013/07/01,0,1043000,-275000,768000
2013/07/02,0,161000,-834000,-673000
2013/07/03,0,370000,-291000,79000
2013/07/04,0,186000,-634000,-448000
2013/07/05,0,80000,-223000,-143000
2013/07/08,0,102000,-12000,90000
2013/07/09,0,27000,-36000,-9000
2013/07/10,0,95000,-432000,-337000
2013/07/11,0,142000,-226000,-84000
2013/07/12,0,506000,-114000,392000
2013/07/15,0,121000,-343000,-222000
2013/07/16,0,270000,-92000,178000
2013/07/17,0,143000,-209000,-66000
2013/07/18,0,65296,-157000,-91704
2013/07/19,0,228000,-192000,36000
2013/07/22,0,91000,-10000,81000
2013/07/23,0,115000,-324000,-209000
2013/07/24,0,349000,-45000,304000
2013/07/25,0,68000,-293000,-225000
2013/07/26,0,1355704,-205000,1150704
2013/07/29,0,23000,-603000,-580000
2013/07/30,0,214998,-169000,45998
2013/07/31,0,433000,-249000,184000
2013/08/01,0,580000,-564000,16000
2013/08/02,0,381000,-713000,-332000
2013/08/05,0,87000,-720000,-633000
2013/08/06,0,136000,-209000,-73000
2013/08/07,0,120000,-253000,-133000
2013/08/08,0,158000,-87000,71000
2013/08/09,0,62000,-382000,-320000
2013/08/12,0,354000,-138000,216000
2013/08/13,0,78000,-92000,-14000
2013/08/14,0,54000,-139439,-85439
2013/08/15,0,62355,-86000,-23645
2013/08/16,0,220000,-71000,149000
2013/08/19,0,12000,-61000,-49000
2013/08/20,0,12000,-76000,-64000
2013/08/21,0,0,0,0
2013/08/22,0,174000,-41000,133000
2013/08/23,0,56000,-181000,-125000
2013/08/26,0,8000,-186000,-178000
2013/08/27,0,84000,-292000,-208000
2013/08/28,0,368000,-183000,185000
2013/08/29,0,178000,-202000,-24000
2013/08/30,0,541000,-175914,365086
2013/09/02,0,14000,-253000,-239000
2013/09/03,0,419000,-27000,392000
2013/09/04,0,214000,-78000,136000
2013/09/05,0,181000,-61000,120000
2013/09/06,0,1492000,-25000,1467000
2013/09/09,0,105000,-1032000,-927000
2013/09/10,0,53000,-345000,-292000
2013/09/11,0,26000,-105098,-79098
2013/09/12,0,69000,-217000,-148000
2013/09/13,0,40000,-245000,-205000
2013/09/16,0,278000,-95000,183000
2013/09/17,0,29000,-58000,-29000
2013/09/18,0,654000,-323000,331000
2013/09/19,0,0,0,0
2013/09/20,0,0,0,0
2013/09/23,0,36000,-82000,-46000
2013/09/24,0,58000,-28000,30000
2013/09/25,0,45000,-8000,37000
2013/09/26,0,21000,0,21000
2013/09/27,0,192000,-74000,118000
2013/09/30,0,94000,-221000,-127000
2013/10/01,0,159000,-172000,-13000
2013/10/02,0,148000,-36000,112000
2013/10/03,0,249000,-33000,216000
2013/10/04,0,73000,-24000,49000
2013/10/07,0,64000,-151000,-87000
2013/10/08,0,64000,-219000,-155000
2013/10/09,0,129000,-610000,-481000
2013/10/10,0,0,0,0
2013/10/11,0,103000,-208000,-105000
2013/10/14,0,90000,-91000,-1000
2013/10/15,0,45000,-26000,19000
2013/10/16,0,46000,-115000,-69000
2013/10/17,0,21000,-17000,4000
2013/10/18,0,21000,0,21000
2013/10/21,0,25000,-28000,-3000
2013/10/22,0,70000,-43000,27000
2013/10/23,0,35000,-75000,-40000
2013/10/24,0,77000,-80000,-3000
2013/10/25,0,59000,-82000,-23000
2013/10/28,0,5000,-121000,-116000
2013/10/29,0,52000,-253000,-201000
2013/10/30,0,35000,-106000,-71000
2013/10/31,0,60000,-157000,-97000
2013/11/01,0,61000,-253000,-192000
2013/11/04,0,249000,-178000,71000
2013/11/05,0,174000,-23000,151000
2013/11/06,0,75000,-53000,22000
2013/11/07,0,312000,-1246000,-934000
2013/11/08,0,125000,-128000,-3000
2013/11/11,0,103000,-37000,66000
2013/11/12,0,283000,-122000,161000
2013/11/13,0,205000,-32000,173000
2013/11/14,0,18000,-245000,-227000
2013/11/15,0,34000,-56000,-22000
2013/11/18,0,88000,-38000,50000
2013/11/19,0,19000,-3000,16000
2013/11/20,0,148000,-88000,60000
2013/11/21,0,210000,-341000,-131000
2013/11/22,0,294000,-25000,269000
2013/11/25,0,347000,-261000,86000
2013/11/26,0,41000,-175000,-134000
2013/11/27,0,0,-127000,-127000
2013/11/28,0,36000,-136000,-100000
2013/11/29,0,274000,-207000,67000
2013/12/02,0,238000,-151000,87000
2013/12/03,0,121000,-135000,-14000
2013/12/04,0,76000,-49000,27000
2013/12/05,0,7000,-22000,-15000
2013/12/06,0,47000,-4000,43000
2013/12/09,0,10000,-28000,-18000
2013/12/10,0,150000,-46000,104000
2013/12/11,0,41000,-12000,29000
2013/12/12,0,161000,-39000,122000
2013/12/13,0,73000,-9000,64000
2013/12/16,0,428000,-33000,395000
2013/12/17,0,45000,-155000,-110000
2013/12/18,0,66000,-137000,-71000
2013/12/19,0,25000,-9000,16000
2013/12/20,0,15000,-18000,-3000
2013/12/23,0,81000,-20000,61000
2013/12/24,0,12000,-5000,7000
2013/12/25,0,769000,-21000,748000
2013/12/26,0,35000,-615000,-580000
2013/12/27,0,9000,-45000,-36000
2013/12/30,0,115000,-26000,89000
2013/12/31,0,15000,-36000,-21000
2014/01/02,0,245000,-241000,4000
2014/01/03,0,775000,-267000,508000
2014/01/06,0,33000,-663000,-630000
2014/01/07,0,74000,-498000,-424000
2014/01/08,0,184000,-219000,-35000
2014/01/09,0,79000,-108000,-29000
2014/01/10,0,88000,-100000,-12000
2014/01/13,0,62000,-204000,-142000
2014/01/14,0,135000,-124000,11000
2014/01/15,0,53000,-49000,4000
2014/01/16,0,54002,-142000,-87998
2014/01/17,0,200000,-122000,78000
2014/01/20,0,89000,-289000,-200000
2014/01/21,0,142000,-171000,-29000
2014/01/22,0,210000,-64000,146000
2014/01/23,0,86000,-68000,18000
2014/01/24,0,34000,-16000,18000
2014/01/27,0,67000,-90000,-23000
2014/02/05,0,21000,-44000,-23000
2014/02/06,0,93000,-50000,43000
2014/02/07,0,62000,-10000,52000
2014/02/10,0,0,-59000,-59000
2014/02/11,0,2000,-17000,-15000
2014/02/12,0,51000,-135000,-84000
2014/02/13,0,130000,-169000,-39000
2014/02/14,0,11000,-153000,-142000
2014/02/17,0,2000,-9000,-7000
2014/02/18,0,9000,-26000,-17000
2014/02/19,0,88000,-170000,-82000
2014/02/20,0,46000,-76000,-30000
2014/02/21,0,35000,-158000,-123000
2014/02/24,0,82000,-123000,-41000
2014/02/25,0,172000,-170000,2000
2014/02/26,0,229000,-36000,193000
2014/02/27,0,45000,-235000,-190000
2014/03/03,0,1029000,-106000,923000
2014/03/04,0,165000,-198000,-33000
2014/03/05,0,191000,-77000,114000
2014/03/06,0,1018000,-239000,779000
2014/03/07,0,19000,-617000,-598000
2014/03/10,0,1154000,-98000,1056000
2014/03/11,0,1584000,-591000,993000
2014/03/12,0,184000,-1036000,-852000
2014/03/13,0,149000,-283000,-134000
2014/03/14,0,229000,-492000,-263000
2014/03/17,0,214000,-90000,124000
2014/03/18,0,192000,-209000,-17000
2014/03/19,0,814000,-157000,657000
2014/03/20,0,123000,-515000,-392000
2014/03/21,0,202000,-137000,65000
2014/03/24,0,2750000,-187000,2563000
2014/03/25,0,557000,-2053000,-1496000
2014/03/26,0,568000,-466000,102000
2014/03/27,0,235000,-418000,-183000
2014/03/28,0,244000,-814000,-570000
2014/03/31,0,197000,-195000,2000
2014/04/01,0,109000,-214000,-105000
2014/04/02,0,295000,-168000,127000
2014/04/03,0,1232000,-371000,861000
2014/04/07,0,3541000,-557000,2984000
2014/04/08,0,955000,-1126000,-171000
2014/04/09,0,373000,-2052000,-1679000
2014/04/10,0,269000,-403000,-134000
2014/04/11,0,213000,-654000,-441000
2014/04/14,0,67000,-109000,-42000
2014/04/15,0,84000,-258000,-174000
2014/04/16,0,160000,-305000,-145000
2014/04/17,0,1017000,-175000,842000
2014/04/18,0,151000,-886000,-735000
2014/04/21,0,51000,-118000,-67000
2014/04/22,0,544000,-470000,74000
2014/04/23,0,1492091,-119000,1373091
2014/04/24,0,107000,-630000,-523000
2014/04/25,0,184000,-940000,-756000
2014/04/28,0,186000,-329000,-143000
2014/04/29,0,746000,-141000,605000
2014/04/30,0,2196000,-1054000,1142000
2014/05/02,0,1091000,-525000,566000
2014/05/05,0,670000,-743000,-73000
2014/05/06,0,1375000,-162000,1213000
2014/05/07,0,194000,-999000,-805000
2014/05/08,0,204000,-578402,-374402
2014/05/09,0,180000,-598000,-418000
2014/05/12,0,166000,-220000,-54000
2014/05/13,0,243000,-356000,-113000
2014/05/14,0,202000,-80000,122000
2014/05/15,0,3728000,-92000,3636000
2014/05/16,0,442000,-2161000,-1719000
2014/05/19,0,40000,-571000,-531000
2014/05/20,0,127000,-307000,-180000
2014/05/21,0,81000,-510000,-429000
2014/05/22,0,317000,-465000,-148000
2014/05/23,0,758000,-341000,417000
2014/05/26,0,68000,-670000,-602000
2014/05/27,0,137000,-384000,-247000
2014/05/28,0,586000,-263000,323000
2014/05/29,0,988000,-483000,505000
2014/05/30,0,43000,-814000,-771000
2014/06/03,0,102000,-480000,-378000
2014/06/04,0,223000,-258000,-35000
2014/06/05,0,88000,-263000,-175000
2014/06/06,0,169000,-379000,-210000
2014/06/09,0,172000,-76000,96000
2014/06/10,0,207000,-140000,67000
2014/06/11,0,139000,-123000,16000
2014/06/12,0,335000,-179000,156000
2014/06/13,0,171000,-118000,53000
2014/06/16,0,548000,-182000,366000
2014/06/17,0,289000,-286000,3000
2014/06/18,0,313000,-516000,-203000
2014/06/19,0,318000,-271000,47000
2014/06/20,0,120000,-374000,-254000
2014/06/23,0,204000,-829000,-625000
2014/06/24,0,73000,-123000,-50000
2014/06/25,0,117000,-54000,63000
2014/06/26,0,170000,-18000,152000
2014/06/27,0,29000,-197000,-168000
2014/06/30,0,89000,-69000,20000
2014/07/01,0,341000,-69000,272000
2014/07/02,0,946000,-423000,523000
2014/07/03,0,117000,-455000,-338000
2014/07/04,0,15000,-319000,-304000
2014/07/07,0,430000,-66000,364000
2014/07/08,0,140000,-94000,46000
2014/07/09,0,149000,-149000,0
2014/07/10,0,316000,-107000,209000
2014/07/11,0,299000,-1126000,-827000
2014/07/14,0,324000,-108000,216000
2014/07/15,0,78000,-118000,-40000
2014/07/16,0,210000,-251000,-41000
2014/07/17,0,140070,-130000,10070
2014/07/18,0,220000,-133000,87000
2014/07/21,0,320000,-263000,57000
2014/07/22,0,677000,-73000,604000
2014/07/23,0,0,0,0
2014/07/24,0,2128000,-167000,1961000
2014/07/25,0,618000,-995000,-377000
2014/07/28,0,961000,-183000,778000
2014/07/29,0,1047998,-205000,842998
2014/07/30,0,111000,-1122000,-1011000
2014/07/31,0,185275,-548000,-362725
2014/08/01,0,145000,-176000,-31000
2014/08/04,0,572000,-200000,372000
2014/08/05,0,222000,-342000,-120000
2014/08/06,0,231000,-279000,-48000
2014/08/07,0,36000,-112000,-76000
2014/08/08,0,152000,-271000,-119000
2014/08/11,0,139000,-35000,104000
2014/08/12,0,173000,-31000,142000
2014/08/13,0,111000,-380000,-269000
2014/08/14,0,628000,-329000,299000
2014/08/15,0,255000,-140000,115000
2014/08/18,0,102000,-199000,-97000
2014/08/19,0,1457000,-477000,980000
2014/08/20,0,92000,-1086000,-994000
2014/08/21,0,1347000,-647000,700000
2014/08/22,0,355000,-796000,-441000
2014/08/25,0,106000,-134000,-28000
2014/08/26,0,1077000,-110000,967000
2014/08/27,0,710000,-772000,-62000
2014/08/28,0,272000,-520000,-248000
2014/08/29,0,475000,-191000,284000
2014/09/01,0,331000,-29000,302000
2014/09/02,0,932000,-426000,506000
2014/09/03,0,316000,-477343,-161343
2014/09/04,0,759000,-535000,224000
2014/09/05,0,170000,-224000,-54000
2014/09/09,0,192000,-137000,55000
2014/09/10,0,162000,-378000,-216000
2014/09/11,0,84000,-143000,-59000
2014/09/12,0,108000,-217000,-109000
2014/09/15,0,226000,-510000,-284000
2014/09/16,0,180000,-179000,1000
2014/09/17,0,318000,-615000,-297000
2014/09/18,0,2241000,-240000,2001000
2014/09/19,0,299000,-1073000,-774000
2014/09/22,0,244000,-789000,-545000
2014/09/23,0,96000,-82000,14000
2014/09/24,0,395000,-66119,328881
2014/09/25,0,379000,-314000,65000
2014/09/26,0,189000,-247000,-58000
2014/09/29,0,190000,-302000,-112000
2014/09/30,0,459000,-485000,-26000
2014/10/01,0,405000,-138000,267000
2014/10/02,0,211000,-158000,53000
2014/10/03,0,233000,-84000,149000
2014/10/06,0,44000,-92000,-48000
2014/10/07,0,46000,-475000,-429000
2014/10/08,0,62000,-503000,-441000
2014/10/09,0,147000,-1070000,-923000
2014/10/13,0,47000,-1310000,-1263000
2014/10/14,0,94207,-119000,-24793
2014/10/15,0,72000,-459000,-387000
2014/10/16,0,232000,-279000,-47000
2014/10/17,0,50000,-1459000,-1409000
2014/10/20,0,144000,-499000,-355000
2014/10/21,0,149000,-37000,112000
2014/10/22,0,434000,-250000,184000
2014/10/23,0,85000,-609000,-524000
2014/10/24,0,113000,-336000,-223000
2014/10/27,0,160000,-381000,-221000
2014/10/28,0,420000,-85000,335000
2014/10/29,0,2019000,-187000,1832000
2014/10/30,0,170000,-279000,-109000
2014/10/31,0,211000,-135000,76000
2014/11/03,0,306000,-97000,209000
2014/11/04,0,682000,-611000,71000
2014/11/05,0,176000,-461000,-285000
2014/11/06,0,651000,-799000,-148000
2014/11/07,0,84000,-2494000,-2410000
2014/11/10,0,171000,-142000,29000
2014/11/11,0,234000,-109000,125000
2014/11/12,0,159000,-232000,-73000
2014/11/13,0,104000,-99000,5000
2014/11/14,0,35000,-178000,-143000
2014/11/17,0,242000,-398000,-156000
2014/11/18,0,40000,-349000,-309000
2014/11/19,0,321000,-360000,-39000
2014/11/20,0,351000,-55000,296000
2014/11/21,0,194000,-201000,-7000
2014/11/24,0,327000,-73000,254000
2014/11/25,0,73000,-487000,-414000
2014/11/26,0,308000,-145000,163000
2014/11/27,0,905000,-83000,822000
2014/11/28,0,78000,-663000,-585000
2014/12/01,0,543000,-105000,438000
2014/12/02,0,1489000,-769504,719496
2014/12/03,0,668000,-1111000,-443000
2014/12/04,0,761000,-651000,110000
2014/12/05,0,498000,-514000,-16000
2014/12/08,0,355000,-193999,161001
2014/12/09,0,37000,-484000,-447000
2014/12/10,0,276000,-105000,171000
2014/12/11,0,260000,-274000,-14000
2014/12/12,0,66000,-83208,-17208
2014/12/15,0,27000,-490000,-463000
2014/12/16,0,276000,-168000,108000
2014/12/17,0,168000,-322000,-154000
2014/12/18,0,287000,-130000,157000
2014/12/19,0,39000,-248000,-209000
2014/12/22,0,99000,-1000,98000
2014/12/23,0,72000,-62000,10000
2014/12/24,0,36000,-132000,-96000
2014/12/25,0,11000,-70000,-59000
2014/12/26,0,26000,-181000,-155000
2014/12/29,0,47000,-295000,-248000
2014/12/30,0,708000,-76000,632000
2014/12/31,0,147000,-554000,-407000
2015/01/01,0,0,0,0
2015/01/02,0,0,0,0
2015/01/05,0,285000,-238000,47000
2015/01/06,0,19000,-372000,-353000
2015/01/07,0,222000,-128000,94000
2015/01/08,0,119000,-17000,102000
2015/01/09,0,119000,-63000,56000
2015/01/12,0,112000,-177000,-65000
2015/01/13,0,70000,-50000,20000
2015/01/14,0,101000,-104000,-3000
2015/01/15,0,52000,-76000,-24000
2015/01/16,0,72000,-70004,1996
2015/01/19,0,43000,-149000,-106000
2015/01/20,0,215000,-67000,148000
2015/01/21,0,90000,-489000,-399000
2015/01/22,0,71000,-26000,45000
2015/01/23,0,179000,-51000,128000
2015/01/26,0,434000,-127000,307000
2015/01/27,0,785000,-17000,768000
2015/01/28,0,630000,-904000,-274000
2015/01/29,0,89000,-571000,-482000
2015/01/30,0,86000,-115000,-29000
2015/02/02,0,32000,-197000,-165000
2015/02/03,0,135000,-121000,14000
2015/02/04,0,78000,-65000,13000
2015/02/05,0,56000,-164139,-108139
2015/02/06,0,72000,-165000,-93000
2015/02/09,0,40000,-124000,-84000
2015/02/10,0,111000,-96000,15000
2015/02/11,0,241000,-170000,71000
2015/02/12,0,81000,-141000,-60000
2015/02/13,0,34000,-485000,-451000
2015/02/16,0,0,0,0
2015/02/17,0,0,0,0
2015/02/18,0,0,0,0
2015/02/19,0,0,0,0
2015/02/20,0,0,0,0
2015/02/23,0,0,0,0
2015/02/24,0,309000,-148000,161000
2015/02/25,0,1837000,-211408,1625592
2015/02/26,0,84000,-761000,-677000
2015/02/27,0,0,0,0
2015/03/02,0,178000,-59000,119000
2015/03/03,0,306000,-159000,147000
2015/03/04,0,1235000,-420000,815000
2015/03/05,0,56000,-663000,-607000
2015/03/06,0,178792,-256000,-77208
2015/03/09,0,478000,-238000,240000
2015/03/10,0,93000,-576891,-483891
2015/03/11,0,73000,-214000,-141000
2015/03/12,0,15000,-75000,-60000
2015/03/13,0,209000,-14000,195000
2015/03/16,0,306000,-165000,141000
2015/03/17,0,88000,-397487,-309487
2015/03/18,0,173000,-268000,-95000
2015/03/19,0,342000,-56000,286000
2015/03/20,0,131000,-190000,-59000
2015/03/23,0,713000,-195000,518000
2015/03/24,0,460000,-536000,-76000
2015/03/25,0,454000,-311000,143000
2015/03/26,0,65000,-395000,-330000
2015/03/27,0,77000,-522000,-445000
2015/03/30,0,104000,-286000,-182000
2015/03/31,0,37000,-52000,-15000
2015/04/01,0,9000,-95000,-86000
2015/04/02,0,268000,-164000,104000
2015/04/03,0,0,0,0
2015/04/06,0,0,0,0
2015/04/07,0,84000,-85000,-1000
2015/04/08,0,110000,-75000,35000
2015/04/09,0,90000,-251000,-161000
2015/04/10,0,24000,-199000,-175000
2015/04/13,0,73000,-53000,20000
2015/04/14,0,86000,-55000,31000
2015/04/15,0,22000,-167000,-145000
2015/04/16,0,109000,-211000,-102000
2015/04/17,0,44000,-85000,-41000
2015/04/20,0,172000,-28000,144000
2015/04/21,0,27000,-189000,-162000
2015/04/22,0,3567000,-58000,3509000
2015/04/23,0,234000,-1415000,-1181000
2015/04/24,0,128000,-503000,-375000
2015/04/27,0,2866000,-1302000,1564000
2015/04/28,0,33000,-1239000,-1206000
2015/04/29,0,229000,-1047000,-818000
2015/04/30,0,714000,-284000,430000
2015/05/01,0,0,0,0
2015/05/04,0,701000,-469000,232000
2015/05/05,0,2290000,-301000,1989000
2015/05/06,0,1711000,-1286000,425000
2015/05/07,0,453249,-2711000,-2257751
2015/05/08,0,405000,-218000,187000
2015/05/11,0,575000,-413000,162000
2015/05/12,0,1506000,-412000,1094000
2015/05/13,0,427000,-933000,-506000
2015/05/14,0,144000,-890000,-746000
2015/05/15,0,440000,-379000,61000
2015/05/18,0,309000,-777000,-468000
2015/05/19,0,2586000,-409000,2177000
2015/05/20,0,462000,-1098000,-636000
2015/05/21,0,333000,-230000,103000
2015/05/22,0,572000,-885000,-313000
2015/05/25,0,125000,-271000,-146000
2015/05/26,0,170000,-659000,-489000
2015/05/27,0,260000,-669000,-409000
2015/05/28,0,1676000,-361000,1315000
2015/05/29,0,1984000,-593000,1391000
2015/06/01,0,462000,-621000,-159000
2015/06/02,0,841000,-786000,55000
2015/06/03,0,2729000,-999000,1730000
2015/06/04,0,706000,-2719000,-2013000
2015/06/05,0,781000,-1424000,-643000
2015/06/08,0,413000,-543000,-130000
2015/06/09,0,373000,-1465000,-1092000
2015/06/10,0,814000,-274000,540000
2015/06/11,0,676000,-524000,152000
2015/06/12,0,240000,-470000,-230000
2015/06/15,0,103000,-198000,-95000
2015/06/16,0,419000,-73000,346000
2015/06/17,0,855000,-553000,302000
2015/06/18,0,425000,-450000,-25000
2015/06/19,0,0,0,0
2015/06/22,0,300000,-673000,-373000
2015/06/23,0,424000,-529000,-105000
2015/06/24,0,156955,-190000,-33045
2015/06/25,0,1456000,-571000,885000
2015/06/26,0,233000,-941000,-708000
2015/06/29,0,152000,-339000,-187000
2015/06/30,0,412000,-894000,-482000
2015/07/01,0,77000,-266000,-189000
2015/07/02,0,147000,-55000,92000
2015/07/03,0,365000,-422000,-57000
2015/07/06,0,97000,-497000,-400000
2015/07/07,0,360000,-297000,63000
2015/07/08,0,219000,-984000,-765000
2015/07/09,0,568000,-446000,122000
2015/07/10,0,0,0,0
2015/07/13,0,133000,-607000,-474000
2015/07/14,0,207000,-590000,-383000
2015/07/15,0,589000,-479000,110000
2015/07/16,0,118000,-239000,-121000
2015/07/17,0,225000,-244000,-19000
2015/07/20,0,96000,-541000,-445000
2015/07/21,0,158000,-364000,-206000
2015/07/22,0,226000,-288000,-62000
2015/07/23,0,188000,-87000,101000
2015/07/24,0,358000,-73000,285000
2015/07/27,0,1410000,-602000,808000
2015/07/28,0,563000,-501000,62000
2015/07/29,0,756000,-958000,-202000
2015/07/30,0,346000,-361000,-15000
2015/07/31,0,121000,-193000,-72000
2015/08/03,0,161000,-176000,-15000
2015/08/04,0,123000,-215000,-92000
2015/08/05,0,155000,-76000,79000
2015/08/06,0,226000,-336000,-110000
2015/08/07,0,148000,-216000,-68000
2015/08/10,0,73000,-91000,-18000
2015/08/11,0,210000,-293000,-83000
2015/08/12,0,91000,-186000,-95000
2015/08/13,0,147000,-122000,25000
2015/08/14,0,267000,-69000,198000
2015/08/17,0,256000,-116000,140000
2015/08/18,0,102000,-100000,2000
2015/08/19,0,295000,-728000,-433000
2015/08/20,0,146000,-147000,-1000
2015/08/21,0,150000,-271000,-121000
2015/08/24,0,468000,-326000,142000
2015/08/25,0,356000,-142000,214000
2015/08/26,0,82000,-133000,-51000
2015/08/27,0,101000,-98000,3000
2015/08/28,0,89000,-39000,50000
2015/08/31,0,173000,-19000,154000
2015/09/01,0,103000,-122000,-19000
2015/09/02,0,75000,-111000,-36000
2015/09/03,0,271000,-45000,226000
2015/09/04,0,169000,-117000,52000
2015/09/07,0,78000,-77000,1000
2015/09/08,0,64000,-48000,16000
2015/09/09,0,701000,-40000,661000
2015/09/10,0,90000,-555000,-465000
2015/09/11,0,211000,-60000,151000
2015/09/14,0,51000,-150000,-99000
2015/09/15,0,28000,-44000,-16000
2015/09/16,0,1271000,-240000,1031000
2015/09/17,0,171000,-936000,-765000
2015/09/18,0,309000,-465000,-156000
2015/09/21,0,281000,-269000,12000
2015/09/22,0,25000,-307000,-282000
2015/09/23,0,23000,-207000,-184000
2015/09/24,0,93000,-287000,-194000
2015/09/25,0,127000,-130000,-3000
2015/09/28,0,0,0,0
2015/09/29,0,0,0,0
2015/09/30,0,471000,-120000,351000
2015/10/01,0,100000,-378000,-278000
2015/10/02,0,220000,-155000,65000
2015/10/05,0,127000,-233000,-106000
2015/10/06,0,114000,-75000,39000
2015/10/07,0,156000,-12000,144000
2015/10/08,0,33000,-161000,-128000
2015/10/09,0,0,0,0
2015/10/12,0,1170000,-65000,1105000
2015/10/13,0,279000,-668000,-389000
2015/10/14,0,73000,-301000,-228000
2015/10/15,0,1284000,-285000,999000
2015/10/16,0,48000,-715000,-667000
2015/10/19,0,70000,-571000,-501000
2015/10/20,0,625000,-93000,532000
2015/10/21,0,174000,-643000,-469000
2015/10/22,0,204000,-158000,46000
2015/10/23,0,440000,-177000,263000
2015/10/26,0,284000,-303000,-19000
2015/10/27,0,727000,-319000,408000
2015/10/28,0,880000,-665000,215000
2015/10/29,0,1251000,-1040000,211000
2015/10/30,0,1160000,-1426000,-266000
2015/11/02,0,232000,-981000,-749000
2015/11/03,0,255000,-210000,45000
2015/11/04,0,283000,-621000,-338000
2015/11/05,0,99000,-311000,-212000
2015/11/06,0,972000,-349000,623000
2015/11/09,0,146000,-717000,-571000
2015/11/10,0,116000,-80000,36000
2015/11/11,0,246000,-326000,-80000
2015/11/12,0,118000,-171000,-53000
2015/11/13,0,207000,-122000,85000
2015/11/16,0,217000,-192000,25000
2015/11/17,0,310000,-151000,159000
2015/11/18,0,126000,-165000,-39000
2015/11/19,0,179000,-90000,89000
2015/11/20,0,305000,-91000,214000
2015/11/23,0,81000,-163000,-82000
2015/11/24,0,60000,-169000,-109000
2015/11/25,0,18000,-38000,-20000
2015/11/26,0,863000,-51000,812000
2015/11/27,0,161000,-512000,-351000
2015/11/30,0,130000,-414000,-284000
2015/12/01,0,225000,-120000,105000
2015/12/02,0,71000,-170000,-99000
2015/12/03,0,97000,-119000,-22000
2015/12/04,0,35000,-140000,-105000
2015/12/07,0,421000,-69000,352000
2015/12/08,0,49000,-281000,-232000
2015/12/09,0,58000,-91000,-33000
2015/12/10,0,51000,-204000,-153000
2015/12/11,0,133000,-281000,-148000
2015/12/14,0,180000,-218000,-38000
2015/12/15,0,165000,-119000,46000
2015/12/16,0,108000,-72000,36000
2015/12/17,0,94000,-36000,58000
2015/12/18,0,30000,-72000,-42000
2015/12/21,0,237000,-203000,34000
2015/12/22,0,255000,-57000,198000
2015/12/23,0,88000,-137000,-49000
2015/12/24,0,8000,-67000,-59000
2015/12/25,0,15000,-15000,0
2015/12/28,0,46000,-73000,-27000
2015/12/29,0,319000,-91000,228000
2015/12/30,0,170000,-294000,-124000
2015/12/31,0,22000,-82000,-60000
2016/01/01,0,0,0,0
2016/01/04,0,29000,-38000,-9000
2016/01/05,0,43000,-22000,21000
2016/01/06,0,149000,-53000,96000
2016/01/07,0,94000,-84000,10000
2016/01/08,0,151000,-72000,79000
2016/01/11,0,97000,-120000,-23000
2016/01/12,0,121000,-103000,18000
2016/01/13,0,93000,-104000,-11000
2016/01/14,0,51000,-34000,17000
2016/01/15,0,218000,-71000,147000
2016/01/18,0,247000,-234000,13000
2016/01/19,0,16000,-114000,-98000
2016/01/20,0,70000,-190581,-120581
2016/01/21,0,80000,-69000,11000
2016/01/22,0,37000,-113000,-76000
2016/01/25,0,365000,-36000,329000
2016/01/26,0,27000,-195000,-168000
2016/01/27,0,26000,-61000,-35000
2016/01/28,0,33585,-130000,-96415
2016/01/29,0,229000,-19000,210000
2016/02/01,0,82000,-64000,18000
2016/02/02,0,226000,-69000,157000
2016/02/03,0,145000,-506000,-361000
2016/02/04,0,0,0,0
2016/02/05,0,0,0,0
2016/02/08,0,0,0,0
2016/02/09,0,0,0,0
2016/02/10,0,0,0,0
2016/02/11,0,0,0,0
2016/02/12,0,0,0,0
2016/02/15,0,484000,-171000,313000
2016/02/16,0,274000,-380000,-106000
2016/02/17,0,460000,-253000,207000
2016/02/18,0,519000,-270000,249000
2016/02/19,0,38000,-545000,-507000
2016/02/22,0,20000,-176000,-156000
2016/02/23,0,10000,-87000,-77000
2016/02/24,0,256000,-53000,203000
2016/02/25,0,45000,-200000,-155000
2016/02/26,0,148000,-38000,110000
2016/02/29,0,0,0,0
2016/03/01,0,140000,-15000,125000
2016/03/02,0,3000,-83000,-80000
2016/03/03,0,18000,-109000,-91000
2016/03/04,0,28000,-54000,-26000
2016/03/07,0,72000,-45000,27000
2016/03/08,0,95000,-38000,57000
2016/03/09,0,54000,-188000,-134000
2016/03/10,0,45000,-27000,18000
2016/03/11,0,65000,-28000,37000
2016/03/14,0,35000,-48000,-13000
2016/03/15,0,99000,-142000,-43000
2016/03/16,0,50000,-72000,-22000
2016/03/17,0,329000,-17000,312000
2016/03/18,0,169000,-160000,9000
2016/03/21,0,57000,-54000,3000
2016/03/22,0,64000,-118000,-54000
2016/03/23,0,11000,-42000,-31000
2016/03/24,0,10999,-8000,2999
2016/03/25,0,30000,-23000,7000
2016/03/28,0,236000,-15000,221000
2016/03/29,0,85000,-190000,-105000
2016/03/30,0,97000,-13000,84000
2016/03/31,0,92000,-14000,78000
2016/04/01,0,51000,-189000,-138000
2016/04/04,0,0,0,0
2016/04/05,0,0,0,0
2016/04/06,0,140000,-249000,-109000
2016/04/07,0,88000,-158000,-70000
2016/04/08,0,63000,-32000,31000
2016/04/11,0,25000,-138000,-113000
2016/04/12,0,6000,-158000,-152000
2016/04/13,0,90000,-117000,-27000
2016/04/14,0,33000,-89000,-56000
2016/04/15,0,127000,-30000,97000
2016/04/18,0,3000,-47000,-44000
2016/04/19,0,97000,-101000,-4000
2016/04/20,0,87000,-200000,-113000
2016/04/21,0,52000,-209000,-157000
2016/04/22,0,58000,-47000,11000
2016/04/25,0,40000,-12000,28000
2016/04/26,0,147001,-30000,117001
2016/04/27,0,55000,-126000,-71000
2016/04/28,0,52000,-144000,-92000
2016/04/29,0,132000,-54000,78000
2016/05/02,0,0,0,0
2016/05/03,0,93000,-70000,23000
2016/05/04,0,536000,-67000,469000
2016/05/05,0,171000,-287000,-116000
2016/05/06,0,196000,-74000,122000
2016/05/09,0,243000,-43000,200000
2016/05/10,0,414000,-216000,198000
2016/05/11,0,78000,-53000,25000
2016/05/12,0,72000,-75000,-3000
2016/05/13,0,175000,-115000,60000
2016/05/16,0,13000,-19000,-6000
2016/05/17,0,38000,-52000,-14000
2016/05/18,0,116000,-55000,61000
2016/05/19,0,13000,-62000,-49000
2016/05/20,0,24000,-36000,-12000
2016/05/23,0,122000,-35000,87000
2016/05/24,0,129000,-47000,82000
2016/05/25,0,102000,-49000,53000
2016/05/26,0,74000,-113000,-39000
2016/05/27,0,38000,-87000,-49000
2016/05/30,0,133000,-78000,55000
2016/05/31,0,17000,-197000,-180000
2016/06/01,0,49000,-53000,-4000
2016/06/02,0,61000,-98000,-37000
2016/06/03,0,4000,-51000,-47000
2016/06/06,0,121000,-21000,100000
2016/06/07,0,71000,-168000,-97000
2016/06/08,0,87000,-117000,-30000
2016/06/09,0,0,0,0
2016/06/10,0,0,0,0
2016/06/13,0,28000,-96000,-68000
2016/06/14,0,202000,-72000,130000
2016/06/15,0,64000,-151000,-87000
2016/06/16,0,123000,-92000,31000
2016/06/17,0,130000,-67000,63000
2016/06/20,0,18000,-124000,-106000
2016/06/21,0,190149,-17000,173149
2016/06/22,0,241000,-62000,179000
2016/06/23,0,1589990,-98000,1491990
2016/06/24,0,56000,-1549000,-1493000
2016/06/27,0,6000,-86000,-80000
2016/06/28,0,173000,-65000,108000
2016/06/29,0,22000,-326000,-304000
2016/06/30,0,9000,-574000,-565000
2016/07/01,0,15000,-52000,-37000
2016/07/04,0,22000,-66000,-44000
2016/07/05,0,39000,-58000,-19000
2016/07/06,0,114000,-31000,83000
2016/07/07,0,28000,-138000,-110000
2016/07/08,0,0,0,0
2016/07/11,0,150000,-458000,-308000
2016/07/12,0,10000,-115000,-105000
2016/07/13,0,327000,-429000,-102000
2016/07/14,0,22000,-162000,-140000
2016/07/15,0,41000,-167000,-126000
2016/07/18,0,6000,-142000,-136000
2016/07/19,0,8000,-41000,-33000
2016/07/20,0,43000,-72000,-29000
2016/07/21,0,321000,-156000,165000
2016/07/22,0,58000,-295000,-237000
2016/07/25,0,101000,-66000,35000
2016/07/26,0,217861,-177000,40861
2016/07/27,0,828000,-246000,582000
2016/07/28,0,342000,-807000,-465000
2016/07/29,0,28000,-380000,-352000
2016/08/01,0,184000,-158000,26000
2016/08/02,0,47000,-220000,-173000
2016/08/03,0,87000,-82000,5000
2016/08/04,0,53000,-163000,-110000
2016/08/05,0,27000,-44000,-17000
2016/08/08,0,24000,-39000,-15000
2016/08/09,0,36000,-133000,-97000
2016/08/10,0,31000,-47000,-16000
2016/08/11,0,30000,-385000,-355000
2016/08/12,0,148000,-55000,93000
2016/08/15,0,144000,-132000,12000
2016/08/16,0,187000,-114000,73000
2016/08/17,0,105000,-237000,-132000
2016/08/18,0,110000,-167000,-57000
2016/08/19,0,19000,-159000,-140000
2016/08/22,0,11000,-80000,-69000
2016/08/23,0,23000,-41000,-18000
2016/08/24,0,14000,-23000,-9000
2016/08/25,0,82000,-38000,44000
2016/08/26,0,13000,-76000,-63000
2016/08/29,0,30000,-22000,8000
2016/08/30,0,116000,-94000,22000
2016/08/31,0,22000,-58000,-36000
2016/09/01,0,18000,-28000,-10000
2016/09/02,0,29000,-65000,-36000
2016/09/05,0,29000,-16000,13000
2016/09/06,0,115000,-32000,83000
2016/09/07,0,53000,-82000,-29000
2016/09/08,0,37000,-59000,-22000
2016/09/09,0,63000,-26000,37000
2016/09/12,0,27000,-49000,-22000
2016/09/13,0,77000,-38000,39000
2016/09/14,0,72000,-53000,19000
2016/09/15,0,0,0,0
2016/09/16,0,0,0,0
2016/09/19,0,97000,-12000,85000
2016/09/20,0,23000,-78000,-55000
2016/09/21,0,15000,-71000,-56000
2016/09/22,0,31000,-31000,0
2016/09/23,0,18000,-80000,-62000
2016/09/26,0,25000,-18000,7000
2016/09/27,0,0,0,0
2016/09/28,0,0,0,0
2016/09/29,0,78000,-34000,44000
2016/09/30,0,14000,-75000,-61000
2016/10/03,0,269000,-23000,246000
2016/10/04,0,76000,-170000,-94000
2016/10/05,0,25000,-63000,-38000
2016/10/06,0,314000,-16000,298000
2016/10/07,0,40000,-286000,-246000
2016/10/10,0,0,0,0
2016/10/11,0,39000,-43000,-4000
2016/10/12,0,71000,-20000,51000
2016/10/13,0,53000,-32000,21000
2016/10/14,0,38000,-56000,-18000
2016/10/17,0,42000,-80000,-38000
2016/10/18,0,20000,-14000,6000
2016/10/19,0,127000,-22000,105000
2016/10/20,0,573000,-96000,477000
2016/10/21,0,453000,-347000,106000
2016/10/24,0,496000,-151000,345000
2016/10/25,0,693000,-55000,638000
2016/10/26,0,323000,-406000,-83000
2016/10/27,0,205000,-279000,-74000
2016/10/28,0,108000,-86000,22000
2016/10/31,0,163000,-83000,80000
2016/11/01,0,49000,-54000,-5000
2016/11/02,0,98000,-84000,14000
2016/11/03,0,125000,-38000,87000
2016/11/04,0,81000,-22000,59000
2016/11/07,0,190000,-46000,144000
2016/11/08,0,44000,-181000,-137000
2016/11/09,0,182000,-469000,-287000
2016/11/10,0,60000,-113000,-53000
2016/11/11,0,165000,-733000,-568000
2016/11/14,0,114000,-234000,-120000
2016/11/15,0,101000,-34000,67000
2016/11/16,0,61000,-64000,-3000
2016/11/17,0,111000,-113000,-2000
2016/11/18,0,40000,-45000,-5000
2016/11/21,0,25000,-74000,-49000
2016/11/22,0,172000,-75000,97000
2016/11/23,0,59000,-40000,19000
2016/11/24,0,59000,-48000,11000
2016/11/25,0,119000,-84000,35000
2016/11/28,0,50000,-77796,-27796
2016/11/29,0,81000,-38000,43000
2016/11/30,0,41000,-37000,4000
2016/12/01,0,163000,-116000,47000
2016/12/02,0,42000,-143000,-101000
2016/12/05,0,94000,-83000,11000
2016/12/06,0,88000,-157000,-69000
2016/12/07,0,139000,-42000,97000
2016/12/08,0,1118000,-167000,951000
2016/12/09,0,75000,-625000,-550000
2016/12/12,0,125000,-113000,12000
2016/12/13,0,53304,-88000,-34696
2016/12/14,0,249000,-65000,184000
2016/12/15,0,47000,-144000,-97000
2016/12/16,0,83000,-39000,44000
2016/12/19,0,35000,-31000,4000
2016/12/20,0,69000,-51000,18000
2016/12/21,0,295000,-78000,217000
2016/12/22,0,75000,-228000,-153000
2016/12/23,0,74000,-113000,-39000
2016/12/26,0,93000,-40000,53000
2016/12/27,0,20000,-27000,-7000
2016/12/28,0,30000,-6000,24000
2016/12/29,0,122000,-17000,105000
2016/12/30,0,95000,-193000,-98000
2017/01/02,0,0,0,0
2017/01/03,0,115208,-12000,103208
2017/01/04,0,55000,-37000,18000
2017/01/05,0,119000,-30000,89000
2017/01/06,0,17000,-112000,-95000
2017/01/09,0,314000,-184000,130000
2017/01/10,0,65488,-309000,-243512
2017/01/11,0,29000,-26000,3000
2017/01/12,0,148000,-41000,107000
2017/01/13,0,22000,-391000,-369000
2017/01/16,0,31000,-66000,-35000
2017/01/17,0,45000,-44000,1000
2017/01/18,0,59000,-79000,-20000
2017/01/19,0,97000,-124000,-27000
2017/01/20,0,24000,-170000,-146000
2017/01/23,0,43000,-31000,12000
2017/01/24,0,488000,-109000,379000
2017/01/25,0,0,0,0
2017/01/26,0,0,0,0
2017/01/27,0,0,0,0
2017/01/30,0,0,0,0
2017/01/31,0,0,0,0
2017/02/01,0,0,0,0
2017/02/02,0,117000,-79000,38000
2017/02/03,0,664000,-245000,419000
2017/02/06,0,111000,-253000,-142000
2017/02/07,0,205000,-254000,-49000
2017/02/08,0,270000,-157000,113000
2017/02/09,0,52000,-49000,3000
2017/02/10,0,158000,-43000,115000
2017/02/13,0,138000,-121000,17000
2017/02/14,0,168000,-163000,5000
2017/02/15,0,498000,-95000,403000
2017/02/16,0,553000,-373000,180000
2017/02/17,0,102000,-60000,42000
2017/02/20,0,8000,-49000,-41000
2017/02/21,0,249000,-26000,223000
2017/02/22,0,90000,-191000,-101000
2017/02/23,0,142000,-95000,47000
2017/02/24,0,19000,-132000,-113000
2017/02/27,0,0,0,0
2017/02/28,0,0,0,0
2017/03/01,0,101000,-19000,82000
2017/03/02,0,29000,-102000,-73000
2017/03/03,0,15000,-37000,-22000
2017/03/06,0,19000,-6000,13000
2017/03/07,0,93699,-11000,82699
2017/03/08,0,63000,-116000,-53000
2017/03/09,0,68000,-105000,-37000
2017/03/10,0,104000,-25000,79000
2017/03/13,0,53000,-82000,-29000
2017/03/14,0,31000,-41000,-10000
2017/03/15,0,96000,-45699,50301
2017/03/16,0,148000,-25000,123000
2017/03/17,0,24000,-51000,-27000
2017/03/20,0,192000,-64000,128000
2017/03/21,0,15000,-209000,-194000
2017/03/22,0,19000,-56000,-37000
2017/03/23,0,28000,-49000,-21000
2017/03/24,0,41000,-26000,15000
2017/03/27,0,4000,0,4000
2017/03/28,0,50000,-42000,8000
2017/03/29,0,16000,-18000,-2000
2017/03/30,0,141000,-221000,-80000
2017/03/31,0,2000,-64000,-62000
2017/04/03,0,0,0,0
2017/04/04,0,0,0,0
2017/04/05,0,49000,-35000,14000
2017/04/06,0,32000,-44000,-12000
2017/04/07,0,20000,-7000,13000
2017/04/10,0,29000,-15000,14000
2017/04/11,0,98000,-81000,17000
2017/04/12,0,19000,-101000,-82000
2017/04/13,0,64000,-40000,24000
2017/04/14,0,47000,-58000,-11000
2017/04/17,0,145000,-43000,102000
2017/04/18,0,98000,-30000,68000
2017/04/19,0,45000,-135000,-90000
2017/04/20,0,85000,-9000,76000
2017/04/21,0,38000,-30000,8000
2017/04/24,0,36000,-23000,13000
2017/04/25,0,222000,-28000,194000
2017/04/26,0,798000,-158000,640000
2017/04/27,0,167000,-494000,-327000
2017/04/28,0,95000,-598000,-503000
2017/05/01,0,0,0,0
2017/05/02,0,30000,-85000,-55000
2017/05/03,0,167000,-112000,55000
2017/05/04,0,51000,-110000,-59000
2017/05/05,0,7000,-62000,-55000
2017/05/08,0,10000,-80000,-70000
2017/05/09,0,20000,-31934,-11934
2017/05/10,0,21000,-85000,-64000
2017/05/11,0,1000,-42000,-41000
2017/05/12,0,38000,-37000,1000
2017/05/15,0,16000,-26000,-10000
2017/05/16,0,38000,-41000,-3000
2017/05/17,0,29000,-81000,-52000
2017/05/18,0,17000,-36000,-19000
2017/05/19,0,8000,-9000,-1000
2017/05/22,0,127000,-25000,102000
2017/05/23,0,64000,-49000,15000
2017/05/24,0,93000,-39000,54000
2017/05/25,0,37000,-31000,6000
2017/05/26,0,125000,-73000,52000
2017/05/29,0,0,0,0
2017/05/30,0,0,0,0
2017/05/31,0,33000,-61000,-28000
2017/06/01,0,26000,-23000,3000
2017/06/02,0,58000,0,58000
2017/06/05,0,70000,-24000,46000
2017/06/06,0,115000,-23654,91346
2017/06/07,0,20000,-58000,-38000
2017/06/08,0,19000,-30000,-11000
2017/06/09,0,1000,-36000,-35000
2017/06/12,0,25000,-43000,-18000
2017/06/13,0,18000,-80000,-62000
2017/06/14,0,125000,-239396,-114396
2017/06/15,0,14000,-5000,9000
2017/06/16,0,21000,-16000,5000
2017/06/19,0,190000,-35000,155000
2017/06/20,0,412000,-120000,292000
2017/06/21,0,145000,-117000,28000
2017/06/22,0,136000,-78000,58000
2017/06/23,0,77000,-140000,-63000
2017/06/26,0,39000,-90000,-51000
2017/06/27,0,98000,-86000,12000
2017/06/28,0,37000,-143000,-106000
2017/06/29,0,16000,-52000,-36000
2017/06/30,0,18000,-32000,-14000
2017/07/03,0,25000,-10979,14021
2017/07/04,0,30000,-20000,10000
2017/07/05,0,70000,-14000,56000
2017/07/06,0,38000,-15000,23000
2017/07/07,0,27000,-66000,-39000
2017/07/10,0,66000,-34000,32000
2017/07/11,0,399000,-53000,346000
2017/07/12,0,235000,-609000,-374000
2017/07/13,0,66000,-285000,-219000
2017/07/14,0,74000,-81000,-7000
2017/07/17,0,26000,-16000,10000
2017/07/18,0,42000,-34000,8000
2017/07/19,0,386000,-51000,335000
2017/07/20,0,95000,-60000,35000
2017/07/21,0,30000,-17000,13000
2017/07/24,0,357000,-172000,185000
2017/07/25,0,203000,-48000,155000
2017/07/26,0,489000,-898000,-409000
2017/07/27,0,122000,-85000,37000
2017/07/28,0,62000,-343000,-281000
2017/07/31,0,753000,-840000,-87000
2017/08/01,0,21000,-330000,-309000
2017/08/02,0,51000,-215000,-164000
2017/08/03,0,35000,-132000,-97000
2017/08/04,0,18000,-21000,-3000
2017/08/07,0,39000,-14000,25000
2017/08/08,0,43000,-38000,5000
2017/08/09,0,18000,-49000,-31000
2017/08/10,0,50000,-66000,-16000
2017/08/11,0,21000,-15000,6000
2017/08/14,0,26000,-28000,-2000
2017/08/15,0,74000,-29000,45000
2017/08/16,0,97000,-233000,-136000
2017/08/17,0,67000,-87000,-20000
2017/08/18,0,21000,-29000,-8000
