Date,Open,Buy,Sell,Total
2007/01/02,0,0,0,0
2007/01/03,0,0,0,0
2007/01/04,0,442000,0,442000
2007/01/05,0,0,-76000,-76000
2007/01/08,0,0,-14000,-14000
2007/01/09,0,48000,0,48000
2007/01/10,0,2000,-10000,-8000
2007/01/11,0,1000,-1708000,-1707000
2007/01/12,0,23000,0,23000
2007/01/15,0,0,-1000,-1000
2007/01/16,0,0,-26000,-26000
2007/01/17,0,10000,0,10000
2007/01/18,0,0,0,0
2007/01/19,0,5000,0,5000
2007/01/22,0,0,0,0
2007/01/23,0,0,0,0
2007/01/24,0,0,0,0
2007/01/25,0,0,-166000,-166000
2007/01/26,0,0,-9000,-9000
2007/01/29,0,0,-44000,-44000
2007/01/30,0,1000,-33000,-32000
2007/01/31,0,3000,0,3000
2007/02/01,0,1000,-1000,0
2007/02/02,0,1000,0,1000
2007/02/05,0,63000,0,63000
2007/02/06,0,0,0,0
2007/02/07,0,21000,-189000,-168000
2007/02/08,0,3000,-21000,-18000
2007/02/09,0,0,-3000,-3000
2007/02/12,0,0,-5000,-5000
2007/02/13,0,0,0,0
2007/02/14,0,0,0,0
2007/02/15,0,0,0,0
2007/02/16,0,0,0,0
2007/02/19,0,0,0,0
2007/02/20,0,0,0,0
2007/02/21,0,0,0,0
2007/02/22,0,0,0,0
2007/02/23,0,0,0,0
2007/02/26,0,1000,0,1000
2007/02/27,0,0,0,0
2007/02/28,0,0,0,0
2007/03/01,0,10000,-63000,-53000
2007/03/02,0,0,-1000,-1000
2007/03/05,0,0,-2088000,-2088000
2007/03/06,0,0,0,0
2007/03/07,0,0,0,0
2007/03/08,0,0,0,0
2007/03/09,0,0,0,0
2007/03/12,0,0,0,0
2007/03/13,0,20000,0,20000
2007/03/14,0,0,0,0
2007/03/15,0,0,-20000,-20000
2007/03/16,0,13000,-6000,7000
2007/03/19,0,0,-1000,-1000
2007/03/20,0,0,-1000,-1000
2007/03/21,0,0,0,0
2007/03/22,0,0,0,0
2007/03/23,0,4000,0,4000
2007/03/26,0,1000,0,1000
2007/03/27,0,2000,0,2000
2007/03/28,0,0,-12000,-12000
2007/03/29,0,0,0,0
2007/03/30,0,0,0,0
2007/04/02,0,0,-806000,-806000
2007/04/03,0,9000,0,9000
2007/04/04,0,2000,0,2000
2007/04/05,0,0,0,0
2007/04/06,0,0,0,0
2007/04/09,0,0,0,0
2007/04/10,0,1000,0,1000
2007/04/11,0,0,-7000,-7000
2007/04/12,0,0,-1000,-1000
2007/04/13,0,0,-3000,-3000
2007/04/16,0,0,0,0
2007/04/17,0,3000,0,3000
2007/04/18,0,0,0,0
2007/04/19,0,0,-4000,-4000
2007/04/20,0,18000,-325000,-307000
2007/04/23,0,0,-3000,-3000
2007/04/24,0,0,-1000,-1000
2007/04/25,0,0,-5000,-5000
2007/04/26,0,0,0,0
2007/04/27,0,0,0,0
2007/04/30,0,8000,-9000,-1000
2007/05/01,0,0,0,0
2007/05/02,0,8000,-8000,0
2007/05/03,0,6000,0,6000
2007/05/04,0,3000,0,3000
2007/05/07,0,2000,0,2000
2007/05/08,0,1000,0,1000
2007/05/09,0,0,-1000,-1000
2007/05/10,0,10000,-12000,-2000
2007/05/11,0,1000,-1000,0
2007/05/14,0,0,-5000,-5000
2007/05/15,0,0,-1000,-1000
2007/05/16,0,0,0,0
2007/05/17,0,0,0,0
2007/05/18,0,0,-7000,-7000
2007/05/21,0,0,-1000,-1000
2007/05/22,0,0,0,0
2007/05/23,0,0,0,0
2007/05/24,0,4000,0,4000
2007/05/25,0,6000,-1000,5000
2007/05/28,0,1000,-10000,-9000
2007/05/29,0,0,0,0
2007/05/30,0,51000,-3000,48000
2007/05/31,0,10000,0,10000
2007/06/01,0,0,-10000,-10000
2007/06/04,0,0,0,0
2007/06/05,0,0,0,0
2007/06/06,0,0,0,0
2007/06/07,0,0,0,0
2007/06/08,0,0,0,0
2007/06/11,0,1000,0,1000
2007/06/12,0,8000,-1000,7000
2007/06/13,0,0,0,0
2007/06/14,0,0,-8000,-8000
2007/06/15,0,0,0,0
2007/06/18,0,0,0,0
2007/06/19,0,0,0,0
2007/06/20,0,39000,0,39000
2007/06/21,0,7000,0,7000
2007/06/22,0,11000,0,11000
2007/06/25,0,10000,-132000,-122000
2007/06/26,0,5000,-164000,-159000
2007/06/27,0,0,-11000,-11000
2007/06/28,0,2000,0,2000
2007/06/29,0,77000,0,77000
2007/07/02,0,11000,0,11000
2007/07/03,0,16000,-11000,5000
2007/07/04,0,27000,-18000,9000
2007/07/05,0,0,-17000,-17000
2007/07/06,0,6000,0,6000
2007/07/09,0,19000,-1000,18000
2007/07/10,0,4000,-20000,-16000
2007/07/11,0,0,-39000,-39000
2007/07/12,0,0,0,0
2007/07/13,0,7000,-4000,3000
2007/07/16,0,0,-7000,-7000
2007/07/17,0,0,0,0
2007/07/18,0,66000,0,66000
2007/07/19,0,0,-18000,-18000
2007/07/20,0,23000,-23000,0
2007/07/23,0,0,-24000,-24000
2007/07/24,0,0,-1000,-1000
2007/07/25,0,87000,0,87000
2007/07/26,0,3000,-30000,-27000
2007/07/27,0,24000,-10000,14000
2007/07/30,0,0,-26000,-26000
2007/07/31,0,27000,-20000,7000
2007/08/01,0,19000,-114000,-95000
2007/08/02,0,4000,-12000,-8000
2007/08/03,0,0,-4000,-4000
2007/08/06,0,13000,0,13000
2007/08/07,0,0,-7000,-7000
2007/08/08,0,1000,0,1000
2007/08/09,0,3000,-1000,2000
2007/08/10,0,14000,-2000,12000
2007/08/13,0,3000,0,3000
2007/08/14,0,17000,0,17000
2007/08/15,0,0,-36000,-36000
2007/08/16,0,2000,-57000,-55000
2007/08/17,0,3000,-11000,-8000
2007/08/20,0,13000,-2000,11000
2007/08/21,0,0,-5000,-5000
2007/08/22,0,0,0,0
2007/08/23,0,2000,-9000,-7000
2007/08/24,0,0,-2000,-2000
2007/08/27,0,0,0,0
2007/08/28,0,0,0,0
2007/08/29,0,47000,0,47000
2007/08/30,0,0,0,0
2007/08/31,0,0,-3000,-3000
2007/09/03,0,143000,0,143000
2007/09/04,0,100000,0,100000
2007/09/05,0,0,-13000,-13000
2007/09/06,0,200000,-7000,193000
2007/09/07,0,0,0,0
2007/09/10,0,28000,-33000,-5000
2007/09/11,0,0,0,0
2007/09/12,0,0,-1000,-1000
2007/09/13,0,11000,-9000,2000
2007/09/14,0,0,0,0
2007/09/17,0,0,0,0
2007/09/18,0,0,0,0
2007/09/19,0,0,0,0
2007/09/20,0,300000,0,300000
2007/09/21,0,306000,0,306000
2007/09/24,0,0,0,0
2007/09/25,0,0,0,0
2007/09/26,0,0,0,0
2007/09/27,0,200000,-6000,194000
2007/09/28,0,4000,0,4000
2007/10/01,0,0,0,0
2007/10/02,0,1000,0,1000
2007/10/03,0,5000,-1000,4000
2007/10/04,0,27000,-28000,-1000
2007/10/05,0,0,0,0
2007/10/08,0,0,0,0
2007/10/09,0,1000,-6000,-5000
2007/10/10,0,0,0,0
2007/10/11,0,0,0,0
2007/10/12,0,2000,0,2000
2007/10/15,0,63000,0,63000
2007/10/16,0,7000,0,7000
2007/10/17,0,0,-15000,-15000
2007/10/18,0,219000,-8000,211000
2007/10/19,0,0,-2000,-2000
2007/10/22,0,1000,-4000,-3000
2007/10/23,0,0,-4000,-4000
2007/10/24,0,2000,-35000,-33000
2007/10/25,0,7000,-6000,1000
2007/10/26,0,7000,-7000,0
2007/10/29,0,7000,-7000,0
2007/10/30,0,21000,-6000,15000
2007/10/31,0,0,-6000,-6000
2007/11/01,0,7000,-4000,3000
2007/11/02,0,0,-7000,-7000
2007/11/05,0,9000,0,9000
2007/11/06,0,0,-9000,-9000
2007/11/07,0,0,0,0
2007/11/08,0,2000,-4000,-2000
2007/11/09,0,3000,-2000,1000
2007/11/12,0,217000,0,217000
2007/11/13,0,43000,-15000,28000
2007/11/14,0,2000,-43000,-41000
2007/11/15,0,0,-19000,-19000
2007/11/16,0,4000,0,4000
2007/11/19,0,0,-3000,-3000
2007/11/20,0,5000,-1000,4000
2007/11/21,0,2000,-17000,-15000
2007/11/22,0,0,-2000,-2000
2007/11/23,0,101000,0,101000
2007/11/26,0,1000,-1000,0
2007/11/27,0,21000,-1000,20000
2007/11/28,0,0,-21000,-21000
2007/11/29,0,0,0,0
2007/11/30,0,18000,0,18000
2007/12/03,0,0,0,0
2007/12/04,0,0,0,0
2007/12/05,0,0,0,0
2007/12/06,0,0,0,0
2007/12/07,0,8000,-13000,-5000
2007/12/10,0,0,-5000,-5000
2007/12/11,0,13000,-8000,5000
2007/12/12,0,0,-13000,-13000
2007/12/13,0,209000,0,209000
2007/12/14,0,219000,-9000,210000
2007/12/17,0,16000,-7000,9000
2007/12/18,0,53000,-91000,-38000
2007/12/19,0,12000,-13000,-1000
2007/12/20,0,0,-67000,-67000
2007/12/21,0,0,0,0
2007/12/24,0,4000,0,4000
2007/12/25,0,0,-4000,-4000
2007/12/26,0,15000,0,15000
2007/12/27,0,0,-335000,-335000
2007/12/28,0,1000,0,1000
2007/12/31,0,0,-1000,-1000
2008/01/01,0,0,0,0
2008/01/02,0,15000,0,15000
2008/01/03,0,12000,-12000,0
2008/01/04,0,0,-8000,-8000
2008/01/07,0,2000,-7000,-5000
2008/01/08,0,0,-4000,-4000
2008/01/09,0,3000,0,3000
2008/01/10,0,50000,-3000,47000
2008/01/11,0,29000,0,29000
2008/01/14,0,31000,-4000,27000
2008/01/15,0,4000,-27000,-23000
2008/01/16,0,23000,0,23000
2008/01/17,0,56000,-3000,53000
2008/01/18,0,19000,0,19000
2008/01/21,0,0,-1000,-1000
2008/01/22,0,31000,-10000,21000
2008/01/23,0,7000,0,7000
2008/01/24,0,109000,-8000,101000
2008/01/25,0,11000,-89000,-78000
2008/01/28,0,34000,-11000,23000
2008/01/29,0,12000,-5000,7000
2008/01/30,0,19000,-12000,7000
2008/01/31,0,0,0,0
2008/02/01,0,11000,-13000,-2000
2008/02/04,0,0,0,0
2008/02/05,0,0,0,0
2008/02/06,0,0,0,0
2008/02/07,0,0,0,0
2008/02/08,0,0,0,0
2008/02/11,0,0,0,0
2008/02/12,0,0,0,0
2008/02/13,0,0,-9000,-9000
2008/02/14,0,0,-9000,-9000
2008/02/15,0,0,0,0
2008/02/18,0,2000,-99000,-97000
2008/02/19,0,0,-2000,-2000
2008/02/20,0,0,0,0
2008/02/21,0,8000,-5000,3000
2008/02/22,0,0,-3000,-3000
2008/02/25,0,0,-8000,-8000
2008/02/26,0,6000,-70000,-64000
2008/02/27,0,2000,0,2000
2008/02/28,0,0,0,0
2008/02/29,0,8000,0,8000
2008/03/03,0,8000,-10000,-2000
2008/03/04,0,9000,-50000,-41000
2008/03/05,0,10000,-8000,2000
2008/03/06,0,9000,-2000,7000
2008/03/07,0,10000,0,10000
2008/03/10,0,3000,-4000,-1000
2008/03/11,0,7000,-5000,2000
2008/03/12,0,31000,-7000,24000
2008/03/13,0,0,-12000,-12000
2008/03/14,0,15000,-7000,8000
2008/03/17,0,2000,-8000,-6000
2008/03/18,0,3000,-2000,1000
2008/03/19,0,10000,0,10000
2008/03/20,0,50000,-9000,41000
2008/03/21,0,48000,0,48000
2008/03/24,0,74000,-10000,64000
2008/03/25,0,28000,-8000,20000
2008/03/26,0,13000,-7000,6000
2008/03/27,0,0,-8000,-8000
2008/03/28,0,8000,0,8000
2008/03/31,0,0,0,0
2008/04/01,0,0,-8000,-8000
2008/04/02,0,11000,0,11000
2008/04/03,0,0,-10000,-10000
2008/04/04,0,0,0,0
2008/04/07,0,8000,0,8000
2008/04/08,0,0,-4000,-4000
2008/04/09,0,0,-37000,-37000
2008/04/10,0,1000,0,1000
2008/04/11,0,8000,-1000,7000
2008/04/14,0,0,-8000,-8000
2008/04/15,0,0,0,0
2008/04/16,0,1000,0,1000
2008/04/17,0,70000,-4000,66000
2008/04/18,0,16000,0,16000
2008/04/21,0,18000,-6000,12000
2008/04/22,0,1000,-787,213
2008/04/23,0,10000,-1000,9000
2008/04/24,0,0,-2000,-2000
2008/04/25,0,0,0,0
2008/04/28,0,2000,0,2000
2008/04/29,0,3000,-11000,-8000
2008/04/30,0,5000,-2000,3000
2008/05/01,0,0,0,0
2008/05/02,0,11000,0,11000
2008/05/05,0,0,0,0
2008/05/06,0,4000,-10000,-6000
2008/05/07,0,9000,-3000,6000
2008/05/08,0,4000,-9000,-5000
2008/05/09,0,11000,-3000,8000
2008/05/12,0,0,-9000,-9000
2008/05/13,0,10000,0,10000
2008/05/14,0,3000,-35000,-32000
2008/05/15,0,10000,0,10000
2008/05/16,0,14000,-10000,4000
2008/05/19,0,21000,-5000,16000
2008/05/20,0,49000,-9000,40000
2008/05/21,0,16000,0,16000
2008/05/22,0,7000,-5000,2000
2008/05/23,0,35000,-15000,20000
2008/05/26,0,0,0,0
2008/05/27,0,3000,0,3000
2008/05/28,0,0,-21000,-21000
2008/05/29,0,14000,-1000,13000
2008/05/30,0,8000,-2000,6000
2008/06/02,0,42000,-13000,29000
2008/06/03,0,0,-42000,-42000
2008/06/04,0,34000,0,34000
2008/06/05,0,30000,-12000,18000
2008/06/06,0,8000,-33000,-25000
2008/06/09,0,10000,-1000,9000
2008/06/10,0,5000,-46000,-41000
2008/06/11,0,18000,-8000,10000
2008/06/12,0,0,-7000,-7000
2008/06/13,0,24000,-28000,-4000
2008/06/16,0,39000,-21000,18000
2008/06/17,0,67000,-38000,29000
2008/06/18,0,0,-35000,-35000
2008/06/19,0,31000,-41000,-10000
2008/06/20,0,3000,-36000,-33000
2008/06/23,0,19000,-3000,16000
2008/06/24,0,17000,-19000,-2000
2008/06/25,0,32000,-12000,20000
2008/06/26,0,36000,-17000,19000
2008/06/27,0,67000,-42000,25000
2008/06/30,0,16000,-3000,13000
2008/07/01,0,39000,-2000,37000
2008/07/02,0,32000,-15000,17000
2008/07/03,0,366000,-49000,317000
2008/07/04,0,54000,-285000,-231000
2008/07/07,0,45000,-56000,-11000
2008/07/08,0,0,-58000,-58000
2008/07/09,0,9000,-8000,1000
2008/07/10,0,31000,-8000,23000
2008/07/11,0,114000,-22000,92000
2008/07/14,0,122000,-74000,48000
2008/07/15,0,0,-51000,-51000
2008/07/16,0,1000,-78000,-77000
2008/07/17,0,22000,-23000,-1000
2008/07/18,0,6000,-54000,-48000
2008/07/21,0,26000,-1000,25000
2008/07/22,0,17000,-15000,2000
2008/07/23,0,87000,-112000,-25000
2008/07/24,0,5000,-81000,-76000
2008/07/25,0,6000,-11000,-5000
2008/07/28,0,0,0,0
2008/07/29,0,40000,-5000,35000
2008/07/30,0,2000,-42000,-40000
2008/07/31,0,1000,-1000,0
2008/08/01,0,29000,-1000,28000
2008/08/04,0,10000,-16000,-6000
2008/08/05,0,6000,-5000,1000
2008/08/06,0,48000,-19000,29000
2008/08/07,0,20000,-45000,-25000
2008/08/08,0,7000,-15000,-8000
2008/08/11,0,58000,-9000,49000
2008/08/12,0,107000,-58000,49000
2008/08/13,0,20000,-59000,-39000
2008/08/14,0,17000,-59000,-42000
2008/08/15,0,0,-13000,-13000
2008/08/18,0,3000,0,3000
2008/08/19,0,23000,-13000,10000
2008/08/20,0,15000,-37000,-22000
2008/08/21,0,13000,-31000,-18000
2008/08/22,0,22000,-31000,-9000
2008/08/25,0,1000,-22000,-21000
2008/08/26,0,12000,-1000,11000
2008/08/27,0,33000,-12000,21000
2008/08/28,0,1000,-26000,-25000
2008/08/29,0,0,-7000,-7000
2008/09/01,0,17000,-1000,16000
2008/09/02,0,0,-59000,-59000
2008/09/03,0,8000,-1000,7000
2008/09/04,0,47000,-8000,39000
2008/09/05,0,10000,-55000,-45000
2008/09/08,0,4000,-38000,-34000
2008/09/09,0,0,-4000,-4000
2008/09/10,0,6000,0,6000
2008/09/11,0,0,-34000,-34000
2008/09/12,0,5000,0,5000
2008/09/15,0,0,-10000,-10000
2008/09/16,0,14000,0,14000
2008/09/17,0,7000,-46000,-39000
2008/09/18,0,12000,-4000,8000
2008/09/19,0,0,-9000,-9000
2008/09/22,0,36000,-9000,27000
2008/09/23,0,21000,-13000,8000
2008/09/24,0,45000,-44000,1000
2008/09/25,0,0,-41000,-41000
2008/09/26,0,4000,-25000,-21000
2008/09/29,0,0,0,0
2008/09/30,0,0,0,0
2008/10/01,0,15000,-23000,-8000
2008/10/02,0,21000,-6000,15000
2008/10/03,0,51000,0,51000
2008/10/06,0,0,-60000,-60000
2008/10/07,0,12000,-3000,9000
2008/10/08,0,0,-19000,-19000
2008/10/09,0,1000,-5000,-4000
2008/10/10,0,0,0,0
2008/10/13,0,0,0,0
2008/10/14,0,91000,0,91000
2008/10/15,0,0,-13000,-13000
2008/10/16,0,0,-66000,-66000
2008/10/17,0,0,-11000,-11000
2008/10/20,0,0,-44000,-44000
2008/10/21,0,3000,0,3000
2008/10/22,0,3000,-3000,0
2008/10/23,0,0,0,0
2008/10/24,0,0,0,0
2008/10/27,0,0,-3000,-3000
2008/10/28,0,21000,0,21000
2008/10/29,0,19000,-16000,3000
2008/10/30,0,36000,-19000,17000
2008/10/31,0,0,-3000,-3000
2008/11/03,0,13000,0,13000
2008/11/04,0,0,-14000,-14000
2008/11/05,0,36000,0,36000
2008/11/06,0,13000,-65000,-52000
2008/11/07,0,32000,-13000,19000
2008/11/10,0,8000,-17000,-9000
2008/11/11,0,7000,-13000,-6000
2008/11/12,0,59000,-7000,52000
2008/11/13,0,0,-28000,-28000
2008/11/14,0,23000,0,23000
2008/11/17,0,27000,-7000,20000
2008/11/18,0,0,-6000,-6000
2008/11/19,0,75000,-22000,53000
2008/11/20,0,3000,-14000,-11000
2008/11/21,0,76000,-3000,73000
2008/11/24,0,4000,-13000,-9000
2008/11/25,0,16000,-18000,-2000
2008/11/26,0,112000,-9000,103000
2008/11/27,0,0,0,0
2008/11/28,0,53000,-75000,-22000
2008/12/01,0,11000,-73000,-62000
2008/12/02,0,3000,-35000,-32000
2008/12/03,0,15000,-28000,-13000
2008/12/04,0,27000,-15000,12000
2008/12/05,0,165000,-8000,157000
2008/12/08,0,17000,-19000,-2000
2008/12/09,0,14000,-28000,-14000
2008/12/10,0,20000,-14000,6000
2008/12/11,0,39000,-16000,23000
2008/12/12,0,11000,-67000,-56000
2008/12/15,0,37000,-223000,-186000
2008/12/16,0,6000,-23000,-17000
2008/12/17,0,30000,-20000,10000
2008/12/18,0,6000,-3000,3000
2008/12/19,0,144000,-2000,142000
2008/12/22,0,224000,-31000,193000
2008/12/23,0,0,-304000,-304000
2008/12/24,0,8000,0,8000
2008/12/25,0,0,-8000,-8000
2008/12/26,0,36000,0,36000
2008/12/29,0,7000,-16000,-9000
2008/12/30,0,29000,-3000,26000
2008/12/31,0,11000,-15000,-4000
2009/01/01,0,0,0,0
2009/01/02,0,0,0,0
2009/01/05,0,55000,0,55000
2009/01/06,0,257000,-66000,191000
2009/01/07,0,18000,-160000,-142000
2009/01/08,0,10000,-57000,-47000
2009/01/09,0,31000,-10000,21000
2009/01/12,0,16000,0,16000
2009/01/13,0,24000,-16000,8000
2009/01/14,0,31000,-24000,7000
2009/01/15,0,44000,-31000,13000
2009/01/16,0,55000,-107000,-52000
2009/01/19,0,39000,0,39000
2009/01/20,0,63000,-108000,-45000
2009/01/21,0,192000,-77000,115000
2009/01/22,0,0,0,0
2009/01/23,0,0,0,0
2009/01/26,0,0,0,0
2009/01/27,0,0,0,0
2009/01/28,0,0,0,0
2009/01/29,0,0,0,0
2009/01/30,0,0,0,0
2009/02/02,0,159000,-193000,-34000
2009/02/03,0,77000,-159000,-82000
2009/02/04,0,21000,-52000,-31000
2009/02/05,0,7000,-19000,-12000
2009/02/06,0,24000,-7000,17000
2009/02/09,0,86000,-8000,78000
2009/02/10,0,0,0,0
2009/02/11,0,33000,0,33000
2009/02/12,0,0,-97000,-97000
2009/02/13,0,81000,0,81000
2009/02/16,0,70000,-35000,35000
2009/02/17,0,16000,-16000,0
2009/02/18,0,100000,-226000,-126000
2009/02/19,0,67000,-100000,-33000
2009/02/20,0,77000,0,77000
2009/02/23,0,296000,0,296000
2009/02/24,0,26000,-2000,24000
2009/02/25,0,0,0,0
2009/02/26,0,87000,0,87000
2009/02/27,0,73000,0,73000
2009/03/02,0,0,0,0
2009/03/03,0,0,-46000,-46000
2009/03/04,0,0,-204000,-204000
2009/03/05,0,0,-107000,-107000
2009/03/06,0,0,0,0
2009/03/09,0,0,-155000,-155000
2009/03/10,0,38000,0,38000
2009/03/11,0,29000,0,29000
2009/03/12,0,173000,-45000,128000
2009/03/13,0,68000,-83000,-15000
2009/03/16,0,9000,-65000,-56000
2009/03/17,0,2000,0,2000
2009/03/18,0,7000,-124000,-117000
2009/03/19,0,28000,0,28000
2009/03/20,0,0,-65000,-65000
2009/03/23,0,0,0,0
2009/03/24,0,0,0,0
2009/03/25,0,1000,0,1000
2009/03/26,0,0,0,0
2009/03/27,0,250000,0,250000
2009/03/30,0,0,0,0
2009/03/31,0,0,-8000,-8000
2009/04/01,0,0,-26000,-26000
2009/04/02,0,8000,0,8000
2009/04/03,0,117000,-5000,112000
2009/04/06,0,0,-5000,-5000
2009/04/07,0,245000,0,245000
2009/04/08,0,0,-1000,-1000
2009/04/09,0,208000,0,208000
2009/04/10,0,15000,-23000,-8000
2009/04/13,0,3000,-10000,-7000
2009/04/14,0,166000,-40000,126000
2009/04/15,0,546000,-10000,536000
2009/04/16,0,11000,-563000,-552000
2009/04/17,0,33000,-31000,2000
2009/04/20,0,53000,-31000,22000
2009/04/21,0,179000,-50000,129000
2009/04/22,0,188000,-177000,11000
2009/04/23,0,76000,-84000,-8000
2009/04/24,0,213000,-68000,145000
2009/04/27,0,117000,-332000,-215000
2009/04/28,0,45000,-115000,-70000
2009/04/29,0,109000,-42000,67000
2009/04/30,0,32000,-1002500,-970500
2009/05/01,0,0,0,0
2009/05/04,0,23000,-125000,-102000
2009/05/05,0,89000,-243000,-154000
2009/05/06,0,159000,-98000,61000
2009/05/07,0,64000,-20000,44000
2009/05/08,0,181000,-214000,-33000
2009/05/11,0,38000,-153000,-115000
2009/05/12,0,48000,-240000,-192000
2009/05/13,0,142000,-55000,87000
2009/05/14,0,16000,-98000,-82000
2009/05/15,0,32000,-5000,27000
2009/05/18,0,91000,-406000,-315000
2009/05/19,0,57000,-74000,-17000
2009/05/20,0,103000,-34000,69000
2009/05/21,0,50000,-62000,-12000
2009/05/22,0,247000,-40000,207000
2009/05/25,0,36000,-376000,-340000
2009/05/26,0,36000,-47000,-11000
2009/05/27,0,233000,-19000,214000
2009/05/28,0,0,0,0
2009/05/29,0,0,0,0
2009/06/01,0,61000,-144000,-83000
2009/06/02,0,31000,-173000,-142000
2009/06/03,0,166000,-5000,161000
2009/06/04,0,0,-125000,-125000
2009/06/05,0,191000,0,191000
2009/06/08,0,45000,-154500,-109500
2009/06/09,0,35000,-219000,-184000
2009/06/10,0,52000,-162000,-110000
2009/06/11,0,101000,-207000,-106000
2009/06/12,0,102000,-93000,9000
2009/06/15,0,5000,-116000,-111000
2009/06/16,0,51000,-5000,46000
2009/06/17,0,0,-29000,-29000
2009/06/18,0,25000,-24000,1000
2009/06/19,0,74000,-22000,52000
2009/06/22,0,62000,-21000,41000
2009/06/23,0,6000,-103000,-97000
2009/06/24,0,72000,-110000,-38000
2009/06/25,0,87000,-51000,36000
2009/06/26,0,47000,-57000,-10000
2009/06/29,0,43000,-51000,-8000
2009/06/30,0,4000,-105000,-101000
2009/07/01,0,84000,-4000,80000
2009/07/02,0,64000,-30000,34000
2009/07/03,0,90000,-68000,22000
2009/07/06,0,15000,-57000,-42000
2009/07/07,0,34000,-75000,-41000
2009/07/08,0,77000,-42000,35000
2009/07/09,0,21000,-96000,-75000
2009/07/10,0,28000,-16000,12000
2009/07/13,0,25000,-29000,-4000
2009/07/14,0,88000,-55000,33000
2009/07/15,0,66000,-92000,-26000
2009/07/16,0,22000,-58000,-36000
2009/07/17,0,244000,0,244000
2009/07/20,0,81000,0,81000
2009/07/21,0,208000,-176000,32000
2009/07/22,0,0,-78000,-78000
2009/07/23,0,23000,0,23000
2009/07/24,0,36000,-21000,15000
2009/07/27,0,52000,-324000,-272000
2009/07/28,0,898000,-22000,876000
2009/07/29,0,10000,-963000,-953000
2009/07/30,0,15000,-105000,-90000
2009/07/31,0,8000,-159990,-151990
2009/08/03,0,48000,-1000,47000
2009/08/04,0,6000,-74000,-68000
2009/08/05,0,356000,-6000,350000
2009/08/06,0,57000,-378000,-321000
2009/08/07,0,0,0,0
2009/08/10,0,160000,-81000,79000
2009/08/11,0,14000,-150000,-136000
2009/08/12,0,2000,-110000,-108000
2009/08/13,0,51000,-26000,25000
2009/08/14,0,474000,-67000,407000
2009/08/17,0,54000,-495000,-441000
2009/08/18,0,64000,-24000,40000
2009/08/19,0,19000,-48000,-29000
2009/08/20,0,4000,-20000,-16000
2009/08/21,0,23000,-5000,18000
2009/08/24,0,3000,-24000,-21000
2009/08/25,0,0,-3000,-3000
2009/08/26,0,3000,-1000,2000
2009/08/27,0,102000,0,102000
2009/08/28,0,0,-102000,-102000
2009/08/31,0,184000,-1000,183000
2009/09/01,0,319000,-117000,202000
2009/09/02,0,35000,-548000,-513000
2009/09/03,0,1000,-430000,-429000
2009/09/04,0,120000,-22000,98000
2009/09/07,0,102000,-2000,100000
2009/09/08,0,11000,-302040,-291040
2009/09/09,0,3000,-1000,2000
2009/09/10,0,49000,0,49000
2009/09/11,0,12000,0,12000
2009/09/14,0,713000,-4000,709000
2009/09/15,0,33000,-17000,16000
2009/09/16,0,83000,-645000,-562000
2009/09/17,0,83000,-11000,72000
2009/09/18,0,30000,-3000,27000
2009/09/21,0,11000,-2000,9000
2009/09/22,0,50000,0,50000
2009/09/23,0,100000,0,100000
2009/09/24,0,63000,0,63000
2009/09/25,0,60000,-37000,23000
2009/09/28,0,10000,-1000,9000
2009/09/29,0,2000,0,2000
2009/09/30,0,1378000,-142000,1236000
2009/10/01,0,1104000,0,1104000
2009/10/02,0,200000,-185000,15000
2009/10/05,0,35000,-21000,14000
2009/10/06,0,116000,-6000,110000
2009/10/07,0,190000,-189000,1000
2009/10/08,0,96000,-89000,7000
2009/10/09,0,1000,-27000,-26000
2009/10/12,0,1000,-9000,-8000
2009/10/13,0,1955000,-31000,1924000
2009/10/14,0,2859000,-55000,2804000
2009/10/15,0,328000,-323000,5000
2009/10/16,0,122000,-80000,42000
2009/10/19,0,235000,-197000,38000
2009/10/20,0,95000,-65000,30000
2009/10/21,0,594000,-78000,516000
2009/10/22,0,30000,-1889000,-1859000
2009/10/23,0,189000,-53000,136000
2009/10/26,0,82000,-19000,63000
2009/10/27,0,38000,-1000,37000
2009/10/28,0,61000,-1000,60000
2009/10/29,0,253000,-739000,-486000
2009/10/30,0,2677000,-178000,2499000
2009/11/02,0,58000,-676000,-618000
2009/11/03,0,60000,-258000,-198000
2009/11/04,0,173000,-141000,32000
2009/11/05,0,27000,-57000,-30000
2009/11/06,0,10000,-70280,-60280
2009/11/09,0,163000,-232000,-69000
2009/11/10,0,135000,-73000,62000
2009/11/11,0,77000,0,77000
2009/11/12,0,0,-78000,-78000
2009/11/13,0,208000,0,208000
2009/11/16,0,36000,-692000,-656000
2009/11/17,0,71000,-196000,-125000
2009/11/18,0,45000,-84000,-39000
2009/11/19,0,150000,-37000,113000
2009/11/20,0,126000,-70000,56000
2009/11/23,0,149000,-200000,-51000
2009/11/24,0,20000,-4000,16000
2009/11/25,0,87000,-10000,77000
2009/11/26,0,103000,-88360,14640
2009/11/27,0,55000,-77000,-22000
2009/11/30,0,71000,-870000,-799000
2009/12/01,0,160000,-54000,106000
2009/12/02,0,67000,-312000,-245000
2009/12/03,0,133000,0,133000
2009/12/04,0,73000,-132000,-59000
2009/12/07,0,20000,-58000,-38000
2009/12/08,0,2177000,-341000,1836000
2009/12/09,0,74000,-12000,62000
2009/12/10,0,167000,-35320,131680
2009/12/11,0,267000,-33000,234000
2009/12/14,0,190000,-71000,119000
2009/12/15,0,95000,-31000,64000
2009/12/16,0,64000,-67000,-3000
2009/12/17,0,10000,-127000,-117000
2009/12/18,0,2000,-214720,-212720
2009/12/21,0,10000,-59000,-49000
2009/12/22,0,13000,-56000,-43000
2009/12/23,0,24000,-168000,-144000
2009/12/24,0,0,0,0
2009/12/25,0,0,0,0
2009/12/28,0,2000,-20000,-18000
2009/12/29,0,190000,0,190000
2009/12/30,0,40000,-80000,-40000
2009/12/31,0,7000,-36000,-29000
2010/01/01,0,0,0,0
2010/01/04,0,86000,0,86000
2010/01/05,0,0,-60000,-60000
2010/01/06,0,49000,-10000,39000
2010/01/07,0,40000,0,40000
2010/01/08,0,50000,0,50000
2010/01/11,0,89000,-52000,37000
2010/01/12,0,3000,-191000,-188000
2010/01/13,0,601000,-44000,557000
2010/01/14,0,0,0,0
2010/01/15,0,27000,-1368000,-1341000
2010/01/18,0,13000,-158000,-145000
2010/01/19,0,55000,-509000,-454000
2010/01/20,0,30000,0,30000
2010/01/21,0,81000,0,81000
2010/01/22,0,30000,-1000,29000
2010/01/25,0,33000,-1000,32000
2010/01/26,0,34000,-60000,-26000
2010/01/27,0,52000,-21000,31000
2010/01/28,0,40000,-521000,-481000
2010/01/29,0,199000,-1279000,-1080000
2010/02/01,0,66000,-719000,-653000
2010/02/02,0,153000,-57000,96000
2010/02/03,0,82000,-617000,-535000
2010/02/04,0,24000,-185000,-161000
2010/02/05,0,81000,-37000,44000
2010/02/08,0,105000,-287000,-182000
2010/02/09,0,14000,-91000,-77000
2010/02/10,0,40000,-792000,-752000
2010/02/11,0,0,0,0
2010/02/12,0,0,0,0
2010/02/15,0,0,0,0
2010/02/16,0,0,0,0
2010/02/17,0,0,0,0
2010/02/18,0,0,0,0
2010/02/19,0,0,0,0
2010/02/22,0,30000,0,30000
2010/02/23,0,43000,-35000,8000
2010/02/24,0,0,-15000,-15000
2010/02/25,0,20000,-101000,-81000
2010/02/26,0,3000,-19000,-16000
2010/03/01,0,8000,-23000,-15000
2010/03/02,0,2000,0,2000
2010/03/03,0,4000,0,4000
2010/03/04,0,73000,-108000,-35000
2010/03/05,0,251000,0,251000
2010/03/08,0,179000,-49000,130000
2010/03/09,0,123000,-3000,120000
2010/03/10,0,78000,-9000,69000
2010/03/11,0,134000,-23000,111000
2010/03/12,0,1000,-44000,-43000
2010/03/15,0,26000,-60000,-34000
2010/03/16,0,47000,-15000,32000
2010/03/17,0,107000,-123000,-16000
2010/03/18,0,192000,-107000,85000
2010/03/19,0,94000,-130000,-36000
2010/03/22,0,19000,-151000,-132000
2010/03/23,0,26000,0,26000
2010/03/24,0,20000,0,20000
2010/03/25,0,65000,-23000,42000
2010/03/26,0,36000,-129000,-93000
2010/03/29,0,70000,-10000,60000
2010/03/30,0,5000,-63000,-58000
2010/03/31,0,89000,-111000,-22000
2010/04/01,0,99000,-55000,44000
2010/04/02,0,0,-17000,-17000
2010/04/05,0,0,0,0
2010/04/06,0,110000,0,110000
2010/04/07,0,5000,-10000,-5000
2010/04/08,0,25000,-85000,-60000
2010/04/09,0,57000,-41000,16000
2010/04/12,0,7000,0,7000
2010/04/13,0,81000,-20000,61000
2010/04/14,0,2000,-264000,-262000
2010/04/15,0,20000,-48000,-28000
2010/04/16,0,59000,-54000,5000
2010/04/19,0,23000,-7000,16000
2010/04/20,0,2000,-23000,-21000
2010/04/21,0,0,-118000,-118000
2010/04/22,0,4000,-29000,-25000
2010/04/23,0,30000,-35000,-5000
2010/04/26,0,66000,-69000,-3000
2010/04/27,0,37000,-9000,28000
2010/04/28,0,96000,-6000,90000
2010/04/29,0,11000,-83000,-72000
2010/04/30,0,7000,-156000,-149000
2010/05/03,0,30000,-16000,14000
2010/05/04,0,24000,-50000,-26000
2010/05/05,0,12000,-59000,-47000
2010/05/06,0,31000,-33000,-2000
2010/05/07,0,62000,-18000,44000
2010/05/10,0,39000,-22000,17000
2010/05/11,0,71000,-66000,5000
2010/05/12,0,0,-185000,-185000
2010/05/13,0,102000,-150000,-48000
2010/05/14,0,37000,-50000,-13000
2010/05/17,0,14000,-55000,-41000
2010/05/18,0,41000,-34000,7000
2010/05/19,0,103000,-47000,56000
2010/05/20,0,20000,-7000,13000
2010/05/21,0,63000,-49000,14000
2010/05/24,0,28000,-53000,-25000
2010/05/25,0,37000,-57000,-20000
2010/05/26,0,237000,-445000,-208000
2010/05/27,0,200000,-451000,-251000
2010/05/28,0,26000,-249000,-223000
2010/05/31,0,138000,-17000,121000
2010/06/01,0,327000,-220000,107000
2010/06/02,0,51000,-177000,-126000
2010/06/03,0,28000,-7000,21000
2010/06/04,0,45000,0,45000
2010/06/07,0,91000,-776000,-685000
2010/06/08,0,24000,-57000,-33000
2010/06/09,0,0,-25000,-25000
2010/06/10,0,171000,-7000,164000
2010/06/11,0,7000,-120000,-113000
2010/06/14,0,17000,-124000,-107000
2010/06/15,0,266000,-63000,203000
2010/06/16,0,0,0,0
2010/06/17,0,343000,-20000,323000
2010/06/18,0,93000,-1000,92000
2010/06/21,0,8000,-128000,-120000
2010/06/22,0,7000,-150000,-143000
2010/06/23,0,49000,-3000,46000
2010/06/24,0,0,-5000,-5000
2010/06/25,0,8000,-43000,-35000
2010/06/28,0,8000,0,8000
2010/06/29,0,3000,-6000,-3000
2010/06/30,0,120000,-36000,84000
2010/07/01,0,18000,-181000,-163000
2010/07/02,0,16000,-5000,11000
2010/07/05,0,33000,-18000,15000
2010/07/06,0,84000,-373000,-289000
2010/07/07,0,50000,-99000,-49000
2010/07/08,0,37000,-315000,-278000
2010/07/09,0,0,-460000,-460000
2010/07/12,0,31000,-20000,11000
2010/07/13,0,6000,-16000,-10000
2010/07/14,0,64000,0,64000
2010/07/15,0,5000,0,5000
2010/07/16,0,5000,-5000,0
2010/07/19,0,22000,0,22000
2010/07/20,0,100000,-4000,96000
2010/07/21,0,3000,-100000,-97000
2010/07/22,0,60000,-33000,27000
2010/07/23,0,50000,-66000,-16000
2010/07/26,0,73000,-24000,49000
2010/07/27,0,25000,-7000,18000
2010/07/28,0,39000,0,39000
2010/07/29,0,10000,-42000,-32000
2010/07/30,0,14000,-34000,-20000
2010/08/02,0,9000,0,9000
2010/08/03,0,86000,0,86000
2010/08/04,0,1111000,-145000,966000
2010/08/05,0,64000,-2000,62000
2010/08/06,0,30000,-3000,27000
2010/08/09,0,60000,-116000,-56000
2010/08/10,0,0,0,0
2010/08/11,0,40000,-22000,18000
2010/08/12,0,23000,-33000,-10000
2010/08/13,0,464000,-1000,463000
2010/08/16,0,253000,-111000,142000
2010/08/17,0,0,-283000,-283000
2010/08/18,0,398000,-162000,236000
2010/08/19,0,396000,-8000,388000
2010/08/20,0,129000,-8000,121000
2010/08/23,0,291000,-268000,23000
2010/08/24,0,131000,-51000,80000
2010/08/25,0,303000,-40000,263000
2010/08/26,0,466000,-68000,398000
2010/08/27,0,28000,-30000,-2000
2010/08/30,0,34000,-110000,-76000
2010/08/31,0,275000,-136000,139000
2010/09/01,0,4000,-105000,-101000
2010/09/02,0,0,0,0
2010/09/03,0,538000,-510000,28000
2010/09/06,0,143000,-253000,-110000
2010/09/07,0,32000,-219000,-187000
2010/09/08,0,12000,-155000,-143000
2010/09/09,0,84000,-46000,38000
2010/09/10,0,232000,-27000,205000
2010/09/13,0,71000,-16000,55000
2010/09/14,0,568000,-228000,340000
2010/09/15,0,74000,-146000,-72000
2010/09/16,0,283000,-49000,234000
2010/09/17,0,24000,0,24000
2010/09/20,0,40000,0,40000
2010/09/21,0,88000,-6000,82000
2010/09/22,0,0,0,0
2010/09/23,0,394000,-76000,318000
2010/09/24,0,23000,-391000,-368000
2010/09/27,0,874000,-25000,849000
2010/09/28,0,130000,0,130000
2010/09/29,0,59000,-10000,49000
2010/09/30,0,225000,-62603,162397
2010/10/01,0,33000,-21000,12000
2010/10/04,0,72000,-88000,-16000
2010/10/05,0,208000,-18000,190000
2010/10/06,0,29000,-230000,-201000
2010/10/07,0,93000,-75000,18000
2010/10/08,0,0,-118000,-118000
2010/10/11,0,75000,-151000,-76000
2010/10/12,0,7000,-121020,-114020
2010/10/13,0,61000,-8000,53000
2010/10/14,0,1030000,-65000,965000
2010/10/15,0,485000,-879000,-394000
2010/10/18,0,188000,-96041,91959
2010/10/19,0,223000,0,223000
2010/10/20,0,319000,-63000,256000
2010/10/21,0,62000,-108000,-46000
2010/10/22,0,0,-383187,-383187
2010/10/25,0,18000,-59000,-41000
2010/10/26,0,9000,-41000,-32000
2010/10/27,0,83000,-723000,-640000
2010/10/28,0,184000,-174809,9191
2010/10/29,0,87000,-26000,61000
2010/11/01,0,39000,-103000,-64000
2010/11/02,0,48000,-15000,33000
2010/11/03,0,32000,-68000,-36000
2010/11/04,0,39000,-18000,21000
2010/11/05,0,6000,-12000,-6000
2010/11/08,0,6000,-32000,-26000
2010/11/09,0,11000,-484548,-473548
2010/11/10,0,65000,-607000,-542000
2010/11/11,0,69000,-58000,11000
2010/11/12,0,37000,-279000,-242000
2010/11/15,0,44000,-721000,-677000
2010/11/16,0,0,-752000,-752000
2010/11/17,0,10000,-17000,-7000
2010/11/18,0,13000,-47000,-34000
2010/11/19,0,10000,-20000,-10000
2010/11/22,0,96000,-226207,-130207
2010/11/23,0,100000,-209000,-109000
2010/11/24,0,442000,0,442000
2010/11/25,0,259000,-154500,104500
2010/11/26,0,169000,-37249,131751
2010/11/29,0,19000,-21000,-2000
2010/11/30,0,316000,-44000,272000
2010/12/01,0,387000,-7000,380000
2010/12/02,0,225000,-6000,219000
2010/12/03,0,134000,0,134000
2010/12/06,0,0,-9000,-9000
2010/12/07,0,32000,0,32000
2010/12/08,0,32000,0,32000
2010/12/09,0,119000,-26000,93000
2010/12/10,0,1476000,-27000,1449000
2010/12/13,0,703000,-144000,559000
2010/12/14,0,2000,-2000,0
2010/12/15,0,299000,-113000,186000
2010/12/16,0,148000,-16000,132000
2010/12/17,0,880000,-170000,710000
2010/12/20,0,958000,-11000,947000
2010/12/21,0,5000,-47102,-42102
2010/12/22,0,22000,-22041,-41
2010/12/23,0,2000,-4000,-2000
2010/12/24,0,94000,0,94000
2010/12/27,0,87000,0,87000
2010/12/28,0,14000,-3000,11000
2010/12/29,0,19000,-53000,-34000
2010/12/30,0,534000,0,534000
2010/12/31,0,31000,-45000,-14000
2011/01/03,0,64000,-69000,-5000
2011/01/04,0,97000,-3000,94000
2011/01/05,0,203000,-118000,85000
2011/01/06,0,0,-28000,-28000
2011/01/07,0,63000,-34000,29000
2011/01/10,0,6000,-65000,-59000
2011/01/11,0,60000,-88000,-28000
2011/01/12,0,11000,-181000,-170000
2011/01/13,0,10000,-100000,-90000
2011/01/14,0,6000,-74000,-68000
2011/01/17,0,233000,-51000,182000
2011/01/18,0,47000,-127000,-80000
2011/01/19,0,36000,-11000,25000
2011/01/20,0,534710,-270000,264710
2011/01/21,0,262000,-8000,254000
2011/01/24,0,39000,-6000,33000
2011/01/25,0,5000,-20000,-15000
2011/01/26,0,512000,-551000,-39000
2011/01/27,0,1266000,-90000,1176000
2011/01/28,0,4000,-215000,-211000
2011/01/31,0,0,0,0
2011/02/01,0,0,0,0
2011/02/02,0,0,0,0
2011/02/03,0,0,0,0
2011/02/04,0,0,0,0
2011/02/07,0,0,0,0
2011/02/08,0,51000,-124000,-73000
2011/02/09,0,196000,-70000,126000
2011/02/10,0,16000,-76000,-60000
2011/02/11,0,31000,-85000,-54000
2011/02/14,0,105000,-37000,68000
2011/02/15,0,315000,-34000,281000
2011/02/16,0,300000,-39000,261000
2011/02/17,0,286000,-43000,243000
2011/02/18,0,950000,-2000,948000
2011/02/21,0,259000,-40000,219000
2011/02/22,0,241942,-90000,151942
2011/02/23,0,129000,-15000,114000
2011/02/24,0,3000,-124000,-121000
2011/02/25,0,643000,-195000,448000
2011/02/28,0,0,0,0
2011/03/01,0,179000,-174000,5000
2011/03/02,0,27000,-42000,-15000
2011/03/03,0,210000,-60000,150000
2011/03/04,0,515000,-353087,161913
2011/03/07,0,632000,-12000,620000
2011/03/08,0,71000,-4000,67000
2011/03/09,0,16000,-3000,13000
2011/03/10,0,156000,-20000,136000
2011/03/11,0,43000,-47767,-4767
2011/03/14,0,113000,-542807,-429807
2011/03/15,0,118000,-600000,-482000
2011/03/16,0,158000,-21000,137000
2011/03/17,0,86000,-155000,-69000
2011/03/18,0,78000,-381000,-303000
2011/03/21,0,42000,-67000,-25000
2011/03/22,0,173792,-100000,73792
2011/03/23,0,30200,-6000,24200
2011/03/24,0,150200,-4000,146200
2011/03/25,0,61200,-4000,57200
2011/03/28,0,129000,-1000,128000
2011/03/29,0,214000,-661000,-447000
2011/03/30,0,43000,-1000000,-957000
2011/03/31,0,50087,-93000,-42913
2011/04/01,0,30000,-20000,10000
2011/04/04,0,0,0,0
2011/04/05,0,0,0,0
2011/04/06,0,45000,-7000,38000
2011/04/07,0,17000,0,17000
2011/04/08,0,17000,-46000,-29000
2011/04/11,0,39400,-52000,-12600
2011/04/12,0,18200,0,18200
2011/04/13,0,227000,0,227000
2011/04/14,0,93000,-18016,74984
2011/04/15,0,30000,-53000,-23000
2011/04/18,0,64000,-3000,61000
2011/04/19,0,37000,-21184,15816
2011/04/20,0,153000,-3000,150000
2011/04/21,0,1186000,-15000,1171000
2011/04/22,0,189000,-142000,47000
2011/04/25,0,98000,-34000,64000
2011/04/26,0,114000,-161000,-47000
2011/04/27,0,62000,-50000,12000
2011/04/28,0,606000,-65000,541000
2011/04/29,0,2651700,-220000,2431700
2011/05/02,0,0,0,0
2011/05/03,0,364000,-57000,307000
2011/05/04,0,37000,-583000,-546000
2011/05/05,0,1313000,-317000,996000
2011/05/06,0,243000,-367000,-124000
2011/05/09,0,240000,-45000,195000
2011/05/10,0,44000,-6000,38000
2011/05/11,0,259000,-65000,194000
2011/05/12,0,44000,-1670000,-1626000
2011/05/13,0,134000,-22000,112000
2011/05/16,0,385000,-97000,288000
2011/05/17,0,11000,-98000,-87000
2011/05/18,0,425000,-89000,336000
2011/05/19,0,64000,-53000,11000
2011/05/20,0,3000,-236000,-233000
2011/05/23,0,4000,-84200,-80200
2011/05/24,0,17000,-147000,-130000
2011/05/25,0,17000,-884551,-867551
2011/05/26,0,158000,-95250,62750
2011/05/27,0,102000,-72000,30000
2011/05/30,0,136000,-16000,120000
2011/05/31,0,260000,-39000,221000
2011/06/01,0,380000,-45000,335000
2011/06/02,0,163000,-134000,29000
2011/06/03,0,199000,-26000,173000
2011/06/06,0,0,0,0
2011/06/07,0,198000,-260000,-62000
2011/06/08,0,18000,-94000,-76000
2011/06/09,0,84000,-67000,17000
2011/06/10,0,205000,-79000,126000
2011/06/13,0,312000,-1295000,-983000
2011/06/14,0,35000,-29000,6000
2011/06/15,0,181000,-196000,-15000
2011/06/16,0,13000,-1316000,-1303000
2011/06/17,0,281000,-1543000,-1262000
2011/06/20,0,46000,-59000,-13000
2011/06/21,0,102000,-685000,-583000
2011/06/22,0,307000,-1218000,-911000
2011/06/23,0,152000,-124000,28000
2011/06/24,0,293000,-31000,262000
2011/06/27,0,104000,-7000,97000
2011/06/28,0,65000,-103000,-38000
2011/06/29,0,213000,-77000,136000
2011/06/30,0,35000,-218000,-183000
2011/07/01,0,78000,-117000,-39000
2011/07/04,0,12000,-102000,-90000
2011/07/05,0,0,-44000,-44000
2011/07/06,0,90000,-29000,61000
2011/07/07,0,108000,-73000,35000
2011/07/08,0,95000,-41000,54000
2011/07/11,0,21000,-33000,-12000
2011/07/12,0,90000,-150000,-60000
2011/07/13,0,18000,-106000,-88000
2011/07/14,0,38000,-30000,8000
2011/07/15,0,318000,-10000,308000
2011/07/18,0,85000,-46000,39000
2011/07/19,0,77000,-123000,-46000
2011/07/20,0,119000,-598000,-479000
2011/07/21,0,307000,-1000,306000
2011/07/22,0,64000,-699242,-635242
2011/07/25,0,75000,-3000,72000
2011/07/26,0,19000,-20000,-1000
2011/07/27,0,49000,-140000,-91000
2011/07/28,0,5000,-91000,-86000
2011/07/29,0,205000,-110779,94221
2011/08/01,0,200000,-504000,-304000
2011/08/02,0,391000,0,391000
2011/08/03,0,339000,-43000,296000
2011/08/04,0,529000,-133000,396000
2011/08/05,0,419000,-268349,150651
2011/08/08,0,168000,-1331320,-1163320
2011/08/09,0,252000,-374000,-122000
2011/08/10,0,78000,-431000,-353000
2011/08/11,0,804000,-73000,731000
2011/08/12,0,9000,-252000,-243000
2011/08/15,0,1038000,-336000,702000
2011/08/16,0,705000,-290000,415000
2011/08/17,0,944000,-95000,849000
2011/08/18,0,621000,-181000,440000
2011/08/19,0,812000,-184000,628000
2011/08/22,0,1485000,-107000,1378000
2011/08/23,0,847000,-99000,748000
2011/08/24,0,662000,-433000,229000
2011/08/25,0,30000,-710000,-680000
2011/08/26,0,285000,-600341,-315341
2011/08/29,0,226000,-166000,60000
2011/08/30,0,39000,-257000,-218000
2011/08/31,0,59000,-24000,35000
2011/09/01,0,55000,-73000,-18000
2011/09/02,0,214000,-17000,197000
2011/09/05,0,254000,-57000,197000
2011/09/06,0,362000,-1106000,-744000
2011/09/07,0,592000,-16000,576000
2011/09/08,0,13000,-124000,-111000
2011/09/09,0,238000,-214000,24000
2011/09/12,0,0,0,0
2011/09/13,0,621000,-123000,498000
2011/09/14,0,58000,-222000,-164000
2011/09/15,0,678000,-65000,613000
2011/09/16,0,122000,-10000,112000
2011/09/19,0,157477,-63000,94477
2011/09/20,0,82000,-654369,-572369
2011/09/21,0,87000,-330000,-243000
2011/09/22,0,227000,-2142000,-1915000
2011/09/23,0,210000,-18000,192000
2011/09/26,0,102538,-110817,-8279
2011/09/27,0,157000,-297300,-140300
2011/09/28,0,78000,-154000,-76000
2011/09/29,0,122000,-575311,-453311
2011/09/30,0,220000,-255644,-35644
2011/10/03,0,35000,-390000,-355000
2011/10/04,0,170000,-29000,141000
2011/10/05,0,27000,-171000,-144000
2011/10/06,0,200000,-3000,197000
2011/10/07,0,185000,-58000,127000
2011/10/10,0,0,0,0
2011/10/11,0,164000,-5490,158510
2011/10/12,0,788000,-34000,754000
2011/10/13,0,647000,-438000,209000
2011/10/14,0,73000,-229000,-156000
2011/10/17,0,55000,-237000,-182000
2011/10/18,0,480225,-105219,375006
2011/10/19,0,113000,-36245,76755
2011/10/20,0,139000,-37000,102000
2011/10/21,0,111000,-198000,-87000
2011/10/24,0,153000,-32000,121000
2011/10/25,0,695000,-162000,533000
2011/10/26,0,792000,-414000,378000
2011/10/27,0,809000,-280000,529000
2011/10/28,0,1249000,-23257,1225743
2011/10/31,0,182000,-124000,58000
2011/11/01,0,358000,0,358000
2011/11/02,0,46000,-20000,26000
2011/11/03,0,44000,-484000,-440000
2011/11/04,0,55000,-173000,-118000
2011/11/07,0,286000,-1000,285000
2011/11/08,0,231000,-134000,97000
2011/11/09,0,24000,-61000,-37000
2011/11/10,0,262000,-621000,-359000
2011/11/11,0,1303089,-585029,718060
2011/11/14,0,2378000,-183000,2195000
2011/11/15,0,210000,-110000,100000
2011/11/16,0,36000,-28000,8000
2011/11/17,0,67000,-72000,-5000
2011/11/18,0,793000,-36000,757000
2011/11/21,0,619000,-464000,155000
2011/11/22,0,720000,-95000,625000
2011/11/23,0,317000,-45000,272000
2011/11/24,0,543000,-261000,282000
2011/11/25,0,8000,-86000,-78000
2011/11/28,0,96000,-3000,93000
2011/11/29,0,346000,-24000,322000
2011/11/30,0,237000,-127000,110000
2011/12/01,0,55000,-28000,27000
2011/12/02,0,209000,-22000,187000
2011/12/05,0,107000,-80000,27000
2011/12/06,0,73000,-335000,-262000
2011/12/07,0,220000,-906912,-686912
2011/12/08,0,652000,-65181,586819
2011/12/09,0,64000,-37000,27000
2011/12/12,0,155000,-104000,51000
2011/12/13,0,82000,-18527,63473
2011/12/14,0,432000,-23000,409000
2011/12/15,0,399000,-5000,394000
2011/12/16,0,248605,-440000,-191395
2011/12/19,0,88000,-40000,48000
2011/12/20,0,328000,-71000,257000
2011/12/21,0,34000,-39000,-5000
2011/12/22,0,236000,-904342,-668342
2011/12/23,0,1865000,-67000,1798000
2011/12/26,0,207000,-112000,95000
2011/12/27,0,151000,-369000,-218000
2011/12/28,0,52111,-749111,-697000
2011/12/29,0,102000,-42086,59914
2011/12/30,0,241200,-14000,227200
2012/01/02,0,591000,-861000,-270000
2012/01/03,0,122000,-121590,410
2012/01/04,0,185000,-274000,-89000
2012/01/05,0,169000,-369043,-200043
2012/01/06,0,900000,-310000,590000
2012/01/09,0,440000,-253200,186800
2012/01/10,0,461000,-725000,-264000
2012/01/11,0,294000,-219000,75000
2012/01/12,0,536000,-209327,326673
2012/01/13,0,742000,-94000,648000
2012/01/16,0,175000,-96000,79000
2012/01/17,0,443000,-84000,359000
2012/01/18,0,1300000,-555000,745000
2012/01/19,0,0,0,0
2012/01/20,0,0,0,0
2012/01/23,0,0,0,0
2012/01/24,0,0,0,0
2012/01/25,0,0,0,0
2012/01/26,0,0,0,0
2012/01/27,0,0,0,0
2012/01/30,0,615000,-350800,264200
2012/01/31,0,420000,-3590347,-3170347
2012/02/01,0,381000,-545000,-164000
2012/02/02,0,112000,-823000,-711000
2012/02/03,0,355000,-1306000,-951000
2012/02/06,0,810050,-452000,358050
2012/02/07,0,367000,-223131,143869
2012/02/08,0,552000,-473050,78950
2012/02/09,0,538000,-1174000,-636000
2012/02/10,0,210000,-939000,-729000
2012/02/13,0,1034100,-1289000,-254900
2012/02/14,0,430000,-810000,-380000
2012/02/15,0,101466,-1473000,-1371534
2012/02/16,0,90050,-649000,-558950
2012/02/17,0,657100,-358000,299100
2012/02/20,0,351000,-140000,211000
2012/02/21,0,91000,-160000,-69000
2012/02/22,0,307000,-276000,31000
2012/02/23,0,147000,-12000,135000
2012/02/24,0,209000,-78000,131000
2012/02/27,0,0,0,0
2012/02/28,0,0,0,0
2012/02/29,0,408000,-20300,387700
2012/03/01,0,570000,-636000,-66000
2012/03/02,0,432000,-6000,426000
2012/03/05,0,233100,-18000,215100
2012/03/06,0,673000,-336000,337000
2012/03/07,0,151000,-123000,28000
2012/03/08,0,1272000,-194000,1078000
2012/03/09,0,296000,-117000,179000
2012/03/12,0,166000,-12000,154000
2012/03/13,0,242000,-26000,216000
2012/03/14,0,900000,-15100,884900
2012/03/15,0,852000,-478000,374000
2012/03/16,0,467000,-250000,217000
2012/03/19,0,236000,-1246000,-1010000
2012/03/20,0,881000,-221000,660000
2012/03/21,0,655000,-107000,548000
2012/03/22,0,743000,-425000,318000
2012/03/23,0,103000,-76000,27000
2012/03/26,0,22000,-58000,-36000
2012/03/27,0,344500,-81000,263500
2012/03/28,0,88000,-57000,31000
2012/03/29,0,96000,-426000,-330000
2012/03/30,0,544000,-869000,-325000
2012/04/02,0,627000,-2012000,-1385000
2012/04/03,0,972000,-1521000,-549000
2012/04/04,0,0,0,0
2012/04/05,0,3407000,-3411000,-4000
2012/04/06,0,381000,-1388059,-1007059
2012/04/09,0,1623000,-109000,1514000
2012/04/10,0,122000,-797000,-675000
2012/04/11,0,222000,-41000,181000
2012/04/12,0,178000,-620479,-442479
2012/04/13,0,176000,-481000,-305000
2012/04/16,0,660000,-63000,597000
2012/04/17,0,1953000,-185044,1767956
2012/04/18,0,1190000,-463000,727000
2012/04/19,0,770000,-1299000,-529000
2012/04/20,0,981000,-419000,562000
2012/04/23,0,87000,-14000,73000
2012/04/24,0,97000,-1289000,-1192000
2012/04/25,0,870000,-2027000,-1157000
2012/04/26,0,317000,-1599000,-1282000
2012/04/27,0,748000,-657264,90736
2012/04/30,0,779000,-1774208,-995208
2012/05/01,0,0,0,0
2012/05/02,0,1080000,-1851000,-771000
2012/05/03,0,2441000,-1179000,1262000
2012/05/04,0,706000,-984000,-278000
2012/05/07,0,684000,-1495000,-811000
2012/05/08,0,912000,-580000,332000
2012/05/09,0,668000,-1819000,-1151000
2012/05/10,0,909000,-1670000,-761000
2012/05/11,0,408000,-289000,119000
2012/05/14,0,210000,-1381000,-1171000
2012/05/15,0,521000,-1343000,-822000
2012/05/16,0,4232000,-1009922,3222078
2012/05/17,0,2766000,-408000,2358000
2012/05/18,0,2045294,-834000,1211294
2012/05/21,0,796000,-206800,589200
2012/05/22,0,2944000,-248000,2696000
2012/05/23,0,1030000,-274000,756000
2012/05/24,0,120000,-8000,112000
2012/05/25,0,168000,-423000,-255000
2012/05/28,0,596000,0,596000
2012/05/29,0,795000,-103000,692000
2012/05/30,0,87000,-157000,-70000
2012/05/31,0,206000,-259000,-53000
2012/06/01,0,760000,-514449,245551
2012/06/04,0,812000,-234800,577200
2012/06/05,0,1012000,-1173000,-161000
2012/06/06,0,216068,-40000,176068
2012/06/07,0,1191000,-631000,560000
2012/06/08,0,84000,-260000,-176000
2012/06/11,0,231000,-310000,-79000
2012/06/12,0,103000,-413000,-310000
2012/06/13,0,566000,-1198000,-632000
2012/06/14,0,504000,-431000,73000
2012/06/15,0,681000,-874000,-193000
2012/06/18,0,1168000,-1002000,166000
2012/06/19,0,959000,-241000,718000
2012/06/20,0,110000,-460000,-350000
2012/06/21,0,219928,-225000,-5072
2012/06/22,0,102000,-105000,-3000
2012/06/25,0,564000,-73000,491000
2012/06/26,0,78000,-209000,-131000
2012/06/27,0,375000,-575000,-200000
2012/06/28,0,97989,-178928,-80939
2012/06/29,0,99989,-70000,29989
2012/07/02,0,15000,-141000,-126000
2012/07/03,0,300000,-335000,-35000
2012/07/04,0,126000,-41000,85000
2012/07/05,0,328000,-115000,213000
2012/07/06,0,155000,-288000,-133000
2012/07/09,0,120000,-250000,-130000
2012/07/10,0,204000,-958000,-754000
2012/07/11,0,1446000,-951000,495000
2012/07/12,0,1031000,-386000,645000
2012/07/13,0,970000,-350500,619500
2012/07/16,0,911000,-553000,358000
2012/07/17,0,867000,-789000,78000
2012/07/18,0,871000,-1321000,-450000
2012/07/19,0,1070000,-332000,738000
2012/07/20,0,813000,-249000,564000
2012/07/23,0,143000,-312000,-169000
2012/07/24,0,309000,-201000,108000
2012/07/25,0,420000,-435300,-15300
2012/07/26,0,532000,-287000,245000
2012/07/27,0,1652000,-1336000,316000
2012/07/30,0,862000,-372000,490000
2012/07/31,0,1744000,-608000,1136000
2012/08/01,0,4237000,-3042650,1194350
2012/08/02,0,0,0,0
2012/08/03,0,581000,-172000,409000
2012/08/06,0,815490,0,815490
2012/08/07,0,876000,-246000,630000
2012/08/08,0,139000,-354000,-215000
2012/08/09,0,564000,-32000,532000
2012/08/10,0,1926000,-247694,1678306
2012/08/13,0,506000,-554000,-48000
2012/08/14,0,1268000,-34000,1234000
2012/08/15,0,1106000,-428000,678000
2012/08/16,0,335732,-273000,62732
2012/08/17,0,388000,-224000,164000
2012/08/20,0,510000,-134000,376000
2012/08/21,0,260000,-245000,15000
2012/08/22,0,425000,-414000,11000
2012/08/23,0,535735,-297206,238529
2012/08/24,0,268000,-1288000,-1020000
2012/08/27,0,170000,-96000,74000
2012/08/28,0,90000,-67000,23000
2012/08/29,0,610000,-270000,340000
2012/08/30,0,406735,-347000,59735
2012/08/31,0,107000,-146000,-39000
2012/09/03,0,77000,-73000,4000
2012/09/04,0,142000,-258000,-116000
2012/09/05,0,202000,-129000,73000
2012/09/06,0,617000,-382000,235000
2012/09/07,0,280512,-141104,139408
2012/09/10,0,499000,-215000,284000
2012/09/11,0,282000,-340000,-58000
2012/09/12,0,216000,-238000,-22000
2012/09/13,0,115000,-282000,-167000
2012/09/14,0,382000,-283000,99000
2012/09/17,0,240000,-1532000,-1292000
2012/09/18,0,490000,-211000,279000
2012/09/19,0,752307,-346000,406307
2012/09/20,0,597000,-297000,300000
2012/09/21,0,55000,-123000,-68000
2012/09/24,0,466000,-430000,36000
2012/09/25,0,201000,-84000,117000
2012/09/26,0,434413,-2014000,-1579587
2012/09/27,0,276000,-543000,-267000
2012/09/28,0,357780,-35000,322780
2012/10/01,0,178000,-1046000,-868000
2012/10/02,0,27000,-173000,-146000
2012/10/03,0,339000,-60000,279000
2012/10/04,0,138000,-161000,-23000
2012/10/05,0,303535,-467000,-163465
2012/10/08,0,1681000,-1575000,106000
2012/10/09,0,1961000,-1503514,457486
2012/10/10,0,0,0,0
2012/10/11,0,1146520,-62000,1084520
2012/10/12,0,373563,-176000,197563
2012/10/15,0,838000,-112057,725943
2012/10/16,0,325336,-161720,163616
2012/10/17,0,123302,-188288,-64986
2012/10/18,0,702000,-1108000,-406000
2012/10/19,0,855000,-837921,17079
2012/10/22,0,317000,-437812,-120812
2012/10/23,0,319000,-28000,291000
2012/10/24,0,462000,-316175,145825
2012/10/25,0,525000,-380876,144124
2012/10/26,0,571000,-178107,392893
2012/10/29,0,1599000,-757682,841318
2012/10/30,0,1028000,-94752,933248
2012/10/31,0,2414000,-326000,2088000
2012/11/01,0,3555000,-14000,3541000
2012/11/02,0,481221,-394000,87221
2012/11/05,0,1051295,-220000,831295
2012/11/06,0,666000,-637000,29000
2012/11/07,0,261000,-84769,176231
2012/11/08,0,189000,-469000,-280000
2012/11/09,0,139000,-531244,-392244
2012/11/12,0,1098000,-70000,1028000
2012/11/13,0,1098000,-187000,911000
2012/11/14,0,176000,-218000,-42000
2012/11/15,0,343000,-589000,-246000
2012/11/16,0,272000,-382943,-110943
2012/11/19,0,241886,-171413,70473
2012/11/20,0,524000,-101000,423000
2012/11/21,0,433000,-325000,108000
2012/11/22,0,273000,-69000,204000
2012/11/23,0,175000,-64000,111000
2012/11/26,0,11000,-279000,-268000
2012/11/27,0,297032,-378126,-81094
2012/11/28,0,20000,-300000,-280000
2012/11/29,0,134000,-807000,-673000
2012/11/30,0,78000,-1228000,-1150000
2012/12/03,0,346000,-383000,-37000
2012/12/04,0,315211,-1219143,-903932
2012/12/05,0,170000,-1048000,-878000
2012/12/06,0,130000,-1086538,-956538
2012/12/07,0,387000,-553302,-166302
2012/12/10,0,52000,-1619647,-1567647
2012/12/11,0,625000,-438000,187000
2012/12/12,0,193000,-406000,-213000
2012/12/13,0,214000,-517000,-303000
2012/12/14,0,32000,-1377000,-1345000
2012/12/17,0,346000,-2084447,-1738447
2012/12/18,0,341000,-6544592,-6203592
2012/12/19,0,1213000,-6839751,-5626751
2012/12/20,0,1282032,-3882733,-2600701
2012/12/21,0,91000,-2275460,-2184460
2012/12/24,0,37000,-658689,-621689
2012/12/25,0,183500,-234000,-50500
2012/12/26,0,349131,-203000,146131
2012/12/27,0,362369,-50000,312369
2012/12/28,0,156000,-590928,-434928
2012/12/31,0,0,0,0
2013/01/01,0,0,0,0
2013/01/02,0,65000,-310101,-245101
2013/01/03,0,409000,-207000,202000
2013/01/04,0,65000,-291555,-226555
2013/01/07,0,82295,-420533,-338238
2013/01/08,0,186813,-641382,-454569
2013/01/09,0,100000,-1390864,-1290864
2013/01/10,0,98705,-546000,-447295
2013/01/11,0,184000,-194000,-10000
2013/01/14,0,361000,-57000,304000
2013/01/15,0,403000,-416636,-13636
2013/01/16,0,232000,-712527,-480527
2013/01/17,0,1059000,-288684,770316
2013/01/18,0,81777,-100000,-18223
2013/01/21,0,130000,-334545,-204545
2013/01/22,0,76000,-53000,23000
2013/01/23,0,976000,-28000,948000
2013/01/24,0,83000,-294000,-211000
2013/01/25,0,79518,-640000,-560482
2013/01/28,0,255000,-1087583,-832583
2013/01/29,0,362000,-10000,352000
2013/01/30,0,279000,-104000,175000
2013/01/31,0,1325000,-282000,1043000
2013/02/01,0,462000,-328000,134000
2013/02/04,0,1418000,-850610,567390
2013/02/05,0,675000,-89000,586000
2013/02/06,0,677524,-168000,509524
2013/02/07,0,0,0,0
2013/02/08,0,0,0,0
2013/02/11,0,0,0,0
2013/02/12,0,0,0,0
2013/02/13,0,0,0,0
2013/02/14,0,0,0,0
2013/02/15,0,0,0,0
2013/02/18,0,140786,-1085401,-944615
2013/02/19,0,267000,-24000,243000
2013/02/20,0,253792,-175000,78792
2013/02/21,0,24262,-65351,-41089
2013/02/22,0,10000,-178182,-168182
2013/02/25,0,3000,-242000,-239000
2013/02/26,0,342789,-104000,238789
2013/02/27,0,217000,-81162,135838
2013/02/28,0,0,0,0
2013/03/01,0,88263,-689000,-600737
2013/03/04,0,114294,-2203000,-2088706
2013/03/05,0,1298524,-470000,828524
2013/03/06,0,123262,-116000,7262
2013/03/07,0,948000,-1132000,-184000
2013/03/08,0,108262,-270000,-161738
2013/03/11,0,173000,-189000,-16000
2013/03/12,0,737263,-122000,615263
2013/03/13,0,388000,-123000,265000
2013/03/14,0,727520,-232545,494975
2013/03/15,0,375000,-242000,133000
2013/03/18,0,401000,-698370,-297370
2013/03/19,0,792000,-439000,353000
2013/03/20,0,584000,-136000,448000
2013/03/21,0,173260,-18000,155260
2013/03/22,0,265073,-133393,131680
2013/03/25,0,2416000,-204000,2212000
2013/03/26,0,970524,-782549,187975
2013/03/27,0,1381000,-212000,1169000
2013/03/28,0,645261,-8000,637261
2013/03/29,0,4000,-20000,-16000
2013/04/01,0,74100,-49000,25100
2013/04/02,0,215000,-346000,-131000
2013/04/03,0,339120,-316000,23120
2013/04/04,0,0,0,0
2013/04/05,0,0,0,0
2013/04/08,0,580040,-61178,518862
2013/04/09,0,616000,-112000,504000
2013/04/10,0,480378,-506000,-25622
2013/04/11,0,639767,-244000,395767
2013/04/12,0,841000,-2240000,-1399000
2013/04/15,0,902000,-1001924,-99924
2013/04/16,0,473000,-25000,448000
2013/04/17,0,221000,-1064000,-843000
2013/04/18,0,185000,-3299542,-3114542
2013/04/19,0,203000,-486628,-283628
2013/04/22,0,24000,-101000,-77000
2013/04/23,0,136064,-149000,-12936
2013/04/24,0,254000,-445500,-191500
2013/04/25,0,356000,-367000,-11000
2013/04/26,0,428000,-97000,331000
2013/04/29,0,2238000,0,2238000
2013/04/30,0,244000,-692155,-448155
2013/05/01,0,0,0,0
2013/05/02,0,333774,-59000,274774
2013/05/03,0,1604100,-29000,1575100
2013/05/06,0,1329100,-455000,874100
2013/05/07,0,531258,-256000,275258
2013/05/08,0,441000,-45193,395807
2013/05/09,0,1336386,-76000,1260386
2013/05/10,0,166100,-320000,-153900
2013/05/13,0,302000,-8000,294000
2013/05/14,0,526871,-15000,511871
2013/05/15,0,338200,-101000,237200
2013/05/16,0,275000,-17000,258000
2013/05/17,0,212000,-40881,171119
2013/05/20,0,10000,-66000,-56000
2013/05/21,0,366100,-276000,90100
2013/05/22,0,296000,-391000,-95000
2013/05/23,0,68000,-106700,-38700
2013/05/24,0,78000,-305000,-227000
2013/05/27,0,74000,-327274,-253274
2013/05/28,0,303000,-76000,227000
2013/05/29,0,684000,-13000,671000
2013/05/30,0,23000,-222000,-199000
2013/05/31,0,294000,-66771,227229
2013/06/03,0,66000,-69000,-3000
2013/06/04,0,0,-42000,-42000
2013/06/05,0,234000,-36000,198000
2013/06/06,0,571000,-432004,138996
2013/06/07,0,1058000,-131000,927000
2013/06/10,0,708000,-63000,645000
2013/06/11,0,608000,-223000,385000
2013/06/12,0,0,0,0
2013/06/13,0,592000,-52000,540000
2013/06/14,0,642000,-203000,439000
2013/06/17,0,753000,-39000,714000
2013/06/18,0,914000,-1000,913000
2013/06/19,0,472000,-510685,-38685
2013/06/20,0,158000,-322714,-164714
2013/06/21,0,421000,-255000,166000
2013/06/24,0,794000,-445000,349000
2013/06/25,0,1278000,-591000,687000
2013/06/26,0,189000,-45000,144000
2013/06/27,0,249000,-882000,-633000
2013/06/28,0,487000,-1026816,-539816
2013/07/01,0,678000,-476097,201903
2013/07/02,0,209000,-179712,29288
2013/07/03,0,322000,-67000,255000
2013/07/04,0,652000,-351000,301000
2013/07/05,0,155000,-4000,151000
2013/07/08,0,1198000,-744000,454000
2013/07/09,0,398000,-517000,-119000
2013/07/10,0,179000,-281000,-102000
2013/07/11,0,1542000,-108000,1434000
2013/07/12,0,116000,-1860000,-1744000
2013/07/15,0,63000,-388000,-325000
2013/07/16,0,66000,-385000,-319000
2013/07/17,0,351000,-548000,-197000
2013/07/18,0,385000,-1008035,-623035
2013/07/19,0,820000,-625000,195000
2013/07/22,0,118000,-563000,-445000
2013/07/23,0,550000,-296000,254000
2013/07/24,0,1123000,-157000,966000
2013/07/25,0,101000,-88000,13000
2013/07/26,0,626000,-104000,522000
2013/07/29,0,246000,-475000,-229000
2013/07/30,0,227000,-393000,-166000
2013/07/31,0,702000,-359000,343000
2013/08/01,0,655000,-1091000,-436000
2013/08/02,0,718315,-388000,330315
2013/08/05,0,1534000,-127000,1407000
2013/08/06,0,605000,-119000,486000
2013/08/07,0,139000,-677000,-538000
2013/08/08,0,112000,-72000,40000
2013/08/09,0,6000,-222000,-216000
2013/08/12,0,992000,-93852,898148
2013/08/13,0,2168000,-1434000,734000
2013/08/14,0,1078000,-1036000,42000
2013/08/15,0,750000,-650000,100000
2013/08/16,0,45000,-1350105,-1305105
2013/08/19,0,822000,-263000,559000
2013/08/20,0,471000,-743000,-272000
2013/08/21,0,0,0,0
2013/08/22,0,2813547,-1212000,1601547
2013/08/23,0,648000,-434000,214000
2013/08/26,0,95000,-114000,-19000
2013/08/27,0,272000,-483000,-211000
2013/08/28,0,371000,-430000,-59000
2013/08/29,0,865000,-388000,477000
2013/08/30,0,827000,-153000,674000
2013/09/02,0,0,-560000,-560000
2013/09/03,0,362000,-637000,-275000
2013/09/04,0,30000,-1139000,-1109000
2013/09/05,0,533000,-449000,84000
2013/09/06,0,126000,-159000,-33000
2013/09/09,0,189000,-272000,-83000
2013/09/10,0,264000,-217000,47000
2013/09/11,0,1269500,-5567183,-4297683
2013/09/12,0,1179000,-2389000,-1210000
2013/09/13,0,294000,-483000,-189000
2013/09/16,0,783000,-460000,323000
2013/09/17,0,466000,-1037000,-571000
2013/09/18,0,147056,-490000,-342944
2013/09/19,0,0,0,0
2013/09/20,0,0,0,0
2013/09/23,0,125002,-1071000,-945998
2013/09/24,0,821000,-316784,504216
2013/09/25,0,24000,-160279,-136279
2013/09/26,0,110000,-330000,-220000
2013/09/27,0,116000,-899000,-783000
2013/09/30,0,171000,-207000,-36000
2013/10/01,0,148000,-240000,-92000
2013/10/02,0,33000,-358000,-325000
2013/10/03,0,317000,-73000,244000
2013/10/04,0,17000,-388568,-371568
2013/10/07,0,829043,-1745229,-916186
2013/10/08,0,205000,-1069235,-864235
2013/10/09,0,1260000,-1222943,37057
2013/10/10,0,0,0,0
2013/10/11,0,103917,-1001112,-897195
2013/10/14,0,355000,-3026728,-2671728
2013/10/15,0,1069031,-1292987,-223956
2013/10/16,0,1007000,-805864,201136
2013/10/17,0,196000,-400202,-204202
2013/10/18,0,139000,-50107,88893
2013/10/21,0,1174000,-1059106,114894
2013/10/22,0,204341,-355000,-150659
2013/10/23,0,33161,-629188,-596027
2013/10/24,0,252022,-668000,-415978
2013/10/25,0,172056,-44000,128056
2013/10/28,0,40000,-212000,-172000
2013/10/29,0,51000,-313453,-262453
2013/10/30,0,21000,-949081,-928081
2013/10/31,0,61000,-344398,-283398
2013/11/01,0,184000,-405248,-221248
2013/11/04,0,50000,-749683,-699683
2013/11/05,0,33000,-228000,-195000
2013/11/06,0,19000,-60358,-41358
2013/11/07,0,361000,-151718,209282
2013/11/08,0,194130,-191099,3031
2013/11/11,0,85830,-180485,-94655
2013/11/12,0,49000,-208000,-159000
2013/11/13,0,128000,-284000,-156000
2013/11/14,0,31000,-67000,-36000
2013/11/15,0,36000,-330117,-294117
2013/11/18,0,54000,-996000,-942000
2013/11/19,0,67000,-25685,41315
2013/11/20,0,23000,-578646,-555646
2013/11/21,0,85000,-67484,17516
2013/11/22,0,318767,-20000,298767
2013/11/25,0,15000,-28000,-13000
2013/11/26,0,14000,-87421,-73421
2013/11/27,0,19000,-96000,-77000
2013/11/28,0,424000,-58751,365249
2013/11/29,0,77000,-218708,-141708
2013/12/02,0,4000,-75248,-71248
2013/12/03,0,72000,-89000,-17000
2013/12/04,0,48158,-1051198,-1003040
2013/12/05,0,81000,-675259,-594259
2013/12/06,0,31000,-235000,-204000
2013/12/09,0,16000,-1110957,-1094957
2013/12/10,0,112000,-191306,-79306
2013/12/11,0,106000,-1133000,-1027000
2013/12/12,0,170528,-241000,-70472
2013/12/13,0,69000,-539000,-470000
2013/12/16,0,106000,-432300,-326300
2013/12/17,0,60000,-468000,-408000
2013/12/18,0,453000,-1249894,-796894
2013/12/19,0,33000,-560136,-527136
2013/12/20,0,15660,-1430654,-1414994
2013/12/23,0,358000,-242000,116000
2013/12/24,0,205000,-783000,-578000
2013/12/25,0,24000,-105000,-81000
2013/12/26,0,569000,-417000,152000
2013/12/27,0,363000,-348000,15000
2013/12/30,0,112000,-248110,-136110
2013/12/31,0,105000,-563000,-458000
2014/01/02,0,161000,-565837,-404837
2014/01/03,0,895000,-343000,552000
2014/01/06,0,1405000,-342860,1062140
2014/01/07,0,57000,-2172316,-2115316
2014/01/08,0,837000,-445326,391674
2014/01/09,0,910000,-1449000,-539000
2014/01/10,0,766945,-3025000,-2258055
2014/01/13,0,152000,-368000,-216000
2014/01/14,0,312000,-237000,75000
2014/01/15,0,188000,-1361000,-1173000
2014/01/16,0,3000,-1139000,-1136000
2014/01/17,0,19000,-376000,-357000
2014/01/20,0,48000,-275000,-227000
2014/01/21,0,664000,-211000,453000
2014/01/22,0,269000,-548000,-279000
2014/01/23,0,266000,-443248,-177248
2014/01/24,0,94000,-486000,-392000
2014/01/27,0,444000,-378000,66000
2014/02/05,0,976220,-43000,933220
2014/02/06,0,391000,-206000,185000
2014/02/07,0,422000,-3504199,-3082199
2014/02/10,0,12000,-1104000,-1092000
2014/02/11,0,173000,-368683,-195683
2014/02/12,0,22000,-542429,-520429
2014/02/13,0,10000,-349000,-339000
2014/02/14,0,39000,-64000,-25000
2014/02/17,0,242000,-33000,209000
2014/02/18,0,1000,-31000,-30000
2014/02/19,0,81000,-88000,-7000
2014/02/20,0,175000,-644000,-469000
2014/02/21,0,1000,-47000,-46000
2014/02/24,0,101000,-78000,23000
2014/02/25,0,0,-8000,-8000
2014/02/26,0,104000,-179000,-75000
2014/02/27,0,463000,-23000,440000
2014/03/03,0,174000,-903000,-729000
2014/03/04,0,46000,-286000,-240000
2014/03/05,0,327000,-599298,-272298
2014/03/06,0,150000,-1393000,-1243000
2014/03/07,0,42000,-204000,-162000
2014/03/10,0,446000,-930863,-484863
2014/03/11,0,42000,-101000,-59000
2014/03/12,0,7000,-304000,-297000
2014/03/13,0,571000,-585941,-14941
2014/03/14,0,334000,0,334000
2014/03/17,0,122000,-4000,118000
2014/03/18,0,58000,-55000,3000
2014/03/19,0,133000,-21000,112000
2014/03/20,0,197000,-44000,153000
2014/03/21,0,271000,-6000,265000
2014/03/24,0,123000,-227000,-104000
2014/03/25,0,334000,-38937,295063
2014/03/26,0,154000,-18000,136000
2014/03/27,0,124000,-17000,107000
2014/03/28,0,439000,-162876,276124
2014/03/31,0,149000,-23000,126000
2014/04/01,0,64000,-102142,-38142
2014/04/02,0,228000,-106196,121804
2014/04/03,0,791000,-27000,764000
2014/04/07,0,546000,-65000,481000
2014/04/08,0,2209831,-64000,2145831
2014/04/09,0,1213744,-10000,1203744
2014/04/10,0,1132720,-245000,887720
2014/04/11,0,501000,-109000,392000
2014/04/14,0,460000,-155000,305000
2014/04/15,0,1018000,-122000,896000
2014/04/16,0,611000,-174196,436804
2014/04/17,0,311000,-268000,43000
2014/04/18,0,16000,-146000,-130000
2014/04/21,0,73000,-900000,-827000
2014/04/22,0,220000,-1092795,-872795
2014/04/23,0,230806,-888000,-657194
2014/04/24,0,609489,-203553,405936
2014/04/25,0,922000,-411000,511000
2014/04/28,0,38000,-196000,-158000
2014/04/29,0,1216000,-1082130,133870
2014/04/30,0,1182000,-2062000,-880000
2014/05/02,0,316000,-548000,-232000
2014/05/05,0,367172,-283000,84172
2014/05/06,0,930000,-32980,897020
2014/05/07,0,59000,-1547000,-1488000
2014/05/08,0,223000,-933000,-710000
2014/05/09,0,79000,-540830,-461830
2014/05/12,0,794000,-502000,292000
2014/05/13,0,998000,-280000,718000
2014/05/14,0,13000,-621017,-608017
2014/05/15,0,224000,-35000,189000
2014/05/16,0,738000,-23056,714944
2014/05/19,0,0,-116000,-116000
2014/05/20,0,46901,-158008,-111107
2014/05/21,0,187000,-248000,-61000
2014/05/22,0,0,-59000,-59000
2014/05/23,0,34000,-132000,-98000
2014/05/26,0,176000,-372000,-196000
2014/05/27,0,42000,-706000,-664000
2014/05/28,0,112000,-430000,-318000
2014/05/29,0,69000,-64184,4816
2014/05/30,0,60000,-116316,-56316
2014/06/03,0,199000,-154000,45000
2014/06/04,0,235000,-178000,57000
2014/06/05,0,942828,-640020,302808
2014/06/06,0,141000,-134000,7000
2014/06/09,0,1060000,-538000,522000
2014/06/10,0,336981,-180000,156981
2014/06/11,0,101000,-231000,-130000
2014/06/12,0,67000,-200000,-133000
2014/06/13,0,66000,-11000,55000
2014/06/16,0,179000,-27000,152000
2014/06/17,0,73000,-344000,-271000
2014/06/18,0,282000,-611000,-329000
2014/06/19,0,169000,-92000,77000
2014/06/20,0,30000,-45000,-15000
2014/06/23,0,165000,-129000,36000
2014/06/24,0,210000,-80000,130000
2014/06/25,0,24000,-33000,-9000
2014/06/26,0,51000,-83000,-32000
2014/06/27,0,58000,-30000,28000
2014/06/30,0,54000,-27000,27000
2014/07/01,0,386000,-29000,357000
2014/07/02,0,103000,-78000,25000
2014/07/03,0,15000,-44000,-29000
2014/07/04,0,166000,-39000,127000
2014/07/07,0,0,-553000,-553000
2014/07/08,0,56000,-348000,-292000
2014/07/09,0,48000,-837000,-789000
2014/07/10,0,342000,-1087524,-745524
2014/07/11,0,109000,-387000,-278000
2014/07/14,0,95000,-107000,-12000
2014/07/15,0,45000,-344000,-299000
2014/07/16,0,87000,-161000,-74000
2014/07/17,0,262000,-48000,214000
2014/07/18,0,392000,-41000,351000
2014/07/21,0,503000,-46000,457000
2014/07/22,0,360000,-16000,344000
2014/07/23,0,0,0,0
2014/07/24,0,229000,-61000,168000
2014/07/25,0,39000,0,39000
2014/07/28,0,169000,-49000,120000
2014/07/29,0,68000,-71000,-3000
2014/07/30,0,47000,-77000,-30000
2014/07/31,0,85000,-96000,-11000
2014/08/01,0,282000,-38000,244000
2014/08/04,0,129000,-46000,83000
2014/08/05,0,741000,-202000,539000
2014/08/06,0,514000,-23000,491000
2014/08/07,0,49000,-90000,-41000
2014/08/08,0,89000,-90000,-1000
2014/08/11,0,474000,-43000,431000
2014/08/12,0,231000,-13000,218000
2014/08/13,0,167000,-45000,122000
2014/08/14,0,2123000,-70000,2053000
2014/08/15,0,981000,-114000,867000
2014/08/18,0,625000,-248698,376302
2014/08/19,0,3216000,-1074000,2142000
2014/08/20,0,2365000,-447006,1917994
2014/08/21,0,524492,-263000,261492
2014/08/22,0,380380,-556000,-175620
2014/08/25,0,1260200,-353000,907200
2014/08/26,0,986800,-732000,254800
2014/08/27,0,1175000,-490000,685000
2014/08/28,0,1670000,-802000,868000
2014/08/29,0,4743000,-2021000,2722000
2014/09/01,0,690000,-2206000,-1516000
2014/09/02,0,860000,-1019000,-159000
2014/09/03,0,1074969,-704000,370969
2014/09/04,0,886000,-1093000,-207000
2014/09/05,0,258000,-627546,-369546
2014/09/09,0,502587,-93000,409587
2014/09/10,0,198000,-650000,-452000
2014/09/11,0,117000,-1098000,-981000
2014/09/12,0,144000,-395000,-251000
2014/09/15,0,117201,-1646000,-1528799
2014/09/16,0,275000,-883000,-608000
2014/09/17,0,197000,-890000,-693000
2014/09/18,0,712000,-509000,203000
2014/09/19,0,485000,-407000,78000
2014/09/22,0,305000,-212000,93000
2014/09/23,0,236000,-249000,-13000
2014/09/24,0,449000,-547000,-98000
2014/09/25,0,200000,-711000,-511000
2014/09/26,0,86000,-665000,-579000
2014/09/29,0,135000,-572000,-437000
2014/09/30,0,601000,-1127956,-526956
2014/10/01,0,796248,-105000,691248
2014/10/02,0,812000,-235000,577000
2014/10/03,0,1076000,-412000,664000
2014/10/06,0,725000,-220154,504846
2014/10/07,0,45000,-248195,-203195
2014/10/08,0,670401,-893993,-223592
2014/10/09,0,451586,-443248,8338
2014/10/13,0,1286662,-1749000,-462338
2014/10/14,0,569999,-533300,36699
2014/10/15,0,825300,-1442989,-617689
2014/10/16,0,1281000,-450599,830401
2014/10/17,0,2371000,-566000,1805000
2014/10/20,0,1493000,-263000,1230000
2014/10/21,0,969681,-325000,644681
2014/10/22,0,1060589,-204000,856589
2014/10/23,0,1267993,-848496,419497
2014/10/24,0,408999,-271000,137999
2014/10/27,0,721592,-308438,413154
2014/10/28,0,990099,-171173,818926
2014/10/29,0,1144922,-557000,587922
2014/10/30,0,524000,-585298,-61298
2014/10/31,0,128000,-1347247,-1219247
2014/11/03,0,154000,-141000,13000
2014/11/04,0,90000,-393000,-303000
2014/11/05,0,300000,-732000,-432000
2014/11/06,0,326000,-157000,169000
2014/11/07,0,549630,-101585,448045
2014/11/10,0,414197,-317000,97197
2014/11/11,0,563000,-94000,469000
2014/11/12,0,209000,-1247262,-1038262
2014/11/13,0,112000,-186000,-74000
2014/11/14,0,51000,-105000,-54000
2014/11/17,0,78000,-390000,-312000
2014/11/18,0,67000,-119587,-52587
2014/11/19,0,89000,-159000,-70000
2014/11/20,0,264000,-193000,71000
2014/11/21,0,5000,-428000,-423000
2014/11/24,0,39000,-137000,-98000
2014/11/25,0,149000,-381000,-232000
2014/11/26,0,43000,-153000,-110000
2014/11/27,0,190000,-285000,-95000
2014/11/28,0,123000,-532000,-409000
2014/12/01,0,52000,-615583,-563583
2014/12/02,0,71000,-567000,-496000
2014/12/03,0,82362,-210331,-127969
2014/12/04,0,7000,-566000,-559000
2014/12/05,0,551000,-288000,263000
2014/12/08,0,436000,-1079000,-643000
2014/12/09,0,190000,-506036,-316036
2014/12/10,0,81000,-308000,-227000
2014/12/11,0,1468000,-328000,1140000
2014/12/12,0,3181000,-617000,2564000
2014/12/15,0,960000,-646000,314000
2014/12/16,0,916448,-222000,694448
2014/12/17,0,663000,-383000,280000
2014/12/18,0,1057000,-278149,778851
2014/12/19,0,840299,-299584,540715
2014/12/22,0,475000,-163000,312000
2014/12/23,0,297000,-202000,95000
2014/12/24,0,144000,-411000,-267000
2014/12/25,0,140000,-329000,-189000
2014/12/26,0,92000,-340000,-248000
2014/12/29,0,158000,-377000,-219000
2014/12/30,0,393898,-681000,-287102
2014/12/31,0,141000,-323000,-182000
2015/01/01,0,0,0,0
2015/01/02,0,0,0,0
2015/01/05,0,251000,-430000,-179000
2015/01/06,0,189000,-1331000,-1142000
2015/01/07,0,387000,-172000,215000
2015/01/08,0,605098,-607000,-1902
2015/01/09,0,374000,-118000,256000
2015/01/12,0,293003,-319415,-26412
2015/01/13,0,273000,-453000,-180000
2015/01/14,0,166000,-565000,-399000
2015/01/15,0,697820,-130000,567820
2015/01/16,0,308000,-616733,-308733
2015/01/19,0,230000,-92000,138000
2015/01/20,0,469180,-173413,295767
2015/01/21,0,318000,-110000,208000
2015/01/22,0,1413000,-326099,1086901
2015/01/23,0,1039497,-164000,875497
2015/01/26,0,1700000,-107000,1593000
2015/01/27,0,859000,-274000,585000
2015/01/28,0,894000,-271000,623000
2015/01/29,0,409000,-198000,211000
2015/01/30,0,124000,-38000,86000
2015/02/02,0,251095,-62000,189095
2015/02/03,0,257000,-39000,218000
2015/02/04,0,1834000,-661000,1173000
2015/02/05,0,1685000,-2004000,-319000
2015/02/06,0,2033403,-1003000,1030403
2015/02/09,0,918000,-393000,525000
2015/02/10,0,890000,-672000,218000
2015/02/11,0,862000,-425000,437000
2015/02/12,0,896000,-154000,742000
2015/02/13,0,1061000,-242000,819000
2015/02/16,0,0,0,0
2015/02/17,0,0,0,0
2015/02/18,0,0,0,0
2015/02/19,0,0,0,0
2015/02/20,0,0,0,0
2015/02/23,0,0,0,0
2015/02/24,0,658000,-298000,360000
2015/02/25,0,787000,-1272000,-485000
2015/02/26,0,485000,-348000,137000
2015/02/27,0,0,0,0
2015/03/02,0,832000,-330000,502000
2015/03/03,0,906000,-430000,476000
2015/03/04,0,842196,-166000,676196
2015/03/05,0,423563,-155000,268563
2015/03/06,0,501597,-50000,451597
2015/03/09,0,163000,-402000,-239000
2015/03/10,0,1494000,-474000,1020000
2015/03/11,0,1190180,-746997,443183
2015/03/12,0,2901000,-183000,2718000
2015/03/13,0,753000,-288000,465000
2015/03/16,0,1092000,-34000,1058000
2015/03/17,0,2146000,-84000,2062000
2015/03/18,0,1439080,-508199,930881
2015/03/19,0,1295000,-323996,971004
2015/03/20,0,907920,-2033000,-1125080
2015/03/23,0,607000,-975834,-368834
2015/03/24,0,267594,-90000,177594
2015/03/25,0,615000,-686000,-71000
2015/03/26,0,1001920,-404000,597920
2015/03/27,0,511000,-230000,281000
2015/03/30,0,1134860,-108000,1026860
2015/03/31,0,1134000,-98000,1036000
2015/04/01,0,1357000,-445000,912000
2015/04/02,0,1072000,-387494,684506
2015/04/03,0,0,0,0
2015/04/06,0,0,0,0
2015/04/07,0,345000,-546000,-201000
2015/04/08,0,392000,-899877,-507877
2015/04/09,0,1346000,-98349,1247651
2015/04/10,0,692000,-389000,303000
2015/04/13,0,1987000,-723090,1263910
2015/04/14,0,1053000,-963000,90000
2015/04/15,0,1264000,-417000,847000
2015/04/16,0,341000,-522000,-181000
2015/04/17,0,4714000,-1911985,2802015
2015/04/20,0,2309000,-1050012,1258988
2015/04/21,0,1857215,-924000,933215
2015/04/22,0,2600920,-1213000,1387920
2015/04/23,0,448000,-1471499,-1023499
2015/04/24,0,1958000,-1807765,150235
2015/04/27,0,701000,-739000,-38000
2015/04/28,0,527000,-2052442,-1525442
2015/04/29,0,2502000,-2039000,463000
2015/04/30,0,3700000,-2716324,983676
2015/05/01,0,0,0,0
2015/05/04,0,1511000,-3549041,-2038041
2015/05/05,0,1407000,-946110,460890
2015/05/06,0,2649000,-2930000,-281000
2015/05/07,0,3626520,-1367157,2259363
2015/05/08,0,3018000,-2660281,357719
2015/05/11,0,1039000,-374000,665000
2015/05/12,0,1650000,-1231192,418808
2015/05/13,0,395000,-1819000,-1424000
2015/05/14,0,1304000,-1246267,57733
2015/05/15,0,993528,-506000,487528
2015/05/18,0,1389000,-261000,1128000
2015/05/19,0,483100,-1520645,-1037545
2015/05/20,0,1422000,-1132000,290000
2015/05/21,0,350000,-1166510,-816510
2015/05/22,0,1860099,-964000,896099
2015/05/25,0,324000,-951000,-627000
2015/05/26,0,369398,-1335123,-965725
2015/05/27,0,623000,-536262,86738
2015/05/28,0,432000,-420000,12000
2015/05/29,0,947000,-350002,596998
2015/06/01,0,553000,-325000,228000
2015/06/02,0,942000,-457523,484477
2015/06/03,0,3147000,-2368816,778184
2015/06/04,0,1264000,-1279425,-15425
2015/06/05,0,770000,-818638,-48638
2015/06/08,0,131000,-853000,-722000
2015/06/09,0,311000,-865000,-554000
2015/06/10,0,1198000,-166000,1032000
2015/06/11,0,615000,-1486800,-871800
2015/06/12,0,158000,-1513200,-1355200
2015/06/15,0,171000,-644183,-473183
2015/06/16,0,928000,-704000,224000
2015/06/17,0,1021000,-615198,405802
2015/06/18,0,627000,-319000,308000
2015/06/19,0,0,0,0
2015/06/22,0,1684000,-208153,1475847
2015/06/23,0,831525,-252000,579525
2015/06/24,0,1180000,-182000,998000
2015/06/25,0,194000,-1136103,-942103
2015/06/26,0,213000,-830000,-617000
2015/06/29,0,672000,-562235,109765
2015/06/30,0,734000,-1181398,-447398
2015/07/01,0,1106000,-1160000,-54000
2015/07/02,0,880000,-2832721,-1952721
2015/07/03,0,190000,-477000,-287000
2015/07/06,0,145000,-665694,-520694
2015/07/07,0,774757,-1641338,-866581
2015/07/08,0,2246131,-2776807,-530676
2015/07/09,0,828000,-1136348,-308348
2015/07/10,0,0,0,0
2015/07/13,0,1466439,-3132858,-1666419
2015/07/14,0,825122,-731122,94000
2015/07/15,0,837000,-569000,268000
2015/07/16,0,287000,-401116,-114116
2015/07/17,0,673387,-475000,198387
2015/07/20,0,1394000,-336640,1057360
2015/07/21,0,935073,-415000,520073
2015/07/22,0,2362000,-2023648,338352
2015/07/23,0,2564000,-941816,1622184
2015/07/24,0,2423653,-2040340,383313
2015/07/27,0,2502242,-2493000,9242
2015/07/28,0,1851000,-1329883,521117
2015/07/29,0,847000,-3580104,-2733104
2015/07/30,0,368000,-2904158,-2536158
2015/07/31,0,1805000,-1349000,456000
2015/08/03,0,1498000,-705000,793000
2015/08/04,0,1531000,-2241000,-710000
2015/08/05,0,5458000,-1316000,4142000
2015/08/06,0,1576000,-2196000,-620000
2015/08/07,0,3015000,-3438460,-423460
2015/08/10,0,504000,-1915615,-1411615
2015/08/11,0,825000,-1549839,-724839
2015/08/12,0,1031000,-1065204,-34204
2015/08/13,0,997000,-1670590,-673590
2015/08/14,0,599300,-1049000,-449700
2015/08/17,0,1080000,-1216000,-136000
2015/08/18,0,583014,-1430055,-847041
2015/08/19,0,1165160,-2013000,-847840
2015/08/20,0,654883,-1666000,-1011117
2015/08/21,0,1122000,-2069000,-947000
2015/08/24,0,1544000,-1049000,495000
2015/08/25,0,1500000,-1543139,-43139
2015/08/26,0,1361981,-1102000,259981
2015/08/27,0,561000,-2179537,-1618537
2015/08/28,0,1152000,-3429396,-2277396
2015/08/31,0,2802000,-708000,2094000
2015/09/01,0,618000,-2937037,-2319037
2015/09/02,0,755235,-1735997,-980762
2015/09/03,0,487894,-513000,-25106
2015/09/04,0,742000,-1764640,-1022640
2015/09/07,0,1647000,-727000,920000
2015/09/08,0,2451569,-638633,1812936
2015/09/09,0,1884000,-1853889,30111
2015/09/10,0,481820,-1065658,-583838
2015/09/11,0,233209,-1074000,-840791
2015/09/14,0,184000,-1093470,-909470
2015/09/15,0,179000,-1546000,-1367000
2015/09/16,0,702000,-1510042,-808042
2015/09/17,0,622000,-823364,-201364
2015/09/18,0,127000,-862528,-735528
2015/09/21,0,142000,-1089534,-947534
2015/09/22,0,178000,-751000,-573000
2015/09/23,0,148000,-1040642,-892642
2015/09/24,0,1086000,-1447000,-361000
2015/09/25,0,854000,-994886,-140886
2015/09/28,0,0,0,0
2015/09/29,0,0,0,0
2015/09/30,0,443000,-731109,-288109
2015/10/01,0,629000,-807000,-178000
2015/10/02,0,166000,-2093833,-1927833
2015/10/05,0,225000,-228000,-3000
2015/10/06,0,2049000,-1623922,425078
2015/10/07,0,1131000,-1929379,-798379
2015/10/08,0,578000,-814678,-236678
2015/10/09,0,0,0,0
2015/10/12,0,2056000,-745823,1310177
2015/10/13,0,431395,-724313,-292918
2015/10/14,0,175000,-1649484,-1474484
2015/10/15,0,484000,-882905,-398905
2015/10/16,0,390000,-186493,203507
2015/10/19,0,1842000,-771310,1070690
2015/10/20,0,1114000,-992957,121043
2015/10/21,0,573000,-784988,-211988
2015/10/22,0,52000,-1232822,-1180822
2015/10/23,0,100000,-524783,-424783
2015/10/26,0,1490103,-693592,796511
2015/10/27,0,268525,-3912889,-3644364
2015/10/28,0,1296040,-1813829,-517789
2015/10/29,0,546000,-5579071,-5033071
2015/10/30,0,400000,-4815166,-4415166
2015/11/02,0,609000,-2361655,-1752655
2015/11/03,0,874000,-1594395,-720395
2015/11/04,0,1782000,-4057902,-2275902
2015/11/05,0,524000,-2822276,-2298276
2015/11/06,0,3062000,-1322871,1739129
2015/11/09,0,698000,-829611,-131611
2015/11/10,0,1240000,-1084000,156000
2015/11/11,0,1351000,-1049754,301246
2015/11/12,0,1054783,-877000,177783
2015/11/13,0,887000,-661629,225371
2015/11/16,0,1669000,-4482495,-2813495
2015/11/17,0,2283000,-258457,2024543
2015/11/18,0,2034000,-424907,1609093
2015/11/19,0,2312000,-1465593,846407
2015/11/20,0,2297000,-1312255,984745
2015/11/23,0,1859000,-307027,1551973
2015/11/24,0,1247000,-379000,868000
2015/11/25,0,626000,-438163,187837
2015/11/26,0,744000,-141000,603000
2015/11/27,0,735719,-322750,412969
2015/11/30,0,622000,-516000,106000
2015/12/01,0,1421000,-538585,882415
2015/12/02,0,1257000,-651737,605263
2015/12/03,0,508000,-549013,-41013
2015/12/04,0,648429,-456000,192429
2015/12/07,0,484263,-1067000,-582737
2015/12/08,0,2006000,-559364,1446636
2015/12/09,0,750800,-500414,250386
2015/12/10,0,827000,-765501,61499
2015/12/11,0,1457000,-1408000,49000
2015/12/14,0,1558000,-1700203,-142203
2015/12/15,0,1732000,-1615000,117000
2015/12/16,0,1832000,-2474958,-642958
2015/12/17,0,635000,-2576248,-1941248
2015/12/18,0,600000,-1230616,-630616
2015/12/21,0,247000,-425997,-178997
2015/12/22,0,552000,-593000,-41000
2015/12/23,0,1147243,-278000,869243
2015/12/24,0,427000,-176000,251000
2015/12/25,0,535000,-366000,169000
2015/12/28,0,108000,-696000,-588000
2015/12/29,0,313000,-214249,98751
2015/12/30,0,408567,-112968,295599
2015/12/31,0,429000,-483042,-54042
2016/01/01,0,0,0,0
2016/01/04,0,737000,-363000,374000
2016/01/05,0,752000,-2106248,-1354248
2016/01/06,0,1526000,-885105,640895
2016/01/07,0,788000,-727953,60047
2016/01/08,0,1268820,-960000,308820
2016/01/11,0,444000,-289000,155000
2016/01/12,0,610000,-1013738,-403738
2016/01/13,0,1422000,-740000,682000
2016/01/14,0,852000,-1113352,-261352
2016/01/15,0,1957000,-417115,1539885
2016/01/18,0,547000,-1004000,-457000
2016/01/19,0,402000,-1881000,-1479000
2016/01/20,0,207300,-2147714,-1940414
2016/01/21,0,136000,-1148497,-1012497
2016/01/22,0,282000,-1338000,-1056000
2016/01/25,0,632000,-709000,-77000
2016/01/26,0,475000,-861000,-386000
2016/01/27,0,145000,-1099000,-954000
2016/01/28,0,285000,-2449000,-2164000
2016/01/29,0,795000,-436609,358391
2016/02/01,0,2022200,-686156,1336044
2016/02/02,0,585000,-1033000,-448000
2016/02/03,0,510000,-792168,-282168
2016/02/04,0,0,0,0
2016/02/05,0,0,0,0
2016/02/08,0,0,0,0
2016/02/09,0,0,0,0
2016/02/10,0,0,0,0
2016/02/11,0,0,0,0
2016/02/12,0,0,0,0
2016/02/15,0,342000,-1303000,-961000
2016/02/16,0,564000,-570580,-6580
2016/02/17,0,671000,-317000,354000
2016/02/18,0,722000,-890004,-168004
2016/02/19,0,645000,-1517658,-872658
2016/02/22,0,638000,-1396542,-758542
2016/02/23,0,679000,-1650159,-971159
2016/02/24,0,445000,-1334400,-889400
2016/02/25,0,533000,-1117000,-584000
2016/02/26,0,1556000,-983011,572989
2016/02/29,0,0,0,0
2016/03/01,0,1127000,-559000,568000
2016/03/02,0,2011000,-878273,1132727
2016/03/03,0,310000,-732090,-422090
2016/03/04,0,404000,-532000,-128000
2016/03/07,0,814000,-264000,550000
2016/03/08,0,1044000,-556000,488000
2016/03/09,0,232000,-559625,-327625
2016/03/10,0,886000,-143000,743000
2016/03/11,0,673000,-76000,597000
2016/03/14,0,312000,-619456,-307456
2016/03/15,0,1469000,-937000,532000
2016/03/16,0,789000,-292378,496622
2016/03/17,0,569000,-153000,416000
2016/03/18,0,653000,-233664,419336
2016/03/21,0,343000,-96192,246808
2016/03/22,0,296000,-361800,-65800
2016/03/23,0,1090000,-683903,406097
2016/03/24,0,2741000,-330133,2410867
2016/03/25,0,338000,-416000,-78000
2016/03/28,0,429000,-83000,346000
2016/03/29,0,995000,-101528,893472
2016/03/30,0,964000,-220762,743238
2016/03/31,0,132000,-333190,-201190
2016/04/01,0,337000,-296000,41000
2016/04/04,0,0,0,0
2016/04/05,0,0,0,0
2016/04/06,0,1530627,-835700,694927
2016/04/07,0,1541000,-1183020,357980
2016/04/08,0,1061000,-581000,480000
2016/04/11,0,699000,-1513000,-814000
2016/04/12,0,701051,-690000,11051
2016/04/13,0,121000,-444000,-323000
2016/04/14,0,298000,-328576,-30576
2016/04/15,0,948000,-810000,138000
2016/04/18,0,990000,-2094000,-1104000
2016/04/19,0,476020,-683000,-206980
2016/04/20,0,229000,-1695230,-1466230
2016/04/21,0,516000,-2061693,-1545693
2016/04/22,0,291000,-982430,-691430
2016/04/25,0,685720,-428000,257720
2016/04/26,0,375360,-269037,106323
2016/04/27,0,314000,-279000,35000
2016/04/28,0,403000,-711000,-308000
2016/04/29,0,228000,-708000,-480000
2016/05/02,0,0,0,0
2016/05/03,0,295000,-755000,-460000
2016/05/04,0,535000,-147788,387212
2016/05/05,0,301000,-222017,78983
2016/05/06,0,410000,-309000,101000
2016/05/09,0,393000,-628000,-235000
2016/05/10,0,317000,-445000,-128000
2016/05/11,0,274000,-992000,-718000
2016/05/12,0,557000,-252529,304471
2016/05/13,0,1618680,-758220,860460
2016/05/16,0,413000,-951684,-538684
2016/05/17,0,1985360,-995727,989633
2016/05/18,0,2102000,-671011,1430989
2016/05/19,0,886000,-1196622,-310622
2016/05/20,0,401559,-162000,239559
2016/05/23,0,1906680,-517041,1389639
2016/05/24,0,942000,-336969,605031
2016/05/25,0,986000,-413000,573000
2016/05/26,0,1616000,-297000,1319000
2016/05/27,0,407000,-153000,254000
2016/05/30,0,387000,-182000,205000
2016/05/31,0,761000,-441276,319724
2016/06/01,0,587627,-280000,307627
2016/06/02,0,530000,-246000,284000
2016/06/03,0,1039705,-452000,587705
2016/06/06,0,526000,-755000,-229000
2016/06/07,0,1418000,-327566,1090434
2016/06/08,0,995000,-1076000,-81000
2016/06/09,0,0,0,0
2016/06/10,0,0,0,0
2016/06/13,0,727000,-1024000,-297000
2016/06/14,0,478000,-630000,-152000
2016/06/15,0,136000,-828000,-692000
2016/06/16,0,115000,-761000,-646000
2016/06/17,0,259000,-555777,-296777
2016/06/20,0,84000,-532080,-448080
2016/06/21,0,96000,-660008,-564008
2016/06/22,0,377000,-269000,108000
2016/06/23,0,638000,-435000,203000
2016/06/24,0,893000,-1094000,-201000
2016/06/27,0,553985,-517000,36985
2016/06/28,0,532000,-441000,91000
2016/06/29,0,908000,-408000,500000
2016/06/30,0,517000,-344000,173000
2016/07/01,0,149000,-96000,53000
2016/07/04,0,209580,-165000,44580
2016/07/05,0,686000,-162000,524000
2016/07/06,0,398000,-415273,-17273
2016/07/07,0,221000,-247000,-26000
2016/07/08,0,0,0,0
2016/07/11,0,1187289,-150659,1036630
2016/07/12,0,165567,-194000,-28433
2016/07/13,0,229474,-69000,160474
2016/07/14,0,918000,-326000,592000
2016/07/15,0,739000,-489000,250000
2016/07/18,0,167000,-78000,89000
2016/07/19,0,337000,-23000,314000
2016/07/20,0,315000,-79000,236000
2016/07/21,0,866000,-98000,768000
2016/07/22,0,1360000,-296000,1064000
2016/07/25,0,377000,-374000,3000
2016/07/26,0,828000,-498000,330000
2016/07/27,0,1562972,-1279000,283972
2016/07/28,0,1130736,-1871000,-740264
2016/07/29,0,3522256,-2382000,1140256
2016/08/01,0,1024208,-720000,304208
2016/08/02,0,1027000,-931000,96000
2016/08/03,0,206000,-1349000,-1143000
2016/08/04,0,1563000,-953000,610000
2016/08/05,0,808000,-394373,413627
2016/08/08,0,743000,-268000,475000
2016/08/09,0,449000,-382000,67000
2016/08/10,0,302505,-347000,-44495
2016/08/11,0,1401970,-1518970,-117000
2016/08/12,0,408179,-268000,140179
2016/08/15,0,829944,-311000,518944
2016/08/16,0,267000,-518000,-251000
2016/08/17,0,430113,-614980,-184867
2016/08/18,0,552000,-85000,467000
2016/08/19,0,420000,-184000,236000
2016/08/22,0,465000,-916000,-451000
2016/08/23,0,639472,-945000,-305528
2016/08/24,0,274736,-973000,-698264
2016/08/25,0,187000,-717000,-530000
2016/08/26,0,129717,-778000,-648283
2016/08/29,0,58000,-893000,-835000
2016/08/30,0,116000,-421000,-305000
2016/08/31,0,446000,-239000,207000
2016/09/01,0,545000,-162020,382980
2016/09/02,0,259000,-365000,-106000
2016/09/05,0,132000,-121000,11000
2016/09/06,0,1820000,-213000,1607000
2016/09/07,0,904572,-184000,720572
2016/09/08,0,1065297,-858706,206591
2016/09/09,0,1246122,-817367,428755
2016/09/12,0,10000,-1008000,-998000
2016/09/13,0,308000,-343000,-35000
2016/09/14,0,413000,-390001,22999
2016/09/15,0,0,0,0
2016/09/16,0,0,0,0
2016/09/19,0,2378594,-434000,1944594
2016/09/20,0,2346000,-671168,1674832
2016/09/21,0,5080000,-277000,4803000
2016/09/22,0,2616961,-356000,2260961
2016/09/23,0,3504000,-366709,3137291
2016/09/26,0,5920589,-654067,5266522
2016/09/27,0,0,0,0
2016/09/28,0,0,0,0
2016/09/29,0,3409000,-564000,2845000
2016/09/30,0,4965197,-199859,4765338
2016/10/03,0,1533054,-245000,1288054
2016/10/04,0,1326670,-215000,1111670
2016/10/05,0,1658000,-568289,1089711
2016/10/06,0,911000,-436000,475000
2016/10/07,0,1605000,-338000,1267000
2016/10/10,0,0,0,0
2016/10/11,0,1748998,-2235439,-486441
2016/10/12,0,1325000,-1440889,-115889
2016/10/13,0,1100000,-610000,490000
2016/10/14,0,2652000,-1520415,1131585
2016/10/17,0,2129000,-501682,1627318
2016/10/18,0,614598,-580000,34598
2016/10/19,0,801715,-726098,75617
2016/10/20,0,477000,-866000,-389000
2016/10/21,0,808000,-818000,-10000
2016/10/24,0,1373000,-393109,979891
2016/10/25,0,1705000,-1113000,592000
2016/10/26,0,2885562,-1144375,1741187
2016/10/27,0,826288,-748293,77995
2016/10/28,0,2370025,-1785295,584730
2016/10/31,0,814000,-1189000,-375000
2016/11/01,0,1708786,-1373000,335786
2016/11/02,0,580023,-1657389,-1077366
2016/11/03,0,721000,-504000,217000
2016/11/04,0,211344,-351000,-139656
2016/11/07,0,687000,-439743,247257
2016/11/08,0,409000,-524000,-115000
2016/11/09,0,730000,-1458144,-728144
2016/11/10,0,350000,-231000,119000
2016/11/11,0,532500,-934147,-401647
2016/11/14,0,575000,-1666000,-1091000
2016/11/15,0,1186846,-566816,620030
2016/11/16,0,565000,-920789,-355789
2016/11/17,0,1064000,-1336690,-272690
2016/11/18,0,788327,-661232,127095
2016/11/21,0,1559000,-708052,850948
2016/11/22,0,1218192,-765000,453192
2016/11/23,0,1476000,-451422,1024578
2016/11/24,0,357000,-631466,-274466
2016/11/25,0,941000,-471759,469241
2016/11/28,0,924000,-291000,633000
2016/11/29,0,1338876,-286961,1051915
2016/11/30,0,549000,-310593,238407
2016/12/01,0,157000,-344383,-187383
2016/12/02,0,444000,-456029,-12029
2016/12/05,0,570000,-449055,120945
2016/12/06,0,540000,-278151,261849
2016/12/07,0,541000,-366939,174061
2016/12/08,0,993000,-447881,545119
2016/12/09,0,415000,-712823,-297823
2016/12/12,0,194000,-649963,-455963
2016/12/13,0,900000,-220676,679324
2016/12/14,0,439000,-547774,-108774
2016/12/15,0,417000,-146000,271000
2016/12/16,0,294000,-334700,-40700
2016/12/19,0,335000,-172000,163000
2016/12/20,0,276000,-455593,-179593
2016/12/21,0,1150000,-890000,260000
2016/12/22,0,250000,-136000,114000
2016/12/23,0,247000,-363000,-116000
2016/12/26,0,443000,-322000,121000
2016/12/27,0,19000,-232000,-213000
2016/12/28,0,158000,-112000,46000
2016/12/29,0,203000,-182590,20410
2016/12/30,0,257000,-75000,182000
2017/01/02,0,0,0,0
2017/01/03,0,351000,-132000,219000
2017/01/04,0,646000,-355121,290879
2017/01/05,0,211000,-322770,-111770
2017/01/06,0,273000,-637406,-364406
2017/01/09,0,581000,-509000,72000
2017/01/10,0,363000,-265000,98000
2017/01/11,0,364000,-319936,44064
2017/01/12,0,293000,-714891,-421891
2017/01/13,0,312000,-301107,10893
2017/01/16,0,183000,-882797,-699797
2017/01/17,0,436000,-258715,177285
2017/01/18,0,300000,-898715,-598715
2017/01/19,0,263066,-283938,-20872
2017/01/20,0,78000,-261215,-183215
2017/01/23,0,888000,-558584,329416
2017/01/24,0,3447780,-2050553,1397227
2017/01/25,0,0,0,0
2017/01/26,0,0,0,0
2017/01/27,0,0,0,0
2017/01/30,0,0,0,0
2017/01/31,0,0,0,0
2017/02/01,0,0,0,0
2017/02/02,0,1532000,-930741,601259
2017/02/03,0,1052000,-1272000,-220000
2017/02/06,0,479000,-547571,-68571
2017/02/07,0,1007000,-2116933,-1109933
2017/02/08,0,289000,-1010325,-721325
2017/02/09,0,393000,-762508,-369508
2017/02/10,0,1058780,-1314980,-256200
2017/02/13,0,1209000,-739085,469915
2017/02/14,0,861780,-886000,-24220
2017/02/15,0,1054000,-1822463,-768463
2017/02/16,0,658780,-999000,-340220
2017/02/17,0,231262,-1357419,-1126157
2017/02/20,0,342000,-400796,-58796
2017/02/21,0,262000,-274178,-12178
2017/02/22,0,221670,-603834,-382164
2017/02/23,0,380000,-1007000,-627000
2017/02/24,0,72000,-1250000,-1178000
2017/02/27,0,0,0,0
2017/02/28,0,0,0,0
2017/03/01,0,1098000,-1452044,-354044
2017/03/02,0,1280000,-1560000,-280000
2017/03/03,0,778000,-1448001,-670001
2017/03/06,0,920000,-455000,465000
2017/03/07,0,2007000,-797305,1209695
2017/03/08,0,1269000,-1081000,188000
2017/03/09,0,424667,-1376000,-951333
2017/03/10,0,275000,-1097019,-822019
2017/03/13,0,508764,-666340,-157576
2017/03/14,0,440000,-439000,1000
2017/03/15,0,128000,-773099,-645099
2017/03/16,0,632000,-2156682,-1524682
2017/03/17,0,279000,-913563,-634563
2017/03/20,0,2750834,-2391803,359031
2017/03/21,0,844667,-608149,236518
2017/03/22,0,609000,-2750987,-2141987
2017/03/23,0,1323000,-929636,393364
2017/03/24,0,994667,-1451665,-456998
2017/03/27,0,486000,-576003,-90003
2017/03/28,0,2343000,-286000,2057000
2017/03/29,0,1795000,-187536,1607464
2017/03/30,0,748000,-271217,476783
2017/03/31,0,1747000,-1214206,532794
2017/04/03,0,0,0,0
2017/04/04,0,0,0,0
2017/04/05,0,1153068,-1445613,-292545
2017/04/06,0,661000,-559000,102000
2017/04/07,0,1160000,-657000,503000
2017/04/10,0,432000,-431000,1000
2017/04/11,0,637890,-867000,-229110
2017/04/12,0,2737000,-524496,2212504
2017/04/13,0,814000,-1081000,-267000
2017/04/14,0,533000,-234000,299000
2017/04/17,0,462000,-439000,23000
2017/04/18,0,1135000,-410000,725000
2017/04/19,0,513000,-1081000,-568000
