Date,Open,Buy,Sell,Total
2007/01/02,0,362000,-150000,212000
2007/01/03,0,0,0,0
2007/01/04,0,260000,-230119,29881
2007/01/05,0,0,0,0
2007/01/08,0,0,0,0
2007/01/09,0,164000,-473,163527
2007/01/10,0,140000,0,140000
2007/01/11,0,869000,0,869000
2007/01/12,0,451000,-150000,301000
2007/01/15,0,160000,0,160000
2007/01/16,0,60000,0,60000
2007/01/17,0,0,-50000,-50000
2007/01/18,0,58000,0,58000
2007/01/19,0,0,-499000,-499000
2007/01/22,0,1620000,-426000,1194000
2007/01/23,0,820000,0,820000
2007/01/24,0,584000,0,584000
2007/01/25,0,200000,0,200000
2007/01/26,0,525000,0,525000
2007/01/29,0,421000,-580000,-159000
2007/01/30,0,300000,-5000,295000
2007/01/31,0,0,-6000,-6000
2007/02/01,0,0,-74000,-74000
2007/02/02,0,0,-480000,-480000
2007/02/05,0,50000,-222000,-172000
2007/02/06,0,10000,-395000,-385000
2007/02/07,0,121000,-33000,88000
2007/02/08,0,0,-90000,-90000
2007/02/09,0,299000,-35000,264000
2007/02/12,0,0,-250000,-250000
2007/02/13,0,0,-100000,-100000
2007/02/14,0,0,-215,-215
2007/02/15,0,0,0,0
2007/02/16,0,0,0,0
2007/02/19,0,0,0,0
2007/02/20,0,0,0,0
2007/02/21,0,0,0,0
2007/02/22,0,0,0,0
2007/02/23,0,0,0,0
2007/02/26,0,40000,0,40000
2007/02/27,0,15000,0,15000
2007/02/28,0,0,0,0
2007/03/01,0,4119000,-796000,3323000
2007/03/02,0,1010000,-1863000,-853000
2007/03/05,0,20000,-478000,-458000
2007/03/06,0,0,-2168000,-2168000
2007/03/07,0,40000,-535000,-495000
2007/03/08,0,0,-50000,-50000
2007/03/09,0,60000,-5000,55000
2007/03/12,0,0,-45000,-45000
2007/03/13,0,54000,0,54000
2007/03/14,0,49000,-15000,34000
2007/03/15,0,133000,-524000,-391000
2007/03/16,0,5000,0,5000
2007/03/19,0,50000,-280491,-230491
2007/03/20,0,0,-285000,-285000
2007/03/21,0,10000,-412000,-402000
2007/03/22,0,65000,-58000,7000
2007/03/23,0,0,-1250000,-1250000
2007/03/26,0,0,-1100000,-1100000
2007/03/27,0,0,-248000,-248000
2007/03/28,0,0,-250000,-250000
2007/03/29,0,30000,0,30000
2007/03/30,0,0,0,0
2007/04/02,0,0,0,0
2007/04/03,0,0,-176000,-176000
2007/04/04,0,0,0,0
2007/04/05,0,0,0,0
2007/04/06,0,0,0,0
2007/04/09,0,0,-74000,-74000
2007/04/10,0,0,-991000,-991000
2007/04/11,0,508000,-2024000,-1516000
2007/04/12,0,0,-431000,-431000
2007/04/13,0,45000,-555943,-510943
2007/04/16,0,0,-400000,-400000
2007/04/17,0,0,-137000,-137000
2007/04/18,0,0,-163000,-163000
2007/04/19,0,245000,0,245000
2007/04/20,0,2074000,0,2074000
2007/04/23,0,769000,0,769000
2007/04/24,0,86000,0,86000
2007/04/25,0,248000,-89000,159000
2007/04/26,0,539000,0,539000
2007/04/27,0,0,-500000,-500000
2007/04/30,0,0,0,0
2007/05/01,0,0,0,0
2007/05/02,0,0,-240000,-240000
2007/05/03,0,0,-60898,-60898
2007/05/04,0,0,-30000,-30000
2007/05/07,0,0,0,0
2007/05/08,0,0,0,0
2007/05/09,0,0,-635000,-635000
2007/05/10,0,158000,-9000,149000
2007/05/11,0,0,-110000,-110000
2007/05/14,0,0,0,0
2007/05/15,0,16000,0,16000
2007/05/16,0,0,0,0
2007/05/17,0,863000,0,863000
2007/05/18,0,818000,-30000,788000
2007/05/21,0,2431000,0,2431000
2007/05/22,0,766000,-825000,-59000
2007/05/23,0,100000,-825000,-725000
2007/05/24,0,444000,0,444000
2007/05/25,0,282000,0,282000
2007/05/28,0,0,0,0
2007/05/29,0,0,-100000,-100000
2007/05/30,0,0,0,0
2007/05/31,0,200000,0,200000
2007/06/01,0,250000,0,250000
2007/06/04,0,0,-15000,-15000
2007/06/05,0,0,0,0
2007/06/06,0,900000,0,900000
2007/06/07,0,100000,0,100000
2007/06/08,0,0,0,0
2007/06/11,0,100000,0,100000
2007/06/12,0,0,-50000,-50000
2007/06/13,0,0,0,0
2007/06/14,0,0,0,0
2007/06/15,0,0,-325000,-325000
2007/06/18,0,0,0,0
2007/06/19,0,0,0,0
2007/06/20,0,595000,-381000,214000
2007/06/21,0,515000,-385000,130000
2007/06/22,0,211000,-100000,111000
2007/06/25,0,300000,0,300000
2007/06/26,0,0,0,0
2007/06/27,0,165000,-30000,135000
2007/06/28,0,60000,0,60000
2007/06/29,0,0,0,0
2007/07/02,0,20000,0,20000
2007/07/03,0,190000,0,190000
2007/07/04,0,100000,0,100000
2007/07/05,0,0,0,0
2007/07/06,0,318000,-200000,118000
2007/07/09,0,17000,-39000,-22000
2007/07/10,0,0,-240000,-240000
2007/07/11,0,120000,-202000,-82000
2007/07/12,0,100000,-580000,-480000
2007/07/13,0,160000,-634000,-474000
2007/07/16,0,0,-22000,-22000
2007/07/17,0,0,-200000,-200000
2007/07/18,0,23000,-823000,-800000
2007/07/19,0,0,0,0
2007/07/20,0,0,-53000,-53000
2007/07/23,0,0,-1212000,-1212000
2007/07/24,0,0,-590000,-590000
2007/07/25,0,0,-20000,-20000
2007/07/26,0,300000,-238000,62000
2007/07/27,0,250000,-190000,60000
2007/07/30,0,0,0,0
2007/07/31,0,0,0,0
2007/08/01,0,1000,0,1000
2007/08/02,0,0,-628000,-628000
2007/08/03,0,0,-200000,-200000
2007/08/06,0,0,-318000,-318000
2007/08/07,0,131000,-442000,-311000
2007/08/08,0,25000,-200000,-175000
2007/08/09,0,0,-460000,-460000
2007/08/10,0,0,-180000,-180000
2007/08/13,0,0,-160000,-160000
2007/08/14,0,0,-150000,-150000
2007/08/15,0,0,-50000,-50000
2007/08/16,0,1000,-582000,-581000
2007/08/17,0,0,-240000,-240000
2007/08/20,0,0,-11000,-11000
2007/08/21,0,0,-779000,-779000
2007/08/22,0,2000,0,2000
2007/08/23,0,601000,-118000,483000
2007/08/24,0,0,0,0
2007/08/27,0,120000,0,120000
2007/08/28,0,400000,-65000,335000
2007/08/29,0,39000,0,39000
2007/08/30,0,0,0,0
2007/08/31,0,2290000,-1000,2289000
2007/09/03,0,0,-21000,-21000
2007/09/04,0,145000,-19955,125045
2007/09/05,0,0,0,0
2007/09/06,0,100000,0,100000
2007/09/07,0,160000,-19955,140045
2007/09/10,0,0,-340000,-340000
2007/09/11,0,83000,-200000,-117000
2007/09/12,0,156000,-400000,-244000
2007/09/13,0,105000,-35985,69015
2007/09/14,0,244000,0,244000
2007/09/17,0,267000,0,267000
2007/09/18,0,0,0,0
2007/09/19,0,0,-120000,-120000
2007/09/20,0,25000,-1175446,-1150446
2007/09/21,0,41000,-33000,8000
2007/09/24,0,0,0,0
2007/09/25,0,0,0,0
2007/09/26,0,50000,-48000,2000
2007/09/27,0,784000,0,784000
2007/09/28,0,750000,0,750000
2007/10/01,0,366000,0,366000
2007/10/02,0,50000,0,50000
2007/10/03,0,134000,-842,133158
2007/10/04,0,91000,-67248,23752
2007/10/05,0,200000,-18000,182000
2007/10/08,0,300000,0,300000
2007/10/09,0,100000,-269000,-169000
2007/10/10,0,0,0,0
2007/10/11,0,0,0,0
2007/10/12,0,0,-305000,-305000
2007/10/15,0,0,-991,-991
2007/10/16,0,0,-311211,-311211
2007/10/17,0,0,-469820,-469820
2007/10/18,0,50000,0,50000
2007/10/19,0,500000,-519000,-19000
2007/10/22,0,0,-750000,-750000
2007/10/23,0,0,0,0
2007/10/24,0,848000,0,848000
2007/10/25,0,250000,-1000,249000
2007/10/26,0,214000,-489000,-275000
2007/10/29,0,100000,0,100000
2007/10/30,0,70000,0,70000
2007/10/31,0,29000,0,29000
2007/11/01,0,469000,0,469000
2007/11/02,0,0,0,0
2007/11/05,0,0,-173777,-173777
2007/11/06,0,21000,0,21000
2007/11/07,0,0,-1201759,-1201759
2007/11/08,0,450000,-239000,211000
2007/11/09,0,350000,-230000,120000
2007/11/12,0,1000,-685,315
2007/11/13,0,18000,-350000,-332000
2007/11/14,0,86000,0,86000
2007/11/15,0,51000,-30000,21000
2007/11/16,0,0,-359000,-359000
2007/11/19,0,4000,0,4000
2007/11/20,0,110000,0,110000
2007/11/21,0,320000,-21000,299000
2007/11/22,0,1000,0,1000
2007/11/23,0,71000,-105000,-34000
2007/11/26,0,0,-245000,-245000
2007/11/27,0,5000,0,5000
2007/11/28,0,100000,0,100000
2007/11/29,0,0,0,0
2007/11/30,0,0,-233000,-233000
2007/12/03,0,30000,0,30000
2007/12/04,0,388000,-200865,187135
2007/12/05,0,230000,0,230000
2007/12/06,0,260000,0,260000
2007/12/07,0,382000,-293000,89000
2007/12/10,0,206000,-25000,181000
2007/12/11,0,0,-70000,-70000
2007/12/12,0,139000,-100000,39000
2007/12/13,0,6000,0,6000
2007/12/14,0,0,-300000,-300000
2007/12/17,0,101000,-350000,-249000
2007/12/18,0,100000,-639000,-539000
2007/12/19,0,203000,-593000,-390000
2007/12/20,0,0,-119000,-119000
2007/12/21,0,110000,-32982,77018
2007/12/24,0,320000,0,320000
2007/12/25,0,0,-1000,-1000
2007/12/26,0,0,0,0
2007/12/27,0,6000,-420345,-414345
2007/12/28,0,0,-1000,-1000
2007/12/31,0,0,-240000,-240000
2008/01/01,0,0,0,0
2008/01/02,0,0,-84000,-84000
2008/01/03,0,0,-229000,-229000
2008/01/04,0,0,-68000,-68000
2008/01/07,0,0,-193000,-193000
2008/01/08,0,1000,-73000,-72000
2008/01/09,0,0,-679732,-679732
2008/01/10,0,3000,0,3000
2008/01/11,0,0,-284000,-284000
2008/01/14,0,0,0,0
2008/01/15,0,0,-140000,-140000
2008/01/16,0,0,-160000,-160000
2008/01/17,0,0,-1907000,-1907000
2008/01/18,0,4000,0,4000
2008/01/21,0,0,0,0
2008/01/22,0,0,0,0
2008/01/23,0,1000,-442000,-441000
2008/01/24,0,1000,-285000,-284000
2008/01/25,0,0,0,0
2008/01/28,0,0,0,0
2008/01/29,0,7000,0,7000
2008/01/30,0,0,0,0
2008/01/31,0,0,-100000,-100000
2008/02/01,0,1000,0,1000
2008/02/04,0,0,0,0
2008/02/05,0,0,0,0
2008/02/06,0,0,0,0
2008/02/07,0,0,0,0
2008/02/08,0,0,0,0
2008/02/11,0,0,0,0
2008/02/12,0,0,-251000,-251000
2008/02/13,0,0,0,0
2008/02/14,0,0,0,0
2008/02/15,0,1000,0,1000
2008/02/18,0,0,0,0
2008/02/19,0,0,0,0
2008/02/20,0,0,0,0
2008/02/21,0,0,0,0
2008/02/22,0,0,0,0
2008/02/25,0,0,0,0
2008/02/26,0,0,0,0
2008/02/27,0,0,-17000,-17000
2008/02/28,0,0,0,0
2008/02/29,0,0,0,0
2008/03/03,0,0,-2000,-2000
2008/03/04,0,0,0,0
2008/03/05,0,0,0,0
2008/03/06,0,0,0,0
2008/03/07,0,0,0,0
2008/03/10,0,1000,0,1000
2008/03/11,0,0,0,0
2008/03/12,0,1000,-15000,-14000
2008/03/13,0,0,0,0
2008/03/14,0,1000000,0,1000000
2008/03/17,0,0,0,0
2008/03/18,0,4000,0,4000
2008/03/19,0,0,0,0
2008/03/20,0,0,-400000,-400000
2008/03/21,0,1000,0,1000
2008/03/24,0,1000,0,1000
2008/03/25,0,115000,-1000,114000
2008/03/26,0,2866000,0,2866000
2008/03/27,0,1552000,0,1552000
2008/03/28,0,801000,0,801000
2008/03/31,0,306000,0,306000
2008/04/01,0,625000,0,625000
2008/04/02,0,310000,-26000,284000
2008/04/03,0,1180000,-172,1179828
2008/04/04,0,0,0,0
2008/04/07,0,683000,0,683000
2008/04/08,0,747000,0,747000
2008/04/09,0,755000,0,755000
2008/04/10,0,0,0,0
2008/04/11,0,200000,0,200000
2008/04/14,0,0,0,0
2008/04/15,0,280000,0,280000
2008/04/16,0,0,-400000,-400000
2008/04/17,0,0,0,0
2008/04/18,0,20000,0,20000
2008/04/21,0,80000,0,80000
2008/04/22,0,1405000,0,1405000
2008/04/23,0,2370000,0,2370000
2008/04/24,0,3645000,-100000,3545000
2008/04/25,0,0,-1284664,-1284664
2008/04/28,0,0,-31000,-31000
2008/04/29,0,40000,-940000,-900000
2008/04/30,0,80000,-279000,-199000
2008/05/01,0,0,0,0
2008/05/02,0,1000000,0,1000000
2008/05/05,0,0,0,0
2008/05/06,0,0,0,0
2008/05/07,0,200000,0,200000
2008/05/08,0,0,-57000,-57000
2008/05/09,0,0,-77000,-77000
2008/05/12,0,13000,-40000,-27000
2008/05/13,0,100000,-5000,95000
2008/05/14,0,0,0,0
2008/05/15,0,0,0,0
2008/05/16,0,445000,-454000,-9000
2008/05/19,0,40000,0,40000
2008/05/20,0,931000,-640000,291000
2008/05/21,0,405000,-213000,192000
2008/05/22,0,60000,-439000,-379000
2008/05/23,0,175000,-67000,108000
2008/05/26,0,0,-225000,-225000
2008/05/27,0,21000,0,21000
2008/05/28,0,435000,-4000,431000
2008/05/29,0,0,0,0
2008/05/30,0,0,0,0
2008/06/02,0,0,-80000,-80000
2008/06/03,0,44000,0,44000
2008/06/04,0,0,-160000,-160000
2008/06/05,0,1000,-98000,-97000
2008/06/06,0,0,-150000,-150000
2008/06/09,0,0,-50000,-50000
2008/06/10,0,0,0,0
2008/06/11,0,1000,-80000,-79000
2008/06/12,0,1000,0,1000
2008/06/13,0,1000,-250000,-249000
2008/06/16,0,9000,0,9000
2008/06/17,0,0,0,0
2008/06/18,0,30000,0,30000
2008/06/19,0,5000,0,5000
2008/06/20,0,100000,-197000,-97000
2008/06/23,0,0,0,0
2008/06/24,0,1000,-285000,-284000
2008/06/25,0,0,-357000,-357000
2008/06/26,0,200000,0,200000
2008/06/27,0,1000,0,1000
2008/06/30,0,301000,0,301000
2008/07/01,0,1000,0,1000
2008/07/02,0,0,0,0
2008/07/03,0,0,0,0
2008/07/04,0,202000,-130000,72000
2008/07/07,0,76000,-100000,-24000
2008/07/08,0,110000,-220000,-110000
2008/07/09,0,60000,-391000,-331000
2008/07/10,0,0,-410000,-410000
2008/07/11,0,300000,0,300000
2008/07/14,0,246000,0,246000
2008/07/15,0,2000,0,2000
2008/07/16,0,250000,-120000,130000
2008/07/17,0,777000,0,777000
2008/07/18,0,504000,-80000,424000
2008/07/21,0,417000,0,417000
2008/07/22,0,1000,-625000,-624000
2008/07/23,0,1000,-20000,-19000
2008/07/24,0,511000,0,511000
2008/07/25,0,200000,-158000,42000
2008/07/28,0,0,0,0
2008/07/29,0,100000,-267000,-167000
2008/07/30,0,101000,-464000,-363000
2008/07/31,0,0,-301000,-301000
2008/08/01,0,1000,-130000,-129000
2008/08/04,0,0,-110000,-110000
2008/08/05,0,0,-970000,-970000
2008/08/06,0,192000,-815000,-623000
2008/08/07,0,0,-433000,-433000
2008/08/08,0,1000,-300000,-299000
2008/08/11,0,0,-1380000,-1380000
2008/08/12,0,0,-1850000,-1850000
2008/08/13,0,0,-780000,-780000
2008/08/14,0,0,-524000,-524000
2008/08/15,0,0,-521000,-521000
2008/08/18,0,0,-419000,-419000
2008/08/19,0,0,-1030000,-1030000
2008/08/20,0,0,-750000,-750000
2008/08/21,0,0,-208000,-208000
2008/08/22,0,1000,-170000,-169000
2008/08/25,0,0,-867000,-867000
2008/08/26,0,23000,-1000,22000
2008/08/27,0,0,-508000,-508000
2008/08/28,0,159000,-237000,-78000
2008/08/29,0,0,0,0
2008/09/01,0,1000,0,1000
2008/09/02,0,0,0,0
2008/09/03,0,288000,-330000,-42000
2008/09/04,0,302000,0,302000
2008/09/05,0,1000,-150000,-149000
2008/09/08,0,2000,-300000,-298000
2008/09/09,0,3000,0,3000
2008/09/10,0,1000,-1015000,-1014000
2008/09/11,0,70000,-900000,-830000
2008/09/12,0,80000,-300000,-220000
2008/09/15,0,0,-633650,-633650
2008/09/16,0,0,-835700,-835700
2008/09/17,0,54000,-3569950,-3515950
2008/09/18,0,1000,-1270450,-1269450
2008/09/19,0,0,-470850,-470850
2008/09/22,0,0,0,0
2008/09/23,0,0,0,0
2008/09/24,0,0,-500,-500
2008/09/25,0,22000,0,22000
2008/09/26,0,0,-23000,-23000
2008/09/29,0,0,0,0
2008/09/30,0,0,-250,-250
2008/10/01,0,1000,-700,300
2008/10/02,0,0,0,0
2008/10/03,0,1102000,-600000,502000
2008/10/06,0,1150000,-663000,487000
2008/10/07,0,0,-1000,-1000
2008/10/08,0,14000,-144250,-130250
2008/10/09,0,0,-19000,-19000
2008/10/10,0,0,0,0
2008/10/13,0,0,0,0
2008/10/14,0,0,-322500,-322500
2008/10/15,0,118000,-1175839,-1057839
2008/10/16,0,2000,0,2000
2008/10/17,0,70000,-1000,69000
2008/10/20,0,0,0,0
2008/10/21,0,0,0,0
2008/10/22,0,292000,0,292000
2008/10/23,0,0,0,0
2008/10/24,0,1625000,-1300,1623700
2008/10/27,0,80000,-75000,5000
2008/10/28,0,860000,-237000,623000
2008/10/29,0,0,-1000,-1000
2008/10/30,0,928000,0,928000
2008/10/31,0,0,0,0
2008/11/03,0,35000,0,35000
2008/11/04,0,0,0,0
2008/11/05,0,1000,0,1000
2008/11/06,0,0,-160000,-160000
2008/11/07,0,0,0,0
2008/11/10,0,760000,0,760000
2008/11/11,0,600000,-35000,565000
2008/11/12,0,1000,0,1000
2008/11/13,0,0,0,0
2008/11/14,0,400000,-173000,227000
2008/11/17,0,1000,-377000,-376000
2008/11/18,0,0,-208000,-208000
2008/11/19,0,0,-245000,-245000
2008/11/20,0,60000,-522250,-462250
2008/11/21,0,430000,-106000,324000
2008/11/24,0,1000,0,1000
2008/11/25,0,3000,0,3000
2008/11/26,0,0,0,0
2008/11/27,0,4000,0,4000
2008/11/28,0,0,0,0
2008/12/01,0,0,0,0
2008/12/02,0,0,0,0
2008/12/03,0,0,-6000,-6000
2008/12/04,0,1000,0,1000
2008/12/05,0,0,0,0
2008/12/08,0,0,0,0
2008/12/09,0,127000,0,127000
2008/12/10,0,0,0,0
2008/12/11,0,7000,-150000,-143000
2008/12/12,0,0,-674000,-674000
2008/12/15,0,0,-1027000,-1027000
2008/12/16,0,0,-494000,-494000
2008/12/17,0,1000,-496000,-495000
2008/12/18,0,721000,-1000,720000
2008/12/19,0,0,0,0
2008/12/22,0,0,0,0
2008/12/23,0,0,-290000,-290000
2008/12/24,0,0,0,0
2008/12/25,0,0,0,0
2008/12/26,0,39000,0,39000
2008/12/29,0,0,0,0
2008/12/30,0,0,0,0
2008/12/31,0,0,0,0
2009/01/01,0,0,0,0
2009/01/02,0,0,0,0
2009/01/05,0,0,0,0
2009/01/06,0,0,0,0
2009/01/07,0,0,-392228,-392228
2009/01/08,0,0,0,0
2009/01/09,0,1000,0,1000
2009/01/12,0,1000,0,1000
2009/01/13,0,62000,0,62000
2009/01/14,0,0,0,0
2009/01/15,0,0,0,0
2009/01/16,0,0,-500000,-500000
2009/01/19,0,0,0,0
2009/01/20,0,0,0,0
2009/01/21,0,0,0,0
2009/01/22,0,0,0,0
2009/01/23,0,0,0,0
2009/01/26,0,0,0,0
2009/01/27,0,0,0,0
2009/01/28,0,0,0,0
2009/01/29,0,0,0,0
2009/01/30,0,0,0,0
2009/02/02,0,0,0,0
2009/02/03,0,0,0,0
2009/02/04,0,0,0,0
2009/02/05,0,0,0,0
2009/02/06,0,1000,0,1000
2009/02/09,0,0,0,0
2009/02/10,0,1000,0,1000
2009/02/11,0,0,-1632750,-1632750
2009/02/12,0,0,0,0
2009/02/13,0,590000,0,590000
2009/02/16,0,160000,-189000,-29000
2009/02/17,0,4000,-752000,-748000
2009/02/18,0,0,-31000,-31000
2009/02/19,0,0,-250,-250
2009/02/20,0,0,-401000,-401000
2009/02/23,0,0,0,0
2009/02/24,0,0,0,0
2009/02/25,0,0,0,0
2009/02/26,0,0,0,0
2009/02/27,0,0,0,0
2009/03/02,0,9000,0,9000
2009/03/03,0,0,0,0
2009/03/04,0,0,0,0
2009/03/05,0,0,0,0
2009/03/06,0,0,0,0
2009/03/09,0,0,0,0
2009/03/10,0,0,0,0
2009/03/11,0,0,0,0
2009/03/12,0,1000,0,1000
2009/03/13,0,3000,-2000,1000
2009/03/16,0,0,0,0
2009/03/17,0,3000,-1000,2000
2009/03/18,0,140000,-2000,138000
2009/03/19,0,0,0,0
2009/03/20,0,0,-1000,-1000
2009/03/23,0,0,-2000,-2000
2009/03/24,0,0,-3000,-3000
2009/03/25,0,0,0,0
2009/03/26,0,550000,0,550000
2009/03/27,0,350000,0,350000
2009/03/30,0,0,0,0
2009/03/31,0,0,-1000,-1000
2009/04/01,0,0,0,0
2009/04/02,0,0,-7000,-7000
2009/04/03,0,0,-1000,-1000
2009/04/06,0,150000,-1000,149000
2009/04/07,0,2000,0,2000
2009/04/08,0,0,-1000,-1000
2009/04/09,0,0,0,0
2009/04/10,0,500000,0,500000
2009/04/13,0,0,-1000,-1000
2009/04/14,0,120000,-3000,117000
2009/04/15,0,120000,0,120000
2009/04/16,0,0,-2000,-2000
2009/04/17,0,0,0,0
2009/04/20,0,0,-50000,-50000
2009/04/21,0,0,0,0
2009/04/22,0,0,-50000,-50000
2009/04/23,0,610000,-195000,415000
2009/04/24,0,300000,0,300000
2009/04/27,0,2000000,0,2000000
2009/04/28,0,1031000,0,1031000
2009/04/29,0,1231000,0,1231000
2009/04/30,0,150000,-13000,137000
2009/05/01,0,0,0,0
2009/05/04,0,833000,0,833000
2009/05/05,0,9000,0,9000
2009/05/06,0,0,-3000,-3000
2009/05/07,0,0,-593000,-593000
2009/05/08,0,140000,-401000,-261000
2009/05/11,0,207000,0,207000
2009/05/12,0,0,0,0
2009/05/13,0,0,-169000,-169000
2009/05/14,0,100000,-110000,-10000
2009/05/15,0,152000,-676000,-524000
2009/05/18,0,0,-200500,-200500
2009/05/19,0,50000,-100000,-50000
2009/05/20,0,294000,-1000,293000
2009/05/21,0,266000,0,266000
2009/05/22,0,263000,-50000,213000
2009/05/25,0,5000,0,5000
2009/05/26,0,290000,-35000,255000
2009/05/27,0,0,-26000,-26000
2009/05/28,0,0,0,0
2009/05/29,0,0,0,0
2009/06/01,0,0,-518000,-518000
2009/06/02,0,0,-500000,-500000
2009/06/03,0,0,-681000,-681000
2009/06/04,0,0,-500000,-500000
2009/06/05,0,0,0,0
2009/06/08,0,0,-674000,-674000
2009/06/09,0,0,-250000,-250000
2009/06/10,0,0,0,0
2009/06/11,0,1000,0,1000
2009/06/12,0,0,0,0
2009/06/15,0,10000,-430000,-420000
2009/06/16,0,131000,-570000,-439000
2009/06/17,0,0,0,0
2009/06/18,0,1000,-350000,-349000
2009/06/19,0,0,-903000,-903000
2009/06/22,0,0,0,0
2009/06/23,0,0,-2000,-2000
2009/06/24,0,0,-151000,-151000
2009/06/25,0,0,-150000,-150000
2009/06/26,0,0,-100000,-100000
2009/06/29,0,0,0,0
2009/06/30,0,0,0,0
2009/07/01,0,0,0,0
2009/07/02,0,778000,0,778000
2009/07/03,0,1252000,-1000,1251000
2009/07/06,0,500000,0,500000
2009/07/07,0,1000,0,1000
2009/07/08,0,0,-1000,-1000
2009/07/09,0,551000,-173000,378000
2009/07/10,0,0,-605000,-605000
2009/07/13,0,0,-2000,-2000
2009/07/14,0,0,-2000,-2000
2009/07/15,0,0,0,0
2009/07/16,0,1215000,0,1215000
2009/07/17,0,500000,0,500000
2009/07/20,0,200000,-377000,-177000
2009/07/21,0,200000,0,200000
2009/07/22,0,200000,-1000,199000
2009/07/23,0,0,0,0
2009/07/24,0,0,-1000,-1000
2009/07/27,0,0,-100000,-100000
2009/07/28,0,0,0,0
2009/07/29,0,0,-9000,-9000
2009/07/30,0,0,-12000,-12000
2009/07/31,0,0,-13000,-13000
2009/08/03,0,0,-12000,-12000
2009/08/04,0,0,0,0
2009/08/05,0,100000,0,100000
2009/08/06,0,0,0,0
2009/08/07,0,0,0,0
2009/08/10,0,1000,0,1000
2009/08/11,0,0,-360000,-360000
2009/08/12,0,0,0,0
2009/08/13,0,0,-12000,-12000
2009/08/14,0,0,0,0
2009/08/17,0,0,0,0
2009/08/18,0,0,0,0
2009/08/19,0,0,0,0
2009/08/20,0,0,0,0
2009/08/21,0,0,0,0
2009/08/24,0,1000,0,1000
2009/08/25,0,0,0,0
2009/08/26,0,0,0,0
2009/08/27,0,0,0,0
2009/08/28,0,0,-175000,-175000
2009/08/31,0,0,0,0
2009/09/01,0,0,0,0
2009/09/02,0,390000,0,390000
2009/09/03,0,561000,0,561000
2009/09/04,0,130000,0,130000
2009/09/07,0,430000,-1000,429000
2009/09/08,0,2123000,0,2123000
2009/09/09,0,2524000,-4000,2520000
2009/09/10,0,0,0,0
2009/09/11,0,0,-430000,-430000
2009/09/14,0,10000,-673000,-663000
2009/09/15,0,0,0,0
2009/09/16,0,1931000,-116000,1815000
2009/09/17,0,1230000,-200000,1030000
2009/09/18,0,1491000,-597000,894000
2009/09/21,0,0,-288000,-288000
2009/09/22,0,632000,-190000,442000
2009/09/23,0,0,-825000,-825000
2009/09/24,0,0,-90000,-90000
2009/09/25,0,0,0,0
2009/09/28,0,0,0,0
2009/09/29,0,0,0,0
2009/09/30,0,0,-110000,-110000
2009/10/01,0,62000,-24500,37500
2009/10/02,0,0,-94800,-94800
2009/10/05,0,0,0,0
2009/10/06,0,3056000,-89000,2967000
2009/10/07,0,925000,0,925000
2009/10/08,0,0,0,0
2009/10/09,0,290000,0,290000
2009/10/12,0,0,0,0
2009/10/13,0,1000,0,1000
2009/10/14,0,0,-16000,-16000
2009/10/15,0,0,0,0
2009/10/16,0,0,0,0
2009/10/19,0,1112000,0,1112000
2009/10/20,0,1515000,0,1515000
2009/10/21,0,1001000,0,1001000
2009/10/22,0,360000,0,360000
2009/10/23,0,514000,0,514000
2009/10/26,0,0,0,0
2009/10/27,0,60000,0,60000
2009/10/28,0,0,0,0
2009/10/29,0,600000,-1000,599000
2009/10/30,0,200000,0,200000
2009/11/02,0,400000,0,400000
2009/11/03,0,341000,0,341000
2009/11/04,0,300000,0,300000
2009/11/05,0,0,-2000,-2000
2009/11/06,0,697000,0,697000
2009/11/09,0,314000,0,314000
2009/11/10,0,1000,0,1000
2009/11/11,0,0,0,0
2009/11/12,0,600000,0,600000
2009/11/13,0,237000,-1000,236000
2009/11/16,0,0,-1550,-1550
2009/11/17,0,500000,-1599500,-1099500
2009/11/18,0,300000,0,300000
2009/11/19,0,100000,-401000,-301000
2009/11/20,0,424000,0,424000
2009/11/23,0,0,0,0
2009/11/24,0,0,-176500,-176500
2009/11/25,0,900000,-411000,489000
2009/11/26,0,250000,0,250000
2009/11/27,0,200000,-645000,-445000
2009/11/30,0,400000,-600000,-200000
2009/12/01,0,250000,-600000,-350000
2009/12/02,0,400000,-1109000,-709000
2009/12/03,0,0,-465000,-465000
2009/12/04,0,411000,-185000,226000
2009/12/07,0,500000,0,500000
2009/12/08,0,200000,-300000,-100000
2009/12/09,0,500000,-303250,196750
2009/12/10,0,0,-300000,-300000
2009/12/11,0,0,-772000,-772000
2009/12/14,0,1559000,0,1559000
2009/12/15,0,775000,0,775000
2009/12/16,0,100000,-60000,40000
2009/12/17,0,690000,0,690000
2009/12/18,0,80000,0,80000
2009/12/21,0,0,0,0
2009/12/22,0,1732000,0,1732000
2009/12/23,0,76000,0,76000
2009/12/24,0,500000,0,500000
2009/12/25,0,795000,-101000,694000
2009/12/28,0,353000,0,353000
2009/12/29,0,586000,0,586000
2009/12/30,0,455000,0,455000
2009/12/31,0,400000,-156000,244000
2010/01/01,0,0,0,0
2010/01/04,0,0,0,0
2010/01/05,0,0,-100000,-100000
2010/01/06,0,0,0,0
2010/01/07,0,0,-254500,-254500
2010/01/08,0,0,-949000,-949000
2010/01/11,0,0,-1346000,-1346000
2010/01/12,0,0,-2819000,-2819000
2010/01/13,0,0,-723250,-723250
2010/01/14,0,0,-1073000,-1073000
2010/01/15,0,0,0,0
2010/01/18,0,120000,0,120000
2010/01/19,0,130000,-43000,87000
2010/01/20,0,140000,-1000,139000
2010/01/21,0,1099000,0,1099000
2010/01/22,0,283000,0,283000
2010/01/25,0,900000,-220000,680000
2010/01/26,0,180000,-35000,145000
2010/01/27,0,817000,-56000,761000
2010/01/28,0,720000,0,720000
2010/01/29,0,516000,-215000,301000
2010/02/01,0,380000,0,380000
2010/02/02,0,557000,0,557000
2010/02/03,0,366000,0,366000
2010/02/04,0,887000,0,887000
2010/02/05,0,310000,0,310000
2010/02/08,0,624000,0,624000
2010/02/09,0,0,0,0
2010/02/10,0,340000,0,340000
2010/02/11,0,0,0,0
2010/02/12,0,0,0,0
2010/02/15,0,0,0,0
2010/02/16,0,0,0,0
2010/02/17,0,0,0,0
2010/02/18,0,0,0,0
2010/02/19,0,0,0,0
2010/02/22,0,884000,0,884000
2010/02/23,0,295000,0,295000
2010/02/24,0,325000,0,325000
2010/02/25,0,110000,0,110000
2010/02/26,0,40000,-753000,-713000
2010/03/01,0,1000,0,1000
2010/03/02,0,450000,0,450000
2010/03/03,0,0,-474000,-474000
2010/03/04,0,0,-421000,-421000
2010/03/05,0,180000,-165000,15000
2010/03/08,0,967000,0,967000
2010/03/09,0,941000,0,941000
2010/03/10,0,2558000,0,2558000
2010/03/11,0,265000,-300000,-35000
2010/03/12,0,701000,-3000,698000
2010/03/15,0,0,0,0
2010/03/16,0,390000,-330000,60000
2010/03/17,0,688000,0,688000
2010/03/18,0,530000,0,530000
2010/03/19,0,922000,0,922000
2010/03/22,0,685000,0,685000
2010/03/23,0,675000,-50000,625000
2010/03/24,0,300000,-20000,280000
2010/03/25,0,170000,-627000,-457000
2010/03/26,0,0,-400000,-400000
2010/03/29,0,1000,0,1000
2010/03/30,0,300000,-260000,40000
2010/03/31,0,0,-512000,-512000
2010/04/01,0,150000,-1586000,-1436000
2010/04/02,0,220000,-70000,150000
2010/04/05,0,0,0,0
2010/04/06,0,640000,-513000,127000
2010/04/07,0,50000,-596000,-546000
2010/04/08,0,0,-1686000,-1686000
2010/04/09,0,260000,-154000,106000
2010/04/12,0,0,-50000,-50000
2010/04/13,0,200000,-120000,80000
2010/04/14,0,78000,-9000,69000
2010/04/15,0,0,-111000,-111000
2010/04/16,0,0,-569000,-569000
2010/04/19,0,0,-323000,-323000
2010/04/20,0,1000,-516000,-515000
2010/04/21,0,550000,0,550000
2010/04/22,0,479000,0,479000
2010/04/23,0,20000,0,20000
2010/04/26,0,0,-619000,-619000
2010/04/27,0,100000,-251000,-151000
2010/04/28,0,0,-100000,-100000
2010/04/29,0,0,-379000,-379000
2010/04/30,0,15000,0,15000
2010/05/03,0,0,-336000,-336000
2010/05/04,0,0,-664000,-664000
2010/05/05,0,15000,-305000,-290000
2010/05/06,0,0,0,0
2010/05/07,0,1000,0,1000
2010/05/10,0,1000,0,1000
2010/05/11,0,101000,0,101000
2010/05/12,0,0,-910000,-910000
2010/05/13,0,0,-23000,-23000
2010/05/14,0,55000,0,55000
2010/05/17,0,515000,-37000,478000
2010/05/18,0,80000,0,80000
2010/05/19,0,647000,0,647000
2010/05/20,0,1453000,-160000,1293000
2010/05/21,0,0,0,0
2010/05/24,0,0,0,0
2010/05/25,0,0,0,0
2010/05/26,0,303000,0,303000
2010/05/27,0,414000,0,414000
2010/05/28,0,1236000,0,1236000
2010/05/31,0,690000,-200000,490000
2010/06/01,0,478000,0,478000
2010/06/02,0,600000,0,600000
2010/06/03,0,341000,0,341000
2010/06/04,0,165000,0,165000
2010/06/07,0,709000,0,709000
2010/06/08,0,426000,0,426000
2010/06/09,0,544000,-75000,469000
2010/06/10,0,501000,0,501000
2010/06/11,0,221000,-82000,139000
2010/06/14,0,264000,-270000,-6000
2010/06/15,0,210000,-293000,-83000
2010/06/16,0,0,0,0
2010/06/17,0,380000,-399000,-19000
2010/06/18,0,100000,0,100000
2010/06/21,0,0,-100000,-100000
2010/06/22,0,0,-739000,-739000
2010/06/23,0,0,-295000,-295000
2010/06/24,0,5000,0,5000
2010/06/25,0,0,-117000,-117000
2010/06/28,0,337000,0,337000
2010/06/29,0,1000,-98000,-97000
2010/06/30,0,0,-140000,-140000
2010/07/01,0,0,-25000,-25000
2010/07/02,0,200000,-661000,-461000
2010/07/05,0,200000,-641000,-441000
2010/07/06,0,0,-43000,-43000
2010/07/07,0,71000,-300000,-229000
2010/07/08,0,313000,0,313000
2010/07/09,0,0,0,0
2010/07/12,0,0,-306000,-306000
2010/07/13,0,71000,-100000,-29000
2010/07/14,0,0,-90000,-90000
2010/07/15,0,10000,0,10000
2010/07/16,0,0,0,0
2010/07/19,0,171000,0,171000
2010/07/20,0,313000,0,313000
2010/07/21,0,100000,-721000,-621000
2010/07/22,0,0,-498000,-498000
2010/07/23,0,126000,-250000,-124000
2010/07/26,0,0,-78000,-78000
2010/07/27,0,0,-500000,-500000
2010/07/28,0,90000,0,90000
2010/07/29,0,40000,0,40000
2010/07/30,0,321000,-2000,319000
2010/08/02,0,50000,0,50000
2010/08/03,0,0,-35000,-35000
2010/08/04,0,0,-69000,-69000
2010/08/05,0,668000,0,668000
2010/08/06,0,977000,-2000,975000
2010/08/09,0,625000,-40000,585000
2010/08/10,0,1670000,0,1670000
2010/08/11,0,1767000,-470000,1297000
2010/08/12,0,276000,-195000,81000
2010/08/13,0,988000,-114000,874000
2010/08/16,0,20000,-1000,19000
2010/08/17,0,1000,-562000,-561000
2010/08/18,0,120000,-694000,-574000
2010/08/19,0,470000,-1344000,-874000
2010/08/20,0,788000,-621000,167000
2010/08/23,0,39000,-60000,-21000
2010/08/24,0,295000,-314000,-19000
2010/08/25,0,120000,-1000,119000
2010/08/26,0,0,-581000,-581000
2010/08/27,0,53000,-169000,-116000
2010/08/30,0,27000,0,27000
2010/08/31,0,0,-130000,-130000
2010/09/01,0,160000,-364028,-204028
2010/09/02,0,31000,-96615,-65615
2010/09/03,0,30000,-14952,15048
2010/09/06,0,0,-883382,-883382
2010/09/07,0,0,-157000,-157000
2010/09/08,0,0,-130000,-130000
2010/09/09,0,1026000,-100000,926000
2010/09/10,0,128000,0,128000
2010/09/13,0,100000,0,100000
2010/09/14,0,170000,0,170000
2010/09/15,0,260000,-113000,147000
2010/09/16,0,30000,-2000,28000
2010/09/17,0,963000,-114000,849000
2010/09/20,0,1476000,-57000,1419000
2010/09/21,0,305000,-1501000,-1196000
2010/09/22,0,0,0,0
2010/09/23,0,30000,-951000,-921000
2010/09/24,0,0,-820794,-820794
2010/09/27,0,560000,-1000,559000
2010/09/28,0,317000,0,317000
2010/09/29,0,284000,0,284000
2010/09/30,0,160000,-2000,158000
2010/10/01,0,50000,-420000,-370000
2010/10/04,0,227000,-71000,156000
2010/10/05,0,0,0,0
2010/10/06,0,15000,-8472,6528
2010/10/07,0,0,0,0
2010/10/08,0,324000,0,324000
2010/10/11,0,1202000,-550000,652000
2010/10/12,0,200000,0,200000
2010/10/13,0,200000,-65000,135000
2010/10/14,0,91000,-116000,-25000
2010/10/15,0,0,-120000,-120000
2010/10/18,0,0,-150000,-150000
2010/10/19,0,1000,-608826,-607826
2010/10/20,0,653000,0,653000
2010/10/21,0,0,-370000,-370000
2010/10/22,0,575000,-200000,375000
2010/10/25,0,110000,-1104000,-994000
2010/10/26,0,0,-1806000,-1806000
2010/10/27,0,0,-1387199,-1387199
2010/10/28,0,0,-1403000,-1403000
2010/10/29,0,300000,-980523,-680523
2010/11/01,0,0,-267000,-267000
2010/11/02,0,0,-463000,-463000
2010/11/03,0,0,-420000,-420000
2010/11/04,0,0,-408582,-408582
2010/11/05,0,0,-926000,-926000
2010/11/08,0,0,-1399000,-1399000
2010/11/09,0,222000,-461000,-239000
2010/11/10,0,130000,-890329,-760329
2010/11/11,0,0,-892702,-892702
2010/11/12,0,75000,-187000,-112000
2010/11/15,0,145000,-20000,125000
2010/11/16,0,180000,0,180000
2010/11/17,0,39000,-714000,-675000
2010/11/18,0,0,-152672,-152672
2010/11/19,0,0,-407753,-407753
2010/11/22,0,506000,-868524,-362524
2010/11/23,0,0,-120000,-120000
2010/11/24,0,500000,-334249,165751
2010/11/25,0,100000,-100000,0
2010/11/26,0,276000,0,276000
2010/11/29,0,325000,-60000,265000
2010/11/30,0,372000,-1000,371000
2010/12/01,0,10000,-1000,9000
2010/12/02,0,569000,-1000,568000
2010/12/03,0,309000,0,309000
2010/12/06,0,0,-37000,-37000
2010/12/07,0,34000,-6000,28000
2010/12/08,0,20000,0,20000
2010/12/09,0,169000,0,169000
2010/12/10,0,182000,-2000,180000
2010/12/13,0,316000,-2000,314000
2010/12/14,0,159000,-12000,147000
2010/12/15,0,60000,-426000,-366000
2010/12/16,0,40000,-410000,-370000
2010/12/17,0,682000,-620000,62000
2010/12/20,0,0,-261000,-261000
2010/12/21,0,88000,-380000,-292000
2010/12/22,0,231000,-728665,-497665
2010/12/23,0,0,-265000,-265000
2010/12/24,0,119000,-523000,-404000
2010/12/27,0,0,-45000,-45000
2010/12/28,0,170000,-300000,-130000
2010/12/29,0,100000,-128000,-28000
2010/12/30,0,200000,-321881,-121881
2010/12/31,0,500000,-279000,221000
2011/01/03,0,218000,-194000,24000
2011/01/04,0,0,-996000,-996000
2011/01/05,0,1000,-600475,-599475
2011/01/06,0,0,-50000,-50000
2011/01/07,0,0,-496389,-496389
2011/01/10,0,378000,-349000,29000
2011/01/11,0,361000,-379000,-18000
2011/01/12,0,0,0,0
2011/01/13,0,0,-200267,-200267
2011/01/14,0,0,-349000,-349000
2011/01/17,0,306000,-244000,62000
2011/01/18,0,0,-776000,-776000
2011/01/19,0,1481000,-42000,1439000
2011/01/20,0,157000,-401000,-244000
2011/01/21,0,650000,-300000,350000
2011/01/24,0,0,-573000,-573000
2011/01/25,0,600000,-220000,380000
2011/01/26,0,2387000,-274836,2112164
2011/01/27,0,128000,-333000,-205000
2011/01/28,0,80000,-176000,-96000
2011/01/31,0,0,0,0
2011/02/01,0,0,0,0
2011/02/02,0,0,0,0
2011/02/03,0,0,0,0
2011/02/04,0,0,0,0
2011/02/07,0,0,0,0
2011/02/08,0,42000,-70000,-28000
2011/02/09,0,432000,-535000,-103000
2011/02/10,0,420000,-367000,53000
2011/02/11,0,2000,0,2000
2011/02/14,0,579000,-31000,548000
2011/02/15,0,1236000,-759117,476883
2011/02/16,0,1784000,-300000,1484000
2011/02/17,0,673000,-1270000,-597000
2011/02/18,0,259000,-684000,-425000
2011/02/21,0,241000,-474000,-233000
2011/02/22,0,599000,-448984,150016
2011/02/23,0,836000,-42984,793016
2011/02/24,0,698000,-50000,648000
2011/02/25,0,405000,0,405000
2011/02/28,0,0,0,0
2011/03/01,0,130000,-30000,100000
2011/03/02,0,741000,-100000,641000
2011/03/03,0,1122000,-48000,1074000
2011/03/04,0,1357000,-310000,1047000
2011/03/07,0,1002000,0,1002000
2011/03/08,0,136000,-532000,-396000
2011/03/09,0,30000,-1055000,-1025000
2011/03/10,0,560000,-1646259,-1086259
2011/03/11,0,518000,-378000,140000
2011/03/14,0,0,-305000,-305000
2011/03/15,0,1000,-67000,-66000
2011/03/16,0,91000,-161000,-70000
2011/03/17,0,0,-1123000,-1123000
2011/03/18,0,231000,-505000,-274000
2011/03/21,0,0,0,0
2011/03/22,0,0,0,0
2011/03/23,0,15000,0,15000
2011/03/24,0,220000,0,220000
2011/03/25,0,0,0,0
2011/03/28,0,0,0,0
2011/03/29,0,0,0,0
2011/03/30,0,410000,-30000,380000
2011/03/31,0,1133000,0,1133000
2011/04/01,0,290000,0,290000
2011/04/04,0,0,0,0
2011/04/05,0,0,0,0
2011/04/06,0,89000,0,89000
2011/04/07,0,0,0,0
2011/04/08,0,0,-130000,-130000
2011/04/11,0,28000,-281000,-253000
2011/04/12,0,31000,-109000,-78000
2011/04/13,0,735000,-468000,267000
2011/04/14,0,389000,-242000,147000
2011/04/15,0,1102000,-194000,908000
2011/04/18,0,1767000,-100000,1667000
2011/04/19,0,615000,-106000,509000
2011/04/20,0,670000,0,670000
2011/04/21,0,133000,-280000,-147000
2011/04/22,0,0,-677000,-677000
2011/04/25,0,728000,-1218000,-490000
2011/04/26,0,375000,0,375000
2011/04/27,0,150000,-65000,85000
2011/04/28,0,1856000,-1370000,486000
2011/04/29,0,791000,-200000,591000
2011/05/02,0,0,0,0
2011/05/03,0,245000,0,245000
2011/05/04,0,200000,-120000,80000
2011/05/05,0,50000,0,50000
2011/05/06,0,313000,-100000,213000
2011/05/09,0,140000,-391000,-251000
2011/05/10,0,55000,-849014,-794014
2011/05/11,0,0,-381000,-381000
2011/05/12,0,61000,-996000,-935000
2011/05/13,0,241000,-687000,-446000
2011/05/16,0,0,-304000,-304000
2011/05/17,0,410000,-151000,259000
2011/05/18,0,184000,0,184000
2011/05/19,0,264000,0,264000
2011/05/20,0,289000,-1000,288000
2011/05/23,0,278000,0,278000
2011/05/24,0,112000,-67000,45000
2011/05/25,0,83000,0,83000
2011/05/26,0,62000,0,62000
2011/05/27,0,419000,0,419000
2011/05/30,0,465000,0,465000
2011/05/31,0,30000,0,30000
2011/06/01,0,70000,0,70000
2011/06/02,0,647000,-808000,-161000
2011/06/03,0,332000,-152000,180000
2011/06/06,0,0,0,0
2011/06/07,0,184000,-10000,174000
2011/06/08,0,74000,-49000,25000
2011/06/09,0,134000,-30000,104000
2011/06/10,0,44000,0,44000
2011/06/13,0,0,0,0
2011/06/14,0,222000,0,222000
2011/06/15,0,678000,-17000,661000
2011/06/16,0,499000,-1199000,-700000
2011/06/17,0,1030000,-894000,136000
2011/06/20,0,139000,-1248000,-1109000
2011/06/21,0,1094000,-303476,790524
2011/06/22,0,1281000,-19000,1262000
2011/06/23,0,164000,-296000,-132000
2011/06/24,0,270000,-110000,160000
2011/06/27,0,98000,-38000,60000
2011/06/28,0,146000,-283000,-137000
2011/06/29,0,202000,-687000,-485000
2011/06/30,0,635000,-1375476,-740476
2011/07/01,0,332000,-2385000,-2053000
2011/07/04,0,125000,-144000,-19000
2011/07/05,0,1001000,-925000,76000
2011/07/06,0,1152000,-71000,1081000
2011/07/07,0,512000,-205000,307000
2011/07/08,0,859000,-399000,460000
2011/07/11,0,95000,-1467000,-1372000
2011/07/12,0,29000,-523000,-494000
2011/07/13,0,0,0,0
2011/07/14,0,435000,-113000,322000
2011/07/15,0,596000,-162000,434000
2011/07/18,0,280000,-40000,240000
2011/07/19,0,424000,0,424000
2011/07/20,0,144000,-119000,25000
2011/07/21,0,25000,-180000,-155000
2011/07/22,0,367000,-720000,-353000
2011/07/25,0,389000,-497000,-108000
2011/07/26,0,907000,-204000,703000
2011/07/27,0,248000,-65000,183000
2011/07/28,0,1106000,-1000,1105000
2011/07/29,0,80000,-60000,20000
2011/08/01,0,231000,-28000,203000
2011/08/02,0,803000,-50000,753000
2011/08/03,0,125000,-55000,70000
2011/08/04,0,301000,-601000,-300000
2011/08/05,0,317000,-35000,282000
2011/08/08,0,326000,-394000,-68000
2011/08/09,0,624000,-148000,476000
2011/08/10,0,686000,-497000,189000
2011/08/11,0,170000,-1000000,-830000
2011/08/12,0,605000,-162000,443000
2011/08/15,0,222000,0,222000
2011/08/16,0,344000,-302000,42000
2011/08/17,0,66000,-657000,-591000
2011/08/18,0,1000,-528000,-527000
2011/08/19,0,0,-102000,-102000
2011/08/22,0,0,-673000,-673000
2011/08/23,0,1166000,-9275000,-8109000
2011/08/24,0,1795000,-60000,1735000
2011/08/25,0,498000,-400476,97524
2011/08/26,0,77000,-849000,-772000
2011/08/29,0,240000,-692000,-452000
2011/08/30,0,1083000,-100000,983000
2011/08/31,0,20000,-657000,-637000
2011/09/01,0,90000,-946000,-856000
2011/09/02,0,0,-1239000,-1239000
2011/09/05,0,0,-225000,-225000
2011/09/06,0,20000,-1673000,-1653000
2011/09/07,0,1000,-4405051,-4404051
2011/09/08,0,540000,-1269000,-729000
2011/09/09,0,2335000,-228296,2106704
2011/09/12,0,0,0,0
2011/09/13,0,1484000,-522314,961686
2011/09/14,0,1741000,-263787,1477213
2011/09/15,0,445000,-2515,442485
2011/09/16,0,1801000,-120000,1681000
2011/09/19,0,713000,-676244,36756
2011/09/20,0,303000,-194298,108702
2011/09/21,0,1525502,-47000,1478502
2011/09/22,0,238000,-140000,98000
2011/09/23,0,489000,-75000,414000
2011/09/26,0,982000,-230000,752000
2011/09/27,0,1429000,-30000,1399000
2011/09/28,0,794000,0,794000
2011/09/29,0,903000,-30000,873000
2011/09/30,0,447000,0,447000
2011/10/03,0,742000,-45799,696201
2011/10/04,0,548000,-205497,342503
2011/10/05,0,284000,-237000,47000
2011/10/06,0,39000,-314000,-275000
2011/10/07,0,175000,-470000,-295000
2011/10/10,0,0,0,0
2011/10/11,0,260000,-552000,-292000
2011/10/12,0,20000,-328000,-308000
2011/10/13,0,35000,-372997,-337997
2011/10/14,0,62000,-480000,-418000
2011/10/17,0,35000,-39406,-4406
2011/10/18,0,90000,-458293,-368293
2011/10/19,0,0,-61000,-61000
2011/10/20,0,0,-239000,-239000
2011/10/21,0,75000,-978000,-903000
2011/10/24,0,156000,-2791699,-2635699
2011/10/25,0,270000,-1801000,-1531000
2011/10/26,0,0,-3000000,-3000000
2011/10/27,0,701000,-672000,29000
2011/10/28,0,0,-615000,-615000
2011/10/31,0,0,-361000,-361000
2011/11/01,0,10000,-26000,-16000
2011/11/02,0,0,-35000,-35000
2011/11/03,0,40000,-2392632,-2352632
2011/11/04,0,0,-1268948,-1268948
2011/11/07,0,417000,-1412533,-995533
2011/11/08,0,1000,0,1000
2011/11/09,0,0,-450000,-450000
2011/11/10,0,175000,-459588,-284588
2011/11/11,0,22000,-232000,-210000
2011/11/14,0,206397,0,206397
2011/11/15,0,0,-116442,-116442
2011/11/16,0,0,-108000,-108000
2011/11/17,0,0,-21000,-21000
2011/11/18,0,135000,-63000,72000
2011/11/21,0,141000,-445996,-304996
2011/11/22,0,956000,-1000,955000
2011/11/23,0,707000,-457534,249466
2011/11/24,0,995000,-210246,784754
2011/11/25,0,496000,-410000,86000
2011/11/28,0,150000,-340000,-190000
2011/11/29,0,131000,0,131000
2011/11/30,0,30000,-40247,-10247
2011/12/01,0,829000,-689035,139965
2011/12/02,0,354000,-183649,170351
2011/12/05,0,220000,-31000,189000
2011/12/06,0,2040000,-249000,1791000
2011/12/07,0,597000,-740000,-143000
2011/12/08,0,450000,-518974,-68974
2011/12/09,0,4396,-1035043,-1030647
2011/12/12,0,50000,-1873000,-1823000
2011/12/13,0,0,-2809000,-2809000
2011/12/14,0,6000,-1675931,-1669931
2011/12/15,0,284000,-400129,-116129
2011/12/16,0,376000,-1304984,-928984
2011/12/19,0,15000,-609000,-594000
2011/12/20,0,1801000,-1409806,391194
2011/12/21,0,393000,-10000,383000
2011/12/22,0,1000,-55000,-54000
2011/12/23,0,70000,-41000,29000
2011/12/26,0,931000,-508000,423000
2011/12/27,0,69000,-205000,-136000
2011/12/28,0,0,-155000,-155000
2011/12/29,0,0,-214000,-214000
2011/12/30,0,0,-39000,-39000
2012/01/02,0,61000,-85000,-24000
2012/01/03,0,30000,-532143,-502143
2012/01/04,0,1038000,-30000,1008000
2012/01/05,0,751512,-20000,731512
2012/01/06,0,224000,-16000,208000
2012/01/09,0,269000,-70000,199000
2012/01/10,0,346000,0,346000
2012/01/11,0,0,-51000,-51000
2012/01/12,0,1454000,-51000,1403000
2012/01/13,0,0,-427846,-427846
2012/01/16,0,0,-71000,-71000
2012/01/17,0,293000,-173148,119852
2012/01/18,0,2260000,-140000,2120000
2012/01/19,0,0,0,0
2012/01/20,0,0,0,0
2012/01/23,0,0,0,0
2012/01/24,0,0,0,0
2012/01/25,0,0,0,0
2012/01/26,0,0,0,0
2012/01/27,0,0,0,0
2012/01/30,0,350000,-27000,323000
2012/01/31,0,574000,0,574000
2012/02/01,0,30000,-1000,29000
2012/02/02,0,50000,-249547,-199547
2012/02/03,0,0,-1503000,-1503000
2012/02/06,0,50000,-618000,-568000
2012/02/07,0,100000,-545000,-445000
2012/02/08,0,156000,-1023000,-867000
2012/02/09,0,482000,-650079,-168079
2012/02/10,0,35000,-114000,-79000
2012/02/13,0,35000,0,35000
2012/02/14,0,24000,-1000000,-976000
2012/02/15,0,663000,-929000,-266000
2012/02/16,0,270000,-733000,-463000
2012/02/17,0,500000,-1034904,-534904
2012/02/20,0,635000,-182000,453000
2012/02/21,0,0,-223000,-223000
2012/02/22,0,50000,-224000,-174000
2012/02/23,0,0,-222000,-222000
2012/02/24,0,230000,-173000,57000
2012/02/27,0,0,0,0
2012/02/28,0,0,0,0
2012/02/29,0,0,0,0
2012/03/01,0,250000,0,250000
2012/03/02,0,128000,0,128000
2012/03/05,0,0,-803000,-803000
2012/03/06,0,33000,0,33000
2012/03/07,0,0,0,0
2012/03/08,0,151810,-2000,149810
2012/03/09,0,100000,0,100000
2012/03/12,0,210000,0,210000
2012/03/13,0,100000,0,100000
2012/03/14,0,199000,0,199000
2012/03/15,0,24000,0,24000
2012/03/16,0,843000,-2000,841000
2012/03/19,0,22000,0,22000
2012/03/20,0,70000,-101000,-31000
2012/03/21,0,0,-237000,-237000
2012/03/22,0,30000,-413000,-383000
2012/03/23,0,0,-563000,-563000
2012/03/26,0,0,0,0
2012/03/27,0,0,0,0
2012/03/28,0,20000,0,20000
2012/03/29,0,0,0,0
2012/03/30,0,20000,0,20000
2012/04/02,0,0,0,0
2012/04/03,0,0,0,0
2012/04/04,0,0,0,0
2012/04/05,0,0,-3893,-3893
2012/04/06,0,0,0,0
2012/04/09,0,0,-251000,-251000
2012/04/10,0,0,-97000,-97000
2012/04/11,0,0,-85000,-85000
2012/04/12,0,0,0,0
2012/04/13,0,0,-76000,-76000
2012/04/16,0,8000,-176000,-168000
2012/04/17,0,10000,0,10000
2012/04/18,0,20000,0,20000
2012/04/19,0,0,-414000,-414000
2012/04/20,0,0,0,0
2012/04/23,0,100000,0,100000
2012/04/24,0,101000,0,101000
2012/04/25,0,0,0,0
2012/04/26,0,0,-100000,-100000
2012/04/27,0,100000,-1241000,-1141000
2012/04/30,0,0,-162000,-162000
2012/05/01,0,0,0,0
2012/05/02,0,0,-60000,-60000
2012/05/03,0,508851,-177000,331851
2012/05/04,0,433000,-89000,344000
2012/05/07,0,230000,-300,229700
2012/05/08,0,240000,0,240000
2012/05/09,0,0,0,0
2012/05/10,0,0,0,0
2012/05/11,0,0,-163000,-163000
2012/05/14,0,0,0,0
2012/05/15,0,3000,0,3000
2012/05/16,0,0,-4000,-4000
2012/05/17,0,0,-320000,-320000
2012/05/18,0,0,-47000,-47000
2012/05/21,0,0,-383343,-383343
2012/05/22,0,0,0,0
2012/05/23,0,0,-85000,-85000
2012/05/24,0,0,-200000,-200000
2012/05/25,0,0,-582000,-582000
2012/05/28,0,0,-462000,-462000
2012/05/29,0,0,0,0
2012/05/30,0,1897,0,1897
2012/05/31,0,0,-390000,-390000
2012/06/01,0,0,-369000,-369000
2012/06/04,0,1000,0,1000
2012/06/05,0,1000,0,1000
2012/06/06,0,0,0,0
2012/06/07,0,0,0,0
2012/06/08,0,12000,0,12000
2012/06/11,0,5000,0,5000
2012/06/12,0,14000,0,14000
2012/06/13,0,151000,0,151000
2012/06/14,0,127000,0,127000
2012/06/15,0,230000,0,230000
2012/06/18,0,167000,0,167000
2012/06/19,0,524000,0,524000
2012/06/20,0,1259000,0,1259000
2012/06/21,0,0,0,0
2012/06/22,0,461000,0,461000
2012/06/25,0,626000,-6000,620000
2012/06/26,0,0,-11785,-11785
2012/06/27,0,0,0,0
2012/06/28,0,60000,-1000,59000
2012/06/29,0,0,-100000,-100000
2012/07/02,0,150000,-1000,149000
2012/07/03,0,51000,0,51000
2012/07/04,0,0,0,0
2012/07/05,0,0,-1000,-1000
2012/07/06,0,0,0,0
2012/07/09,0,53000,0,53000
2012/07/10,0,0,-170000,-170000
2012/07/11,0,0,-373000,-373000
2012/07/12,0,0,-1041000,-1041000
2012/07/13,0,0,-963000,-963000
2012/07/16,0,0,-227000,-227000
2012/07/17,0,23000,-340000,-317000
2012/07/18,0,0,-824000,-824000
2012/07/19,0,0,-801000,-801000
2012/07/20,0,0,-506094,-506094
2012/07/23,0,0,-361000,-361000
2012/07/24,0,0,-246000,-246000
2012/07/25,0,0,0,0
2012/07/26,0,600,0,600
2012/07/27,0,0,-5000,-5000
2012/07/30,0,0,0,0
2012/07/31,0,0,0,0
2012/08/01,0,35000,0,35000
2012/08/02,0,0,0,0
2012/08/03,0,80000,0,80000
2012/08/06,0,160000,-1000,159000
2012/08/07,0,50000,-68000,-18000
2012/08/08,0,30000,-100000,-70000
2012/08/09,0,118000,-278000,-160000
2012/08/10,0,215000,-2000,213000
2012/08/13,0,150000,-1000,149000
2012/08/14,0,0,-1000,-1000
2012/08/15,0,150000,-18000,132000
2012/08/16,0,180000,-1000,179000
2012/08/17,0,65479,-1000,64479
2012/08/20,0,30000,-1000,29000
2012/08/21,0,20000,0,20000
2012/08/22,0,0,0,0
2012/08/23,0,0,0,0
2012/08/24,0,0,0,0
2012/08/27,0,30000,-1000,29000
2012/08/28,0,0,0,0
2012/08/29,0,20000,-20099,-99
2012/08/30,0,100000,-24000,76000
2012/08/31,0,0,-1000,-1000
2012/09/03,0,0,0,0
2012/09/04,0,0,0,0
2012/09/05,0,0,-1000,-1000
2012/09/06,0,0,-20000,-20000
2012/09/07,0,0,0,0
2012/09/10,0,0,0,0
2012/09/11,0,200000,-30000,170000
2012/09/12,0,0,0,0
2012/09/13,0,0,0,0
2012/09/14,0,0,0,0
2012/09/17,0,100000,0,100000
2012/09/18,0,2000,0,2000
2012/09/19,0,10000,0,10000
2012/09/20,0,0,-60997,-60997
2012/09/21,0,0,-17000,-17000
2012/09/24,0,1000,0,1000
2012/09/25,0,0,0,0
2012/09/26,0,0,-1000,-1000
2012/09/27,0,0,0,0
2012/09/28,0,0,-199496,-199496
2012/10/01,0,0,0,0
2012/10/02,0,0,-227000,-227000
2012/10/03,0,100000,-41000,59000
2012/10/04,0,0,-7000,-7000
2012/10/05,0,0,-209995,-209995
2012/10/08,0,100000,-200748,-100748
2012/10/09,0,123256,-366480,-243224
2012/10/10,0,0,0,0
2012/10/11,0,0,0,0
2012/10/12,0,100000,-180000,-80000
2012/10/15,0,100000,0,100000
2012/10/16,0,0,-154000,-154000
2012/10/17,0,0,0,0
2012/10/18,0,0,-15000,-15000
2012/10/19,0,0,-150000,-150000
2012/10/22,0,0,-200000,-200000
2012/10/23,0,0,-120000,-120000
2012/10/24,0,0,-201000,-201000
2012/10/25,0,0,-200000,-200000
2012/10/26,0,3000,-301979,-298979
2012/10/29,0,24000,-7627,16373
2012/10/30,0,0,0,0
2012/10/31,0,80000,0,80000
2012/11/01,0,100000,-50000,50000
2012/11/02,0,0,-110000,-110000
2012/11/05,0,0,-50000,-50000
2012/11/06,0,0,-50000,-50000
2012/11/07,0,0,-40000,-40000
2012/11/08,0,0,0,0
2012/11/09,0,0,-30000,-30000
2012/11/12,0,0,-1000,-1000
2012/11/13,0,0,-20000,-20000
2012/11/14,0,0,-136000,-136000
2012/11/15,0,0,-200000,-200000
2012/11/16,0,0,0,0
2012/11/19,0,0,0,0
2012/11/20,0,0,0,0
2012/11/21,0,0,0,0
2012/11/22,0,0,0,0
2012/11/23,0,0,0,0
2012/11/26,0,0,0,0
2012/11/27,0,0,0,0
2012/11/28,0,0,-42000,-42000
2012/11/29,0,0,0,0
2012/11/30,0,0,-1000,-1000
2012/12/03,0,0,0,0
2012/12/04,0,0,0,0
2012/12/05,0,0,-1000,-1000
2012/12/06,0,0,-130000,-130000
2012/12/07,0,0,0,0
2012/12/10,0,0,-7147,-7147
2012/12/11,0,0,-157644,-157644
2012/12/12,0,0,-147846,-147846
2012/12/13,0,0,-50000,-50000
2012/12/14,0,0,0,0
2012/12/17,0,0,-200000,-200000
2012/12/18,0,0,0,0
2012/12/19,0,200000,0,200000
2012/12/20,0,0,-5000,-5000
2012/12/21,0,0,-72326,-72326
2012/12/24,0,0,0,0
2012/12/25,0,0,0,0
2012/12/26,0,0,0,0
2012/12/27,0,0,0,0
2012/12/28,0,100000,0,100000
2012/12/31,0,0,0,0
2013/01/01,0,0,0,0
2013/01/02,0,0,0,0
2013/01/03,0,0,0,0
2013/01/04,0,0,-2000,-2000
2013/01/07,0,0,-305041,-305041
2013/01/08,0,0,0,0
2013/01/09,0,150000,-120000,30000
2013/01/10,0,0,0,0
2013/01/11,0,0,0,0
2013/01/14,0,0,0,0
2013/01/15,0,0,-1000,-1000
2013/01/16,0,0,-1000,-1000
2013/01/17,0,6706,-29000,-22294
2013/01/18,0,0,0,0
2013/01/21,0,0,-2000,-2000
2013/01/22,0,0,0,0
2013/01/23,0,0,0,0
2013/01/24,0,1325000,-1000,1324000
2013/01/25,0,1835000,-1000,1834000
2013/01/28,0,327000,0,327000
2013/01/29,0,575000,-70000,505000
2013/01/30,0,535000,0,535000
2013/01/31,0,225000,0,225000
2013/02/01,0,1504000,0,1504000
2013/02/04,0,457000,0,457000
2013/02/05,0,100000,-120000,-20000
2013/02/06,0,0,-1000,-1000
2013/02/07,0,0,0,0
2013/02/08,0,0,0,0
2013/02/11,0,0,0,0
2013/02/12,0,0,0,0
2013/02/13,0,0,0,0
2013/02/14,0,0,0,0
2013/02/15,0,0,0,0
2013/02/18,0,0,0,0
2013/02/19,0,0,0,0
2013/02/20,0,0,0,0
2013/02/21,0,199000,-1000,198000
2013/02/22,0,0,-71000,-71000
2013/02/25,0,0,0,0
2013/02/26,0,0,0,0
2013/02/27,0,0,-11000,-11000
2013/02/28,0,0,0,0
2013/03/01,0,0,-255494,-255494
2013/03/04,0,0,0,0
2013/03/05,0,0,0,0
2013/03/06,0,0,0,0
2013/03/07,0,1000,0,1000
2013/03/08,0,0,-151000,-151000
2013/03/11,0,0,-1000,-1000
2013/03/12,0,0,-260000,-260000
2013/03/13,0,0,-251000,-251000
2013/03/14,0,0,-688000,-688000
2013/03/15,0,0,-1257000,-1257000
2013/03/18,0,0,-52225,-52225
2013/03/19,0,0,0,0
2013/03/20,0,0,0,0
2013/03/21,0,0,0,0
2013/03/22,0,0,-390000,-390000
2013/03/25,0,0,0,0
2013/03/26,0,0,0,0
2013/03/27,0,0,-162000,-162000
2013/03/28,0,0,0,0
2013/03/29,0,0,0,0
2013/04/01,0,0,-1000,-1000
2013/04/02,0,0,0,0
2013/04/03,0,0,-302000,-302000
2013/04/04,0,0,0,0
2013/04/05,0,0,0,0
2013/04/08,0,0,0,0
2013/04/09,0,0,0,0
2013/04/10,0,0,-255000,-255000
2013/04/11,0,0,-190000,-190000
2013/04/12,0,0,-49000,-49000
2013/04/15,0,0,-71000,-71000
2013/04/16,0,0,-21000,-21000
2013/04/17,0,16000,-182000,-166000
2013/04/18,0,0,-225000,-225000
2013/04/19,0,1264,-755000,-753736
2013/04/22,0,0,-730000,-730000
2013/04/23,0,0,-254983,-254983
2013/04/24,0,0,0,0
2013/04/25,0,0,-1000,-1000
2013/04/26,0,0,-251000,-251000
2013/04/29,0,0,-429000,-429000
2013/04/30,0,0,-587000,-587000
2013/05/01,0,0,0,0
2013/05/02,0,0,-709000,-709000
2013/05/03,0,0,-440000,-440000
2013/05/06,0,0,-501000,-501000
2013/05/07,0,0,-235000,-235000
2013/05/08,0,0,-1024000,-1024000
2013/05/09,0,0,-914914,-914914
2013/05/10,0,0,-148000,-148000
2013/05/13,0,0,-451000,-451000
2013/05/14,0,0,-55000,-55000
2013/05/15,0,0,-228957,-228957
2013/05/16,0,0,0,0
2013/05/17,0,90000,-483000,-393000
2013/05/20,0,0,0,0
2013/05/21,0,0,0,0
2013/05/22,0,0,-2000,-2000
2013/05/23,0,0,0,0
2013/05/24,0,0,-1000,-1000
2013/05/27,0,0,0,0
2013/05/28,0,0,0,0
2013/05/29,0,0,0,0
2013/05/30,0,0,-1000,-1000
2013/05/31,0,0,-276000,-276000
2013/06/03,0,0,0,0
2013/06/04,0,0,0,0
2013/06/05,0,0,0,0
2013/06/06,0,0,0,0
2013/06/07,0,0,0,0
2013/06/10,0,0,-15000,-15000
2013/06/11,0,0,-3049,-3049
2013/06/12,0,0,0,0
2013/06/13,0,0,-3000,-3000
2013/06/14,0,0,0,0
2013/06/17,0,70000,0,70000
2013/06/18,0,0,0,0
2013/06/19,0,0,0,0
2013/06/20,0,0,0,0
2013/06/21,0,0,0,0
2013/06/24,0,1000,-220000,-219000
2013/06/25,0,0,-231000,-231000
2013/06/26,0,80000,-403000,-323000
2013/06/27,0,70000,-394000,-324000
2013/06/28,0,0,0,0
2013/07/01,0,0,-177000,-177000
2013/07/02,0,120000,0,120000
2013/07/03,0,50000,0,50000
2013/07/04,0,90000,0,90000
2013/07/05,0,2000,0,2000
2013/07/08,0,0,0,0
2013/07/09,0,190000,0,190000
2013/07/10,0,30000,0,30000
2013/07/11,0,0,-14,-14
2013/07/12,0,0,-9000,-9000
2013/07/15,0,0,0,0
2013/07/16,0,0,0,0
2013/07/17,0,0,0,0
2013/07/18,0,0,-144000,-144000
2013/07/19,0,0,-360000,-360000
2013/07/22,0,0,0,0
2013/07/23,0,0,0,0
2013/07/24,0,0,-160000,-160000
2013/07/25,0,0,-100000,-100000
2013/07/26,0,0,0,0
2013/07/29,0,0,0,0
2013/07/30,0,4000,-137000,-133000
2013/07/31,0,0,-103000,-103000
2013/08/01,0,0,0,0
2013/08/02,0,0,0,0
2013/08/05,0,0,0,0
2013/08/06,0,0,0,0
2013/08/07,0,0,0,0
2013/08/08,0,0,-200000,-200000
2013/08/09,0,0,0,0
2013/08/12,0,0,0,0
2013/08/13,0,0,0,0
2013/08/14,0,0,0,0
2013/08/15,0,3000,0,3000
2013/08/16,0,5000,0,5000
2013/08/19,0,0,0,0
2013/08/20,0,523000,0,523000
2013/08/21,0,0,0,0
2013/08/22,0,59000,0,59000
2013/08/23,0,0,0,0
2013/08/26,0,992000,-220000,772000
2013/08/27,0,96000,-130000,-34000
2013/08/28,0,44000,0,44000
2013/08/29,0,34000,-20000,14000
2013/08/30,0,4584000,-500000,4084000
2013/09/02,0,3930000,-400000,3530000
2013/09/03,0,1028775,-100000,928775
2013/09/04,0,1341000,-58000,1283000
2013/09/05,0,1180000,0,1180000
2013/09/06,0,0,-20000,-20000
2013/09/09,0,268000,0,268000
2013/09/10,0,600000,0,600000
2013/09/11,0,230000,0,230000
2013/09/12,0,280000,-3000,277000
2013/09/13,0,550000,-4000,546000
2013/09/16,0,93000,-85000,8000
2013/09/17,0,230000,-75000,155000
2013/09/18,0,1148000,0,1148000
2013/09/19,0,0,0,0
2013/09/20,0,0,0,0
2013/09/23,0,1459000,-5275,1453725
2013/09/24,0,880000,-135000,745000
2013/09/25,0,80000,0,80000
2013/09/26,0,200000,-15000,185000
2013/09/27,0,240000,0,240000
2013/09/30,0,0,0,0
2013/10/01,0,0,0,0
2013/10/02,0,0,-373000,-373000
2013/10/03,0,0,-50000,-50000
2013/10/04,0,0,0,0
2013/10/07,0,0,-14000,-14000
2013/10/08,0,0,-182117,-182117
2013/10/09,0,150000,-35000,115000
2013/10/10,0,0,0,0
2013/10/11,0,0,0,0
2013/10/14,0,180000,0,180000
2013/10/15,0,1528000,0,1528000
2013/10/16,0,643000,0,643000
2013/10/17,0,204000,0,204000
2013/10/18,0,200000,-1000,199000
2013/10/21,0,0,0,0
2013/10/22,0,0,-222000,-222000
2013/10/23,0,0,0,0
2013/10/24,0,700000,-423000,277000
2013/10/25,0,25000,0,25000
2013/10/28,0,200000,0,200000
2013/10/29,0,0,-190000,-190000
2013/10/30,0,0,-382000,-382000
2013/10/31,0,96000,-132000,-36000
2013/11/01,0,129000,-3000,126000
2013/11/04,0,0,0,0
2013/11/05,0,699000,-274000,425000
2013/11/06,0,0,-3000,-3000
2013/11/07,0,1434000,-1495000,-61000
2013/11/08,0,0,-498000,-498000
2013/11/11,0,0,0,0
2013/11/12,0,0,0,0
2013/11/13,0,22000,0,22000
2013/11/14,0,0,-500000,-500000
2013/11/15,0,22000,0,22000
2013/11/18,0,113000,0,113000
2013/11/19,0,10000,0,10000
2013/11/20,0,12000,-50000,-38000
2013/11/21,0,11000,0,11000
2013/11/22,0,13000,-420963,-407963
2013/11/25,0,13000,-608777,-595777
2013/11/26,0,10000,0,10000
2013/11/27,0,0,-660000,-660000
2013/11/28,0,0,0,0
2013/11/29,0,0,-282000,-282000
2013/12/02,0,0,-100000,-100000
2013/12/03,0,0,-51000,-51000
2013/12/04,0,0,0,0
2013/12/05,0,0,0,0
2013/12/06,0,19000,0,19000
2013/12/09,0,47000,-10000,37000
2013/12/10,0,535000,-2000,533000
2013/12/11,0,98000,0,98000
2013/12/12,0,834000,0,834000
2013/12/13,0,695000,0,695000
2013/12/16,0,247000,-8000,239000
2013/12/17,0,48000,-1000,47000
2013/12/18,0,98000,0,98000
2013/12/19,0,206000,0,206000
2013/12/20,0,79000,0,79000
2013/12/23,0,49000,0,49000
2013/12/24,0,70000,-101000,-31000
2013/12/25,0,71000,-1000,70000
2013/12/26,0,51000,0,51000
2013/12/27,0,25000,0,25000
2013/12/30,0,125000,0,125000
2013/12/31,0,208000,-1000,207000
2014/01/02,0,454000,0,454000
2014/01/03,0,107000,-196000,-89000
2014/01/06,0,94000,-477000,-383000
2014/01/07,0,301000,-10000,291000
2014/01/08,0,0,-20000,-20000
2014/01/09,0,372000,-24000,348000
2014/01/10,0,532000,-501000,31000
2014/01/13,0,213000,0,213000
2014/01/14,0,0,0,0
2014/01/15,0,310000,0,310000
2014/01/16,0,52000,-33000,19000
2014/01/17,0,116000,-1000,115000
2014/01/20,0,338000,0,338000
2014/01/21,0,22000,0,22000
2014/01/22,0,98000,0,98000
2014/01/23,0,1156000,0,1156000
2014/01/24,0,172000,0,172000
2014/01/27,0,0,0,0
2014/02/05,0,377000,0,377000
2014/02/06,0,30000,0,30000
2014/02/07,0,0,0,0
2014/02/10,0,290000,0,290000
2014/02/11,0,43000,-50000,-7000
2014/02/12,0,600000,0,600000
2014/02/13,0,5516,0,5516
2014/02/14,0,0,0,0
2014/02/17,0,0,0,0
2014/02/18,0,18000,0,18000
2014/02/19,0,622000,0,622000
2014/02/20,0,61000,0,61000
2014/02/21,0,26000,-41000,-15000
2014/02/24,0,190000,0,190000
2014/02/25,0,54000,0,54000
2014/02/26,0,0,0,0
2014/02/27,0,200000,-1759000,-1559000
2014/03/03,0,150000,-439000,-289000
2014/03/04,0,0,-450000,-450000
2014/03/05,0,0,-99000,-99000
2014/03/06,0,25000,-1328000,-1303000
2014/03/07,0,100000,-105000,-5000
2014/03/10,0,30000,-597000,-567000
2014/03/11,0,0,-258000,-258000
2014/03/12,0,0,-152000,-152000
2014/03/13,0,0,-193000,-193000
2014/03/14,0,81000,-300000,-219000
2014/03/17,0,0,-560000,-560000
2014/03/18,0,0,-415000,-415000
2014/03/19,0,0,-1733000,-1733000
2014/03/20,0,0,-400000,-400000
2014/03/21,0,0,-418000,-418000
2014/03/24,0,163000,-621000,-458000
2014/03/25,0,295000,-507000,-212000
2014/03/26,0,71000,-870000,-799000
2014/03/27,0,0,-584000,-584000
2014/03/28,0,80000,-500000,-420000
2014/03/31,0,188000,-226000,-38000
2014/04/01,0,0,-654000,-654000
2014/04/02,0,222000,-817000,-595000
2014/04/03,0,0,-1196000,-1196000
2014/04/07,0,0,-522000,-522000
2014/04/08,0,0,-586000,-586000
2014/04/09,0,0,-59000,-59000
2014/04/10,0,9000,-672231,-663231
2014/04/11,0,0,-1107000,-1107000
2014/04/14,0,179000,-932686,-753686
2014/04/15,0,0,-40000,-40000
2014/04/16,0,0,0,0
2014/04/17,0,2000,0,2000
2014/04/18,0,0,-710000,-710000
2014/04/21,0,46000,-1000,45000
2014/04/22,0,0,0,0
2014/04/23,0,46000,0,46000
2014/04/24,0,0,-173000,-173000
2014/04/25,0,0,0,0
2014/04/28,0,0,0,0
2014/04/29,0,30000,-166000,-136000
2014/04/30,0,160000,-2000,158000
2014/05/02,0,0,0,0
2014/05/05,0,170000,0,170000
2014/05/06,0,0,-250000,-250000
2014/05/07,0,70000,0,70000
2014/05/08,0,0,-431000,-431000
2014/05/09,0,0,-513000,-513000
2014/05/12,0,0,-25000,-25000
2014/05/13,0,0,-22000,-22000
2014/05/14,0,0,-250000,-250000
2014/05/15,0,107000,-379000,-272000
2014/05/16,0,64000,-1409000,-1345000
2014/05/19,0,12000,-892000,-880000
2014/05/20,0,30000,0,30000
2014/05/21,0,0,0,0
2014/05/22,0,40000,-280000,-240000
2014/05/23,0,0,-967000,-967000
2014/05/26,0,0,-37000,-37000
2014/05/27,0,0,-5000,-5000
2014/05/28,0,40000,0,40000
2014/05/29,0,40000,0,40000
2014/05/30,0,0,0,0
2014/06/03,0,0,0,0
2014/06/04,0,0,0,0
2014/06/05,0,0,0,0
2014/06/06,0,156000,0,156000
2014/06/09,0,15000,0,15000
2014/06/10,0,42000,0,42000
2014/06/11,0,0,0,0
2014/06/12,0,0,-1000,-1000
2014/06/13,0,0,-1000,-1000
2014/06/16,0,0,-2000,-2000
2014/06/17,0,100000,0,100000
2014/06/18,0,50000,0,50000
2014/06/19,0,68000,0,68000
2014/06/20,0,20000,0,20000
2014/06/23,0,0,-15000,-15000
2014/06/24,0,31000,0,31000
2014/06/25,0,0,0,0
2014/06/26,0,12000,0,12000
2014/06/27,0,6000,0,6000
2014/06/30,0,82000,-3000,79000
2014/07/01,0,63000,0,63000
2014/07/02,0,20331,0,20331
2014/07/03,0,242000,0,242000
2014/07/04,0,206000,0,206000
2014/07/07,0,94000,0,94000
2014/07/08,0,5000,-11000,-6000
2014/07/09,0,65000,0,65000
2014/07/10,0,62000,-133000,-71000
2014/07/11,0,154000,0,154000
2014/07/14,0,895000,0,895000
2014/07/15,0,180000,-136000,44000
2014/07/16,0,0,0,0
2014/07/17,0,179000,-137000,42000
2014/07/18,0,161000,-34000,127000
2014/07/21,0,164000,0,164000
2014/07/22,0,1057000,0,1057000
2014/07/23,0,0,0,0
2014/07/24,0,222000,0,222000
2014/07/25,0,11000,0,11000
2014/07/28,0,0,-79000,-79000
2014/07/29,0,224000,0,224000
2014/07/30,0,4000,0,4000
2014/07/31,0,0,0,0
2014/08/01,0,0,0,0
2014/08/04,0,12000,0,12000
2014/08/05,0,72000,0,72000
2014/08/06,0,89000,0,89000
2014/08/07,0,300000,0,300000
2014/08/08,0,0,0,0
2014/08/11,0,0,0,0
2014/08/12,0,151000,0,151000
2014/08/13,0,0,-87000,-87000
2014/08/14,0,0,-230000,-230000
2014/08/15,0,53000,-43000,10000
2014/08/18,0,18400,-30000,-11600
2014/08/19,0,104000,-192000,-88000
2014/08/20,0,511000,-140000,371000
2014/08/21,0,74000,-12000,62000
2014/08/22,0,82000,0,82000
2014/08/25,0,28000,0,28000
2014/08/26,0,0,0,0
2014/08/27,0,0,0,0
2014/08/28,0,352000,0,352000
2014/08/29,0,0,-6000,-6000
2014/09/01,0,0,-199000,-199000
2014/09/02,0,46000,0,46000
2014/09/03,0,56800,-171000,-114200
2014/09/04,0,45000,-580400,-535400
2014/09/05,0,0,-180600,-180600
2014/09/09,0,0,-257000,-257000
2014/09/10,0,0,-133000,-133000
2014/09/11,0,0,-133280,-133280
2014/09/12,0,6000,-10000,-4000
2014/09/15,0,0,-210000,-210000
2014/09/16,0,0,-210000,-210000
2014/09/17,0,0,0,0
2014/09/18,0,3000,-66300,-63300
2014/09/19,0,0,0,0
2014/09/22,0,2000,0,2000
2014/09/23,0,67000,-1000,66000
2014/09/24,0,0,-6400,-6400
2014/09/25,0,3000,-157000,-154000
2014/09/26,0,0,0,0
2014/09/29,0,0,-72000,-72000
2014/09/30,0,0,-55000,-55000
2014/10/01,0,0,0,0
2014/10/02,0,0,-60,-60
2014/10/03,0,0,0,0
2014/10/06,0,6000,-123000,-117000
2014/10/07,0,2000,-16000,-14000
2014/10/08,0,0,-81000,-81000
2014/10/09,0,0,-25000,-25000
2014/10/13,0,0,-240000,-240000
2014/10/14,0,0,-238000,-238000
2014/10/15,0,0,0,0
2014/10/16,0,8000,0,8000
2014/10/17,0,38000,-1040,36960
2014/10/20,0,6000,0,6000
2014/10/21,0,0,-110000,-110000
2014/10/22,0,3000,0,3000
2014/10/23,0,15000,0,15000
2014/10/24,0,10000,0,10000
2014/10/27,0,0,-124000,-124000
2014/10/28,0,10000,0,10000
2014/10/29,0,105000,0,105000
2014/10/30,0,310000,0,310000
2014/10/31,0,20000,0,20000
2014/11/03,0,167000,-1000,166000
2014/11/04,0,48000,0,48000
2014/11/05,0,8000,0,8000
2014/11/06,0,49000,-253000,-204000
2014/11/07,0,6000,-203040,-197040
2014/11/10,0,0,0,0
2014/11/11,0,0,-200740,-200740
2014/11/12,0,0,0,0
2014/11/13,0,0,0,0
2014/11/14,0,0,0,0
2014/11/17,0,0,-420000,-420000
2014/11/18,0,0,-143000,-143000
2014/11/19,0,0,-240000,-240000
2014/11/20,0,0,0,0
2014/11/21,0,0,0,0
2014/11/24,0,0,0,0
2014/11/25,0,0,0,0
2014/11/26,0,275000,0,275000
2014/11/27,0,274000,0,274000
2014/11/28,0,274000,0,274000
2014/12/01,0,272000,0,272000
2014/12/02,0,0,-557000,-557000
2014/12/03,0,1247000,0,1247000
2014/12/04,0,657000,-50000,607000
2014/12/05,0,262000,-57000,205000
2014/12/08,0,369000,-40000,329000
2014/12/09,0,284000,0,284000
2014/12/10,0,0,-4000,-4000
2014/12/11,0,0,-870,-870
2014/12/12,0,0,-16000,-16000
2014/12/15,0,0,-15000,-15000
2014/12/16,0,200000,-2000,198000
2014/12/17,0,0,0,0
2014/12/18,0,365000,0,365000
2014/12/19,0,250000,0,250000
2014/12/22,0,180000,-396000,-216000
2014/12/23,0,484000,-600000,-116000
2014/12/24,0,0,0,0
2014/12/25,0,0,0,0
2014/12/26,0,0,0,0
2014/12/29,0,15000,-287000,-272000
2014/12/30,0,557000,0,557000
2014/12/31,0,0,0,0
2015/01/01,0,0,0,0
2015/01/02,0,0,0,0
2015/01/05,0,0,0,0
2015/01/06,0,0,0,0
2015/01/07,0,0,-1000,-1000
2015/01/08,0,0,-289000,-289000
2015/01/09,0,23000,-185000,-162000
2015/01/12,0,350000,-541000,-191000
2015/01/13,0,10000,-151000,-141000
2015/01/14,0,15000,0,15000
2015/01/15,0,25000,0,25000
2015/01/16,0,15000,-60000,-45000
2015/01/19,0,0,-46000,-46000
2015/01/20,0,15000,0,15000
2015/01/21,0,0,-100000,-100000
2015/01/22,0,20000,-70000,-50000
2015/01/23,0,340000,0,340000
2015/01/26,0,10000,-304000,-294000
2015/01/27,0,0,0,0
2015/01/28,0,0,0,0
2015/01/29,0,41000,0,41000
2015/01/30,0,0,-1000,-1000
2015/02/02,0,121000,0,121000
2015/02/03,0,0,-110000,-110000
2015/02/04,0,10000,-160140,-150140
2015/02/05,0,0,0,0
2015/02/06,0,95000,0,95000
2015/02/09,0,327000,-2000,325000
2015/02/10,0,0,0,0
2015/02/11,0,397000,0,397000
2015/02/12,0,0,-62000,-62000
2015/02/13,0,130000,0,130000
2015/02/16,0,0,0,0
2015/02/17,0,0,0,0
2015/02/18,0,0,0,0
2015/02/19,0,0,0,0
2015/02/20,0,0,0,0
2015/02/23,0,0,0,0
2015/02/24,0,612000,0,612000
2015/02/25,0,0,-547000,-547000
2015/02/26,0,0,-1000,-1000
2015/02/27,0,0,0,0
2015/03/02,0,94000,0,94000
2015/03/03,0,0,0,0
2015/03/04,0,0,-5000,-5000
2015/03/05,0,0,0,0
2015/03/06,0,116000,0,116000
2015/03/09,0,0,0,0
2015/03/10,0,0,0,0
2015/03/11,0,250000,0,250000
2015/03/12,0,148866,-290000,-141134
2015/03/13,0,35000,-474000,-439000
2015/03/16,0,0,-384000,-384000
2015/03/17,0,0,0,0
2015/03/18,0,0,-50000,-50000
2015/03/19,0,0,-457000,-457000
2015/03/20,0,0,-235000,-235000
2015/03/23,0,0,-731000,-731000
2015/03/24,0,0,0,0
2015/03/25,0,0,-8000,-8000
2015/03/26,0,0,0,0
2015/03/27,0,80000,-38000,42000
2015/03/30,0,0,0,0
2015/03/31,0,269000,0,269000
2015/04/01,0,110000,0,110000
2015/04/02,0,0,0,0
2015/04/03,0,0,0,0
2015/04/06,0,0,0,0
2015/04/07,0,0,-60000,-60000
2015/04/08,0,0,-27000,-27000
2015/04/09,0,315000,0,315000
2015/04/10,0,45000,0,45000
2015/04/13,0,163000,-150000,13000
2015/04/14,0,797000,-150000,647000
2015/04/15,0,568000,-1000,567000
2015/04/16,0,1328000,0,1328000
2015/04/17,0,1636000,0,1636000
2015/04/20,0,802000,0,802000
2015/04/21,0,623000,-200000,423000
2015/04/22,0,1034000,0,1034000
2015/04/23,0,1371000,0,1371000
2015/04/24,0,985000,-75000,910000
2015/04/27,0,572000,0,572000
2015/04/28,0,587000,-31000,556000
2015/04/29,0,325000,-110000,215000
2015/04/30,0,865000,0,865000
2015/05/01,0,0,0,0
2015/05/04,0,579000,-31000,548000
2015/05/05,0,487000,0,487000
2015/05/06,0,974000,0,974000
2015/05/07,0,334000,-10000,324000
2015/05/08,0,810000,0,810000
2015/05/11,0,111000,0,111000
2015/05/12,0,741000,0,741000
2015/05/13,0,1461000,0,1461000
2015/05/14,0,242000,-10000,232000
2015/05/15,0,117000,-217000,-100000
2015/05/18,0,287000,-4672,282328
2015/05/19,0,160000,0,160000
2015/05/20,0,24000,-187000,-163000
2015/05/21,0,0,-315000,-315000
2015/05/22,0,145000,-367000,-222000
2015/05/25,0,0,-1297000,-1297000
2015/05/26,0,7000,-455000,-448000
2015/05/27,0,9000,0,9000
2015/05/28,0,481000,-289000,192000
2015/05/29,0,57000,0,57000
2015/06/01,0,7000,-653000,-646000
2015/06/02,0,39000,-28000,11000
2015/06/03,0,4000,-36000,-32000
2015/06/04,0,50000,-1105308,-1055308
2015/06/05,0,489000,-107000,382000
2015/06/08,0,41000,-110000,-69000
2015/06/09,0,399000,0,399000
2015/06/10,0,0,-334000,-334000
2015/06/11,0,0,-117000,-117000
2015/06/12,0,427000,-200000,227000
2015/06/15,0,38000,-132000,-94000
2015/06/16,0,810000,-324000,486000
2015/06/17,0,135000,-255000,-120000
2015/06/18,0,365000,0,365000
2015/06/19,0,0,0,0
2015/06/22,0,281000,-206000,75000
2015/06/23,0,165000,0,165000
2015/06/24,0,81000,-91000,-10000
2015/06/25,0,0,0,0
2015/06/26,0,717000,0,717000
2015/06/29,0,24000,-12000,12000
2015/06/30,0,0,-270000,-270000
2015/07/01,0,347000,0,347000
2015/07/02,0,0,0,0
2015/07/03,0,32000,-87000,-55000
2015/07/06,0,46000,-518000,-472000
2015/07/07,0,119000,-935000,-816000
2015/07/08,0,20000,-157000,-137000
2015/07/09,0,475000,0,475000
2015/07/10,0,0,0,0
2015/07/13,0,97000,0,97000
2015/07/14,0,0,0,0
2015/07/15,0,2000,0,2000
2015/07/16,0,7000,0,7000
2015/07/17,0,77000,-100000,-23000
2015/07/20,0,268000,0,268000
2015/07/21,0,194000,-532000,-338000
2015/07/22,0,284000,0,284000
2015/07/23,0,371000,0,371000
2015/07/24,0,56000,0,56000
2015/07/27,0,161000,0,161000
2015/07/28,0,709000,-76000,633000
2015/07/29,0,391000,0,391000
2015/07/30,0,625000,0,625000
2015/07/31,0,353000,0,353000
2015/08/03,0,215000,0,215000
2015/08/04,0,148000,0,148000
2015/08/05,0,163000,0,163000
2015/08/06,0,382000,0,382000
2015/08/07,0,234000,0,234000
2015/08/10,0,1262000,-1000,1261000
2015/08/11,0,0,-1586000,-1586000
2015/08/12,0,429000,-1379000,-950000
2015/08/13,0,460000,-467000,-7000
2015/08/14,0,200000,-62000,138000
2015/08/17,0,206000,-411000,-205000
2015/08/18,0,147000,-1342000,-1195000
2015/08/19,0,42000,0,42000
2015/08/20,0,260000,-180000,80000
2015/08/21,0,207000,-97000,110000
2015/08/24,0,261000,-666000,-405000
2015/08/25,0,676272,-1128000,-451728
2015/08/26,0,883000,-125000,758000
2015/08/27,0,1213000,-140000,1073000
2015/08/28,0,112000,-34621,77379
2015/08/31,0,120000,-23020,96980
2015/09/01,0,170000,-62500,107500
2015/09/02,0,25000,-100286,-75286
2015/09/03,0,173000,-5520,167480
2015/09/04,0,680000,-2060,677940
2015/09/07,0,0,0,0
2015/09/08,0,70000,0,70000
2015/09/09,0,660000,-3660,656340
2015/09/10,0,340000,0,340000
2015/09/11,0,653000,0,653000
2015/09/14,0,244000,0,244000
2015/09/15,0,455000,0,455000
2015/09/16,0,47000,-395680,-348680
2015/09/17,0,118000,-122600,-4600
2015/09/18,0,82000,-100000,-18000
2015/09/21,0,103000,-126940,-23940
2015/09/22,0,0,-281,-281
2015/09/23,0,57000,-194500,-137500
2015/09/24,0,0,-563460,-563460
2015/09/25,0,194000,0,194000
2015/09/28,0,0,0,0
2015/09/29,0,0,0,0
2015/09/30,0,211000,0,211000
2015/10/01,0,908000,-405620,502380
2015/10/02,0,1239000,0,1239000
2015/10/05,0,1162000,0,1162000
2015/10/06,0,319000,0,319000
2015/10/07,0,57000,-157000,-100000
2015/10/08,0,0,0,0
2015/10/09,0,0,0,0
2015/10/12,0,187000,0,187000
2015/10/13,0,113000,0,113000
2015/10/14,0,0,-52000,-52000
2015/10/15,0,0,-85000,-85000
2015/10/16,0,265000,-208000,57000
2015/10/19,0,0,-124400,-124400
2015/10/20,0,220000,-250000,-30000
2015/10/21,0,0,-201000,-201000
2015/10/22,0,0,-180000,-180000
2015/10/23,0,0,-36000,-36000
2015/10/26,0,110000,-896840,-786840
2015/10/27,0,0,-80600,-80600
2015/10/28,0,329000,0,329000
2015/10/29,0,677000,0,677000
2015/10/30,0,195000,-145000,50000
2015/11/02,0,507000,0,507000
2015/11/03,0,66000,0,66000
2015/11/04,0,104000,-1000,103000
2015/11/05,0,204000,-42000,162000
2015/11/06,0,56000,-96000,-40000
2015/11/09,0,53000,-741000,-688000
2015/11/10,0,0,-256000,-256000
2015/11/11,0,248000,0,248000
2015/11/12,0,427000,-893740,-466740
2015/11/13,0,633000,-230000,403000
2015/11/16,0,1483000,-300000,1183000
2015/11/17,0,797000,0,797000
2015/11/18,0,267000,0,267000
2015/11/19,0,91000,-100000,-9000
2015/11/20,0,13000,0,13000
2015/11/23,0,59000,0,59000
2015/11/24,0,130000,0,130000
2015/11/25,0,13000,-44000,-31000
2015/11/26,0,0,-40000,-40000
2015/11/27,0,0,-50000,-50000
2015/11/30,0,704000,-199000,505000
2015/12/01,0,650000,-89040,560960
2015/12/02,0,123000,0,123000
2015/12/03,0,6000,-37000,-31000
2015/12/04,0,842000,-200000,642000
2015/12/07,0,37000,-13000,24000
2015/12/08,0,590000,0,590000
2015/12/09,0,65000,0,65000
2015/12/10,0,13000,0,13000
2015/12/11,0,0,-15000,-15000
2015/12/14,0,188000,-177359,10641
2015/12/15,0,468000,-133000,335000
2015/12/16,0,40000,0,40000
2015/12/17,0,401000,0,401000
2015/12/18,0,39000,0,39000
2015/12/21,0,168000,-138000,30000
2015/12/22,0,50000,-201000,-151000
2015/12/23,0,130000,-423300,-293300
2015/12/24,0,0,0,0
2015/12/25,0,187000,0,187000
2015/12/28,0,172000,-44000,128000
2015/12/29,0,259000,0,259000
2015/12/30,0,0,0,0
2015/12/31,0,300000,0,300000
2016/01/01,0,0,0,0
2016/01/04,0,47000,-84020,-37020
2016/01/05,0,176000,-50000,126000
2016/01/06,0,160000,0,160000
2016/01/07,0,0,-47000,-47000
2016/01/08,0,0,-86000,-86000
2016/01/11,0,0,-50000,-50000
2016/01/12,0,65000,0,65000
2016/01/13,0,60000,-179000,-119000
2016/01/14,0,37000,-431000,-394000
2016/01/15,0,238000,-5000,233000
2016/01/18,0,168000,-150000,18000
2016/01/19,0,331000,-81000,250000
2016/01/20,0,713000,-6000,707000
2016/01/21,0,144000,-638000,-494000
2016/01/22,0,42000,0,42000
2016/01/25,0,78000,-265000,-187000
2016/01/26,0,69000,-197000,-128000
2016/01/27,0,163000,-233000,-70000
2016/01/28,0,22000,-533000,-511000
2016/01/29,0,155000,-202140,-47140
2016/02/01,0,30000,-945000,-915000
2016/02/02,0,55000,-213000,-158000
2016/02/03,0,106000,-820801,-714801
2016/02/04,0,0,0,0
2016/02/05,0,0,0,0
2016/02/08,0,0,0,0
2016/02/09,0,0,0,0
2016/02/10,0,0,0,0
2016/02/11,0,0,0,0
2016/02/12,0,0,0,0
2016/02/15,0,133562,-256000,-122438
2016/02/16,0,0,-75000,-75000
2016/02/17,0,310000,-20000,290000
2016/02/18,0,410000,-28000,382000
2016/02/19,0,161000,0,161000
2016/02/22,0,0,-70000,-70000
2016/02/23,0,40000,-776000,-736000
2016/02/24,0,20000,-428000,-408000
2016/02/25,0,0,-177000,-177000
2016/02/26,0,0,-763000,-763000
2016/02/29,0,0,0,0
2016/03/01,0,0,-1028000,-1028000
2016/03/02,0,0,-734000,-734000
2016/03/03,0,0,-1355000,-1355000
2016/03/04,0,0,-746000,-746000
2016/03/07,0,0,-902000,-902000
2016/03/08,0,0,-863620,-863620
2016/03/09,0,0,-1081000,-1081000
2016/03/10,0,0,-541000,-541000
2016/03/11,0,20000,-277000,-257000
2016/03/14,0,0,-198000,-198000
2016/03/15,0,0,-312000,-312000
2016/03/16,0,1000,-452000,-451000
2016/03/17,0,500000,-150000,350000
2016/03/18,0,232000,-300000,-68000
2016/03/21,0,24000,-103000,-79000
2016/03/22,0,0,-187600,-187600
2016/03/23,0,0,-60600,-60600
2016/03/24,0,36000,-100000,-64000
2016/03/25,0,0,-479000,-479000
2016/03/28,0,371000,-1066000,-695000
2016/03/29,0,821000,-633000,188000
2016/03/30,0,230000,-160000,70000
2016/03/31,0,0,0,0
2016/04/01,0,0,0,0
2016/04/04,0,0,0,0
2016/04/05,0,0,0,0
2016/04/06,0,14000,0,14000
2016/04/07,0,20000,0,20000
2016/04/08,0,0,0,0
2016/04/11,0,0,0,0
2016/04/12,0,806000,-1308000,-502000
2016/04/13,0,0,-43000,-43000
2016/04/14,0,405000,0,405000
2016/04/15,0,392000,-84000,308000
2016/04/18,0,450000,-15000,435000
2016/04/19,0,0,-11000,-11000
2016/04/20,0,0,0,0
2016/04/21,0,575000,-50000,525000
2016/04/22,0,264000,0,264000
2016/04/25,0,214000,-10000,204000
2016/04/26,0,6000,0,6000
2016/04/27,0,0,-80000,-80000
2016/04/28,0,269000,0,269000
2016/04/29,0,31000,-1080,29920
2016/05/02,0,0,0,0
2016/05/03,0,0,-162000,-162000
2016/05/04,0,0,0,0
2016/05/05,0,125000,-184000,-59000
2016/05/06,0,6000,0,6000
2016/05/09,0,410000,-3212860,-2802860
2016/05/10,0,214520,-733001,-518481
2016/05/11,0,7000,-616360,-609360
2016/05/12,0,0,-20000,-20000
2016/05/13,0,64000,-243000,-179000
2016/05/16,0,88000,-169000,-81000
2016/05/17,0,8000,-351000,-343000
2016/05/18,0,0,-1030000,-1030000
2016/05/19,0,88000,-364600,-276600
2016/05/20,0,16000,-403000,-387000
2016/05/23,0,11000,0,11000
2016/05/24,0,200000,-650000,-450000
2016/05/25,0,72000,-215800,-143800
2016/05/26,0,0,-80000,-80000
2016/05/27,0,365000,0,365000
2016/05/30,0,197000,-860,196140
2016/05/31,0,140000,0,140000
2016/06/01,0,15000,-40000,-25000
2016/06/02,0,0,-71000,-71000
2016/06/03,0,32000,-295000,-263000
2016/06/06,0,63000,0,63000
2016/06/07,0,33000,-169000,-136000
2016/06/08,0,250000,-250000,0
2016/06/09,0,0,0,0
2016/06/10,0,0,0,0
2016/06/13,0,95000,-380600,-285600
2016/06/14,0,0,0,0
2016/06/15,0,33000,-122000,-89000
2016/06/16,0,0,-220000,-220000
2016/06/17,0,32000,0,32000
2016/06/20,0,85000,0,85000
2016/06/21,0,246000,0,246000
2016/06/22,0,70000,0,70000
2016/06/23,0,0,0,0
2016/06/24,0,207000,0,207000
2016/06/27,0,17000,-243000,-226000
2016/06/28,0,40000,-116000,-76000
2016/06/29,0,229000,0,229000
2016/06/30,0,0,-691881,-691881
2016/07/01,0,108000,-5000,103000
2016/07/04,0,0,0,0
2016/07/05,0,98000,0,98000
2016/07/06,0,56000,0,56000
2016/07/07,0,0,-7000,-7000
2016/07/08,0,0,0,0
2016/07/11,0,0,0,0
2016/07/12,0,265000,-100000,165000
2016/07/13,0,0,0,0
2016/07/14,0,0,0,0
2016/07/15,0,136000,-25200,110800
2016/07/18,0,112000,-154000,-42000
2016/07/19,0,0,-227000,-227000
2016/07/20,0,0,-52000,-52000
2016/07/21,0,410000,-251000,159000
2016/07/22,0,283000,-146000,137000
2016/07/25,0,31000,0,31000
2016/07/26,0,40000,0,40000
2016/07/27,0,0,-100000,-100000
2016/07/28,0,0,-41000,-41000
2016/07/29,0,140000,-1307,138693
2016/08/01,0,0,0,0
2016/08/02,0,110000,-38000,72000
2016/08/03,0,0,-1000,-1000
2016/08/04,0,0,0,0
2016/08/05,0,0,-1000,-1000
2016/08/08,0,73000,0,73000
2016/08/09,0,45000,0,45000
2016/08/10,0,0,0,0
2016/08/11,0,81000,-745000,-664000
2016/08/12,0,15000,-372381,-357381
2016/08/15,0,0,0,0
2016/08/16,0,0,-1000,-1000
2016/08/17,0,83000,0,83000
2016/08/18,0,21000,0,21000
2016/08/19,0,20000,-1000,19000
2016/08/22,0,0,0,0
2016/08/23,0,325000,-180000,145000
2016/08/24,0,147000,-101000,46000
2016/08/25,0,711000,-92001,618999
2016/08/26,0,376000,0,376000
2016/08/29,0,771000,0,771000
2016/08/30,0,50000,0,50000
2016/08/31,0,250000,0,250000
2016/09/01,0,501000,-44681,456319
2016/09/02,0,47000,-23000,24000
2016/09/05,0,109000,0,109000
2016/09/06,0,154000,-10000,144000
2016/09/07,0,186000,0,186000
2016/09/08,0,0,0,0
2016/09/09,0,103000,-7000,96000
2016/09/12,0,0,0,0
2016/09/13,0,179000,0,179000
2016/09/14,0,13000,-32000,-19000
2016/09/15,0,0,0,0
2016/09/16,0,0,0,0
2016/09/19,0,144000,-64000,80000
2016/09/20,0,126000,0,126000
2016/09/21,0,106000,0,106000
2016/09/22,0,0,0,0
2016/09/23,0,13000,0,13000
2016/09/26,0,0,-4000,-4000
2016/09/27,0,0,0,0
2016/09/28,0,0,0,0
2016/09/29,0,14000,-85000,-71000
2016/09/30,0,52000,-414,51586
2016/10/03,0,0,-26000,-26000
2016/10/04,0,0,0,0
2016/10/05,0,179000,0,179000
2016/10/06,0,62000,-210000,-148000
2016/10/07,0,23000,-110000,-87000
2016/10/10,0,0,0,0
2016/10/11,0,0,0,0
2016/10/12,0,0,-50000,-50000
2016/10/13,0,0,-195000,-195000
2016/10/14,0,92000,-223000,-131000
2016/10/17,0,0,-35000,-35000
2016/10/18,0,359000,0,359000
2016/10/19,0,54000,-2542117,-2488117
2016/10/20,0,83000,-2001480,-1918480
2016/10/21,0,62500,-132000,-69500
2016/10/24,0,209000,0,209000
2016/10/25,0,32000,-243000,-211000
2016/10/26,0,38000,-228000,-190000
2016/10/27,0,40000,-87000,-47000
2016/10/28,0,0,-169000,-169000
2016/10/31,0,0,-66000,-66000
2016/11/01,0,13000,-438000,-425000
2016/11/02,0,104,-16680,-16576
2016/11/03,0,0,0,0
2016/11/04,0,18000,-10000,8000
2016/11/07,0,504000,0,504000
2016/11/08,0,70000,-120050,-50050
2016/11/09,0,0,0,0
2016/11/10,0,629000,0,629000
2016/11/11,0,328000,0,328000
2016/11/14,0,327000,0,327000
2016/11/15,0,43000,0,43000
2016/11/16,0,0,0,0
2016/11/17,0,108000,-92210,15790
2016/11/18,0,2000,-112230,-110230
2016/11/21,0,0,0,0
2016/11/22,0,1000,0,1000
2016/11/23,0,79000,-909,78091
2016/11/24,0,0,0,0
2016/11/25,0,0,0,0
2016/11/28,0,51000,0,51000
2016/11/29,0,173000,0,173000
2016/11/30,0,34000,-130000,-96000
2016/12/01,0,80000,0,80000
2016/12/02,0,53000,-171000,-118000
2016/12/05,0,48000,-597,47403
2016/12/06,0,58000,0,58000
2016/12/07,0,45000,-45000,0
2016/12/08,0,0,-10000,-10000
2016/12/09,0,35000,-303000,-268000
2016/12/12,0,13000,-701000,-688000
2016/12/13,0,0,-15000,-15000
2016/12/14,0,0,0,0
2016/12/15,0,0,0,0
2016/12/16,0,0,-9000,-9000
2016/12/19,0,0,0,0
2016/12/20,0,0,0,0
2016/12/21,0,565000,-10000,555000
2016/12/22,0,0,-97000,-97000
2016/12/23,0,70000,-39000,31000
2016/12/26,0,111000,0,111000
2016/12/27,0,100000,-116000,-16000
2016/12/28,0,138000,0,138000
2016/12/29,0,219000,0,219000
2016/12/30,0,324000,0,324000
2017/01/02,0,0,0,0
2017/01/03,0,192000,-40000,152000
2017/01/04,0,288000,0,288000
2017/01/05,0,78000,0,78000
2017/01/06,0,225000,-1000,224000
2017/01/09,0,251000,0,251000
2017/01/10,0,163000,0,163000
2017/01/11,0,25000,0,25000
2017/01/12,0,0,0,0
2017/01/13,0,96000,0,96000
2017/01/16,0,51000,0,51000
2017/01/17,0,31000,-30000,1000
2017/01/18,0,0,0,0
2017/01/19,0,15000,-61000,-46000
2017/01/20,0,0,0,0
2017/01/23,0,315141,-740,314401
2017/01/24,0,0,0,0
2017/01/25,0,0,0,0
2017/01/26,0,0,0,0
2017/01/27,0,0,0,0
2017/01/30,0,0,0,0
2017/01/31,0,0,0,0
2017/02/01,0,0,0,0
2017/02/02,0,60000,0,60000
2017/02/03,0,0,0,0
2017/02/06,0,40000,0,40000
2017/02/07,0,0,0,0
2017/02/08,0,0,0,0
2017/02/09,0,0,0,0
2017/02/10,0,0,-480000,-480000
2017/02/13,0,11000,-211000,-200000
2017/02/14,0,36000,-9000,27000
2017/02/15,0,48000,0,48000
2017/02/16,0,150000,0,150000
2017/02/17,0,0,-149000,-149000
2017/02/20,0,0,0,0
2017/02/21,0,0,-68000,-68000
2017/02/22,0,0,-211000,-211000
2017/02/23,0,7000,-60000,-53000
2017/02/24,0,0,0,0
2017/02/27,0,0,0,0
2017/02/28,0,0,0,0
2017/03/01,0,0,0,0
2017/03/02,0,0,0,0
2017/03/03,0,0,0,0
2017/03/06,0,0,-100400,-100400
2017/03/07,0,0,-70000,-70000
2017/03/08,0,0,0,0
2017/03/09,0,0,0,0
2017/03/10,0,0,0,0
2017/03/13,0,0,-384550,-384550
2017/03/14,0,0,-332000,-332000
2017/03/15,0,0,-321000,-321000
2017/03/16,0,16000,-145000,-129000
2017/03/17,0,0,-46000,-46000
2017/03/20,0,0,-135000,-135000
2017/03/21,0,5000,-634579,-629579
2017/03/22,0,0,-87890,-87890
2017/03/23,0,0,-25000,-25000
2017/03/24,0,0,-26000,-26000
2017/03/27,0,0,-48000,-48000
2017/03/28,0,0,-118000,-118000
2017/03/29,0,0,-145000,-145000
2017/03/30,0,0,-160000,-160000
2017/03/31,0,0,-36170,-36170
2017/04/03,0,0,0,0
2017/04/04,0,0,0,0
2017/04/05,0,0,-589000,-589000
2017/04/06,0,0,-860000,-860000
2017/04/07,0,0,0,0
2017/04/10,0,10000,-339000,-329000
2017/04/11,0,0,-760600,-760600
2017/04/12,0,0,-65000,-65000
2017/04/13,0,0,-16000,-16000
2017/04/14,0,0,-60,-60
2017/04/17,0,0,-316000,-316000
2017/04/18,0,0,-242600,-242600
2017/04/19,0,0,-903000,-903000
