Date,Open,Buy,Sell,Total
2007/01/02,0,117000,-292000,-175000
2007/01/03,0,385000,-457000,-72000
2007/01/04,0,216000,-428000,-212000
2007/01/05,0,305000,-7000,298000
2007/01/08,0,37000,-73227,-36227
2007/01/09,0,53000,-83000,-30000
2007/01/10,0,90000,-183000,-93000
2007/01/11,0,211000,-321880,-110880
2007/01/12,0,555000,-95000,460000
2007/01/15,0,154000,-486000,-332000
2007/01/16,0,73000,-1241000,-1168000
2007/01/17,0,219000,-1014000,-795000
2007/01/18,0,48000,-1216000,-1168000
2007/01/19,0,241000,-14000,227000
2007/01/22,0,527000,-131000,396000
2007/01/23,0,100000,-116000,-16000
2007/01/24,0,4000,-304000,-300000
2007/01/25,0,150000,-145000,5000
2007/01/26,0,12000,-631000,-619000
2007/01/29,0,7000,-1590657,-1583657
2007/01/30,0,82000,0,82000
2007/01/31,0,21000,-55000,-34000
2007/02/01,0,8000,-22000,-14000
2007/02/02,0,31000,-4000,27000
2007/02/05,0,10000,-46000,-36000
2007/02/06,0,30000,-1884016,-1854016
2007/02/07,0,736000,-1055000,-319000
2007/02/08,0,14000,-160933,-146933
2007/02/09,0,6000,-3000,3000
2007/02/12,0,4000,-357598,-353598
2007/02/13,0,119000,-2000,117000
2007/02/14,0,251000,-142000,109000
2007/02/15,0,0,0,0
2007/02/16,0,0,0,0
2007/02/19,0,0,0,0
2007/02/20,0,0,0,0
2007/02/21,0,0,0,0
2007/02/22,0,0,0,0
2007/02/23,0,0,0,0
2007/02/26,0,775000,-177000,598000
2007/02/27,0,2194000,-495000,1699000
2007/02/28,0,0,0,0
2007/03/01,0,1213000,-435000,778000
2007/03/02,0,64000,-1522000,-1458000
2007/03/05,0,313000,-64454,248546
2007/03/06,0,75000,-163000,-88000
2007/03/07,0,44000,-45000,-1000
2007/03/08,0,137500,-154000,-16500
2007/03/09,0,33000,-67500,-34500
2007/03/12,0,370000,-7000,363000
2007/03/13,0,373000,-3000,370000
2007/03/14,0,6000,-20000,-14000
2007/03/15,0,30000,-20000,10000
2007/03/16,0,49000,-57000,-8000
2007/03/19,0,609000,0,609000
2007/03/20,0,133000,-48000,85000
2007/03/21,0,728000,-12000,716000
2007/03/22,0,55098,-236000,-180902
2007/03/23,0,403000,-444000,-41000
2007/03/26,0,22000,-61000,-39000
2007/03/27,0,42102,-234000,-191898
2007/03/28,0,601000,-560000,41000
2007/03/29,0,3000,-45000,-42000
2007/03/30,0,462300,-88000,374300
2007/04/02,0,21000,-44000,-23000
2007/04/03,0,20000,-30000,-10000
2007/04/04,0,12000,-459000,-447000
2007/04/05,0,0,0,0
2007/04/06,0,0,0,0
2007/04/09,0,23000,-807000,-784000
2007/04/10,0,295000,-777000,-482000
2007/04/11,0,110000,-2841000,-2731000
2007/04/12,0,82000,-1121000,-1039000
2007/04/13,0,0,-634000,-634000
2007/04/16,0,46000,-262915,-216915
2007/04/17,0,220000,-3208000,-2988000
2007/04/18,0,69000,-1966000,-1897000
2007/04/19,0,138000,-410433,-272433
2007/04/20,0,1817000,-347000,1470000
2007/04/23,0,682000,-172000,510000
2007/04/24,0,0,-409000,-409000
2007/04/25,0,8000,-127336,-119336
2007/04/26,0,334000,-106000,228000
2007/04/27,0,61000,-25000,36000
2007/04/30,0,644000,-338000,306000
2007/05/01,0,0,0,0
2007/05/02,0,0,-362000,-362000
2007/05/03,0,668000,-125000,543000
2007/05/04,0,618000,-497000,121000
2007/05/07,0,39000,-391000,-352000
2007/05/08,0,31000,-322000,-291000
2007/05/09,0,307000,-151000,156000
2007/05/10,0,0,-63000,-63000
2007/05/11,0,0,0,0
2007/05/14,0,2000,0,2000
2007/05/15,0,0,-41670,-41670
2007/05/16,0,35000,-78000,-43000
2007/05/17,0,236000,-58000,178000
2007/05/18,0,2046000,-104000,1942000
2007/05/21,0,359000,-43000,316000
2007/05/22,0,283000,-10000,273000
2007/05/23,0,0,-1000,-1000
2007/05/24,0,514000,-41000,473000
2007/05/25,0,622000,0,622000
2007/05/28,0,480000,-6000,474000
2007/05/29,0,465000,0,465000
2007/05/30,0,0,-2000,-2000
2007/05/31,0,4000,-7000,-3000
2007/06/01,0,0,-14000,-14000
2007/06/04,0,3000,-51000,-48000
2007/06/05,0,1217000,-28000,1189000
2007/06/06,0,70000,-21000,49000
2007/06/07,0,0,-65000,-65000
2007/06/08,0,0,-21000,-21000
2007/06/11,0,0,0,0
2007/06/12,0,0,-8000,-8000
2007/06/13,0,0,-35000,-35000
2007/06/14,0,0,0,0
2007/06/15,0,2000,-267000,-265000
2007/06/18,0,0,0,0
2007/06/19,0,0,0,0
2007/06/20,0,249000,-2000,247000
2007/06/21,0,158000,0,158000
2007/06/22,0,280000,-101000,179000
2007/06/25,0,57000,0,57000
2007/06/26,0,62000,-147000,-85000
2007/06/27,0,85000,-46000,39000
2007/06/28,0,188000,0,188000
2007/06/29,0,1548000,-2000,1546000
2007/07/02,0,67000,-312000,-245000
2007/07/03,0,272000,-27000,245000
2007/07/04,0,1304000,0,1304000
2007/07/05,0,1444000,-7000,1437000
2007/07/06,0,2442000,-16000,2426000
2007/07/09,0,2032000,-8000,2024000
2007/07/10,0,50000,-501000,-451000
2007/07/11,0,2007000,-715322,1291678
2007/07/12,0,4000,-36000,-32000
2007/07/13,0,705000,-31000,674000
2007/07/16,0,0,-213000,-213000
2007/07/17,0,473000,-2373088,-1900088
2007/07/18,0,45000,-222000,-177000
2007/07/19,0,24000,-94000,-70000
2007/07/20,0,106000,-26000,80000
2007/07/23,0,117000,-14000,103000
2007/07/24,0,95000,-178000,-83000
2007/07/25,0,46000,-122000,-76000
2007/07/26,0,494000,-39000,455000
2007/07/27,0,168000,-1128000,-960000
2007/07/30,0,92000,-126000,-34000
2007/07/31,0,117000,-127000,-10000
2007/08/01,0,12000,-195000,-183000
2007/08/02,0,395000,-104000,291000
2007/08/03,0,700000,-122000,578000
2007/08/06,0,180000,-159000,21000
2007/08/07,0,218000,-885000,-667000
2007/08/08,0,64000,-178000,-114000
2007/08/09,0,755000,-199000,556000
2007/08/10,0,178000,-91108,86892
2007/08/13,0,55000,-16000,39000
2007/08/14,0,2000,-271000,-269000
2007/08/15,0,251000,-6000,245000
2007/08/16,0,11000,-32000,-21000
2007/08/17,0,7000,-530000,-523000
2007/08/20,0,762000,-1841000,-1079000
2007/08/21,0,24000,-137000,-113000
2007/08/22,0,1000,-354000,-353000
2007/08/23,0,150000,-756000,-606000
2007/08/24,0,71000,-892000,-821000
2007/08/27,0,2000,-1472000,-1470000
2007/08/28,0,1000,-984000,-983000
2007/08/29,0,35000,-2000,33000
2007/08/30,0,11000,-86000,-75000
2007/08/31,0,67000,-59000,8000
2007/09/03,0,0,-12000,-12000
2007/09/04,0,14202,-30000,-15798
2007/09/05,0,0,-84000,-84000
2007/09/06,0,1000,0,1000
2007/09/07,0,3000,-1000,2000
2007/09/10,0,0,-134995,-134995
2007/09/11,0,25000,-5000,20000
2007/09/12,0,3000,-26000,-23000
2007/09/13,0,2000,-934140,-932140
2007/09/14,0,21000,-856191,-835191
2007/09/17,0,14000,-1024000,-1010000
2007/09/18,0,0,0,0
2007/09/19,0,12000,-1208000,-1196000
2007/09/20,0,33000,-926287,-893287
2007/09/21,0,36000,-821000,-785000
2007/09/24,0,0,0,0
2007/09/25,0,0,0,0
2007/09/26,0,4000,-34000,-30000
2007/09/27,0,55000,-3000,52000
2007/09/28,0,3000,-35197,-32197
2007/10/01,0,305000,-75000,230000
2007/10/02,0,18000,-1897000,-1879000
2007/10/03,0,24000,-1817637,-1793637
2007/10/04,0,499241,-466964,32277
2007/10/05,0,21000,-862482,-841482
2007/10/08,0,2000,-38050,-36050
2007/10/09,0,26000,-472000,-446000
2007/10/10,0,0,0,0
2007/10/11,0,12000,-1655612,-1643612
2007/10/12,0,7000,-16000,-9000
2007/10/15,0,1000,-7000,-6000
2007/10/16,0,17000,-32366,-15366
2007/10/17,0,16000,-37000,-21000
2007/10/18,0,34000,-22000,12000
2007/10/19,0,3000,-6000,-3000
2007/10/22,0,13000,-44000,-31000
2007/10/23,0,4000,-137000,-133000
2007/10/24,0,0,-387000,-387000
2007/10/25,0,2000,-50000,-48000
2007/10/26,0,780000,-477000,303000
2007/10/29,0,30000,-1021,28979
2007/10/30,0,75000,-85806,-10806
2007/10/31,0,144000,-1000,143000
2007/11/01,0,150000,-1206884,-1056884
2007/11/02,0,79000,-312000,-233000
2007/11/05,0,25000,-47000,-22000
2007/11/06,0,4000,-341781,-337781
2007/11/07,0,2000,-60433,-58433
2007/11/08,0,0,-67000,-67000
2007/11/09,0,59000,0,59000
2007/11/12,0,28000,-64000,-36000
2007/11/13,0,42000,-1109000,-1067000
2007/11/14,0,553000,-67000,486000
2007/11/15,0,1000,-18000,-17000
2007/11/16,0,7000,-25000,-18000
2007/11/19,0,13000,-15000,-2000
2007/11/20,0,71000,-73000,-2000
2007/11/21,0,1000,-69000,-68000
2007/11/22,0,398000,-12000,386000
2007/11/23,0,524000,-27000,497000
2007/11/26,0,10000,-12000,-2000
2007/11/27,0,44000,-18000,26000
2007/11/28,0,14000,-480000,-466000
2007/11/29,0,4000,0,4000
2007/11/30,0,40000,-1000,39000
2007/12/03,0,14000,-6000,8000
2007/12/04,0,10000,-29000,-19000
2007/12/05,0,0,-12000,-12000
2007/12/06,0,41000,-20784,20216
2007/12/07,0,1000,-41316,-40316
2007/12/10,0,32000,-2000,30000
2007/12/11,0,8000,-6000,2000
2007/12/12,0,20000,-23000,-3000
2007/12/13,0,4000,-24000,-20000
2007/12/14,0,11000,-70387,-59387
2007/12/17,0,143000,-62000,81000
2007/12/18,0,304979,-349979,-45000
2007/12/19,0,24000,-578000,-554000
2007/12/20,0,3000,-511000,-508000
2007/12/21,0,34000,-7000,27000
2007/12/24,0,2000,-29000,-27000
2007/12/25,0,28000,-29000,-1000
2007/12/26,0,32000,-28000,4000
2007/12/27,0,37000,-29000,8000
2007/12/28,0,55000,-16000,39000
2007/12/31,0,49000,-11000,38000
2008/01/01,0,0,0,0
2008/01/02,0,22000,-55798,-33798
2008/01/03,0,140000,-17000,123000
2008/01/04,0,17000,-100000,-83000
2008/01/07,0,9000,-9000,0
2008/01/08,0,23000,-39000,-16000
2008/01/09,0,265000,-9000,256000
2008/01/10,0,78000,-935834,-857834
2008/01/11,0,28000,0,28000
2008/01/14,0,9000,0,9000
2008/01/15,0,1000,-415102,-414102
2008/01/16,0,22000,-505000,-483000
2008/01/17,0,14001,-436000,-421999
2008/01/18,0,87000,0,87000
2008/01/21,0,28000,-330000,-302000
2008/01/22,0,0,-34000,-34000
2008/01/23,0,17000,-19000,-2000
2008/01/24,0,13000,-10000,3000
2008/01/25,0,80000,-4000,76000
2008/01/28,0,19000,-87000,-68000
2008/01/29,0,0,-58000,-58000
2008/01/30,0,30000,-110000,-80000
2008/01/31,0,234000,-141000,93000
2008/02/01,0,0,-38000,-38000
2008/02/04,0,0,0,0
2008/02/05,0,0,0,0
2008/02/06,0,0,0,0
2008/02/07,0,0,0,0
2008/02/08,0,0,0,0
2008/02/11,0,0,0,0
2008/02/12,0,22000,-22000,0
2008/02/13,0,11000,-9000,2000
2008/02/14,0,10000,-10000,0
2008/02/15,0,15000,-23000,-8000
2008/02/18,0,9000,-12000,-3000
2008/02/19,0,80000,-2000,78000
2008/02/20,0,1038000,-33000,1005000
2008/02/21,0,20000,-2000,18000
2008/02/22,0,57000,-9000,48000
2008/02/25,0,9000,-9000,0
2008/02/26,0,47000,0,47000
2008/02/27,0,6000,0,6000
2008/02/28,0,0,0,0
2008/02/29,0,97000,-2000,95000
2008/03/03,0,50000,-4000,46000
2008/03/04,0,95000,0,95000
2008/03/05,0,6000,-29000,-23000
2008/03/06,0,48000,0,48000
2008/03/07,0,118000,-6000,112000
2008/03/10,0,10000,-28000,-18000
2008/03/11,0,42000,-4000,38000
2008/03/12,0,78000,-820,77180
2008/03/13,0,126000,-32000,94000
2008/03/14,0,38000,-35000,3000
2008/03/17,0,2000,-37000,-35000
2008/03/18,0,0,-17000,-17000
2008/03/19,0,12000,-1002000,-990000
2008/03/20,0,85000,0,85000
2008/03/21,0,103000,-6000,97000
2008/03/24,0,716000,-36000,680000
2008/03/25,0,258000,0,258000
2008/03/26,0,1970000,-20000,1950000
2008/03/27,0,2000,-8000,-6000
2008/03/28,0,29000,-18000,11000
2008/03/31,0,225000,-36000,189000
2008/04/01,0,10000,-828000,-818000
2008/04/02,0,11000,-6000,5000
2008/04/03,0,34000,-22000,12000
2008/04/04,0,0,0,0
2008/04/07,0,41000,-258000,-217000
2008/04/08,0,33000,-606000,-573000
2008/04/09,0,0,-829000,-829000
2008/04/10,0,0,-1169847,-1169847
2008/04/11,0,0,-441000,-441000
2008/04/14,0,2000,-29000,-27000
2008/04/15,0,36000,-1041000,-1005000
2008/04/16,0,16000,-748706,-732706
2008/04/17,0,134000,-1695000,-1561000
2008/04/18,0,8000,-549000,-541000
2008/04/21,0,31000,-550000,-519000
2008/04/22,0,509273,0,509273
2008/04/23,0,74000,-469000,-395000
2008/04/24,0,6000,-13000,-7000
2008/04/25,0,1000,-32000,-31000
2008/04/28,0,11000,0,11000
2008/04/29,0,927000,-5000,922000
2008/04/30,0,124000,-3000,121000
2008/05/01,0,0,0,0
2008/05/02,0,112000,-571000,-459000
2008/05/05,0,50000,0,50000
2008/05/06,0,118000,0,118000
2008/05/07,0,271000,-2000,269000
2008/05/08,0,1000,-714000,-713000
2008/05/09,0,111000,0,111000
2008/05/12,0,103000,-3000,100000
2008/05/13,0,7000,-3000,4000
2008/05/14,0,146000,-19000,127000
2008/05/15,0,37000,-9000,28000
2008/05/16,0,28000,-15000,13000
2008/05/19,0,122000,-41000,81000
2008/05/20,0,97000,-115000,-18000
2008/05/21,0,0,-12000,-12000
2008/05/22,0,41000,-58000,-17000
2008/05/23,0,49000,-2000,47000
2008/05/26,0,67000,-2000,65000
2008/05/27,0,88000,-7000,81000
2008/05/28,0,0,-127000,-127000
2008/05/29,0,39000,-18000,21000
2008/05/30,0,775000,-6000,769000
2008/06/02,0,0,-25000,-25000
2008/06/03,0,0,-10000,-10000
2008/06/04,0,0,-14000,-14000
2008/06/05,0,65000,-29000,36000
2008/06/06,0,0,-33000,-33000
2008/06/09,0,20000,-12000,8000
2008/06/10,0,0,-50000,-50000
2008/06/11,0,125000,-5000,120000
2008/06/12,0,8000,-92000,-84000
2008/06/13,0,34000,-49000,-15000
2008/06/16,0,42000,-66000,-24000
2008/06/17,0,9000,-25000,-16000
2008/06/18,0,103000,-12000,91000
2008/06/19,0,5000,-88000,-83000
2008/06/20,0,21000,-83000,-62000
2008/06/23,0,19000,-1000,18000
2008/06/24,0,0,-98000,-98000
2008/06/25,0,95000,0,95000
2008/06/26,0,64000,-95000,-31000
2008/06/27,0,0,-24000,-24000
2008/06/30,0,91000,0,91000
2008/07/01,0,91000,-48000,43000
2008/07/02,0,45000,-24000,21000
2008/07/03,0,44000,-45000,-1000
2008/07/04,0,1000,-73000,-72000
2008/07/07,0,4000,-19000,-15000
2008/07/08,0,0,-82000,-82000
2008/07/09,0,324000,-30000,294000
2008/07/10,0,95000,-36000,59000
2008/07/11,0,32000,-39000,-7000
2008/07/14,0,62000,-60000,2000
2008/07/15,0,177000,-53000,124000
2008/07/16,0,23000,-61000,-38000
2008/07/17,0,223000,-99000,124000
2008/07/18,0,10000,-283000,-273000
2008/07/21,0,247000,-257000,-10000
2008/07/22,0,11000,-92000,-81000
2008/07/23,0,86000,-132832,-46832
2008/07/24,0,75000,-74000,1000
2008/07/25,0,5000,-23000,-18000
2008/07/28,0,0,0,0
2008/07/29,0,284000,-61000,223000
2008/07/30,0,304000,-130000,174000
2008/07/31,0,50000,-163000,-113000
2008/08/01,0,65000,-23000,42000
2008/08/04,0,79000,-106000,-27000
2008/08/05,0,829000,-69000,760000
2008/08/06,0,75000,-99000,-24000
2008/08/07,0,713000,-160000,553000
2008/08/08,0,117000,-57000,60000
2008/08/11,0,38000,-118000,-80000
2008/08/12,0,26000,-149000,-123000
2008/08/13,0,19000,-123900,-104900
2008/08/14,0,47000,-119000,-72000
2008/08/15,0,24000,-9000,15000
2008/08/18,0,7000,-4000,3000
2008/08/19,0,29000,-79684,-50684
2008/08/20,0,138000,-103000,35000
2008/08/21,0,2000,-139000,-137000
2008/08/22,0,10000,-456000,-446000
2008/08/25,0,8000,-171000,-163000
2008/08/26,0,21000,-195000,-174000
2008/08/27,0,50000,-169000,-119000
2008/08/28,0,105000,-200000,-95000
2008/08/29,0,15000,-202750,-187750
2008/09/01,0,1000,-45000,-44000
2008/09/02,0,28000,-44000,-16000
2008/09/03,0,682000,-29000,653000
2008/09/04,0,124000,-13000,111000
2008/09/05,0,55000,-47000,8000
2008/09/08,0,8000,-25000,-17000
2008/09/09,0,2000,-124000,-122000
2008/09/10,0,31000,-99000,-68000
2008/09/11,0,27000,-117000,-90000
2008/09/12,0,28000,-49000,-21000
2008/09/15,0,51000,-37000,14000
2008/09/16,0,6000,-6675,-675
2008/09/17,0,1862000,-35000,1827000
2008/09/18,0,1793000,-360000,1433000
2008/09/19,0,1000,-82000,-81000
2008/09/22,0,22000,-117000,-95000
2008/09/23,0,1000,-26000,-25000
2008/09/24,0,204376,-206376,-2000
2008/09/25,0,29000,-821081,-792081
2008/09/26,0,1000,-31000,-30000
2008/09/29,0,0,0,0
2008/09/30,0,0,0,0
2008/10/01,0,60000,-215000,-155000
2008/10/02,0,0,-111152,-111152
2008/10/03,0,172000,-850,171150
2008/10/06,0,491900,-36450,455450
2008/10/07,0,62000,-12000,50000
2008/10/08,0,0,-62000,-62000
2008/10/09,0,202000,-5000,197000
2008/10/10,0,0,0,0
2008/10/13,0,700,-79000,-78300
2008/10/14,0,75000,-20000,55000
2008/10/15,0,75000,-162700,-87700
2008/10/16,0,5000,0,5000
2008/10/17,0,15000,-82000,-67000
2008/10/20,0,0,-500,-500
2008/10/21,0,46000,-56000,-10000
2008/10/22,0,92000,-8000,84000
2008/10/23,0,0,0,0
2008/10/24,0,62000,-104000,-42000
2008/10/27,0,11000,-25000,-14000
2008/10/28,0,109000,-92423,16577
2008/10/29,0,37000,-81000,-44000
2008/10/30,0,26100,-102000,-75900
2008/10/31,0,7000,-27000,-20000
2008/11/03,0,54000,-8000,46000
2008/11/04,0,6000,-14000,-8000
2008/11/05,0,6000,-6000,0
2008/11/06,0,65000,-48000,17000
2008/11/07,0,11000,-17000,-6000
2008/11/10,0,35000,-25000,10000
2008/11/11,0,30100,-79000,-48900
2008/11/12,0,15000,-35000,-20000
2008/11/13,0,29000,-36000,-7000
2008/11/14,0,6000,-24000,-18000
2008/11/17,0,0,-11000,-11000
2008/11/18,0,0,0,0
2008/11/19,0,21000,0,21000
2008/11/20,0,41000,-21000,20000
2008/11/21,0,141000,-3000,138000
2008/11/24,0,4000,-124000,-120000
2008/11/25,0,295000,-10000,285000
2008/11/26,0,32000,-36000,-4000
2008/11/27,0,224000,-85000,139000
2008/11/28,0,11000,-286000,-275000
2008/12/01,0,70000,-20000,50000
2008/12/02,0,0,-158153,-158153
2008/12/03,0,44000,-24000,20000
2008/12/04,0,8000,-15000,-7000
2008/12/05,0,140050,-84550,55500
2008/12/08,0,241000,-78000,163000
2008/12/09,0,77000,-171000,-94000
2008/12/10,0,32000,-94000,-62000
2008/12/11,0,42000,-263000,-221000
2008/12/12,0,92000,-58000,34000
2008/12/15,0,73000,-30000,43000
2008/12/16,0,219000,-9000,210000
2008/12/17,0,2807100,-79000,2728100
2008/12/18,0,264000,-367000,-103000
2008/12/19,0,69050,-200000,-130950
2008/12/22,0,9000,-131000,-122000
2008/12/23,0,12050,-124000,-111950
2008/12/24,0,41000,-12100,28900
2008/12/25,0,21000,-41000,-20000
2008/12/26,0,21000,-44000,-23000
2008/12/29,0,14000,-11500,2500
2008/12/30,0,90000,0,90000
2008/12/31,0,15000,-53000,-38000
2009/01/01,0,0,0,0
2009/01/02,0,0,0,0
2009/01/05,0,29000,-130000,-101000
2009/01/06,0,31000,-28000,3000
2009/01/07,0,129000,-6000,123000
2009/01/08,0,8000,-252000,-244000
2009/01/09,0,140000,-63000,77000
2009/01/12,0,24000,-93000,-69000
2009/01/13,0,29000,-10000,19000
2009/01/14,0,54000,-898000,-844000
2009/01/15,0,53000,-571000,-518000
2009/01/16,0,1000,-22000,-21000
2009/01/19,0,0,-1000,-1000
2009/01/20,0,38000,0,38000
2009/01/21,0,55000,-29000,26000
2009/01/22,0,0,0,0
2009/01/23,0,0,0,0
2009/01/26,0,0,0,0
2009/01/27,0,0,0,0
2009/01/28,0,0,0,0
2009/01/29,0,0,0,0
2009/01/30,0,0,0,0
2009/02/02,0,0,-84000,-84000
2009/02/03,0,139000,0,139000
2009/02/04,0,62000,-90000,-28000
2009/02/05,0,65000,-2000,63000
2009/02/06,0,82000,-32000,50000
2009/02/09,0,943000,-28000,915000
2009/02/10,0,403000,-1,402999
2009/02/11,0,0,-124000,-124000
2009/02/12,0,0,0,0
2009/02/13,0,185000,-3169000,-2984000
2009/02/16,0,66000,-18000,48000
2009/02/17,0,0,-77000,-77000
2009/02/18,0,70000,0,70000
2009/02/19,0,34000,-111099,-77099
2009/02/20,0,1000,-227000,-226000
2009/02/23,0,0,-4000,-4000
2009/02/24,0,0,0,0
2009/02/25,0,115000,-137000,-22000
2009/02/26,0,199500,-143000,56500
2009/02/27,0,98000,-133000,-35000
2009/03/02,0,70000,-18000,52000
2009/03/03,0,0,-125000,-125000
2009/03/04,0,212000,0,212000
2009/03/05,0,196000,-51000,145000
2009/03/06,0,32000,-32150,-150
2009/03/09,0,2000,-288300,-286300
2009/03/10,0,111000,-1000,110000
2009/03/11,0,83000,-217000,-134000
2009/03/12,0,141000,0,141000
2009/03/13,0,97000,0,97000
2009/03/16,0,27000,-20692,6308
2009/03/17,0,714000,-6050,707950
2009/03/18,0,24000,-270000,-246000
2009/03/19,0,61000,-651000,-590000
2009/03/20,0,2150,-37100,-34950
2009/03/23,0,36000,0,36000
2009/03/24,0,897,-65000,-64103
2009/03/25,0,61000,-10000,51000
2009/03/26,0,4000,-10000,-6000
2009/03/27,0,13000,-2000,11000
2009/03/30,0,2000,-5000,-3000
2009/03/31,0,47500,-7000,40500
2009/04/01,0,77000,-23000,54000
2009/04/02,0,71000,-35000,36000
2009/04/03,0,101000,-46000,55000
2009/04/06,0,63000,-103000,-40000
2009/04/07,0,7000,-81000,-74000
2009/04/08,0,17000,-61000,-44000
2009/04/09,0,11000,0,11000
2009/04/10,0,61000,-43000,18000
2009/04/13,0,427000,-4000,423000
2009/04/14,0,91000,-4000,87000
2009/04/15,0,45000,-202000,-157000
2009/04/16,0,198000,-234000,-36000
2009/04/17,0,85000,-166000,-81000
2009/04/20,0,211000,-78000,133000
2009/04/21,0,670000,-34000,636000
2009/04/22,0,797000,-247000,550000
2009/04/23,0,116000,-144000,-28000
2009/04/24,0,51000,-2000,49000
2009/04/27,0,169000,-286000,-117000
2009/04/28,0,76000,-99000,-23000
2009/04/29,0,53000,-43150,9850
2009/04/30,0,26000,0,26000
2009/05/01,0,0,0,0
2009/05/04,0,81000,-95000,-14000
2009/05/05,0,174000,-53000,121000
2009/05/06,0,175000,-84000,91000
2009/05/07,0,269000,-243000,26000
2009/05/08,0,98000,-97000,1000
2009/05/11,0,60000,-103000,-43000
2009/05/12,0,80000,-58000,22000
2009/05/13,0,32000,-36000,-4000
2009/05/14,0,603800,-587800,16000
2009/05/15,0,110000,-76000,34000
2009/05/18,0,123000,-41000,82000
2009/05/19,0,359000,-114650,244350
2009/05/20,0,97000,-347000,-250000
2009/05/21,0,3000,-282000,-279000
2009/05/22,0,40000,-32000,8000
2009/05/25,0,36000,-67000,-31000
2009/05/26,0,63000,-40000,23000
2009/05/27,0,92000,-61000,31000
2009/05/28,0,0,0,0
2009/05/29,0,0,0,0
2009/06/01,0,103000,-104000,-1000
2009/06/02,0,24000,-109000,-85000
2009/06/03,0,227000,-5000,222000
2009/06/04,0,3000,-16000,-13000
2009/06/05,0,81000,-6000,75000
2009/06/08,0,24000,-230000,-206000
2009/06/09,0,69000,-24000,45000
2009/06/10,0,50000,-25000,25000
2009/06/11,0,328000,-49000,279000
2009/06/12,0,106000,-125000,-19000
2009/06/15,0,0,-39000,-39000
2009/06/16,0,105000,-2000,103000
2009/06/17,0,133090,-51000,82090
2009/06/18,0,335000,-28000,307000
2009/06/19,0,122000,-90000,32000
2009/06/22,0,83000,-140000,-57000
2009/06/23,0,68000,-103000,-35000
2009/06/24,0,7000,-54000,-47000
2009/06/25,0,256000,-2090,253910
2009/06/26,0,372000,-272000,100000
2009/06/29,0,131000,-72000,59000
2009/06/30,0,106000,-48000,58000
2009/07/01,0,39000,-24000,15000
2009/07/02,0,553000,-18000,535000
2009/07/03,0,54000,-607000,-553000
2009/07/06,0,89000,-123000,-34000
2009/07/07,0,48000,-69000,-21000
2009/07/08,0,17000,-29000,-12000
2009/07/09,0,235000,-32000,203000
2009/07/10,0,5000,-74000,-69000
2009/07/13,0,70000,-53000,17000
2009/07/14,0,39000,-26000,13000
2009/07/15,0,36000,-59000,-23000
2009/07/16,0,119000,-35000,84000
2009/07/17,0,33000,-42000,-9000
2009/07/20,0,33000,-59000,-26000
2009/07/21,0,16000,-1984000,-1968000
2009/07/22,0,34000,-10000,24000
2009/07/23,0,242000,-1088000,-846000
2009/07/24,0,266000,-944000,-678000
2009/07/27,0,60000,-1000,59000
2009/07/28,0,3000,-19000,-16000
2009/07/29,0,12000,-48000,-36000
2009/07/30,0,186000,0,186000
2009/07/31,0,181000,-39000,142000
2009/08/03,0,33000,-87000,-54000
2009/08/04,0,132000,-77000,55000
2009/08/05,0,43000,-126000,-83000
2009/08/06,0,13000,-32000,-19000
2009/08/07,0,0,0,0
2009/08/10,0,10000,-185000,-175000
2009/08/11,0,24000,-30000,-6000
2009/08/12,0,71000,-22000,49000
2009/08/13,0,8000,-44000,-36000
2009/08/14,0,0,-50000,-50000
2009/08/17,0,2000,-10000,-8000
2009/08/18,0,15000,-9000,6000
2009/08/19,0,11000,-35000,-24000
2009/08/20,0,26000,-19000,7000
2009/08/21,0,4000,-27000,-23000
2009/08/24,0,151000,0,151000
2009/08/25,0,61000,-11000,50000
2009/08/26,0,266000,-92000,174000
2009/08/27,0,77000,-13000,64000
2009/08/28,0,180000,-59000,121000
2009/08/31,0,307000,-89000,218000
2009/09/01,0,154000,-187000,-33000
2009/09/02,0,97000,-18000,79000
2009/09/03,0,760000,-12000,748000
2009/09/04,0,1000,-674000,-673000
2009/09/07,0,250000,-1000,249000
2009/09/08,0,445000,-71000,374000
2009/09/09,0,315000,-918000,-603000
2009/09/10,0,93000,-421000,-328000
2009/09/11,0,256000,-656000,-400000
2009/09/14,0,101000,-79000,22000
2009/09/15,0,1204000,-106000,1098000
2009/09/16,0,220000,-532000,-312000
2009/09/17,0,157000,-593000,-436000
2009/09/18,0,114000,-300000,-186000
2009/09/21,0,61000,-173000,-112000
2009/09/22,0,0,-245850,-245850
2009/09/23,0,69000,-619000,-550000
2009/09/24,0,586000,-135000,451000
2009/09/25,0,106000,-74000,32000
2009/09/28,0,261000,-170000,91000
2009/09/29,0,141000,-281686,-140686
2009/09/30,0,28878,-391500,-362622
2009/10/01,0,19150,-338000,-318850
2009/10/02,0,108000,-545525,-437525
2009/10/05,0,621000,-202000,419000
2009/10/06,0,38000,-564700,-526700
2009/10/07,0,3000,-134000,-131000
2009/10/08,0,17500,-31927,-14427
2009/10/09,0,7000,-21000,-14000
2009/10/12,0,8000,-7000,1000
2009/10/13,0,48000,-167250,-119250
2009/10/14,0,11000,-41000,-30000
2009/10/15,0,258000,-16000,242000
2009/10/16,0,82000,-23000,59000
2009/10/19,0,460000,0,460000
2009/10/20,0,211000,-24000,187000
2009/10/21,0,128000,-387000,-259000
2009/10/22,0,1123000,-62000,1061000
2009/10/23,0,69000,-94000,-25000
2009/10/26,0,132000,-135000,-3000
2009/10/27,0,187000,-40000,147000
2009/10/28,0,0,-50000,-50000
2009/10/29,0,52000,-26000,26000
2009/10/30,0,6100,-56000,-49900
2009/11/02,0,106000,-56000,50000
2009/11/03,0,0,-131000,-131000
2009/11/04,0,26000,-138000,-112000
2009/11/05,0,65000,-154925,-89925
2009/11/06,0,20000,-36000,-16000
2009/11/09,0,9000,-41000,-32000
2009/11/10,0,8000,-15000,-7000
2009/11/11,0,92000,-15000,77000
2009/11/12,0,95000,-26000,69000
2009/11/13,0,42000,-14000,28000
2009/11/16,0,131000,-2000,129000
2009/11/17,0,77000,-84000,-7000
2009/11/18,0,145000,-25000,120000
2009/11/19,0,143000,-8000,135000
2009/11/20,0,234000,-69380,164620
2009/11/23,0,20000,-233000,-213000
2009/11/24,0,0,-27000,-27000
2009/11/25,0,187000,0,187000
2009/11/26,0,114000,-241000,-127000
2009/11/27,0,0,-108000,-108000
2009/11/30,0,22000,0,22000
2009/12/01,0,77000,-29000,48000
2009/12/02,0,26000,-97000,-71000
2009/12/03,0,171900,-17105,154795
2009/12/04,0,262000,0,262000
2009/12/07,0,146000,-5000,141000
2009/12/08,0,0,-132000,-132000
2009/12/09,0,7000,-90000,-83000
2009/12/10,0,400000,-157200,242800
2009/12/11,0,285000,-20000,265000
2009/12/14,0,23000,-144000,-121000
2009/12/15,0,193000,-15000,178000
2009/12/16,0,45000,-112000,-67000
2009/12/17,0,221000,-105000,116000
2009/12/18,0,4000,-208000,-204000
2009/12/21,0,42000,-46000,-4000
2009/12/22,0,427000,-27000,400000
2009/12/23,0,47000,-47000,0
2009/12/24,0,16000,-57000,-41000
2009/12/25,0,11000,-64000,-53000
2009/12/28,0,43000,-52000,-9000
2009/12/29,0,11000,-123000,-112000
2009/12/30,0,62000,-33000,29000
2009/12/31,0,83000,-30700,52300
2010/01/01,0,0,0,0
2010/01/04,0,24000,-19000,5000
2010/01/05,0,41000,-101000,-60000
2010/01/06,0,37000,-36000,1000
2010/01/07,0,503000,0,503000
2010/01/08,0,42000,-43000,-1000
2010/01/11,0,208000,-365000,-157000
2010/01/12,0,116000,-373000,-257000
2010/01/13,0,43000,-107000,-64000
2010/01/14,0,192000,-15321,176679
2010/01/15,0,243000,-26000,217000
2010/01/18,0,235000,-101000,134000
2010/01/19,0,379000,-57000,322000
2010/01/20,0,94000,-23000,71000
2010/01/21,0,168000,-106000,62000
2010/01/22,0,46000,-90240,-44240
2010/01/25,0,110000,-375550,-265550
2010/01/26,0,25000,-220000,-195000
2010/01/27,0,19000,-109000,-90000
2010/01/28,0,56000,-65100,-9100
2010/01/29,0,123000,-94050,28950
2010/02/01,0,0,-186000,-186000
2010/02/02,0,391000,-219000,172000
2010/02/03,0,51000,-28403,22597
2010/02/04,0,50000,-38037,11963
2010/02/05,0,44000,-231000,-187000
2010/02/08,0,69000,-155000,-86000
2010/02/09,0,15000,-45000,-30000
2010/02/10,0,96000,-73000,23000
2010/02/11,0,0,0,0
2010/02/12,0,0,0,0
2010/02/15,0,0,0,0
2010/02/16,0,0,0,0
2010/02/17,0,0,0,0
2010/02/18,0,0,0,0
2010/02/19,0,0,0,0
2010/02/22,0,283000,-116550,166450
2010/02/23,0,0,-53000,-53000
2010/02/24,0,0,-99000,-99000
2010/02/25,0,61000,-349000,-288000
2010/02/26,0,23000,-103000,-80000
2010/03/01,0,147000,-45000,102000
2010/03/02,0,5000,-48000,-43000
2010/03/03,0,33000,-34000,-1000
2010/03/04,0,44000,-20000,24000
2010/03/05,0,28000,-8000,20000
2010/03/08,0,37000,-268000,-231000
2010/03/09,0,19000,-32000,-13000
2010/03/10,0,908000,-30000,878000
2010/03/11,0,6000,-109000,-103000
2010/03/12,0,135000,0,135000
2010/03/15,0,3000,-46000,-43000
2010/03/16,0,1000,0,1000
2010/03/17,0,189000,-5000,184000
2010/03/18,0,88000,-8000,80000
2010/03/19,0,114000,-62000,52000
2010/03/22,0,534000,-60000,474000
2010/03/23,0,1601000,-116000,1485000
2010/03/24,0,280000,-80000,200000
2010/03/25,0,781000,-17000,764000
2010/03/26,0,37000,-44000,-7000
2010/03/29,0,310000,0,310000
2010/03/30,0,7000,-2000,5000
2010/03/31,0,128000,0,128000
2010/04/01,0,137000,-81000,56000
2010/04/02,0,65000,-20000,45000
2010/04/05,0,0,0,0
2010/04/06,0,122000,-59000,63000
2010/04/07,0,278000,-26000,252000
2010/04/08,0,254000,-160000,94000
2010/04/09,0,221000,-107000,114000
2010/04/12,0,30000,-29000,1000
2010/04/13,0,1000,-54000,-53000
2010/04/14,0,32000,-11000,21000
2010/04/15,0,433000,-85000,348000
2010/04/16,0,261000,-103000,158000
2010/04/19,0,1000,-38000,-37000
2010/04/20,0,6000,-50000,-44000
2010/04/21,0,469000,-7000,462000
2010/04/22,0,7000,-219000,-212000
2010/04/23,0,333000,-165000,168000
2010/04/26,0,65000,-3000,62000
2010/04/27,0,159000,-26000,133000
2010/04/28,0,674000,-32000,642000
2010/04/29,0,1082000,-127000,955000
2010/04/30,0,94000,-38000,56000
2010/05/03,0,29000,-215000,-186000
2010/05/04,0,288000,-417000,-129000
2010/05/05,0,84000,-80000,4000
2010/05/06,0,223000,-391000,-168000
2010/05/07,0,696000,-358000,338000
2010/05/10,0,106000,-152000,-46000
2010/05/11,0,43000,-37000,6000
2010/05/12,0,32000,-18000,14000
2010/05/13,0,1084000,-50000,1034000
2010/05/14,0,73000,-14000,59000
2010/05/17,0,4834,-362000,-357166
2010/05/18,0,105000,-72000,33000
2010/05/19,0,391000,-304000,87000
2010/05/20,0,53000,-248000,-195000
2010/05/21,0,172000,-127000,45000
2010/05/24,0,2000,-19000,-17000
2010/05/25,0,31000,-22000,9000
2010/05/26,0,201000,-113000,88000
2010/05/27,0,94000,-123000,-29000
2010/05/28,0,163000,-51000,112000
2010/05/31,0,43000,-40000,3000
2010/06/01,0,6000,-115000,-109000
2010/06/02,0,220000,-174000,46000
2010/06/03,0,221000,-18000,203000
2010/06/04,0,20000,-134000,-114000
2010/06/07,0,98000,-81000,17000
2010/06/08,0,0,-321000,-321000
2010/06/09,0,45000,-182000,-137000
2010/06/10,0,27000,-4000,23000
2010/06/11,0,41000,-16000,25000
2010/06/14,0,111699,-226000,-114301
2010/06/15,0,82000,-96000,-14000
2010/06/16,0,0,0,0
2010/06/17,0,87000,-15000,72000
2010/06/18,0,93000,-156712,-63712
2010/06/21,0,71000,-639000,-568000
2010/06/22,0,152000,-530000,-378000
2010/06/23,0,93000,-688000,-595000
2010/06/24,0,119000,-68000,51000
2010/06/25,0,26000,-69000,-43000
2010/06/28,0,0,-4000,-4000
2010/06/29,0,14000,-25000,-11000
2010/06/30,0,6000,-301000,-295000
2010/07/01,0,67000,-30000,37000
2010/07/02,0,37000,-14000,23000
2010/07/05,0,20000,-12000,8000
2010/07/06,0,7000,-8000,-1000
2010/07/07,0,36000,-46000,-10000
2010/07/08,0,361000,-84050,276950
2010/07/09,0,118000,-123000,-5000
2010/07/12,0,27000,-117000,-90000
2010/07/13,0,36000,-39000,-3000
2010/07/14,0,29000,-44000,-15000
2010/07/15,0,60000,-148000,-88000
2010/07/16,0,39000,-33859,5141
2010/07/19,0,32000,-128000,-96000
2010/07/20,0,28000,-41000,-13000
2010/07/21,0,117000,-107000,10000
2010/07/22,0,333000,-15000,318000
2010/07/23,0,377000,-84000,293000
2010/07/26,0,163000,-1000,162000
2010/07/27,0,1629000,-56950,1572050
2010/07/28,0,59000,-38000,21000
2010/07/29,0,734000,-14000,720000
2010/07/30,0,80000,-25000,55000
2010/08/02,0,111000,-64000,47000
2010/08/03,0,1445000,-40000,1405000
2010/08/04,0,91000,-247000,-156000
2010/08/05,0,442000,-209724,232276
2010/08/06,0,980000,-59000,921000
2010/08/09,0,25000,-186000,-161000
2010/08/10,0,4000,-91000,-87000
2010/08/11,0,768000,-131000,637000
2010/08/12,0,145000,-33000,112000
2010/08/13,0,44000,-94000,-50000
2010/08/16,0,23800,-256000,-232200
2010/08/17,0,13000,-1000,12000
2010/08/18,0,104000,-24000,80000
2010/08/19,0,71000,-2000,69000
2010/08/20,0,132000,-35000,97000
2010/08/23,0,531000,-77000,454000
2010/08/24,0,1109000,-77000,1032000
2010/08/25,0,626000,-114000,512000
2010/08/26,0,69000,-108000,-39000
2010/08/27,0,185000,-78000,107000
2010/08/30,0,78000,-34000,44000
2010/08/31,0,59000,-7000,52000
2010/09/01,0,26751,-29000,-2249
2010/09/02,0,73000,-10000,63000
2010/09/03,0,18000,-3000,15000
2010/09/06,0,119000,-498,118502
2010/09/07,0,227000,-22000,205000
2010/09/08,0,76000,-17000,59000
2010/09/09,0,395000,-876000,-481000
2010/09/10,0,48000,-96299,-48299
2010/09/13,0,62000,-73000,-11000
2010/09/14,0,92000,-4000,88000
2010/09/15,0,114000,-186230,-72230
2010/09/16,0,106000,-3000,103000
2010/09/17,0,591000,-1049,589951
2010/09/20,0,1721000,-290000,1431000
2010/09/21,0,685000,-507000,178000
2010/09/22,0,0,0,0
2010/09/23,0,165410,-57000,108410
2010/09/24,0,129000,-686,128314
2010/09/27,0,14000,0,14000
2010/09/28,0,37000,0,37000
2010/09/29,0,1399000,-50000,1349000
2010/09/30,0,690000,-642616,47384
2010/10/01,0,75000,-95000,-20000
2010/10/04,0,26000,-250000,-224000
2010/10/05,0,16000,-167000,-151000
2010/10/06,0,46000,-103000,-57000
2010/10/07,0,134000,-15000,119000
2010/10/08,0,617000,-33000,584000
2010/10/11,0,210000,-145000,65000
2010/10/12,0,7000,-70000,-63000
2010/10/13,0,65000,-96000,-31000
2010/10/14,0,106000,-30000,76000
2010/10/15,0,453000,-228001,224999
2010/10/18,0,234000,-1254000,-1020000
2010/10/19,0,5000,-22000,-17000
2010/10/20,0,138000,-162612,-24612
2010/10/21,0,466000,-45000,421000
2010/10/22,0,277000,-59000,218000
2010/10/25,0,365000,-13000,352000
2010/10/26,0,642000,-685000,-43000
2010/10/27,0,228000,-10000,218000
2010/10/28,0,201000,-372000,-171000
2010/10/29,0,681000,-184000,497000
2010/11/01,0,244000,-339000,-95000
2010/11/02,0,114000,-83000,31000
2010/11/03,0,157000,-323000,-166000
2010/11/04,0,383000,-1236000,-853000
2010/11/05,0,331000,-155000,176000
2010/11/08,0,490000,-389000,101000
2010/11/09,0,989000,0,989000
2010/11/10,0,35000,-71000,-36000
2010/11/11,0,239000,-75978,163022
2010/11/12,0,80000,-33000,47000
2010/11/15,0,19000,-1101693,-1082693
2010/11/16,0,282000,-258000,24000
2010/11/17,0,15000,-342000,-327000
2010/11/18,0,4000,-220000,-216000
2010/11/19,0,919000,-155000,764000
2010/11/22,0,12000,-550000,-538000
2010/11/23,0,0,-72000,-72000
2010/11/24,0,36000,-285000,-249000
2010/11/25,0,20000,-264000,-244000
2010/11/26,0,112000,-360000,-248000
2010/11/29,0,247000,-118208,128792
2010/11/30,0,477000,-35800,441200
2010/12/01,0,406000,-157000,249000
2010/12/02,0,132000,-571000,-439000
2010/12/03,0,7000,-1238000,-1231000
2010/12/06,0,14000,-307000,-293000
2010/12/07,0,61000,-28000,33000
2010/12/08,0,4000,-4000,0
2010/12/09,0,319000,-24000,295000
2010/12/10,0,1866000,-34000,1832000
2010/12/13,0,2828000,-96000,2732000
2010/12/14,0,1472000,-169000,1303000
2010/12/15,0,999000,-462000,537000
2010/12/16,0,599000,-17000,582000
2010/12/17,0,454000,-14000,440000
2010/12/20,0,364000,-42000,322000
2010/12/21,0,1231000,-69149,1161851
2010/12/22,0,438000,-29436,408564
2010/12/23,0,15000,-33000,-18000
2010/12/24,0,32000,-55000,-23000
2010/12/27,0,44000,-1000,43000
2010/12/28,0,55000,-330000,-275000
2010/12/29,0,41000,-627494,-586494
2010/12/30,0,44000,-454000,-410000
2010/12/31,0,219000,-36000,183000
2011/01/03,0,1305000,-147000,1158000
2011/01/04,0,731000,-757993,-26993
2011/01/05,0,344000,-224000,120000
2011/01/06,0,521000,-6000,515000
2011/01/07,0,936000,-13000,923000
2011/01/10,0,2266000,-34000,2232000
2011/01/11,0,1374000,-66000,1308000
2011/01/12,0,852000,-276000,576000
2011/01/13,0,1867000,-36000,1831000
2011/01/14,0,2544000,-37000,2507000
2011/01/17,0,4349000,-77000,4272000
2011/01/18,0,3850372,-47000,3803372
2011/01/19,0,2813000,-302000,2511000
2011/01/20,0,2080000,-800000,1280000
2011/01/21,0,2028000,-164000,1864000
2011/01/24,0,662000,-464000,198000
2011/01/25,0,599000,-564000,35000
2011/01/26,0,561000,-553000,8000
2011/01/27,0,2477000,-1487000,990000
2011/01/28,0,1606000,-815030,790970
2011/01/31,0,0,0,0
2011/02/01,0,0,0,0
2011/02/02,0,0,0,0
2011/02/03,0,0,0,0
2011/02/04,0,0,0,0
2011/02/07,0,0,0,0
2011/02/08,0,841000,-454000,387000
2011/02/09,0,2418000,-274000,2144000
2011/02/10,0,750000,-1128000,-378000
2011/02/11,0,1688000,-233000,1455000
2011/02/14,0,523000,-116000,407000
2011/02/15,0,1684000,-252526,1431474
2011/02/16,0,2104000,-810000,1294000
2011/02/17,0,1388000,-1475000,-87000
2011/02/18,0,488000,-286000,202000
2011/02/21,0,34000,-935000,-901000
2011/02/22,0,1287000,-1409886,-122886
2011/02/23,0,245000,-950000,-705000
2011/02/24,0,1713000,-1675000,38000
2011/02/25,0,740000,-108000,632000
2011/02/28,0,0,0,0
2011/03/01,0,1424000,-337000,1087000
2011/03/02,0,1085000,-620000,465000
2011/03/03,0,178000,-3125000,-2947000
2011/03/04,0,504000,-1323985,-819985
2011/03/07,0,427000,-34000,393000
2011/03/08,0,1160000,-169947,990053
2011/03/09,0,1347000,-359500,987500
2011/03/10,0,1623000,-59000,1564000
2011/03/11,0,847000,-48000,799000
2011/03/14,0,219000,-261000,-42000
2011/03/15,0,705000,-317500,387500
2011/03/16,0,417000,-421000,-4000
2011/03/17,0,729000,-651000,78000
2011/03/18,0,1393000,-209197,1183803
2011/03/21,0,103000,-511000,-408000
2011/03/22,0,111000,-301000,-190000
2011/03/23,0,50000,-16000,34000
2011/03/24,0,634000,-93000,541000
2011/03/25,0,472000,-45000,427000
2011/03/28,0,117000,-15000,102000
2011/03/29,0,7000,-259000,-252000
2011/03/30,0,51000,-158002,-107002
2011/03/31,0,890887,-139000,751887
2011/04/01,0,1342000,-101000,1241000
2011/04/04,0,0,0,0
2011/04/05,0,0,0,0
2011/04/06,0,459000,-97000,362000
2011/04/07,0,320237,-27000,293237
2011/04/08,0,342000,-686000,-344000
2011/04/11,0,66000,-322000,-256000
2011/04/12,0,211000,-634000,-423000
2011/04/13,0,221000,-1003000,-782000
2011/04/14,0,260000,-204000,56000
2011/04/15,0,128000,-177000,-49000
2011/04/18,0,622000,-152000,470000
2011/04/19,0,652000,-1074000,-422000
2011/04/20,0,838000,-1718000,-880000
2011/04/21,0,1143000,-3822000,-2679000
2011/04/22,0,270000,-628000,-358000
2011/04/25,0,182000,-417000,-235000
2011/04/26,0,404000,-626000,-222000
2011/04/27,0,327000,-687000,-360000
2011/04/28,0,454000,-448000,6000
2011/04/29,0,1571000,-658000,913000
2011/05/02,0,0,0,0
2011/05/03,0,440065,-467421,-27356
2011/05/04,0,39000,-1541920,-1502920
2011/05/05,0,369000,-852840,-483840
2011/05/06,0,307000,-547000,-240000
2011/05/09,0,155000,-74080,80920
2011/05/10,0,130000,-391000,-261000
2011/05/11,0,423000,-509000,-86000
2011/05/12,0,415000,-4250,410750
2011/05/13,0,307000,-373000,-66000
2011/05/16,0,33000,-210000,-177000
2011/05/17,0,25000,-133000,-108000
2011/05/18,0,325000,-115000,210000
2011/05/19,0,1650000,-180000,1470000
2011/05/20,0,156000,-305000,-149000
2011/05/23,0,55000,-899478,-844478
2011/05/24,0,10000,-732000,-722000
2011/05/25,0,302000,-391000,-89000
2011/05/26,0,39000,-547064,-508064
2011/05/27,0,81000,-148492,-67492
2011/05/30,0,280000,-260047,19953
2011/05/31,0,232000,-912000,-680000
2011/06/01,0,268700,-1903206,-1634506
2011/06/02,0,454621,-1645000,-1190379
2011/06/03,0,95000,-4157000,-4062000
2011/06/06,0,0,0,0
2011/06/07,0,271000,-2692000,-2421000
2011/06/08,0,73000,-929000,-856000
2011/06/09,0,231000,-1034000,-803000
2011/06/10,0,2990000,-2972759,17241
2011/06/13,0,36000,-191000,-155000
2011/06/14,0,151000,-179000,-28000
2011/06/15,0,641000,-446000,195000
2011/06/16,0,185000,-208577,-23577
2011/06/17,0,529000,-867800,-338800
2011/06/20,0,640000,-1499000,-859000
2011/06/21,0,527000,-1992295,-1465295
2011/06/22,0,1331000,-2658000,-1327000
2011/06/23,0,639000,-141000,498000
2011/06/24,0,888000,-215712,672288
2011/06/27,0,133000,-177000,-44000
2011/06/28,0,415000,-1924000,-1509000
2011/06/29,0,1747000,-1677000,70000
2011/06/30,0,1529000,-1582000,-53000
2011/07/01,0,2008500,-1691000,317500
2011/07/04,0,632000,-455000,177000
2011/07/05,0,1317000,-967600,349400
2011/07/06,0,2993000,-2249390,743610
2011/07/07,0,357000,-611000,-254000
2011/07/08,0,159000,-207000,-48000
2011/07/11,0,1479000,-1709000,-230000
2011/07/12,0,1855000,-1545000,310000
2011/07/13,0,1577000,-1207000,370000
2011/07/14,0,1346000,-1075000,271000
2011/07/15,0,1131000,-1544000,-413000
2011/07/18,0,125000,-64000,61000
2011/07/19,0,470000,-1122000,-652000
2011/07/20,0,710000,-871000,-161000
2011/07/21,0,866000,-1951000,-1085000
2011/07/22,0,469000,-270000,199000
2011/07/25,0,382000,-861000,-479000
2011/07/26,0,1065000,-1446000,-381000
2011/07/27,0,486000,-119000,367000
2011/07/28,0,803000,-385000,418000
2011/07/29,0,466000,-1086000,-620000
2011/08/01,0,496000,-914000,-418000
2011/08/02,0,1834400,-263000,1571400
2011/08/03,0,1496000,-185000,1311000
2011/08/04,0,71000,-603000,-532000
2011/08/05,0,76000,-10000,66000
2011/08/08,0,1366000,-664000,702000
2011/08/09,0,726000,-401300,324700
2011/08/10,0,281000,-1604747,-1323747
2011/08/11,0,139000,-468000,-329000
2011/08/12,0,1013000,-1175000,-162000
2011/08/15,0,305000,-267000,38000
2011/08/16,0,320000,-449000,-129000
2011/08/17,0,155000,-120000,35000
2011/08/18,0,409000,-310000,99000
2011/08/19,0,2000,-61000,-59000
2011/08/22,0,249000,-436000,-187000
2011/08/23,0,1538000,-2214000,-676000
2011/08/24,0,1325000,-1294166,30834
2011/08/25,0,448000,-691000,-243000
2011/08/26,0,2519000,-310000,2209000
2011/08/29,0,273000,-383946,-110946
2011/08/30,0,127000,-886000,-759000
2011/08/31,0,400199,-278000,122199
2011/09/01,0,439000,-158000,281000
2011/09/02,0,280000,-743000,-463000
2011/09/05,0,236000,-1108000,-872000
2011/09/06,0,444498,-1095000,-650502
2011/09/07,0,735346,-3100453,-2365107
2011/09/08,0,1556000,-760782,795218
2011/09/09,0,1243000,-215897,1027103
2011/09/12,0,0,0,0
2011/09/13,0,630000,-1238000,-608000
2011/09/14,0,177000,-1369585,-1192585
2011/09/15,0,179000,-183448,-4448
2011/09/16,0,3871000,-559500,3311500
2011/09/19,0,2789000,-654647,2134353
2011/09/20,0,475000,-1103634,-628634
2011/09/21,0,189000,-320000,-131000
2011/09/22,0,1107000,-1496000,-389000
2011/09/23,0,741000,-813603,-72603
2011/09/26,0,636000,-704000,-68000
2011/09/27,0,173000,-2274679,-2101679
2011/09/28,0,556000,-2963594,-2407594
2011/09/29,0,294000,-26000,268000
2011/09/30,0,239000,-199000,40000
2011/10/03,0,69847,-184699,-114852
2011/10/04,0,105000,-1058000,-953000
2011/10/05,0,125000,-95238,29762
2011/10/06,0,307000,-20000,287000
2011/10/07,0,1000,-46999,-45999
2011/10/10,0,0,0,0
2011/10/11,0,382000,-84049,297951
2011/10/12,0,234000,-88638,145362
2011/10/13,0,395000,-69000,326000
2011/10/14,0,659000,-6199,652801
2011/10/17,0,121000,-45000,76000
2011/10/18,0,171445,-69000,102445
2011/10/19,0,135000,-383001,-248001
2011/10/20,0,235000,-21000,214000
2011/10/21,0,136000,-1279000,-1143000
2011/10/24,0,239000,-6543655,-6304655
2011/10/25,0,254000,-65000,189000
2011/10/26,0,180000,-41000,139000
2011/10/27,0,343000,-1517000,-1174000
2011/10/28,0,682001,-276000,406001
2011/10/31,0,242000,-411000,-169000
2011/11/01,0,104000,-656000,-552000
2011/11/02,0,47000,-338000,-291000
2011/11/03,0,76000,-666000,-590000
2011/11/04,0,369000,-173000,196000
2011/11/07,0,315000,-92000,223000
2011/11/08,0,331000,-339405,-8405
2011/11/09,0,75000,-587788,-512788
2011/11/10,0,211000,-238000,-27000
2011/11/11,0,221000,-246389,-25389
2011/11/14,0,982000,-833337,148663
2011/11/15,0,66000,-426000,-360000
2011/11/16,0,89000,-214000,-125000
2011/11/17,0,93000,-408000,-315000
2011/11/18,0,466000,-1353237,-887237
2011/11/21,0,546000,-341000,205000
2011/11/22,0,248000,-2749785,-2501785
2011/11/23,0,798000,-63000,735000
2011/11/24,0,378000,-1148157,-770157
2011/11/25,0,1968000,-276000,1692000
2011/11/28,0,379000,-86000,293000
2011/11/29,0,207000,-1563000,-1356000
2011/11/30,0,256000,-2779158,-2523158
2011/12/01,0,2010000,-3735000,-1725000
2011/12/02,0,648000,-1237778,-589778
2011/12/05,0,334000,-604000,-270000
2011/12/06,0,98000,-1000062,-902062
2011/12/07,0,1721000,-373000,1348000
2011/12/08,0,36000,-452000,-416000
2011/12/09,0,215000,-1923801,-1708801
2011/12/12,0,645000,-31000,614000
2011/12/13,0,720000,-950976,-230976
2011/12/14,0,415000,-1071267,-656267
2011/12/15,0,1107000,-394000,713000
2011/12/16,0,712000,-311797,400203
2011/12/19,0,163000,-211881,-48881
2011/12/20,0,369000,-370747,-1747
2011/12/21,0,125000,-403000,-278000
2011/12/22,0,2000,-281715,-279715
2011/12/23,0,1067000,-169000,898000
2011/12/26,0,1007000,-558000,449000
2011/12/27,0,15000,-592989,-577989
2011/12/28,0,174000,-228000,-54000
2011/12/29,0,52000,-550952,-498952
2011/12/30,0,73000,-17000,56000
2012/01/02,0,33000,-353000,-320000
2012/01/03,0,64000,-70000,-6000
2012/01/04,0,59000,-173002,-114002
2012/01/05,0,26000,-342000,-316000
2012/01/06,0,197000,-356000,-159000
2012/01/09,0,590499,-137000,453499
2012/01/10,0,110000,-86000,24000
2012/01/11,0,77001,-101000,-23999
2012/01/12,0,90000,-48000,42000
2012/01/13,0,24000,-11000,13000
2012/01/16,0,8000,-86000,-78000
2012/01/17,0,689000,-23000,666000
2012/01/18,0,256000,-418000,-162000
2012/01/19,0,0,0,0
2012/01/20,0,0,0,0
2012/01/23,0,0,0,0
2012/01/24,0,0,0,0
2012/01/25,0,0,0,0
2012/01/26,0,0,0,0
2012/01/27,0,0,0,0
2012/01/30,0,406000,-814000,-408000
2012/01/31,0,19000,-442139,-423139
2012/02/01,0,147000,-1878194,-1731194
2012/02/02,0,453000,-379000,74000
2012/02/03,0,14000,-66000,-52000
2012/02/06,0,224000,-80000,144000
2012/02/07,0,214000,0,214000
2012/02/08,0,512000,-16498,495502
2012/02/09,0,574000,-2822827,-2248827
2012/02/10,0,80000,-89000,-9000
2012/02/13,0,141000,-18000,123000
2012/02/14,0,73000,-90000,-17000
2012/02/15,0,320308,-233000,87308
2012/02/16,0,31000,-164000,-133000
2012/02/17,0,101000,-172000,-71000
2012/02/20,0,209000,-90000,119000
2012/02/21,0,221000,-184000,37000
2012/02/22,0,248000,-158000,90000
2012/02/23,0,75000,-61000,14000
2012/02/24,0,93000,-66000,27000
2012/02/27,0,0,0,0
2012/02/28,0,0,0,0
2012/02/29,0,33000,-254695,-221695
2012/03/01,0,560000,-212000,348000
2012/03/02,0,55000,-61000,-6000
2012/03/05,0,113000,-356000,-243000
2012/03/06,0,427000,-229000,198000
2012/03/07,0,288000,-327993,-39993
2012/03/08,0,357000,-78000,279000
2012/03/09,0,270000,-222000,48000
2012/03/12,0,42000,-75000,-33000
2012/03/13,0,65000,-324000,-259000
2012/03/14,0,1279000,-263000,1016000
2012/03/15,0,66000,-700000,-634000
2012/03/16,0,27000,-876000,-849000
2012/03/19,0,0,-204000,-204000
2012/03/20,0,60000,-113000,-53000
2012/03/21,0,67000,-773000,-706000
2012/03/22,0,306000,-371000,-65000
2012/03/23,0,853000,-322000,531000
2012/03/26,0,224000,-96000,128000
2012/03/27,0,381000,-98000,283000
2012/03/28,0,176000,-106000,70000
2012/03/29,0,441000,-205000,236000
2012/03/30,0,81000,-108000,-27000
2012/04/02,0,99000,-137199,-38199
2012/04/03,0,83000,-385000,-302000
2012/04/04,0,0,0,0
2012/04/05,0,219000,-57000,162000
2012/04/06,0,254000,-87000,167000
2012/04/09,0,11000,-147000,-136000
2012/04/10,0,28000,-357000,-329000
2012/04/11,0,221000,-612000,-391000
2012/04/12,0,166000,-286308,-120308
2012/04/13,0,83000,-46000,37000
2012/04/16,0,53000,-80000,-27000
2012/04/17,0,95000,-240000,-145000
2012/04/18,0,591000,-77000,514000
2012/04/19,0,177797,-36000,141797
2012/04/20,0,30000,-417000,-387000
2012/04/23,0,54000,-123000,-69000
2012/04/24,0,196000,-1206000,-1010000
2012/04/25,0,250000,-192000,58000
2012/04/26,0,204000,-72000,132000
2012/04/27,0,119000,-158000,-39000
2012/04/30,0,309000,-101199,207801
2012/05/01,0,0,0,0
2012/05/02,0,329000,-162000,167000
2012/05/03,0,229000,-314000,-85000
2012/05/04,0,197000,-71000,126000
2012/05/07,0,64000,-72000,-8000
2012/05/08,0,61000,-167000,-106000
2012/05/09,0,11000,-365000,-354000
2012/05/10,0,11000,-459000,-448000
2012/05/11,0,64000,-33000,31000
2012/05/14,0,2000,-151000,-149000
2012/05/15,0,84000,-7000,77000
2012/05/16,0,1000,-55000,-54000
2012/05/17,0,5000,-66000,-61000
2012/05/18,0,23000,-96000,-73000
2012/05/21,0,34000,-144000,-110000
2012/05/22,0,64000,-7000,57000
2012/05/23,0,7000,-66000,-59000
2012/05/24,0,99000,-117000,-18000
2012/05/25,0,239000,-64000,175000
2012/05/28,0,63000,-53000,10000
2012/05/29,0,127000,-65000,62000
2012/05/30,0,95000,-91000,4000
2012/05/31,0,66000,-22000,44000
2012/06/01,0,42000,-120700,-78700
2012/06/04,0,4000,-42000,-38000
2012/06/05,0,109000,-49000,60000
2012/06/06,0,259000,-42000,217000
2012/06/07,0,118000,-67000,51000
2012/06/08,0,12000,-519000,-507000
2012/06/11,0,133000,-8000,125000
2012/06/12,0,207000,-21000,186000
2012/06/13,0,304000,-20000,284000
2012/06/14,0,351000,-6000,345000
2012/06/15,0,1819748,-172000,1647748
2012/06/18,0,557000,-260000,297000
2012/06/19,0,330000,-1000,329000
2012/06/20,0,65000,-22000,43000
2012/06/21,0,214000,-45000,169000
2012/06/22,0,65000,0,65000
2012/06/25,0,104000,-49000,55000
2012/06/26,0,93000,-84000,9000
2012/06/27,0,97000,-12000,85000
2012/06/28,0,110589,-53000,57589
2012/06/29,0,91589,-25000,66589
2012/07/02,0,67000,-30000,37000
2012/07/03,0,60000,-59000,1000
2012/07/04,0,5000,-5000,0
2012/07/05,0,4000,-4000,0
2012/07/06,0,17000,-34000,-17000
2012/07/09,0,99000,-5000,94000
2012/07/10,0,83400,-107645,-24245
2012/07/11,0,516000,-5000,511000
2012/07/12,0,746000,-2000,744000
2012/07/13,0,2882000,-58000,2824000
2012/07/16,0,18000,-83000,-65000
2012/07/17,0,122000,-112000,10000
2012/07/18,0,235000,-31000,204000
2012/07/19,0,59000,-6000,53000
2012/07/20,0,74000,-2000,72000
2012/07/23,0,15000,-33599,-18599
2012/07/24,0,62000,-282535,-220535
2012/07/25,0,6000,-257000,-251000
2012/07/26,0,81000,-83000,-2000
2012/07/27,0,8000,-33000,-25000
2012/07/30,0,12000,-18000,-6000
2012/07/31,0,23000,-5000,18000
2012/08/01,0,4000,-518000,-514000
2012/08/02,0,0,0,0
2012/08/03,0,68000,-322000,-254000
2012/08/06,0,111000,-66000,45000
2012/08/07,0,24000,-370000,-346000
2012/08/08,0,39000,-159000,-120000
2012/08/09,0,65000,-79000,-14000
2012/08/10,0,423000,-58000,365000
2012/08/13,0,3000,-130000,-127000
2012/08/14,0,40000,-137000,-97000
2012/08/15,0,45000,-540000,-495000
2012/08/16,0,30000,-1015000,-985000
2012/08/17,0,20000,-3000,17000
2012/08/20,0,24000,-349000,-325000
2012/08/21,0,5000,-184000,-179000
2012/08/22,0,46000,-81000,-35000
2012/08/23,0,46000,0,46000
2012/08/24,0,14000,-11000,3000
2012/08/27,0,0,-31000,-31000
2012/08/28,0,30000,-70749,-40749
2012/08/29,0,14000,-64000,-50000
2012/08/30,0,43000,-39000,4000
2012/08/31,0,21000,-30000,-9000
2012/09/03,0,8000,-1000,7000
2012/09/04,0,3000,-204465,-201465
2012/09/05,0,23000,-28468,-5468
2012/09/06,0,25000,-375299,-350299
2012/09/07,0,40000,-83000,-43000
2012/09/10,0,54000,-1000,53000
2012/09/11,0,3000,-76049,-73049
2012/09/12,0,50000,-1000,49000
2012/09/13,0,1000,-13000,-12000
2012/09/14,0,60000,-13000,47000
2012/09/17,0,59649,-7000,52649
2012/09/18,0,128000,-242376,-114376
2012/09/19,0,101000,-54000,47000
2012/09/20,0,142000,-21000,121000
2012/09/21,0,50000,0,50000
2012/09/24,0,75000,-5000,70000
2012/09/25,0,190000,-5000,185000
2012/09/26,0,18000,-92000,-74000
2012/09/27,0,49000,-42000,7000
2012/09/28,0,57000,-21000,36000
2012/10/01,0,137000,-18000,119000
2012/10/02,0,57000,-180,56820
2012/10/03,0,11000,-1000,10000
2012/10/04,0,29000,-53000,-24000
2012/10/05,0,128540,-4000,124540
2012/10/08,0,0,-56000,-56000
2012/10/09,0,30000,-37000,-7000
2012/10/10,0,0,0,0
2012/10/11,0,92000,-4000,88000
2012/10/12,0,7000,-35000,-28000
2012/10/15,0,32000,-168258,-136258
2012/10/16,0,1000,-11000,-10000
2012/10/17,0,24000,-34000,-10000
2012/10/18,0,102000,-8000,94000
2012/10/19,0,105000,-7000,98000
2012/10/22,0,38000,-29000,9000
2012/10/23,0,91000,-10000,81000
2012/10/24,0,129000,-5786,123214
2012/10/25,0,216000,-57000,159000
2012/10/26,0,161000,-13070,147930
2012/10/29,0,111000,0,111000
2012/10/30,0,239000,-31000,208000
2012/10/31,0,41319,-75000,-33681
2012/11/01,0,25000,-16000,9000
2012/11/02,0,46000,-49000,-3000
2012/11/05,0,42000,-83000,-41000
2012/11/06,0,181000,-65000,116000
2012/11/07,0,111000,-31434,79566
2012/11/08,0,82000,-182027,-100027
2012/11/09,0,62000,-65219,-3219
2012/11/12,0,30000,-270000,-240000
2012/11/13,0,51000,-323000,-272000
2012/11/14,0,86000,-206000,-120000
2012/11/15,0,49000,-94000,-45000
2012/11/16,0,53000,-52000,1000
2012/11/19,0,218064,-191000,27064
2012/11/20,0,22000,-92000,-70000
2012/11/21,0,4000,-299000,-295000
2012/11/22,0,26000,-134000,-108000
2012/11/23,0,68000,-92000,-24000
2012/11/26,0,31000,-3000,28000
2012/11/27,0,47000,-89050,-42050
2012/11/28,0,3000,-24000,-21000
2012/11/29,0,75000,-172000,-97000
2012/11/30,0,56000,-362219,-306219
2012/12/03,0,196000,-49000,147000
2012/12/04,0,32000,-150000,-118000
2012/12/05,0,6000,-51599,-45599
2012/12/06,0,7000,-502940,-495940
2012/12/07,0,52000,-29000,23000
2012/12/10,0,7000,-20000,-13000
2012/12/11,0,119000,-2000,117000
2012/12/12,0,14000,-27000,-13000
2012/12/13,0,128000,-15000,113000
2012/12/14,0,91000,-2000,89000
2012/12/17,0,51000,-207096,-156096
2012/12/18,0,49000,-63000,-14000
2012/12/19,0,65000,-43000,22000
2012/12/20,0,730000,-50000,680000
2012/12/21,0,1332000,-168000,1164000
2012/12/24,0,5599,-53000,-47401
2012/12/25,0,67000,-7000,60000
2012/12/26,0,39000,-34000,5000
2012/12/27,0,114000,-3960,110040
2012/12/28,0,147000,0,147000
2012/12/31,0,0,0,0
2013/01/01,0,0,0,0
2013/01/02,0,134000,-17000,117000
2013/01/03,0,30000,-7000,23000
2013/01/04,0,117000,-104000,13000
2013/01/07,0,104000,-27000,77000
2013/01/08,0,138000,-82000,56000
2013/01/09,0,74000,-59000,15000
2013/01/10,0,385000,-50000,335000
2013/01/11,0,196000,-48000,148000
2013/01/14,0,65000,-69537,-4537
2013/01/15,0,156000,-344966,-188966
2013/01/16,0,200000,-722000,-522000
2013/01/17,0,178000,-151386,26614
2013/01/18,0,223000,-18000,205000
2013/01/21,0,135000,-13000,122000
2013/01/22,0,186000,-30000,156000
2013/01/23,0,354000,-34000,320000
2013/01/24,0,289000,-66000,223000
2013/01/25,0,304000,-157000,147000
2013/01/28,0,219000,-11000,208000
2013/01/29,0,192000,-164000,28000
2013/01/30,0,161000,-100000,61000
2013/01/31,0,28000,-65000,-37000
2013/02/01,0,161000,-109000,52000
2013/02/04,0,65000,-207000,-142000
2013/02/05,0,236000,-57000,179000
2013/02/06,0,66000,0,66000
2013/02/07,0,0,0,0
2013/02/08,0,0,0,0
2013/02/11,0,0,0,0
2013/02/12,0,0,0,0
2013/02/13,0,0,0,0
2013/02/14,0,0,0,0
2013/02/15,0,0,0,0
2013/02/18,0,445000,-53000,392000
2013/02/19,0,24000,-35000,-11000
2013/02/20,0,175000,-67000,108000
2013/02/21,0,108000,-340000,-232000
2013/02/22,0,66000,-176000,-110000
2013/02/25,0,29000,-424693,-395693
2013/02/26,0,150000,-28000,122000
2013/02/27,0,42000,-44000,-2000
2013/02/28,0,0,0,0
2013/03/01,0,436000,-14000,422000
2013/03/04,0,294000,-150000,144000
2013/03/05,0,10000,-43000,-33000
2013/03/06,0,123000,-1000,122000
2013/03/07,0,124000,-87000,37000
2013/03/08,0,220000,-32000,188000
2013/03/11,0,21000,-10000,11000
2013/03/12,0,32000,-27000,5000
2013/03/13,0,493000,-4000,489000
2013/03/14,0,416000,-62000,354000
2013/03/15,0,247000,-19000,228000
2013/03/18,0,99000,-56000,43000
2013/03/19,0,16000,-89000,-73000
2013/03/20,0,5000,-202000,-197000
2013/03/21,0,25000,-46000,-21000
2013/03/22,0,62001,-400825,-338824
2013/03/25,0,50000,-129000,-79000
2013/03/26,0,65000,-174000,-109000
2013/03/27,0,25000,-26000,-1000
2013/03/28,0,35000,-1000,34000
2013/03/29,0,47000,-3000,44000
2013/04/01,0,20000,-3000,17000
2013/04/02,0,54000,-31000,23000
2013/04/03,0,59000,-98000,-39000
2013/04/04,0,0,0,0
2013/04/05,0,0,0,0
2013/04/08,0,91000,-53000,38000
2013/04/09,0,36000,-62000,-26000
2013/04/10,0,301728,-68000,233728
2013/04/11,0,58952,-35000,23952
2013/04/12,0,21000,-21000,0
2013/04/15,0,38000,-3000,35000
2013/04/16,0,76000,-10000,66000
2013/04/17,0,221000,-6000,215000
2013/04/18,0,230000,-18000,212000
2013/04/19,0,172000,0,172000
2013/04/22,0,73000,0,73000
2013/04/23,0,97000,0,97000
2013/04/24,0,148000,-6000,142000
2013/04/25,0,101000,-4000,97000
2013/04/26,0,106000,-8000,98000
2013/04/29,0,49000,-34000,15000
2013/04/30,0,127000,-3000,124000
2013/05/01,0,0,0,0
2013/05/02,0,202000,-2000,200000
2013/05/03,0,67000,-3000,64000
2013/05/06,0,165000,0,165000
2013/05/07,0,38000,-17073,20927
2013/05/08,0,127000,-189224,-62224
2013/05/09,0,411448,-10000,401448
2013/05/10,0,117000,-495000,-378000
2013/05/13,0,229546,-405000,-175454
2013/05/14,0,172000,-304000,-132000
2013/05/15,0,246000,-840000,-594000
2013/05/16,0,238000,-1076000,-838000
2013/05/17,0,552000,-2083840,-1531840
2013/05/20,0,77000,-52000,25000
2013/05/21,0,85000,-136000,-51000
2013/05/22,0,144320,-35000,109320
2013/05/23,0,48680,-93000,-44320
2013/05/24,0,73000,-99000,-26000
2013/05/27,0,334000,-58000,276000
2013/05/28,0,94000,-8000,86000
2013/05/29,0,65000,-14000,51000
2013/05/30,0,16000,-34000,-18000
2013/05/31,0,22000,-55862,-33862
2013/06/03,0,72000,-34000,38000
2013/06/04,0,18000,-32000,-14000
2013/06/05,0,27000,-128000,-101000
2013/06/06,0,7849,-144004,-136155
2013/06/07,0,105000,-780000,-675000
2013/06/10,0,0,-253000,-253000
2013/06/11,0,25000,-399046,-374046
2013/06/12,0,0,0,0
2013/06/13,0,37000,-773000,-736000
2013/06/14,0,42000,-359000,-317000
2013/06/17,0,93000,-187000,-94000
2013/06/18,0,61000,-202000,-141000
2013/06/19,0,195000,-511709,-316709
2013/06/20,0,21000,-374999,-353999
2013/06/21,0,1132000,-2077000,-945000
2013/06/24,0,191000,-245000,-54000
2013/06/25,0,70000,-157015,-87015
2013/06/26,0,133000,-222000,-89000
2013/06/27,0,66000,-78000,-12000
2013/06/28,0,10000,-27000,-17000
2013/07/01,0,84000,-36000,48000
2013/07/02,0,49000,-38293,10707
2013/07/03,0,225000,-13000,212000
2013/07/04,0,75000,-52000,23000
2013/07/05,0,50000,-53000,-3000
2013/07/08,0,6000,-94000,-88000
2013/07/09,0,27000,-101000,-74000
2013/07/10,0,111000,-27000,84000
2013/07/11,0,81000,-196000,-115000
2013/07/12,0,16000,-168000,-152000
2013/07/15,0,110000,-139791,-29791
2013/07/16,0,1000,-52000,-51000
2013/07/17,0,18000,-58000,-40000
2013/07/18,0,7000,-49000,-42000
2013/07/19,0,32000,-6000,26000
2013/07/22,0,104000,-6000,98000
2013/07/23,0,29000,-3000,26000
2013/07/24,0,40000,-145157,-105157
2013/07/25,0,160000,-93149,66851
2013/07/26,0,109000,-23000,86000
2013/07/29,0,61000,-217000,-156000
2013/07/30,0,152000,-305889,-153889
2013/07/31,0,8000,-45000,-37000
2013/08/01,0,79000,-37000,42000
2013/08/02,0,101000,-16000,85000
2013/08/05,0,74000,-24000,50000
2013/08/06,0,5000,-39000,-34000
2013/08/07,0,25000,-21000,4000
2013/08/08,0,5000,-33000,-28000
2013/08/09,0,19000,-31000,-12000
2013/08/12,0,47000,-59292,-12292
2013/08/13,0,489000,-16000,473000
2013/08/14,0,169000,-43000,126000
2013/08/15,0,489000,-172000,317000
2013/08/16,0,874000,-246000,628000
2013/08/19,0,54000,-256000,-202000
2013/08/20,0,319000,-337000,-18000
2013/08/21,0,0,0,0
2013/08/22,0,573000,-84000,489000
2013/08/23,0,1235223,-203000,1032223
2013/08/26,0,107000,-306499,-199499
2013/08/27,0,600000,-130000,470000
2013/08/28,0,501000,-91000,410000
2013/08/29,0,402000,-33000,369000
2013/08/30,0,766000,-450000,316000
2013/09/02,0,1344000,-260000,1084000
2013/09/03,0,895000,-441000,454000
2013/09/04,0,700000,-332000,368000
2013/09/05,0,686000,-262822,423178
2013/09/06,0,1292000,-344000,948000
2013/09/09,0,571000,-100000,471000
2013/09/10,0,1464000,-143000,1321000
2013/09/11,0,949000,-81000,868000
2013/09/12,0,1518000,-272000,1246000
2013/09/13,0,724000,-98000,626000
2013/09/16,0,2108000,-46198,2061802
2013/09/17,0,1240000,-693491,546509
2013/09/18,0,1884000,-791317,1092683
2013/09/19,0,0,0,0
2013/09/20,0,0,0,0
2013/09/23,0,867200,-626800,240400
2013/09/24,0,265000,-416883,-151883
2013/09/25,0,1094000,-323478,770522
2013/09/26,0,743000,-108000,635000
2013/09/27,0,458000,-463811,-5811
2013/09/30,0,932000,-172000,760000
2013/10/01,0,421000,-204000,217000
2013/10/02,0,538000,-339000,199000
2013/10/03,0,1003000,-61000,942000
2013/10/04,0,943000,-108268,834732
2013/10/07,0,336000,-628000,-292000
2013/10/08,0,1573000,-137200,1435800
2013/10/09,0,717000,-279000,438000
2013/10/10,0,0,0,0
2013/10/11,0,1193769,-94000,1099769
2013/10/14,0,906000,-15000,891000
2013/10/15,0,1787000,-161000,1626000
2013/10/16,0,3863000,-584000,3279000
2013/10/17,0,938000,-426000,512000
2013/10/18,0,2345000,-557000,1788000
2013/10/21,0,853000,-78000,775000
2013/10/22,0,1677000,-112133,1564867
2013/10/23,0,1827252,-513000,1314252
2013/10/24,0,673000,-467702,205298
2013/10/25,0,1518000,-729000,789000
2013/10/28,0,389000,-370000,19000
2013/10/29,0,722000,-384080,337920
2013/10/30,0,515539,-465691,49848
2013/10/31,0,413000,-480000,-67000
2013/11/01,0,390000,-1000,389000
2013/11/04,0,549160,-176000,373160
2013/11/05,0,118000,-403000,-285000
2013/11/06,0,536000,-429753,106247
2013/11/07,0,758000,-879000,-121000
2013/11/08,0,824192,-1114000,-289808
2013/11/11,0,526139,-935000,-408861
2013/11/12,0,1391000,-479000,912000
2013/11/13,0,789000,-566000,223000
2013/11/14,0,896000,-164533,731467
2013/11/15,0,858688,-201000,657688
2013/11/18,0,232000,-166000,66000
2013/11/19,0,509000,-235000,274000
2013/11/20,0,207000,-258000,-51000
2013/11/21,0,451218,-182000,269218
2013/11/22,0,399353,-243000,156353
2013/11/25,0,211000,-60587,150413
2013/11/26,0,228000,-74000,154000
2013/11/27,0,178000,-323949,-145949
2013/11/28,0,373000,-76000,297000
2013/11/29,0,325000,-80000,245000
2013/12/02,0,406000,-173000,233000
2013/12/03,0,325609,-144000,181609
2013/12/04,0,1723667,-405000,1318667
2013/12/05,0,1914177,-929000,985177
2013/12/06,0,2130268,-713064,1417204
2013/12/09,0,1565000,-246000,1319000
2013/12/10,0,1539000,-396000,1143000
2013/12/11,0,2316000,-598959,1717041
2013/12/12,0,1154791,-374086,780705
2013/12/13,0,470000,-560000,-90000
2013/12/16,0,360306,-1325000,-964694
2013/12/17,0,1164000,-451000,713000
2013/12/18,0,340000,-100000,240000
2013/12/19,0,460000,-193000,267000
2013/12/20,0,2203000,-3154858,-951858
2013/12/23,0,415000,-567000,-152000
2013/12/24,0,433000,-48187,384813
2013/12/25,0,49000,-82000,-33000
2013/12/26,0,27000,-44000,-17000
2013/12/27,0,259000,-50000,209000
2013/12/30,0,259000,-73004,185996
2013/12/31,0,732000,-74000,658000
2014/01/02,0,273000,-262000,11000
2014/01/03,0,388000,-190000,198000
2014/01/06,0,656000,-593472,62528
2014/01/07,0,701000,-171000,530000
2014/01/08,0,283000,-281000,2000
2014/01/09,0,379000,-414000,-35000
2014/01/10,0,1528000,-1332000,196000
2014/01/13,0,570000,-382000,188000
2014/01/14,0,1105000,-532000,573000
2014/01/15,0,240000,-1094000,-854000
2014/01/16,0,294000,-1178669,-884669
2014/01/17,0,288000,-823000,-535000
2014/01/20,0,250000,-608059,-358059
2014/01/21,0,553000,-720000,-167000
2014/01/22,0,262000,-355000,-93000
2014/01/23,0,1691000,-815000,876000
2014/01/24,0,1242288,-2085000,-842712
2014/01/27,0,769644,-1074955,-305311
2014/02/05,0,610000,-2148248,-1538248
2014/02/06,0,1216000,-1746000,-530000
2014/02/07,0,548000,-2088233,-1540233
2014/02/10,0,489000,-512000,-23000
2014/02/11,0,128000,-904000,-776000
2014/02/12,0,223000,-645000,-422000
2014/02/13,0,111000,-697000,-586000
2014/02/14,0,11000,-675000,-664000
2014/02/17,0,2000,-101000,-99000
2014/02/18,0,246000,-309000,-63000
2014/02/19,0,175000,-488482,-313482
2014/02/20,0,146000,-776781,-630781
2014/02/21,0,325000,-648000,-323000
2014/02/24,0,591000,-552000,39000
2014/02/25,0,9000,-723000,-714000
2014/02/26,0,175000,-674000,-499000
2014/02/27,0,193000,-792000,-599000
2014/03/03,0,136000,-420928,-284928
2014/03/04,0,58861,-371000,-312139
2014/03/05,0,158000,-323235,-165235
2014/03/06,0,319820,-458000,-138180
2014/03/07,0,89000,-414000,-325000
2014/03/10,0,587000,-620000,-33000
2014/03/11,0,455000,-183085,271915
2014/03/12,0,123000,-310000,-187000
2014/03/13,0,73000,-956000,-883000
2014/03/14,0,605000,-222000,383000
2014/03/17,0,272000,-88000,184000
2014/03/18,0,118000,-516000,-398000
2014/03/19,0,306000,-97000,209000
2014/03/20,0,1105000,-415000,690000
2014/03/21,0,347000,-1377346,-1030346
2014/03/24,0,887423,-3207000,-2319577
2014/03/25,0,1028000,-1042000,-14000
2014/03/26,0,1252000,-1262000,-10000
2014/03/27,0,343000,-737000,-394000
2014/03/28,0,1881000,-439000,1442000
2014/03/31,0,551000,-2030000,-1479000
2014/04/01,0,383000,-383000,0
2014/04/02,0,540000,-1158000,-618000
2014/04/03,0,413000,-512000,-99000
2014/04/07,0,351000,-1109000,-758000
2014/04/08,0,390000,-86000,304000
2014/04/09,0,451840,-441000,10840
2014/04/10,0,666000,-2135592,-1469592
2014/04/11,0,542000,-22000,520000
2014/04/14,0,1306000,-275000,1031000
2014/04/15,0,796000,-255000,541000
2014/04/16,0,889000,-1049000,-160000
2014/04/17,0,490000,-498000,-8000
2014/04/18,0,849000,-78000,771000
2014/04/21,0,378000,-368000,10000
2014/04/22,0,223000,-69000,154000
2014/04/23,0,481000,-110000,371000
2014/04/24,0,726000,-127053,598947
2014/04/25,0,892000,-51820,840180
2014/04/28,0,263000,-132000,131000
2014/04/29,0,620000,-161243,458757
2014/04/30,0,374000,-182000,192000
2014/05/02,0,264000,-398000,-134000
2014/05/05,0,92000,-190000,-98000
2014/05/06,0,226000,-114000,112000
2014/05/07,0,243000,-326000,-83000
2014/05/08,0,352000,-372467,-20467
2014/05/09,0,186000,-290000,-104000
2014/05/12,0,266000,-223000,43000
2014/05/13,0,282000,-536000,-254000
2014/05/14,0,43000,-350000,-307000
2014/05/15,0,72000,-523000,-451000
2014/05/16,0,178000,-783824,-605824
2014/05/19,0,155000,-754000,-599000
2014/05/20,0,960000,-102076,857924
2014/05/21,0,72000,-557000,-485000
2014/05/22,0,201000,-171000,30000
2014/05/23,0,78000,-956198,-878198
2014/05/26,0,61000,-64000,-3000
2014/05/27,0,83000,-92000,-9000
2014/05/28,0,448000,-335849,112151
2014/05/29,0,165000,-513403,-348403
2014/05/30,0,349000,-505000,-156000
2014/06/03,0,137000,-836243,-699243
2014/06/04,0,238000,-39000,199000
2014/06/05,0,113000,-779650,-666650
2014/06/06,0,293000,-492000,-199000
2014/06/09,0,299000,-289000,10000
2014/06/10,0,323250,-624000,-300750
2014/06/11,0,151000,-216000,-65000
2014/06/12,0,36000,-291000,-255000
2014/06/13,0,362000,-433000,-71000
2014/06/16,0,212000,-21000,191000
2014/06/17,0,139000,-301251,-162251
2014/06/18,0,364000,-210000,154000
2014/06/19,0,157000,-35760,121240
2014/06/20,0,72000,-210000,-138000
2014/06/23,0,130000,-896498,-766498
2014/06/24,0,350000,-1006502,-656502
2014/06/25,0,149000,-182910,-33910
2014/06/26,0,134000,-343000,-209000
2014/06/27,0,226000,-204000,22000
2014/06/30,0,210000,-229000,-19000
2014/07/01,0,167000,-367000,-200000
2014/07/02,0,211220,-104000,107220
2014/07/03,0,618000,-166000,452000
2014/07/04,0,1026000,-107000,919000
2014/07/07,0,276000,-228094,47906
2014/07/08,0,441000,-51000,390000
2014/07/09,0,1298000,-286000,1012000
2014/07/10,0,2025000,-589000,1436000
2014/07/11,0,1227000,-324000,903000
2014/07/14,0,1796000,-47000,1749000
2014/07/15,0,699000,-77000,622000
2014/07/16,0,787000,-6000,781000
2014/07/17,0,610000,-123000,487000
2014/07/18,0,444000,-114000,330000
2014/07/21,0,599000,-205873,393127
2014/07/22,0,693000,-44000,649000
2014/07/23,0,0,0,0
2014/07/24,0,346000,-338039,7961
2014/07/25,0,584000,-175787,408213
2014/07/28,0,395000,-46000,349000
2014/07/29,0,725000,-228000,497000
2014/07/30,0,437000,-87000,350000
2014/07/31,0,371000,-235262,135738
2014/08/01,0,719000,-52000,667000
2014/08/04,0,237000,-150000,87000
2014/08/05,0,474000,-251000,223000
2014/08/06,0,1094000,-589000,505000
2014/08/07,0,728000,-438000,290000
2014/08/08,0,512000,-234000,278000
2014/08/11,0,282000,-91000,191000
2014/08/12,0,102000,-336000,-234000
2014/08/13,0,263000,-199000,64000
2014/08/14,0,209000,-195000,14000
2014/08/15,0,47000,-460000,-413000
2014/08/18,0,104000,-334000,-230000
2014/08/19,0,272000,-379000,-107000
2014/08/20,0,357000,-139003,217997
2014/08/21,0,88000,-127000,-39000
2014/08/22,0,202000,-174524,27476
2014/08/25,0,301000,-127800,173200
2014/08/26,0,220000,-247265,-27265
2014/08/27,0,1020000,-148900,871100
2014/08/28,0,252400,-298318,-45918
2014/08/29,0,144000,-76000,68000
2014/09/01,0,415000,-65000,350000
2014/09/02,0,38000,-596654,-558654
2014/09/03,0,110000,-361600,-251600
2014/09/04,0,121000,-314000,-193000
2014/09/05,0,83000,-178000,-95000
2014/09/09,0,96220,-246220,-150000
2014/09/10,0,30240,-240040,-209800
2014/09/11,0,22000,-418818,-396818
2014/09/12,0,25000,-389340,-364340
2014/09/15,0,890000,-719923,170077
2014/09/16,0,361000,-176000,185000
2014/09/17,0,642000,-620000,22000
2014/09/18,0,688000,-919792,-231792
2014/09/19,0,465000,-286160,178840
2014/09/22,0,244000,-339000,-95000
2014/09/23,0,522000,-415344,106656
2014/09/24,0,568440,-260140,308300
2014/09/25,0,76000,-282000,-206000
2014/09/26,0,51000,-80200,-29200
2014/09/29,0,97000,-350716,-253716
2014/09/30,0,166000,-104000,62000
2014/10/01,0,94000,-214000,-120000
2014/10/02,0,77000,-142882,-65882
2014/10/03,0,153000,-35000,118000
2014/10/06,0,174000,-66000,108000
2014/10/07,0,109000,-275960,-166960
2014/10/08,0,105000,-434340,-329340
2014/10/09,0,10240,-237721,-227481
2014/10/13,0,119000,-103000,16000
2014/10/14,0,863000,-583939,279061
2014/10/15,0,75000,-814000,-739000
2014/10/16,0,176000,-1018333,-842333
2014/10/17,0,464000,-1337916,-873916
2014/10/20,0,170400,-323000,-152600
2014/10/21,0,169000,-683000,-514000
2014/10/22,0,511000,-392000,119000
2014/10/23,0,294000,-271000,23000
2014/10/24,0,73000,-294000,-221000
2014/10/27,0,759000,-569618,189382
2014/10/28,0,294000,-211241,82759
2014/10/29,0,257000,-218000,39000
2014/10/30,0,222000,-102900,119100
2014/10/31,0,547000,-218000,329000
2014/11/03,0,364000,-392340,-28340
2014/11/04,0,257000,-110000,147000
2014/11/05,0,353000,-231491,121509
2014/11/06,0,1006000,-137000,869000
2014/11/07,0,199000,-117000,82000
2014/11/10,0,265000,-922000,-657000
2014/11/11,0,365000,-536640,-171640
2014/11/12,0,180901,-786500,-605599
2014/11/13,0,43000,-687800,-644800
2014/11/14,0,8000,-502000,-494000
2014/11/17,0,63000,-1070718,-1007718
2014/11/18,0,143000,-1036682,-893682
2014/11/19,0,127000,-736000,-609000
2014/11/20,0,74000,-584610,-510610
2014/11/21,0,58000,-792020,-734020
2014/11/24,0,22000,-517220,-495220
2014/11/25,0,52000,-1230499,-1178499
2014/11/26,0,185000,-1106380,-921380
2014/11/27,0,170000,-9654384,-9484384
2014/11/28,0,17000,-1025040,-1008040
2014/12/01,0,84000,-552804,-468804
2014/12/02,0,30000,-1574000,-1544000
2014/12/03,0,140000,-3070000,-2930000
2014/12/04,0,1952000,-721260,1230740
2014/12/05,0,3312000,-987000,2325000
2014/12/08,0,1887000,-2014000,-127000
2014/12/09,0,1993000,-2582760,-589760
2014/12/10,0,1144000,-260140,883860
2014/12/11,0,1532000,-1713320,-181320
2014/12/12,0,305000,-1371000,-1066000
2014/12/15,0,428000,-1758660,-1330660
2014/12/16,0,518000,-714520,-196520
2014/12/17,0,245000,-689640,-444640
2014/12/18,0,666000,-256000,410000
2014/12/19,0,245000,-462000,-217000
2014/12/22,0,272000,-247000,25000
2014/12/23,0,195000,-260000,-65000
2014/12/24,0,73000,-173000,-100000
2014/12/25,0,24000,-79000,-55000
2014/12/26,0,71000,-70000,1000
2014/12/29,0,158000,-266000,-108000
2014/12/30,0,239000,-555450,-316450
2014/12/31,0,37000,-273003,-236003
2015/01/01,0,0,0,0
2015/01/02,0,0,0,0
2015/01/05,0,104000,-330000,-226000
2015/01/06,0,343000,-390000,-47000
2015/01/07,0,85000,-277000,-192000
2015/01/08,0,74000,-180000,-106000
2015/01/09,0,615000,-264282,350718
2015/01/12,0,626000,-395000,231000
2015/01/13,0,307000,-636000,-329000
2015/01/14,0,33000,-274000,-241000
2015/01/15,0,199000,-284000,-85000
2015/01/16,0,119000,-948587,-829587
2015/01/19,0,234000,-152000,82000
2015/01/20,0,314000,-25000,289000
2015/01/21,0,33000,-191000,-158000
2015/01/22,0,2047000,-135000,1912000
2015/01/23,0,1571000,-80000,1491000
2015/01/26,0,431000,-345000,86000
2015/01/27,0,1520000,-115136,1404864
2015/01/28,0,228000,-54000,174000
2015/01/29,0,1159000,-728000,431000
2015/01/30,0,131000,-113000,18000
2015/02/02,0,745000,-696000,49000
2015/02/03,0,99000,-451160,-352160
2015/02/04,0,1585000,-157000,1428000
2015/02/05,0,494000,-68000,426000
2015/02/06,0,822000,-94284,727716
2015/02/09,0,859000,-146000,713000
2015/02/10,0,546000,-152780,393220
2015/02/11,0,177000,-169000,8000
2015/02/12,0,1281000,-33000,1248000
2015/02/13,0,1399000,-90000,1309000
2015/02/16,0,0,0,0
2015/02/17,0,0,0,0
2015/02/18,0,0,0,0
2015/02/19,0,0,0,0
2015/02/20,0,0,0,0
2015/02/23,0,0,0,0
2015/02/24,0,125000,-347000,-222000
2015/02/25,0,738000,-111000,627000
2015/02/26,0,601000,-334000,267000
2015/02/27,0,0,0,0
2015/03/02,0,586000,-189000,397000
2015/03/03,0,50000,-315000,-265000
2015/03/04,0,636000,-77000,559000
2015/03/05,0,97140,-176094,-78954
2015/03/06,0,419000,-109000,310000
2015/03/09,0,43000,-99000,-56000
2015/03/10,0,1115000,-697000,418000
2015/03/11,0,10000,-187000,-177000
2015/03/12,0,1241000,-20040,1220960
2015/03/13,0,91000,-18000,73000
2015/03/16,0,237000,-201846,35154
2015/03/17,0,286000,-304000,-18000
2015/03/18,0,658000,-274532,383468
2015/03/19,0,294000,-197878,96122
2015/03/20,0,284000,-494000,-210000
2015/03/23,0,1158000,-32244,1125756
2015/03/24,0,372000,-644000,-272000
2015/03/25,0,133000,-543000,-410000
2015/03/26,0,611000,-767520,-156520
2015/03/27,0,768000,-653000,115000
2015/03/30,0,366000,-424281,-58281
2015/03/31,0,365000,-258000,107000
2015/04/01,0,192000,-199000,-7000
2015/04/02,0,269000,-194000,75000
2015/04/03,0,0,0,0
2015/04/06,0,0,0,0
2015/04/07,0,74000,-170000,-96000
2015/04/08,0,22000,-418258,-396258
2015/04/09,0,25000,-355796,-330796
2015/04/10,0,52000,-476532,-424532
2015/04/13,0,360000,-226000,134000
2015/04/14,0,167000,-1154557,-987557
2015/04/15,0,141000,-248000,-107000
2015/04/16,0,577000,-348000,229000
2015/04/17,0,359000,-426000,-67000
2015/04/20,0,278000,-467884,-189884
2015/04/21,0,464000,-114000,350000
2015/04/22,0,655000,-174448,480552
2015/04/23,0,465000,-400000,65000
2015/04/24,0,1254000,-22000,1232000
2015/04/27,0,1135280,-269000,866280
2015/04/28,0,232000,-872267,-640267
2015/04/29,0,236000,-366000,-130000
2015/04/30,0,803000,-455760,347240
2015/05/01,0,0,0,0
2015/05/04,0,400000,-174000,226000
2015/05/05,0,204000,-70000,134000
2015/05/06,0,1429000,-352506,1076494
2015/05/07,0,267000,-776000,-509000
2015/05/08,0,140000,-464910,-324910
2015/05/11,0,627000,-103000,524000
2015/05/12,0,2361000,-403122,1957878
2015/05/13,0,1857000,-180000,1677000
2015/05/14,0,2346500,-416000,1930500
2015/05/15,0,3752000,-158000,3594000
2015/05/18,0,4496000,-558000,3938000
2015/05/19,0,1705500,-396000,1309500
2015/05/20,0,1735000,-1241000,494000
2015/05/21,0,2599000,-793000,1806000
2015/05/22,0,2129000,-1764141,364859
2015/05/25,0,824000,-336000,488000
2015/05/26,0,1486000,-395000,1091000
2015/05/27,0,4074000,-88000,3986000
2015/05/28,0,698027,-684310,13717
2015/05/29,0,882000,-479500,402500
2015/06/01,0,363378,-778000,-414622
2015/06/02,0,2313020,-642000,1671020
2015/06/03,0,1051000,-2090000,-1039000
2015/06/04,0,1137508,-3324000,-2186492
2015/06/05,0,4366000,-298000,4068000
2015/06/08,0,593000,-1686000,-1093000
2015/06/09,0,2601000,-1181000,1420000
2015/06/10,0,995997,-655000,340997
2015/06/11,0,1049000,-685000,364000
2015/06/12,0,194000,-1041000,-847000
2015/06/15,0,1307000,-566000,741000
2015/06/16,0,1286000,-176000,1110000
2015/06/17,0,1267000,-632000,635000
2015/06/18,0,443225,-954065,-510840
2015/06/19,0,0,0,0
2015/06/22,0,633000,-706000,-73000
2015/06/23,0,210000,-696485,-486485
2015/06/24,0,307000,-713000,-406000
2015/06/25,0,1123000,-230000,893000
2015/06/26,0,489962,-538000,-48038
2015/06/29,0,358000,-901000,-543000
2015/06/30,0,294000,-661400,-367400
2015/07/01,0,1600000,-1393000,207000
2015/07/02,0,433000,-1079744,-646744
2015/07/03,0,316232,-448000,-131768
2015/07/06,0,588000,-1206710,-618710
2015/07/07,0,1325000,-1191220,133780
2015/07/08,0,1065424,-1124792,-59368
2015/07/09,0,641606,-595000,46606
2015/07/10,0,0,0,0
2015/07/13,0,100865,-741700,-640835
2015/07/14,0,524000,-1031247,-507247
2015/07/15,0,347152,-566000,-218848
2015/07/16,0,119000,-419319,-300319
2015/07/17,0,296000,-152000,144000
2015/07/20,0,206000,-726150,-520150
2015/07/21,0,533704,-83000,450704
2015/07/22,0,198000,-332348,-134348
2015/07/23,0,465000,-174000,291000
2015/07/24,0,294000,-354000,-60000
2015/07/27,0,544368,-630000,-85632
2015/07/28,0,1021000,-496414,524586
2015/07/29,0,227000,-1125753,-898753
2015/07/30,0,82000,-698000,-616000
2015/07/31,0,228000,-865000,-637000
2015/08/03,0,340000,-488000,-148000
2015/08/04,0,574000,-694733,-120733
2015/08/05,0,865000,-197589,667411
2015/08/06,0,734220,-510000,224220
2015/08/07,0,285000,-605000,-320000
2015/08/10,0,18000,-1845000,-1827000
2015/08/11,0,218000,-2541000,-2323000
2015/08/12,0,795000,-4819000,-4024000
2015/08/13,0,623000,-786000,-163000
2015/08/14,0,326000,-918000,-592000
2015/08/17,0,346000,-1642898,-1296898
2015/08/18,0,767000,-1079000,-312000
2015/08/19,0,294000,-1821000,-1527000
2015/08/20,0,328000,-552158,-224158
2015/08/21,0,173000,-1299679,-1126679
2015/08/24,0,587000,-566000,21000
2015/08/25,0,651457,-893986,-242529
2015/08/26,0,289000,-921000,-632000
2015/08/27,0,62000,-1171020,-1109020
2015/08/28,0,320000,-1519290,-1199290
2015/08/31,0,130000,-2557680,-2427680
2015/09/01,0,122000,-2047075,-1925075
2015/09/02,0,113000,-1143340,-1030340
2015/09/03,0,12000,-1243600,-1231600
2015/09/04,0,581000,-1630460,-1049460
2015/09/07,0,40000,-760000,-720000
2015/09/08,0,42000,-940000,-898000
2015/09/09,0,703200,-1060000,-356800
2015/09/10,0,42000,-919645,-877645
2015/09/11,0,201000,-1852000,-1651000
2015/09/14,0,239700,-670768,-431068
2015/09/15,0,95000,-206280,-111280
2015/09/16,0,766000,-650620,115380
2015/09/17,0,2400022,-1949643,450379
2015/09/18,0,529000,-1975420,-1446420
2015/09/21,0,91000,-2046734,-1955734
2015/09/22,0,377000,-1033740,-656740
2015/09/23,0,450880,-797000,-346120
2015/09/24,0,1896000,-477206,1418794
2015/09/25,0,902000,-367000,535000
2015/09/28,0,0,0,0
2015/09/29,0,0,0,0
2015/09/30,0,269000,-479663,-210663
2015/10/01,0,738000,-298160,439840
2015/10/02,0,1710000,-467660,1242340
2015/10/05,0,792000,-1425465,-633465
2015/10/06,0,333901,-838880,-504979
2015/10/07,0,230000,-798000,-568000
2015/10/08,0,788000,-913209,-125209
2015/10/09,0,0,0,0
2015/10/12,0,522481,-215808,306673
2015/10/13,0,179000,-1383000,-1204000
2015/10/14,0,444000,-693000,-249000
2015/10/15,0,1610000,-365483,1244517
2015/10/16,0,944585,-1168381,-223796
2015/10/19,0,448000,-989000,-541000
2015/10/20,0,900000,-1203000,-303000
2015/10/21,0,394000,-467000,-73000
2015/10/22,0,1113000,-213849,899151
2015/10/23,0,450000,-1855680,-1405680
2015/10/26,0,824541,-389570,434971
2015/10/27,0,68000,-1262244,-1194244
2015/10/28,0,302000,-1702987,-1400987
2015/10/29,0,1567000,-1343000,224000
2015/10/30,0,585000,-470411,114589
2015/11/02,0,294000,-1424280,-1130280
2015/11/03,0,721000,-1556041,-835041
2015/11/04,0,898000,-617530,280470
2015/11/05,0,670000,-193000,477000
2015/11/06,0,54000,-988762,-934762
2015/11/09,0,1060000,-210000,850000
2015/11/10,0,1234244,-500000,734244
2015/11/11,0,773000,-790100,-17100
2015/11/12,0,1105598,-644000,461598
2015/11/13,0,1385000,-936000,449000
2015/11/16,0,1917000,-702000,1215000
2015/11/17,0,1351000,-990300,360700
2015/11/18,0,924000,-156000,768000
2015/11/19,0,1276000,-114000,1162000
2015/11/20,0,765000,-88000,677000
2015/11/23,0,1562000,-70000,1492000
2015/11/24,0,1184000,-144679,1039321
2015/11/25,0,722000,-710000,12000
2015/11/26,0,212000,-527000,-315000
2015/11/27,0,911000,-32000,879000
2015/11/30,0,1222000,-229000,993000
2015/12/01,0,294000,-391000,-97000
2015/12/02,0,450000,-372000,78000
2015/12/03,0,1030000,-101000,929000
2015/12/04,0,379000,-184000,195000
2015/12/07,0,572626,-386000,186626
2015/12/08,0,210000,-270000,-60000
2015/12/09,0,902000,-183000,719000
2015/12/10,0,855000,-960500,-105500
2015/12/11,0,837864,-1329240,-491376
2015/12/14,0,795000,-523000,272000
2015/12/15,0,721000,-1010000,-289000
2015/12/16,0,362000,-218022,143978
2015/12/17,0,91000,-711039,-620039
2015/12/18,0,193000,-388000,-195000
2015/12/21,0,154000,-423218,-269218
2015/12/22,0,327000,-463000,-136000
2015/12/23,0,600000,-482200,117800
2015/12/24,0,60000,-1100000,-1040000
2015/12/25,0,119000,-115000,4000
2015/12/28,0,201000,-986000,-785000
2015/12/29,0,421000,-721246,-300246
2015/12/30,0,678000,-291178,386822
2015/12/31,0,723000,-770001,-47001
2016/01/01,0,0,0,0
2016/01/04,0,245000,-1063000,-818000
2016/01/05,0,747000,-1189261,-442261
2016/01/06,0,655000,-1011160,-356160
2016/01/07,0,734000,-964000,-230000
2016/01/08,0,1059000,-268000,791000
2016/01/11,0,476000,-829000,-353000
2016/01/12,0,168000,-821000,-653000
2016/01/13,0,755000,-1301000,-546000
2016/01/14,0,1075000,-583000,492000
2016/01/15,0,2041000,-691995,1349005
2016/01/18,0,1114000,-550918,563082
2016/01/19,0,300000,-517923,-217923
2016/01/20,0,351000,-446000,-95000
2016/01/21,0,353315,-232000,121315
2016/01/22,0,257000,-340000,-83000
2016/01/25,0,338000,-319000,19000
2016/01/26,0,683000,-210000,473000
2016/01/27,0,322105,-490353,-168248
2016/01/28,0,234000,-145000,89000
2016/01/29,0,389000,-527419,-138419
2016/02/01,0,598000,-803000,-205000
2016/02/02,0,557000,-884182,-327182
2016/02/03,0,905420,-582000,323420
2016/02/04,0,0,0,0
2016/02/05,0,0,0,0
2016/02/08,0,0,0,0
2016/02/09,0,0,0,0
2016/02/10,0,0,0,0
2016/02/11,0,0,0,0
2016/02/12,0,0,0,0
2016/02/15,0,1299000,-693624,605376
2016/02/16,0,1333000,-1366000,-33000
2016/02/17,0,1462000,-605000,857000
2016/02/18,0,1857447,-710847,1146600
2016/02/19,0,329000,-1441527,-1112527
2016/02/22,0,143000,-501153,-358153
2016/02/23,0,303105,-421000,-117895
2016/02/24,0,158000,-1051482,-893482
2016/02/25,0,365000,-905000,-540000
2016/02/26,0,507315,-333336,173979
2016/02/29,0,0,0,0
2016/03/01,0,319000,-601030,-282030
2016/03/02,0,519000,-675000,-156000
2016/03/03,0,1047000,-842120,204880
2016/03/04,0,790000,-1251551,-461551
2016/03/07,0,678000,-653000,25000
2016/03/08,0,732000,-1746282,-1014282
2016/03/09,0,1225000,-2066377,-841377
2016/03/10,0,1127000,-524040,602960
2016/03/11,0,579000,-1090000,-511000
2016/03/14,0,497000,-450000,47000
2016/03/15,0,1023000,-1847000,-824000
2016/03/16,0,339000,-1746331,-1407331
2016/03/17,0,258000,-1160000,-902000
2016/03/18,0,734000,-1253480,-519480
2016/03/21,0,170000,-259400,-89400
2016/03/22,0,229105,-439918,-210813
2016/03/23,0,294000,-783000,-489000
2016/03/24,0,367000,-184000,183000
2016/03/25,0,126000,-498000,-372000
2016/03/28,0,107000,-305000,-198000
2016/03/29,0,139000,-1035000,-896000
2016/03/30,0,199000,-1138631,-939631
2016/03/31,0,536000,-545000,-9000
2016/04/01,0,530966,-423465,107501
2016/04/04,0,0,0,0
2016/04/05,0,0,0,0
2016/04/06,0,719000,-678792,40208
2016/04/07,0,408000,-620495,-212495
2016/04/08,0,87000,-289854,-202854
2016/04/11,0,202000,-406000,-204000
2016/04/12,0,809284,-411449,397835
2016/04/13,0,543000,-330000,213000
2016/04/14,0,181000,-141000,40000
2016/04/15,0,145000,-397600,-252600
2016/04/18,0,64000,-514022,-450022
2016/04/19,0,109632,-224000,-114368
2016/04/20,0,82000,-440910,-358910
2016/04/21,0,727000,-278000,449000
2016/04/22,0,1117000,-920814,196186
2016/04/25,0,1565176,-591000,974176
2016/04/26,0,1029088,-516000,513088
2016/04/27,0,419000,-220000,199000
2016/04/28,0,508000,-411826,96174
2016/04/29,0,607000,-57000,550000
2016/05/02,0,0,0,0
2016/05/03,0,586000,-574000,12000
2016/05/04,0,927000,-1059186,-132186
2016/05/05,0,868000,-181000,687000
2016/05/06,0,341000,-588000,-247000
2016/05/09,0,5335000,-1204598,4130402
2016/05/10,0,2163000,-395000,1768000
2016/05/11,0,2071000,-700600,1370400
2016/05/12,0,1049840,-709000,340840
2016/05/13,0,1157544,-1055600,101944
2016/05/16,0,687000,-1052000,-365000
2016/05/17,0,1250088,-735244,514844
2016/05/18,0,2430000,-2039180,390820
2016/05/19,0,731000,-1704000,-973000
2016/05/20,0,610493,-1682174,-1071681
2016/05/23,0,285544,-1088000,-802456
2016/05/24,0,142000,-576000,-434000
2016/05/25,0,35000,-617300,-582300
2016/05/26,0,36000,-654547,-618547
2016/05/27,0,86000,-357729,-271729
2016/05/30,0,142000,-181000,-39000
2016/05/31,0,658000,-363116,294884
2016/06/01,0,82140,-301000,-218860
2016/06/02,0,139000,-113964,25036
2016/06/03,0,92000,-180000,-88000
2016/06/06,0,53000,-137999,-84999
2016/06/07,0,311000,-65000,246000
2016/06/08,0,3506000,-595651,2910349
2016/06/09,0,0,0,0
2016/06/10,0,0,0,0
2016/06/13,0,2539000,-1194000,1345000
2016/06/14,0,595000,-456000,139000
2016/06/15,0,836000,-529460,306540
2016/06/16,0,2945000,-2271477,673523
2016/06/17,0,912000,-1276000,-364000
2016/06/20,0,247000,-442704,-195704
2016/06/21,0,551000,-755005,-204005
2016/06/22,0,514000,-347000,167000
2016/06/23,0,649000,-182000,467000
2016/06/24,0,679000,-683000,-4000
2016/06/27,0,1115000,-516000,599000
2016/06/28,0,1289848,-589000,700848
2016/06/29,0,880000,-417000,463000
2016/06/30,0,537000,-630707,-93707
2016/07/01,0,397000,-149000,248000
2016/07/04,0,901054,-240000,661054
2016/07/05,0,128000,-309796,-181796
2016/07/06,0,202000,-418000,-216000
2016/07/07,0,248000,-212000,36000
2016/07/08,0,0,0,0
2016/07/11,0,318197,-223375,94822
2016/07/12,0,636000,-175339,460661
2016/07/13,0,376408,-215400,161008
2016/07/14,0,201000,-235000,-34000
2016/07/15,0,192000,-479400,-287400
2016/07/18,0,816000,-127000,689000
2016/07/19,0,745000,-125000,620000
2016/07/20,0,509000,-169000,340000
2016/07/21,0,1038000,-346043,691957
2016/07/22,0,273000,-913000,-640000
2016/07/25,0,395000,-578361,-183361
2016/07/26,0,382000,-166000,216000
2016/07/27,0,307194,-79000,228194
2016/07/28,0,187597,-104000,83597
2016/07/29,0,362555,-223000,139555
2016/08/01,0,1304791,-120000,1184791
2016/08/02,0,59000,-376000,-317000
2016/08/03,0,438000,-199000,239000
2016/08/04,0,142000,-310000,-168000
2016/08/05,0,1786000,-809000,977000
2016/08/08,0,1801000,-1300000,501000
2016/08/09,0,672000,-242000,430000
2016/08/10,0,2169000,-543630,1625370
2016/08/11,0,5067510,-1006870,4060640
2016/08/12,0,2441355,-545583,1895772
2016/08/15,0,197820,-515980,-318160
2016/08/16,0,196120,-68000,128120
2016/08/17,0,758348,-171000,587348
2016/08/18,0,276000,-235000,41000
2016/08/19,0,1012000,-445403,566597
2016/08/22,0,688000,-534000,154000
2016/08/23,0,1617590,-281000,1336590
2016/08/24,0,2107705,-834000,1273705
2016/08/25,0,3160000,-404000,2756000
2016/08/26,0,2878698,-501000,2377698
2016/08/29,0,1220000,-655000,565000
2016/08/30,0,1567000,-351000,1216000
2016/08/31,0,742060,-288930,453130
2016/09/01,0,1145340,-439170,706170
2016/09/02,0,2171000,-377780,1793220
2016/09/05,0,900830,-245650,655180
2016/09/06,0,358110,-512000,-153890
2016/09/07,0,427510,-540500,-112990
2016/09/08,0,540385,-301000,239385
2016/09/09,0,1382000,-227729,1154271
2016/09/12,0,1392280,-988000,404280
2016/09/13,0,2642000,-1855000,787000
2016/09/14,0,1620000,-1186360,433640
2016/09/15,0,0,0,0
2016/09/16,0,0,0,0
2016/09/19,0,1990579,-1883582,106997
2016/09/20,0,630580,-517033,113547
2016/09/21,0,2369000,-374000,1995000
2016/09/22,0,1842319,-188000,1654319
2016/09/23,0,307506,-385776,-78270
2016/09/26,0,576596,-134000,442596
2016/09/27,0,0,0,0
2016/09/28,0,0,0,0
2016/09/29,0,651000,-367000,284000
2016/09/30,0,384070,-496647,-112577
2016/10/03,0,438277,-322000,116277
2016/10/04,0,991400,-436000,555400
2016/10/05,0,743000,-109000,634000
2016/10/06,0,1001990,-373000,628990
2016/10/07,0,1160000,-164677,995323
2016/10/10,0,0,0,0
2016/10/11,0,864388,-460240,404148
2016/10/12,0,596000,-156736,439264
2016/10/13,0,544000,-444000,100000
2016/10/14,0,1326000,-306000,1020000
2016/10/17,0,1410000,-394497,1015503
2016/10/18,0,1011443,-278133,733310
2016/10/19,0,3104064,-2138000,966064
2016/10/20,0,1781000,-584000,1197000
2016/10/21,0,925000,-549000,376000
2016/10/24,0,776000,-1305041,-529041
2016/10/25,0,1052000,-565000,487000
2016/10/26,0,254000,-706380,-452380
2016/10/27,0,215000,-691100,-476100
2016/10/28,0,368000,-465000,-97000
2016/10/31,0,335000,-425000,-90000
2016/11/01,0,291000,-357000,-66000
2016/11/02,0,555000,-692000,-137000
2016/11/03,0,632000,-901000,-269000
2016/11/04,0,591000,-589000,2000
2016/11/07,0,309000,-1087000,-778000
2016/11/08,0,293360,-868000,-574640
2016/11/09,0,719000,-1651000,-932000
2016/11/10,0,2395000,-662000,1733000
2016/11/11,0,452000,-616740,-164740
2016/11/14,0,895000,-977000,-82000
2016/11/15,0,436870,-510349,-73479
2016/11/16,0,360000,-914729,-554729
2016/11/17,0,271000,-478754,-207754
2016/11/18,0,459000,-200304,258696
2016/11/21,0,317369,-385000,-67631
2016/11/22,0,393836,-217090,176746
2016/11/23,0,586228,-255000,331228
2016/11/24,0,151000,-315000,-164000
2016/11/25,0,514933,-97000,417933
2016/11/28,0,323000,-39000,284000
2016/11/29,0,1142000,-123850,1018150
2016/11/30,0,1011297,-435000,576297
2016/12/01,0,507088,-225695,281393
2016/12/02,0,342000,-441003,-99003
2016/12/05,0,406000,-75000,331000
2016/12/06,0,413930,-352000,61930
2016/12/07,0,960970,-377000,583970
2016/12/08,0,821000,-703000,118000
2016/12/09,0,1673830,-2254000,-580170
2016/12/12,0,726000,-2109000,-1383000
2016/12/13,0,1207000,-2537001,-1330001
2016/12/14,0,509000,-852310,-343310
2016/12/15,0,419000,-599000,-180000
2016/12/16,0,178000,-986310,-808310
2016/12/19,0,91000,-742303,-651303
2016/12/20,0,434000,-515236,-81236
2016/12/21,0,259000,-1195000,-936000
2016/12/22,0,34000,-314907,-280907
2016/12/23,0,241000,-369000,-128000
2016/12/26,0,79000,-224600,-145600
2016/12/27,0,18000,-295007,-277007
2016/12/28,0,140000,-201000,-61000
2016/12/29,0,160000,-276058,-116058
2016/12/30,0,173000,-251000,-78000
2017/01/02,0,0,0,0
2017/01/03,0,140000,-167000,-27000
2017/01/04,0,152412,-512741,-360329
2017/01/05,0,372000,-54000,318000
2017/01/06,0,501000,-279716,221284
2017/01/09,0,284000,-163328,120672
2017/01/10,0,256600,-113090,143510
2017/01/11,0,322000,-73000,249000
2017/01/12,0,217000,-57000,160000
2017/01/13,0,672000,-57444,614556
2017/01/16,0,246000,-133000,113000
2017/01/17,0,171000,-49000,122000
2017/01/18,0,658000,-164948,493052
2017/01/19,0,283000,-273806,9194
2017/01/20,0,128650,-136000,-7350
2017/01/23,0,224000,-329000,-105000
2017/01/24,0,682716,-315000,367716
2017/01/25,0,0,0,0
2017/01/26,0,0,0,0
2017/01/27,0,0,0,0
2017/01/30,0,0,0,0
2017/01/31,0,0,0,0
2017/02/01,0,0,0,0
2017/02/02,0,741000,-506204,234796
2017/02/03,0,321000,-642000,-321000
2017/02/06,0,593000,-939720,-346720
2017/02/07,0,200000,-418000,-218000
2017/02/08,0,444000,-131741,312259
2017/02/09,0,283000,-223828,59172
2017/02/10,0,946716,-903000,43716
2017/02/13,0,179000,-272000,-93000
2017/02/14,0,1059716,-510140,549576
2017/02/15,0,1521000,-272093,1248907
2017/02/16,0,54716,-764340,-709624
2017/02/17,0,258528,-75000,183528
2017/02/20,0,61000,-208170,-147170
2017/02/21,0,136000,-935000,-799000
2017/02/22,0,198074,-1256620,-1058546
2017/02/23,0,145000,-92000,53000
2017/02/24,0,656768,-197470,459298
2017/02/27,0,0,0,0
2017/02/28,0,0,0,0
2017/03/01,0,89000,-206202,-117202
2017/03/02,0,55000,-232000,-177000
2017/03/03,0,105000,-272000,-167000
2017/03/06,0,40000,-439000,-399000
2017/03/07,0,252000,-93234,158766
2017/03/08,0,39000,-217000,-178000
2017/03/09,0,520065,-970000,-449935
2017/03/10,0,218553,-332000,-113447
2017/03/13,0,823000,-663332,159668
2017/03/14,0,237000,-372000,-135000
2017/03/15,0,174000,-693000,-519000
2017/03/16,0,157584,-2923559,-2765975
2017/03/17,0,677000,-1582343,-905343
2017/03/20,0,134000,-1246886,-1112886
2017/03/21,0,767065,-1047060,-279995
2017/03/22,0,134000,-573000,-439000
2017/03/23,0,98000,-311000,-213000
2017/03/24,0,105065,-518780,-413715
2017/03/27,0,96000,-66000,30000
2017/03/28,0,416000,-377000,39000
2017/03/29,0,110000,-595000,-485000
2017/03/30,0,248000,-988000,-740000
2017/03/31,0,447000,-259000,188000
2017/04/03,0,0,0,0
2017/04/04,0,0,0,0
2017/04/05,0,385130,-551582,-166452
2017/04/06,0,475000,-2243660,-1768660
2017/04/07,0,467000,-413000,54000
2017/04/10,0,246000,-795000,-549000
2017/04/11,0,724550,-1391300,-666750
2017/04/12,0,921000,-811809,109191
2017/04/13,0,463000,-463000,0
2017/04/14,0,134000,-202000,-68000
2017/04/17,0,196000,-341000,-145000
2017/04/18,0,640000,-509000,131000
2017/04/19,0,1299000,-764000,535000
