Date,Open,Buy,Sell,Total
2007/01/02,0,199000,-10000,189000
2007/01/03,0,0,-120000,-120000
2007/01/04,0,0,0,0
2007/01/05,0,25000,-44440,-19440
2007/01/08,0,0,-250000,-250000
2007/01/09,0,0,-60000,-60000
2007/01/10,0,1000,-906000,-905000
2007/01/11,0,25000,-686450,-661450
2007/01/12,0,191000,-1118000,-927000
2007/01/15,0,0,0,0
2007/01/16,0,15000,-70000,-55000
2007/01/17,0,12000,0,12000
2007/01/18,0,23000,0,23000
2007/01/19,0,0,-70000,-70000
2007/01/22,0,96000,-1000,95000
2007/01/23,0,40000,-72000,-32000
2007/01/24,0,60000,-505000,-445000
2007/01/25,0,60000,-1000,59000
2007/01/26,0,110000,-33000,77000
2007/01/29,0,0,-4000,-4000
2007/01/30,0,274000,0,274000
2007/01/31,0,270000,-222,269778
2007/02/01,0,360000,-16000,344000
2007/02/02,0,821000,0,821000
2007/02/05,0,819000,0,819000
2007/02/06,0,279000,-3000,276000
2007/02/07,0,32000,0,32000
2007/02/08,0,63000,0,63000
2007/02/09,0,667000,-1000,666000
2007/02/12,0,18000,-82810,-64810
2007/02/13,0,126000,-117000,9000
2007/02/14,0,392000,-34000,358000
2007/02/15,0,0,0,0
2007/02/16,0,0,0,0
2007/02/19,0,0,0,0
2007/02/20,0,0,0,0
2007/02/21,0,0,0,0
2007/02/22,0,0,0,0
2007/02/23,0,0,0,0
2007/02/26,0,750000,0,750000
2007/02/27,0,0,-134000,-134000
2007/02/28,0,0,0,0
2007/03/01,0,53000,-550000,-497000
2007/03/02,0,227000,-100000,127000
2007/03/05,0,260000,-45000,215000
2007/03/06,0,69000,-14000,55000
2007/03/07,0,50000,-14000,36000
2007/03/08,0,195000,-17000,178000
2007/03/09,0,0,-115000,-115000
2007/03/12,0,3000,-72060,-69060
2007/03/13,0,47000,-565000,-518000
2007/03/14,0,629000,-330000,299000
2007/03/15,0,361000,-60000,301000
2007/03/16,0,294000,-70000,224000
2007/03/19,0,199000,-150000,49000
2007/03/20,0,60000,-2000,58000
2007/03/21,0,0,-69000,-69000
2007/03/22,0,0,-903000,-903000
2007/03/23,0,0,-9000,-9000
2007/03/26,0,223000,0,223000
2007/03/27,0,116000,0,116000
2007/03/28,0,144000,0,144000
2007/03/29,0,79000,-7000,72000
2007/03/30,0,0,-16000,-16000
2007/04/02,0,0,-21000,-21000
2007/04/03,0,0,-122000,-122000
2007/04/04,0,0,-60980,-60980
2007/04/05,0,0,0,0
2007/04/06,0,0,0,0
2007/04/09,0,0,-5000,-5000
2007/04/10,0,60000,-160000,-100000
2007/04/11,0,6000,-276000,-270000
2007/04/12,0,0,-584169,-584169
2007/04/13,0,120000,-165000,-45000
2007/04/16,0,0,-16000,-16000
2007/04/17,0,250000,-129000,121000
2007/04/18,0,16000,-270000,-254000
2007/04/19,0,0,-150000,-150000
2007/04/20,0,0,-195000,-195000
2007/04/23,0,1000,0,1000
2007/04/24,0,274000,-388000,-114000
2007/04/25,0,112000,0,112000
2007/04/26,0,0,0,0
2007/04/27,0,0,0,0
2007/04/30,0,0,-38000,-38000
2007/05/01,0,0,0,0
2007/05/02,0,6000,-30000,-24000
2007/05/03,0,0,0,0
2007/05/04,0,342000,0,342000
2007/05/07,0,100000,-304000,-204000
2007/05/08,0,30000,-10000,20000
2007/05/09,0,120000,0,120000
2007/05/10,0,38000,-31000,7000
2007/05/11,0,58000,0,58000
2007/05/14,0,137000,0,137000
2007/05/15,0,965000,-1000,964000
2007/05/16,0,639000,-69000,570000
2007/05/17,0,810000,-39000,771000
2007/05/18,0,588000,-82000,506000
2007/05/21,0,519000,0,519000
2007/05/22,0,87000,-100000,-13000
2007/05/23,0,70000,-192000,-122000
2007/05/24,0,2614000,0,2614000
2007/05/25,0,304000,0,304000
2007/05/28,0,1012000,0,1012000
2007/05/29,0,878000,0,878000
2007/05/30,0,735000,0,735000
2007/05/31,0,40000,-75000,-35000
2007/06/01,0,200000,-60000,140000
2007/06/04,0,603000,-374000,229000
2007/06/05,0,235000,-43000,192000
2007/06/06,0,253000,0,253000
2007/06/07,0,190000,0,190000
2007/06/08,0,0,0,0
2007/06/11,0,0,-232000,-232000
2007/06/12,0,4000,-237000,-233000
2007/06/13,0,30000,-64000,-34000
2007/06/14,0,0,-41000,-41000
2007/06/15,0,60000,-9000,51000
2007/06/18,0,0,0,0
2007/06/19,0,0,0,0
2007/06/20,0,100000,-269000,-169000
2007/06/21,0,88000,-343000,-255000
2007/06/22,0,0,-353000,-353000
2007/06/25,0,104000,-260000,-156000
2007/06/26,0,195000,-77000,118000
2007/06/27,0,0,-40000,-40000
2007/06/28,0,0,-100000,-100000
2007/06/29,0,64000,-60000,4000
2007/07/02,0,0,-417000,-417000
2007/07/03,0,0,-224000,-224000
2007/07/04,0,27000,-232000,-205000
2007/07/05,0,58000,-175000,-117000
2007/07/06,0,17000,-60000,-43000
2007/07/09,0,0,-23000,-23000
2007/07/10,0,3000,0,3000
2007/07/11,0,168000,0,168000
2007/07/12,0,136000,0,136000
2007/07/13,0,21000,0,21000
2007/07/16,0,100000,0,100000
2007/07/17,0,167000,-21000,146000
2007/07/18,0,30000,0,30000
2007/07/19,0,20000,0,20000
2007/07/20,0,12000,-362000,-350000
2007/07/23,0,1000,0,1000
2007/07/24,0,321000,0,321000
2007/07/25,0,164000,-60000,104000
2007/07/26,0,8000,-37000,-29000
2007/07/27,0,445000,-262000,183000
2007/07/30,0,342000,-260000,82000
2007/07/31,0,66000,-208000,-142000
2007/08/01,0,76000,-112000,-36000
2007/08/02,0,9000,-49000,-40000
2007/08/03,0,83000,0,83000
2007/08/06,0,61000,0,61000
2007/08/07,0,326000,-238000,88000
2007/08/08,0,223000,-32000,191000
2007/08/09,0,62000,0,62000
2007/08/10,0,421000,-235000,186000
2007/08/13,0,2000,-30000,-28000
2007/08/14,0,14000,-211000,-197000
2007/08/15,0,27000,0,27000
2007/08/16,0,41000,0,41000
2007/08/17,0,1093000,-46000,1047000
2007/08/20,0,670000,0,670000
2007/08/21,0,320000,0,320000
2007/08/22,0,232000,-5000,227000
2007/08/23,0,200000,0,200000
2007/08/24,0,0,-14000,-14000
2007/08/27,0,11000,-923000,-912000
2007/08/28,0,94000,-510000,-416000
2007/08/29,0,20000,-132000,-112000
2007/08/30,0,0,0,0
2007/08/31,0,522000,-191000,331000
2007/09/03,0,226000,-3000,223000
2007/09/04,0,633000,-39000,594000
2007/09/05,0,0,0,0
2007/09/06,0,157000,-29000,128000
2007/09/07,0,2000,-425000,-423000
2007/09/10,0,0,-257000,-257000
2007/09/11,0,0,-287000,-287000
2007/09/12,0,0,-69000,-69000
2007/09/13,0,0,-157000,-157000
2007/09/14,0,0,0,0
2007/09/17,0,763000,0,763000
2007/09/18,0,0,0,0
2007/09/19,0,856000,-908000,-52000
2007/09/20,0,1092000,-771000,321000
2007/09/21,0,1422000,-74000,1348000
2007/09/24,0,0,0,0
2007/09/25,0,0,0,0
2007/09/26,0,1701000,-32000,1669000
2007/09/27,0,307000,-90000,217000
2007/09/28,0,0,-238000,-238000
2007/10/01,0,40000,-45000,-5000
2007/10/02,0,231000,-150000,81000
2007/10/03,0,171000,-73000,98000
2007/10/04,0,388000,-3626600,-3238600
2007/10/05,0,100000,-81000,19000
2007/10/08,0,10000,-36000,-26000
2007/10/09,0,190000,0,190000
2007/10/10,0,0,0,0
2007/10/11,0,30000,-150000,-120000
2007/10/12,0,67000,0,67000
2007/10/15,0,120000,-500000,-380000
2007/10/16,0,232000,0,232000
2007/10/17,0,368000,-120000,248000
2007/10/18,0,0,-98000,-98000
2007/10/19,0,0,-15000,-15000
2007/10/22,0,245000,-706000,-461000
2007/10/23,0,22000,-5000,17000
2007/10/24,0,0,-340000,-340000
2007/10/25,0,1000000,-130000,870000
2007/10/26,0,471000,-152000,319000
2007/10/29,0,845000,-145000,700000
2007/10/30,0,213000,-111000,102000
2007/10/31,0,247000,-360000,-113000
2007/11/01,0,529000,-376000,153000
2007/11/02,0,127000,0,127000
2007/11/05,0,185000,-1192000,-1007000
2007/11/06,0,116000,-882000,-766000
2007/11/07,0,413000,-186000,227000
2007/11/08,0,305000,-5000,300000
2007/11/09,0,261000,-39000,222000
2007/11/12,0,11000,-25000,-14000
2007/11/13,0,667000,0,667000
2007/11/14,0,4000,-22000,-18000
2007/11/15,0,120000,-70000,50000
2007/11/16,0,196000,-200000,-4000
2007/11/19,0,1157000,-7000,1150000
2007/11/20,0,1178000,-350000,828000
2007/11/21,0,27000,-148000,-121000
2007/11/22,0,214000,-10000,204000
2007/11/23,0,28000,0,28000
2007/11/26,0,111000,-300000,-189000
2007/11/27,0,5000,-35000,-30000
2007/11/28,0,2000,0,2000
2007/11/29,0,86000,-20000,66000
2007/11/30,0,17000,-84000,-67000
2007/12/03,0,5000,-19000,-14000
2007/12/04,0,151000,0,151000
2007/12/05,0,87000,-17000,70000
2007/12/06,0,101000,-10000,91000
2007/12/07,0,3000,0,3000
2007/12/10,0,100000,0,100000
2007/12/11,0,1000,-10000,-9000
2007/12/12,0,90000,0,90000
2007/12/13,0,135000,-7000,128000
2007/12/14,0,979000,-12000,967000
2007/12/17,0,458000,0,458000
2007/12/18,0,1493000,-6000,1487000
2007/12/19,0,412000,-205000,207000
2007/12/20,0,2000,-594000,-592000
2007/12/21,0,423000,0,423000
2007/12/24,0,215000,-133000,82000
2007/12/25,0,400000,-46000,354000
2007/12/26,0,300000,-359000,-59000
2007/12/27,0,504000,-36000,468000
2007/12/28,0,0,-351000,-351000
2007/12/31,0,0,-16000,-16000
2008/01/01,0,0,0,0
2008/01/02,0,48000,-65000,-17000
2008/01/03,0,2093000,-550000,1543000
2008/01/04,0,174000,-247000,-73000
2008/01/07,0,647000,0,647000
2008/01/08,0,145000,-36000,109000
2008/01/09,0,467000,-5000,462000
2008/01/10,0,1809000,-2900,1806100
2008/01/11,0,2000,-549000,-547000
2008/01/14,0,1194000,-211000,983000
2008/01/15,0,293000,-294000,-1000
2008/01/16,0,3000,-993000,-990000
2008/01/17,0,174000,-789000,-615000
2008/01/18,0,5000,-2333000,-2328000
2008/01/21,0,222000,-109000,113000
2008/01/22,0,0,-482000,-482000
2008/01/23,0,725000,-1152464,-427464
2008/01/24,0,40000,-1631000,-1591000
2008/01/25,0,113000,-120000,-7000
2008/01/28,0,3000,-128000,-125000
2008/01/29,0,83000,-720000,-637000
2008/01/30,0,197000,-1298000,-1101000
2008/01/31,0,329000,-545000,-216000
2008/02/01,0,1180000,-500000,680000
2008/02/04,0,0,0,0
2008/02/05,0,0,0,0
2008/02/06,0,0,0,0
2008/02/07,0,0,0,0
2008/02/08,0,0,0,0
2008/02/11,0,0,0,0
2008/02/12,0,88000,-9000,79000
2008/02/13,0,702000,-951000,-249000
2008/02/14,0,136000,-870000,-734000
2008/02/15,0,60000,-150000,-90000
2008/02/18,0,180000,-2000,178000
2008/02/19,0,97000,0,97000
2008/02/20,0,358000,-4000,354000
2008/02/21,0,105000,-6000,99000
2008/02/22,0,150000,-310000,-160000
2008/02/25,0,206000,-1000,205000
2008/02/26,0,3000,-10000,-7000
2008/02/27,0,191000,-12000,179000
2008/02/28,0,0,0,0
2008/02/29,0,0,-5000,-5000
2008/03/03,0,71000,-248000,-177000
2008/03/04,0,637000,-10000,627000
2008/03/05,0,756000,-9000,747000
2008/03/06,0,2000,-4000,-2000
2008/03/07,0,300000,-3000,297000
2008/03/10,0,777000,0,777000
2008/03/11,0,20000,-48000,-28000
2008/03/12,0,534000,-348000,186000
2008/03/13,0,0,-43000,-43000
2008/03/14,0,107000,0,107000
2008/03/17,0,329000,0,329000
2008/03/18,0,411000,-2000,409000
2008/03/19,0,374000,0,374000
2008/03/20,0,87000,-393000,-306000
2008/03/21,0,348000,-50274,297726
2008/03/24,0,269000,-1120000,-851000
2008/03/25,0,1000,-591000,-590000
2008/03/26,0,15000,-720000,-705000
2008/03/27,0,16000,-60000,-44000
2008/03/28,0,31000,-1368000,-1337000
2008/03/31,0,131000,-214000,-83000
2008/04/01,0,54000,-1220000,-1166000
2008/04/02,0,0,-144000,-144000
2008/04/03,0,5000,-20000,-15000
2008/04/04,0,0,0,0
2008/04/07,0,354000,0,354000
2008/04/08,0,857000,-1041000,-184000
2008/04/09,0,8000,-324000,-316000
2008/04/10,0,34000,-26000,8000
2008/04/11,0,65000,-450000,-385000
2008/04/14,0,65000,-4000,61000
2008/04/15,0,2000,-255000,-253000
2008/04/16,0,378000,-562000,-184000
2008/04/17,0,3000,-6000,-3000
2008/04/18,0,32000,-62000,-30000
2008/04/21,0,12000,-458000,-446000
2008/04/22,0,45000,-983000,-938000
2008/04/23,0,38000,-50000,-12000
2008/04/24,0,519000,-700000,-181000
2008/04/25,0,7000,-102000,-95000
2008/04/28,0,54000,-1708000,-1654000
2008/04/29,0,11000,-1757000,-1746000
2008/04/30,0,79000,-598000,-519000
2008/05/01,0,0,0,0
2008/05/02,0,67000,-670000,-603000
2008/05/05,0,29000,-2000,27000
2008/05/06,0,39000,-548000,-509000
2008/05/07,0,19000,-50000,-31000
2008/05/08,0,20000,-2000,18000
2008/05/09,0,19000,-9000,10000
2008/05/12,0,125000,-1000,124000
2008/05/13,0,309000,-16000,293000
2008/05/14,0,81000,-50000,31000
2008/05/15,0,19000,0,19000
2008/05/16,0,0,-250000,-250000
2008/05/19,0,190000,-10000,180000
2008/05/20,0,39000,-1127000,-1088000
2008/05/21,0,30000,-63000,-33000
2008/05/22,0,98000,0,98000
2008/05/23,0,502000,-37000,465000
2008/05/26,0,1348000,0,1348000
2008/05/27,0,992000,0,992000
2008/05/28,0,571000,0,571000
2008/05/29,0,51000,0,51000
2008/05/30,0,282000,-40000,242000
2008/06/02,0,171000,0,171000
2008/06/03,0,330000,-793000,-463000
2008/06/04,0,138000,-378000,-240000
2008/06/05,0,874000,-21000,853000
2008/06/06,0,5000,0,5000
2008/06/09,0,4000,0,4000
2008/06/10,0,2282000,-30000,2252000
2008/06/11,0,176000,0,176000
2008/06/12,0,68000,0,68000
2008/06/13,0,411000,-55000,356000
2008/06/16,0,2000000,-28000,1972000
2008/06/17,0,2651000,0,2651000
2008/06/18,0,276000,-419000,-143000
2008/06/19,0,61000,-34000,27000
2008/06/20,0,19000,-2433000,-2414000
2008/06/23,0,85000,0,85000
2008/06/24,0,185000,0,185000
2008/06/25,0,170000,-425000,-255000
2008/06/26,0,90000,-4000,86000
2008/06/27,0,4000,-200000,-196000
2008/06/30,0,31000,-380000,-349000
2008/07/01,0,484000,-359000,125000
2008/07/02,0,70000,-11000,59000
2008/07/03,0,129000,0,129000
2008/07/04,0,350000,0,350000
2008/07/07,0,551000,-628000,-77000
2008/07/08,0,0,-130000,-130000
2008/07/09,0,70000,-12000,58000
2008/07/10,0,0,-24000,-24000
2008/07/11,0,298000,0,298000
2008/07/14,0,102000,0,102000
2008/07/15,0,343000,0,343000
2008/07/16,0,80000,-16222,63778
2008/07/17,0,12000,0,12000
2008/07/18,0,138000,-473480,-335480
2008/07/21,0,9000,-57000,-48000
2008/07/22,0,338000,-69000,269000
2008/07/23,0,7000,-98000,-91000
2008/07/24,0,542000,-327000,215000
2008/07/25,0,0,0,0
2008/07/28,0,0,0,0
2008/07/29,0,12000,-7000,5000
2008/07/30,0,171000,-80000,91000
2008/07/31,0,40000,0,40000
2008/08/01,0,8000,-1000000,-992000
2008/08/04,0,2498000,-1000,2497000
2008/08/05,0,152000,-4000,148000
2008/08/06,0,517000,-32000,485000
2008/08/07,0,0,-450000,-450000
2008/08/08,0,67000,-66000,1000
2008/08/11,0,436000,-430000,6000
2008/08/12,0,591000,-51000,540000
2008/08/13,0,0,0,0
2008/08/14,0,15000,0,15000
2008/08/15,0,170000,-334000,-164000
2008/08/18,0,3000,-4000,-1000
2008/08/19,0,0,-250000,-250000
2008/08/20,0,52000,-189000,-137000
2008/08/21,0,126000,-34000,92000
2008/08/22,0,982000,0,982000
2008/08/25,0,33000,-84000,-51000
2008/08/26,0,156000,-666000,-510000
2008/08/27,0,50000,-352000,-302000
2008/08/28,0,86000,-20000,66000
2008/08/29,0,5000,-118000,-113000
2008/09/01,0,3000,0,3000
2008/09/02,0,23000,-4000,19000
2008/09/03,0,42000,-651000,-609000
2008/09/04,0,40000,-920000,-880000
2008/09/05,0,23000,0,23000
2008/09/08,0,54000,0,54000
2008/09/09,0,86000,-117000,-31000
2008/09/10,0,98000,-19000,79000
2008/09/11,0,0,0,0
2008/09/12,0,276000,-1000,275000
2008/09/15,0,0,-80000,-80000
2008/09/16,0,24000,-12000,12000
2008/09/17,0,5000,-4000,1000
2008/09/18,0,110000,0,110000
2008/09/19,0,131000,-350000,-219000
2008/09/22,0,39000,-5000,34000
2008/09/23,0,10000,-214000,-204000
2008/09/24,0,40000,-10000,30000
2008/09/25,0,23000,-64000,-41000
2008/09/26,0,95000,-22000,73000
2008/09/29,0,0,0,0
2008/09/30,0,123000,0,123000
2008/10/01,0,311000,-195000,116000
2008/10/02,0,181000,-224000,-43000
2008/10/03,0,1456000,-338000,1118000
2008/10/06,0,1313000,-839000,474000
2008/10/07,0,716000,-835000,-119000
2008/10/08,0,265000,-12000,253000
2008/10/09,0,267000,-13000,254000
2008/10/10,0,0,0,0
2008/10/13,0,282000,-125000,157000
2008/10/14,0,627000,-6000,621000
2008/10/15,0,381000,-130000,251000
2008/10/16,0,29000,-210000,-181000
2008/10/17,0,128000,-57000,71000
2008/10/20,0,0,-39000,-39000
2008/10/21,0,486000,-313000,173000
2008/10/22,0,274000,-33000,241000
2008/10/23,0,23000,-438000,-415000
2008/10/24,0,373000,-171000,202000
2008/10/27,0,269000,-222000,47000
2008/10/28,0,937000,-1344000,-407000
2008/10/29,0,90000,-52000,38000
2008/10/30,0,385000,-286000,99000
2008/10/31,0,184000,-180000,4000
2008/11/03,0,403000,-25000,378000
2008/11/04,0,126000,-205000,-79000
2008/11/05,0,14000,-415000,-401000
2008/11/06,0,15000,-1087000,-1072000
2008/11/07,0,424000,-330000,94000
2008/11/10,0,14000,0,14000
2008/11/11,0,436000,-4000,432000
2008/11/12,0,210000,-368000,-158000
2008/11/13,0,5000,-2245000,-2240000
2008/11/14,0,540000,-110000,430000
2008/11/17,0,74000,-70000,4000
2008/11/18,0,1108000,-1215000,-107000
2008/11/19,0,0,-605000,-605000
2008/11/20,0,209000,-100000,109000
2008/11/21,0,195000,-1967790,-1772790
2008/11/24,0,21000,-903000,-882000
2008/11/25,0,6000,-1452353,-1446353
2008/11/26,0,41000,0,41000
2008/11/27,0,197000,-17000,180000
2008/11/28,0,0,-141000,-141000
2008/12/01,0,121000,-192647,-71647
2008/12/02,0,0,-1195000,-1195000
2008/12/03,0,406000,-328000,78000
2008/12/04,0,15000,-50000,-35000
2008/12/05,0,80000,-2000,78000
2008/12/08,0,226000,0,226000
2008/12/09,0,324000,-946000,-622000
2008/12/10,0,47000,-2357000,-2310000
2008/12/11,0,130000,-1475000,-1345000
2008/12/12,0,166000,-382000,-216000
2008/12/15,0,9000,-912000,-903000
2008/12/16,0,60000,-1056000,-996000
2008/12/17,0,1468000,-217000,1251000
2008/12/18,0,1801000,-196000,1605000
2008/12/19,0,5409000,-103000,5306000
2008/12/22,0,455000,-551000,-96000
2008/12/23,0,574000,0,574000
2008/12/24,0,370000,0,370000
2008/12/25,0,162000,0,162000
2008/12/26,0,50000,-37000,13000
2008/12/29,0,23000,0,23000
2008/12/30,0,68000,0,68000
2008/12/31,0,0,-17000,-17000
2009/01/01,0,0,0,0
2009/01/02,0,0,0,0
2009/01/05,0,0,-94000,-94000
2009/01/06,0,1318000,-142000,1176000
2009/01/07,0,70000,-349000,-279000
2009/01/08,0,542000,0,542000
2009/01/09,0,197000,-165000,32000
2009/01/12,0,17000,-39000,-22000
2009/01/13,0,229000,-142000,87000
2009/01/14,0,50000,-6000,44000
2009/01/15,0,16000,-1247000,-1231000
2009/01/16,0,23000,-125000,-102000
2009/01/19,0,93000,-894000,-801000
2009/01/20,0,0,-270000,-270000
2009/01/21,0,0,-125000,-125000
2009/01/22,0,0,0,0
2009/01/23,0,0,0,0
2009/01/26,0,0,0,0
2009/01/27,0,0,0,0
2009/01/28,0,0,0,0
2009/01/29,0,0,0,0
2009/01/30,0,0,0,0
2009/02/02,0,130000,-123000,7000
2009/02/03,0,336000,-134000,202000
2009/02/04,0,365000,-122000,243000
2009/02/05,0,96000,-89000,7000
2009/02/06,0,70000,0,70000
2009/02/09,0,0,-12000,-12000
2009/02/10,0,166000,0,166000
2009/02/11,0,40000,-20000,20000
2009/02/12,0,0,-15000,-15000
2009/02/13,0,0,-403000,-403000
2009/02/16,0,0,-250000,-250000
2009/02/17,0,0,0,0
2009/02/18,0,32000,-15000,17000
2009/02/19,0,0,0,0
2009/02/20,0,0,-56000,-56000
2009/02/23,0,0,-71000,-71000
2009/02/24,0,79000,0,79000
2009/02/25,0,0,0,0
2009/02/26,0,4000,-231000,-227000
2009/02/27,0,56000,0,56000
2009/03/02,0,0,-21000,-21000
2009/03/03,0,50000,-953000,-903000
2009/03/04,0,0,-279000,-279000
2009/03/05,0,0,-3000,-3000
2009/03/06,0,0,-552000,-552000
2009/03/09,0,0,-415000,-415000
2009/03/10,0,0,-85000,-85000
2009/03/11,0,0,-6000,-6000
2009/03/12,0,0,-641000,-641000
2009/03/13,0,104000,-138000,-34000
2009/03/16,0,0,-171000,-171000
2009/03/17,0,531000,-37000,494000
2009/03/18,0,0,-151000,-151000
2009/03/19,0,0,-361000,-361000
2009/03/20,0,439000,-12000,427000
2009/03/23,0,190000,-18000,172000
2009/03/24,0,0,-37000,-37000
2009/03/25,0,0,-129000,-129000
2009/03/26,0,0,0,0
2009/03/27,0,140000,0,140000
2009/03/30,0,0,-7000,-7000
2009/03/31,0,0,-113000,-113000
2009/04/01,0,0,-210000,-210000
2009/04/02,0,613000,-35000,578000
2009/04/03,0,291000,-14000,277000
2009/04/06,0,0,-1053000,-1053000
2009/04/07,0,14000,-1079000,-1065000
2009/04/08,0,0,-52000,-52000
2009/04/09,0,0,-4000,-4000
2009/04/10,0,0,0,0
2009/04/13,0,285000,-125000,160000
2009/04/14,0,16000,-19000,-3000
2009/04/15,0,0,-78000,-78000
2009/04/16,0,0,-30000,-30000
2009/04/17,0,88000,-18000,70000
2009/04/20,0,0,-9000,-9000
2009/04/21,0,13000,0,13000
2009/04/22,0,10000,-165000,-155000
2009/04/23,0,0,-188000,-188000
2009/04/24,0,10000,-112000,-102000
2009/04/27,0,3000,-150000,-147000
2009/04/28,0,5000,0,5000
2009/04/29,0,7000,0,7000
2009/04/30,0,0,-140000,-140000
2009/05/01,0,0,0,0
2009/05/04,0,0,0,0
2009/05/05,0,379000,-8000,371000
2009/05/06,0,0,-247000,-247000
2009/05/07,0,17000,-41000,-24000
2009/05/08,0,149000,-27000,122000
2009/05/11,0,8000,-1386000,-1378000
2009/05/12,0,0,-10000,-10000
2009/05/13,0,88000,-62055,25945
2009/05/14,0,0,-29000,-29000
2009/05/15,0,283000,0,283000
2009/05/18,0,268000,-3000,265000
2009/05/19,0,7000,-682000,-675000
2009/05/20,0,14000,-28000,-14000
2009/05/21,0,1000,0,1000
2009/05/22,0,1000,-825000,-824000
2009/05/25,0,66000,-735000,-669000
2009/05/26,0,191000,0,191000
2009/05/27,0,192000,-12000,180000
2009/05/28,0,0,0,0
2009/05/29,0,0,0,0
2009/06/01,0,125000,-17000,108000
2009/06/02,0,70000,-20000,50000
2009/06/03,0,157000,0,157000
2009/06/04,0,0,-13000,-13000
2009/06/05,0,0,-16000,-16000
2009/06/08,0,178000,-13000,165000
2009/06/09,0,82000,-12000,70000
2009/06/10,0,830000,-39000,791000
2009/06/11,0,324000,0,324000
2009/06/12,0,0,-8000,-8000
2009/06/15,0,15000,0,15000
2009/06/16,0,83000,-4000,79000
2009/06/17,0,339000,-47000,292000
2009/06/18,0,230000,0,230000
2009/06/19,0,29000,-511000,-482000
2009/06/22,0,528000,-68000,460000
2009/06/23,0,0,-67000,-67000
2009/06/24,0,7000,-8000,-1000
2009/06/25,0,4000,-674000,-670000
2009/06/26,0,0,-182000,-182000
2009/06/29,0,20000,0,20000
2009/06/30,0,0,0,0
2009/07/01,0,0,0,0
2009/07/02,0,20000,0,20000
2009/07/03,0,0,-1097000,-1097000
2009/07/06,0,0,-389000,-389000
2009/07/07,0,11000,0,11000
2009/07/08,0,0,-164000,-164000
2009/07/09,0,26000,0,26000
2009/07/10,0,0,-14000,-14000
2009/07/13,0,0,-42000,-42000
2009/07/14,0,50000,-59000,-9000
2009/07/15,0,0,0,0
2009/07/16,0,50000,-40000,10000
2009/07/17,0,0,-267000,-267000
2009/07/20,0,40000,-340989,-300989
2009/07/21,0,0,-26000,-26000
2009/07/22,0,0,-26000,-26000
2009/07/23,0,0,-58000,-58000
2009/07/24,0,30000,-51000,-21000
2009/07/27,0,20000,-2000,18000
2009/07/28,0,0,-141000,-141000
2009/07/29,0,198000,-168000,30000
2009/07/30,0,0,-567000,-567000
2009/07/31,0,1000,-153000,-152000
2009/08/03,0,0,-80000,-80000
2009/08/04,0,0,-202000,-202000
2009/08/05,0,0,-64000,-64000
2009/08/06,0,0,-3000,-3000
2009/08/07,0,0,0,0
2009/08/10,0,27000,-69000,-42000
2009/08/11,0,227000,0,227000
2009/08/12,0,0,0,0
2009/08/13,0,25000,-3000,22000
2009/08/14,0,280000,-35000,245000
2009/08/17,0,0,-30000,-30000
2009/08/18,0,640000,-37000,603000
2009/08/19,0,7000,0,7000
2009/08/20,0,68000,-1000,67000
2009/08/21,0,128000,-98000,30000
2009/08/24,0,163000,-7627,155373
2009/08/25,0,330000,-61000,269000
2009/08/26,0,117000,0,117000
2009/08/27,0,21000,-20410,590
2009/08/28,0,206000,0,206000
2009/08/31,0,11000,0,11000
2009/09/01,0,0,-15000,-15000
2009/09/02,0,0,0,0
2009/09/03,0,1000,-14000,-13000
2009/09/04,0,0,-17000,-17000
2009/09/07,0,0,-14000,-14000
2009/09/08,0,0,-271220,-271220
2009/09/09,0,86000,-172240,-86240
2009/09/10,0,11000,-32000,-21000
2009/09/11,0,97000,-40000,57000
2009/09/14,0,335000,-208480,126520
2009/09/15,0,370000,-110000,260000
2009/09/16,0,137000,-440000,-303000
2009/09/17,0,0,-83971,-83971
2009/09/18,0,91000,-9000,82000
2009/09/21,0,0,-30000,-30000
2009/09/22,0,15000,0,15000
2009/09/23,0,80000,-6000,74000
2009/09/24,0,8000,0,8000
2009/09/25,0,0,-517000,-517000
2009/09/28,0,48000,0,48000
2009/09/29,0,46000,0,46000
2009/09/30,0,0,-2000,-2000
2009/10/01,0,0,-9000,-9000
2009/10/02,0,25000,-157000,-132000
2009/10/05,0,0,0,0
2009/10/06,0,0,-1000,-1000
2009/10/07,0,0,0,0
2009/10/08,0,0,-38000,-38000
2009/10/09,0,7000,0,7000
2009/10/12,0,0,-45490,-45490
2009/10/13,0,15000,-130000,-115000
2009/10/14,0,0,-8000,-8000
2009/10/15,0,20000,0,20000
2009/10/16,0,0,-1000,-1000
2009/10/19,0,24000,0,24000
2009/10/20,0,2000,0,2000
2009/10/21,0,10000,-386230,-376230
2009/10/22,0,0,0,0
2009/10/23,0,0,-198870,-198870
2009/10/26,0,88000,-144000,-56000
2009/10/27,0,177000,-3000,174000
2009/10/28,0,0,-5000,-5000
2009/10/29,0,6000,-1000,5000
2009/10/30,0,88000,-95000,-7000
2009/11/02,0,13000,0,13000
2009/11/03,0,11000,-1000,10000
2009/11/04,0,11000,-51500,-40500
2009/11/05,0,12000,0,12000
2009/11/06,0,5000,0,5000
2009/11/09,0,12000,0,12000
2009/11/10,0,6000,-11440,-5440
2009/11/11,0,0,0,0
2009/11/12,0,0,-4000,-4000
2009/11/13,0,0,-15000,-15000
2009/11/16,0,60000,-15000,45000
2009/11/17,0,0,-105590,-105590
2009/11/18,0,0,-20000,-20000
2009/11/19,0,0,-5000,-5000
2009/11/20,0,0,-191000,-191000
2009/11/23,0,0,-1000,-1000
2009/11/24,0,0,-91000,-91000
2009/11/25,0,0,0,0
2009/11/26,0,0,-60000,-60000
2009/11/27,0,0,0,0
2009/11/30,0,2000,-89000,-87000
2009/12/01,0,0,-436000,-436000
2009/12/02,0,0,-7000,-7000
2009/12/03,0,0,-9000,-9000
2009/12/04,0,0,-12000,-12000
2009/12/07,0,0,-168000,-168000
2009/12/08,0,0,-75000,-75000
2009/12/09,0,0,-25000,-25000
2009/12/10,0,0,-483427,-483427
2009/12/11,0,10000,0,10000
2009/12/14,0,0,-51290,-51290
2009/12/15,0,0,0,0
2009/12/16,0,0,-22000,-22000
2009/12/17,0,0,0,0
2009/12/18,0,0,-6000,-6000
2009/12/21,0,0,0,0
2009/12/22,0,0,-16000,-16000
2009/12/23,0,0,0,0
2009/12/24,0,0,0,0
2009/12/25,0,0,-18000,-18000
2009/12/28,0,0,-77000,-77000
2009/12/29,0,0,-64000,-64000
2009/12/30,0,250000,-98000,152000
2009/12/31,0,0,-2480,-2480
2010/01/01,0,0,0,0
2010/01/04,0,16000,0,16000
2010/01/05,0,0,-5000,-5000
2010/01/06,0,0,0,0
2010/01/07,0,41000,-7000,34000
2010/01/08,0,162000,-12000,150000
2010/01/11,0,0,-1000,-1000
2010/01/12,0,0,-14000,-14000
2010/01/13,0,0,-1000,-1000
2010/01/14,0,0,-80080,-80080
2010/01/15,0,0,-60000,-60000
2010/01/18,0,0,-19000,-19000
2010/01/19,0,20000,0,20000
2010/01/20,0,0,-12000,-12000
2010/01/21,0,0,-1000,-1000
2010/01/22,0,229000,0,229000
2010/01/25,0,19000,-16000,3000
2010/01/26,0,290000,-1000,289000
2010/01/27,0,113000,0,113000
2010/01/28,0,275000,0,275000
2010/01/29,0,16000,0,16000
2010/02/01,0,18000,0,18000
2010/02/02,0,0,0,0
2010/02/03,0,45000,0,45000
2010/02/04,0,276000,0,276000
2010/02/05,0,292000,0,292000
2010/02/08,0,91000,-1000,90000
2010/02/09,0,14000,-116000,-102000
2010/02/10,0,0,0,0
2010/02/11,0,0,0,0
2010/02/12,0,0,0,0
2010/02/15,0,0,0,0
2010/02/16,0,0,0,0
2010/02/17,0,0,0,0
2010/02/18,0,0,0,0
2010/02/19,0,0,0,0
2010/02/22,0,13000,0,13000
2010/02/23,0,20000,0,20000
2010/02/24,0,6000,-38000,-32000
2010/02/25,0,23000,0,23000
2010/02/26,0,12000,-3000,9000
2010/03/01,0,9000,0,9000
2010/03/02,0,0,0,0
2010/03/03,0,0,-50000,-50000
2010/03/04,0,0,-9000,-9000
2010/03/05,0,20000,0,20000
2010/03/08,0,0,0,0
2010/03/09,0,1000,0,1000
2010/03/10,0,0,-13000,-13000
2010/03/11,0,0,0,0
2010/03/12,0,0,-71000,-71000
2010/03/15,0,0,-1000,-1000
2010/03/16,0,0,-2000,-2000
2010/03/17,0,159000,-81000,78000
2010/03/18,0,1000,-10000,-9000
2010/03/19,0,0,-198000,-198000
2010/03/22,0,0,-10000,-10000
2010/03/23,0,4000,-85000,-81000
2010/03/24,0,0,-61000,-61000
2010/03/25,0,0,-10140,-10140
2010/03/26,0,0,0,0
2010/03/29,0,12000,0,12000
2010/03/30,0,1000,0,1000
2010/03/31,0,0,-8000,-8000
2010/04/01,0,0,0,0
2010/04/02,0,0,-15000,-15000
2010/04/05,0,0,0,0
2010/04/06,0,80000,-7000,73000
2010/04/07,0,40000,-50000,-10000
2010/04/08,0,0,-12000,-12000
2010/04/09,0,0,-6000,-6000
2010/04/12,0,0,-4000,-4000
2010/04/13,0,0,-10000,-10000
2010/04/14,0,0,-35000,-35000
2010/04/15,0,315000,-9000,306000
2010/04/16,0,0,-12000,-12000
2010/04/19,0,0,-31601,-31601
2010/04/20,0,6000,-2000,4000
2010/04/21,0,322000,-10000,312000
2010/04/22,0,0,0,0
2010/04/23,0,0,0,0
2010/04/26,0,0,0,0
2010/04/27,0,1000,-6000,-5000
2010/04/28,0,1000,-6000,-5000
2010/04/29,0,208000,0,208000
2010/04/30,0,0,-8060,-8060
2010/05/03,0,66000,0,66000
2010/05/04,0,0,0,0
2010/05/05,0,0,-13000,-13000
2010/05/06,0,0,-2000,-2000
2010/05/07,0,76000,0,76000
2010/05/10,0,74000,0,74000
2010/05/11,0,70000,-1000,69000
2010/05/12,0,0,0,0
2010/05/13,0,6000,0,6000
2010/05/14,0,18000,0,18000
2010/05/17,0,1000,-2000,-1000
2010/05/18,0,0,0,0
2010/05/19,0,0,-24000,-24000
2010/05/20,0,249000,-24000,225000
2010/05/21,0,0,0,0
2010/05/24,0,0,-129000,-129000
2010/05/25,0,6000,0,6000
2010/05/26,0,14000,-54000,-40000
2010/05/27,0,20000,-1000,19000
2010/05/28,0,0,-8000,-8000
2010/05/31,0,30000,0,30000
2010/06/01,0,3000,0,3000
2010/06/02,0,0,0,0
2010/06/03,0,0,-21000,-21000
2010/06/04,0,0,-11000,-11000
2010/06/07,0,0,0,0
2010/06/08,0,14000,-2000,12000
2010/06/09,0,1000,0,1000
2010/06/10,0,15000,-2000,13000
2010/06/11,0,0,-830,-830
2010/06/14,0,10000,0,10000
2010/06/15,0,0,-60000,-60000
2010/06/16,0,0,0,0
2010/06/17,0,0,-16000,-16000
2010/06/18,0,0,-221000,-221000
2010/06/21,0,0,-31000,-31000
2010/06/22,0,0,-258000,-258000
2010/06/23,0,0,-4000,-4000
2010/06/24,0,57000,-1000,56000
2010/06/25,0,0,-113590,-113590
2010/06/28,0,52000,0,52000
2010/06/29,0,11000,0,11000
2010/06/30,0,114000,0,114000
2010/07/01,0,49000,0,49000
2010/07/02,0,43000,0,43000
2010/07/05,0,188000,0,188000
2010/07/06,0,92000,0,92000
2010/07/07,0,0,0,0
2010/07/08,0,0,-282000,-282000
2010/07/09,0,44000,0,44000
2010/07/12,0,0,0,0
2010/07/13,0,0,-135270,-135270
2010/07/14,0,0,-5000,-5000
2010/07/15,0,37000,-266000,-229000
2010/07/16,0,0,-550000,-550000
2010/07/19,0,1000,-39000,-38000
2010/07/20,0,30000,0,30000
2010/07/21,0,0,-7000,-7000
2010/07/22,0,0,0,0
2010/07/23,0,0,-250000,-250000
2010/07/26,0,0,-12000,-12000
2010/07/27,0,13000,-212000,-199000
2010/07/28,0,0,-109450,-109450
2010/07/29,0,0,0,0
2010/07/30,0,64000,-22000,42000
2010/08/02,0,7000,-8000,-1000
2010/08/03,0,68000,0,68000
2010/08/04,0,0,-29000,-29000
2010/08/05,0,65000,-23000,42000
2010/08/06,0,0,-43000,-43000
2010/08/09,0,10000,-2000,8000
2010/08/10,0,28000,0,28000
2010/08/11,0,30000,-120000,-90000
2010/08/12,0,0,-28000,-28000
2010/08/13,0,0,-77000,-77000
2010/08/16,0,8000,-6000,2000
2010/08/17,0,4000,-6000,-2000
2010/08/18,0,0,-14000,-14000
2010/08/19,0,0,-3000,-3000
2010/08/20,0,1000,-3000,-2000
2010/08/23,0,0,0,0
2010/08/24,0,0,-84000,-84000
2010/08/25,0,8000,-9000,-1000
2010/08/26,0,0,-6000,-6000
2010/08/27,0,5000,0,5000
2010/08/30,0,10000,-33220,-23220
2010/08/31,0,0,0,0
2010/09/01,0,24000,0,24000
2010/09/02,0,7000,-729000,-722000
2010/09/03,0,4000,-105000,-101000
2010/09/06,0,0,-466000,-466000
2010/09/07,0,19000,0,19000
2010/09/08,0,0,0,0
2010/09/09,0,0,0,0
2010/09/10,0,0,0,0
2010/09/13,0,0,0,0
2010/09/14,0,261000,0,261000
2010/09/15,0,0,-21000,-21000
2010/09/16,0,0,-21000,-21000
2010/09/17,0,0,-12000,-12000
2010/09/20,0,0,-5000,-5000
2010/09/21,0,0,-10000,-10000
2010/09/22,0,0,0,0
2010/09/23,0,0,-8000,-8000
2010/09/24,0,0,-11000,-11000
2010/09/27,0,0,-5000,-5000
2010/09/28,0,19000,0,19000
2010/09/29,0,63000,0,63000
2010/09/30,0,0,-26000,-26000
2010/10/01,0,0,0,0
2010/10/04,0,0,0,0
2010/10/05,0,0,0,0
2010/10/06,0,0,-4000,-4000
2010/10/07,0,0,0,0
2010/10/08,0,0,0,0
2010/10/11,0,0,0,0
2010/10/12,0,0,-7000,-7000
2010/10/13,0,96000,0,96000
2010/10/14,0,14000,-4000,10000
2010/10/15,0,0,-12000,-12000
2010/10/18,0,18000,-6000,12000
2010/10/19,0,39000,-5000,34000
2010/10/20,0,18000,-5000,13000
2010/10/21,0,0,-96000,-96000
2010/10/22,0,0,-37000,-37000
2010/10/25,0,0,-5000,-5000
2010/10/26,0,0,0,0
2010/10/27,0,15000,0,15000
2010/10/28,0,0,-14000,-14000
2010/10/29,0,120000,-22000,98000
2010/11/01,0,0,0,0
2010/11/02,0,0,0,0
2010/11/03,0,21000,0,21000
2010/11/04,0,115000,0,115000
2010/11/05,0,275000,0,275000
2010/11/08,0,155000,-1000,154000
2010/11/09,0,20000,0,20000
2010/11/10,0,54000,-9000,45000
2010/11/11,0,12000,0,12000
2010/11/12,0,100000,-4000,96000
2010/11/15,0,50000,-3000,47000
2010/11/16,0,10000,-38000,-28000
2010/11/17,0,160000,-18000,142000
2010/11/18,0,285000,0,285000
2010/11/19,0,0,0,0
2010/11/22,0,60000,0,60000
2010/11/23,0,0,-65000,-65000
2010/11/24,0,0,0,0
2010/11/25,0,33000,-16000,17000
2010/11/26,0,0,-55000,-55000
2010/11/29,0,0,-3000,-3000
2010/11/30,0,0,-177000,-177000
2010/12/01,0,0,-23000,-23000
2010/12/02,0,0,-23000,-23000
2010/12/03,0,20000,-26000,-6000
2010/12/06,0,1379000,-44000,1335000
2010/12/07,0,943000,-2000,941000
2010/12/08,0,245000,-15000,230000
2010/12/09,0,64000,-7000,57000
2010/12/10,0,0,0,0
2010/12/13,0,35000,-6000,29000
2010/12/14,0,660000,0,660000
2010/12/15,0,300000,0,300000
2010/12/16,0,176000,-46000,130000
2010/12/17,0,537000,-33000,504000
2010/12/20,0,85000,-13000,72000
2010/12/21,0,87000,0,87000
2010/12/22,0,622000,0,622000
2010/12/23,0,603000,-10000,593000
2010/12/24,0,90000,0,90000
2010/12/27,0,355000,-6000,349000
2010/12/28,0,500000,-89000,411000
2010/12/29,0,264000,0,264000
2010/12/30,0,0,-50000,-50000
2010/12/31,0,182000,-110000,72000
2011/01/03,0,20000,0,20000
2011/01/04,0,4000,0,4000
2011/01/05,0,275000,-255000,20000
2011/01/06,0,0,-35000,-35000
2011/01/07,0,0,-178000,-178000
2011/01/10,0,50000,-11000,39000
2011/01/11,0,200000,-12000,188000
2011/01/12,0,50000,0,50000
2011/01/13,0,0,0,0
2011/01/14,0,33000,-49000,-16000
2011/01/17,0,5000,-30000,-25000
2011/01/18,0,537000,0,537000
2011/01/19,0,150000,-414000,-264000
2011/01/20,0,0,-94000,-94000
2011/01/21,0,18000,-11000,7000
2011/01/24,0,0,0,0
2011/01/25,0,11000,-193000,-182000
2011/01/26,0,0,-50000,-50000
2011/01/27,0,0,-1000,-1000
2011/01/28,0,9000,-16000,-7000
2011/01/31,0,0,0,0
2011/02/01,0,0,0,0
2011/02/02,0,0,0,0
2011/02/03,0,0,0,0
2011/02/04,0,0,0,0
2011/02/07,0,0,0,0
2011/02/08,0,989000,-87000,902000
2011/02/09,0,125000,0,125000
2011/02/10,0,330000,-33000,297000
2011/02/11,0,25000,-60000,-35000
2011/02/14,0,14000,0,14000
2011/02/15,0,15000,0,15000
2011/02/16,0,0,-850000,-850000
2011/02/17,0,0,0,0
2011/02/18,0,100000,0,100000
2011/02/21,0,100000,-49000,51000
2011/02/22,0,100000,-32000,68000
2011/02/23,0,201000,0,201000
2011/02/24,0,59000,-222000,-163000
2011/02/25,0,156000,-235000,-79000
2011/02/28,0,0,0,0
2011/03/01,0,0,-654000,-654000
2011/03/02,0,132000,-663000,-531000
2011/03/03,0,15000,-997000,-982000
2011/03/04,0,0,-92000,-92000
2011/03/07,0,283000,-290000,-7000
2011/03/08,0,0,-15000,-15000
2011/03/09,0,17000,-35000,-18000
2011/03/10,0,0,0,0
2011/03/11,0,0,0,0
2011/03/14,0,2189000,0,2189000
2011/03/15,0,1804000,-245000,1559000
2011/03/16,0,149000,-238000,-89000
2011/03/17,0,75000,-180000,-105000
2011/03/18,0,1000,-3000,-2000
2011/03/21,0,545000,0,545000
2011/03/22,0,0,-100000,-100000
2011/03/23,0,0,0,0
2011/03/24,0,2000,0,2000
2011/03/25,0,0,0,0
2011/03/28,0,28000,-193000,-165000
2011/03/29,0,525000,0,525000
2011/03/30,0,733000,-38000,695000
2011/03/31,0,434000,-8000,426000
2011/04/01,0,0,-387000,-387000
2011/04/04,0,0,0,0
2011/04/05,0,0,0,0
2011/04/06,0,0,0,0
2011/04/07,0,21000,-4000,17000
2011/04/08,0,0,-32000,-32000
2011/04/11,0,0,0,0
2011/04/12,0,0,-434000,-434000
2011/04/13,0,0,-320000,-320000
2011/04/14,0,42000,0,42000
2011/04/15,0,0,-120000,-120000
2011/04/18,0,0,-71000,-71000
2011/04/19,0,10000,0,10000
2011/04/20,0,0,0,0
2011/04/21,0,50000,0,50000
2011/04/22,0,0,-11000,-11000
2011/04/25,0,0,-6000,-6000
2011/04/26,0,0,-557000,-557000
2011/04/27,0,806000,-179,805821
2011/04/28,0,0,-2000,-2000
2011/04/29,0,0,0,0
2011/05/02,0,0,0,0
2011/05/03,0,15000,-207000,-192000
2011/05/04,0,27000,-231000,-204000
2011/05/05,0,15000,-251000,-236000
2011/05/06,0,16000,-2673000,-2657000
2011/05/09,0,2000,-970000,-968000
2011/05/10,0,0,0,0
2011/05/11,0,0,0,0
2011/05/12,0,21000,-5000,16000
2011/05/13,0,0,-71000,-71000
2011/05/16,0,8000,0,8000
2011/05/17,0,0,0,0
2011/05/18,0,0,0,0
2011/05/19,0,4000,0,4000
2011/05/20,0,185000,-2000,183000
2011/05/23,0,0,-3000,-3000
2011/05/24,0,0,0,0
2011/05/25,0,0,0,0
2011/05/26,0,0,-121990,-121990
2011/05/27,0,0,0,0
2011/05/30,0,4000,0,4000
2011/05/31,0,0,-1000,-1000
2011/06/01,0,0,-2000,-2000
2011/06/02,0,0,0,0
2011/06/03,0,0,-2000,-2000
2011/06/06,0,0,0,0
2011/06/07,0,0,0,0
2011/06/08,0,6000,-81000,-75000
2011/06/09,0,0,0,0
2011/06/10,0,0,0,0
2011/06/13,0,0,-50000,-50000
2011/06/14,0,13000,0,13000
2011/06/15,0,121000,-49000,72000
2011/06/16,0,0,0,0
2011/06/17,0,32000,-232000,-200000
2011/06/20,0,14000,0,14000
2011/06/21,0,20000,0,20000
2011/06/22,0,13000,0,13000
2011/06/23,0,10000,-255000,-245000
2011/06/24,0,210000,0,210000
2011/06/27,0,101000,-80000,21000
2011/06/28,0,93000,-33000,60000
2011/06/29,0,190000,-3000,187000
2011/06/30,0,12000,0,12000
2011/07/01,0,53000,0,53000
2011/07/04,0,0,0,0
2011/07/05,0,0,-6000,-6000
2011/07/06,0,0,-2000,-2000
2011/07/07,0,50000,0,50000
2011/07/08,0,71000,0,71000
2011/07/11,0,0,0,0
2011/07/12,0,9000,0,9000
2011/07/13,0,71000,0,71000
2011/07/14,0,9000,0,9000
2011/07/15,0,22000,-2000,20000
2011/07/18,0,29000,0,29000
2011/07/19,0,164000,0,164000
2011/07/20,0,15000,-90,14910
2011/07/21,0,50000,0,50000
2011/07/22,0,0,-41000,-41000
2011/07/25,0,784000,-29000,755000
2011/07/26,0,0,0,0
2011/07/27,0,743000,-17000,726000
2011/07/28,0,0,-21000,-21000
2011/07/29,0,0,0,0
2011/08/01,0,10000,0,10000
2011/08/02,0,0,-472000,-472000
2011/08/03,0,35000,-257000,-222000
2011/08/04,0,84000,-185000,-101000
2011/08/05,0,72000,-619000,-547000
2011/08/08,0,55000,0,55000
2011/08/09,0,71000,0,71000
2011/08/10,0,128000,-1389000,-1261000
2011/08/11,0,166000,-1313000,-1147000
2011/08/12,0,107000,-5000,102000
2011/08/15,0,16000,0,16000
2011/08/16,0,142000,0,142000
2011/08/17,0,20000,-8000,12000
2011/08/18,0,42000,0,42000
2011/08/19,0,71000,-9000,62000
2011/08/22,0,29000,0,29000
2011/08/23,0,12000,0,12000
2011/08/24,0,0,0,0
2011/08/25,0,0,-550000,-550000
2011/08/26,0,26000,-446000,-420000
2011/08/29,0,21000,0,21000
2011/08/30,0,666000,0,666000
2011/08/31,0,632000,-689000,-57000
2011/09/01,0,52000,-5000,47000
2011/09/02,0,332000,-18000,314000
2011/09/05,0,15000,-16000,-1000
2011/09/06,0,489000,0,489000
2011/09/07,0,484000,0,484000
2011/09/08,0,42000,0,42000
2011/09/09,0,7000,0,7000
2011/09/12,0,0,0,0
2011/09/13,0,348000,-9875,338125
2011/09/14,0,16000,0,16000
2011/09/15,0,0,-39000,-39000
2011/09/16,0,14000,-288000,-274000
2011/09/19,0,26000,0,26000
2011/09/20,0,52000,-1000,51000
2011/09/21,0,1224,-16000,-14776
2011/09/22,0,171000,-3000,168000
2011/09/23,0,239000,0,239000
2011/09/26,0,282000,0,282000
2011/09/27,0,2311000,0,2311000
2011/09/28,0,266000,-7000,259000
2011/09/29,0,22000,-317000,-295000
2011/09/30,0,72000,-29000,43000
2011/10/03,0,35000,-3000,32000
2011/10/04,0,515000,0,515000
2011/10/05,0,164000,0,164000
2011/10/06,0,734000,0,734000
2011/10/07,0,203000,0,203000
2011/10/10,0,0,0,0
2011/10/11,0,160000,0,160000
2011/10/12,0,66000,-55000,11000
2011/10/13,0,4000,-480000,-476000
2011/10/14,0,3000,-661000,-658000
2011/10/17,0,201000,-8950,192050
2011/10/18,0,548000,-48881,499119
2011/10/19,0,170000,0,170000
2011/10/20,0,60000,-132000,-72000
2011/10/21,0,15000,-790000,-775000
2011/10/24,0,0,-278000,-278000
2011/10/25,0,229000,0,229000
2011/10/26,0,20000,0,20000
2011/10/27,0,111000,0,111000
2011/10/28,0,17000,-114000,-97000
2011/10/31,0,0,-57000,-57000
2011/11/01,0,0,-41000,-41000
2011/11/02,0,5000,-520000,-515000
2011/11/03,0,7000,-221000,-214000
2011/11/04,0,40000,-57000,-17000
2011/11/07,0,480000,-137000,343000
2011/11/08,0,257000,0,257000
2011/11/09,0,0,0,0
2011/11/10,0,5000,-17000,-12000
2011/11/11,0,449000,-4000,445000
2011/11/14,0,206000,-30384,175616
2011/11/15,0,562000,-36000,526000
2011/11/16,0,175000,0,175000
2011/11/17,0,231000,0,231000
2011/11/18,0,7000,0,7000
2011/11/21,0,21000,0,21000
2011/11/22,0,515000,-32000,483000
2011/11/23,0,61000,0,61000
2011/11/24,0,656000,-193000,463000
2011/11/25,0,390000,0,390000
2011/11/28,0,296000,0,296000
2011/11/29,0,154000,0,154000
2011/11/30,0,0,-47000,-47000
2011/12/01,0,96000,-62000,34000
2011/12/02,0,0,-98000,-98000
2011/12/05,0,3000,-13000,-10000
2011/12/06,0,174000,-877000,-703000
2011/12/07,0,17000,-1308000,-1291000
2011/12/08,0,142000,0,142000
2011/12/09,0,59000,-8850,50150
2011/12/12,0,21000,0,21000
2011/12/13,0,20000,0,20000
2011/12/14,0,655000,-127000,528000
2011/12/15,0,0,-223000,-223000
2011/12/16,0,64000,-8000,56000
2011/12/19,0,27000,0,27000
2011/12/20,0,12000,-14000,-2000
2011/12/21,0,322000,-190000,132000
2011/12/22,0,14000,0,14000
2011/12/23,0,308000,-114000,194000
2011/12/26,0,166000,-232000,-66000
2011/12/27,0,26000,-69000,-43000
2011/12/28,0,99000,-950000,-851000
2011/12/29,0,0,-1682000,-1682000
2011/12/30,0,0,-727000,-727000
2012/01/02,0,28000,-1672890,-1644890
2012/01/03,0,0,-679000,-679000
2012/01/04,0,300000,-802000,-502000
2012/01/05,0,359510,-350000,9510
2012/01/06,0,250000,-412000,-162000
2012/01/09,0,0,0,0
2012/01/10,0,250000,-5000,245000
2012/01/11,0,0,-314000,-314000
2012/01/12,0,0,-31000,-31000
2012/01/13,0,0,-102000,-102000
2012/01/16,0,0,-13000,-13000
2012/01/17,0,0,-200000,-200000
2012/01/18,0,0,-535000,-535000
2012/01/19,0,0,0,0
2012/01/20,0,0,0,0
2012/01/23,0,0,0,0
2012/01/24,0,0,0,0
2012/01/25,0,0,0,0
2012/01/26,0,0,0,0
2012/01/27,0,0,0,0
2012/01/30,0,300000,-9000,291000
2012/01/31,0,40000,-4000,36000
2012/02/01,0,0,-20000,-20000
2012/02/02,0,0,-124000,-124000
2012/02/03,0,0,-22000,-22000
2012/02/06,0,0,-38000,-38000
2012/02/07,0,0,0,0
2012/02/08,0,0,-10000,-10000
2012/02/09,0,680,-366000,-365320
2012/02/10,0,0,-24000,-24000
2012/02/13,0,0,0,0
2012/02/14,0,0,-138000,-138000
2012/02/15,0,0,-27000,-27000
2012/02/16,0,0,-11000,-11000
2012/02/17,0,375000,0,375000
2012/02/20,0,0,-11000,-11000
2012/02/21,0,0,0,0
2012/02/22,0,0,0,0
2012/02/23,0,0,-10000,-10000
2012/02/24,0,0,-42000,-42000
2012/02/27,0,0,0,0
2012/02/28,0,0,0,0
2012/02/29,0,418000,-35000,383000
2012/03/01,0,0,-13000,-13000
2012/03/02,0,0,-19000,-19000
2012/03/05,0,311000,-4000,307000
2012/03/06,0,485000,-153000,332000
2012/03/07,0,291000,0,291000
2012/03/08,0,194000,-19741,174259
2012/03/09,0,301000,0,301000
2012/03/12,0,0,-8000,-8000
2012/03/13,0,0,-42000,-42000
2012/03/14,0,0,-42000,-42000
2012/03/15,0,0,-73000,-73000
2012/03/16,0,856000,-87000,769000
2012/03/19,0,0,-47000,-47000
2012/03/20,0,0,-33000,-33000
2012/03/21,0,0,0,0
2012/03/22,0,180000,0,180000
2012/03/23,0,0,-40000,-40000
2012/03/26,0,0,-172000,-172000
2012/03/27,0,0,0,0
2012/03/28,0,0,0,0
2012/03/29,0,240000,0,240000
2012/03/30,0,17000,-12000,5000
2012/04/02,0,785000,-3000,782000
2012/04/03,0,0,0,0
2012/04/04,0,0,0,0
2012/04/05,0,225000,-3701,221299
2012/04/06,0,5000,0,5000
2012/04/09,0,0,-784000,-784000
2012/04/10,0,0,-175000,-175000
2012/04/11,0,820000,0,820000
2012/04/12,0,200000,-1000,199000
2012/04/13,0,154000,-526000,-372000
2012/04/16,0,0,-6000,-6000
2012/04/17,0,0,0,0
2012/04/18,0,0,-363000,-363000
2012/04/19,0,0,0,0
2012/04/20,0,6000,0,6000
2012/04/23,0,5000,0,5000
2012/04/24,0,120000,0,120000
2012/04/25,0,44000,0,44000
2012/04/26,0,158000,0,158000
2012/04/27,0,196000,0,196000
2012/04/30,0,0,-60000,-60000
2012/05/01,0,0,0,0
2012/05/02,0,75000,0,75000
2012/05/03,0,0,-53559,-53559
2012/05/04,0,5000,-511000,-506000
2012/05/07,0,0,-400000,-400000
2012/05/08,0,0,-196000,-196000
2012/05/09,0,0,0,0
2012/05/10,0,0,-26000,-26000
2012/05/11,0,6000,0,6000
2012/05/14,0,0,0,0
2012/05/15,0,56000,0,56000
2012/05/16,0,102000,-328000,-226000
2012/05/17,0,71000,0,71000
2012/05/18,0,8000,0,8000
2012/05/21,0,0,0,0
2012/05/22,0,0,-20000,-20000
2012/05/23,0,0,-45000,-45000
2012/05/24,0,0,0,0
2012/05/25,0,65000,-66000,-1000
2012/05/28,0,0,0,0
2012/05/29,0,11000,-217000,-206000
2012/05/30,0,0,-34412,-34412
2012/05/31,0,0,-80000,-80000
2012/06/01,0,11000,-105000,-94000
2012/06/04,0,32000,0,32000
2012/06/05,0,23000,0,23000
2012/06/06,0,0,-139000,-139000
2012/06/07,0,0,-50000,-50000
2012/06/08,0,164000,0,164000
2012/06/11,0,64000,0,64000
2012/06/12,0,197000,0,197000
2012/06/13,0,116000,0,116000
2012/06/14,0,104000,0,104000
2012/06/15,0,0,-500,-500
2012/06/18,0,0,-98000,-98000
2012/06/19,0,0,-4000,-4000
2012/06/20,0,0,0,0
2012/06/21,0,0,0,0
2012/06/22,0,0,0,0
2012/06/25,0,0,-88000,-88000
2012/06/26,0,6500,-29000,-22500
2012/06/27,0,0,0,0
2012/06/28,0,0,-32000,-32000
2012/06/29,0,0,0,0
2012/07/02,0,92000,-13000,79000
2012/07/03,0,55000,0,55000
2012/07/04,0,144000,0,144000
2012/07/05,0,2000,-6000,-4000
2012/07/06,0,0,-6000,-6000
2012/07/09,0,200000,0,200000
2012/07/10,0,1000,0,1000
2012/07/11,0,1000,-18000,-17000
2012/07/12,0,0,0,0
2012/07/13,0,168000,0,168000
2012/07/16,0,0,-1000,-1000
2012/07/17,0,186000,-59000,127000
2012/07/18,0,0,-111050,-111050
2012/07/19,0,219000,0,219000
2012/07/20,0,0,0,0
2012/07/23,0,0,-10000,-10000
2012/07/24,0,0,0,0
2012/07/25,0,0,0,0
2012/07/26,0,7000,0,7000
2012/07/27,0,0,0,0
2012/07/30,0,200000,0,200000
2012/07/31,0,496000,0,496000
2012/08/01,0,161000,0,161000
2012/08/02,0,0,0,0
2012/08/03,0,0,0,0
2012/08/06,0,2000,-10000,-8000
2012/08/07,0,117000,-222000,-105000
2012/08/08,0,27000,-49000,-22000
2012/08/09,0,177000,-64000,113000
2012/08/10,0,2500,-30000,-27500
2012/08/13,0,0,-15000,-15000
2012/08/14,0,0,-7000,-7000
2012/08/15,0,125695,-27000,98695
2012/08/16,0,58000,-14000,44000
2012/08/17,0,183000,-482122,-299122
2012/08/20,0,403000,-19000,384000
2012/08/21,0,0,-5000,-5000
2012/08/22,0,0,-4000,-4000
2012/08/23,0,1500,-19000,-17500
2012/08/24,0,0,0,0
2012/08/27,0,51000,-7000,44000
2012/08/28,0,1000,-301000,-300000
2012/08/29,0,50000,-585000,-535000
2012/08/30,0,0,-174000,-174000
2012/08/31,0,5000,-12000,-7000
2012/09/03,0,0,-29000,-29000
2012/09/04,0,0,-20000,-20000
2012/09/05,0,0,-7000,-7000
2012/09/06,0,2000,-125000,-123000
2012/09/07,0,33000,-185000,-152000
2012/09/10,0,0,0,0
2012/09/11,0,0,0,0
2012/09/12,0,2500,-100000,-97500
2012/09/13,0,1000,0,1000
2012/09/14,0,0,-43000,-43000
2012/09/17,0,81500,0,81500
2012/09/18,0,50000,-241000,-191000
2012/09/19,0,0,-72000,-72000
2012/09/20,0,0,-260000,-260000
2012/09/21,0,0,-16000,-16000
2012/09/24,0,0,-5000,-5000
2012/09/25,0,0,0,0
2012/09/26,0,0,-14000,-14000
2012/09/27,0,1000,-2000,-1000
2012/09/28,0,7000,0,7000
2012/10/01,0,1000,0,1000
2012/10/02,0,0,0,0
2012/10/03,0,0,0,0
2012/10/04,0,0,0,0
2012/10/05,0,0,-31000,-31000
2012/10/08,0,0,0,0
2012/10/09,0,0,0,0
2012/10/10,0,0,0,0
2012/10/11,0,0,0,0
2012/10/12,0,0,-9000,-9000
2012/10/15,0,0,0,0
2012/10/16,0,0,0,0
2012/10/17,0,2000,0,2000
2012/10/18,0,46000,0,46000
2012/10/19,0,0,0,0
2012/10/22,0,0,0,0
2012/10/23,0,6000,0,6000
2012/10/24,0,0,0,0
2012/10/25,0,0,0,0
2012/10/26,0,0,0,0
2012/10/29,0,719,0,719
2012/10/30,0,80000,0,80000
2012/10/31,0,0,-3000,-3000
2012/11/01,0,0,0,0
2012/11/02,0,57000,-7000,50000
2012/11/05,0,0,0,0
2012/11/06,0,0,-98000,-98000
2012/11/07,0,0,-360000,-360000
2012/11/08,0,0,0,0
2012/11/09,0,0,0,0
2012/11/12,0,0,0,0
2012/11/13,0,3000,-130000,-127000
2012/11/14,0,0,0,0
2012/11/15,0,0,-4000,-4000
2012/11/16,0,300000,0,300000
2012/11/19,0,0,0,0
2012/11/20,0,0,0,0
2012/11/21,0,0,0,0
2012/11/22,0,0,0,0
2012/11/23,0,0,0,0
2012/11/26,0,0,0,0
2012/11/27,0,0,-4000,-4000
2012/11/28,0,81000,-33000,48000
2012/11/29,0,0,0,0
2012/11/30,0,100000,-7000,93000
2012/12/03,0,120000,0,120000
2012/12/04,0,0,-4000,-4000
2012/12/05,0,0,-3000,-3000
2012/12/06,0,0,0,0
2012/12/07,0,0,0,0
2012/12/10,0,0,-141000,-141000
2012/12/11,0,0,-112000,-112000
2012/12/12,0,23000,-300000,-277000
2012/12/13,0,0,-7000,-7000
2012/12/14,0,0,-183000,-183000
2012/12/17,0,0,-183000,-183000
2012/12/18,0,0,0,0
2012/12/19,0,0,0,0
2012/12/20,0,0,-20000,-20000
2012/12/21,0,0,-114500,-114500
2012/12/24,0,0,0,0
2012/12/25,0,0,-200000,-200000
2012/12/26,0,186000,-128000,58000
2012/12/27,0,0,-426000,-426000
2012/12/28,0,0,-145000,-145000
2012/12/31,0,0,0,0
2013/01/01,0,0,0,0
2013/01/02,0,224000,0,224000
2013/01/03,0,0,-12000,-12000
2013/01/04,0,0,-27000,-27000
2013/01/07,0,0,-121000,-121000
2013/01/08,0,0,-66000,-66000
2013/01/09,0,0,-3000,-3000
2013/01/10,0,0,0,0
2013/01/11,0,0,-52000,-52000
2013/01/14,0,0,-500,-500
2013/01/15,0,0,-8000,-8000
2013/01/16,0,0,-41000,-41000
2013/01/17,0,13064,-113000,-99936
2013/01/18,0,0,0,0
2013/01/21,0,0,-55000,-55000
2013/01/22,0,0,-8000,-8000
2013/01/23,0,0,-14000,-14000
2013/01/24,0,5000,-29000,-24000
2013/01/25,0,0,-284000,-284000
2013/01/28,0,0,0,0
2013/01/29,0,0,-116000,-116000
2013/01/30,0,0,0,0
2013/01/31,0,0,-10000,-10000
2013/02/01,0,113000,0,113000
2013/02/04,0,0,-167000,-167000
2013/02/05,0,0,-139000,-139000
2013/02/06,0,3000,-31000,-28000
2013/02/07,0,0,0,0
2013/02/08,0,0,0,0
2013/02/11,0,0,0,0
2013/02/12,0,0,0,0
2013/02/13,0,0,0,0
2013/02/14,0,0,0,0
2013/02/15,0,0,0,0
2013/02/18,0,0,-19000,-19000
2013/02/19,0,0,-10000,-10000
2013/02/20,0,0,0,0
2013/02/21,0,0,-15000,-15000
2013/02/22,0,0,-23000,-23000
2013/02/25,0,0,-50000,-50000
2013/02/26,0,0,-265000,-265000
2013/02/27,0,0,0,0
2013/02/28,0,0,0,0
2013/03/01,0,0,-260000,-260000
2013/03/04,0,0,-96000,-96000
2013/03/05,0,0,-288000,-288000
2013/03/06,0,0,0,0
2013/03/07,0,0,-29000,-29000
2013/03/08,0,0,-6000,-6000
2013/03/11,0,0,-6000,-6000
2013/03/12,0,0,-200000,-200000
2013/03/13,0,0,-17000,-17000
2013/03/14,0,0,-11000,-11000
2013/03/15,0,1376000,-23000,1353000
2013/03/18,0,13000,-81000,-68000
2013/03/19,0,0,-103000,-103000
2013/03/20,0,0,-2500,-2500
2013/03/21,0,0,0,0
2013/03/22,0,0,-7000,-7000
2013/03/25,0,0,0,0
2013/03/26,0,20000,-58000,-38000
2013/03/27,0,0,-108000,-108000
2013/03/28,0,0,0,0
2013/03/29,0,44000,0,44000
2013/04/01,0,0,-6000,-6000
2013/04/02,0,0,-1000,-1000
2013/04/03,0,0,-21000,-21000
2013/04/04,0,0,0,0
2013/04/05,0,0,0,0
2013/04/08,0,0,-3000,-3000
2013/04/09,0,0,-2000,-2000
2013/04/10,0,0,0,0
2013/04/11,0,0,-78000,-78000
2013/04/12,0,0,-36000,-36000
2013/04/15,0,0,-7000,-7000
2013/04/16,0,0,-98000,-98000
2013/04/17,0,80000,-90000,-10000
2013/04/18,0,0,0,0
2013/04/19,0,17918,0,17918
2013/04/22,0,0,-81000,-81000
2013/04/23,0,0,-187000,-187000
2013/04/24,0,0,-39000,-39000
2013/04/25,0,0,-12000,-12000
2013/04/26,0,0,-14000,-14000
2013/04/29,0,0,-16000,-16000
2013/04/30,0,113000,-50000,63000
2013/05/01,0,0,0,0
2013/05/02,0,0,-35000,-35000
2013/05/03,0,200000,-57000,143000
2013/05/06,0,0,-464000,-464000
2013/05/07,0,0,-363000,-363000
2013/05/08,0,0,-27000,-27000
2013/05/09,0,0,-2000,-2000
2013/05/10,0,0,-426000,-426000
2013/05/13,0,0,-192000,-192000
2013/05/14,0,0,-175000,-175000
2013/05/15,0,0,0,0
2013/05/16,0,0,0,0
2013/05/17,0,0,-32000,-32000
2013/05/20,0,0,-17000,-17000
2013/05/21,0,0,0,0
2013/05/22,0,0,-44000,-44000
2013/05/23,0,0,-105000,-105000
2013/05/24,0,0,-35000,-35000
2013/05/27,0,0,-6000,-6000
2013/05/28,0,0,0,0
2013/05/29,0,0,0,0
2013/05/30,0,0,-99000,-99000
2013/05/31,0,0,0,0
2013/06/03,0,0,0,0
2013/06/04,0,1000,0,1000
2013/06/05,0,0,0,0
2013/06/06,0,0,0,0
2013/06/07,0,0,0,0
2013/06/10,0,0,-22000,-22000
2013/06/11,0,63000,0,63000
2013/06/12,0,0,0,0
2013/06/13,0,63000,-2000,61000
2013/06/14,0,0,0,0
2013/06/17,0,0,-20000,-20000
2013/06/18,0,0,-6000,-6000
2013/06/19,0,0,0,0
2013/06/20,0,0,0,0
2013/06/21,0,2000,-94000,-92000
2013/06/24,0,8000,0,8000
2013/06/25,0,0,0,0
2013/06/26,0,0,-3000,-3000
2013/06/27,0,20000,0,20000
2013/06/28,0,23000,0,23000
2013/07/01,0,0,-3000,-3000
2013/07/02,0,0,0,0
2013/07/03,0,0,0,0
2013/07/04,0,0,-20000,-20000
2013/07/05,0,19000,-1000,18000
2013/07/08,0,0,-25000,-25000
2013/07/09,0,0,0,0
2013/07/10,0,0,0,0
2013/07/11,0,15000,-19071,-4071
2013/07/12,0,0,-3000,-3000
2013/07/15,0,0,0,0
2013/07/16,0,0,-9000,-9000
2013/07/17,0,0,0,0
2013/07/18,0,56000,-11000,45000
2013/07/19,0,3000,-22000,-19000
2013/07/22,0,0,0,0
2013/07/23,0,2000,0,2000
2013/07/24,0,2000,0,2000
2013/07/25,0,0,0,0
2013/07/26,0,0,0,0
2013/07/29,0,0,-159000,-159000
2013/07/30,0,0,-21000,-21000
2013/07/31,0,0,-2000,-2000
2013/08/01,0,0,-203000,-203000
2013/08/02,0,0,0,0
2013/08/05,0,2000,0,2000
2013/08/06,0,0,0,0
2013/08/07,0,0,0,0
2013/08/08,0,0,0,0
2013/08/09,0,0,0,0
2013/08/12,0,0,0,0
2013/08/13,0,0,0,0
2013/08/14,0,1000,0,1000
2013/08/15,0,0,-4000,-4000
2013/08/16,0,18000,0,18000
2013/08/19,0,2000,0,2000
2013/08/20,0,2000,0,2000
2013/08/21,0,0,0,0
2013/08/22,0,2000,0,2000
2013/08/23,0,4000,0,4000
2013/08/26,0,6000,0,6000
2013/08/27,0,0,0,0
2013/08/28,0,3000,0,3000
2013/08/29,0,120000,0,120000
2013/08/30,0,2000,-2000,0
2013/09/02,0,0,0,0
2013/09/03,0,0,-2569,-2569
2013/09/04,0,0,0,0
2013/09/05,0,80000,-6000,74000
2013/09/06,0,2000,0,2000
2013/09/09,0,0,-4000,-4000
2013/09/10,0,0,0,0
2013/09/11,0,7000,0,7000
2013/09/12,0,0,-31000,-31000
2013/09/13,0,0,-43000,-43000
2013/09/16,0,1000,0,1000
2013/09/17,0,0,0,0
2013/09/18,0,2000,-143000,-141000
2013/09/19,0,0,0,0
2013/09/20,0,0,0,0
2013/09/23,0,0,0,0
2013/09/24,0,0,0,0
2013/09/25,0,60000,0,60000
2013/09/26,0,0,0,0
2013/09/27,0,0,-5000,-5000
2013/09/30,0,1000,-3000,-2000
2013/10/01,0,1000,0,1000
2013/10/02,0,29000,-1000,28000
2013/10/03,0,34000,0,34000
2013/10/04,0,0,0,0
2013/10/07,0,0,0,0
2013/10/08,0,0,0,0
2013/10/09,0,0,0,0
2013/10/10,0,0,0,0
2013/10/11,0,0,0,0
2013/10/14,0,0,0,0
2013/10/15,0,0,0,0
2013/10/16,0,0,0,0
2013/10/17,0,0,0,0
2013/10/18,0,0,0,0
2013/10/21,0,0,0,0
2013/10/22,0,0,-18000,-18000
2013/10/23,0,0,0,0
2013/10/24,0,0,0,0
2013/10/25,0,0,0,0
2013/10/28,0,0,-14000,-14000
2013/10/29,0,0,-1000,-1000
2013/10/30,0,0,0,0
2013/10/31,0,0,0,0
2013/11/01,0,0,-2000,-2000
2013/11/04,0,0,0,0
2013/11/05,0,0,0,0
2013/11/06,0,0,0,0
2013/11/07,0,0,0,0
2013/11/08,0,0,0,0
2013/11/11,0,0,0,0
2013/11/12,0,0,0,0
2013/11/13,0,0,0,0
2013/11/14,0,0,0,0
2013/11/15,0,0,0,0
2013/11/18,0,0,0,0
2013/11/19,0,0,0,0
2013/11/20,0,0,0,0
2013/11/21,0,0,-1000,-1000
2013/11/22,0,0,0,0
2013/11/25,0,0,-666,-666
2013/11/26,0,0,0,0
2013/11/27,0,0,0,0
2013/11/28,0,0,0,0
2013/11/29,0,0,0,0
2013/12/02,0,0,0,0
2013/12/03,0,0,0,0
2013/12/04,0,0,-54000,-54000
2013/12/05,0,0,0,0
2013/12/06,0,0,0,0
2013/12/09,0,0,0,0
2013/12/10,0,0,0,0
2013/12/11,0,0,0,0
2013/12/12,0,24000,0,24000
2013/12/13,0,25000,0,25000
2013/12/16,0,24000,0,24000
2013/12/17,0,25000,-4000,21000
2013/12/18,0,26000,0,26000
2013/12/19,0,0,0,0
2013/12/20,0,17000,0,17000
2013/12/23,0,0,0,0
2013/12/24,0,0,-25000,-25000
2013/12/25,0,0,-25000,-25000
2013/12/26,0,0,0,0
2013/12/27,0,16000,-12000,4000
2013/12/30,0,16000,0,16000
2013/12/31,0,0,0,0
2014/01/02,0,6000,-4000,2000
2014/01/03,0,0,0,0
2014/01/06,0,0,-143000,-143000
2014/01/07,0,0,0,0
2014/01/08,0,489000,0,489000
2014/01/09,0,78000,0,78000
2014/01/10,0,0,0,0
2014/01/13,0,25000,0,25000
2014/01/14,0,0,0,0
2014/01/15,0,25000,-63000,-38000
2014/01/16,0,0,0,0
2014/01/17,0,1024000,-5000,1019000
2014/01/20,0,112000,-16000,96000
2014/01/21,0,320000,-75000,245000
2014/01/22,0,0,-2000,-2000
2014/01/23,0,0,0,0
2014/01/24,0,0,-56000,-56000
2014/01/27,0,67000,-2000,65000
2014/02/05,0,0,-1000,-1000
2014/02/06,0,120000,-120000,0
2014/02/07,0,129000,0,129000
2014/02/10,0,0,0,0
2014/02/11,0,0,-4000,-4000
2014/02/12,0,0,0,0
2014/02/13,0,0,-14000,-14000
2014/02/14,0,210000,-50931,159069
2014/02/17,0,425000,0,425000
2014/02/18,0,0,0,0
2014/02/19,0,2000,0,2000
2014/02/20,0,0,-20000,-20000
2014/02/21,0,0,0,0
2014/02/24,0,0,0,0
2014/02/25,0,0,0,0
2014/02/26,0,0,-16000,-16000
2014/02/27,0,0,-41000,-41000
2014/03/03,0,0,-93000,-93000
2014/03/04,0,0,0,0
2014/03/05,0,51000,0,51000
2014/03/06,0,0,-9000,-9000
2014/03/07,0,0,-21000,-21000
2014/03/10,0,0,-23000,-23000
2014/03/11,0,34000,0,34000
2014/03/12,0,0,-102000,-102000
2014/03/13,0,0,-206000,-206000
2014/03/14,0,0,-6000,-6000
2014/03/17,0,0,-3000,-3000
2014/03/18,0,0,-15000,-15000
2014/03/19,0,0,0,0
2014/03/20,0,0,0,0
2014/03/21,0,0,-74000,-74000
2014/03/24,0,0,-50000,-50000
2014/03/25,0,0,0,0
2014/03/26,0,0,0,0
2014/03/27,0,0,0,0
2014/03/28,0,0,-56000,-56000
2014/03/31,0,0,0,0
2014/04/01,0,0,-94000,-94000
2014/04/02,0,0,-209000,-209000
2014/04/03,0,0,-145000,-145000
2014/04/07,0,0,-35000,-35000
2014/04/08,0,0,0,0
2014/04/09,0,0,-89000,-89000
2014/04/10,0,10134,-108000,-97866
2014/04/11,0,0,-80000,-80000
2014/04/14,0,0,-177000,-177000
2014/04/15,0,0,-133000,-133000
2014/04/16,0,0,-52000,-52000
2014/04/17,0,0,-116000,-116000
2014/04/18,0,0,-2000,-2000
2014/04/21,0,0,-157000,-157000
2014/04/22,0,0,-126000,-126000
2014/04/23,0,0,-26000,-26000
2014/04/24,0,0,-70000,-70000
2014/04/25,0,0,-8000,-8000
2014/04/28,0,0,0,0
2014/04/29,0,0,0,0
2014/04/30,0,4000,-56000,-52000
2014/05/02,0,0,0,0
2014/05/05,0,0,0,0
2014/05/06,0,0,0,0
2014/05/07,0,0,0,0
2014/05/08,0,0,0,0
2014/05/09,0,0,0,0
2014/05/12,0,0,0,0
2014/05/13,0,3000,0,3000
2014/05/14,0,0,0,0
2014/05/15,0,0,0,0
2014/05/16,0,0,0,0
2014/05/19,0,0,-2000,-2000
2014/05/20,0,0,0,0
2014/05/21,0,0,-1000,-1000
2014/05/22,0,0,0,0
2014/05/23,0,0,0,0
2014/05/26,0,2000,-2000,0
2014/05/27,0,0,-13000,-13000
2014/05/28,0,0,0,0
2014/05/29,0,0,-10000,-10000
2014/05/30,0,0,-2000,-2000
2014/06/03,0,0,0,0
2014/06/04,0,0,0,0
2014/06/05,0,0,-9000,-9000
2014/06/06,0,0,-2000,-2000
2014/06/09,0,0,-2000,-2000
2014/06/10,0,2000,-5000,-3000
2014/06/11,0,0,-385000,-385000
2014/06/12,0,1000,-4000,-3000
2014/06/13,0,0,-7000,-7000
2014/06/16,0,0,-38000,-38000
2014/06/17,0,0,0,0
2014/06/18,0,0,0,0
2014/06/19,0,80000,0,80000
2014/06/20,0,730000,-158339,571661
2014/06/23,0,440000,0,440000
2014/06/24,0,281000,-2000,279000
2014/06/25,0,400000,-1000,399000
2014/06/26,0,0,0,0
2014/06/27,0,4000,0,4000
2014/06/30,0,0,-30000,-30000
2014/07/01,0,31000,0,31000
2014/07/02,0,400357,0,400357
2014/07/03,0,0,0,0
2014/07/04,0,0,0,0
2014/07/07,0,0,0,0
2014/07/08,0,0,-9000,-9000
2014/07/09,0,0,0,0
2014/07/10,0,0,0,0
2014/07/11,0,0,0,0
2014/07/14,0,0,0,0
2014/07/15,0,0,-14000,-14000
2014/07/16,0,0,0,0
2014/07/17,0,7000,0,7000
2014/07/18,0,0,0,0
2014/07/21,0,0,0,0
2014/07/22,0,6000,0,6000
2014/07/23,0,0,0,0
2014/07/24,0,2000,0,2000
2014/07/25,0,2000,0,2000
2014/07/28,0,0,0,0
2014/07/29,0,2000,-25000,-23000
2014/07/30,0,19000,0,19000
2014/07/31,0,41000,0,41000
2014/08/01,0,9000,0,9000
2014/08/04,0,0,0,0
2014/08/05,0,0,0,0
2014/08/06,0,3000,0,3000
2014/08/07,0,12000,0,12000
2014/08/08,0,15000,0,15000
2014/08/11,0,5000,0,5000
2014/08/12,0,10000,0,10000
2014/08/13,0,4000,0,4000
2014/08/14,0,5000,0,5000
2014/08/15,0,3000,0,3000
2014/08/18,0,0,0,0
2014/08/19,0,2000,0,2000
2014/08/20,0,0,0,0
2014/08/21,0,45000,0,45000
2014/08/22,0,0,0,0
2014/08/25,0,0,0,0
2014/08/26,0,1000,0,1000
2014/08/27,0,1000,0,1000
2014/08/28,0,43000,0,43000
2014/08/29,0,0,-1000,-1000
2014/09/01,0,0,0,0
2014/09/02,0,0,0,0
2014/09/03,0,5000,0,5000
2014/09/04,0,170000,-34000,136000
2014/09/05,0,6000,0,6000
2014/09/09,0,0,-250000,-250000
2014/09/10,0,0,-250000,-250000
2014/09/11,0,8000,0,8000
2014/09/12,0,8000,0,8000
2014/09/15,0,8000,0,8000
2014/09/16,0,7000,0,7000
2014/09/17,0,4000,0,4000
2014/09/18,0,0,0,0
2014/09/19,0,1000,-42000,-41000
2014/09/22,0,18133,0,18133
2014/09/23,0,3000,-15000,-12000
2014/09/24,0,0,-58000,-58000
2014/09/25,0,0,-31000,-31000
2014/09/26,0,0,-44000,-44000
2014/09/29,0,0,0,0
2014/09/30,0,10000,-20000,-10000
2014/10/01,0,0,0,0
2014/10/02,0,0,-3000,-3000
2014/10/03,0,0,0,0
2014/10/06,0,2000,0,2000
2014/10/07,0,1000,0,1000
2014/10/08,0,1000,0,1000
2014/10/09,0,0,-1000,-1000
2014/10/13,0,0,0,0
2014/10/14,0,0,0,0
2014/10/15,0,0,-242000,-242000
2014/10/16,0,63000,0,63000
2014/10/17,0,0,0,0
2014/10/20,0,0,0,0
2014/10/21,0,24000,-49000,-25000
2014/10/22,0,0,0,0
2014/10/23,0,37000,0,37000
2014/10/24,0,0,0,0
2014/10/27,0,0,-1000,-1000
2014/10/28,0,0,0,0
2014/10/29,0,8000,0,8000
2014/10/30,0,87000,0,87000
2014/10/31,0,50000,0,50000
2014/11/03,0,0,-7000,-7000
2014/11/04,0,0,0,0
2014/11/05,0,0,0,0
2014/11/06,0,0,-321000,-321000
2014/11/07,0,0,-27000,-27000
2014/11/10,0,0,-148000,-148000
2014/11/11,0,9000,0,9000
2014/11/12,0,4000,0,4000
2014/11/13,0,0,0,0
2014/11/14,0,0,0,0
2014/11/17,0,0,-17000,-17000
2014/11/18,0,0,0,0
2014/11/19,0,0,0,0
2014/11/20,0,1000,-90000,-89000
2014/11/21,0,0,0,0
2014/11/24,0,0,0,0
2014/11/25,0,0,-3000,-3000
2014/11/26,0,0,0,0
2014/11/27,0,0,-5000,-5000
2014/11/28,0,0,0,0
2014/12/01,0,0,0,0
2014/12/02,0,0,-218000,-218000
2014/12/03,0,0,-66000,-66000
2014/12/04,0,0,0,0
2014/12/05,0,0,-163000,-163000
2014/12/08,0,0,0,0
2014/12/09,0,0,-7000,-7000
2014/12/10,0,0,0,0
2014/12/11,0,0,-4013,-4013
2014/12/12,0,33000,-80000,-47000
2014/12/15,0,0,0,0
2014/12/16,0,0,-46000,-46000
2014/12/17,0,30000,0,30000
2014/12/18,0,2000,-33000,-31000
2014/12/19,0,49000,0,49000
2014/12/22,0,0,-90000,-90000
2014/12/23,0,0,-41000,-41000
2014/12/24,0,0,0,0
2014/12/25,0,0,-64000,-64000
2014/12/26,0,0,0,0
2014/12/29,0,70000,-3000,67000
2014/12/30,0,0,0,0
2014/12/31,0,0,-4000,-4000
2015/01/01,0,0,0,0
2015/01/02,0,0,0,0
2015/01/05,0,0,0,0
2015/01/06,0,0,0,0
2015/01/07,0,0,-2000,-2000
2015/01/08,0,0,0,0
2015/01/09,0,0,0,0
2015/01/12,0,0,0,0
2015/01/13,0,0,-1000,-1000
2015/01/14,0,0,0,0
2015/01/15,0,0,0,0
2015/01/16,0,0,0,0
2015/01/19,0,317000,0,317000
2015/01/20,0,0,0,0
2015/01/21,0,0,0,0
2015/01/22,0,0,-19000,-19000
2015/01/23,0,0,0,0
2015/01/26,0,0,0,0
2015/01/27,0,0,0,0
2015/01/28,0,0,0,0
2015/01/29,0,0,0,0
2015/01/30,0,0,-21000,-21000
2015/02/02,0,100000,0,100000
2015/02/03,0,0,0,0
2015/02/04,0,0,-1000,-1000
2015/02/05,0,0,0,0
2015/02/06,0,0,-2000,-2000
2015/02/09,0,100000,0,100000
2015/02/10,0,0,0,0
2015/02/11,0,50000,0,50000
2015/02/12,0,1059000,0,1059000
2015/02/13,0,487000,-19000,468000
2015/02/16,0,0,0,0
2015/02/17,0,0,0,0
2015/02/18,0,0,0,0
2015/02/19,0,0,0,0
2015/02/20,0,0,0,0
2015/02/23,0,0,0,0
2015/02/24,0,0,0,0
2015/02/25,0,0,-18000,-18000
2015/02/26,0,0,-47000,-47000
2015/02/27,0,0,0,0
2015/03/02,0,196000,0,196000
2015/03/03,0,0,-3000,-3000
2015/03/04,0,0,-34000,-34000
2015/03/05,0,0,-9000,-9000
2015/03/06,0,20000,0,20000
2015/03/09,0,440000,-7000,433000
2015/03/10,0,0,-97000,-97000
2015/03/11,0,0,-2000,-2000
2015/03/12,0,0,-1979,-1979
2015/03/13,0,0,0,0
2015/03/16,0,7000,0,7000
2015/03/17,0,0,0,0
2015/03/18,0,0,0,0
2015/03/19,0,0,-4000,-4000
2015/03/20,0,1000,-18000,-17000
2015/03/23,0,0,-3000,-3000
2015/03/24,0,0,-8000,-8000
2015/03/25,0,0,-3000,-3000
2015/03/26,0,0,0,0
2015/03/27,0,0,-102000,-102000
2015/03/30,0,0,0,0
2015/03/31,0,50000,-300000,-250000
2015/04/01,0,0,0,0
2015/04/02,0,0,0,0
2015/04/03,0,0,0,0
2015/04/06,0,0,0,0
2015/04/07,0,111000,0,111000
2015/04/08,0,50000,0,50000
2015/04/09,0,0,0,0
2015/04/10,0,100000,0,100000
2015/04/13,0,550000,0,550000
2015/04/14,0,0,-1000,-1000
2015/04/15,0,2000,-3000,-1000
2015/04/16,0,72000,0,72000
2015/04/17,0,36000,0,36000
2015/04/20,0,178000,-7000,171000
2015/04/21,0,86000,0,86000
2015/04/22,0,474000,0,474000
2015/04/23,0,309000,0,309000
2015/04/24,0,191000,-3000,188000
2015/04/27,0,46000,0,46000
2015/04/28,0,0,-2000,-2000
2015/04/29,0,56000,-10000,46000
2015/04/30,0,24000,-3000,21000
2015/05/01,0,0,0,0
2015/05/04,0,0,0,0
2015/05/05,0,85000,-50000,35000
2015/05/06,0,8000,0,8000
2015/05/07,0,78000,0,78000
2015/05/08,0,35000,-4000,31000
2015/05/11,0,31000,-70000,-39000
2015/05/12,0,84000,0,84000
2015/05/13,0,34000,0,34000
2015/05/14,0,19000,-53000,-34000
2015/05/15,0,0,-96000,-96000
2015/05/18,0,0,-120000,-120000
2015/05/19,0,49000,0,49000
2015/05/20,0,3000,-270000,-267000
2015/05/21,0,1494000,-329000,1165000
2015/05/22,0,80000,-179000,-99000
2015/05/25,0,80000,0,80000
2015/05/26,0,350000,-159000,191000
2015/05/27,0,2000,0,2000
2015/05/28,0,12000,-148000,-136000
2015/05/29,0,0,-88000,-88000
2015/06/01,0,0,0,0
2015/06/02,0,363000,-93000,270000
2015/06/03,0,28000,-14000,14000
2015/06/04,0,2000,-185,1815
2015/06/05,0,492000,-7000,485000
2015/06/08,0,20000,-120000,-100000
2015/06/09,0,0,0,0
2015/06/10,0,0,0,0
2015/06/11,0,18000,0,18000
2015/06/12,0,19000,-1000,18000
2015/06/15,0,0,0,0
2015/06/16,0,0,0,0
2015/06/17,0,6000,0,6000
2015/06/18,0,8000,-112000,-104000
2015/06/19,0,0,0,0
2015/06/22,0,11000,-4000,7000
2015/06/23,0,19000,0,19000
2015/06/24,0,0,-15000,-15000
2015/06/25,0,50000,-2000,48000
2015/06/26,0,0,-54000,-54000
2015/06/29,0,28000,-41000,-13000
2015/06/30,0,0,0,0
2015/07/01,0,0,-3000,-3000
2015/07/02,0,0,0,0
2015/07/03,0,0,-420000,-420000
2015/07/06,0,0,-400000,-400000
2015/07/07,0,0,-370000,-370000
2015/07/08,0,0,-137000,-137000
2015/07/09,0,0,-32000,-32000
2015/07/10,0,0,0,0
2015/07/13,0,0,-600000,-600000
2015/07/14,0,0,-51000,-51000
2015/07/15,0,47000,-409000,-362000
2015/07/16,0,0,-491000,-491000
2015/07/17,0,67000,-74000,-7000
2015/07/20,0,0,0,0
2015/07/21,0,4000,-109000,-105000
2015/07/22,0,0,-94000,-94000
2015/07/23,0,16000,-38000,-22000
2015/07/24,0,39000,0,39000
2015/07/27,0,0,0,0
2015/07/28,0,87000,-51000,36000
2015/07/29,0,12000,0,12000
2015/07/30,0,6000,-41000,-35000
2015/07/31,0,2000,0,2000
2015/08/03,0,42000,-44000,-2000
2015/08/04,0,26000,-216000,-190000
2015/08/05,0,21000,0,21000
2015/08/06,0,23000,0,23000
2015/08/07,0,33000,0,33000
2015/08/10,0,7000,-8000,-1000
2015/08/11,0,1000,0,1000
2015/08/12,0,70000,0,70000
2015/08/13,0,3000,0,3000
2015/08/14,0,36000,0,36000
2015/08/17,0,1000,0,1000
2015/08/18,0,0,0,0
2015/08/19,0,1000,-12000,-11000
2015/08/20,0,0,-89000,-89000
2015/08/21,0,1000,-31000,-30000
2015/08/24,0,22000,-173000,-151000
2015/08/25,0,7664,0,7664
2015/08/26,0,117000,-30000,87000
2015/08/27,0,1000,0,1000
2015/08/28,0,504000,0,504000
2015/08/31,0,0,-62000,-62000
2015/09/01,0,260000,-95000,165000
2015/09/02,0,206000,0,206000
2015/09/03,0,149000,0,149000
2015/09/04,0,0,-5000,-5000
2015/09/07,0,153000,0,153000
2015/09/08,0,4000,0,4000
2015/09/09,0,104000,0,104000
2015/09/10,0,0,0,0
2015/09/11,0,4000,0,4000
2015/09/14,0,2000,0,2000
2015/09/15,0,175000,0,175000
2015/09/16,0,0,-19000,-19000
2015/09/17,0,273000,0,273000
2015/09/18,0,0,-139000,-139000
2015/09/21,0,105000,0,105000
2015/09/22,0,10426,0,10426
2015/09/23,0,0,0,0
2015/09/24,0,0,0,0
2015/09/25,0,0,0,0
2015/09/28,0,0,0,0
2015/09/29,0,0,0,0
2015/09/30,0,2000,0,2000
2015/10/01,0,68000,-12000,56000
2015/10/02,0,77000,0,77000
2015/10/05,0,20000,-20000,0
2015/10/06,0,0,-12000,-12000
2015/10/07,0,40000,0,40000
2015/10/08,0,1000000,-24000,976000
2015/10/09,0,0,0,0
2015/10/12,0,0,0,0
2015/10/13,0,0,0,0
2015/10/14,0,0,0,0
2015/10/15,0,0,0,0
2015/10/16,0,2000,-250000,-248000
2015/10/19,0,140000,-250000,-110000
2015/10/20,0,70000,0,70000
2015/10/21,0,0,0,0
2015/10/22,0,0,0,0
2015/10/23,0,0,-29000,-29000
2015/10/26,0,0,0,0
2015/10/27,0,65000,0,65000
2015/10/28,0,0,0,0
2015/10/29,0,0,-500000,-500000
2015/10/30,0,0,-96000,-96000
2015/11/02,0,140000,0,140000
2015/11/03,0,9000,-500000,-491000
2015/11/04,0,110000,-4000,106000
2015/11/05,0,23000,0,23000
2015/11/06,0,0,-83000,-83000
2015/11/09,0,12000,0,12000
2015/11/10,0,0,-35000,-35000
2015/11/11,0,92000,0,92000
2015/11/12,0,153000,0,153000
2015/11/13,0,50000,0,50000
2015/11/16,0,0,0,0
2015/11/17,0,0,0,0
2015/11/18,0,520000,-224000,296000
2015/11/19,0,121000,-34000,87000
2015/11/20,0,37000,0,37000
2015/11/23,0,121000,-1000,120000
2015/11/24,0,0,0,0
2015/11/25,0,849000,0,849000
2015/11/26,0,1100000,0,1100000
2015/11/27,0,0,-113000,-113000
2015/11/30,0,60000,0,60000
2015/12/01,0,0,0,0
2015/12/02,0,0,0,0
2015/12/03,0,24000,-614000,-590000
2015/12/04,0,103000,-22000,81000
2015/12/07,0,0,0,0
2015/12/08,0,0,-883000,-883000
2015/12/09,0,125000,0,125000
2015/12/10,0,0,0,0
2015/12/11,0,0,0,0
2015/12/14,0,40000,-3683,36317
2015/12/15,0,114000,0,114000
2015/12/16,0,158000,0,158000
2015/12/17,0,54000,0,54000
2015/12/18,0,10000,-123000,-113000
2015/12/21,0,0,0,0
2015/12/22,0,0,0,0
2015/12/23,0,65000,0,65000
2015/12/24,0,1070000,0,1070000
2015/12/25,0,1214000,-25000,1189000
2015/12/28,0,279000,-25000,254000
2015/12/29,0,60000,-74000,-14000
2015/12/30,0,0,-18000,-18000
2015/12/31,0,50000,-8000,42000
2016/01/01,0,0,0,0
2016/01/04,0,221000,-17000,204000
2016/01/05,0,73000,-11000,62000
2016/01/06,0,201000,-228000,-27000
2016/01/07,0,120000,-1000,119000
2016/01/08,0,161000,0,161000
2016/01/11,0,596000,0,596000
2016/01/12,0,516000,0,516000
2016/01/13,0,938000,-151000,787000
2016/01/14,0,175000,-197000,-22000
2016/01/15,0,440000,-112000,328000
2016/01/18,0,464000,-590000,-126000
2016/01/19,0,410000,0,410000
2016/01/20,0,336000,-55000,281000
2016/01/21,0,665000,0,665000
2016/01/22,0,173000,0,173000
2016/01/25,0,0,-2000,-2000
2016/01/26,0,0,0,0
2016/01/27,0,0,0,0
2016/01/28,0,0,0,0
2016/01/29,0,88000,0,88000
2016/02/01,0,88000,0,88000
2016/02/02,0,80000,0,80000
2016/02/03,0,0,0,0
2016/02/04,0,0,0,0
2016/02/05,0,0,0,0
2016/02/08,0,0,0,0
2016/02/09,0,0,0,0
2016/02/10,0,0,0,0
2016/02/11,0,0,0,0
2016/02/12,0,0,0,0
2016/02/15,0,138000,-1011,136989
2016/02/16,0,0,0,0
2016/02/17,0,0,-244000,-244000
2016/02/18,0,100000,0,100000
2016/02/19,0,230000,-2000,228000
2016/02/22,0,60000,0,60000
2016/02/23,0,31000,-150000,-119000
2016/02/24,0,0,-101000,-101000
2016/02/25,0,0,0,0
2016/02/26,0,300000,0,300000
2016/02/29,0,0,0,0
2016/03/01,0,0,0,0
2016/03/02,0,10000,-6000,4000
2016/03/03,0,120000,0,120000
2016/03/04,0,526000,0,526000
2016/03/07,0,1067000,0,1067000
2016/03/08,0,1096000,-112000,984000
2016/03/09,0,0,-10000,-10000
2016/03/10,0,0,-11000,-11000
2016/03/11,0,205000,0,205000
2016/03/14,0,864000,0,864000
2016/03/15,0,0,-645000,-645000
2016/03/16,0,1110000,-62000,1048000
2016/03/17,0,60000,-233000,-173000
2016/03/18,0,62000,-39000,23000
2016/03/21,0,125000,0,125000
2016/03/22,0,64000,-61000,3000
2016/03/23,0,107000,-197000,-90000
2016/03/24,0,262000,-775000,-513000
2016/03/25,0,241000,-258000,-17000
2016/03/28,0,66000,-201000,-135000
2016/03/29,0,0,-1000,-1000
2016/03/30,0,108000,-41000,67000
2016/03/31,0,15000,-30000,-15000
2016/04/01,0,56000,0,56000
2016/04/04,0,0,0,0
2016/04/05,0,0,0,0
2016/04/06,0,0,-96000,-96000
2016/04/07,0,0,-737000,-737000
2016/04/08,0,0,-82000,-82000
2016/04/11,0,0,0,0
2016/04/12,0,5000,-21000,-16000
2016/04/13,0,272000,-19000,253000
2016/04/14,0,350000,0,350000
2016/04/15,0,183000,-54000,129000
2016/04/18,0,180000,0,180000
2016/04/19,0,25000,-20000,5000
2016/04/20,0,104000,-253000,-149000
2016/04/21,0,0,-70000,-70000
2016/04/22,0,50000,-147000,-97000
2016/04/25,0,0,-73000,-73000
2016/04/26,0,0,-207000,-207000
2016/04/27,0,0,-47000,-47000
2016/04/28,0,100000,0,100000
2016/04/29,0,0,-84000,-84000
2016/05/02,0,0,0,0
2016/05/03,0,0,-94000,-94000
2016/05/04,0,81000,-206000,-125000
2016/05/05,0,40000,-40000,0
2016/05/06,0,189000,-2000,187000
2016/05/09,0,0,0,0
2016/05/10,0,0,-162231,-162231
2016/05/11,0,200000,-382000,-182000
2016/05/12,0,150000,0,150000
2016/05/13,0,162000,-476000,-314000
2016/05/16,0,0,0,0
2016/05/17,0,0,-300000,-300000
2016/05/18,0,13000,0,13000
2016/05/19,0,0,-256000,-256000
2016/05/20,0,236000,0,236000
2016/05/23,0,0,0,0
2016/05/24,0,19000,0,19000
2016/05/25,0,62000,0,62000
2016/05/26,0,81000,-5000,76000
2016/05/27,0,375000,-370000,5000
2016/05/30,0,0,-25000,-25000
2016/05/31,0,0,-1363000,-1363000
2016/06/01,0,0,-189000,-189000
2016/06/02,0,343000,-26000,317000
2016/06/03,0,0,0,0
2016/06/06,0,0,-34000,-34000
2016/06/07,0,117000,-3000,114000
2016/06/08,0,0,0,0
2016/06/09,0,0,0,0
2016/06/10,0,0,0,0
2016/06/13,0,88000,-280000,-192000
2016/06/14,0,0,0,0
2016/06/15,0,0,-1103000,-1103000
2016/06/16,0,0,-1259000,-1259000
2016/06/17,0,0,-4028000,-4028000
2016/06/20,0,0,-943000,-943000
2016/06/21,0,0,-220000,-220000
2016/06/22,0,0,0,0
2016/06/23,0,0,0,0
2016/06/24,0,9000,-24000,-15000
2016/06/27,0,0,-77000,-77000
2016/06/28,0,4000,-450000,-446000
2016/06/29,0,0,-281000,-281000
2016/06/30,0,286000,0,286000
2016/07/01,0,0,0,0
2016/07/04,0,100000,-28000,72000
2016/07/05,0,0,-12000,-12000
2016/07/06,0,100000,-40000,60000
2016/07/07,0,10000,-53000,-43000
2016/07/08,0,0,0,0
2016/07/11,0,16000,-390000,-374000
2016/07/12,0,479000,-220000,259000
2016/07/13,0,34000,0,34000
2016/07/14,0,0,-2000,-2000
2016/07/15,0,82000,-143000,-61000
2016/07/18,0,0,-230000,-230000
2016/07/19,0,3000,-478000,-475000
2016/07/20,0,12000,-23000,-11000
2016/07/21,0,42000,-51000,-9000
2016/07/22,0,21000,-120000,-99000
2016/07/25,0,149000,-138000,11000
2016/07/26,0,47000,-192000,-145000
2016/07/27,0,0,-726000,-726000
2016/07/28,0,0,-92000,-92000
2016/07/29,0,3458,-23000,-19542
2016/08/01,0,8000,-13000,-5000
2016/08/02,0,0,-90000,-90000
2016/08/03,0,3000,-218000,-215000
2016/08/04,0,8000,-4000,4000
2016/08/05,0,0,-6000,-6000
2016/08/08,0,0,-105000,-105000
2016/08/09,0,7000,-12000,-5000
2016/08/10,0,146000,-1000,145000
2016/08/11,0,822000,-325000,497000
2016/08/12,0,300000,-47000,253000
2016/08/15,0,420000,-56000,364000
2016/08/16,0,0,-139000,-139000
2016/08/17,0,0,0,0
2016/08/18,0,0,-18000,-18000
2016/08/19,0,0,-42000,-42000
2016/08/22,0,0,-20000,-20000
2016/08/23,0,0,-453000,-453000
2016/08/24,0,0,-396000,-396000
2016/08/25,0,0,-59000,-59000
2016/08/26,0,0,-53000,-53000
2016/08/29,0,0,-126000,-126000
2016/08/30,0,10000,-3000,7000
2016/08/31,0,71000,0,71000
2016/09/01,0,30000,0,30000
2016/09/02,0,0,-158000,-158000
2016/09/05,0,123000,0,123000
2016/09/06,0,0,0,0
2016/09/07,0,921000,0,921000
2016/09/08,0,0,-11000,-11000
2016/09/09,0,4000,0,4000
2016/09/12,0,40000,-54000,-14000
2016/09/13,0,0,-2000,-2000
2016/09/14,0,18000,-35000,-17000
2016/09/15,0,0,0,0
2016/09/16,0,0,0,0
2016/09/19,0,0,0,0
2016/09/20,0,0,0,0
2016/09/21,0,100000,0,100000
2016/09/22,0,0,-26000,-26000
2016/09/23,0,0,-45000,-45000
2016/09/26,0,0,0,0
2016/09/27,0,0,0,0
2016/09/28,0,0,0,0
2016/09/29,0,0,0,0
2016/09/30,0,20537,-45000,-24463
2016/10/03,0,100000,-50000,50000
2016/10/04,0,0,-53000,-53000
2016/10/05,0,60000,0,60000
2016/10/06,0,99000,0,99000
2016/10/07,0,136000,0,136000
2016/10/10,0,0,0,0
2016/10/11,0,616000,0,616000
2016/10/12,0,0,0,0
2016/10/13,0,329000,0,329000
2016/10/14,0,387000,-17000,370000
2016/10/17,0,854000,0,854000
2016/10/18,0,362000,-16000,346000
2016/10/19,0,544000,0,544000
2016/10/20,0,1673000,0,1673000
2016/10/21,0,307000,-32000,275000
2016/10/24,0,178000,-106000,72000
2016/10/25,0,619000,0,619000
2016/10/26,0,304000,-80000,224000
2016/10/27,0,40000,0,40000
2016/10/28,0,59000,0,59000
2016/10/31,0,284000,0,284000
2016/11/01,0,20000,-30000,-10000
2016/11/02,0,10000,-874,9126
2016/11/03,0,66000,0,66000
2016/11/04,0,37000,-21000,16000
2016/11/07,0,76000,-30000,46000
2016/11/08,0,590000,-5000,585000
2016/11/09,0,540000,-18000,522000
2016/11/10,0,655000,0,655000
2016/11/11,0,20000,-25000,-5000
2016/11/14,0,137000,-48000,89000
2016/11/15,0,133000,-110000,23000
2016/11/16,0,38000,-39000,-1000
2016/11/17,0,139000,0,139000
2016/11/18,0,221000,0,221000
2016/11/21,0,0,-30000,-30000
2016/11/22,0,553000,-1000,552000
2016/11/23,0,187000,-30000,157000
2016/11/24,0,69000,0,69000
2016/11/25,0,52000,-21000,31000
2016/11/28,0,0,-38000,-38000
2016/11/29,0,1000,-15000,-14000
2016/11/30,0,0,-181000,-181000
2016/12/01,0,40000,-136000,-96000
2016/12/02,0,0,-139000,-139000
2016/12/05,0,0,-28000,-28000
2016/12/06,0,63000,-133000,-70000
2016/12/07,0,0,-285000,-285000
2016/12/08,0,0,-50000,-50000
2016/12/09,0,0,-20000,-20000
2016/12/12,0,0,-10000,-10000
2016/12/13,0,0,0,0
2016/12/14,0,15000,-69000,-54000
2016/12/15,0,0,-352000,-352000
2016/12/16,0,0,0,0
2016/12/19,0,0,-61000,-61000
2016/12/20,0,0,-553000,-553000
2016/12/21,0,31000,-662000,-631000
2016/12/22,0,0,0,0
2016/12/23,0,0,-488000,-488000
2016/12/26,0,16000,-220000,-204000
2016/12/27,0,0,0,0
2016/12/28,0,207000,-439000,-232000
2016/12/29,0,0,-292000,-292000
2016/12/30,0,1000,-320000,-319000
2017/01/02,0,0,0,0
2017/01/03,0,0,0,0
2017/01/04,0,30000,-100000,-70000
2017/01/05,0,88000,-143000,-55000
2017/01/06,0,5000,-527000,-522000
2017/01/09,0,86000,0,86000
2017/01/10,0,70000,-416000,-346000
2017/01/11,0,210000,-190000,20000
2017/01/12,0,0,-25000,-25000
2017/01/13,0,0,-19000,-19000
2017/01/16,0,45000,-615000,-570000
2017/01/17,0,84000,-840000,-756000
2017/01/18,0,84000,-631000,-547000
2017/01/19,0,1000,-854000,-853000
2017/01/20,0,0,-290000,-290000
2017/01/23,0,2328,-406000,-403672
2017/01/24,0,0,-20000,-20000
2017/01/25,0,0,0,0
2017/01/26,0,0,0,0
2017/01/27,0,0,0,0
2017/01/30,0,0,0,0
2017/01/31,0,0,0,0
2017/02/01,0,0,0,0
2017/02/02,0,138000,-204000,-66000
2017/02/03,0,79000,-235000,-156000
2017/02/06,0,0,-10000,-10000
2017/02/07,0,38000,-48000,-10000
2017/02/08,0,115000,-110000,5000
2017/02/09,0,68000,0,68000
2017/02/10,0,120000,0,120000
2017/02/13,0,443000,0,443000
2017/02/14,0,318000,-61000,257000
2017/02/15,0,175000,0,175000
2017/02/16,0,739000,0,739000
2017/02/17,0,0,-1000,-1000
2017/02/20,0,0,0,0
2017/02/21,0,87000,-73000,14000
2017/02/22,0,0,-171000,-171000
2017/02/23,0,1000,0,1000
2017/02/24,0,15000,0,15000
2017/02/27,0,0,0,0
2017/02/28,0,0,0,0
2017/03/01,0,0,-32000,-32000
2017/03/02,0,0,-459000,-459000
2017/03/03,0,16000,-137000,-121000
2017/03/06,0,121000,-40000,81000
2017/03/07,0,150000,0,150000
2017/03/08,0,8000,-164000,-156000
2017/03/09,0,0,-87000,-87000
2017/03/10,0,10000,-439000,-429000
2017/03/13,0,50000,-69000,-19000
2017/03/14,0,15000,-6000,9000
2017/03/15,0,50000,-472000,-422000
2017/03/16,0,7000,-45000,-38000
2017/03/17,0,124000,-5000,119000
2017/03/20,0,0,-31000,-31000
2017/03/21,0,0,-32000,-32000
2017/03/22,0,60000,0,60000
2017/03/23,0,40000,-60000,-20000
2017/03/24,0,50000,-15000,35000
2017/03/27,0,30000,0,30000
2017/03/28,0,20000,0,20000
2017/03/29,0,64000,0,64000
2017/03/30,0,39000,-58000,-19000
2017/03/31,0,197000,-54000,143000
2017/04/03,0,0,0,0
2017/04/04,0,0,0,0
2017/04/05,0,39000,0,39000
2017/04/06,0,122000,0,122000
2017/04/07,0,25000,0,25000
2017/04/10,0,157000,-78000,79000
2017/04/11,0,50000,-107000,-57000
2017/04/12,0,0,-75000,-75000
2017/04/13,0,0,-29000,-29000
2017/04/14,0,48000,-25000,23000
2017/04/17,0,100000,-350000,-250000
2017/04/18,0,0,0,0
2017/04/19,0,45000,0,45000
2017/04/20,0,10000,-836000,-826000
2017/04/21,0,0,-31000,-31000
2017/04/24,0,0,-85000,-85000
2017/04/25,0,104000,-249225,-145225
2017/04/26,0,0,-32000,-32000
2017/04/27,0,0,-28000,-28000
2017/04/28,0,0,-233000,-233000
2017/05/01,0,0,0,0
2017/05/02,0,0,0,0
2017/05/03,0,0,0,0
2017/05/04,0,0,-49000,-49000
2017/05/05,0,0,-144000,-144000
2017/05/08,0,0,-8000,-8000
2017/05/09,0,85000,-78000,7000
2017/05/10,0,27000,-413000,-386000
2017/05/11,0,268000,-4000,264000
2017/05/12,0,271000,-55000,216000
2017/05/15,0,374000,-50000,324000
2017/05/16,0,1098000,-20000,1078000
2017/05/17,0,0,-171000,-171000
2017/05/18,0,0,-40000,-40000
2017/05/19,0,0,0,0
2017/05/22,0,0,-420000,-420000
2017/05/23,0,138000,-566000,-428000
2017/05/24,0,0,0,0
2017/05/25,0,0,-108000,-108000
2017/05/26,0,0,-238000,-238000
2017/05/29,0,0,0,0
2017/05/30,0,0,0,0
2017/05/31,0,6000,-100000,-94000
2017/06/01,0,0,-512000,-512000
2017/06/02,0,0,-187000,-187000
2017/06/05,0,0,-26000,-26000
2017/06/06,0,0,-26000,-26000
2017/06/07,0,0,-330000,-330000
2017/06/08,0,0,-27000,-27000
2017/06/09,0,0,-14000,-14000
2017/06/12,0,0,0,0
2017/06/13,0,5000,0,5000
2017/06/14,0,57000,-1000,56000
2017/06/15,0,0,0,0
2017/06/16,0,0,-223000,-223000
2017/06/19,0,2000,-22000,-20000
2017/06/20,0,203000,-27000,176000
2017/06/21,0,0,0,0
2017/06/22,0,0,-317000,-317000
2017/06/23,0,0,-125000,-125000
2017/06/26,0,0,-65000,-65000
2017/06/27,0,50000,-88000,-38000
2017/06/28,0,0,-215000,-215000
2017/06/29,0,0,-206000,-206000
2017/06/30,0,0,-105000,-105000
2017/07/03,0,0,-5000,-5000
2017/07/04,0,67000,-80000,-13000
2017/07/05,0,0,0,0
2017/07/06,0,0,-250000,-250000
2017/07/07,0,0,-171000,-171000
2017/07/10,0,0,-11000,-11000
2017/07/11,0,0,-81000,-81000
2017/07/12,0,60000,-18000,42000
2017/07/13,0,47000,-26000,21000
2017/07/14,0,0,-168000,-168000
2017/07/17,0,410,0,410
2017/07/18,0,31000,0,31000
2017/07/19,0,0,-3000,-3000
2017/07/20,0,73000,-4000,69000
2017/07/21,0,0,-114000,-114000
2017/07/24,0,0,0,0
2017/07/25,0,4000,-42000,-38000
2017/07/26,0,110000,-2000,108000
2017/07/27,0,240000,0,240000
2017/07/28,0,27000,0,27000
2017/07/31,0,2000,-3000,-1000
2017/08/01,0,62000,-29000,33000
2017/08/02,0,2000,-17000,-15000
2017/08/03,0,2000,-400000,-398000
2017/08/04,0,324000,-3000,321000
2017/08/07,0,253000,0,253000
2017/08/08,0,203000,-150000,53000
2017/08/09,0,6000,-2000,4000
2017/08/10,0,176000,0,176000
2017/08/11,0,150000,-2000,148000
2017/08/14,0,150000,-112000,38000
2017/08/15,0,190000,-3000,187000
2017/08/16,0,3000,-20000,-17000
2017/08/17,0,30000,0,30000
2017/08/18,0,0,0,0
