Date,Open,Buy,Sell,Total
2007/01/02,0,3951000,-129000,3822000
2007/01/03,0,4290000,-578630,3711370
2007/01/04,0,2203000,-1313000,890000
2007/01/05,0,456000,-1471000,-1015000
2007/01/08,0,1197000,-2972092,-1775092
2007/01/09,0,387000,-1048000,-661000
2007/01/10,0,559360,-3321000,-2761640
2007/01/11,0,240000,-719000,-479000
2007/01/12,0,757000,-2860000,-2103000
2007/01/15,0,80000,-1154000,-1074000
2007/01/16,0,2577000,-1114000,1463000
2007/01/17,0,2933000,-2120000,813000
2007/01/18,0,863000,-1928382,-1065382
2007/01/19,0,1465000,-330000,1135000
2007/01/22,0,750000,-5171000,-4421000
2007/01/23,0,1117000,-4103830,-2986830
2007/01/24,0,2737000,-2429320,307680
2007/01/25,0,557000,-1477286,-920286
2007/01/26,0,96000,-3220000,-3124000
2007/01/29,0,661000,-1293570,-632570
2007/01/30,0,1557000,-1367300,189700
2007/01/31,0,74000,-1913201,-1839201
2007/02/01,0,467000,-657637,-190637
2007/02/02,0,2318000,-203744,2114256
2007/02/05,0,4032000,-3117160,914840
2007/02/06,0,1589102,-1504000,85102
2007/02/07,0,925000,-316000,609000
2007/02/08,0,2186000,-1112000,1074000
2007/02/09,0,1951000,-285000,1666000
2007/02/12,0,860100,-398000,462100
2007/02/13,0,3463000,-436000,3027000
2007/02/14,0,3421000,-998020,2422980
2007/02/15,0,0,0,0
2007/02/16,0,0,0,0
2007/02/19,0,0,0,0
2007/02/20,0,0,0,0
2007/02/21,0,0,0,0
2007/02/22,0,0,0,0
2007/02/23,0,0,0,0
2007/02/26,0,2698400,-3242004,-543604
2007/02/27,0,3896000,-4388994,-492994
2007/02/28,0,0,0,0
2007/03/01,0,211000,-5054000,-4843000
2007/03/02,0,534100,-2670000,-2135900
2007/03/05,0,819000,-2374000,-1555000
2007/03/06,0,219000,-5328000,-5109000
2007/03/07,0,131000,-4855948,-4724948
2007/03/08,0,459000,-3282000,-2823000
2007/03/09,0,326000,-1366000,-1040000
2007/03/12,0,316000,-1258000,-942000
2007/03/13,0,3511100,-2555000,956100
2007/03/14,0,2446000,-3529000,-1083000
2007/03/15,0,5419000,-1672181,3746819
2007/03/16,0,4469000,-1593000,2876000
2007/03/19,0,929000,-127000,802000
2007/03/20,0,3094200,-1442000,1652200
2007/03/21,0,1896000,-212000,1684000
2007/03/22,0,8578000,-291000,8287000
2007/03/23,0,3572000,-112000,3460000
2007/03/26,0,3833000,-80000,3753000
2007/03/27,0,3390000,-885000,2505000
2007/03/28,0,4038000,-1767100,2270900
2007/03/29,0,3258000,-1838000,1420000
2007/03/30,0,1781000,-487000,1294000
2007/04/02,0,1310000,-567000,743000
2007/04/03,0,1045000,-571353,473647
2007/04/04,0,4017000,-2711000,1306000
2007/04/05,0,0,0,0
2007/04/06,0,0,0,0
2007/04/09,0,1364000,-293000,1071000
2007/04/10,0,2180000,-1782000,398000
2007/04/11,0,1951000,-1180000,771000
2007/04/12,0,748000,-232404,515596
2007/04/13,0,3994000,-933360,3060640
2007/04/16,0,4415000,-157000,4258000
2007/04/17,0,2159700,-274572,1885128
2007/04/18,0,4087000,-265000,3822000
2007/04/19,0,1581000,-3729000,-2148000
2007/04/20,0,971000,-249400,721600
2007/04/23,0,2016000,-198000,1818000
2007/04/24,0,1353000,-533000,820000
2007/04/25,0,1125000,-406000,719000
2007/04/26,0,2702000,-285000,2417000
2007/04/27,0,1589000,-832000,757000
2007/04/30,0,414000,-1688000,-1274000
2007/05/01,0,0,0,0
2007/05/02,0,379000,-1653700,-1274700
2007/05/03,0,1101000,-2616000,-1515000
2007/05/04,0,2948000,-7825000,-4877000
2007/05/07,0,387000,-1350000,-963000
2007/05/08,0,302000,-847000,-545000
2007/05/09,0,592000,-1122487,-530487
2007/05/10,0,1694000,-1694000,0
2007/05/11,0,1257000,-1886000,-629000
2007/05/14,0,1532000,-692450,839550
2007/05/15,0,602000,-352243,249757
2007/05/16,0,335000,-434000,-99000
2007/05/17,0,3973000,-267200,3705800
2007/05/18,0,2233000,-911000,1322000
2007/05/21,0,4026000,-791000,3235000
2007/05/22,0,2851000,-627400,2223600
2007/05/23,0,1209000,-2300000,-1091000
2007/05/24,0,126000,-1520000,-1394000
2007/05/25,0,219000,-3055000,-2836000
2007/05/28,0,822000,-164000,658000
2007/05/29,0,1500000,-150000,1350000
2007/05/30,0,1590000,-1604000,-14000
2007/05/31,0,1995000,-2499000,-504000
2007/06/01,0,1475000,-2584000,-1109000
2007/06/04,0,818000,-213000,605000
2007/06/05,0,402000,-924000,-522000
2007/06/06,0,1861000,-2765000,-904000
2007/06/07,0,1395000,-2248000,-853000
2007/06/08,0,1261000,-5455000,-4194000
2007/06/11,0,1177000,-3571000,-2394000
2007/06/12,0,2145000,-5147000,-3002000
2007/06/13,0,1627000,-3611000,-1984000
2007/06/14,0,1987000,-932720,1054280
2007/06/15,0,1557000,-1318000,239000
2007/06/18,0,0,0,0
2007/06/19,0,0,0,0
2007/06/20,0,5546000,-1307000,4239000
2007/06/21,0,10941000,-1082000,9859000
2007/06/22,0,2309000,-335190,1973810
2007/06/25,0,4169000,-2758000,1411000
2007/06/26,0,4945000,-927000,4018000
2007/06/27,0,1569950,-895000,674950
2007/06/28,0,2724000,-867000,1857000
2007/06/29,0,1018000,-1058000,-40000
2007/07/02,0,1778000,-484000,1294000
2007/07/03,0,4080000,-1147000,2933000
2007/07/04,0,2595000,-1111472,1483528
2007/07/05,0,956000,-557000,399000
2007/07/06,0,2948000,-2216000,732000
2007/07/09,0,2434000,-214000,2220000
2007/07/10,0,1685000,-322000,1363000
2007/07/11,0,899000,-795000,104000
2007/07/12,0,4265000,-1244000,3021000
2007/07/13,0,7314000,-1084000,6230000
2007/07/16,0,579000,-1638000,-1059000
2007/07/17,0,1539000,-1042000,497000
2007/07/18,0,1882000,-1700000,182000
2007/07/19,0,1340987,-1325000,15987
2007/07/20,0,900100,-466000,434100
2007/07/23,0,2255000,-947152,1307848
2007/07/24,0,3130000,-465500,2664500
2007/07/25,0,4906000,-1072600,3833400
2007/07/26,0,2794000,-3381000,-587000
2007/07/27,0,2299000,-6663940,-4364940
2007/07/30,0,6317000,-9651200,-3334200
2007/07/31,0,2739000,-5608000,-2869000
2007/08/01,0,4006400,-13761690,-9755290
2007/08/02,0,5862000,-5938000,-76000
2007/08/03,0,1915000,-3114000,-1199000
2007/08/06,0,468000,-2551000,-2083000
2007/08/07,0,1262000,-725000,537000
2007/08/08,0,732000,-3477000,-2745000
2007/08/09,0,849000,-2815000,-1966000
2007/08/10,0,2623000,-5240000,-2617000
2007/08/13,0,1759000,-906000,853000
2007/08/14,0,713000,-834000,-121000
2007/08/15,0,726000,-3407100,-2681100
2007/08/16,0,7430000,-5761000,1669000
2007/08/17,0,1978000,-4326000,-2348000
2007/08/20,0,898000,-903000,-5000
2007/08/21,0,1256000,-141000,1115000
2007/08/22,0,1653000,-505385,1147615
2007/08/23,0,1734000,-242000,1492000
2007/08/24,0,1360000,-815000,545000
2007/08/27,0,1417000,-575000,842000
2007/08/28,0,1523000,-1808000,-285000
2007/08/29,0,2627000,-3036000,-409000
2007/08/30,0,1209000,-658000,551000
2007/08/31,0,2477000,-623000,1854000
2007/09/03,0,1378000,-435000,943000
2007/09/04,0,531000,-317000,214000
2007/09/05,0,1410000,-2585000,-1175000
2007/09/06,0,6728000,-5197330,1530670
2007/09/07,0,988000,-2153000,-1165000
2007/09/10,0,1215000,-3830000,-2615000
2007/09/11,0,389000,-514000,-125000
2007/09/12,0,1197000,-3548928,-2351928
2007/09/13,0,1297000,-2805580,-1508580
2007/09/14,0,3661000,-92000,3569000
2007/09/17,0,1352581,-1541000,-188419
2007/09/18,0,0,0,0
2007/09/19,0,9129000,-686000,8443000
2007/09/20,0,3262000,-816000,2446000
2007/09/21,0,2713000,-563000,2150000
2007/09/24,0,0,0,0
2007/09/25,0,0,0,0
2007/09/26,0,2094000,-3046000,-952000
2007/09/27,0,2987000,-4429000,-1442000
2007/09/28,0,1505000,-3285000,-1780000
2007/10/01,0,478000,-847875,-369875
2007/10/02,0,4974664,-4213000,761664
2007/10/03,0,2679000,-2990768,-311768
2007/10/04,0,5067000,-1207000,3860000
2007/10/05,0,2418000,-901000,1517000
2007/10/08,0,2670000,-648000,2022000
2007/10/09,0,886000,-2689000,-1803000
2007/10/10,0,0,0,0
2007/10/11,0,1773000,-316000,1457000
2007/10/12,0,824000,-2235000,-1411000
2007/10/15,0,921000,-1852000,-931000
2007/10/16,0,1313000,-1286000,27000
2007/10/17,0,1883000,-2538000,-655000
2007/10/18,0,1091000,-2398215,-1307215
2007/10/19,0,387000,-513000,-126000
2007/10/22,0,1584000,-5042000,-3458000
2007/10/23,0,1121000,-2272000,-1151000
2007/10/24,0,1254093,-628000,626093
2007/10/25,0,1191166,-96000,1095166
2007/10/26,0,2470542,-910000,1560542
2007/10/29,0,3894000,-94000,3800000
2007/10/30,0,3016000,-1150000,1866000
2007/10/31,0,2379000,-317000,2062000
2007/11/01,0,4598000,-830300,3767700
2007/11/02,0,2247000,-2733000,-486000
2007/11/05,0,973000,-4604000,-3631000
2007/11/06,0,61000,-2079000,-2018000
2007/11/07,0,953307,-2094000,-1140693
2007/11/08,0,188000,-7429000,-7241000
2007/11/09,0,4520000,-6493000,-1973000
2007/11/12,0,6203000,-5714711,488289
2007/11/13,0,2670000,-2183699,486301
2007/11/14,0,2190000,-1029000,1161000
2007/11/15,0,1431000,-809000,622000
2007/11/16,0,2440872,-2848000,-407128
2007/11/19,0,182020,-1965000,-1782980
2007/11/20,0,1932000,-2737000,-805000
2007/11/21,0,142000,-5202150,-5060150
2007/11/22,0,1007000,-646668,360332
2007/11/23,0,450000,-1412000,-962000
2007/11/26,0,3373000,-848000,2525000
2007/11/27,0,2057000,-2006000,51000
2007/11/28,0,1748000,-2620000,-872000
2007/11/29,0,2338000,-1464627,873373
2007/11/30,0,4235000,-3114030,1120970
2007/12/03,0,2014000,-1646000,368000
2007/12/04,0,989993,-943000,46993
2007/12/05,0,1378000,-3404000,-2026000
2007/12/06,0,1869000,-123000,1746000
2007/12/07,0,1540378,-663000,877378
2007/12/10,0,781000,-625000,156000
2007/12/11,0,1035000,-63000,972000
2007/12/12,0,814000,-1491000,-677000
2007/12/13,0,1425000,-1994000,-569000
2007/12/14,0,1075000,-1939214,-864214
2007/12/17,0,513000,-2006000,-1493000
2007/12/18,0,1195000,-1291513,-96513
2007/12/19,0,66000,-1976451,-1910451
2007/12/20,0,1859000,-1185000,674000
2007/12/21,0,2693000,-194000,2499000
2007/12/24,0,655000,-464000,191000
2007/12/25,0,69000,-132000,-63000
2007/12/26,0,820000,-87000,733000
2007/12/27,0,1360000,-249000,1111000
2007/12/28,0,1499000,-647000,852000
2007/12/31,0,751000,-183000,568000
2008/01/01,0,0,0,0
2008/01/02,0,248000,-2722000,-2474000
2008/01/03,0,2490000,-1420000,1070000
2008/01/04,0,1483000,-3866000,-2383000
2008/01/07,0,1877000,-4050000,-2173000
2008/01/08,0,699000,-1521013,-822013
2008/01/09,0,2167000,-1361041,805959
2008/01/10,0,2252000,-586995,1665005
2008/01/11,0,2358000,-1388646,969354
2008/01/14,0,5809000,-833407,4975593
2008/01/15,0,15660000,-2711805,12948195
2008/01/16,0,6729000,-3948000,2781000
2008/01/17,0,4907000,-3981068,925932
2008/01/18,0,2959557,-2750630,208927
2008/01/21,0,2506000,-6415000,-3909000
2008/01/22,0,419000,-5853000,-5434000
2008/01/23,0,2849000,-9843000,-6994000
2008/01/24,0,2326000,-3763326,-1437326
2008/01/25,0,404000,-2663000,-2259000
2008/01/28,0,566000,-1567000,-1001000
2008/01/29,0,2885000,-1093000,1792000
2008/01/30,0,3214711,-4329000,-1114289
2008/01/31,0,3611000,-6110000,-2499000
2008/02/01,0,1450000,-9585000,-8135000
2008/02/04,0,0,0,0
2008/02/05,0,0,0,0
2008/02/06,0,0,0,0
2008/02/07,0,0,0,0
2008/02/08,0,0,0,0
2008/02/11,0,0,0,0
2008/02/12,0,1255000,-5572000,-4317000
2008/02/13,0,1907000,-1269000,638000
2008/02/14,0,2989000,-1328000,1661000
2008/02/15,0,1328000,-2082000,-754000
2008/02/18,0,1863000,-901000,962000
2008/02/19,0,2315000,-2135000,180000
2008/02/20,0,1253000,-2548000,-1295000
2008/02/21,0,1498673,-1650345,-151672
2008/02/22,0,507000,-2477000,-1970000
2008/02/25,0,2456000,-1918000,538000
2008/02/26,0,5216000,-594000,4622000
2008/02/27,0,10187000,-2041000,8146000
2008/02/28,0,0,0,0
2008/02/29,0,1961681,-2887000,-925319
2008/03/03,0,5117000,-5932000,-815000
2008/03/04,0,4623448,-1545000,3078448
2008/03/05,0,3460000,-1678000,1782000
2008/03/06,0,5816000,-2560000,3256000
2008/03/07,0,4861000,-1355000,3506000
2008/03/10,0,3207000,-1775412,1431588
2008/03/11,0,2945000,-2318000,627000
2008/03/12,0,6428809,-853000,5575809
2008/03/13,0,982000,-4646000,-3664000
2008/03/14,0,939000,-7088000,-6149000
2008/03/17,0,458000,-5211000,-4753000
2008/03/18,0,618000,-2319000,-1701000
2008/03/19,0,2400000,-3510000,-1110000
2008/03/20,0,4754000,-3136000,1618000
2008/03/21,0,7162000,-810000,6352000
2008/03/24,0,12445000,-480000,11965000
2008/03/25,0,5891000,-1930000,3961000
2008/03/26,0,2895000,-5107572,-2212572
2008/03/27,0,1882120,-2265000,-382880
2008/03/28,0,5379120,-8993900,-3614780
2008/03/31,0,3003089,-12360000,-9356911
2008/04/01,0,2478224,-3966400,-1488176
2008/04/02,0,3317000,-3461000,-144000
2008/04/03,0,225000,-3909468,-3684468
2008/04/04,0,0,0,0
2008/04/07,0,2060000,-5049000,-2989000
2008/04/08,0,675000,-4432000,-3757000
2008/04/09,0,812000,-3320323,-2508323
2008/04/10,0,1872000,-3276000,-1404000
2008/04/11,0,1434000,-736799,697201
2008/04/14,0,1942000,-3659000,-1717000
2008/04/15,0,781000,-1017000,-236000
2008/04/16,0,2224000,-1754000,470000
2008/04/17,0,6638000,-1514000,5124000
2008/04/18,0,1726000,-1561414,164586
2008/04/21,0,3702060,-2373000,1329060
2008/04/22,0,1698000,-4453000,-2755000
2008/04/23,0,2864000,-665000,2199000
2008/04/24,0,601000,-319000,282000
2008/04/25,0,584000,-330177,253823
2008/04/28,0,3729000,-142000,3587000
2008/04/29,0,1281000,-1692000,-411000
2008/04/30,0,1862000,-3451000,-1589000
2008/05/01,0,0,0,0
2008/05/02,0,1687000,-580000,1107000
2008/05/05,0,534000,-2577000,-2043000
2008/05/06,0,2097500,-4756000,-2658500
2008/05/07,0,818500,-524000,294500
2008/05/08,0,2602000,-5681000,-3079000
2008/05/09,0,281000,-2725000,-2444000
2008/05/12,0,2790000,-3237000,-447000
2008/05/13,0,3474000,-1889000,1585000
2008/05/14,0,728437,-4969977,-4241540
2008/05/15,0,3798000,-6599000,-2801000
2008/05/16,0,1893000,-2242000,-349000
2008/05/19,0,2506100,-2106000,400100
2008/05/20,0,3720000,-2042000,1678000
2008/05/21,0,2566000,-2537000,29000
2008/05/22,0,3523000,-5525000,-2002000
2008/05/23,0,4354000,-3656000,698000
2008/05/26,0,1547000,-2428000,-881000
2008/05/27,0,1099000,-2695000,-1596000
2008/05/28,0,1519000,-7206000,-5687000
2008/05/29,0,1616000,-4627000,-3011000
2008/05/30,0,9134868,-25284716,-16149848
2008/06/02,0,2805000,-1920000,885000
2008/06/03,0,5874976,-5721297,153679
2008/06/04,0,3183000,-2590098,592902
2008/06/05,0,3121000,-4796000,-1675000
2008/06/06,0,1431000,-1408400,22600
2008/06/09,0,1038000,-3925000,-2887000
2008/06/10,0,113000,-6162806,-6049806
2008/06/11,0,484000,-1818000,-1334000
2008/06/12,0,4074000,-3698000,376000
2008/06/13,0,3457000,-3070000,387000
2008/06/16,0,1249000,-2688000,-1439000
2008/06/17,0,4328000,-3694010,633990
2008/06/18,0,1468000,-3871000,-2403000
2008/06/19,0,1965000,-6080000,-4115000
2008/06/20,0,3633795,-4724000,-1090205
2008/06/23,0,1020000,-5056000,-4036000
2008/06/24,0,531000,-624000,-93000
2008/06/25,0,2291000,-4099000,-1808000
2008/06/26,0,2865000,-2005000,860000
2008/06/27,0,2702000,-1780000,922000
2008/06/30,0,2618000,-1357000,1261000
2008/07/01,0,3749000,-279000,3470000
2008/07/02,0,2074000,-3240000,-1166000
2008/07/03,0,3439000,-7019200,-3580200
2008/07/04,0,11000,-2919000,-2908000
2008/07/07,0,2393000,-2235000,158000
2008/07/08,0,2228000,-7288000,-5060000
2008/07/09,0,2607000,-2614000,-7000
2008/07/10,0,3168000,-499000,2669000
2008/07/11,0,1344000,-2041000,-697000
2008/07/14,0,1358000,-2927245,-1569245
2008/07/15,0,1040000,-2823000,-1783000
2008/07/16,0,1570000,-3340000,-1770000
2008/07/17,0,1321000,-5987000,-4666000
2008/07/18,0,654000,-6154000,-5500000
2008/07/21,0,6273000,-4126000,2147000
2008/07/22,0,1594000,-488640,1105360
2008/07/23,0,2230000,-732000,1498000
2008/07/24,0,1014000,-1508000,-494000
2008/07/25,0,271000,-985000,-714000
2008/07/28,0,0,0,0
2008/07/29,0,421000,-6134700,-5713700
2008/07/30,0,909000,-773000,136000
2008/07/31,0,832000,-411253,420747
2008/08/01,0,467000,-1445000,-978000
2008/08/04,0,203000,-3108000,-2905000
2008/08/05,0,5806000,-5946000,-140000
2008/08/06,0,3737000,-78209,3658791
2008/08/07,0,360000,-408000,-48000
2008/08/08,0,1048000,-3474000,-2426000
2008/08/11,0,2710000,-4984000,-2274000
2008/08/12,0,4571000,-5637000,-1066000
2008/08/13,0,250000,-1484000,-1234000
2008/08/14,0,4179000,-3463000,716000
2008/08/15,0,25000,-1306000,-1281000
2008/08/18,0,418000,-2045000,-1627000
2008/08/19,0,2109000,-3869000,-1760000
2008/08/20,0,353000,-1073000,-720000
2008/08/21,0,277000,-1066000,-789000
2008/08/22,0,4963000,-2677000,2286000
2008/08/25,0,1168000,-663000,505000
2008/08/26,0,3132000,-5053020,-1921020
2008/08/27,0,2390000,-3423950,-1033950
2008/08/28,0,4991000,-2258170,2732830
2008/08/29,0,1866000,-339710,1526290
2008/09/01,0,1074000,-1103000,-29000
2008/09/02,0,364000,-2819000,-2455000
2008/09/03,0,629000,-864000,-235000
2008/09/04,0,6792000,-821791,5970209
2008/09/05,0,558000,-1454000,-896000
2008/09/08,0,224000,-392000,-168000
2008/09/09,0,454000,-792000,-338000
2008/09/10,0,2077000,-2056000,21000
2008/09/11,0,3368000,-3768000,-400000
2008/09/12,0,212000,-2299000,-2087000
2008/09/15,0,1056000,-1228000,-172000
2008/09/16,0,3537000,-944000,2593000
2008/09/17,0,3045000,-2551000,494000
2008/09/18,0,3668750,-2596000,1072750
2008/09/19,0,3024000,-227000,2797000
2008/09/22,0,3205000,-1355000,1850000
2008/09/23,0,1485000,-1858000,-373000
2008/09/24,0,876000,-501000,375000
2008/09/25,0,598000,-690000,-92000
2008/09/26,0,1023000,-1820000,-797000
2008/09/29,0,0,0,0
2008/09/30,0,3743000,-1235000,2508000
2008/10/01,0,3189000,-3122000,67000
2008/10/02,0,1991000,-900000,1091000
2008/10/03,0,1770000,-452000,1318000
2008/10/06,0,4803000,-2985000,1818000
2008/10/07,0,928000,-1262000,-334000
2008/10/08,0,752000,-1989000,-1237000
2008/10/09,0,3367000,-1752000,1615000
2008/10/10,0,0,0,0
2008/10/13,0,1508000,-1534000,-26000
2008/10/14,0,952000,-1131847,-179847
2008/10/15,0,1137000,-1313000,-176000
2008/10/16,0,895000,-1273000,-378000
2008/10/17,0,476000,-1300000,-824000
2008/10/20,0,1637000,-1340469,296531
2008/10/21,0,2726000,-1459000,1267000
2008/10/22,0,1604000,-932000,672000
2008/10/23,0,2263000,-2383802,-120802
2008/10/24,0,2787000,-523000,2264000
2008/10/27,0,623000,-694000,-71000
2008/10/28,0,1477000,-1790000,-313000
2008/10/29,0,1548000,-875000,673000
2008/10/30,0,6330000,-464000,5866000
2008/10/31,0,2963000,-1655000,1308000
2008/11/03,0,4661000,-1195000,3466000
2008/11/04,0,1626000,-143000,1483000
2008/11/05,0,2237000,-593400,1643600
2008/11/06,0,829000,-2680000,-1851000
2008/11/07,0,1053000,-3122000,-2069000
2008/11/10,0,1438250,-1020000,418250
2008/11/11,0,760000,-773582,-13582
2008/11/12,0,628000,-1663000,-1035000
2008/11/13,0,293000,-2012000,-1719000
2008/11/14,0,938000,-1026000,-88000
2008/11/17,0,604000,-1395000,-791000
2008/11/18,0,756000,-1797000,-1041000
2008/11/19,0,1324677,-3243677,-1919000
2008/11/20,0,1380000,-1369000,11000
2008/11/21,0,8651000,-2327000,6324000
2008/11/24,0,1321969,-2313969,-992000
2008/11/25,0,994000,-1058498,-64498
2008/11/26,0,1668000,-1157910,510090
2008/11/27,0,5317000,-6521000,-1204000
2008/11/28,0,5417000,-4062000,1355000
2008/12/01,0,2891000,-3691000,-800000
2008/12/02,0,2439000,-6098000,-3659000
2008/12/03,0,662000,-4079000,-3417000
2008/12/04,0,3324000,-2297000,1027000
2008/12/05,0,1747000,-2927000,-1180000
2008/12/08,0,3813000,-2821000,992000
2008/12/09,0,1390000,-2467000,-1077000
2008/12/10,0,2375000,-2782000,-407000
2008/12/11,0,6229279,-2624000,3605279
2008/12/12,0,1196000,-3638000,-2442000
2008/12/15,0,2992653,-897000,2095653
2008/12/16,0,1347000,-2313000,-966000
2008/12/17,0,8461000,-5013000,3448000
2008/12/18,0,2232000,-2578000,-346000
2008/12/19,0,7788911,-7408000,380911
2008/12/22,0,3929903,-2370600,1559303
2008/12/23,0,1283000,-1555000,-272000
2008/12/24,0,297000,-1601000,-1304000
2008/12/25,0,91000,-420000,-329000
2008/12/26,0,295000,-591000,-296000
2008/12/29,0,214000,-506000,-292000
2008/12/30,0,1179000,-95000,1084000
2008/12/31,0,955000,-401000,554000
2009/01/01,0,0,0,0
2009/01/02,0,0,0,0
2009/01/05,0,1223000,-757000,466000
2009/01/06,0,862598,-265000,597598
2009/01/07,0,1150796,-1380000,-229204
2009/01/08,0,268000,-3296000,-3028000
2009/01/09,0,96000,-1167000,-1071000
2009/01/12,0,327575,-2786000,-2458425
2009/01/13,0,527430,-2033000,-1505570
2009/01/14,0,164000,-2770000,-2606000
2009/01/15,0,602000,-4021000,-3419000
2009/01/16,0,568050,-3994000,-3425950
2009/01/19,0,186000,-545530,-359530
2009/01/20,0,588000,-3459409,-2871409
2009/01/21,0,1549800,-1713660,-163860
2009/01/22,0,0,0,0
2009/01/23,0,0,0,0
2009/01/26,0,0,0,0
2009/01/27,0,0,0,0
2009/01/28,0,0,0,0
2009/01/29,0,0,0,0
2009/01/30,0,0,0,0
2009/02/02,0,804000,-2881142,-2077142
2009/02/03,0,772000,-907720,-135720
2009/02/04,0,391000,-524000,-133000
2009/02/05,0,557000,-1697000,-1140000
2009/02/06,0,821000,-1373000,-552000
2009/02/09,0,101000,-2468000,-2367000
2009/02/10,0,2168000,-2569593,-401593
2009/02/11,0,1028000,-1299000,-271000
2009/02/12,0,1139000,-1675000,-536000
2009/02/13,0,1087000,-121000,966000
2009/02/16,0,88000,-345000,-257000
2009/02/17,0,618000,-799219,-181219
2009/02/18,0,7190000,-774000,6416000
2009/02/19,0,868000,-2792000,-1924000
2009/02/20,0,477933,-4356933,-3879000
2009/02/23,0,462000,-577000,-115000
2009/02/24,0,343000,-3113680,-2770680
2009/02/25,0,644050,-485630,158420
2009/02/26,0,753000,-552340,200660
2009/02/27,0,485550,-774000,-288450
2009/03/02,0,62000,-1303547,-1241547
2009/03/03,0,1711000,-2275000,-564000
2009/03/04,0,6645929,-1731000,4914929
2009/03/05,0,783000,-1251000,-468000
2009/03/06,0,966000,-1172500,-206500
2009/03/09,0,703000,-750000,-47000
2009/03/10,0,782000,-456000,326000
2009/03/11,0,2780987,-879000,1901987
2009/03/12,0,1379000,-1279000,100000
2009/03/13,0,5215000,-14000,5201000
2009/03/16,0,3214000,-250000,2964000
2009/03/17,0,4433000,-268000,4165000
2009/03/18,0,4279000,-1587000,2692000
2009/03/19,0,1772000,-2807000,-1035000
2009/03/20,0,532000,-1204890,-672890
2009/03/23,0,2680000,-1119332,1560668
2009/03/24,0,4355000,-3295000,1060000
2009/03/25,0,2862000,-965800,1896200
2009/03/26,0,3442000,-864000,2578000
2009/03/27,0,1304000,-1322000,-18000
2009/03/30,0,1901000,-2478000,-577000
2009/03/31,0,2144000,-1090122,1053878
2009/04/01,0,357000,-1276008,-919008
2009/04/02,0,4424000,-977000,3447000
2009/04/03,0,553000,-1679000,-1126000
2009/04/06,0,2553000,-2399000,154000
2009/04/07,0,562000,-495000,67000
2009/04/08,0,1404000,-3106000,-1702000
2009/04/09,0,4474000,-1576593,2897407
2009/04/10,0,5956000,-187000,5769000
2009/04/13,0,2415000,-495000,1920000
2009/04/14,0,2996432,-1758000,1238432
2009/04/15,0,2164000,-1472000,692000
2009/04/16,0,5472000,-3944000,1528000
2009/04/17,0,3511186,-1365000,2146186
2009/04/20,0,2204000,-924000,1280000
2009/04/21,0,1781000,-2285000,-504000
2009/04/22,0,868000,-1714000,-846000
2009/04/23,0,886000,-2344000,-1458000
2009/04/24,0,1638000,-1535000,103000
2009/04/27,0,1894000,-1069000,825000
2009/04/28,0,1434000,-1472000,-38000
2009/04/29,0,3225000,-937216,2287784
2009/04/30,0,4353000,-584000,3769000
2009/05/01,0,0,0,0
2009/05/04,0,4048000,-713000,3335000
2009/05/05,0,9664772,-1272000,8392772
2009/05/06,0,7967000,-5832000,2135000
2009/05/07,0,3849000,-2773000,1076000
2009/05/08,0,3437000,-432000,3005000
2009/05/11,0,2111000,-2202000,-91000
2009/05/12,0,1880404,-1752000,128404
2009/05/13,0,1229000,-1385000,-156000
2009/05/14,0,2740000,-3916000,-1176000
2009/05/15,0,833000,-2756000,-1923000
2009/05/18,0,936000,-3363000,-2427000
2009/05/19,0,2706000,-3025897,-319897
2009/05/20,0,2065000,-1952668,112332
2009/05/21,0,2249092,-5574103,-3325011
2009/05/22,0,2385844,-3000000,-614156
2009/05/25,0,13348000,-10662889,2685111
2009/05/26,0,3638000,-2388000,1250000
2009/05/27,0,3115889,-2454061,661828
2009/05/28,0,0,0,0
2009/05/29,0,0,0,0
2009/06/01,0,2160000,-1629000,531000
2009/06/02,0,3400700,-3221700,179000
2009/06/03,0,2645000,-229531,2415469
2009/06/04,0,3138000,-3254000,-116000
2009/06/05,0,287325,-438000,-150675
2009/06/08,0,74000,-1913000,-1839000
2009/06/09,0,3183000,-980000,2203000
2009/06/10,0,811142,-227000,584142
2009/06/11,0,919422,-1136000,-216578
2009/06/12,0,1130000,-3799000,-2669000
2009/06/15,0,437000,-993000,-556000
2009/06/16,0,766000,-1145230,-379230
2009/06/17,0,544000,-1006000,-462000
2009/06/18,0,244000,-1355617,-1111617
2009/06/19,0,488000,-818000,-330000
2009/06/22,0,220000,-1217000,-997000
2009/06/23,0,280400,-2433000,-2152600
2009/06/24,0,3155000,-1299000,1856000
2009/06/25,0,1408000,-574000,834000
2009/06/26,0,1066000,-865000,201000
2009/06/29,0,1286000,-1126000,160000
2009/06/30,0,6181000,-4548925,1632075
2009/07/01,0,2095000,-71000,2024000
2009/07/02,0,262000,-373000,-111000
2009/07/03,0,584299,-180000,404299
2009/07/06,0,209000,-859000,-650000
2009/07/07,0,982000,-320260,661740
2009/07/08,0,2289478,-2940450,-650972
2009/07/09,0,959000,-766000,193000
2009/07/10,0,4279550,-4441550,-162000
2009/07/13,0,517000,-1774000,-1257000
2009/07/14,0,702000,-1142858,-440858
2009/07/15,0,1782000,-1209000,573000
2009/07/16,0,579000,-698000,-119000
2009/07/17,0,1449081,-799990,649091
2009/07/20,0,1684000,-683000,1001000
2009/07/21,0,758000,-245560,512440
2009/07/22,0,1050000,-40000,1010000
2009/07/23,0,1010000,-645080,364920
2009/07/24,0,566000,-459710,106290
2009/07/27,0,1009000,-60948,948052
2009/07/28,0,1207190,-622000,585190
2009/07/29,0,590213,-375000,215213
2009/07/30,0,585000,-1190000,-605000
2009/07/31,0,1883000,-1456000,427000
2009/08/03,0,1048000,-585000,463000
2009/08/04,0,639000,-2705000,-2066000
2009/08/05,0,560000,-1053000,-493000
2009/08/06,0,162000,-702000,-540000
2009/08/07,0,0,0,0
2009/08/10,0,1057866,-1160000,-102134
2009/08/11,0,539000,-337000,202000
2009/08/12,0,887380,-1053000,-165620
2009/08/13,0,2123000,-916000,1207000
2009/08/14,0,1667000,-288000,1379000
2009/08/17,0,915000,-1326000,-411000
2009/08/18,0,1541110,-926000,615110
2009/08/19,0,1402000,-1772081,-370081
2009/08/20,0,572000,-547000,25000
2009/08/21,0,1858000,-1604180,253820
2009/08/24,0,1365000,-664490,700510
2009/08/25,0,2451186,-2411103,40083
2009/08/26,0,291000,-813400,-522400
2009/08/27,0,137000,-618060,-481060
2009/08/28,0,885000,-394959,490041
2009/08/31,0,625000,-1988207,-1363207
2009/09/01,0,868000,-68289,799711
2009/09/02,0,293688,-311000,-17312
2009/09/03,0,476500,-734000,-257500
2009/09/04,0,882000,-521358,360642
2009/09/07,0,387000,-261504,125496
2009/09/08,0,3367000,-43000,3324000
2009/09/09,0,1508000,-305790,1202210
2009/09/10,0,8327000,-323580,8003420
2009/09/11,0,2529000,-337300,2191700
2009/09/14,0,606000,-1049960,-443960
2009/09/15,0,2649000,-334000,2315000
2009/09/16,0,3987518,-431000,3556518
2009/09/17,0,2331000,-63800,2267200
2009/09/18,0,6255700,-3919790,2335910
2009/09/21,0,56000,-1016000,-960000
2009/09/22,0,116000,-10000,106000
2009/09/23,0,665000,-741369,-76369
2009/09/24,0,337000,-268000,69000
2009/09/25,0,469447,-1310160,-840713
2009/09/28,0,242000,-336910,-94910
2009/09/29,0,1587310,-236000,1351310
2009/09/30,0,1371000,-227000,1144000
2009/10/01,0,607000,-343000,264000
2009/10/02,0,276600,-1225394,-948794
2009/10/05,0,461289,-1566651,-1105362
2009/10/06,0,1017000,-1265000,-248000
2009/10/07,0,438000,-756280,-318280
2009/10/08,0,1488000,-627000,861000
2009/10/09,0,590000,-768000,-178000
2009/10/12,0,458000,-1910000,-1452000
2009/10/13,0,585420,-1842441,-1257021
2009/10/14,0,1122000,-369000,753000
2009/10/15,0,3293000,-269090,3023910
2009/10/16,0,636000,-254000,382000
2009/10/19,0,460000,-424039,35961
2009/10/20,0,242469,-349000,-106531
2009/10/21,0,828000,-1195000,-367000
2009/10/22,0,371000,-1429119,-1058119
2009/10/23,0,269000,-374000,-105000
2009/10/26,0,777000,-193000,584000
2009/10/27,0,290000,-1754000,-1464000
2009/10/28,0,250000,-1125040,-875040
2009/10/29,0,300000,-1578710,-1278710
2009/10/30,0,548000,-2024000,-1476000
2009/11/02,0,191000,-1934000,-1743000
2009/11/03,0,315000,-1973000,-1658000
2009/11/04,0,235000,-803515,-568515
2009/11/05,0,180000,-1754000,-1574000
2009/11/06,0,681000,-191490,489510
2009/11/09,0,1106000,-277000,829000
2009/11/10,0,1921193,-1395193,526000
2009/11/11,0,1827000,-151000,1676000
2009/11/12,0,939000,-104000,835000
2009/11/13,0,1561000,-516269,1044731
2009/11/16,0,2513000,-533000,1980000
2009/11/17,0,2699000,-393540,2305460
2009/11/18,0,4887000,-1100000,3787000
2009/11/19,0,671000,-513000,158000
2009/11/20,0,663000,-2674820,-2011820
2009/11/23,0,436000,-147000,289000
2009/11/24,0,283000,-264000,19000
2009/11/25,0,1721000,-739500,981500
2009/11/26,0,411000,-510700,-99700
2009/11/27,0,103000,-2705000,-2602000
2009/11/30,0,472779,-1519663,-1046884
2009/12/01,0,622000,-1558115,-936115
2009/12/02,0,400000,-441000,-41000
2009/12/03,0,502000,-170018,331982
2009/12/04,0,6595199,-6917523,-322324
2009/12/07,0,448000,-1431000,-983000
2009/12/08,0,480000,-1112600,-632600
2009/12/09,0,113000,-890210,-777210
2009/12/10,0,203000,-2887841,-2684841
2009/12/11,0,717000,-1336330,-619330
2009/12/14,0,503000,-841000,-338000
2009/12/15,0,401000,-356958,44042
2009/12/16,0,312000,-1017000,-705000
2009/12/17,0,430390,-1330000,-899610
2009/12/18,0,385000,-1005000,-620000
2009/12/21,0,366000,-95000,271000
2009/12/22,0,389000,-335000,54000
2009/12/23,0,226000,-104199,121801
2009/12/24,0,1293000,-188000,1105000
2009/12/25,0,386000,-1000,385000
2009/12/28,0,1441000,-58000,1383000
2009/12/29,0,450000,-96000,354000
2009/12/30,0,1132000,-747000,385000
2009/12/31,0,729000,-1351157,-622157
2010/01/01,0,0,0,0
2010/01/04,0,475000,-373000,102000
2010/01/05,0,782000,-338250,443750
2010/01/06,0,333000,-759530,-426530
2010/01/07,0,2311000,-344491,1966509
2010/01/08,0,1817760,-487000,1330760
2010/01/11,0,682000,-449000,233000
2010/01/12,0,247234,-792690,-545456
2010/01/13,0,275000,-205000,70000
2010/01/14,0,450000,-163310,286690
2010/01/15,0,106000,-359000,-253000
2010/01/18,0,1104333,-935333,169000
2010/01/19,0,621570,-753640,-132070
2010/01/20,0,1183400,-698000,485400
2010/01/21,0,1256000,-356660,899340
2010/01/22,0,777000,-1264000,-487000
2010/01/25,0,501600,-911000,-409400
2010/01/26,0,400000,-1718000,-1318000
2010/01/27,0,193000,-705780,-512780
2010/01/28,0,278000,-1038000,-760000
2010/01/29,0,674000,-2516760,-1842760
2010/02/01,0,186000,-1421140,-1235140
2010/02/02,0,295000,-3002970,-2707970
2010/02/03,0,447830,-1180000,-732170
2010/02/04,0,487000,-1735000,-1248000
2010/02/05,0,261000,-2763440,-2502440
2010/02/08,0,483421,-2847433,-2364012
2010/02/09,0,156000,-827760,-671760
2010/02/10,0,121000,-1110000,-989000
2010/02/11,0,0,0,0
2010/02/12,0,0,0,0
2010/02/15,0,0,0,0
2010/02/16,0,0,0,0
2010/02/17,0,0,0,0
2010/02/18,0,0,0,0
2010/02/19,0,0,0,0
2010/02/22,0,1630000,-687544,942456
2010/02/23,0,865000,-420000,445000
2010/02/24,0,1171000,-833000,338000
2010/02/25,0,1109000,-2304000,-1195000
2010/02/26,0,416720,-213995,202725
2010/03/01,0,1656000,-1194000,462000
2010/03/02,0,303980,-439500,-135520
2010/03/03,0,174000,-72000,102000
2010/03/04,0,215000,-1467114,-1252114
2010/03/05,0,1106000,-166000,940000
2010/03/08,0,543000,-10500,532500
2010/03/09,0,1256800,-851810,404990
2010/03/10,0,897000,-65680,831320
2010/03/11,0,316000,-104000,212000
2010/03/12,0,851000,-125084,725916
2010/03/15,0,263000,-604000,-341000
2010/03/16,0,413001,-348000,65001
2010/03/17,0,6997000,-102000,6895000
2010/03/18,0,2579000,-2130440,448560
2010/03/19,0,719000,-1308180,-589180
2010/03/22,0,451780,-1721130,-1269350
2010/03/23,0,140000,-902000,-762000
2010/03/24,0,1483972,-954000,529972
2010/03/25,0,869000,-922000,-53000
2010/03/26,0,1691000,-925000,766000
2010/03/29,0,2881000,-208000,2673000
2010/03/30,0,1061980,-226000,835980
2010/03/31,0,1088000,-399657,688343
2010/04/01,0,5614000,-312080,5301920
2010/04/02,0,1751000,-43000,1708000
2010/04/05,0,0,0,0
2010/04/06,0,4499485,-19000,4480485
2010/04/07,0,2900010,-198000,2702010
2010/04/08,0,1391000,-468000,923000
2010/04/09,0,1693000,-239770,1453230
2010/04/12,0,2369920,-205000,2164920
2010/04/13,0,283000,-429000,-146000
2010/04/14,0,468000,-65240,402760
2010/04/15,0,1106000,-399000,707000
2010/04/16,0,381590,-1000000,-618410
2010/04/19,0,641000,-1310000,-669000
2010/04/20,0,620000,-2357000,-1737000
2010/04/21,0,1393000,-2794000,-1401000
2010/04/22,0,209000,-2830130,-2621130
2010/04/23,0,202000,-1748000,-1546000
2010/04/26,0,2044000,-97180,1946820
2010/04/27,0,715410,-1025410,-310000
2010/04/28,0,48000,-2129040,-2081040
2010/04/29,0,74000,-1520000,-1446000
2010/04/30,0,2076000,-593050,1482950
2010/05/03,0,169000,-865000,-696000
2010/05/04,0,465000,-1332000,-867000
2010/05/05,0,291000,-3867170,-3576170
2010/05/06,0,602050,-2776644,-2174594
2010/05/07,0,1415000,-1679370,-264370
2010/05/10,0,493730,-3446985,-2953255
2010/05/11,0,1906000,-3431000,-1525000
2010/05/12,0,933000,-476000,457000
2010/05/13,0,1418000,-48000,1370000
2010/05/14,0,405000,-86000,319000
2010/05/17,0,584000,-701000,-117000
2010/05/18,0,2582000,-1380373,1201627
2010/05/19,0,1973001,-2977627,-1004626
2010/05/20,0,396642,-2250000,-1853358
2010/05/21,0,598500,-2619004,-2020504
2010/05/24,0,550000,-1183000,-633000
2010/05/25,0,150000,-3624000,-3474000
2010/05/26,0,3082000,-6275030,-3193030
2010/05/27,0,566000,-925224,-359224
2010/05/28,0,1040000,-2229000,-1189000
2010/05/31,0,1450000,-410000,1040000
2010/06/01,0,465000,-1921000,-1456000
2010/06/02,0,1376000,-2106000,-730000
2010/06/03,0,996000,-312000,684000
2010/06/04,0,850000,-489000,361000
2010/06/07,0,523199,-2292170,-1768971
2010/06/08,0,634000,-874000,-240000
2010/06/09,0,537000,-932328,-395328
2010/06/10,0,754000,-176000,578000
2010/06/11,0,2337331,-857080,1480251
2010/06/14,0,1288399,-96000,1192399
2010/06/15,0,2191798,-469190,1722608
2010/06/16,0,0,0,0
2010/06/17,0,3418788,-906000,2512788
2010/06/18,0,1332947,-1220220,112727
2010/06/21,0,2501928,-1196792,1305136
2010/06/22,0,1051389,-656000,395389
2010/06/23,0,396807,-506826,-110019
2010/06/24,0,309000,-852720,-543720
2010/06/25,0,363000,-1672735,-1309735
2010/06/28,0,626000,-803000,-177000
2010/06/29,0,1090000,-1496000,-406000
2010/06/30,0,1638000,-3795000,-2157000
2010/07/01,0,555440,-3837340,-3281900
2010/07/02,0,2043000,-1136480,906520
2010/07/05,0,1644380,-847620,796760
2010/07/06,0,3693588,-833000,2860588
2010/07/07,0,706578,-3894000,-3187422
2010/07/08,0,897000,-379660,517340
2010/07/09,0,623587,-357000,266587
2010/07/12,0,1436000,-1120912,315088
2010/07/13,0,188000,-185000,3000
2010/07/14,0,1775570,-286063,1489507
2010/07/15,0,1053000,-714000,339000
2010/07/16,0,980528,-885000,95528
2010/07/19,0,1169000,-472000,697000
2010/07/20,0,2060710,-216000,1844710
2010/07/21,0,1328630,-1259500,69130
2010/07/22,0,608610,-792001,-183391
2010/07/23,0,2582000,-2468500,113500
2010/07/26,0,744230,-379000,365230
2010/07/27,0,916426,-970000,-53574
2010/07/28,0,878000,-135000,743000
2010/07/29,0,1293000,-815240,477760
2010/07/30,0,207435,-2105300,-1897865
2010/08/02,0,2840000,-191374,2648626
2010/08/03,0,825000,-402000,423000
2010/08/04,0,690000,-831000,-141000
2010/08/05,0,1167600,-751600,416000
2010/08/06,0,1624000,-721000,903000
2010/08/09,0,621000,-181000,440000
2010/08/10,0,9308005,-9588000,-279995
2010/08/11,0,10734352,-10651897,82455
2010/08/12,0,7199215,-7616215,-417000
2010/08/13,0,8156865,-8556433,-399568
2010/08/16,0,8985512,-8997512,-12000
2010/08/17,0,767000,-1107000,-340000
2010/08/18,0,914000,-2679000,-1765000
2010/08/19,0,9569488,-10805488,-1236000
2010/08/20,0,6717000,-6968000,-251000
2010/08/23,0,899000,-472000,427000
2010/08/24,0,8465000,-9082000,-617000
2010/08/25,0,407000,-4450000,-4043000
2010/08/26,0,395000,-1559000,-1164000
2010/08/27,0,971081,-1428830,-457749
2010/08/30,0,433035,-816000,-382965
2010/08/31,0,531000,-1526811,-995811
2010/09/01,0,1470000,-858230,611770
2010/09/02,0,749000,-534880,214120
2010/09/03,0,763000,-1664000,-901000
2010/09/06,0,558000,-29000,529000
2010/09/07,0,511057,-141306,369751
2010/09/08,0,395720,-869942,-474222
2010/09/09,0,288000,-198000,90000
2010/09/10,0,1714090,-339000,1375090
2010/09/13,0,4731000,-479000,4252000
2010/09/14,0,1726000,-423000,1303000
2010/09/15,0,1697941,-1556000,141941
2010/09/16,0,664000,-2491080,-1827080
2010/09/17,0,2633000,-4171400,-1538400
2010/09/20,0,248000,-264170,-16170
2010/09/21,0,226000,-123000,103000
2010/09/22,0,0,0,0
2010/09/23,0,1309000,-385360,923640
2010/09/24,0,1402630,-1675000,-272370
2010/09/27,0,1163880,-1512000,-348120
2010/09/28,0,266390,-1214000,-947610
2010/09/29,0,2032000,-1495000,537000
2010/09/30,0,646000,-1171000,-525000
2010/10/01,0,645870,-1131000,-485130
2010/10/04,0,676450,-951000,-274550
2010/10/05,0,881760,-1611770,-730010
2010/10/06,0,1528850,-1305000,223850
2010/10/07,0,612600,-1466000,-853400
2010/10/08,0,887770,-687000,200770
2010/10/11,0,792560,-2446000,-1653440
2010/10/12,0,280270,-2827000,-2546730
2010/10/13,0,5589850,-1356918,4232932
2010/10/14,0,3864240,-586000,3278240
2010/10/15,0,438360,-984000,-545640
2010/10/18,0,66000,-1696000,-1630000
2010/10/19,0,396480,-1545480,-1149000
2010/10/20,0,614000,-1625000,-1011000
2010/10/21,0,348000,-1145000,-797000
2010/10/22,0,352001,-682000,-329999
2010/10/25,0,2381000,-248000,2133000
2010/10/26,0,972000,-134295,837705
2010/10/27,0,625010,-150000,475010
2010/10/28,0,2798588,-1004000,1794588
2010/10/29,0,379000,-121000,258000
2010/11/01,0,4167000,-280000,3887000
2010/11/02,0,2817000,-390000,2427000
2010/11/03,0,3360000,-254000,3106000
2010/11/04,0,1618000,-111000,1507000
2010/11/05,0,2057000,-303954,1753046
2010/11/08,0,485000,-165000,320000
2010/11/09,0,311000,-290000,21000
2010/11/10,0,582000,-630750,-48750
2010/11/11,0,1575000,-559485,1015515
2010/11/12,0,239000,-676000,-437000
2010/11/15,0,264000,-340000,-76000
2010/11/16,0,671000,-684000,-13000
2010/11/17,0,564000,-1163000,-599000
2010/11/18,0,264000,-136990,127010
2010/11/19,0,425990,-891000,-465010
2010/11/22,0,584300,-39000,545300
2010/11/23,0,335060,-370000,-34940
2010/11/24,0,639000,-299000,340000
2010/11/25,0,428000,-201030,226970
2010/11/26,0,160000,-108300,51700
2010/11/29,0,834000,-652855,181145
2010/11/30,0,1736998,-1305843,431155
2010/12/01,0,676000,-888000,-212000
2010/12/02,0,1340000,-445956,894044
2010/12/03,0,941000,-235000,706000
2010/12/06,0,424000,-1915590,-1491590
2010/12/07,0,2456460,-491000,1965460
2010/12/08,0,1088000,-885000,203000
2010/12/09,0,2330000,-362000,1968000
2010/12/10,0,163000,-150000,13000
2010/12/13,0,248000,-169000,79000
2010/12/14,0,340000,-364000,-24000
2010/12/15,0,1547000,-1844000,-297000
2010/12/16,0,1132000,-1439000,-307000
2010/12/17,0,611000,-834130,-223130
2010/12/20,0,435560,-757000,-321440
2010/12/21,0,560000,-247250,312750
2010/12/22,0,508000,-394540,113460
2010/12/23,0,571000,-645960,-74960
2010/12/24,0,396000,-285000,111000
2010/12/27,0,1818000,-199000,1619000
2010/12/28,0,635000,-379000,256000
2010/12/29,0,923480,-257000,666480
2010/12/30,0,2362000,-756000,1606000
2010/12/31,0,1697000,-197140,1499860
2011/01/03,0,3758000,-350000,3408000
2011/01/04,0,503000,-599000,-96000
2011/01/05,0,836379,-839710,-3331
2011/01/06,0,1432000,-473000,959000
2011/01/07,0,1564000,-1566000,-2000
2011/01/10,0,712000,-792000,-80000
2011/01/11,0,814000,-369000,445000
2011/01/12,0,408000,-179000,229000
2011/01/13,0,742959,-429410,313549
2011/01/14,0,701000,-162000,539000
2011/01/17,0,569584,-352000,217584
2011/01/18,0,1128000,-367660,760340
2011/01/19,0,2973000,-1194000,1779000
2011/01/20,0,282000,-169000,113000
2011/01/21,0,576000,-560000,16000
2011/01/24,0,259000,-125000,134000
2011/01/25,0,429000,-121000,308000
2011/01/26,0,826000,-406651,419349
2011/01/27,0,292000,-535490,-243490
2011/01/28,0,1207650,-885430,322220
2011/01/31,0,0,0,0
2011/02/01,0,0,0,0
2011/02/02,0,0,0,0
2011/02/03,0,0,0,0
2011/02/04,0,0,0,0
2011/02/07,0,0,0,0
2011/02/08,0,2296000,-1124000,1172000
2011/02/09,0,1034000,-927080,106920
2011/02/10,0,1323000,-1570918,-247918
2011/02/11,0,1685000,-2594000,-909000
2011/02/14,0,1349000,-3298250,-1949250
2011/02/15,0,1271000,-2801849,-1530849
2011/02/16,0,94000,-2460000,-2366000
2011/02/17,0,430000,-4294090,-3864090
2011/02/18,0,862000,-335000,527000
2011/02/21,0,169836,-985234,-815398
2011/02/22,0,352000,-5013000,-4661000
2011/02/23,0,347456,-769210,-421754
2011/02/24,0,759597,-2449000,-1689403
2011/02/25,0,1139000,-2266928,-1127928
2011/02/28,0,0,0,0
2011/03/01,0,445000,-1650000,-1205000
2011/03/02,0,361597,-3173530,-2811933
2011/03/03,0,1298000,-385500,912500
2011/03/04,0,1280000,-87000,1193000
2011/03/07,0,125000,-587000,-462000
2011/03/08,0,1195000,-139000,1056000
2011/03/09,0,546000,-263752,282248
2011/03/10,0,825000,-1379990,-554990
2011/03/11,0,462000,-1261180,-799180
2011/03/14,0,5477000,-2243000,3234000
2011/03/15,0,4835000,-2548000,2287000
2011/03/16,0,1514000,-915460,598540
2011/03/17,0,1071000,-807340,263660
2011/03/18,0,1108000,-3053384,-1945384
2011/03/21,0,1644000,-1681000,-37000
2011/03/22,0,1589584,-1195000,394584
2011/03/23,0,1367000,-1472000,-105000
2011/03/24,0,903000,-177000,726000
2011/03/25,0,900000,-67000,833000
2011/03/28,0,701000,-79000,622000
2011/03/29,0,2044250,-537150,1507100
2011/03/30,0,3526000,-573000,2953000
2011/03/31,0,1233864,-1382319,-148455
2011/04/01,0,792689,-507000,285689
2011/04/04,0,0,0,0
2011/04/05,0,0,0,0
2011/04/06,0,3640508,-395740,3244768
2011/04/07,0,1142890,-1118890,24000
2011/04/08,0,4100121,-266000,3834121
2011/04/11,0,662661,-211000,451661
2011/04/12,0,1501124,-635000,866124
2011/04/13,0,732000,-405736,326264
2011/04/14,0,1166000,-540000,626000
2011/04/15,0,349000,-932600,-583600
2011/04/18,0,624000,-924928,-300928
2011/04/19,0,652000,-520370,131630
2011/04/20,0,1794000,-83149,1710851
2011/04/21,0,4623649,-348000,4275649
2011/04/22,0,2303000,-152000,2151000
2011/04/25,0,1496000,-292000,1204000
2011/04/26,0,935000,-310841,624159
2011/04/27,0,2283000,-248000,2035000
2011/04/28,0,350976,-413000,-62024
2011/04/29,0,2314358,-582000,1732358
2011/05/02,0,0,0,0
2011/05/03,0,1797000,-194000,1603000
2011/05/04,0,706000,-1157000,-451000
2011/05/05,0,603000,-911000,-308000
2011/05/06,0,403095,-1428000,-1024905
2011/05/09,0,1529000,-962550,566450
2011/05/10,0,1089000,-1205000,-116000
2011/05/11,0,1517000,-391132,1125868
2011/05/12,0,909000,-948000,-39000
2011/05/13,0,776000,-1668000,-892000
2011/05/16,0,874000,-1045000,-171000
2011/05/17,0,1818200,-1444000,374200
2011/05/18,0,2181000,-1109450,1071550
2011/05/19,0,1339944,-845160,494784
2011/05/20,0,403000,-290000,113000
2011/05/23,0,601000,-1641000,-1040000
2011/05/24,0,1003000,-1086544,-83544
2011/05/25,0,685000,-1987000,-1302000
2011/05/26,0,557803,-664652,-106849
2011/05/27,0,488000,-1402000,-914000
2011/05/30,0,1002000,-2525000,-1523000
2011/05/31,0,2744875,-1738326,1006549
2011/06/01,0,3044338,-1052649,1991689
2011/06/02,0,2705000,-2178000,527000
2011/06/03,0,1841000,-245000,1596000
2011/06/06,0,0,0,0
2011/06/07,0,569000,-165000,404000
2011/06/08,0,627000,-388000,239000
2011/06/09,0,1597000,-862568,734432
2011/06/10,0,866596,-3524500,-2657904
2011/06/13,0,338000,-1934084,-1596084
2011/06/14,0,879000,-505000,374000
2011/06/15,0,11547000,-6311507,5235493
2011/06/16,0,1485560,-3246000,-1760440
2011/06/17,0,6200000,-3469404,2730596
2011/06/20,0,2002000,-833391,1168609
2011/06/21,0,4047000,-340907,3706093
2011/06/22,0,957875,-1987875,-1030000
2011/06/23,0,1412073,-444041,968032
2011/06/24,0,2223000,-1015981,1207019
2011/06/27,0,1585000,-1505111,79889
2011/06/28,0,901000,-493608,407392
2011/06/29,0,2160000,-754875,1405125
2011/06/30,0,2351000,-1914000,437000
2011/07/01,0,1188584,-1371000,-182416
2011/07/04,0,385194,-975987,-590793
2011/07/05,0,1920228,-2501000,-580772
2011/07/06,0,1894231,-2520960,-626729
2011/07/07,0,671234,-1005000,-333766
2011/07/08,0,1402830,-1321000,81830
2011/07/11,0,849742,-653030,196712
2011/07/12,0,758797,-1646000,-887203
2011/07/13,0,772176,-1295000,-522824
2011/07/14,0,1875327,-1768481,106846
2011/07/15,0,1321777,-610480,711297
2011/07/18,0,653626,-712451,-58825
2011/07/19,0,237000,-731700,-494700
2011/07/20,0,1882793,-569881,1312912
2011/07/21,0,1608547,-452631,1155916
2011/07/22,0,2161007,-252968,1908039
2011/07/25,0,1061641,-657277,404364
2011/07/26,0,1282473,-572000,710473
2011/07/27,0,1143783,-1054000,89783
2011/07/28,0,1524739,-257006,1267733
2011/07/29,0,2150214,-791730,1358484
2011/08/01,0,3583297,-88000,3495297
2011/08/02,0,1179518,-3240000,-2060482
2011/08/03,0,2432910,-3769393,-1336483
2011/08/04,0,2557017,-604000,1953017
2011/08/05,0,1715779,-2589000,-873221
2011/08/08,0,1331156,-4782157,-3451001
2011/08/09,0,2545598,-5245370,-2699772
2011/08/10,0,2331000,-9567409,-7236409
2011/08/11,0,1881000,-4237000,-2356000
2011/08/12,0,396000,-4871301,-4475301
2011/08/15,0,645589,-1416000,-770411
2011/08/16,0,1025000,-3967000,-2942000
2011/08/17,0,1974123,-1905325,68798
2011/08/18,0,1131377,-5352421,-4221044
2011/08/19,0,925191,-1768117,-842926
2011/08/22,0,1994872,-1347000,647872
2011/08/23,0,3951000,-3077016,873984
2011/08/24,0,909120,-2950000,-2040880
2011/08/25,0,750006,-935924,-185918
2011/08/26,0,1034433,-435000,599433
2011/08/29,0,2509000,-584381,1924619
2011/08/30,0,206074,-1762000,-1555926
2011/08/31,0,801350,-1786000,-984650
2011/09/01,0,1418873,-2458965,-1040092
2011/09/02,0,1383081,-2068000,-684919
2011/09/05,0,702000,-5796694,-5094694
2011/09/06,0,949561,-2093854,-1144293
2011/09/07,0,743285,-205000,538285
2011/09/08,0,1836518,-1631000,205518
2011/09/09,0,1513000,-665822,847178
2011/09/12,0,0,0,0
2011/09/13,0,907897,-1535000,-627103
2011/09/14,0,1397940,-2649689,-1251749
2011/09/15,0,1213000,-733570,479430
2011/09/16,0,3619000,-1498950,2120050
2011/09/19,0,350898,-436000,-85102
2011/09/20,0,996774,-1232000,-235226
2011/09/21,0,985454,-1019000,-33546
2011/09/22,0,1666010,-4303538,-2637528
2011/09/23,0,805974,-2095114,-1289140
2011/09/26,0,585250,-167510,417740
2011/09/27,0,2540528,-405000,2135528
2011/09/28,0,1128380,-1339000,-210620
2011/09/29,0,1382910,-439000,943910
2011/09/30,0,1699000,-2486000,-787000
2011/10/03,0,212992,-2109000,-1896008
2011/10/04,0,983000,-1168000,-185000
2011/10/05,0,824000,-631000,193000
2011/10/06,0,2010000,-599200,1410800
2011/10/07,0,1049000,-455000,594000
2011/10/10,0,0,0,0
2011/10/11,0,2222000,-335000,1887000
2011/10/12,0,1274000,-320000,954000
2011/10/13,0,960140,-660000,300140
2011/10/14,0,374633,-221000,153633
2011/10/17,0,1453470,-1070637,382833
2011/10/18,0,949159,-770475,178684
2011/10/19,0,801707,-426000,375707
2011/10/20,0,692187,-1209000,-516813
2011/10/21,0,963736,-1989000,-1025264
2011/10/24,0,4150593,-604000,3546593
2011/10/25,0,1556454,-539000,1017454
2011/10/26,0,924000,-225000,699000
2011/10/27,0,454435,-448000,6435
2011/10/28,0,3068000,-345000,2723000
2011/10/31,0,1839000,-656000,1183000
2011/11/01,0,2955000,-1166900,1788100
2011/11/02,0,1004000,-740000,264000
2011/11/03,0,1054000,-1452000,-398000
2011/11/04,0,3008000,-1051000,1957000
2011/11/07,0,1168000,-374200,793800
2011/11/08,0,721018,-302000,419018
2011/11/09,0,650203,-446000,204203
2011/11/10,0,504143,-1064848,-560705
2011/11/11,0,793000,-811000,-18000
2011/11/14,0,1684000,-224000,1460000
2011/11/15,0,2403000,-231000,2172000
2011/11/16,0,714000,-895000,-181000
2011/11/17,0,445571,-824270,-378699
2011/11/18,0,921000,-1052000,-131000
2011/11/21,0,1132000,-1499000,-367000
2011/11/22,0,1556000,-1300000,256000
2011/11/23,0,768000,-1490000,-722000
2011/11/24,0,2300000,-1419000,881000
2011/11/25,0,1560000,-2199000,-639000
2011/11/28,0,715628,-956000,-240372
2011/11/29,0,1204000,-779000,425000
2011/11/30,0,2677200,-2569425,107775
2011/12/01,0,3201000,-1892493,1308507
2011/12/02,0,1807000,-515514,1291486
2011/12/05,0,782514,-735000,47514
2011/12/06,0,1066000,-901000,165000
2011/12/07,0,2969000,-2198636,770364
2011/12/08,0,1216000,-1218000,-2000
2011/12/09,0,1258686,-1533000,-274314
2011/12/12,0,1171000,-143000,1028000
2011/12/13,0,949086,-939000,10086
2011/12/14,0,1218000,-1079785,138215
2011/12/15,0,919000,-1845000,-926000
2011/12/16,0,759000,-992993,-233993
2011/12/19,0,540000,-913000,-373000
2011/12/20,0,1115000,-513300,601700
2011/12/21,0,1154000,-1126700,27300
2011/12/22,0,731000,-506000,225000
2011/12/23,0,1366000,-218000,1148000
2011/12/26,0,243000,-170000,73000
2011/12/27,0,761000,-653000,108000
2011/12/28,0,932000,-1122000,-190000
2011/12/29,0,1680000,-198000,1482000
2011/12/30,0,1089902,-1331000,-241098
2012/01/02,0,375200,-608000,-232800
2012/01/03,0,815000,-1664000,-849000
2012/01/04,0,923000,-6374000,-5451000
2012/01/05,0,440000,-2421050,-1981050
2012/01/06,0,1910357,-3742000,-1831643
2012/01/09,0,1029000,-1702000,-673000
2012/01/10,0,2414000,-841000,1573000
2012/01/11,0,771000,-719000,52000
2012/01/12,0,672000,-1357000,-685000
2012/01/13,0,2269000,-2178240,90760
2012/01/16,0,202000,-2920000,-2718000
2012/01/17,0,1119000,-1061000,58000
2012/01/18,0,1985000,-2027000,-42000
2012/01/19,0,0,0,0
2012/01/20,0,0,0,0
2012/01/23,0,0,0,0
2012/01/24,0,0,0,0
2012/01/25,0,0,0,0
2012/01/26,0,0,0,0
2012/01/27,0,0,0,0
2012/01/30,0,3674579,-3718200,-43621
2012/01/31,0,2072825,-1596800,476025
2012/02/01,0,241000,-2650000,-2409000
2012/02/02,0,1276000,-2740000,-1464000
2012/02/03,0,1247000,-1815000,-568000
2012/02/06,0,1654000,-1669000,-15000
2012/02/07,0,2030000,-1491000,539000
2012/02/08,0,1126000,-267000,859000
2012/02/09,0,1038000,-572179,465821
2012/02/10,0,738000,-519000,219000
2012/02/13,0,909000,-143000,766000
2012/02/14,0,596679,-971637,-374958
2012/02/15,0,2689000,-867000,1822000
2012/02/16,0,1330000,-226000,1104000
2012/02/17,0,2899000,-777000,2122000
2012/02/20,0,636000,-1198000,-562000
2012/02/21,0,523110,-811000,-287890
2012/02/22,0,1318000,-526000,792000
2012/02/23,0,260000,-405000,-145000
2012/02/24,0,955000,-420000,535000
2012/02/27,0,0,0,0
2012/02/28,0,0,0,0
2012/02/29,0,4602229,-576000,4026229
2012/03/01,0,898700,-421338,477362
2012/03/02,0,1116688,-674000,442688
2012/03/05,0,1217000,-1472000,-255000
2012/03/06,0,1532000,-1191000,341000
2012/03/07,0,748000,-947000,-199000
2012/03/08,0,1857000,-938000,919000
2012/03/09,0,892000,-744000,148000
2012/03/12,0,337000,-397000,-60000
2012/03/13,0,1995000,-322000,1673000
2012/03/14,0,2890475,-118972,2771503
2012/03/15,0,992000,-446000,546000
2012/03/16,0,462000,-736000,-274000
2012/03/19,0,199000,-780000,-581000
2012/03/20,0,313000,-489000,-176000
2012/03/21,0,1558670,-926670,632000
2012/03/22,0,778000,-195000,583000
2012/03/23,0,1506000,-54000,1452000
2012/03/26,0,1714428,-1840000,-125572
2012/03/27,0,1444000,-516800,927200
2012/03/28,0,507000,-351547,155453
2012/03/29,0,1151000,-643000,508000
2012/03/30,0,1868315,-2121000,-252685
2012/04/02,0,1011500,-1669000,-657500
2012/04/03,0,2172663,-258000,1914663
2012/04/04,0,0,0,0
2012/04/05,0,1677000,-1066000,611000
2012/04/06,0,372366,-3761000,-3388634
2012/04/09,0,807000,-2199000,-1392000
2012/04/10,0,1523000,-700000,823000
2012/04/11,0,257000,-1128780,-871780
2012/04/12,0,494000,-2386000,-1892000
2012/04/13,0,251320,-1448000,-1196680
2012/04/16,0,357000,-1961000,-1604000
2012/04/17,0,814000,-1293000,-479000
2012/04/18,0,343000,-390000,-47000
2012/04/19,0,266000,-146000,120000
2012/04/20,0,245000,-374803,-129803
2012/04/23,0,1402224,-611000,791224
2012/04/24,0,1282000,-714000,568000
2012/04/25,0,556000,-762000,-206000
2012/04/26,0,606000,-399000,207000
2012/04/27,0,1988993,-879000,1109993
2012/04/30,0,1356000,-458000,898000
2012/05/01,0,0,0,0
2012/05/02,0,1835100,-1203000,632100
2012/05/03,0,895600,-952000,-56400
2012/05/04,0,1496000,-1259833,236167
2012/05/07,0,726000,-2053000,-1327000
2012/05/08,0,900600,-1341000,-440400
2012/05/09,0,962000,-2257000,-1295000
2012/05/10,0,842619,-256336,586283
2012/05/11,0,557379,-1175630,-618251
2012/05/14,0,198000,-692000,-494000
2012/05/15,0,1077000,-955300,121700
2012/05/16,0,662571,-2698000,-2035429
2012/05/17,0,861000,-1281000,-420000
2012/05/18,0,890000,-2355000,-1465000
2012/05/21,0,363000,-866556,-503556
2012/05/22,0,528000,-1214000,-686000
2012/05/23,0,351571,-1843000,-1491429
2012/05/24,0,622000,-961000,-339000
2012/05/25,0,823000,-543000,280000
2012/05/28,0,369000,-382000,-13000
2012/05/29,0,1004000,-569000,435000
2012/05/30,0,2504000,-3124790,-620790
2012/05/31,0,1848750,-3051209,-1202459
2012/06/01,0,510000,-915823,-405823
2012/06/04,0,475166,-557000,-81834
2012/06/05,0,319000,-723000,-404000
2012/06/06,0,566000,-637000,-71000
2012/06/07,0,580324,-1392000,-811676
2012/06/08,0,719027,-2737000,-2017973
2012/06/11,0,615482,-275000,340482
2012/06/12,0,1643000,-1999000,-356000
2012/06/13,0,181657,-1010000,-828343
2012/06/14,0,460584,-782798,-322214
2012/06/15,0,1920000,-2119304,-199304
2012/06/18,0,1038293,-958000,80293
2012/06/19,0,1183989,-720000,463989
2012/06/20,0,2156901,-1171000,985901
2012/06/21,0,688480,-594000,94480
2012/06/22,0,293314,-1634000,-1340686
2012/06/25,0,273000,-1733000,-1460000
2012/06/26,0,796000,-1404000,-608000
2012/06/27,0,977000,-1060000,-83000
2012/06/28,0,693000,-1498000,-805000
2012/06/29,0,1897400,-988000,909400
2012/07/02,0,340000,-612000,-272000
2012/07/03,0,1543571,-203000,1340571
2012/07/04,0,1324486,-289000,1035486
2012/07/05,0,343000,-105000,238000
2012/07/06,0,1158000,-285000,873000
2012/07/09,0,1046000,-815000,231000
2012/07/10,0,937974,-530200,407774
2012/07/11,0,954000,-314000,640000
2012/07/12,0,271000,-1108108,-837108
2012/07/13,0,598102,-515930,82172
2012/07/16,0,840000,-227000,613000
2012/07/17,0,742800,-268000,474800
2012/07/18,0,1600000,-894571,705429
2012/07/19,0,978600,-584571,394029
2012/07/20,0,334000,-215143,118857
2012/07/23,0,591300,-855000,-263700
2012/07/24,0,667000,-487571,179429
2012/07/25,0,347000,-1693000,-1346000
2012/07/26,0,571500,-1101158,-529658
2012/07/27,0,504000,-134000,370000
2012/07/30,0,671877,-296000,375877
2012/07/31,0,1837198,-775868,1061330
2012/08/01,0,1166000,-624000,542000
2012/08/02,0,0,0,0
2012/08/03,0,2298889,-950571,1348318
2012/08/06,0,1388000,-784000,604000
2012/08/07,0,1308000,-443000,865000
2012/08/08,0,1738977,-429871,1309106
2012/08/09,0,3319000,-1202000,2117000
2012/08/10,0,1922000,-174000,1748000
2012/08/13,0,1333000,-85000,1248000
2012/08/14,0,3529000,-353000,3176000
2012/08/15,0,2983000,-726000,2257000
2012/08/16,0,894000,-678000,216000
2012/08/17,0,1733000,-1100000,633000
2012/08/20,0,491000,-185000,306000
2012/08/21,0,1974095,-105661,1868434
2012/08/22,0,791574,-972000,-180426
2012/08/23,0,712295,-607000,105295
2012/08/24,0,765000,-238568,526432
2012/08/27,0,908000,-169000,739000
2012/08/28,0,618335,-372541,245794
2012/08/29,0,612000,-459000,153000
2012/08/30,0,1386000,-1962000,-576000
2012/08/31,0,629156,-524000,105156
2012/09/03,0,1042000,-644300,397700
2012/09/04,0,746000,-267750,478250
2012/09/05,0,1185000,-1154000,31000
2012/09/06,0,703000,-2179000,-1476000
2012/09/07,0,526000,-858011,-332011
2012/09/10,0,554000,-540000,14000
2012/09/11,0,256000,-192000,64000
2012/09/12,0,837000,-123000,714000
2012/09/13,0,1397000,-306000,1091000
2012/09/14,0,2260151,-330000,1930151
2012/09/17,0,756000,-569000,187000
2012/09/18,0,1137000,-279000,858000
2012/09/19,0,1629000,-683060,945940
2012/09/20,0,1076000,-480000,596000
2012/09/21,0,1619000,-1094000,525000
2012/09/24,0,942000,-648000,294000
2012/09/25,0,2453000,-944000,1509000
2012/09/26,0,596000,-164000,432000
2012/09/27,0,1484000,-875892,608108
2012/09/28,0,1182800,-942851,239949
2012/10/01,0,463000,-408000,55000
2012/10/02,0,929000,-969000,-40000
2012/10/03,0,501000,-673000,-172000
2012/10/04,0,1288000,-866000,422000
2012/10/05,0,606000,-327510,278490
2012/10/08,0,926100,-241000,685100
2012/10/09,0,2840000,-571000,2269000
2012/10/10,0,0,0,0
2012/10/11,0,473390,-1027000,-553610
2012/10/12,0,262367,-554000,-291633
2012/10/15,0,350000,-240000,110000
2012/10/16,0,825541,-892000,-66459
2012/10/17,0,1158000,-1451000,-293000
2012/10/18,0,310000,-295000,15000
2012/10/19,0,401000,-444000,-43000
2012/10/22,0,478000,-700558,-222558
2012/10/23,0,321300,-598990,-277690
2012/10/24,0,488000,-632900,-144900
2012/10/25,0,281000,-465000,-184000
2012/10/26,0,1487000,-814000,673000
2012/10/29,0,533100,-554000,-20900
2012/10/30,0,1061044,-963000,98044
2012/10/31,0,537000,-1023000,-486000
2012/11/01,0,244000,-827000,-583000
2012/11/02,0,596000,-475000,121000
2012/11/05,0,662000,-384000,278000
2012/11/06,0,472000,-462000,10000
2012/11/07,0,508000,-568000,-60000
2012/11/08,0,583000,-1471700,-888700
2012/11/09,0,482000,-941000,-459000
2012/11/12,0,357000,-484000,-127000
2012/11/13,0,413000,-2157000,-1744000
2012/11/14,0,514000,-997000,-483000
2012/11/15,0,372000,-1028000,-656000
2012/11/16,0,336000,-1807000,-1471000
2012/11/19,0,289000,-552000,-263000
2012/11/20,0,387000,-748000,-361000
2012/11/21,0,747000,-2826000,-2079000
2012/11/22,0,772000,-865000,-93000
2012/11/23,0,2320000,-893000,1427000
2012/11/26,0,1256000,-470000,786000
2012/11/27,0,1205000,-327000,878000
2012/11/28,0,994800,-601154,393646
2012/11/29,0,3320000,-1375000,1945000
2012/11/30,0,3297000,-1582341,1714659
2012/12/03,0,2107000,-369630,1737370
2012/12/04,0,705000,-420000,285000
2012/12/05,0,1374000,-528000,846000
2012/12/06,0,1699000,-613000,1086000
2012/12/07,0,1209000,-750000,459000
2012/12/10,0,1270000,-829000,441000
2012/12/11,0,1392479,-670000,722479
2012/12/12,0,2003000,-240000,1763000
2012/12/13,0,1530166,-585000,945166
2012/12/14,0,2315595,-421000,1894595
2012/12/17,0,795000,-483000,312000
2012/12/18,0,1185000,-1069000,116000
2012/12/19,0,1756000,-174000,1582000
2012/12/20,0,678000,-991000,-313000
2012/12/21,0,846000,-878301,-32301
2012/12/24,0,242000,-513000,-271000
2012/12/25,0,1508000,-1312000,196000
2012/12/26,0,1673000,-911000,762000
2012/12/27,0,1090819,-1122000,-31181
2012/12/28,0,2872000,-710000,2162000
2012/12/31,0,0,0,0
2013/01/01,0,0,0,0
2013/01/02,0,2021000,-493900,1527100
2013/01/03,0,1123000,-460000,663000
2013/01/04,0,1967000,-1475000,492000
2013/01/07,0,1723000,-2118100,-395100
2013/01/08,0,1295000,-2003000,-708000
2013/01/09,0,1242000,-682000,560000
2013/01/10,0,2357000,-1726000,631000
2013/01/11,0,1689000,-900600,788400
2013/01/14,0,604000,-836100,-232100
2013/01/15,0,653000,-801000,-148000
2013/01/16,0,619000,-2723000,-2104000
2013/01/17,0,615200,-720000,-104800
2013/01/18,0,1024000,-260000,764000
2013/01/21,0,344000,-563000,-219000
2013/01/22,0,380000,-423674,-43674
2013/01/23,0,825000,-675505,149495
2013/01/24,0,711000,-1621000,-910000
2013/01/25,0,1052000,-2519000,-1467000
2013/01/28,0,627000,-515000,112000
2013/01/29,0,779300,-621000,158300
2013/01/30,0,1899000,-1743440,155560
2013/01/31,0,1964000,-1464501,499499
2013/02/01,0,777000,-637000,140000
2013/02/04,0,641143,-622000,19143
2013/02/05,0,8296000,-7884000,412000
2013/02/06,0,9053800,-9086000,-32200
2013/02/07,0,0,0,0
2013/02/08,0,0,0,0
2013/02/11,0,0,0,0
2013/02/12,0,0,0,0
2013/02/13,0,0,0,0
2013/02/14,0,0,0,0
2013/02/15,0,0,0,0
2013/02/18,0,11563058,-11198000,365058
2013/02/19,0,665591,-964000,-298409
2013/02/20,0,6887017,-6998000,-110983
2013/02/21,0,17866000,-18078000,-212000
2013/02/22,0,1151000,-546000,605000
2013/02/25,0,629000,-2038153,-1409153
2013/02/26,0,8940000,-9383635,-443635
2013/02/27,0,1234000,-1174338,59662
2013/02/28,0,0,0,0
2013/03/01,0,1331000,-1526000,-195000
2013/03/04,0,1570000,-3597000,-2027000
2013/03/05,0,2933200,-3310000,-376800
2013/03/06,0,2254000,-2008000,246000
2013/03/07,0,731000,-246344,484656
2013/03/08,0,5636500,-5421000,215500
2013/03/11,0,5793857,-3086000,2707857
2013/03/12,0,391000,-907004,-516004
2013/03/13,0,770000,-1193000,-423000
2013/03/14,0,611000,-1205289,-594289
2013/03/15,0,1393300,-2243000,-849700
2013/03/18,0,214000,-1506800,-1292800
2013/03/19,0,567000,-2657412,-2090412
2013/03/20,0,347000,-2957274,-2610274
2013/03/21,0,183500,-1422000,-1238500
2013/03/22,0,491908,-1707695,-1215787
2013/03/25,0,125000,-226000,-101000
2013/03/26,0,516092,-676000,-159908
2013/03/27,0,313000,-502000,-189000
2013/03/28,0,661202,-1225000,-563798
2013/03/29,0,588000,-1543000,-955000
2013/04/01,0,476885,-411066,65819
2013/04/02,0,914000,-545000,369000
2013/04/03,0,595000,-887000,-292000
2013/04/04,0,0,0,0
2013/04/05,0,0,0,0
2013/04/08,0,564000,-1100000,-536000
2013/04/09,0,277497,-1354750,-1077253
2013/04/10,0,696000,-2342000,-1646000
2013/04/11,0,495408,-552000,-56592
2013/04/12,0,463000,-773000,-310000
2013/04/15,0,407691,-366600,41091
2013/04/16,0,844385,-385000,459385
2013/04/17,0,1703000,-1547000,156000
2013/04/18,0,1069500,-1086500,-17000
2013/04/19,0,2104000,-1725610,378390
2013/04/22,0,262000,-849000,-587000
2013/04/23,0,574000,-498000,76000
2013/04/24,0,766000,-673000,93000
2013/04/25,0,600447,-434000,166447
2013/04/26,0,1563000,-361000,1202000
2013/04/29,0,1017000,-489000,528000
2013/04/30,0,1977000,-707000,1270000
2013/05/01,0,0,0,0
2013/05/02,0,941920,-549808,392112
2013/05/03,0,709000,-753000,-44000
2013/05/06,0,1368000,-431313,936687
2013/05/07,0,728228,-596000,132228
2013/05/08,0,2295029,-361000,1934029
2013/05/09,0,1491513,-1149916,341597
2013/05/10,0,2551000,-501000,2050000
2013/05/13,0,660000,-333640,326360
2013/05/14,0,1640000,-698000,942000
2013/05/15,0,2862000,-1517360,1344640
2013/05/16,0,2237000,-540000,1697000
2013/05/17,0,2218000,-368000,1850000
2013/05/20,0,393000,-494000,-101000
2013/05/21,0,434000,-270105,163895
2013/05/22,0,696000,-650000,46000
2013/05/23,0,1079000,-2260000,-1181000
2013/05/24,0,897348,-1175000,-277652
2013/05/27,0,680322,-867000,-186678
2013/05/28,0,438000,-550000,-112000
2013/05/29,0,866000,-1007000,-141000
2013/05/30,0,982000,-2755000,-1773000
2013/05/31,0,4540000,-4999326,-459326
2013/06/03,0,784000,-1837000,-1053000
2013/06/04,0,932000,-1161000,-229000
2013/06/05,0,914000,-1363723,-449723
2013/06/06,0,900331,-1556600,-656269
2013/06/07,0,1792265,-1599451,192814
2013/06/10,0,425000,-1082000,-657000
2013/06/11,0,549876,-1708000,-1158124
2013/06/12,0,0,0,0
2013/06/13,0,1024000,-1855250,-831250
2013/06/14,0,635000,-1193982,-558982
2013/06/17,0,427000,-1133237,-706237
2013/06/18,0,638000,-1419546,-781546
2013/06/19,0,630000,-1816283,-1186283
2013/06/20,0,432000,-2269539,-1837539
2013/06/21,0,23359000,-26452851,-3093851
2013/06/24,0,2747000,-4331000,-1584000
2013/06/25,0,1715000,-3827534,-2112534
2013/06/26,0,4060667,-3200687,859980
2013/06/27,0,2072333,-1509000,563333
2013/06/28,0,2308000,-2497207,-189207
2013/07/01,0,552000,-1534000,-982000
2013/07/02,0,1682343,-2332079,-649736
2013/07/03,0,878016,-1164823,-286807
2013/07/04,0,1029501,-433000,596501
2013/07/05,0,1688000,-1681000,7000
2013/07/08,0,601000,-1171000,-570000
2013/07/09,0,1954000,-1252000,702000
2013/07/10,0,1013000,-1303973,-290973
2013/07/11,0,2447028,-325000,2122028
2013/07/12,0,2565000,-1219000,1346000
2013/07/15,0,975000,-1088000,-113000
2013/07/16,0,1363000,-818000,545000
2013/07/17,0,1789000,-610000,1179000
2013/07/18,0,1277000,-279000,998000
2013/07/19,0,1328966,-309000,1019966
2013/07/22,0,833726,-232000,601726
2013/07/23,0,1559000,-1233570,325430
2013/07/24,0,430000,-343000,87000
2013/07/25,0,565000,-984000,-419000
2013/07/26,0,573000,-124000,449000
2013/07/29,0,293000,-139000,154000
2013/07/30,0,1488000,-965000,523000
2013/07/31,0,699000,-1185000,-486000
2013/08/01,0,555000,-707375,-152375
2013/08/02,0,605746,-400270,205476
2013/08/05,0,420343,-556000,-135657
2013/08/06,0,239000,-1575000,-1336000
2013/08/07,0,2079000,-1591000,488000
2013/08/08,0,411182,-2059398,-1648216
2013/08/09,0,725000,-2436706,-1711706
2013/08/12,0,725000,-343605,381395
2013/08/13,0,406000,-585000,-179000
2013/08/14,0,651886,-1102000,-450114
2013/08/15,0,698000,-1233871,-535871
2013/08/16,0,504512,-511000,-6488
2013/08/19,0,439000,-768000,-329000
2013/08/20,0,560092,-818092,-258000
2013/08/21,0,0,0,0
2013/08/22,0,394092,-2100000,-1705908
2013/08/23,0,195000,-767000,-572000
2013/08/26,0,242000,-579000,-337000
2013/08/27,0,197000,-684000,-487000
2013/08/28,0,103000,-466163,-363163
2013/08/29,0,683686,-502000,181686
2013/08/30,0,780000,-547745,232255
2013/09/02,0,378000,-351000,27000
2013/09/03,0,549000,-314000,235000
2013/09/04,0,785000,-191000,594000
2013/09/05,0,1310515,-461000,849515
2013/09/06,0,640000,-581000,59000
2013/09/09,0,1751000,-373000,1378000
2013/09/10,0,2990000,-729000,2261000
2013/09/11,0,2999000,-1326698,1672302
2013/09/12,0,1866000,-461000,1405000
2013/09/13,0,557000,-352000,205000
2013/09/16,0,1480000,-66000,1414000
2013/09/17,0,1055000,-442000,613000
2013/09/18,0,1290678,-339000,951678
2013/09/19,0,0,0,0
2013/09/20,0,0,0,0
2013/09/23,0,1224000,-811000,413000
2013/09/24,0,811000,-676997,134003
2013/09/25,0,1247000,-570000,677000
2013/09/26,0,734000,-319000,415000
2013/09/27,0,642000,-357690,284310
2013/09/30,0,560000,-1290962,-730962
2013/10/01,0,610000,-931841,-321841
2013/10/02,0,457552,-794725,-337173
2013/10/03,0,1575457,-385989,1189468
2013/10/04,0,1702000,-230220,1471780
2013/10/07,0,592400,-568000,24400
2013/10/08,0,1537000,-383000,1154000
2013/10/09,0,824000,-679318,144682
2013/10/10,0,0,0,0
2013/10/11,0,1094000,-678000,416000
2013/10/14,0,1354000,-223564,1130436
2013/10/15,0,1880000,-673000,1207000
2013/10/16,0,522000,-376000,146000
2013/10/17,0,572000,-251000,321000
2013/10/18,0,523000,-206870,316130
2013/10/21,0,214000,-40000,174000
2013/10/22,0,476000,-75266,400734
2013/10/23,0,582186,-554690,27496
2013/10/24,0,266000,-204000,62000
2013/10/25,0,483000,-1411000,-928000
2013/10/28,0,533000,-352000,181000
2013/10/29,0,1096000,-686000,410000
2013/10/30,0,614000,-177000,437000
2013/10/31,0,1212000,-1456000,-244000
2013/11/01,0,231000,-139000,92000
2013/11/04,0,245000,-973079,-728079
2013/11/05,0,420000,-1114464,-694464
2013/11/06,0,378000,-505346,-127346
2013/11/07,0,426000,-912000,-486000
2013/11/08,0,623000,-618000,5000
2013/11/11,0,481000,-872000,-391000
2013/11/12,0,2013000,-956000,1057000
2013/11/13,0,457488,-1684000,-1226512
2013/11/14,0,734000,-1191000,-457000
2013/11/15,0,353000,-475000,-122000
2013/11/18,0,221000,-282000,-61000
2013/11/19,0,1311000,-911000,400000
2013/11/20,0,226000,-322000,-96000
2013/11/21,0,236000,-1525720,-1289720
2013/11/22,0,326000,-566000,-240000
2013/11/25,0,466590,-228000,238590
2013/11/26,0,1132089,-1169353,-37264
2013/11/27,0,555400,-226000,329400
2013/11/28,0,1983000,-225960,1757040
2013/11/29,0,1315000,-640000,675000
2013/12/02,0,379400,-433000,-53600
2013/12/03,0,362213,-373653,-11440
2013/12/04,0,1205000,-663000,542000
2013/12/05,0,371000,-516000,-145000
2013/12/06,0,228000,-397187,-169187
2013/12/09,0,1452000,-193207,1258793
2013/12/10,0,632000,-308000,324000
2013/12/11,0,982000,-387625,594375
2013/12/12,0,201000,-764312,-563312
2013/12/13,0,557000,-289187,267813
2013/12/16,0,445000,-648506,-203506
2013/12/17,0,420836,-720000,-299164
2013/12/18,0,634000,-195000,439000
2013/12/19,0,716000,-304000,412000
2013/12/20,0,638000,-931718,-293718
2013/12/23,0,323000,-726000,-403000
2013/12/24,0,269000,-525000,-256000
2013/12/25,0,340000,-316000,24000
2013/12/26,0,83000,-44000,39000
2013/12/27,0,1266000,-157000,1109000
2013/12/30,0,1175987,-111000,1064987
2013/12/31,0,349000,-123000,226000
2014/01/02,0,165000,-304000,-139000
2014/01/03,0,289000,-760000,-471000
2014/01/06,0,718464,-467000,251464
2014/01/07,0,1267000,-709000,558000
2014/01/08,0,250000,-636000,-386000
2014/01/09,0,725000,-924000,-199000
2014/01/10,0,1141000,-2061942,-920942
2014/01/13,0,1546856,-626000,920856
2014/01/14,0,1139000,-909000,230000
2014/01/15,0,659264,-1599000,-939736
2014/01/16,0,593000,-600301,-7301
2014/01/17,0,73250400,-6584000,66666400
2014/01/20,0,3523000,-11985051,-8462051
2014/01/21,0,2630000,-6139356,-3509356
2014/01/22,0,3893000,-5152000,-1259000
2014/01/23,0,2798000,-5732000,-2934000
2014/01/24,0,1454000,-4036000,-2582000
2014/01/27,0,4555000,-5820601,-1265601
2014/02/05,0,10269000,-12330734,-2061734
2014/02/06,0,1678000,-5404000,-3726000
2014/02/07,0,10266000,-10828223,-562223
2014/02/10,0,1770000,-2245022,-475022
2014/02/11,0,1062048,-997231,64817
2014/02/12,0,2829000,-3726139,-897139
2014/02/13,0,630898,-966000,-335102
2014/02/14,0,1509000,-2030250,-521250
2014/02/17,0,488000,-988000,-500000
2014/02/18,0,554000,-845890,-291890
2014/02/19,0,1358000,-1186000,172000
2014/02/20,0,713000,-1306539,-593539
2014/02/21,0,839000,-1375000,-536000
2014/02/24,0,380000,-1218000,-838000
2014/02/25,0,421000,-894000,-473000
2014/02/26,0,1082000,-717000,365000
2014/02/27,0,899000,-1053280,-154280
2014/03/03,0,768000,-1298100,-530100
2014/03/04,0,414000,-489000,-75000
2014/03/05,0,116000,-211944,-95944
2014/03/06,0,423000,-243000,180000
2014/03/07,0,622000,-309000,313000
2014/03/10,0,1004000,-1785343,-781343
2014/03/11,0,1079000,-385000,694000
2014/03/12,0,309000,-605714,-296714
2014/03/13,0,975000,-400289,574711
2014/03/14,0,663000,-504352,158648
2014/03/17,0,360000,-196000,164000
2014/03/18,0,1137000,-462000,675000
2014/03/19,0,56000,-258000,-202000
2014/03/20,0,625000,-1815000,-1190000
2014/03/21,0,1023000,-2460690,-1437690
2014/03/24,0,1774000,-535000,1239000
2014/03/25,0,1227000,-1298000,-71000
2014/03/26,0,680000,-769000,-89000
2014/03/27,0,2310000,-964000,1346000
2014/03/28,0,1240000,-991000,249000
2014/03/31,0,1267400,-952000,315400
2014/04/01,0,1029000,-707363,321637
2014/04/02,0,484000,-114000,370000
2014/04/03,0,909000,-442000,467000
2014/04/07,0,1020000,-1403000,-383000
2014/04/08,0,741343,-589000,152343
2014/04/09,0,886000,-611000,275000
2014/04/10,0,878000,-514036,363964
2014/04/11,0,639000,-453000,186000
2014/04/14,0,1027100,-637000,390100
2014/04/15,0,1235000,-400000,835000
2014/04/16,0,3016000,-1474000,1542000
2014/04/17,0,475000,-954000,-479000
2014/04/18,0,173000,-118000,55000
2014/04/21,0,174000,-192000,-18000
2014/04/22,0,665000,-436000,229000
2014/04/23,0,551186,-509000,42186
2014/04/24,0,638000,-268000,370000
2014/04/25,0,579000,-685000,-106000
2014/04/28,0,1041000,-1104000,-63000
2014/04/29,0,333000,-756000,-423000
2014/04/30,0,3481892,-2694000,787892
2014/05/02,0,451000,-236000,215000
2014/05/05,0,143000,-593000,-450000
2014/05/06,0,163000,-729000,-566000
2014/05/07,0,329000,-938000,-609000
2014/05/08,0,418000,-364000,54000
2014/05/09,0,842000,-306000,536000
2014/05/12,0,250343,-391725,-141382
2014/05/13,0,1090000,-621000,469000
2014/05/14,0,1492000,-1698000,-206000
2014/05/15,0,374000,-1313000,-939000
2014/05/16,0,567000,-1740400,-1173400
2014/05/19,0,571000,-1215332,-644332
2014/05/20,0,652000,-1473265,-821265
2014/05/21,0,1220000,-1513000,-293000
2014/05/22,0,799000,-795000,4000
2014/05/23,0,1069000,-1085070,-16070
2014/05/26,0,451000,-689000,-238000
2014/05/27,0,548000,-810000,-262000
2014/05/28,0,2615000,-3195343,-580343
2014/05/29,0,1248000,-1702090,-454090
2014/05/30,0,1750000,-1867570,-117570
2014/06/03,0,978000,-1495000,-517000
2014/06/04,0,397000,-723000,-326000
2014/06/05,0,706000,-454000,252000
2014/06/06,0,637000,-1390000,-753000
2014/06/09,0,781000,-1614000,-833000
2014/06/10,0,798054,-367000,431054
2014/06/11,0,355000,-384000,-29000
2014/06/12,0,596000,-113000,483000
2014/06/13,0,337000,-333000,4000
2014/06/16,0,464000,-1456000,-992000
2014/06/17,0,861000,-1915000,-1054000
2014/06/18,0,6315000,-1781000,4534000
2014/06/19,0,871380,-2198000,-1326620
2014/06/20,0,1354400,-2923000,-1568600
2014/06/23,0,1439000,-1634296,-195296
2014/06/24,0,2271000,-2993763,-722763
2014/06/25,0,1755000,-1529760,225240
2014/06/26,0,2318000,-1382000,936000
2014/06/27,0,2507000,-2111000,396000
2014/06/30,0,1554200,-2253000,-698800
2014/07/01,0,1998640,-861000,1137640
2014/07/02,0,978652,-1804843,-826191
2014/07/03,0,73000,-575000,-502000
2014/07/04,0,800000,-639000,161000
2014/07/07,0,864000,-300000,564000
2014/07/08,0,756000,-189000,567000
2014/07/09,0,336000,-442000,-106000
2014/07/10,0,1842000,-741000,1101000
2014/07/11,0,2285000,-848834,1436166
2014/07/14,0,824000,-543000,281000
2014/07/15,0,585479,-395000,190479
2014/07/16,0,365846,-620000,-254154
2014/07/17,0,1294000,-594270,699730
2014/07/18,0,1091000,-582000,509000
2014/07/21,0,327000,-464000,-137000
2014/07/22,0,2076000,-316000,1760000
2014/07/23,0,0,0,0
2014/07/24,0,863000,-434000,429000
2014/07/25,0,1153000,-379000,774000
2014/07/28,0,2406511,-369000,2037511
2014/07/29,0,3755000,-1043000,2712000
2014/07/30,0,1971000,-972000,999000
2014/07/31,0,2436000,-1788000,648000
2014/08/01,0,1033000,-720000,313000
2014/08/04,0,594000,-1492000,-898000
2014/08/05,0,410000,-2578792,-2168792
2014/08/06,0,1022000,-714336,307664
2014/08/07,0,268000,-1123195,-855195
2014/08/08,0,254000,-1259824,-1005824
2014/08/11,0,53000,-398000,-345000
2014/08/12,0,607000,-1497680,-890680
2014/08/13,0,911935,-646000,265935
2014/08/14,0,1019000,-1942000,-923000
2014/08/15,0,606000,-564000,42000
2014/08/18,0,548000,-509000,39000
2014/08/19,0,533660,-336000,197660
2014/08/20,0,562660,-375000,187660
2014/08/21,0,480000,-725000,-245000
2014/08/22,0,2886684,-539000,2347684
2014/08/25,0,1800000,-411000,1389000
2014/08/26,0,565776,-688000,-122224
2014/08/27,0,3285000,-910000,2375000
2014/08/28,0,1104000,-525787,578213
2014/08/29,0,2013000,-1306000,707000
2014/09/01,0,1313994,-153000,1160994
2014/09/02,0,1364000,-549000,815000
2014/09/03,0,900198,-232000,668198
2014/09/04,0,1138714,-362374,776340
2014/09/05,0,273000,-177000,96000
2014/09/09,0,645000,-120000,525000
2014/09/10,0,190000,-856000,-666000
2014/09/11,0,244000,-920000,-676000
2014/09/12,0,273000,-762000,-489000
2014/09/15,0,175000,-247000,-72000
2014/09/16,0,598000,-872000,-274000
2014/09/17,0,1924215,-3727000,-1802785
2014/09/18,0,223000,-262000,-39000
2014/09/19,0,616000,-991000,-375000
2014/09/22,0,430000,-1232000,-802000
2014/09/23,0,471000,-673000,-202000
2014/09/24,0,2040093,-617000,1423093
2014/09/25,0,291000,-509000,-218000
2014/09/26,0,1167000,-913000,254000
2014/09/29,0,1180000,-1619000,-439000
2014/09/30,0,2315000,-1189300,1125700
2014/10/01,0,739008,-1183000,-443992
2014/10/02,0,196000,-1338000,-1142000
2014/10/03,0,249343,-444000,-194657
2014/10/06,0,246000,-954000,-708000
2014/10/07,0,276000,-1408000,-1132000
2014/10/08,0,954263,-788000,166263
2014/10/09,0,526000,-739000,-213000
2014/10/13,0,1400000,-1020000,380000
2014/10/14,0,733000,-951000,-218000
2014/10/15,0,1581168,-3163550,-1582382
2014/10/16,0,274000,-1127000,-853000
2014/10/17,0,1091267,-5211000,-4119733
2014/10/20,0,414184,-2262000,-1847816
2014/10/21,0,278000,-1985000,-1707000
2014/10/22,0,582343,-1725000,-1142657
2014/10/23,0,209343,-2014000,-1804657
2014/10/24,0,439000,-3530690,-3091690
2014/10/27,0,650000,-675000,-25000
2014/10/28,0,1957000,-856000,1101000
2014/10/29,0,980028,-728420,251608
2014/10/30,0,711855,-735000,-23145
2014/10/31,0,890000,-946000,-56000
2014/11/03,0,725000,-2659000,-1934000
2014/11/04,0,974000,-1685000,-711000
2014/11/05,0,648000,-790006,-142006
2014/11/06,0,858100,-608000,250100
2014/11/07,0,280000,-515000,-235000
2014/11/10,0,1584000,-421900,1162100
2014/11/11,0,1197000,-444000,753000
2014/11/12,0,366838,-1568784,-1201946
2014/11/13,0,673000,-1168000,-495000
2014/11/14,0,698000,-1290000,-592000
2014/11/17,0,224000,-1103000,-879000
2014/11/18,0,854400,-659184,195216
2014/11/19,0,1708323,-1867000,-158677
2014/11/20,0,999000,-193000,806000
2014/11/21,0,215000,-432000,-217000
2014/11/24,0,612000,-303000,309000
2014/11/25,0,1224132,-1787781,-563649
2014/11/26,0,304000,-517000,-213000
2014/11/27,0,516000,-201000,315000
2014/11/28,0,428000,-422000,6000
2014/12/01,0,507620,-1279000,-771380
2014/12/02,0,743000,-2397000,-1654000
2014/12/03,0,714000,-931000,-217000
2014/12/04,0,853000,-684000,169000
2014/12/05,0,533000,-617000,-84000
2014/12/08,0,814000,-746000,68000
2014/12/09,0,518000,-655000,-137000
2014/12/10,0,758000,-1397000,-639000
2014/12/11,0,623000,-1209727,-586727
2014/12/12,0,825400,-2607000,-1781600
2014/12/15,0,1447000,-1210000,237000
2014/12/16,0,2283000,-1033000,1250000
2014/12/17,0,1670000,-2812863,-1142863
2014/12/18,0,940000,-1358000,-418000
2014/12/19,0,1514000,-844000,670000
2014/12/22,0,819000,-640000,179000
2014/12/23,0,367000,-420000,-53000
2014/12/24,0,576000,-226000,350000
2014/12/25,0,117000,-25000,92000
2014/12/26,0,333000,-105000,228000
2014/12/29,0,787000,-204000,583000
2014/12/30,0,664000,-436000,228000
2014/12/31,0,467000,-379307,87693
2015/01/01,0,0,0,0
2015/01/02,0,0,0,0
2015/01/05,0,564141,-1568000,-1003859
2015/01/06,0,554000,-1925000,-1371000
2015/01/07,0,622000,-2340822,-1718822
2015/01/08,0,1325000,-1164250,160750
2015/01/09,0,553000,-835000,-282000
2015/01/12,0,366000,-753000,-387000
2015/01/13,0,1512000,-945000,567000
2015/01/14,0,388000,-1750000,-1362000
2015/01/15,0,345000,-1002000,-657000
2015/01/16,0,210000,-2146658,-1936658
2015/01/19,0,633000,-960000,-327000
2015/01/20,0,855000,-979287,-124287
2015/01/21,0,1394000,-1040400,353600
2015/01/22,0,1053000,-1635000,-582000
2015/01/23,0,794000,-753160,40840
2015/01/26,0,316000,-1682000,-1366000
2015/01/27,0,986323,-908100,78223
2015/01/28,0,916000,-551000,365000
2015/01/29,0,672000,-1730000,-1058000
2015/01/30,0,1171000,-1257000,-86000
2015/02/02,0,1615325,-721000,894325
2015/02/03,0,2467000,-1053000,1414000
2015/02/04,0,3679560,-1848586,1830974
2015/02/05,0,813000,-342000,471000
2015/02/06,0,875000,-786000,89000
2015/02/09,0,490704,-1083244,-592540
2015/02/10,0,2200000,-1442000,758000
2015/02/11,0,2295660,-1145000,1150660
2015/02/12,0,1790000,-1544000,246000
2015/02/13,0,1118000,-1041000,77000
2015/02/16,0,0,0,0
2015/02/17,0,0,0,0
2015/02/18,0,0,0,0
2015/02/19,0,0,0,0
2015/02/20,0,0,0,0
2015/02/23,0,0,0,0
2015/02/24,0,3644000,-2553360,1090640
2015/02/25,0,1438000,-1222000,216000
2015/02/26,0,1180000,-1665013,-485013
2015/02/27,0,0,0,0
2015/03/02,0,1405200,-1691490,-286290
2015/03/03,0,1663279,-1591000,72279
2015/03/04,0,1778000,-723000,1055000
2015/03/05,0,1091000,-977000,114000
2015/03/06,0,3356000,-3191000,165000
2015/03/09,0,657000,-1037000,-380000
2015/03/10,0,1537000,-821250,715750
2015/03/11,0,845000,-1929000,-1084000
2015/03/12,0,929000,-625723,303277
2015/03/13,0,492000,-853166,-361166
2015/03/16,0,588106,-827077,-238971
2015/03/17,0,734000,-503000,231000
2015/03/18,0,1530000,-438810,1091190
2015/03/19,0,1839000,-225000,1614000
2015/03/20,0,985000,-1260000,-275000
2015/03/23,0,493000,-1100000,-607000
2015/03/24,0,537290,-371000,166290
2015/03/25,0,318000,-283000,35000
2015/03/26,0,1839000,-459000,1380000
2015/03/27,0,2425000,-537992,1887008
2015/03/30,0,2307000,-914000,1393000
2015/03/31,0,1173000,-1032000,141000
2015/04/01,0,1250851,-1533000,-282149
2015/04/02,0,1398400,-664000,734400
2015/04/03,0,0,0,0
2015/04/06,0,0,0,0
2015/04/07,0,3075000,-354000,2721000
2015/04/08,0,2510965,-1173000,1337965
2015/04/09,0,1701000,-1939000,-238000
2015/04/10,0,2326000,-1010000,1316000
2015/04/13,0,1410000,-1116240,293760
2015/04/14,0,1705000,-2809000,-1104000
2015/04/15,0,2748000,-4598000,-1850000
2015/04/16,0,3068000,-1864000,1204000
2015/04/17,0,2072279,-1369000,703279
2015/04/20,0,2261000,-1370000,891000
2015/04/21,0,2504000,-1116000,1388000
2015/04/22,0,6660000,-3039000,3621000
2015/04/23,0,4725000,-2078197,2646803
2015/04/24,0,5382000,-1322000,4060000
2015/04/27,0,3880000,-736500,3143500
2015/04/28,0,2958000,-659000,2299000
2015/04/29,0,3643000,-514000,3129000
2015/04/30,0,4288000,-2621000,1667000
2015/05/01,0,0,0,0
2015/05/04,0,1534000,-919007,614993
2015/05/05,0,2420000,-898000,1522000
2015/05/06,0,2267000,-448000,1819000
2015/05/07,0,2692000,-1307000,1385000
2015/05/08,0,1753517,-1327000,426517
2015/05/11,0,2597000,-770000,1827000
2015/05/12,0,2793000,-691000,2102000
2015/05/13,0,825000,-774000,51000
2015/05/14,0,1165000,-1702000,-537000
2015/05/15,0,1155000,-1932153,-777153
2015/05/18,0,1681000,-1034000,647000
2015/05/19,0,1701290,-1419000,282290
2015/05/20,0,1145006,-2582000,-1436994
2015/05/21,0,972000,-2913000,-1941000
2015/05/22,0,680000,-1037000,-357000
2015/05/25,0,613000,-2208246,-1595246
2015/05/26,0,471000,-760000,-289000
2015/05/27,0,1010000,-2182290,-1172290
2015/05/28,0,1272000,-1496279,-224279
2015/05/29,0,2664125,-2952959,-288834
2015/06/01,0,835000,-917000,-82000
2015/06/02,0,1992024,-2040000,-47976
2015/06/03,0,1315000,-2890316,-1575316
2015/06/04,0,2550000,-3327000,-777000
2015/06/05,0,1412000,-4383000,-2971000
2015/06/08,0,1966000,-1967929,-1929
2015/06/09,0,1286000,-1010279,275721
2015/06/10,0,973000,-1907000,-934000
2015/06/11,0,1581000,-2501000,-920000
2015/06/12,0,1067000,-2031000,-964000
2015/06/15,0,907000,-1740000,-833000
2015/06/16,0,4144000,-3186771,957229
2015/06/17,0,1826000,-5794000,-3968000
2015/06/18,0,2684081,-3156166,-472085
2015/06/19,0,0,0,0
2015/06/22,0,2416036,-963254,1452782
2015/06/23,0,772870,-1102000,-329130
2015/06/24,0,1063060,-737383,325677
2015/06/25,0,3068279,-661000,2407279
2015/06/26,0,1777000,-1222000,555000
2015/06/29,0,910000,-1816000,-906000
2015/06/30,0,3309000,-2027000,1282000
2015/07/01,0,1646500,-1785918,-139418
2015/07/02,0,1988024,-1717000,271024
2015/07/03,0,2178000,-2440000,-262000
2015/07/06,0,1103000,-1194000,-91000
2015/07/07,0,3672000,-2772000,900000
2015/07/08,0,2803000,-3322000,-519000
2015/07/09,0,2444000,-1546000,898000
2015/07/10,0,0,0,0
2015/07/13,0,1633305,-1387000,246305
2015/07/14,0,2626000,-1540000,1086000
2015/07/15,0,3082668,-2571998,510670
2015/07/16,0,1509000,-931000,578000
2015/07/17,0,3409697,-1733000,1676697
2015/07/20,0,1297810,-1175000,122810
2015/07/21,0,1584024,-740000,844024
2015/07/22,0,2736000,-1433000,1303000
2015/07/23,0,1892000,-1109000,783000
2015/07/24,0,1723000,-503000,1220000
2015/07/27,0,2254000,-1551000,703000
2015/07/28,0,2547334,-2364000,183334
2015/07/29,0,1315000,-1348000,-33000
2015/07/30,0,959000,-914000,45000
2015/07/31,0,1869476,-1694000,175476
2015/08/03,0,1285301,-1876000,-590699
2015/08/04,0,2362000,-1658932,703068
2015/08/05,0,1687000,-1488000,199000
2015/08/06,0,1781000,-2325000,-544000
2015/08/07,0,1680000,-1620727,59273
2015/08/10,0,1134000,-1861000,-727000
2015/08/11,0,1757000,-3548000,-1791000
2015/08/12,0,3558505,-2508000,1050505
2015/08/13,0,2414000,-1499667,914333
2015/08/14,0,1100300,-1093000,7300
2015/08/17,0,684000,-726023,-42023
2015/08/18,0,1375000,-1518000,-143000
2015/08/19,0,1560036,-3123000,-1562964
2015/08/20,0,1543000,-2881000,-1338000
2015/08/21,0,1242000,-3002000,-1760000
2015/08/24,0,2415000,-6460000,-4045000
2015/08/25,0,2282000,-2781383,-499383
2015/08/26,0,1818000,-1946000,-128000
2015/08/27,0,1248000,-4441000,-3193000
2015/08/28,0,1658000,-1835837,-177837
2015/08/31,0,3430208,-3466000,-35792
2015/09/01,0,2339200,-2199250,139950
2015/09/02,0,1858000,-2800663,-942663
2015/09/03,0,1060000,-1334704,-274704
2015/09/04,0,2249279,-1555691,693588
2015/09/07,0,803000,-759000,44000
2015/09/08,0,838000,-787000,51000
2015/09/09,0,2490655,-705870,1784785
2015/09/10,0,2251996,-776000,1475996
2015/09/11,0,1760000,-1253262,506738
2015/09/14,0,1951000,-662000,1289000
2015/09/15,0,1339400,-604000,735400
2015/09/16,0,1789000,-665000,1124000
2015/09/17,0,4840000,-1162000,3678000
2015/09/18,0,2116384,-2126981,-10597
2015/09/21,0,3014000,-1147000,1867000
2015/09/22,0,1896000,-366680,1529320
2015/09/23,0,1193745,-1214205,-20460
2015/09/24,0,1415000,-1228000,187000
2015/09/25,0,1207000,-702000,505000
2015/09/28,0,0,0,0
2015/09/29,0,0,0,0
2015/09/30,0,3714460,-2308000,1406460
2015/10/01,0,2204471,-994000,1210471
2015/10/02,0,1090000,-857000,233000
2015/10/05,0,1055000,-367000,688000
2015/10/06,0,1279000,-325000,954000
2015/10/07,0,2262543,-608000,1654543
2015/10/08,0,1881000,-1099000,782000
2015/10/09,0,0,0,0
2015/10/12,0,3769588,-234000,3535588
2015/10/13,0,2833286,-1318000,1515286
2015/10/14,0,2824000,-839000,1985000
2015/10/15,0,3181000,-1019000,2162000
2015/10/16,0,1565000,-547353,1017647
2015/10/19,0,2061000,-340914,1720086
2015/10/20,0,1282000,-368000,914000
2015/10/21,0,1160419,-443000,717419
2015/10/22,0,1524004,-727000,797004
2015/10/23,0,2984000,-537000,2447000
2015/10/26,0,2140392,-1500000,640392
2015/10/27,0,1316000,-490940,825060
2015/10/28,0,1245000,-1142803,102197
2015/10/29,0,1450000,-1153515,296485
2015/10/30,0,2143000,-1407000,736000
2015/11/02,0,929000,-675000,254000
2015/11/03,0,2273000,-990601,1282399
2015/11/04,0,4186000,-1798879,2387121
2015/11/05,0,962000,-1259428,-297428
2015/11/06,0,1368000,-2006085,-638085
2015/11/09,0,1285918,-1975000,-689082
2015/11/10,0,1791000,-3017800,-1226800
2015/11/11,0,2691623,-5289000,-2597377
2015/11/12,0,1124000,-1798000,-674000
2015/11/13,0,2160000,-2566430,-406430
2015/11/16,0,1550000,-1675000,-125000
2015/11/17,0,2464000,-1787000,677000
2015/11/18,0,1780000,-2375000,-595000
2015/11/19,0,3527000,-2684000,843000
2015/11/20,0,2087000,-1493000,594000
2015/11/23,0,2961623,-2423000,538623
2015/11/24,0,2397000,-1427361,969639
2015/11/25,0,2767720,-1866720,901000
2015/11/26,0,2387000,-1615657,771343
2015/11/27,0,1880000,-1113000,767000
2015/11/30,0,6266000,-5351315,914685
2015/12/01,0,2940000,-4510447,-1570447
2015/12/02,0,2848000,-1051500,1796500
2015/12/03,0,2606000,-1583000,1023000
2015/12/04,0,1756000,-3246000,-1490000
2015/12/07,0,1831000,-288000,1543000
2015/12/08,0,3038000,-1579301,1458699
2015/12/09,0,3180000,-2798000,382000
2015/12/10,0,3066000,-2735379,330621
2015/12/11,0,3513110,-3374000,139110
2015/12/14,0,2996000,-2074018,921982
2015/12/15,0,3089000,-2267699,821301
2015/12/16,0,4114000,-1566000,2548000
2015/12/17,0,2210000,-1195000,1015000
2015/12/18,0,2107802,-1529531,578271
2015/12/21,0,1178000,-1060000,118000
2015/12/22,0,1761358,-1295000,466358
2015/12/23,0,684000,-323000,361000
2015/12/24,0,1908000,-336000,1572000
2015/12/25,0,234000,-479000,-245000
2015/12/28,0,1869000,-1294000,575000
2015/12/29,0,1877000,-611000,1266000
2015/12/30,0,786321,-1079717,-293396
2015/12/31,0,968000,-480000,488000
2016/01/01,0,0,0,0
2016/01/04,0,2694904,-3373000,-678096
2016/01/05,0,1789854,-2356000,-566146
2016/01/06,0,1875568,-1617000,258568
2016/01/07,0,1272350,-4093473,-2821123
2016/01/08,0,810000,-1810343,-1000343
2016/01/11,0,807024,-1678160,-871136
2016/01/12,0,1144000,-1521000,-377000
2016/01/13,0,5414372,-1488012,3926360
2016/01/14,0,3868286,-702000,3166286
2016/01/15,0,2835000,-1781471,1053529
2016/01/18,0,2577384,-1067000,1510384
2016/01/19,0,668000,-439514,228486
2016/01/20,0,2694072,-1509000,1185072
2016/01/21,0,2838000,-1720000,1118000
2016/01/22,0,2167000,-1045000,1122000
2016/01/25,0,2800000,-595000,2205000
2016/01/26,0,2242671,-934000,1308671
2016/01/27,0,2484000,-747832,1736168
2016/01/28,0,2731000,-1537660,1193340
2016/01/29,0,4893662,-1455537,3438125
2016/02/01,0,2387244,-274000,2113244
2016/02/02,0,2230352,-1125974,1104378
2016/02/03,0,1136000,-1767778,-631778
2016/02/04,0,0,0,0
2016/02/05,0,0,0,0
2016/02/08,0,0,0,0
2016/02/09,0,0,0,0
2016/02/10,0,0,0,0
2016/02/11,0,0,0,0
2016/02/12,0,0,0,0
2016/02/15,0,2277286,-2649236,-371950
2016/02/16,0,2237000,-1872000,365000
2016/02/17,0,1838572,-1245000,593572
2016/02/18,0,4165000,-1053356,3111644
2016/02/19,0,4612078,-4117704,494374
2016/02/22,0,1279000,-856723,422277
2016/02/23,0,1591240,-444000,1147240
2016/02/24,0,3713000,-1675588,2037412
2016/02/25,0,2199000,-1615000,584000
2016/02/26,0,2865752,-1917000,948752
2016/02/29,0,0,0,0
2016/03/01,0,1589075,-1932281,-343206
2016/03/02,0,1155803,-2114400,-958597
2016/03/03,0,1505000,-1992000,-487000
2016/03/04,0,2411000,-923000,1488000
2016/03/07,0,1723000,-1319000,404000
2016/03/08,0,2202000,-1909066,292934
2016/03/09,0,3949225,-1245720,2703505
2016/03/10,0,1531000,-2093545,-562545
2016/03/11,0,2995000,-1113000,1882000
2016/03/14,0,2226418,-2586000,-359582
2016/03/15,0,3498000,-1634000,1864000
2016/03/16,0,1938000,-756000,1182000
2016/03/17,0,3874048,-1298000,2576048
2016/03/18,0,6630000,-2896665,3733335
2016/03/21,0,2174000,-1872000,302000
2016/03/22,0,5042637,-2117099,2925538
2016/03/23,0,2096000,-1848000,248000
2016/03/24,0,1814000,-355000,1459000
2016/03/25,0,627000,-310000,317000
2016/03/28,0,787000,-220396,566604
2016/03/29,0,2126000,-497100,1628900
2016/03/30,0,4121000,-850000,3271000
2016/03/31,0,2923627,-1576303,1347324
2016/04/01,0,2880475,-1571934,1308541
2016/04/04,0,0,0,0
2016/04/05,0,0,0,0
2016/04/06,0,4244275,-2981921,1262354
2016/04/07,0,2496725,-1910711,586014
2016/04/08,0,1767444,-1460054,307390
2016/04/11,0,1180242,-832000,348242
2016/04/12,0,3145000,-521060,2623940
2016/04/13,0,2964000,-651000,2313000
2016/04/14,0,4157846,-3263481,894365
2016/04/15,0,3140641,-611000,2529641
2016/04/18,0,1103197,-1151842,-48645
2016/04/19,0,3412000,-1447743,1964257
2016/04/20,0,3471407,-1314000,2157407
2016/04/21,0,2485531,-829000,1656531
2016/04/22,0,2165974,-596881,1569093
2016/04/25,0,1745999,-755000,990999
2016/04/26,0,2564676,-1481000,1083676
2016/04/27,0,2060000,-1093000,967000
2016/04/28,0,4203494,-2809000,1394494
2016/04/29,0,2105495,-2611000,-505505
2016/05/02,0,0,0,0
2016/05/03,0,1467971,-2660000,-1192029
2016/05/04,0,1448000,-2643000,-1195000
2016/05/05,0,1282000,-2849000,-1567000
2016/05/06,0,3577948,-4933000,-1355052
2016/05/09,0,1955000,-2386000,-431000
2016/05/10,0,2351974,-3079000,-727026
2016/05/11,0,2619352,-4924000,-2304648
2016/05/12,0,2482000,-2039000,443000
2016/05/13,0,1454000,-4929742,-3475742
2016/05/16,0,1251447,-2227000,-975553
2016/05/17,0,2000000,-2099954,-99954
2016/05/18,0,1627909,-2649000,-1021091
2016/05/19,0,1692000,-3369000,-1677000
2016/05/20,0,981000,-3422947,-2441947
2016/05/23,0,1598922,-2368000,-769078
2016/05/24,0,2261168,-3493000,-1231832
2016/05/25,0,1687974,-2043000,-355026
2016/05/26,0,1296000,-2525000,-1229000
2016/05/27,0,1398800,-1227758,171042
2016/05/30,0,984000,-570111,413889
2016/05/31,0,5366503,-5857052,-490549
2016/06/01,0,1538006,-2027000,-488994
2016/06/02,0,3067012,-2567282,499730
2016/06/03,0,952000,-2404000,-1452000
2016/06/06,0,1428000,-1407000,21000
2016/06/07,0,2505000,-3815186,-1310186
2016/06/08,0,2904600,-6354995,-3450395
2016/06/09,0,0,0,0
2016/06/10,0,0,0,0
2016/06/13,0,1506107,-2853641,-1347534
2016/06/14,0,1552000,-3413000,-1861000
2016/06/15,0,2767000,-3459050,-692050
2016/06/16,0,2582923,-5718802,-3135879
2016/06/17,0,12216145,-10585991,1630154
2016/06/20,0,3151000,-3020000,131000
2016/06/21,0,2279021,-2306000,-26979
2016/06/22,0,3405950,-3674000,-268050
2016/06/23,0,958430,-1697000,-738570
2016/06/24,0,1229000,-3930894,-2701894
2016/06/27,0,890042,-1550000,-659958
2016/06/28,0,1093000,-2838902,-1745902
2016/06/29,0,1099000,-2413033,-1314033
2016/06/30,0,2414000,-3897456,-1483456
2016/07/01,0,2272000,-3230702,-958702
2016/07/04,0,1346000,-1019000,327000
2016/07/05,0,1318000,-3212764,-1894764
2016/07/06,0,2072196,-3866000,-1793804
2016/07/07,0,1308000,-1001102,306898
2016/07/08,0,0,0,0
2016/07/11,0,1662003,-2582334,-920331
2016/07/12,0,4919000,-1358748,3560252
2016/07/13,0,3779000,-2253546,1525454
2016/07/14,0,1860012,-1568000,292012
2016/07/15,0,2137430,-1584903,552527
2016/07/18,0,1958000,-2296734,-338734
2016/07/19,0,5701968,-1082900,4619068
2016/07/20,0,7732000,-1566558,6165442
2016/07/21,0,4692385,-2195543,2496842
2016/07/22,0,2315000,-1283000,1032000
2016/07/25,0,1771000,-636581,1134419
2016/07/26,0,2075000,-1148814,926186
2016/07/27,0,2420000,-717000,1703000
2016/07/28,0,1962000,-1184000,778000
2016/07/29,0,1516000,-1757000,-241000
2016/08/01,0,1186200,-1242000,-55800
2016/08/02,0,1551131,-1156000,395131
2016/08/03,0,2778132,-1214000,1564132
2016/08/04,0,1061000,-965000,96000
2016/08/05,0,1281000,-1563000,-282000
2016/08/08,0,896611,-708000,188611
2016/08/09,0,2109074,-575000,1534074
2016/08/10,0,3465000,-1642000,1823000
2016/08/11,0,2882610,-3013000,-130390
2016/08/12,0,3661000,-1646000,2015000
2016/08/15,0,1395000,-1958000,-563000
2016/08/16,0,1292000,-995153,296847
2016/08/17,0,3299580,-572000,2727580
2016/08/18,0,906000,-1291278,-385278
2016/08/19,0,1905432,-1999000,-93568
2016/08/22,0,2934000,-2811817,122183
2016/08/23,0,1642000,-1062000,580000
2016/08/24,0,637103,-1272000,-634897
2016/08/25,0,1346000,-1135000,211000
2016/08/26,0,940078,-879000,61078
2016/08/29,0,899000,-1722000,-823000
2016/08/30,0,947405,-1248000,-300595
2016/08/31,0,2702760,-2981499,-278739
2016/09/01,0,783000,-1554775,-771775
2016/09/02,0,907620,-1169000,-261380
2016/09/05,0,1372000,-1175000,197000
2016/09/06,0,1102835,-1377000,-274165
2016/09/07,0,1293000,-2279244,-986244
2016/09/08,0,2077000,-1497100,579900
2016/09/09,0,1105000,-1711000,-606000
2016/09/12,0,880000,-3760384,-2880384
2016/09/13,0,1957000,-3464000,-1507000
2016/09/14,0,2036555,-3268868,-1232313
2016/09/15,0,0,0,0
2016/09/16,0,0,0,0
2016/09/19,0,2980913,-2381265,599648
2016/09/20,0,706156,-1506000,-799844
2016/09/21,0,2314000,-1646686,667314
2016/09/22,0,561025,-1246000,-684975
2016/09/23,0,1180913,-1665000,-484087
2016/09/26,0,436000,-606000,-170000
2016/09/27,0,0,0,0
2016/09/28,0,0,0,0
2016/09/29,0,1934131,-2263167,-329036
2016/09/30,0,1999620,-2953384,-953764
2016/10/03,0,1298000,-1113000,185000
2016/10/04,0,2576432,-974612,1601820
2016/10/05,0,374033,-556020,-181987
2016/10/06,0,1352495,-1184870,167625
2016/10/07,0,1478645,-2413000,-934355
2016/10/10,0,0,0,0
2016/10/11,0,2307000,-982332,1324668
2016/10/12,0,769000,-2086864,-1317864
2016/10/13,0,3658000,-1978000,1680000
2016/10/14,0,2385205,-994000,1391205
2016/10/17,0,3368000,-1816216,1551784
2016/10/18,0,1871774,-1818000,53774
2016/10/19,0,1598387,-1998000,-399613
2016/10/20,0,1339717,-1674000,-334283
2016/10/21,0,10195000,-9573118,621882
2016/10/24,0,2064222,-3564000,-1499778
2016/10/25,0,1343145,-2439895,-1096750
2016/10/26,0,875002,-1499000,-623998
2016/10/27,0,470848,-1761000,-1290152
2016/10/28,0,966000,-1227000,-261000
2016/10/31,0,1275629,-2045000,-769371
2016/11/01,0,465909,-1307705,-841796
2016/11/02,0,1382423,-1296285,86138
2016/11/03,0,2349000,-2350000,-1000
2016/11/04,0,897000,-1105000,-208000
2016/11/07,0,3318000,-2752884,565116
2016/11/08,0,1597833,-1140000,457833
2016/11/09,0,1510000,-2281000,-771000
2016/11/10,0,1924000,-2094000,-170000
2016/11/11,0,1685257,-3293815,-1608558
2016/11/14,0,3099862,-3196048,-96186
2016/11/15,0,2374000,-2058582,315418
2016/11/16,0,2231000,-2279384,-48384
2016/11/17,0,1696000,-1751000,-55000
2016/11/18,0,1837000,-2231000,-394000
2016/11/21,0,345000,-1179272,-834272
2016/11/22,0,1539071,-1507000,32071
2016/11/23,0,786000,-1799836,-1013836
2016/11/24,0,477000,-983000,-506000
2016/11/25,0,361000,-459481,-98481
2016/11/28,0,728000,-885105,-157105
2016/11/29,0,994000,-1963692,-969692
2016/11/30,0,4692041,-2565900,2126141
2016/12/01,0,671703,-1312000,-640297
2016/12/02,0,1931000,-1571024,359976
2016/12/05,0,733000,-1507248,-774248
2016/12/06,0,1877000,-900000,977000
2016/12/07,0,871000,-908000,-37000
2016/12/08,0,2620000,-1374000,1246000
2016/12/09,0,1617993,-811221,806772
2016/12/12,0,1227000,-1502990,-275990
2016/12/13,0,1559991,-380985,1179006
2016/12/14,0,1352302,-861357,490945
2016/12/15,0,1797000,-1135000,662000
2016/12/16,0,2222000,-1735714,486286
2016/12/19,0,1380370,-416499,963871
2016/12/20,0,1285479,-939475,346004
2016/12/21,0,1555595,-1234321,321274
2016/12/22,0,814580,-1012000,-197420
2016/12/23,0,1038000,-776000,262000
2016/12/26,0,353715,-107000,246715
2016/12/27,0,294182,-192000,102182
2016/12/28,0,809000,-821059,-12059
2016/12/29,0,1019671,-1286000,-266329
2016/12/30,0,2483000,-1141000,1342000
2017/01/02,0,0,0,0
2017/01/03,0,619847,-1350000,-730153
2017/01/04,0,1436000,-1466582,-30582
2017/01/05,0,1312055,-1164449,147606
2017/01/06,0,734000,-382718,351282
2017/01/09,0,571414,-835608,-264194
2017/01/10,0,2066201,-931608,1134593
2017/01/11,0,1145102,-697000,448102
2017/01/12,0,2008000,-899140,1108860
2017/01/13,0,815369,-148000,667369
2017/01/16,0,935000,-2152000,-1217000
2017/01/17,0,1082532,-921091,161441
2017/01/18,0,1733000,-1988878,-255878
2017/01/19,0,1308000,-1804798,-496798
2017/01/20,0,665213,-2111000,-1445787
2017/01/23,0,1548000,-1752204,-204204
2017/01/24,0,889690,-1126842,-237152
2017/01/25,0,0,0,0
2017/01/26,0,0,0,0
2017/01/27,0,0,0,0
2017/01/30,0,0,0,0
2017/01/31,0,0,0,0
2017/02/01,0,0,0,0
2017/02/02,0,1860283,-4539101,-2678818
2017/02/03,0,609000,-1488815,-879815
2017/02/06,0,1452416,-785775,666641
2017/02/07,0,749611,-2667633,-1918022
2017/02/08,0,1198663,-2383040,-1184377
2017/02/09,0,646790,-2170242,-1523452
2017/02/10,0,1152200,-1009000,143200
2017/02/13,0,1002846,-1331753,-328907
2017/02/14,0,2033000,-2819388,-786388
2017/02/15,0,2552008,-2115593,436415
2017/02/16,0,1897000,-2163146,-266146
2017/02/17,0,678000,-1001000,-323000
2017/02/20,0,384000,-324000,60000
2017/02/21,0,698000,-478000,220000
2017/02/22,0,2482000,-933154,1548846
2017/02/23,0,1025000,-768000,257000
2017/02/24,0,1055815,-1398613,-342798
2017/02/27,0,0,0,0
2017/02/28,0,0,0,0
2017/03/01,0,1246221,-2321707,-1075486
2017/03/02,0,1445000,-1496794,-51794
2017/03/03,0,1207000,-1263958,-56958
2017/03/06,0,837585,-589948,247637
2017/03/07,0,1324465,-1900917,-576452
2017/03/08,0,410500,-621287,-210787
2017/03/09,0,823000,-2428453,-1605453
2017/03/10,0,1129279,-2055335,-926056
2017/03/13,0,665974,-209000,456974
2017/03/14,0,3057551,-873151,2184400
2017/03/15,0,961000,-969315,-8315
2017/03/16,0,1489100,-1049436,439664
2017/03/17,0,2374355,-2762968,-388613
2017/03/20,0,670000,-773000,-103000
2017/03/21,0,2712282,-1011000,1701282
2017/03/22,0,1518000,-1409563,108437
2017/03/23,0,758000,-734545,23455
2017/03/24,0,1069591,-624705,444886
2017/03/27,0,1123000,-634210,488790
2017/03/28,0,2469000,-998000,1471000
2017/03/29,0,897218,-1335396,-438178
2017/03/30,0,1440000,-762332,677668
2017/03/31,0,1267000,-1329000,-62000
2017/04/03,0,0,0,0
2017/04/04,0,0,0,0
2017/04/05,0,2124008,-1218000,906008
2017/04/06,0,982000,-955000,27000
2017/04/07,0,1079112,-795000,284112
2017/04/10,0,2249000,-636046,1612954
2017/04/11,0,1969000,-2374000,-405000
2017/04/12,0,1264000,-818000,446000
2017/04/13,0,952000,-240000,712000
2017/04/14,0,858000,-1185000,-327000
2017/04/17,0,1093000,-478000,615000
2017/04/18,0,687000,-785115,-98115
2017/04/19,0,932341,-2225204,-1292863
2017/04/20,0,1207361,-1732000,-524639
2017/04/21,0,600000,-461048,138952
2017/04/24,0,431000,-240000,191000
2017/04/25,0,1397417,-635000,762417
2017/04/26,0,1533000,-1072000,461000
2017/04/27,0,663174,-652000,11174
2017/04/28,0,702610,-1535055,-832445
2017/05/01,0,0,0,0
2017/05/02,0,1269337,-521000,748337
2017/05/03,0,430000,-1039000,-609000
2017/05/04,0,1388000,-695000,693000
2017/05/05,0,789922,-1442000,-652078
2017/05/08,0,1465147,-1264000,201147
2017/05/09,0,1752485,-2182000,-429515
2017/05/10,0,1977742,-1351000,626742
2017/05/11,0,1536765,-1217000,319765
2017/05/12,0,1829240,-388000,1441240
2017/05/15,0,1664807,-833000,831807
2017/05/16,0,6792000,-1207989,5584011
2017/05/17,0,2374000,-2524456,-150456
2017/05/18,0,1551102,-2027502,-476400
2017/05/19,0,1150051,-1380099,-230048
2017/05/22,0,2732173,-854376,1877797
2017/05/23,0,2152820,-1686745,466075
2017/05/24,0,2263365,-833000,1430365
2017/05/25,0,1942926,-1516000,426926
2017/05/26,0,0,0,0
2017/05/29,0,0,0,0
2017/05/30,0,0,0,0
2017/05/31,0,16254972,-13467318,2787654
2017/06/01,0,2324000,-2194641,129359
2017/06/02,0,1380290,-554916,825374
2017/06/05,0,1629744,-1041000,588744
2017/06/06,0,836100,-799000,37100
2017/06/07,0,947000,-598523,348477
2017/06/08,0,1350000,-835000,515000
2017/06/09,0,909000,-1135000,-226000
2017/06/12,0,842698,-1123000,-280302
2017/06/13,0,525000,-418589,106411
2017/06/14,0,644000,-855447,-211447
2017/06/15,0,693000,-1072000,-379000
2017/06/16,0,2403000,-2403132,-132
2017/06/19,0,328846,-185682,143164
2017/06/20,0,535000,-853000,-318000
2017/06/21,0,3461000,-2174578,1286422
2017/06/22,0,1788412,-1507065,281347
2017/06/23,0,524000,-2660705,-2136705
2017/06/26,0,27395000,-24895000,2500000
2017/06/27,0,2457000,-3098000,-641000
2017/06/28,0,5929000,-4014999,1914001
2017/06/29,0,1056000,-2262000,-1206000
2017/06/30,0,3033000,-1765000,1268000
2017/07/03,0,1176000,-598361,577639
2017/07/04,0,431000,-928205,-497205
2017/07/05,0,860000,-1333469,-473469
2017/07/06,0,826500,-1908781,-1082281
2017/07/07,0,984510,-492449,492061
2017/07/10,0,527285,-606510,-79225
2017/07/11,0,2060962,-1177258,883704
2017/07/12,0,1013000,-1383926,-370926
2017/07/13,0,1241376,-1725000,-483624
2017/07/14,0,643500,-1127000,-483500
2017/07/17,0,1760000,-829000,931000
2017/07/18,0,634430,-1223000,-588570
2017/07/19,0,583269,-1001020,-417751
2017/07/20,0,1185148,-1714000,-528852
2017/07/21,0,170190,-638063,-467873
2017/07/24,0,874325,-1209000,-334675
2017/07/25,0,718000,-2209430,-1491430
2017/07/26,0,1118000,-3307515,-2189515
2017/07/27,0,1497000,-514362,982638
2017/07/28,0,480000,-578811,-98811
2017/07/31,0,1709000,-1058437,650563
2017/08/01,0,685555,-917000,-231445
2017/08/02,0,542066,-607154,-65088
2017/08/03,0,776000,-1311384,-535384
2017/08/04,0,1049000,-734263,314737
2017/08/07,0,1338349,-596033,742316
2017/08/08,0,1361000,-3078000,-1717000
2017/08/09,0,610683,-1150556,-539873
2017/08/10,0,555244,-1598000,-1042756
2017/08/11,0,734000,-903113,-169113
2017/08/14,0,868000,-609311,258689
2017/08/15,0,930000,-1207000,-277000
2017/08/16,0,1753724,-4265018,-2511294
2017/08/17,0,426000,-1061010,-635010
2017/08/18,0,191000,-1061128,-870128
