Date,Open,Buy,Sell,Total
2007/04/23,0,48000,-20000,28000
2007/04/24,0,173000,-7000,166000
2007/04/25,0,66000,-26000,40000
2007/04/26,0,27000,-11000,16000
2007/04/27,0,23000,-17000,6000
2007/04/30,0,122000,-345000,-223000
2007/05/01,0,0,0,0
2007/05/02,0,0,-102000,-102000
2007/05/03,0,149000,-11000,138000
2007/05/04,0,194000,-3000,191000
2007/05/07,0,43000,-39000,4000
2007/05/08,0,91000,-16000,75000
2007/05/09,0,0,-51000,-51000
2007/05/10,0,0,-3000,-3000
2007/05/11,0,28000,-127000,-99000
2007/05/14,0,73000,-41000,32000
2007/05/15,0,179000,-114000,65000
2007/05/16,0,133000,-14000,119000
2007/05/17,0,499000,-197000,302000
2007/05/18,0,334000,-94000,240000
2007/05/21,0,1753000,-563000,1190000
2007/05/22,0,134000,-11000,123000
2007/05/23,0,434000,-58000,376000
2007/05/24,0,336000,-258000,78000
2007/05/25,0,162000,-623000,-461000
2007/05/28,0,19000,-273000,-254000
2007/05/29,0,104000,-170000,-66000
2007/05/30,0,67000,-58000,9000
2007/05/31,0,284000,-30000,254000
2007/06/01,0,99000,-138000,-39000
2007/06/04,0,40000,-187000,-147000
2007/06/05,0,151000,-29000,122000
2007/06/06,0,150000,-35000,115000
2007/06/07,0,14000,-139000,-125000
2007/06/08,0,310000,-49000,261000
2007/06/11,0,45000,-14000,31000
2007/06/12,0,463000,-22000,441000
2007/06/13,0,185000,-194000,-9000
2007/06/14,0,343000,-206000,137000
2007/06/15,0,757000,-738000,19000
2007/06/18,0,0,0,0
2007/06/19,0,0,0,0
2007/06/20,0,586000,-948000,-362000
2007/06/21,0,109000,-1053000,-944000
2007/06/22,0,130000,-60000,70000
2007/06/25,0,144000,-34000,110000
2007/06/26,0,142000,-26000,116000
2007/06/27,0,52000,-119000,-67000
2007/06/28,0,183000,-506000,-323000
2007/06/29,0,130000,-47000,83000
2007/07/02,0,269000,-149000,120000
2007/07/03,0,119000,-246000,-127000
2007/07/04,0,35000,-520000,-485000
2007/07/05,0,0,-57000,-57000
2007/07/06,0,0,-231000,-231000
2007/07/09,0,0,-65000,-65000
2007/07/10,0,343000,-9000,334000
2007/07/11,0,395000,-53000,342000
2007/07/12,0,806000,-265000,541000
2007/07/13,0,237000,-426000,-189000
2007/07/16,0,322000,-402388,-80388
2007/07/17,0,472000,-153000,319000
2007/07/18,0,60000,-211000,-151000
2007/07/19,0,353000,-656000,-303000
2007/07/20,0,5000,-130000,-125000
2007/07/23,0,79000,-486000,-407000
2007/07/24,0,359000,-152000,207000
2007/07/25,0,221000,-327000,-106000
2007/07/26,0,172000,-254000,-82000
2007/07/27,0,595000,-343000,252000
2007/07/30,0,125000,-583000,-458000
2007/07/31,0,93000,-207000,-114000
2007/08/01,0,287000,-1321000,-1034000
2007/08/02,0,544000,-536000,8000
2007/08/03,0,239000,-322000,-83000
2007/08/06,0,120000,-162000,-42000
2007/08/07,0,368000,-200000,168000
2007/08/08,0,601000,-223000,378000
2007/08/09,0,83000,-174000,-91000
2007/08/10,0,15000,-603000,-588000
2007/08/13,0,273000,-163000,110000
2007/08/14,0,99000,-199000,-100000
2007/08/15,0,149000,-795000,-646000
2007/08/16,0,569000,-617000,-48000
2007/08/17,0,412000,-173000,239000
2007/08/20,0,319000,-345000,-26000
2007/08/21,0,138000,-71000,67000
2007/08/22,0,60000,-153000,-93000
2007/08/23,0,55000,-273000,-218000
2007/08/24,0,3000,-101000,-98000
2007/08/27,0,112000,-84000,28000
2007/08/28,0,35000,-4000,31000
2007/08/29,0,202000,-53000,149000
2007/08/30,0,356000,-81000,275000
2007/08/31,0,108000,-76000,32000
2007/09/03,0,355000,-252000,103000
2007/09/04,0,25000,-264000,-239000
2007/09/05,0,1000,-214000,-213000
2007/09/06,0,74000,-330000,-256000
2007/09/07,0,30000,-49000,-19000
2007/09/10,0,104000,-74000,30000
2007/09/11,0,239000,-33000,206000
2007/09/12,0,33000,-213000,-180000
2007/09/13,0,125000,-78000,47000
2007/09/14,0,572000,-204000,368000
2007/09/17,0,63000,-767000,-704000
2007/09/18,0,0,0,0
2007/09/19,0,1026000,-74000,952000
2007/09/20,0,585000,-47000,538000
2007/09/21,0,496000,-95000,401000
2007/09/24,0,0,0,0
2007/09/25,0,0,0,0
2007/09/26,0,228000,-65000,163000
2007/09/27,0,276000,-113000,163000
2007/09/28,0,306000,-169000,137000
2007/10/01,0,213000,-148000,65000
2007/10/02,0,247000,-654000,-407000
2007/10/03,0,381000,-116000,265000
2007/10/04,0,89000,-371000,-282000
2007/10/05,0,120000,-505000,-385000
2007/10/08,0,399000,-38000,361000
2007/10/09,0,48000,-622000,-574000
2007/10/10,0,0,0,0
2007/10/11,0,121000,-375000,-254000
2007/10/12,0,194000,-295000,-101000
2007/10/15,0,169000,-542000,-373000
2007/10/16,0,439000,-218000,221000
2007/10/17,0,5000,-418000,-413000
2007/10/18,0,82000,-16000,66000
2007/10/19,0,72000,-40000,32000
2007/10/22,0,54000,-294000,-240000
2007/10/23,0,56000,-135000,-79000
2007/10/24,0,146000,-246000,-100000
2007/10/25,0,124000,-22000,102000
2007/10/26,0,178000,-63000,115000
2007/10/29,0,157000,-36000,121000
2007/10/30,0,763000,-82000,681000
2007/10/31,0,309000,-52000,257000
2007/11/01,0,91000,-354000,-263000
2007/11/02,0,55000,-839000,-784000
2007/11/05,0,121000,-501000,-380000
2007/11/06,0,26000,-237000,-211000
2007/11/07,0,40000,-208000,-168000
2007/11/08,0,104000,-497000,-393000
2007/11/09,0,233000,-176000,57000
2007/11/12,0,34000,-26000,8000
2007/11/13,0,233000,-51000,182000
2007/11/14,0,59000,-191000,-132000
2007/11/15,0,6000,-197000,-191000
2007/11/16,0,165000,-656000,-491000
2007/11/19,0,99000,-60000,39000
2007/11/20,0,780000,-159000,621000
2007/11/21,0,137000,-121000,16000
2007/11/22,0,24000,-940000,-916000
2007/11/23,0,226000,-197000,29000
2007/11/26,0,171000,-23000,148000
2007/11/27,0,149000,-69000,80000
2007/11/28,0,85000,-84000,1000
2007/11/29,0,222000,-87000,135000
2007/11/30,0,81000,-6000,75000
2007/12/03,0,35000,-53000,-18000
2007/12/04,0,27000,-19000,8000
2007/12/05,0,162000,-93000,69000
2007/12/06,0,165000,-425000,-260000
2007/12/07,0,91000,-15000,76000
2007/12/10,0,36000,-45000,-9000
2007/12/11,0,127000,-30000,97000
2007/12/12,0,108000,-59000,49000
2007/12/13,0,90000,-48000,42000
2007/12/14,0,74000,-202000,-128000
2007/12/17,0,128000,-100000,28000
2007/12/18,0,595000,-107000,488000
2007/12/19,0,67000,-50000,17000
2007/12/20,0,14000,-233000,-219000
2007/12/21,0,264000,-81000,183000
2007/12/24,0,131000,-71104,59896
2007/12/25,0,2000,-146000,-144000
2007/12/26,0,128000,-107000,21000
2007/12/27,0,129000,-278000,-149000
2007/12/28,0,807000,-650000,157000
2007/12/31,0,94000,-355000,-261000
2008/01/01,0,0,0,0
2008/01/02,0,113000,-146000,-33000
2008/01/03,0,421000,-86000,335000
2008/01/04,0,247000,-52000,195000
2008/01/07,0,501000,-449000,52000
2008/01/08,0,160000,-122000,38000
2008/01/09,0,683000,-442000,241000
2008/01/10,0,369000,-100000,269000
2008/01/11,0,195000,-67000,128000
2008/01/14,0,421000,-122000,299000
2008/01/15,0,665000,-861000,-196000
2008/01/16,0,555000,-263000,292000
2008/01/17,0,647000,-1051552,-404552
2008/01/18,0,245000,-339000,-94000
2008/01/21,0,9000,-223000,-214000
2008/01/22,0,41000,-591000,-550000
2008/01/23,0,388000,-431000,-43000
2008/01/24,0,222000,-253000,-31000
2008/01/25,0,66000,-125000,-59000
2008/01/28,0,85000,-49000,36000
2008/01/29,0,113000,-349000,-236000
2008/01/30,0,245000,-130000,115000
2008/01/31,0,268000,-56000,212000
2008/02/01,0,734000,-36000,698000
2008/02/04,0,0,0,0
2008/02/05,0,0,0,0
2008/02/06,0,0,0,0
2008/02/07,0,0,0,0
2008/02/08,0,0,0,0
2008/02/11,0,0,0,0
2008/02/12,0,78000,-150000,-72000
2008/02/13,0,41000,-100000,-59000
2008/02/14,0,200000,-18000,182000
2008/02/15,0,226000,-284000,-58000
2008/02/18,0,237030,-522000,-284970
2008/02/19,0,156000,-43000,113000
2008/02/20,0,96000,-427000,-331000
2008/02/21,0,312000,-386000,-74000
2008/02/22,0,111000,-143000,-32000
2008/02/25,0,188000,-439196,-251196
2008/02/26,0,114000,-529000,-415000
2008/02/27,0,138000,-689316,-551316
2008/02/28,0,0,0,0
2008/02/29,0,163000,-243000,-80000
2008/03/03,0,280000,-128419,151581
2008/03/04,0,569000,-89000,480000
2008/03/05,0,418000,-23000,395000
2008/03/06,0,41000,-126110,-85110
2008/03/07,0,157000,-221000,-64000
2008/03/10,0,225000,-280000,-55000
2008/03/11,0,481000,-35000,446000
2008/03/12,0,232000,-99381,132619
2008/03/13,0,536000,-154599,381401
2008/03/14,0,40000,-597000,-557000
2008/03/17,0,289000,-137000,152000
2008/03/18,0,144000,-151000,-7000
2008/03/19,0,87000,-254000,-167000
2008/03/20,0,275000,-625000,-350000
2008/03/21,0,269000,-285000,-16000
2008/03/24,0,674000,-191700,482300
2008/03/25,0,311000,-194000,117000
2008/03/26,0,586000,-305000,281000
2008/03/27,0,371000,-379000,-8000
2008/03/28,0,905000,-80000,825000
2008/03/31,0,515000,-714860,-199860
2008/04/01,0,191000,-272000,-81000
2008/04/02,0,212000,-379000,-167000
2008/04/03,0,44000,-35000,9000
2008/04/04,0,0,0,0
2008/04/07,0,481000,-206000,275000
2008/04/08,0,1034000,-333000,701000
2008/04/09,0,964000,-106000,858000
2008/04/10,0,341000,-69000,272000
2008/04/11,0,246000,-229000,17000
2008/04/14,0,92000,-37776,54224
2008/04/15,0,103000,-124000,-21000
2008/04/16,0,151000,-443000,-292000
2008/04/17,0,327000,-391000,-64000
2008/04/18,0,128000,-17000,111000
2008/04/21,0,9000,-15000,-6000
2008/04/22,0,236000,-130000,106000
2008/04/23,0,169000,-401000,-232000
2008/04/24,0,91000,-72000,19000
2008/04/25,0,132000,-193000,-61000
2008/04/28,0,940000,-66000,874000
2008/04/29,0,486000,-105000,381000
2008/04/30,0,360000,-970000,-610000
2008/05/01,0,0,0,0
2008/05/02,0,154000,-273000,-119000
2008/05/05,0,36000,-254000,-218000
2008/05/06,0,351000,-560000,-209000
2008/05/07,0,29000,-94000,-65000
2008/05/08,0,196000,-106000,90000
2008/05/09,0,6000,-65000,-59000
2008/05/12,0,368000,-54000,314000
2008/05/13,0,242000,-418000,-176000
2008/05/14,0,77000,-98000,-21000
2008/05/15,0,496000,-306000,190000
2008/05/16,0,204000,-104000,100000
2008/05/19,0,496000,-743000,-247000
2008/05/20,0,278000,-136000,142000
2008/05/21,0,277000,-191000,86000
2008/05/22,0,128000,-21000,107000
2008/05/23,0,119000,-407000,-288000
2008/05/26,0,81000,-12000,69000
2008/05/27,0,22000,-8000,14000
2008/05/28,0,351000,-126000,225000
2008/05/29,0,27000,-280000,-253000
2008/05/30,0,66000,-584000,-518000
2008/06/02,0,108000,-66000,42000
2008/06/03,0,53000,-381000,-328000
2008/06/04,0,203000,-119000,84000
2008/06/05,0,392000,-113000,279000
2008/06/06,0,91000,-239000,-148000
2008/06/09,0,190000,-5000,185000
2008/06/10,0,153000,-342000,-189000
2008/06/11,0,450000,-25000,425000
2008/06/12,0,131000,-110000,21000
2008/06/13,0,36000,-286000,-250000
2008/06/16,0,108000,-108000,0
2008/06/17,0,1361000,-95559,1265441
2008/06/18,0,439000,-668000,-229000
2008/06/19,0,160000,-484000,-324000
2008/06/20,0,56000,-1035000,-979000
2008/06/23,0,581000,-107000,474000
2008/06/24,0,97000,-112000,-15000
2008/06/25,0,385000,-184000,201000
2008/06/26,0,148000,-7000,141000
2008/06/27,0,55000,-181000,-126000
2008/06/30,0,199000,-147000,52000
2008/07/01,0,754000,-541000,213000
2008/07/02,0,402000,-41000,361000
2008/07/03,0,80000,-208000,-128000
2008/07/04,0,44000,-613000,-569000
2008/07/07,0,134000,-164000,-30000
2008/07/08,0,81000,-1134000,-1053000
2008/07/09,0,220000,-290000,-70000
2008/07/10,0,110000,-25000,85000
2008/07/11,0,149000,-208000,-59000
2008/07/14,0,193000,-67000,126000
2008/07/15,0,29000,-75000,-46000
2008/07/16,0,38000,-301250,-263250
2008/07/17,0,155000,-105000,50000
2008/07/18,0,58000,-394000,-336000
2008/07/21,0,351000,-4000,347000
2008/07/22,0,456000,-2000,454000
2008/07/23,0,268000,-107000,161000
2008/07/24,0,108000,-113000,-5000
2008/07/25,0,134000,-61000,73000
2008/07/28,0,0,0,0
2008/07/29,0,113000,-149000,-36000
2008/07/30,0,71000,-108000,-37000
2008/07/31,0,292000,-32000,260000
2008/08/01,0,188000,-2000,186000
2008/08/04,0,150000,-4000,146000
2008/08/05,0,424000,-49000,375000
2008/08/06,0,474000,-48000,426000
2008/08/07,0,114000,-71000,43000
2008/08/08,0,201000,-29000,172000
2008/08/11,0,69000,-44000,25000
2008/08/12,0,219000,-548000,-329000
2008/08/13,0,230000,-24000,206000
2008/08/14,0,832000,-264000,568000
2008/08/15,0,213000,-101000,112000
2008/08/18,0,5000,-451484,-446484
2008/08/19,0,192,-236602,-236410
2008/08/20,0,11000,-154000,-143000
2008/08/21,0,42000,-878505,-836505
2008/08/22,0,107000,-432000,-325000
2008/08/25,0,47000,-92000,-45000
2008/08/26,0,32000,-527000,-495000
2008/08/27,0,188000,-27000,161000
2008/08/28,0,89000,-68000,21000
2008/08/29,0,178000,-94000,84000
2008/09/01,0,62000,-3243,58757
2008/09/02,0,51000,-110000,-59000
2008/09/03,0,106000,-285663,-179663
2008/09/04,0,264000,-127000,137000
2008/09/05,0,248000,-18000,230000
2008/09/08,0,17000,-93000,-76000
2008/09/09,0,91000,-169000,-78000
2008/09/10,0,279000,-84152,194848
2008/09/11,0,59000,-222000,-163000
2008/09/12,0,82000,-1000,81000
2008/09/15,0,11000,-277000,-266000
2008/09/16,0,83000,-19000,64000
2008/09/17,0,46000,-806000,-760000
2008/09/18,0,112000,-61000,51000
2008/09/19,0,22000,-342000,-320000
2008/09/22,0,13000,-363000,-350000
2008/09/23,0,136000,-82000,54000
2008/09/24,0,126000,-17000,109000
2008/09/25,0,163000,-35000,128000
2008/09/26,0,17000,-411000,-394000
2008/09/29,0,0,0,0
2008/09/30,0,8000,-52000,-44000
2008/10/01,0,69000,-180000,-111000
2008/10/02,0,49000,-136000,-87000
2008/10/03,0,156000,-98000,58000
2008/10/06,0,21000,-10000,11000
2008/10/07,0,173000,-118000,55000
2008/10/08,0,367000,-153293,213707
2008/10/09,0,151000,-46000,105000
2008/10/10,0,0,0,0
2008/10/13,0,82000,-72000,10000
2008/10/14,0,64000,-12000,52000
2008/10/15,0,22000,-93244,-71244
2008/10/16,0,1000,-19920,-18920
2008/10/17,0,13000,-6000,7000
2008/10/20,0,20000,-3639,16361
2008/10/21,0,93000,-4000,89000
2008/10/22,0,0,0,0
2008/10/23,0,0,-192454,-192454
2008/10/24,0,15000,-2000,13000
2008/10/27,0,64000,-43252,20748
2008/10/28,0,136000,-38000,98000
2008/10/29,0,64000,-150000,-86000
2008/10/30,0,108000,-16000,92000
2008/10/31,0,160000,-22545,137455
2008/11/03,0,142000,-157000,-15000
2008/11/04,0,149000,-52000,97000
2008/11/05,0,320000,-26000,294000
2008/11/06,0,26000,-30000,-4000
2008/11/07,0,79383,-429140,-349757
2008/11/10,0,219000,-102000,117000
2008/11/11,0,378000,-63000,315000
2008/11/12,0,22000,-285000,-263000
2008/11/13,0,43000,-80600,-37600
2008/11/14,0,46000,-78842,-32842
2008/11/17,0,110000,-12806,97194
2008/11/18,0,103000,-46000,57000
2008/11/19,0,56000,-771000,-715000
2008/11/20,0,58000,-565000,-507000
2008/11/21,0,243000,-161000,82000
2008/11/24,0,64000,-30000,34000
2008/11/25,0,92000,-1000,91000
2008/11/26,0,9000,-9000,0
2008/11/27,0,121000,-95000,26000
2008/11/28,0,179000,-15000,164000
2008/12/01,0,16000,-2000,14000
2008/12/02,0,89000,-36000,53000
2008/12/03,0,52000,-193000,-141000
2008/12/04,0,42000,-156826,-114826
2008/12/05,0,22000,-29000,-7000
2008/12/08,0,189000,-4000,185000
2008/12/09,0,147000,-23000,124000
2008/12/10,0,76000,-24000,52000
2008/12/11,0,63000,-114000,-51000
2008/12/12,0,42000,-331000,-289000
2008/12/15,0,201000,-64000,137000
2008/12/16,0,81000,-120000,-39000
2008/12/17,0,152000,-158000,-6000
2008/12/18,0,31000,-5000,26000
2008/12/19,0,25000,-269000,-244000
2008/12/22,0,236000,-28000,208000
2008/12/23,0,8000,-120000,-112000
2008/12/24,0,49000,-43000,6000
2008/12/25,0,13000,-40000,-27000
2008/12/26,0,29000,-31000,-2000
2008/12/29,0,32000,-6000,26000
2008/12/30,0,60000,-9737,50263
2008/12/31,0,5000,-50000,-45000
2009/01/01,0,0,0,0
2009/01/02,0,0,0,0
2009/01/05,0,77000,-9000,68000
2009/01/06,0,112000,-10000,102000
2009/01/07,0,495000,-78000,417000
2009/01/08,0,95000,-462000,-367000
2009/01/09,0,101000,-84000,17000
2009/01/12,0,106000,-8000,98000
2009/01/13,0,32000,-116000,-84000
2009/01/14,0,37000,-26000,11000
2009/01/15,0,153000,-41000,112000
2009/01/16,0,91000,-9000,82000
2009/01/19,0,135318,-56000,79318
2009/01/20,0,200000,-68419,131581
2009/01/21,0,190000,-42494,147506
2009/01/22,0,0,0,0
2009/01/23,0,0,0,0
2009/01/26,0,0,0,0
2009/01/27,0,0,0,0
2009/01/28,0,0,0,0
2009/01/29,0,0,0,0
2009/01/30,0,0,0,0
2009/02/02,0,34000,-30299,3701
2009/02/03,0,5000,-83000,-78000
2009/02/04,0,60000,-14000,46000
2009/02/05,0,49000,-2000,47000
2009/02/06,0,8000,-33000,-25000
2009/02/09,0,67000,-143000,-76000
2009/02/10,0,55000,-112000,-57000
2009/02/11,0,21000,-166000,-145000
2009/02/12,0,19637,-256000,-236363
2009/02/13,0,111000,-42000,69000
2009/02/16,0,34000,-56000,-22000
2009/02/17,0,38000,-320000,-282000
2009/02/18,0,112000,-219000,-107000
2009/02/19,0,74000,-105000,-31000
2009/02/20,0,120000,-29374,90626
2009/02/23,0,74000,-28000,46000
2009/02/24,0,54000,-9000,45000
2009/02/25,0,104000,-5000,99000
2009/02/26,0,254000,-90000,164000
2009/02/27,0,76000,-16000,60000
2009/03/02,0,147000,-184000,-37000
2009/03/03,0,120000,-31000,89000
2009/03/04,0,170000,-187000,-17000
2009/03/05,0,25000,-67000,-42000
2009/03/06,0,79000,-3000,76000
2009/03/09,0,68000,-34000,34000
2009/03/10,0,93000,-24000,69000
2009/03/11,0,176000,-180000,-4000
2009/03/12,0,241000,-94000,147000
2009/03/13,0,416000,-31000,385000
2009/03/16,0,163000,-206000,-43000
2009/03/17,0,316000,-280000,36000
2009/03/18,0,103000,-65000,38000
2009/03/19,0,133000,-231022,-98022
2009/03/20,0,257000,-438000,-181000
2009/03/23,0,173000,-252000,-79000
2009/03/24,0,233000,-52000,181000
2009/03/25,0,185000,-3000,182000
2009/03/26,0,78000,-321000,-243000
2009/03/27,0,35000,-737000,-702000
2009/03/30,0,29000,-453000,-424000
2009/03/31,0,90000,-44000,46000
2009/04/01,0,221000,-192000,29000
2009/04/02,0,802000,-21000,781000
2009/04/03,0,102000,-142000,-40000
2009/04/06,0,51000,-101012,-50012
2009/04/07,0,247000,-58000,189000
2009/04/08,0,49000,-525000,-476000
2009/04/09,0,266000,-166000,100000
2009/04/10,0,432000,-527000,-95000
2009/04/13,0,282000,-307000,-25000
2009/04/14,0,138086,-324000,-185914
2009/04/15,0,355480,-762000,-406520
2009/04/16,0,841000,-337000,504000
2009/04/17,0,373000,-526480,-153480
2009/04/20,0,571000,-36000,535000
2009/04/21,0,411000,-179000,232000
2009/04/22,0,72000,-752000,-680000
2009/04/23,0,52000,-497000,-445000
2009/04/24,0,293000,-539000,-246000
2009/04/27,0,665000,-155000,510000
2009/04/28,0,440000,-279018,160982
2009/04/29,0,467000,-207000,260000
2009/04/30,0,9000,0,9000
2009/05/01,0,0,0,0
2009/05/04,0,212000,-3000,209000
2009/05/05,0,571000,-201000,370000
2009/05/06,0,969000,-157495,811505
2009/05/07,0,267000,-748000,-481000
2009/05/08,0,661000,-119000,542000
2009/05/11,0,209000,-497000,-288000
2009/05/12,0,217000,-204000,13000
2009/05/13,0,72000,-200000,-128000
2009/05/14,0,88000,-448000,-360000
2009/05/15,0,75000,-681000,-606000
2009/05/18,0,69000,-428000,-359000
2009/05/19,0,450000,-268000,182000
2009/05/20,0,707000,-440000,267000
2009/05/21,0,347000,-526000,-179000
2009/05/22,0,17000,-550497,-533497
2009/05/25,0,279000,-239000,40000
2009/05/26,0,918000,-594000,324000
2009/05/27,0,566000,-275000,291000
2009/05/28,0,0,0,0
2009/05/29,0,0,0,0
2009/06/01,0,507000,-922000,-415000
2009/06/02,0,65000,-156000,-91000
2009/06/03,0,286000,-302000,-16000
2009/06/04,0,287000,-348000,-61000
2009/06/05,0,23000,-446000,-423000
2009/06/08,0,165000,-178000,-13000
2009/06/09,0,1295000,-44000,1251000
2009/06/10,0,74000,-37000,37000
2009/06/11,0,224000,-274000,-50000
2009/06/12,0,54559,-1184000,-1129441
2009/06/15,0,168000,-225000,-57000
2009/06/16,0,62000,-131000,-69000
2009/06/17,0,72000,-198000,-126000
2009/06/18,0,130000,-398000,-268000
2009/06/19,0,144000,-155000,-11000
2009/06/22,0,153000,-228000,-75000
2009/06/23,0,52000,-58000,-6000
2009/06/24,0,368000,-628000,-260000
2009/06/25,0,150000,-255000,-105000
2009/06/26,0,116000,-189000,-73000
2009/06/29,0,82000,-64000,18000
2009/06/30,0,467000,-32000,435000
2009/07/01,0,836000,-148000,688000
2009/07/02,0,46000,-29000,17000
2009/07/03,0,140000,-78000,62000
2009/07/06,0,814000,-244344,569656
2009/07/07,0,238000,-710180,-472180
2009/07/08,0,10000,-28000,-18000
2009/07/09,0,483000,-15000,468000
2009/07/10,0,5000,-50000,-45000
2009/07/13,0,260000,-308000,-48000
2009/07/14,0,41000,-123000,-82000
2009/07/15,0,755530,-141000,614530
2009/07/16,0,56000,-86000,-30000
2009/07/17,0,154000,-42000,112000
2009/07/20,0,95000,-58000,37000
2009/07/21,0,54000,-91000,-37000
2009/07/22,0,304000,-35000,269000
2009/07/23,0,53000,-70000,-17000
2009/07/24,0,5000,-92000,-87000
2009/07/27,0,172000,-38000,134000
2009/07/28,0,175257,-179000,-3743
2009/07/29,0,255000,-106000,149000
2009/07/30,0,8000,-191000,-183000
2009/07/31,0,18000,-157000,-139000
2009/08/03,0,21556,-793000,-771444
2009/08/04,0,132000,-916000,-784000
2009/08/05,0,43000,-194000,-151000
2009/08/06,0,46000,-179000,-133000
2009/08/07,0,0,0,0
2009/08/10,0,54000,-155000,-101000
2009/08/11,0,33000,-96000,-63000
2009/08/12,0,62000,-96000,-34000
2009/08/13,0,52000,-240000,-188000
2009/08/14,0,16000,-28000,-12000
2009/08/17,0,224000,-124000,100000
2009/08/18,0,438000,-153000,285000
2009/08/19,0,378000,-91000,287000
2009/08/20,0,22000,-224000,-202000
2009/08/21,0,2000,-290000,-288000
2009/08/24,0,85000,-37400,47600
2009/08/25,0,0,-132550,-132550
2009/08/26,0,32000,-62240,-30240
2009/08/27,0,1000,-5000,-4000
2009/08/28,0,50000,-110000,-60000
2009/08/31,0,125000,-37000,88000
2009/09/01,0,76000,-120000,-44000
2009/09/02,0,2380,-147000,-144620
2009/09/03,0,49000,-87000,-38000
2009/09/04,0,133000,-189000,-56000
2009/09/07,0,6000,-147000,-141000
2009/09/08,0,545000,-87000,458000
2009/09/09,0,318000,-45000,273000
2009/09/10,0,776000,-167000,609000
2009/09/11,0,38000,-23000,15000
2009/09/14,0,75000,-517000,-442000
2009/09/15,0,102000,-4000,98000
2009/09/16,0,227000,-301540,-74540
2009/09/17,0,143000,-31000,112000
2009/09/18,0,15000,-105000,-90000
2009/09/21,0,193000,-857000,-664000
2009/09/22,0,5000,-108000,-103000
2009/09/23,0,19000,-587944,-568944
2009/09/24,0,8000,-101000,-93000
2009/09/25,0,38000,-254000,-216000
2009/09/28,0,17000,-32423,-15423
2009/09/29,0,62000,-17000,45000
2009/09/30,0,15000,-40000,-25000
2009/10/01,0,13000,-103000,-90000
2009/10/02,0,7000,-178000,-171000
2009/10/05,0,4000,-267000,-263000
2009/10/06,0,2000,-209000,-207000
2009/10/07,0,26000,-20000,6000
2009/10/08,0,7000,-94000,-87000
2009/10/09,0,11000,-176000,-165000
2009/10/12,0,8000,-84000,-76000
2009/10/13,0,164000,-137000,27000
2009/10/14,0,57000,-1000,56000
2009/10/15,0,217000,-6000,211000
2009/10/16,0,269000,-136000,133000
2009/10/19,0,49000,-158000,-109000
2009/10/20,0,1000,-46000,-45000
2009/10/21,0,8000,-10541,-2541
2009/10/22,0,9000,-104000,-95000
2009/10/23,0,72000,-4000,68000
2009/10/26,0,69000,-3000,66000
2009/10/27,0,23000,-5000,18000
2009/10/28,0,10000,-119000,-109000
2009/10/29,0,307000,-53000,254000
2009/10/30,0,14000,-371000,-357000
2009/11/02,0,41000,-260000,-219000
2009/11/03,0,6000,-266000,-260000
2009/11/04,0,97000,-12240,84760
2009/11/05,0,46000,-142000,-96000
2009/11/06,0,63000,-25000,38000
2009/11/09,0,576000,-32000,544000
2009/11/10,0,28000,-27000,1000
2009/11/11,0,545000,-15000,530000
2009/11/12,0,20000,-13000,7000
2009/11/13,0,568000,-27000,541000
2009/11/16,0,12000,-24000,-12000
2009/11/17,0,48000,-48000,0
2009/11/18,0,2000,-164000,-162000
2009/11/19,0,29000,-101000,-72000
2009/11/20,0,19000,-36000,-17000
2009/11/23,0,1000,-1000,0
2009/11/24,0,12000,-3000,9000
2009/11/25,0,85000,0,85000
2009/11/26,0,106000,-24000,82000
2009/11/27,0,4000,-188000,-184000
2009/11/30,0,174000,-46699,127301
2009/12/01,0,94000,-29000,65000
2009/12/02,0,61000,-12000,49000
2009/12/03,0,9000,-27000,-18000
2009/12/04,0,12000,-41000,-29000
2009/12/07,0,37000,0,37000
2009/12/08,0,2000,-49000,-47000
2009/12/09,0,4000,-74000,-70000
2009/12/10,0,0,-453000,-453000
2009/12/11,0,50000,-68000,-18000
2009/12/14,0,103000,-237000,-134000
2009/12/15,0,5000,-260000,-255000
2009/12/16,0,19000,-713000,-694000
2009/12/17,0,9000,-22000,-13000
2009/12/18,0,2000,-11000,-9000
2009/12/21,0,10000,-22000,-12000
2009/12/22,0,31000,-98424,-67424
2009/12/23,0,35000,-270000,-235000
2009/12/24,0,0,-66000,-66000
2009/12/25,0,10000,-2000,8000
2009/12/28,0,400000,-1000,399000
2009/12/29,0,101000,-12000,89000
2009/12/30,0,8000,-42000,-34000
2009/12/31,0,117000,-24000,93000
2010/01/01,0,0,0,0
2010/01/04,0,4000,-287000,-283000
2010/01/05,0,533000,-391000,142000
2010/01/06,0,672000,-93000,579000
2010/01/07,0,219000,-111000,108000
2010/01/08,0,398000,-138000,260000
2010/01/11,0,14000,-330000,-316000
2010/01/12,0,20000,-237000,-217000
2010/01/13,0,249000,-54000,195000
2010/01/14,0,99000,-40146,58854
2010/01/15,0,9000,-33000,-24000
2010/01/18,0,79000,-3150,75850
2010/01/19,0,75000,-6000,69000
2010/01/20,0,740,-183000,-182260
2010/01/21,0,71000,-28000,43000
2010/01/22,0,41000,-191000,-150000
2010/01/25,0,1000,-408000,-407000
2010/01/26,0,18000,-1193000,-1175000
2010/01/27,0,36000,-158000,-122000
2010/01/28,0,78000,-77000,1000
2010/01/29,0,80000,-270000,-190000
2010/02/01,0,125000,-18000,107000
2010/02/02,0,15000,-24000,-9000
2010/02/03,0,92000,-7000,85000
2010/02/04,0,23000,0,23000
2010/02/05,0,74000,-25120,48880
2010/02/08,0,154000,-29000,125000
2010/02/09,0,109000,-29476,79524
2010/02/10,0,92000,-90000,2000
2010/02/11,0,0,0,0
2010/02/12,0,0,0,0
2010/02/15,0,0,0,0
2010/02/16,0,0,0,0
2010/02/17,0,0,0,0
2010/02/18,0,0,0,0
2010/02/19,0,0,0,0
2010/02/22,0,421000,-42000,379000
2010/02/23,0,7000,-128000,-121000
2010/02/24,0,100000,-102000,-2000
2010/02/25,0,27000,-129000,-102000
2010/02/26,0,27000,-113000,-86000
2010/03/01,0,190000,-87000,103000
2010/03/02,0,13000,-35000,-22000
2010/03/03,0,8000,-7000,1000
2010/03/04,0,9000,-211000,-202000
2010/03/05,0,168000,-37000,131000
2010/03/08,0,16000,-34000,-18000
2010/03/09,0,23000,-6000,17000
2010/03/10,0,12000,-91000,-79000
2010/03/11,0,7000,-71000,-64000
2010/03/12,0,140000,0,140000
2010/03/15,0,1000,-50000,-49000
2010/03/16,0,59000,-91000,-32000
2010/03/17,0,1124000,-52000,1072000
2010/03/18,0,391000,-35000,356000
2010/03/19,0,34000,0,34000
2010/03/22,0,66000,-27000,39000
2010/03/23,0,78000,-8000,70000
2010/03/24,0,4000,-56754,-52754
2010/03/25,0,871000,-93000,778000
2010/03/26,0,203000,-37000,166000
2010/03/29,0,97000,-4000,93000
2010/03/30,0,10000,0,10000
2010/03/31,0,2000,-23000,-21000
2010/04/01,0,120000,0,120000
2010/04/02,0,235000,0,235000
2010/04/05,0,0,0,0
2010/04/06,0,67000,-4639,62361
2010/04/07,0,0,-4000,-4000
2010/04/08,0,23000,-4000,19000
2010/04/09,0,3000,0,3000
2010/04/12,0,10000,0,10000
2010/04/13,0,10000,-6000,4000
2010/04/14,0,0,-26000,-26000
2010/04/15,0,6000,-10000,-4000
2010/04/16,0,0,-50000,-50000
2010/04/19,0,12000,-106000,-94000
2010/04/20,0,22000,-39000,-17000
2010/04/21,0,4000,-15000,-11000
2010/04/22,0,0,-133000,-133000
2010/04/23,0,0,-365000,-365000
2010/04/26,0,382339,-9000,373339
2010/04/27,0,5000,-16000,-11000
2010/04/28,0,10000,-298000,-288000
2010/04/29,0,4000,-152000,-148000
2010/04/30,0,76000,-9000,67000
2010/05/03,0,0,-17000,-17000
2010/05/04,0,1000,-9000,-8000
2010/05/05,0,2000,-186000,-184000
2010/05/06,0,0,-422000,-422000
2010/05/07,0,62000,-16000,46000
2010/05/10,0,27000,-250000,-223000
2010/05/11,0,3000,-964000,-961000
2010/05/12,0,15000,-176000,-161000
2010/05/13,0,93000,-17000,76000
2010/05/14,0,386000,0,386000
2010/05/17,0,13000,-378000,-365000
2010/05/18,0,303000,0,303000
2010/05/19,0,841000,-130000,711000
2010/05/20,0,5000,-360000,-355000
2010/05/21,0,58000,-129000,-71000
2010/05/24,0,0,-4000,-4000
2010/05/25,0,168000,-205000,-37000
2010/05/26,0,154000,-30000,124000
2010/05/27,0,77000,-28000,49000
2010/05/28,0,66000,-107000,-41000
2010/05/31,0,1000,0,1000
2010/06/01,0,3000,-326000,-323000
2010/06/02,0,55000,-3000,52000
2010/06/03,0,22000,0,22000
2010/06/04,0,10000,0,10000
2010/06/07,0,28000,-81000,-53000
2010/06/08,0,53000,-284000,-231000
2010/06/09,0,0,-584000,-584000
2010/06/10,0,0,-7000,-7000
2010/06/11,0,33000,-8000,25000
2010/06/14,0,54000,0,54000
2010/06/15,0,898000,-84000,814000
2010/06/16,0,0,0,0
2010/06/17,0,1664000,-1000,1663000
2010/06/18,0,0,-6000,-6000
2010/06/21,0,45000,-4000,41000
2010/06/22,0,4000,0,4000
2010/06/23,0,14000,0,14000
2010/06/24,0,0,-1000,-1000
2010/06/25,0,48000,0,48000
2010/06/28,0,0,0,0
2010/06/29,0,88000,0,88000
2010/06/30,0,25000,-3000,22000
2010/07/01,0,165000,-5000,160000
2010/07/02,0,49000,-38000,11000
2010/07/05,0,28000,-35995,-7995
2010/07/06,0,243000,0,243000
2010/07/07,0,0,-24000,-24000
2010/07/08,0,15000,-10000,5000
2010/07/09,0,0,-83000,-83000
2010/07/12,0,31000,-15000,16000
2010/07/13,0,60000,-2000,58000
2010/07/14,0,0,0,0
2010/07/15,0,0,0,0
2010/07/16,0,0,-45000,-45000
2010/07/19,0,9000,-36000,-27000
2010/07/20,0,114000,-20000,94000
2010/07/21,0,130000,0,130000
2010/07/22,0,18000,-1000,17000
2010/07/23,0,125000,-17000,108000
2010/07/26,0,31000,-4000,27000
2010/07/27,0,66000,-35000,31000
2010/07/28,0,45000,-11000,34000
2010/07/29,0,0,-162360,-162360
2010/07/30,0,1000,-162000,-161000
2010/08/02,0,239000,-143000,96000
2010/08/03,0,0,-93000,-93000
2010/08/04,0,0,-34000,-34000
2010/08/05,0,0,-87000,-87000
2010/08/06,0,27000,-21000,6000
2010/08/09,0,55000,-46000,9000
2010/08/10,0,0,-80000,-80000
2010/08/11,0,0,-92000,-92000
2010/08/12,0,0,-92000,-92000
2010/08/13,0,4000,-154000,-150000
2010/08/16,0,10000,-5000,5000
2010/08/17,0,0,-3000,-3000
2010/08/18,0,1000,-124000,-123000
2010/08/19,0,5000,-10000,-5000
2010/08/20,0,21000,-35000,-14000
2010/08/23,0,257000,-6000,251000
2010/08/24,0,3000,-164000,-161000
2010/08/25,0,0,-384000,-384000
2010/08/26,0,0,-65000,-65000
2010/08/27,0,7000,-194000,-187000
2010/08/30,0,20000,-102000,-82000
2010/08/31,0,0,-37000,-37000
2010/09/01,0,5000,-84000,-79000
2010/09/02,0,3000,-244520,-241520
2010/09/03,0,17000,-122000,-105000
2010/09/06,0,51000,0,51000
2010/09/07,0,0,-70000,-70000
2010/09/08,0,6485,-38000,-31515
2010/09/09,0,32000,-19000,13000
2010/09/10,0,9000,-2000,7000
2010/09/13,0,100000,-3000,97000
2010/09/14,0,0,-14000,-14000
2010/09/15,0,0,-20000,-20000
2010/09/16,0,4000,-25000,-21000
2010/09/17,0,149000,-11000,138000
2010/09/20,0,42000,-5000,37000
2010/09/21,0,0,0,0
2010/09/22,0,0,0,0
2010/09/23,0,99000,0,99000
2010/09/24,0,129000,-122000,7000
2010/09/27,0,0,-52000,-52000
2010/09/28,0,63000,-1000,62000
2010/09/29,0,15000,-25000,-10000
2010/09/30,0,0,-102000,-102000
2010/10/01,0,13000,-3000,10000
2010/10/04,0,44000,-16000,28000
2010/10/05,0,46000,-7000,39000
2010/10/06,0,3000,-1000,2000
2010/10/07,0,7000,-5110,1890
2010/10/08,0,115000,-6000,109000
2010/10/11,0,6000,-104000,-98000
2010/10/12,0,5000,-123000,-118000
2010/10/13,0,173000,-203000,-30000
2010/10/14,0,174000,-46000,128000
2010/10/15,0,216000,-6000,210000
2010/10/18,0,0,-75000,-75000
2010/10/19,0,5000,-229000,-224000
2010/10/20,0,39000,-65000,-26000
2010/10/21,0,0,-43000,-43000
2010/10/22,0,0,-196000,-196000
2010/10/25,0,100000,-4000,96000
2010/10/26,0,16000,0,16000
2010/10/27,0,13000,0,13000
2010/10/28,0,231000,-22000,209000
2010/10/29,0,57000,-38000,19000
2010/11/01,0,913000,-1000,912000
2010/11/02,0,112000,-16000,96000
2010/11/03,0,30000,-75000,-45000
2010/11/04,0,51000,0,51000
2010/11/05,0,49000,0,49000
2010/11/08,0,29000,0,29000
2010/11/09,0,141192,0,141192
2010/11/10,0,84000,-20000,64000
2010/11/11,0,84000,0,84000
2010/11/12,0,50000,-133000,-83000
2010/11/15,0,0,-17000,-17000
2010/11/16,0,873000,-68000,805000
2010/11/17,0,0,-85000,-85000
2010/11/18,0,31000,-40000,-9000
2010/11/19,0,4000,-33000,-29000
2010/11/22,0,0,0,0
2010/11/23,0,0,-46000,-46000
2010/11/24,0,153000,0,153000
2010/11/25,0,16000,0,16000
2010/11/26,0,36000,0,36000
2010/11/29,0,174000,-21000,153000
2010/11/30,0,78000,-8000,70000
2010/12/01,0,164000,-6000,158000
2010/12/02,0,417000,-44000,373000
2010/12/03,0,10000,-68000,-58000
2010/12/06,0,287000,-107000,180000
2010/12/07,0,40000,-191000,-151000
2010/12/08,0,71000,-554000,-483000
2010/12/09,0,358000,-128000,230000
2010/12/10,0,125000,-5000,120000
2010/12/13,0,22000,-208000,-186000
2010/12/14,0,267000,-304934,-37934
2010/12/15,0,424000,-69000,355000
2010/12/16,0,100000,-136000,-36000
2010/12/17,0,0,-187000,-187000
2010/12/20,0,47000,-86000,-39000
2010/12/21,0,6000,-199000,-193000
2010/12/22,0,58000,-37000,21000
2010/12/23,0,141000,-392000,-251000
2010/12/24,0,64000,-142000,-78000
2010/12/27,0,124000,-120000,4000
2010/12/28,0,17000,-106000,-89000
2010/12/29,0,112000,-45307,66693
2010/12/30,0,168000,-46000,122000
2010/12/31,0,32000,-34000,-2000
2011/01/03,0,24000,-63000,-39000
2011/01/04,0,21000,-104000,-83000
2011/01/05,0,57000,-171000,-114000
2011/01/06,0,171000,-35000,136000
2011/01/07,0,75000,-229000,-154000
2011/01/10,0,20000,-105000,-85000
2011/01/11,0,432000,-41000,391000
2011/01/12,0,40000,-36000,4000
2011/01/13,0,64000,-338000,-274000
2011/01/14,0,54000,-11000,43000
2011/01/17,0,15000,-54384,-39384
2011/01/18,0,96000,-76000,20000
2011/01/19,0,68000,-350000,-282000
2011/01/20,0,22000,-4000,18000
2011/01/21,0,19000,-229000,-210000
2011/01/24,0,24000,-203000,-179000
2011/01/25,0,70000,-248000,-178000
2011/01/26,0,34000,-146000,-112000
2011/01/27,0,55000,-99000,-44000
2011/01/28,0,3000,-88000,-85000
2011/01/31,0,0,0,0
2011/02/01,0,0,0,0
2011/02/02,0,0,0,0
2011/02/03,0,0,0,0
2011/02/04,0,0,0,0
2011/02/07,0,0,0,0
2011/02/08,0,343000,-274000,69000
2011/02/09,0,129000,-190000,-61000
2011/02/10,0,55000,-120000,-65000
2011/02/11,0,200000,-461000,-261000
2011/02/14,0,40000,-183000,-143000
2011/02/15,0,52000,-736000,-684000
2011/02/16,0,0,-49000,-49000
2011/02/17,0,40000,-141000,-101000
2011/02/18,0,3000,-23000,-20000
2011/02/21,0,25000,-91000,-66000
2011/02/22,0,479000,-84000,395000
2011/02/23,0,269000,-47000,222000
2011/02/24,0,257000,-40000,217000
2011/02/25,0,331000,-50000,281000
2011/02/28,0,0,0,0
2011/03/01,0,70000,0,70000
2011/03/02,0,136000,-200000,-64000
2011/03/03,0,276000,-348000,-72000
2011/03/04,0,5000,-172000,-167000
2011/03/07,0,54000,-5984,48016
2011/03/08,0,122000,-96000,26000
2011/03/09,0,1000,-30000,-29000
2011/03/10,0,11000,-6000,5000
2011/03/11,0,89000,-85000,4000
2011/03/14,0,268000,-246000,22000
2011/03/15,0,691000,-7000,684000
2011/03/16,0,581000,0,581000
2011/03/17,0,139000,-100000,39000
2011/03/18,0,28000,-274000,-246000
2011/03/21,0,76000,-251000,-175000
2011/03/22,0,0,-123000,-123000
2011/03/23,0,12000,-70000,-58000
2011/03/24,0,0,-30000,-30000
2011/03/25,0,60000,-29000,31000
2011/03/28,0,124000,0,124000
2011/03/29,0,127000,-1000,126000
2011/03/30,0,91000,-38000,53000
2011/03/31,0,39000,-40000,-1000
2011/04/01,0,12000,-9000,3000
2011/04/04,0,0,0,0
2011/04/05,0,0,0,0
2011/04/06,0,81000,-34000,47000
2011/04/07,0,335000,0,335000
2011/04/08,0,222000,-57000,165000
2011/04/11,0,24000,-136000,-112000
2011/04/12,0,490000,-5000,485000
2011/04/13,0,247000,0,247000
2011/04/14,0,131000,-64000,67000
2011/04/15,0,0,-24000,-24000
2011/04/18,0,31000,-99904,-68904
2011/04/19,0,57000,-184000,-127000
2011/04/20,0,29000,-5000,24000
2011/04/21,0,239000,0,239000
2011/04/22,0,30000,0,30000
2011/04/25,0,110000,0,110000
2011/04/26,0,53000,-14000,39000
2011/04/27,0,42000,-62000,-20000
2011/04/28,0,2000,-143000,-141000
2011/04/29,0,1000,-414000,-413000
2011/05/02,0,0,0,0
2011/05/03,0,112000,-14802,97198
2011/05/04,0,62000,-140000,-78000
2011/05/05,0,195000,-8000,187000
2011/05/06,0,77000,0,77000
2011/05/09,0,120000,-20000,100000
2011/05/10,0,14000,-2000,12000
2011/05/11,0,0,-30388,-30388
2011/05/12,0,5000,-20000,-15000
2011/05/13,0,14000,-5000,9000
2011/05/16,0,110000,-8000,102000
2011/05/17,0,43000,0,43000
2011/05/18,0,124000,-9000,115000
2011/05/19,0,94000,-148,93852
2011/05/20,0,58000,-33000,25000
2011/05/23,0,101000,-109000,-8000
2011/05/24,0,172000,0,172000
2011/05/25,0,24000,-22000,2000
2011/05/26,0,45000,-23000,22000
2011/05/27,0,79000,-65000,14000
2011/05/30,0,79000,-42000,37000
2011/05/31,0,157000,-3000,154000
2011/06/01,0,29000,-9000,20000
2011/06/02,0,85000,0,85000
2011/06/03,0,61000,-2000,59000
2011/06/06,0,0,0,0
2011/06/07,0,56000,-46000,10000
2011/06/08,0,0,-10000,-10000
2011/06/09,0,55000,-1000,54000
2011/06/10,0,0,-48000,-48000
2011/06/13,0,73000,-33000,40000
2011/06/14,0,37000,-1000,36000
2011/06/15,0,210000,-51000,159000
2011/06/16,0,94000,-50000,44000
2011/06/17,0,102000,-102000,0
2011/06/20,0,142000,-9000,133000
2011/06/21,0,274000,0,274000
2011/06/22,0,1000,-11000,-10000
2011/06/23,0,135000,0,135000
2011/06/24,0,77000,-3000,74000
2011/06/27,0,12000,0,12000
2011/06/28,0,26000,0,26000
2011/06/29,0,212000,-55000,157000
2011/06/30,0,77000,0,77000
2011/07/01,0,37000,-3000,34000
2011/07/04,0,0,-89000,-89000
2011/07/05,0,133000,-481000,-348000
2011/07/06,0,4000,-279000,-275000
2011/07/07,0,118000,-17000,101000
2011/07/08,0,18000,-53000,-35000
2011/07/11,0,193000,-3000,190000
2011/07/12,0,127000,0,127000
2011/07/13,0,269000,0,269000
2011/07/14,0,257000,0,257000
2011/07/15,0,134000,0,134000
2011/07/18,0,109000,-775,108225
2011/07/19,0,0,0,0
2011/07/20,0,131000,0,131000
2011/07/21,0,0,0,0
2011/07/22,0,10000,0,10000
2011/07/25,0,0,-61000,-61000
2011/07/26,0,0,-32541,-32541
2011/07/27,0,0,-75000,-75000
2011/07/28,0,0,-31000,-31000
2011/07/29,0,3000,-289000,-286000
2011/08/01,0,5000,0,5000
2011/08/02,0,58000,-34000,24000
2011/08/03,0,318000,-93000,225000
2011/08/04,0,258000,-23000,235000
2011/08/05,0,448000,-6000,442000
2011/08/08,0,417000,-44000,373000
2011/08/09,0,609000,-15000,594000
2011/08/10,0,27000,-163000,-136000
2011/08/11,0,118000,-160000,-42000
2011/08/12,0,10000,-227000,-217000
2011/08/15,0,268000,-309,267691
2011/08/16,0,10000,-28000,-18000
2011/08/17,0,108000,-2000,106000
2011/08/18,0,122000,-15000,107000
2011/08/19,0,161000,0,161000
2011/08/22,0,313000,-20000,293000
2011/08/23,0,172000,0,172000
2011/08/24,0,112000,-29000,83000
2011/08/25,0,106000,0,106000
2011/08/26,0,72000,0,72000
2011/08/29,0,59000,-280000,-221000
2011/08/30,0,0,-101000,-101000
2011/08/31,0,0,-37000,-37000
2011/09/01,0,11000,-223000,-212000
2011/09/02,0,0,-58000,-58000
2011/09/05,0,1000,-173000,-172000
2011/09/06,0,71000,-18000,53000
2011/09/07,0,78000,0,78000
2011/09/08,0,35000,-191000,-156000
2011/09/09,0,64000,-25000,39000
2011/09/12,0,0,0,0
2011/09/13,0,46000,-14000,32000
2011/09/14,0,310000,-18000,292000
2011/09/15,0,191000,0,191000
2011/09/16,0,0,0,0
2011/09/19,0,120000,0,120000
2011/09/20,0,238000,-9000,229000
2011/09/21,0,133000,-8000,125000
2011/09/22,0,56000,-1000,55000
2011/09/23,0,434000,-30000,404000
2011/09/26,0,337000,0,337000
2011/09/27,0,25000,0,25000
2011/09/28,0,23000,-66000,-43000
2011/09/29,0,18000,-27000,-9000
2011/09/30,0,0,-36000,-36000
2011/10/03,0,10000,-1000,9000
2011/10/04,0,130000,0,130000
2011/10/05,0,92000,0,92000
2011/10/06,0,85000,0,85000
2011/10/07,0,10000,0,10000
2011/10/10,0,0,0,0
2011/10/11,0,0,-13000,-13000
2011/10/12,0,54000,0,54000
2011/10/13,0,4000,-10000,-6000
2011/10/14,0,17000,-17040,-40
2011/10/17,0,0,-4000,-4000
2011/10/18,0,14207,-5000,9207
2011/10/19,0,60000,0,60000
2011/10/20,0,20000,0,20000
2011/10/21,0,123000,-17000,106000
2011/10/24,0,112000,0,112000
2011/10/25,0,23000,0,23000
2011/10/26,0,237000,0,237000
2011/10/27,0,89000,-3000,86000
2011/10/28,0,225000,0,225000
2011/10/31,0,14000,-49332,-35332
2011/11/01,0,138000,0,138000
2011/11/02,0,132000,-2000,130000
2011/11/03,0,83000,-24000,59000
2011/11/04,0,335000,-85000,250000
2011/11/07,0,0,0,0
2011/11/08,0,5000,-18000,-13000
2011/11/09,0,0,0,0
2011/11/10,0,132000,-4000,128000
2011/11/11,0,18000,-49000,-31000
2011/11/14,0,1000,0,1000
2011/11/15,0,2000,0,2000
2011/11/16,0,0,-26000,-26000
2011/11/17,0,37000,-46000,-9000
2011/11/18,0,149000,-22000,127000
2011/11/21,0,288000,-8000,280000
2011/11/22,0,267000,0,267000
2011/11/23,0,152000,-50000,102000
2011/11/24,0,136000,0,136000
2011/11/25,0,99000,-154000,-55000
2011/11/28,0,60000,-31000,29000
2011/11/29,0,76000,-22000,54000
2011/11/30,0,13000,-217000,-204000
2011/12/01,0,108000,0,108000
2011/12/02,0,75000,0,75000
2011/12/05,0,16000,-23340,-7340
2011/12/06,0,0,-33000,-33000
2011/12/07,0,61000,0,61000
2011/12/08,0,0,-69000,-69000
2011/12/09,0,12000,-121000,-109000
2011/12/12,0,4000,0,4000
2011/12/13,0,7000,-85000,-78000
2011/12/14,0,7000,0,7000
2011/12/15,0,27000,-3000,24000
2011/12/16,0,94000,-6000,88000
2011/12/19,0,95000,-9000,86000
2011/12/20,0,53000,0,53000
2011/12/21,0,39000,-4000,35000
2011/12/22,0,44000,-4000,40000
2011/12/23,0,87000,-1000,86000
2011/12/26,0,9000,-7000,2000
2011/12/27,0,76000,-6000,70000
2011/12/28,0,127000,-1000,126000
2011/12/29,0,105000,0,105000
2011/12/30,0,118000,-22000,96000
2012/01/02,0,23000,0,23000
2012/01/03,0,98000,0,98000
2012/01/04,0,65000,-41000,24000
2012/01/05,0,74000,0,74000
2012/01/06,0,0,-38000,-38000
2012/01/09,0,22000,-4000,18000
2012/01/10,0,44000,0,44000
2012/01/11,0,0,0,0
2012/01/12,0,18000,0,18000
2012/01/13,0,18000,-20000,-2000
2012/01/16,0,0,-138000,-138000
2012/01/17,0,17000,-54000,-37000
2012/01/18,0,0,-23000,-23000
2012/01/19,0,0,0,0
2012/01/20,0,0,0,0
2012/01/23,0,0,0,0
2012/01/24,0,0,0,0
2012/01/25,0,0,0,0
2012/01/26,0,0,0,0
2012/01/27,0,0,0,0
2012/01/30,0,2000,-13000,-11000
2012/01/31,0,30000,-76000,-46000
2012/02/01,0,12000,-123000,-111000
2012/02/02,0,0,-161000,-161000
2012/02/03,0,0,-316000,-316000
2012/02/06,0,0,-51508,-51508
2012/02/07,0,6000,-10000,-4000
2012/02/08,0,128000,-25000,103000
2012/02/09,0,2000,-254000,-252000
2012/02/10,0,0,-188000,-188000
2012/02/13,0,190000,-4000,186000
2012/02/14,0,7000,-325000,-318000
2012/02/15,0,19000,-59000,-40000
2012/02/16,0,200000,-122000,78000
2012/02/17,0,252000,-66000,186000
2012/02/20,0,0,-210000,-210000
2012/02/21,0,0,-418000,-418000
2012/02/22,0,118000,-5000,113000
2012/02/23,0,2000,-130000,-128000
2012/02/24,0,0,-220000,-220000
2012/02/27,0,0,0,0
2012/02/28,0,0,0,0
2012/02/29,0,166014,-93000,73014
2012/03/01,0,193000,0,193000
2012/03/02,0,2000,-24000,-22000
2012/03/05,0,0,-364000,-364000
2012/03/06,0,247000,-62000,185000
2012/03/07,0,0,-107000,-107000
2012/03/08,0,27000,-183000,-156000
2012/03/09,0,6000,-87000,-81000
2012/03/12,0,0,-160299,-160299
2012/03/13,0,323000,-23000,300000
2012/03/14,0,233000,-13000,220000
2012/03/15,0,4000,-22000,-18000
2012/03/16,0,0,-86000,-86000
2012/03/19,0,69000,-324000,-255000
2012/03/20,0,13000,-87000,-74000
2012/03/21,0,21000,-17000,4000
2012/03/22,0,179000,-5000,174000
2012/03/23,0,65000,-4000,61000
2012/03/26,0,1000,-156000,-155000
2012/03/27,0,0,-57000,-57000
2012/03/28,0,0,-130000,-130000
2012/03/29,0,4000,-50572,-46572
2012/03/30,0,26000,-4000,22000
2012/04/02,0,0,-199000,-199000
2012/04/03,0,289000,-118000,171000
2012/04/04,0,0,0,0
2012/04/05,0,176000,-44000,132000
2012/04/06,0,6000,-279000,-273000
2012/04/09,0,73000,-96000,-23000
2012/04/10,0,9000,-134000,-125000
2012/04/11,0,5000,-30000,-25000
2012/04/12,0,0,-287000,-287000
2012/04/13,0,0,-143000,-143000
2012/04/16,0,0,-28000,-28000
2012/04/17,0,20000,-32000,-12000
2012/04/18,0,25000,-3000,22000
2012/04/19,0,70000,0,70000
2012/04/20,0,1000,0,1000
2012/04/23,0,147000,-8000,139000
2012/04/24,0,11000,-13000,-2000
2012/04/25,0,21000,-1000,20000
2012/04/26,0,7003,-95000,-87997
2012/04/27,0,14000,-54232,-40232
2012/04/30,0,45000,0,45000
2012/05/01,0,0,0,0
2012/05/02,0,107000,-105000,2000
2012/05/03,0,7000,-27000,-20000
2012/05/04,0,9000,-17000,-8000
2012/05/07,0,4000,-25000,-21000
2012/05/08,0,0,-457,-457
2012/05/09,0,51000,-63926,-12926
2012/05/10,0,41000,0,41000
2012/05/11,0,103000,-6000,97000
2012/05/14,0,61000,-11000,50000
2012/05/15,0,219000,-12000,207000
2012/05/16,0,221000,-3000,218000
2012/05/17,0,0,-2000,-2000
2012/05/18,0,129000,-8000,121000
2012/05/21,0,129000,-3000,126000
2012/05/22,0,1000,0,1000
2012/05/23,0,115000,-28000,87000
2012/05/24,0,160000,-6000,154000
2012/05/25,0,6000,0,6000
2012/05/28,0,13000,-7000,6000
2012/05/29,0,4000,-3000,1000
2012/05/30,0,6000,-12000,-6000
2012/05/31,0,13000,-16000,-3000
2012/06/01,0,48000,-8000,40000
2012/06/04,0,255000,0,255000
2012/06/05,0,31000,-14000,17000
2012/06/06,0,0,-3000,-3000
2012/06/07,0,0,-2000,-2000
2012/06/08,0,0,-7000,-7000
2012/06/11,0,10000,-1000,9000
2012/06/12,0,0,-36000,-36000
2012/06/13,0,0,-20000,-20000
2012/06/14,0,14000,-2000,12000
2012/06/15,0,35000,0,35000
2012/06/18,0,21000,0,21000
2012/06/19,0,30000,0,30000
2012/06/20,0,38000,-37000,1000
2012/06/21,0,0,-45000,-45000
2012/06/22,0,3000,-51000,-48000
2012/06/25,0,1000,-75000,-74000
2012/06/26,0,0,-7000,-7000
2012/06/27,0,16000,-35000,-19000
2012/06/28,0,94000,-2000,92000
2012/06/29,0,158000,-1000,157000
2012/07/02,0,0,-68000,-68000
2012/07/03,0,109000,0,109000
2012/07/04,0,30000,-12000,18000
2012/07/05,0,8000,-1000,7000
2012/07/06,0,1000,-28000,-27000
2012/07/09,0,5000,0,5000
2012/07/10,0,31000,0,31000
2012/07/11,0,24000,0,24000
2012/07/12,0,7000,-12000,-5000
2012/07/13,0,76000,0,76000
2012/07/16,0,0,-4712,-4712
2012/07/17,0,47000,0,47000
2012/07/18,0,0,-132000,-132000
2012/07/19,0,13000,-13448,-448
2012/07/20,0,0,0,0
2012/07/23,0,30000,-12000,18000
2012/07/24,0,144000,0,144000
2012/07/25,0,25000,-2000,23000
2012/07/26,0,3000,-6000,-3000
2012/07/27,0,0,-10000,-10000
2012/07/30,0,2000,-6000,-4000
2012/07/31,0,1000,-18000,-17000
2012/08/01,0,0,-1000,-1000
2012/08/02,0,0,0,0
2012/08/03,0,0,-40000,-40000
2012/08/06,0,28000,0,28000
2012/08/07,0,0,0,0
2012/08/08,0,29000,0,29000
2012/08/09,0,236000,0,236000
2012/08/10,0,79000,-5000,74000
2012/08/13,0,20000,-15000,5000
2012/08/14,0,170000,-4000,166000
2012/08/15,0,16000,0,16000
2012/08/16,0,11000,0,11000
2012/08/17,0,0,-19000,-19000
2012/08/20,0,0,-34000,-34000
2012/08/21,0,164000,0,164000
2012/08/22,0,7000,-23000,-16000
2012/08/23,0,6000,-1000,5000
2012/08/24,0,0,-33000,-33000
2012/08/27,0,0,-49000,-49000
2012/08/28,0,11000,-66000,-55000
2012/08/29,0,0,0,0
2012/08/30,0,3000,-187000,-184000
2012/08/31,0,2000,-1000,1000
2012/09/03,0,0,-15000,-15000
2012/09/04,0,0,-91000,-91000
2012/09/05,0,0,-64000,-64000
2012/09/06,0,1000,-69000,-68000
2012/09/07,0,0,-6000,-6000
2012/09/10,0,0,-90000,-90000
2012/09/11,0,0,-38000,-38000
2012/09/12,0,111000,0,111000
2012/09/13,0,57000,0,57000
2012/09/14,0,93000,-50000,43000
2012/09/17,0,0,-169000,-169000
2012/09/18,0,216000,0,216000
2012/09/19,0,60000,0,60000
2012/09/20,0,2000,-33000,-31000
2012/09/21,0,0,0,0
2012/09/24,0,9000,-171000,-162000
2012/09/25,0,32000,0,32000
2012/09/26,0,32000,0,32000
2012/09/27,0,5000,0,5000
2012/09/28,0,0,0,0
2012/10/01,0,0,-1000,-1000
2012/10/02,0,24000,0,24000
2012/10/03,0,0,-16000,-16000
2012/10/04,0,169000,-2000,167000
2012/10/05,0,6000,-8000,-2000
2012/10/08,0,0,-205000,-205000
2012/10/09,0,83000,0,83000
2012/10/10,0,0,0,0
2012/10/11,0,76000,-21000,55000
2012/10/12,0,2000,-201000,-199000
2012/10/15,0,83000,-24000,59000
2012/10/16,0,0,-24000,-24000
2012/10/17,0,0,0,0
2012/10/18,0,39000,0,39000
2012/10/19,0,3000,-17000,-14000
2012/10/22,0,0,-76000,-76000
2012/10/23,0,0,-275000,-275000
2012/10/24,0,117000,-23000,94000
2012/10/25,0,39000,-7000,32000
2012/10/26,0,12000,0,12000
2012/10/29,0,75000,-14000,61000
2012/10/30,0,102000,-9000,93000
2012/10/31,0,13000,-3000,10000
2012/11/01,0,7000,-13000,-6000
2012/11/02,0,0,0,0
2012/11/05,0,139000,-12000,127000
2012/11/06,0,59000,0,59000
2012/11/07,0,10000,-107000,-97000
2012/11/08,0,15000,-175000,-160000
2012/11/09,0,13000,-12000,1000
2012/11/12,0,0,-7000,-7000
2012/11/13,0,0,-29000,-29000
2012/11/14,0,13000,0,13000
2012/11/15,0,35000,-1000,34000
2012/11/16,0,4000,-4000,0
2012/11/19,0,207000,-13000,194000
2012/11/20,0,0,-17000,-17000
2012/11/21,0,32000,-28000,4000
2012/11/22,0,53000,-172000,-119000
2012/11/23,0,0,-40000,-40000
2012/11/26,0,1000,-1000,0
2012/11/27,0,8000,-8000,0
2012/11/28,0,55000,0,55000
2012/11/29,0,161000,-3000,158000
2012/11/30,0,161000,0,161000
2012/12/03,0,147000,-8000,139000
2012/12/04,0,19000,-2000,17000
2012/12/05,0,205000,0,205000
2012/12/06,0,7000,-24000,-17000
2012/12/07,0,0,-1000,-1000
2012/12/10,0,9000,-29000,-20000
2012/12/11,0,76000,-1000,75000
2012/12/12,0,175000,0,175000
2012/12/13,0,5000,-15000,-10000
2012/12/14,0,43000,0,43000
2012/12/17,0,0,-6000,-6000
2012/12/18,0,0,0,0
2012/12/19,0,0,-50000,-50000
2012/12/20,0,5000,-259000,-254000
2012/12/21,0,5000,-201000,-196000
2012/12/24,0,5000,-2000,3000
2012/12/25,0,319000,-2000,317000
2012/12/26,0,0,0,0
2012/12/27,0,5000,-97000,-92000
2012/12/28,0,5000,-3000,2000
2012/12/31,0,0,0,0
2013/01/01,0,0,0,0
2013/01/02,0,8000,-56000,-48000
2013/01/03,0,0,-73000,-73000
2013/01/04,0,0,-265000,-265000
2013/01/07,0,9000,-193000,-184000
2013/01/08,0,5000,-131000,-126000
2013/01/09,0,4000,-55000,-51000
2013/01/10,0,166000,-12000,154000
2013/01/11,0,2000,-15000,-13000
2013/01/14,0,0,-336000,-336000
2013/01/15,0,0,-134000,-134000
2013/01/16,0,6000,-101000,-95000
2013/01/17,0,4000,-21000,-17000
2013/01/18,0,0,-8000,-8000
2013/01/21,0,0,-25000,-25000
2013/01/22,0,34000,-52000,-18000
2013/01/23,0,0,-9000,-9000
2013/01/24,0,40000,-70000,-30000
2013/01/25,0,16000,-16000,0
2013/01/28,0,0,0,0
2013/01/29,0,29000,-13000,16000
2013/01/30,0,18000,-71000,-53000
2013/01/31,0,0,-37000,-37000
2013/02/01,0,3000,-30000,-27000
2013/02/04,0,58000,-24000,34000
2013/02/05,0,43000,-65000,-22000
2013/02/06,0,0,-182000,-182000
2013/02/07,0,0,0,0
2013/02/08,0,0,0,0
2013/02/11,0,0,0,0
2013/02/12,0,0,0,0
2013/02/13,0,0,0,0
2013/02/14,0,0,0,0
2013/02/15,0,0,0,0
2013/02/18,0,119000,-150000,-31000
2013/02/19,0,75000,-90000,-15000
2013/02/20,0,0,-128000,-128000
2013/02/21,0,0,-79000,-79000
2013/02/22,0,4000,-70000,-66000
2013/02/25,0,4000,-80000,-76000
2013/02/26,0,0,-52000,-52000
2013/02/27,0,0,-5000,-5000
2013/02/28,0,0,0,0
2013/03/01,0,0,-20000,-20000
2013/03/04,0,0,-51000,-51000
2013/03/05,0,0,-117061,-117061
2013/03/06,0,0,0,0
2013/03/07,0,6000,-12438,-6438
2013/03/08,0,0,0,0
2013/03/11,0,58000,-70000,-12000
2013/03/12,0,0,-8000,-8000
2013/03/13,0,0,-125000,-125000
2013/03/14,0,4000,-144058,-140058
2013/03/15,0,41000,-155324,-114324
2013/03/18,0,1000,-38000,-37000
2013/03/19,0,1000,-10000,-9000
2013/03/20,0,0,-15000,-15000
2013/03/21,0,13000,0,13000
2013/03/22,0,0,-12000,-12000
2013/03/25,0,4000,-1000,3000
2013/03/26,0,0,-9000,-9000
2013/03/27,0,0,-9000,-9000
2013/03/28,0,0,-3000,-3000
2013/03/29,0,1000,0,1000
2013/04/01,0,9000,-10000,-1000
2013/04/02,0,0,-26000,-26000
2013/04/03,0,0,0,0
2013/04/04,0,0,0,0
2013/04/05,0,0,0,0
2013/04/08,0,0,-11000,-11000
2013/04/09,0,0,-6000,-6000
2013/04/10,0,0,-4000,-4000
2013/04/11,0,11000,-36000,-25000
2013/04/12,0,0,-11000,-11000
2013/04/15,0,0,-9000,-9000
2013/04/16,0,0,-38000,-38000
2013/04/17,0,14000,-135000,-121000
2013/04/18,0,0,-14000,-14000
2013/04/19,0,4000,-12000,-8000
2013/04/22,0,1000,-24000,-23000
2013/04/23,0,1000,0,1000
2013/04/24,0,1000,-30000,-29000
2013/04/25,0,0,-26000,-26000
2013/04/26,0,0,0,0
2013/04/29,0,1000,0,1000
2013/04/30,0,50000,0,50000
2013/05/01,0,0,0,0
2013/05/02,0,0,-29000,-29000
2013/05/03,0,0,-34000,-34000
2013/05/06,0,0,-1000,-1000
2013/05/07,0,17000,-11000,6000
2013/05/08,0,21000,0,21000
2013/05/09,0,28000,0,28000
2013/05/10,0,25000,-1000,24000
2013/05/13,0,0,0,0
2013/05/14,0,232000,0,232000
2013/05/15,0,19000,-66000,-47000
2013/05/16,0,260000,0,260000
2013/05/17,0,24000,0,24000
2013/05/20,0,0,-6000,-6000
2013/05/21,0,6000,-40000,-34000
2013/05/22,0,6000,-13000,-7000
2013/05/23,0,0,-503000,-503000
2013/05/24,0,0,-120000,-120000
2013/05/27,0,41000,0,41000
2013/05/28,0,0,-14000,-14000
2013/05/29,0,0,-36000,-36000
2013/05/30,0,68000,-110000,-42000
2013/05/31,0,155000,-50763,104237
2013/06/03,0,0,-26000,-26000
2013/06/04,0,0,-15000,-15000
2013/06/05,0,0,-15000,-15000
2013/06/06,0,0,-47000,-47000
2013/06/07,0,2000,-35000,-33000
2013/06/10,0,7000,0,7000
2013/06/11,0,0,-11000,-11000
2013/06/12,0,0,0,0
2013/06/13,0,9000,-18000,-9000
2013/06/14,0,19000,0,19000
2013/06/17,0,0,0,0
2013/06/18,0,2000,0,2000
2013/06/19,0,0,0,0
2013/06/20,0,9000,0,9000
2013/06/21,0,225000,0,225000
2013/06/24,0,5000,-95000,-90000
2013/06/25,0,264000,-19000,245000
2013/06/26,0,0,-92000,-92000
2013/06/27,0,93000,-64000,29000
2013/06/28,0,0,-102000,-102000
2013/07/01,0,253000,-134000,119000
2013/07/02,0,0,-220000,-220000
2013/07/03,0,19000,-11000,8000
2013/07/04,0,103026,-87000,16026
2013/07/05,0,271000,-78000,193000
2013/07/08,0,0,-174000,-174000
2013/07/09,0,199000,-19000,180000
2013/07/10,0,76000,0,76000
2013/07/11,0,271000,-181000,90000
2013/07/12,0,41000,-25000,16000
2013/07/15,0,12000,-15000,-3000
2013/07/16,0,113000,-115000,-2000
2013/07/17,0,291000,-236000,55000
2013/07/18,0,17000,-34000,-17000
2013/07/19,0,64000,-30000,34000
2013/07/22,0,16000,0,16000
2013/07/23,0,97000,-5000,92000
2013/07/24,0,56000,0,56000
2013/07/25,0,114000,0,114000
2013/07/26,0,24000,-48000,-24000
2013/07/29,0,28000,-35000,-7000
2013/07/30,0,259000,-45000,214000
2013/07/31,0,110000,-13000,97000
2013/08/01,0,97000,-3000,94000
2013/08/02,0,173000,0,173000
2013/08/05,0,29000,-50000,-21000
2013/08/06,0,0,-135000,-135000
2013/08/07,0,0,-285000,-285000
2013/08/08,0,50000,-44000,6000
2013/08/09,0,44000,-431000,-387000
2013/08/12,0,60000,-119000,-59000
2013/08/13,0,14000,0,14000
2013/08/14,0,58000,-214000,-156000
2013/08/15,0,28000,-116000,-88000
2013/08/16,0,51000,-13000,38000
2013/08/19,0,0,-15000,-15000
2013/08/20,0,5000,-30000,-25000
2013/08/21,0,0,0,0
2013/08/22,0,29000,-39000,-10000
2013/08/23,0,60000,-57005,2995
2013/08/26,0,0,-12000,-12000
2013/08/27,0,4000,-8000,-4000
2013/08/28,0,7000,-2000,5000
2013/08/29,0,19000,-2000,17000
2013/08/30,0,0,-52000,-52000
2013/09/02,0,5000,0,5000
2013/09/03,0,0,-9000,-9000
2013/09/04,0,0,-8000,-8000
2013/09/05,0,0,0,0
2013/09/06,0,19000,-4000,15000
2013/09/09,0,3000,-18000,-15000
2013/09/10,0,0,-1000,-1000
2013/09/11,0,4000,0,4000
2013/09/12,0,2000,-5000,-3000
2013/09/13,0,0,0,0
2013/09/16,0,6000,0,6000
2013/09/17,0,0,-14000,-14000
2013/09/18,0,0,-7000,-7000
2013/09/19,0,0,0,0
2013/09/20,0,0,0,0
2013/09/23,0,0,-4000,-4000
2013/09/24,0,0,-53000,-53000
2013/09/25,0,0,-9000,-9000
2013/09/26,0,27000,-81000,-54000
2013/09/27,0,0,-6000,-6000
2013/09/30,0,20000,-8000,12000
2013/10/01,0,13000,-1000,12000
2013/10/02,0,3000,-10000,-7000
2013/10/03,0,24000,-19000,5000
2013/10/04,0,62000,0,62000
2013/10/07,0,0,-3000,-3000
2013/10/08,0,2000,-5000,-3000
2013/10/09,0,0,-8000,-8000
2013/10/10,0,0,0,0
2013/10/11,0,6000,-23000,-17000
2013/10/14,0,18000,0,18000
2013/10/15,0,49000,-9000,40000
2013/10/16,0,3000,-2000,1000
2013/10/17,0,0,0,0
2013/10/18,0,0,-20000,-20000
2013/10/21,0,0,-3000,-3000
2013/10/22,0,0,0,0
2013/10/23,0,0,-61000,-61000
2013/10/24,0,0,0,0
2013/10/25,0,0,-84000,-84000
2013/10/28,0,0,0,0
2013/10/29,0,11000,0,11000
2013/10/30,0,13000,-2000,11000
2013/10/31,0,51000,-1000,50000
2013/11/01,0,0,-3000,-3000
2013/11/04,0,0,-26799,-26799
2013/11/05,0,97000,-7000,90000
2013/11/06,0,0,0,0
2013/11/07,0,0,0,0
2013/11/08,0,8000,0,8000
2013/11/11,0,0,-92000,-92000
2013/11/12,0,56000,0,56000
2013/11/13,0,1000,0,1000
2013/11/14,0,8000,0,8000
2013/11/15,0,36000,-1000,35000
2013/11/18,0,16000,-17000,-1000
2013/11/19,0,56000,0,56000
2013/11/20,0,25000,0,25000
2013/11/21,0,0,-63000,-63000
2013/11/22,0,0,-11000,-11000
2013/11/25,0,68000,-1000,67000
2013/11/26,0,39000,-76000,-37000
2013/11/27,0,0,-20000,-20000
2013/11/28,0,122000,0,122000
2013/11/29,0,1000,0,1000
2013/12/02,0,96000,-19000,77000
2013/12/03,0,9000,-37000,-28000
2013/12/04,0,5000,0,5000
2013/12/05,0,0,-11000,-11000
2013/12/06,0,22000,-12000,10000
2013/12/09,0,2000,0,2000
2013/12/10,0,0,0,0
2013/12/11,0,4000,-12000,-8000
2013/12/12,0,9000,-10000,-1000
2013/12/13,0,2000,0,2000
2013/12/16,0,0,0,0
2013/12/17,0,0,0,0
2013/12/18,0,0,-7000,-7000
2013/12/19,0,26000,-3000,23000
2013/12/20,0,5000,0,5000
2013/12/23,0,0,0,0
2013/12/24,0,1000,0,1000
2013/12/25,0,0,0,0
2013/12/26,0,0,0,0
2013/12/27,0,1000,0,1000
2013/12/30,0,27000,-221000,-194000
2013/12/31,0,4000,-30000,-26000
2014/01/02,0,0,0,0
2014/01/03,0,0,-33000,-33000
2014/01/06,0,0,-2000,-2000
2014/01/07,0,56000,0,56000
2014/01/08,0,11000,0,11000
2014/01/09,0,0,0,0
2014/01/10,0,3000,0,3000
2014/01/13,0,0,-7000,-7000
2014/01/14,0,1000,-7000,-6000
2014/01/15,0,0,-28000,-28000
2014/01/16,0,1001,-29000,-27999
2014/01/17,0,201000,-39000,162000
2014/01/20,0,101000,-100000,1000
2014/01/21,0,0,-1000,-1000
2014/01/22,0,15000,0,15000
2014/01/23,0,0,-42000,-42000
2014/01/24,0,0,0,0
2014/01/27,0,9000,-36000,-27000
2014/02/05,0,4000,-88000,-84000
2014/02/06,0,0,-1000,-1000
2014/02/07,0,0,-67000,-67000
2014/02/10,0,0,0,0
2014/02/11,0,0,-22000,-22000
2014/02/12,0,0,-14000,-14000
2014/02/13,0,0,-71000,-71000
2014/02/14,0,11000,0,11000
2014/02/17,0,0,0,0
2014/02/18,0,18000,0,18000
2014/02/19,0,24000,0,24000
2014/02/20,0,12000,-57000,-45000
2014/02/21,0,0,0,0
2014/02/24,0,7000,-7000,0
2014/02/25,0,0,-3000,-3000
2014/02/26,0,0,0,0
2014/02/27,0,0,-11000,-11000
2014/03/03,0,0,-153000,-153000
2014/03/04,0,0,0,0
2014/03/05,0,0,0,0
2014/03/06,0,0,-35000,-35000
2014/03/07,0,0,-38000,-38000
2014/03/10,0,2000,0,2000
2014/03/11,0,23000,-2000,21000
2014/03/12,0,0,-2000,-2000
2014/03/13,0,0,-85000,-85000
2014/03/14,0,78000,-47000,31000
2014/03/17,0,3000,-55000,-52000
2014/03/18,0,3000,0,3000
2014/03/19,0,3000,-9000,-6000
2014/03/20,0,5000,-55548,-50548
2014/03/21,0,69000,-20000,49000
2014/03/24,0,42000,0,42000
2014/03/25,0,0,-19000,-19000
2014/03/26,0,0,-137000,-137000
2014/03/27,0,642,-40000,-39358
2014/03/28,0,0,-10000,-10000
2014/03/31,0,0,-10000,-10000
2014/04/01,0,0,-33000,-33000
2014/04/02,0,0,0,0
2014/04/03,0,0,-6000,-6000
2014/04/07,0,0,0,0
2014/04/08,0,731,-1000,-269
2014/04/09,0,0,-8000,-8000
2014/04/10,0,31000,-36000,-5000
2014/04/11,0,0,-43000,-43000
2014/04/14,0,0,0,0
2014/04/15,0,51000,-4000,47000
2014/04/16,0,29000,-201000,-172000
2014/04/17,0,39000,-12000,27000
2014/04/18,0,0,-17000,-17000
2014/04/21,0,0,-25000,-25000
2014/04/22,0,5000,-15000,-10000
2014/04/23,0,6000,-28000,-22000
2014/04/24,0,15000,-24000,-9000
2014/04/25,0,6000,-43000,-37000
2014/04/28,0,32000,0,32000
2014/04/29,0,3000,-69000,-66000
2014/04/30,0,3000,-18000,-15000
2014/05/02,0,0,-14000,-14000
2014/05/05,0,1000,-21000,-20000
2014/05/06,0,0,-92000,-92000
2014/05/07,0,24000,-108000,-84000
2014/05/08,0,37000,-30528,6472
2014/05/09,0,26000,-92000,-66000
2014/05/12,0,16000,-33000,-17000
2014/05/13,0,0,-40000,-40000
2014/05/14,0,305000,0,305000
2014/05/15,0,75000,-5000,70000
2014/05/16,0,0,-10000,-10000
2014/05/19,0,8000,-2000,6000
2014/05/20,0,0,-17000,-17000
2014/05/21,0,0,-32000,-32000
2014/05/22,0,0,-2000,-2000
2014/05/23,0,22407,0,22407
2014/05/26,0,0,-8000,-8000
2014/05/27,0,0,-35000,-35000
2014/05/28,0,3000,-20000,-17000
2014/05/29,0,0,-719,-719
2014/05/30,0,0,-43000,-43000
2014/06/03,0,0,-14000,-14000
2014/06/04,0,0,-9000,-9000
2014/06/05,0,0,-36000,-36000
2014/06/06,0,0,-6000,-6000
2014/06/09,0,1000,0,1000
2014/06/10,0,0,-5000,-5000
2014/06/11,0,0,-14000,-14000
2014/06/12,0,0,-2000,-2000
2014/06/13,0,2000,-2000,0
2014/06/16,0,2000,0,2000
2014/06/17,0,157000,0,157000
2014/06/18,0,93000,-6000,87000
2014/06/19,0,164000,0,164000
2014/06/20,0,0,0,0
2014/06/23,0,177000,0,177000
2014/06/24,0,122000,-13000,109000
2014/06/25,0,109000,-38000,71000
2014/06/26,0,71000,-140000,-69000
2014/06/27,0,47000,-21000,26000
2014/06/30,0,383000,-33000,350000
2014/07/01,0,43000,-391000,-348000
2014/07/02,0,23000,-29000,-6000
2014/07/03,0,0,-24000,-24000
2014/07/04,0,1000,-10000,-9000
2014/07/07,0,1000,-36000,-35000
2014/07/08,0,7000,-15000,-8000
2014/07/09,0,10000,0,10000
2014/07/10,0,57000,-66000,-9000
2014/07/11,0,64000,-5000,59000
2014/07/14,0,0,-20000,-20000
2014/07/15,0,0,-43000,-43000
2014/07/16,0,0,-16000,-16000
2014/07/17,0,0,-78000,-78000
2014/07/18,0,8000,0,8000
2014/07/21,0,70000,0,70000
2014/07/22,0,90000,-15000,75000
2014/07/23,0,0,0,0
2014/07/24,0,13000,-7000,6000
2014/07/25,0,20000,-15000,5000
2014/07/28,0,126000,-10000,116000
2014/07/29,0,292000,-16000,276000
2014/07/30,0,66000,-19000,47000
2014/07/31,0,18000,-69000,-51000
2014/08/01,0,38000,0,38000
2014/08/04,0,16000,-43000,-27000
2014/08/05,0,0,-157000,-157000
2014/08/06,0,0,-41000,-41000
2014/08/07,0,3000,-84000,-81000
2014/08/08,0,7000,-6000,1000
2014/08/11,0,0,0,0
2014/08/12,0,0,-387000,-387000
2014/08/13,0,0,-2000,-2000
2014/08/14,0,20000,-255000,-235000
2014/08/15,0,20000,-68000,-48000
2014/08/18,0,1000,-60000,-59000
2014/08/19,0,0,0,0
2014/08/20,0,0,0,0
2014/08/21,0,1000,0,1000
2014/08/22,0,12000,-30000,-18000
2014/08/25,0,108000,-66000,42000
2014/08/26,0,19000,0,19000
2014/08/27,0,14000,-20000,-6000
2014/08/28,0,37000,0,37000
2014/08/29,0,72000,-43000,29000
2014/09/01,0,0,-3000,-3000
2014/09/02,0,0,-95000,-95000
2014/09/03,0,0,-11000,-11000
2014/09/04,0,0,-10000,-10000
2014/09/05,0,0,-5000,-5000
2014/09/09,0,0,0,0
2014/09/10,0,9000,-36000,-27000
2014/09/11,0,0,-14000,-14000
2014/09/12,0,0,-32000,-32000
2014/09/15,0,0,-3000,-3000
2014/09/16,0,5000,0,5000
2014/09/17,0,240000,-34000,206000
2014/09/18,0,3000,-128000,-125000
2014/09/19,0,12000,-3000,9000
2014/09/22,0,9000,-37000,-28000
2014/09/23,0,65000,0,65000
2014/09/24,0,22000,-25000,-3000
2014/09/25,0,53000,-55261,-2261
2014/09/26,0,5000,-1000,4000
2014/09/29,0,1000,-1000,0
2014/09/30,0,93000,-36000,57000
2014/10/01,0,61000,-79000,-18000
2014/10/02,0,77000,-29000,48000
2014/10/03,0,7000,-134000,-127000
2014/10/06,0,3000,-31000,-28000
2014/10/07,0,5000,-144000,-139000
2014/10/08,0,12000,-12000,0
2014/10/09,0,13000,-49000,-36000
2014/10/13,0,160000,-14000,146000
2014/10/14,0,5000,0,5000
2014/10/15,0,4000,-70000,-66000
2014/10/16,0,23000,-27000,-4000
2014/10/17,0,4000,-102000,-98000
2014/10/20,0,2000,0,2000
2014/10/21,0,0,-3000,-3000
2014/10/22,0,0,0,0
2014/10/23,0,0,0,0
2014/10/24,0,8000,0,8000
2014/10/27,0,20000,0,20000
2014/10/28,0,79000,0,79000
2014/10/29,0,5000,0,5000
2014/10/30,0,14000,-20000,-6000
2014/10/31,0,9000,-23000,-14000
2014/11/03,0,17000,-24000,-7000
2014/11/04,0,1000,0,1000
2014/11/05,0,20000,-21000,-1000
2014/11/06,0,88000,-191,87809
2014/11/07,0,25000,0,25000
2014/11/10,0,112000,0,112000
2014/11/11,0,11000,0,11000
2014/11/12,0,10000,-2000,8000
2014/11/13,0,0,-40000,-40000
2014/11/14,0,7000,-102000,-95000
2014/11/17,0,29000,-9000,20000
2014/11/18,0,102000,-15000,87000
2014/11/19,0,42000,0,42000
2014/11/20,0,26000,0,26000
2014/11/21,0,0,-4000,-4000
2014/11/24,0,2000,-80000,-78000
2014/11/25,0,80000,-42000,38000
2014/11/26,0,0,0,0
2014/11/27,0,14000,0,14000
2014/11/28,0,0,-10000,-10000
2014/12/01,0,92000,0,92000
2014/12/02,0,13000,0,13000
2014/12/03,0,0,-662,-662
2014/12/04,0,0,-52000,-52000
2014/12/05,0,0,-38136,-38136
2014/12/08,0,0,-32000,-32000
2014/12/09,0,5000,0,5000
2014/12/10,0,0,0,0
2014/12/11,0,4000,0,4000
2014/12/12,0,0,-17000,-17000
2014/12/15,0,119000,0,119000
2014/12/16,0,291000,0,291000
2014/12/17,0,118000,-120000,-2000
2014/12/18,0,0,-72000,-72000
2014/12/19,0,128000,-292000,-164000
2014/12/22,0,280000,-53000,227000
2014/12/23,0,92000,0,92000
2014/12/24,0,118000,-11000,107000
2014/12/25,0,5000,0,5000
2014/12/26,0,20000,-1000,19000
2014/12/29,0,0,0,0
2014/12/30,0,4000,-11000,-7000
2014/12/31,0,30000,-30000,0
2015/01/01,0,0,0,0
2015/01/02,0,0,0,0
2015/01/05,0,1000,-191000,-190000
2015/01/06,0,0,-171000,-171000
2015/01/07,0,0,-25000,-25000
2015/01/08,0,137000,-105000,32000
2015/01/09,0,48000,0,48000
2015/01/12,0,61000,-222000,-161000
2015/01/13,0,297000,-20000,277000
2015/01/14,0,31000,-69000,-38000
2015/01/15,0,165000,-67000,98000
2015/01/16,0,1000,-95196,-94196
2015/01/19,0,26000,-127000,-101000
2015/01/20,0,15000,-180000,-165000
2015/01/21,0,0,-77118,-77118
2015/01/22,0,47000,-5000,42000
2015/01/23,0,0,-50000,-50000
2015/01/26,0,0,0,0
2015/01/27,0,0,0,0
2015/01/28,0,0,0,0
2015/01/29,0,80000,-18000,62000
2015/01/30,0,0,-2000,-2000
2015/02/02,0,33000,-19000,14000
2015/02/03,0,0,0,0
2015/02/04,0,71000,-40119,30881
2015/02/05,0,9000,-30118,-21118
2015/02/06,0,0,-21000,-21000
2015/02/09,0,20000,0,20000
2015/02/10,0,303000,-46000,257000
2015/02/11,0,10000,-38000,-28000
2015/02/12,0,0,-46000,-46000
2015/02/13,0,6000,-175000,-169000
2015/02/16,0,0,0,0
2015/02/17,0,0,0,0
2015/02/18,0,0,0,0
2015/02/19,0,0,0,0
2015/02/20,0,0,0,0
2015/02/23,0,0,0,0
2015/02/24,0,0,-24000,-24000
2015/02/25,0,0,-36079,-36079
2015/02/26,0,7000,0,7000
2015/02/27,0,0,0,0
2015/03/02,0,117000,0,117000
2015/03/03,0,9000,-226,8774
2015/03/04,0,31000,0,31000
2015/03/05,0,40000,-133078,-93078
2015/03/06,0,20000,-3000,17000
2015/03/09,0,9000,0,9000
2015/03/10,0,0,-87461,-87461
2015/03/11,0,11000,-33000,-22000
2015/03/12,0,1000,-13000,-12000
2015/03/13,0,0,-50000,-50000
2015/03/16,0,257000,0,257000
2015/03/17,0,27000,-40079,-13079
2015/03/18,0,0,-16000,-16000
2015/03/19,0,118000,-132000,-14000
2015/03/20,0,3000,-6000,-3000
2015/03/23,0,0,-33000,-33000
2015/03/24,0,0,-55000,-55000
2015/03/25,0,118000,-12000,106000
2015/03/26,0,304000,-2000,302000
2015/03/27,0,39000,-201000,-162000
2015/03/30,0,57000,0,57000
2015/03/31,0,0,-3000,-3000
2015/04/01,0,0,-61000,-61000
2015/04/02,0,0,-8000,-8000
2015/04/03,0,0,0,0
2015/04/06,0,0,0,0
2015/04/07,0,700000,-7000,693000
2015/04/08,0,701000,-60000,641000
2015/04/09,0,429000,0,429000
2015/04/10,0,446000,-370000,76000
2015/04/13,0,288000,0,288000
2015/04/14,0,0,-10000,-10000
2015/04/15,0,113000,-145000,-32000
2015/04/16,0,576000,-527000,49000
2015/04/17,0,52000,-64000,-12000
2015/04/20,0,265000,-191000,74000
2015/04/21,0,120000,-1000,119000
2015/04/22,0,171000,-294000,-123000
2015/04/23,0,757000,-374000,383000
2015/04/24,0,281000,-268000,13000
2015/04/27,0,139000,-523000,-384000
2015/04/28,0,86000,0,86000
2015/04/29,0,849000,-165000,684000
2015/04/30,0,84000,-212000,-128000
2015/05/01,0,0,0,0
2015/05/04,0,313000,-200000,113000
2015/05/05,0,170000,-30000,140000
2015/05/06,0,60000,0,60000
2015/05/07,0,0,-496000,-496000
2015/05/08,0,240000,-122000,118000
2015/05/11,0,116000,-429000,-313000
2015/05/12,0,294000,-283000,11000
2015/05/13,0,24000,-29000,-5000
2015/05/14,0,5000,-660000,-655000
2015/05/15,0,1000,-451000,-450000
2015/05/18,0,0,-77000,-77000
2015/05/19,0,130000,-181000,-51000
2015/05/20,0,55000,-376000,-321000
2015/05/21,0,174000,-551000,-377000
2015/05/22,0,0,-53000,-53000
2015/05/25,0,0,-50000,-50000
2015/05/26,0,2000,-2000,0
2015/05/27,0,30000,-165000,-135000
2015/05/28,0,33000,-74000,-41000
2015/05/29,0,17000,0,17000
2015/06/01,0,62000,0,62000
2015/06/02,0,60000,-28000,32000
2015/06/03,0,0,-60000,-60000
2015/06/04,0,60000,-74000,-14000
2015/06/05,0,50000,-456000,-406000
2015/06/08,0,176000,-20000,156000
2015/06/09,0,75000,-5000,70000
2015/06/10,0,170000,-16000,154000
2015/06/11,0,10000,-23000,-13000
2015/06/12,0,26000,-13000,13000
2015/06/15,0,24000,0,24000
2015/06/16,0,75000,0,75000
2015/06/17,0,76000,0,76000
2015/06/18,0,53000,0,53000
2015/06/19,0,0,0,0
2015/06/22,0,61000,0,61000
2015/06/23,0,87000,-18000,69000
2015/06/24,0,86000,0,86000
2015/06/25,0,151000,0,151000
2015/06/26,0,49000,0,49000
2015/06/29,0,0,-167000,-167000
2015/06/30,0,0,-265000,-265000
2015/07/01,0,348000,0,348000
2015/07/02,0,50000,-94000,-44000
2015/07/03,0,50000,-4000,46000
2015/07/06,0,42000,0,42000
2015/07/07,0,113000,0,113000
2015/07/08,0,339000,0,339000
2015/07/09,0,89000,0,89000
2015/07/10,0,0,0,0
2015/07/13,0,0,-92000,-92000
2015/07/14,0,0,-227000,-227000
2015/07/15,0,75000,-22000,53000
2015/07/16,0,31000,0,31000
2015/07/17,0,20000,0,20000
2015/07/20,0,26000,0,26000
2015/07/21,0,0,-50000,-50000
2015/07/22,0,168000,-40000,128000
2015/07/23,0,182000,-171000,11000
2015/07/24,0,10000,-10000,0
2015/07/27,0,466000,-180000,286000
2015/07/28,0,470000,-13000,457000
2015/07/29,0,12000,0,12000
2015/07/30,0,15000,-17000,-2000
2015/07/31,0,6000,-273000,-267000
2015/08/03,0,20000,-311000,-291000
2015/08/04,0,677000,-5000,672000
2015/08/05,0,291000,0,291000
2015/08/06,0,24000,-22000,2000
2015/08/07,0,0,-43000,-43000
2015/08/10,0,112000,-65000,47000
2015/08/11,0,0,-625000,-625000
2015/08/12,0,393000,-14000,379000
2015/08/13,0,16000,0,16000
2015/08/14,0,10000,-36000,-26000
2015/08/17,0,17000,-13000,4000
2015/08/18,0,0,-311000,-311000
2015/08/19,0,58000,-103000,-45000
2015/08/20,0,1000,-61000,-60000
2015/08/21,0,17000,-85000,-68000
2015/08/24,0,233000,-253000,-20000
2015/08/25,0,66000,-76000,-10000
2015/08/26,0,6000,-74000,-68000
2015/08/27,0,4000,-198000,-194000
2015/08/28,0,0,-140000,-140000
2015/08/31,0,0,-181000,-181000
2015/09/01,0,0,-224000,-224000
2015/09/02,0,5000,-33000,-28000
2015/09/03,0,4000,-32000,-28000
2015/09/04,0,5000,-68000,-63000
2015/09/07,0,1000,-263,737
2015/09/08,0,32000,0,32000
2015/09/09,0,118000,0,118000
2015/09/10,0,10000,-3000,7000
2015/09/11,0,1000,0,1000
2015/09/14,0,0,-102000,-102000
2015/09/15,0,18000,-6000,12000
2015/09/16,0,1000,0,1000
2015/09/17,0,85000,-146000,-61000
2015/09/18,0,23000,-1000,22000
2015/09/21,0,163000,-118000,45000
2015/09/22,0,3000,-3000,0
2015/09/23,0,2000,0,2000
2015/09/24,0,40000,-5000,35000
2015/09/25,0,20000,0,20000
2015/09/28,0,0,0,0
2015/09/29,0,0,0,0
2015/09/30,0,33000,-335000,-302000
2015/10/01,0,26000,-160000,-134000
2015/10/02,0,123000,-25000,98000
2015/10/05,0,181000,-93000,88000
2015/10/06,0,69000,-30000,39000
2015/10/07,0,80000,-185000,-105000
2015/10/08,0,8000,-85000,-77000
2015/10/09,0,0,0,0
2015/10/12,0,112000,-167000,-55000
2015/10/13,0,3000,-202000,-199000
2015/10/14,0,6000,-33000,-27000
2015/10/15,0,8000,-99000,-91000
2015/10/16,0,0,-24000,-24000
2015/10/19,0,47000,-17000,30000
2015/10/20,0,0,0,0
2015/10/21,0,14000,-6000,8000
2015/10/22,0,2000,0,2000
2015/10/23,0,0,0,0
2015/10/26,0,0,-83000,-83000
2015/10/27,0,5000,0,5000
2015/10/28,0,2000,0,2000
2015/10/29,0,114000,-16000,98000
2015/10/30,0,34000,0,34000
2015/11/02,0,41000,-13000,28000
2015/11/03,0,160000,-8000,152000
2015/11/04,0,147000,0,147000
2015/11/05,0,67000,0,67000
2015/11/06,0,0,-74000,-74000
2015/11/09,0,0,0,0
2015/11/10,0,15000,-13000,2000
2015/11/11,0,145000,-80000,65000
2015/11/12,0,350000,-4000,346000
2015/11/13,0,16000,-23000,-7000
2015/11/16,0,0,-27000,-27000
2015/11/17,0,56000,-16000,40000
2015/11/18,0,212000,-21000,191000
2015/11/19,0,30000,-3000,27000
2015/11/20,0,0,-2000,-2000
2015/11/23,0,0,-434000,-434000
2015/11/24,0,0,-62000,-62000
2015/11/25,0,10000,-10000,0
2015/11/26,0,66000,-160000,-94000
2015/11/27,0,5000,-45000,-40000
2015/11/30,0,56000,-12000,44000
2015/12/01,0,79000,0,79000
2015/12/02,0,50000,-31000,19000
2015/12/03,0,0,-1000,-1000
2015/12/04,0,12000,-6000,6000
2015/12/07,0,0,-1000,-1000
2015/12/08,0,0,-32000,-32000
2015/12/09,0,7000,0,7000
2015/12/10,0,0,0,0
2015/12/11,0,5000,0,5000
2015/12/14,0,0,0,0
2015/12/15,0,6000,0,6000
2015/12/16,0,18000,-58000,-40000
2015/12/17,0,0,0,0
2015/12/18,0,9000,-20000,-11000
2015/12/21,0,1000,-19000,-18000
2015/12/22,0,0,0,0
2015/12/23,0,0,0,0
2015/12/24,0,0,0,0
2015/12/25,0,6000,0,6000
2015/12/28,0,22000,0,22000
2015/12/29,0,28000,-6000,22000
2015/12/30,0,13000,0,13000
2015/12/31,0,38000,-13000,25000
2016/01/01,0,0,0,0
2016/01/04,0,42000,-53000,-11000
2016/01/05,0,175000,-6000,169000
2016/01/06,0,17000,0,17000
2016/01/07,0,126000,0,126000
2016/01/08,0,30000,-13000,17000
2016/01/11,0,2000,-23000,-21000
2016/01/12,0,95000,-29000,66000
2016/01/13,0,0,-214000,-214000
2016/01/14,0,0,-4000,-4000
2016/01/15,0,5000,-46000,-41000
2016/01/18,0,92000,0,92000
2016/01/19,0,28000,0,28000
2016/01/20,0,0,-64000,-64000
2016/01/21,0,0,0,0
2016/01/22,0,55000,-7000,48000
2016/01/25,0,192000,-5000,187000
2016/01/26,0,95000,-55000,40000
2016/01/27,0,10000,0,10000
2016/01/28,0,0,0,0
2016/01/29,0,367000,-5000,362000
2016/02/01,0,0,-125000,-125000
2016/02/02,0,288000,-10000,278000
2016/02/03,0,195000,-75000,120000
2016/02/04,0,0,0,0
2016/02/05,0,0,0,0
2016/02/08,0,0,0,0
2016/02/09,0,0,0,0
2016/02/10,0,0,0,0
2016/02/11,0,0,0,0
2016/02/12,0,0,0,0
2016/02/15,0,30000,0,30000
2016/02/16,0,168000,-13000,155000
2016/02/17,0,95000,-116000,-21000
2016/02/18,0,276000,-179000,97000
2016/02/19,0,91000,-2000,89000
2016/02/22,0,32000,-18000,14000
2016/02/23,0,135000,-70000,65000
2016/02/24,0,489000,-36000,453000
2016/02/25,0,52000,-38000,14000
2016/02/26,0,113000,-16000,97000
2016/02/29,0,0,0,0
2016/03/01,0,386000,0,386000
2016/03/02,0,205000,-55000,150000
2016/03/03,0,202000,-75000,127000
2016/03/04,0,336000,-102000,234000
2016/03/07,0,552000,-146000,406000
2016/03/08,0,419000,-148000,271000
2016/03/09,0,57000,-118000,-61000
2016/03/10,0,245000,-15000,230000
2016/03/11,0,181000,-51070,129930
2016/03/14,0,129000,-237000,-108000
2016/03/15,0,171000,-210000,-39000
2016/03/16,0,344000,-159000,185000
2016/03/17,0,371000,-220000,151000
2016/03/18,0,163000,-562000,-399000
2016/03/21,0,185000,-261000,-76000
2016/03/22,0,368000,-463000,-95000
2016/03/23,0,432000,-72000,360000
2016/03/24,0,123000,-10000,113000
2016/03/25,0,58000,-20000,38000
2016/03/28,0,272000,-65000,207000
2016/03/29,0,50000,-465000,-415000
2016/03/30,0,193000,-472000,-279000
2016/03/31,0,70000,-20000,50000
2016/04/01,0,111000,-47000,64000
2016/04/04,0,0,0,0
2016/04/05,0,0,0,0
2016/04/06,0,363000,-439000,-76000
2016/04/07,0,172000,-292000,-120000
2016/04/08,0,20000,-104000,-84000
2016/04/11,0,116000,-97000,19000
2016/04/12,0,0,-814000,-814000
2016/04/13,0,110000,-326000,-216000
2016/04/14,0,29000,-130000,-101000
2016/04/15,0,136000,-93000,43000
2016/04/18,0,323000,-142000,181000
2016/04/19,0,36000,-98000,-62000
2016/04/20,0,521000,-188000,333000
2016/04/21,0,109000,-168000,-59000
2016/04/22,0,16000,-206000,-190000
2016/04/25,0,0,-211000,-211000
2016/04/26,0,53000,-155000,-102000
2016/04/27,0,98000,-78000,20000
2016/04/28,0,30000,-233000,-203000
2016/04/29,0,101000,-67000,34000
2016/05/02,0,0,0,0
2016/05/03,0,25000,-21000,4000
2016/05/04,0,118000,-141000,-23000
2016/05/05,0,292000,-586000,-294000
2016/05/06,0,47000,-171000,-124000
2016/05/09,0,2000,-555000,-553000
2016/05/10,0,208000,-615000,-407000
2016/05/11,0,158000,-538000,-380000
2016/05/12,0,0,-394000,-394000
2016/05/13,0,55000,-222000,-167000
2016/05/16,0,93000,0,93000
2016/05/17,0,39000,0,39000
2016/05/18,0,6000,0,6000
2016/05/19,0,16000,-56000,-40000
2016/05/20,0,5000,-20000,-15000
2016/05/23,0,250000,0,250000
2016/05/24,0,50000,-1000,49000
2016/05/25,0,165000,0,165000
2016/05/26,0,95000,0,95000
2016/05/27,0,20000,0,20000
2016/05/30,0,3000,-28000,-25000
2016/05/31,0,90000,-65000,25000
2016/06/01,0,130000,0,130000
2016/06/02,0,67000,-26000,41000
2016/06/03,0,57000,0,57000
2016/06/06,0,0,-38000,-38000
2016/06/07,0,132000,-50000,82000
2016/06/08,0,172000,-12000,160000
2016/06/09,0,0,0,0
2016/06/10,0,0,0,0
2016/06/13,0,4000,-56000,-52000
2016/06/14,0,15000,0,15000
2016/06/15,0,0,-2000,-2000
2016/06/16,0,0,-32000,-32000
2016/06/17,0,60000,-7000,53000
2016/06/20,0,207000,0,207000
2016/06/21,0,86000,0,86000
2016/06/22,0,191000,-50000,141000
2016/06/23,0,47000,0,47000
2016/06/24,0,130000,-192000,-62000
2016/06/27,0,10000,-19000,-9000
2016/06/28,0,139000,0,139000
2016/06/29,0,235000,-53000,182000
2016/06/30,0,547000,-22000,525000
2016/07/01,0,1832000,-177000,1655000
2016/07/04,0,80000,-675000,-595000
2016/07/05,0,8000,-492000,-484000
2016/07/06,0,85000,-124000,-39000
2016/07/07,0,0,-420000,-420000
2016/07/08,0,0,0,0
2016/07/11,0,9000,-300000,-291000
2016/07/12,0,23000,-309000,-286000
2016/07/13,0,2000,-61000,-59000
2016/07/14,0,1000,-85000,-84000
2016/07/15,0,60000,-154000,-94000
2016/07/18,0,22000,0,22000
2016/07/19,0,381000,-7000,374000
2016/07/20,0,35000,-505000,-470000
2016/07/21,0,329000,-288000,41000
2016/07/22,0,7000,-22000,-15000
2016/07/25,0,21000,-86000,-65000
2016/07/26,0,0,-1000,-1000
2016/07/27,0,124000,-25000,99000
2016/07/28,0,29000,0,29000
2016/07/29,0,173000,0,173000
2016/08/01,0,3000,0,3000
2016/08/02,0,5000,0,5000
2016/08/03,0,15000,-88000,-73000
2016/08/04,0,73000,-244000,-171000
2016/08/05,0,78000,-13000,65000
2016/08/08,0,64000,-30000,34000
2016/08/09,0,420000,-712000,-292000
2016/08/10,0,167000,-355000,-188000
2016/08/11,0,83000,-344000,-261000
2016/08/12,0,50000,-72000,-22000
2016/08/15,0,170000,-20000,150000
2016/08/16,0,33000,-105000,-72000
2016/08/17,0,0,-189000,-189000
2016/08/18,0,1000,-55000,-54000
2016/08/19,0,121000,-22000,99000
2016/08/22,0,58000,-40000,18000
2016/08/23,0,94000,-236000,-142000
2016/08/24,0,23000,-86000,-63000
2016/08/25,0,9000,-14000,-5000
2016/08/26,0,2000,-103000,-101000
2016/08/29,0,111000,-91000,20000
2016/08/30,0,34000,-4000,30000
2016/08/31,0,21000,-164000,-143000
2016/09/01,0,43000,-61000,-18000
2016/09/02,0,30000,-13000,17000
2016/09/05,0,28000,0,28000
2016/09/06,0,559000,-12000,547000
2016/09/07,0,300000,-5000,295000
2016/09/08,0,43000,-51000,-8000
2016/09/09,0,0,-130000,-130000
2016/09/12,0,40000,-603000,-563000
2016/09/13,0,115000,-111000,4000
2016/09/14,0,103000,-13000,90000
2016/09/15,0,0,0,0
2016/09/16,0,0,0,0
2016/09/19,0,74000,-60000,14000
2016/09/20,0,62000,-20000,42000
2016/09/21,0,0,-229000,-229000
2016/09/22,0,4000,-116000,-112000
2016/09/23,0,70000,-129000,-59000
2016/09/26,0,0,-26000,-26000
2016/09/27,0,0,0,0
2016/09/28,0,0,0,0
2016/09/29,0,20000,0,20000
2016/09/30,0,51000,-1000,50000
2016/10/03,0,142000,-36000,106000
2016/10/04,0,31000,-3000,28000
2016/10/05,0,17000,-95000,-78000
2016/10/06,0,285000,-79000,206000
2016/10/07,0,212000,0,212000
2016/10/10,0,0,0,0
2016/10/11,0,118000,-205000,-87000
2016/10/12,0,586000,-277000,309000
2016/10/13,0,145000,-185000,-40000
2016/10/14,0,101000,-110000,-9000
2016/10/17,0,85000,-814000,-729000
2016/10/18,0,98000,-18000,80000
2016/10/19,0,126000,-93000,33000
2016/10/20,0,616000,-330000,286000
2016/10/21,0,221000,-439000,-218000
2016/10/24,0,368000,-61000,307000
2016/10/25,0,51000,-260000,-209000
2016/10/26,0,77000,-116000,-39000
2016/10/27,0,100000,-63000,37000
2016/10/28,0,179000,-73000,106000
2016/10/31,0,42000,-147000,-105000
2016/11/01,0,53000,-250000,-197000
2016/11/02,0,339000,-492000,-153000
2016/11/03,0,117000,-299000,-182000
2016/11/04,0,25000,-10000,15000
2016/11/07,0,586000,-66000,520000
2016/11/08,0,296000,-44000,252000
2016/11/09,0,203000,-737000,-534000
2016/11/10,0,462000,-27000,435000
2016/11/11,0,67000,-132000,-65000
2016/11/14,0,57000,-248000,-191000
2016/11/15,0,315000,-136000,179000
2016/11/16,0,432000,-77000,355000
2016/11/17,0,70000,-265000,-195000
2016/11/18,0,15000,-19000,-4000
2016/11/21,0,10000,-121000,-111000
2016/11/22,0,142000,-33000,109000
2016/11/23,0,108000,-80000,28000
2016/11/24,0,3000,0,3000
2016/11/25,0,7000,-3000,4000
2016/11/28,0,48000,-58100,-10100
2016/11/29,0,38000,-17000,21000
2016/11/30,0,0,-362000,-362000
2016/12/01,0,112000,-164000,-52000
2016/12/02,0,59000,-82000,-23000
2016/12/05,0,107000,-133000,-26000
2016/12/06,0,201000,-100000,101000
2016/12/07,0,142000,-64000,78000
2016/12/08,0,48000,-264000,-216000
2016/12/09,0,14000,-72000,-58000
2016/12/12,0,275000,-152000,123000
2016/12/13,0,25000,-80000,-55000
2016/12/14,0,30000,-95000,-65000
2016/12/15,0,266000,-178000,88000
2016/12/16,0,131000,-283000,-152000
2016/12/19,0,15000,-140000,-125000
2016/12/20,0,86000,-45000,41000
2016/12/21,0,84000,-17000,67000
2016/12/22,0,128000,-38000,90000
2016/12/23,0,41000,-52000,-11000
2016/12/26,0,18000,-134000,-116000
2016/12/27,0,151000,-35000,116000
2016/12/28,0,25000,-18000,7000
2016/12/29,0,141000,-425000,-284000
2016/12/30,0,124000,-275000,-151000
2017/01/02,0,0,0,0
2017/01/03,0,339000,0,339000
2017/01/04,0,231000,-71000,160000
2017/01/05,0,160000,-133000,27000
2017/01/06,0,66000,-42000,24000
2017/01/09,0,59000,-111000,-52000
2017/01/10,0,0,-583000,-583000
2017/01/11,0,150000,-145000,5000
2017/01/12,0,1000,-91000,-90000
2017/01/13,0,51000,-155000,-104000
2017/01/16,0,25000,-251000,-226000
2017/01/17,0,15000,-38638,-23638
2017/01/18,0,65000,-83000,-18000
2017/01/19,0,61000,-50000,11000
2017/01/20,0,30000,-23000,7000
2017/01/23,0,155000,0,155000
2017/01/24,0,10000,-100000,-90000
2017/01/25,0,0,0,0
2017/01/26,0,0,0,0
2017/01/27,0,0,0,0
2017/01/30,0,0,0,0
2017/01/31,0,0,0,0
2017/02/01,0,0,0,0
2017/02/02,0,32000,-36000,-4000
2017/02/03,0,0,-46000,-46000
2017/02/06,0,73000,-49000,24000
2017/02/07,0,108000,-20000,88000
2017/02/08,0,1000,-46000,-45000
2017/02/09,0,25000,-62000,-37000
2017/02/10,0,0,-1000,-1000
2017/02/13,0,0,-10000,-10000
2017/02/14,0,96000,-10000,86000
2017/02/15,0,5000,-17000,-12000
2017/02/16,0,169000,0,169000
2017/02/17,0,121000,-65000,56000
2017/02/20,0,0,-101000,-101000
2017/02/21,0,15000,0,15000
2017/02/22,0,63000,-10000,53000
2017/02/23,0,104000,0,104000
2017/02/24,0,25000,0,25000
2017/02/27,0,0,0,0
2017/02/28,0,0,0,0
2017/03/01,0,9000,-46000,-37000
2017/03/02,0,20000,0,20000
2017/03/03,0,0,-12000,-12000
2017/03/06,0,0,0,0
2017/03/07,0,5000,0,5000
2017/03/08,0,0,-26000,-26000
2017/03/09,0,7000,-158000,-151000
2017/03/10,0,20000,-6000,14000
2017/03/13,0,0,0,0
2017/03/14,0,1000,-6000,-5000
2017/03/15,0,5000,-5000,0
2017/03/16,0,167000,-1000,166000
2017/03/17,0,2000,0,2000
2017/03/20,0,0,0,0
2017/03/21,0,41000,0,41000
2017/03/22,0,14000,0,14000
2017/03/23,0,0,0,0
2017/03/24,0,1000,-5000,-4000
2017/03/27,0,5000,0,5000
2017/03/28,0,108000,-4000,104000
2017/03/29,0,364000,0,364000
2017/03/30,0,0,0,0
2017/03/31,0,0,-100000,-100000
2017/04/03,0,0,0,0
2017/04/04,0,0,0,0
2017/04/05,0,891000,-80000,811000
2017/04/06,0,23000,0,23000
2017/04/07,0,230000,-42000,188000
2017/04/10,0,0,-4000,-4000
2017/04/11,0,2000,-30000,-28000
2017/04/12,0,0,-5000,-5000
2017/04/13,0,47000,-75000,-28000
2017/04/14,0,32000,-68000,-36000
2017/04/17,0,18000,0,18000
2017/04/18,0,43000,-21000,22000
2017/04/19,0,0,-67000,-67000
2017/04/20,0,9000,0,9000
2017/04/21,0,0,0,0
2017/04/24,0,0,0,0
2017/04/25,0,4000,-9000,-5000
2017/04/26,0,61000,-1153000,-1092000
2017/04/27,0,0,0,0
2017/04/28,0,0,-2000,-2000
2017/05/01,0,0,0,0
2017/05/02,0,2000,-14000,-12000
2017/05/03,0,0,0,0
2017/05/04,0,0,-7000,-7000
2017/05/05,0,33000,-52000,-19000
2017/05/08,0,19000,0,19000
2017/05/09,0,0,-3092,-3092
2017/05/10,0,0,-32000,-32000
2017/05/11,0,10000,0,10000
2017/05/12,0,0,0,0
2017/05/15,0,10000,0,10000
2017/05/16,0,0,-20000,-20000
2017/05/17,0,27000,-5000,22000
2017/05/18,0,1000,0,1000
2017/05/19,0,0,0,0
2017/05/22,0,100000,-1000,99000
2017/05/23,0,151000,-5000,146000
2017/05/24,0,0,-9000,-9000
2017/05/25,0,60000,-34000,26000
2017/05/26,0,6000,-4000,2000
2017/05/29,0,0,0,0
2017/05/30,0,0,0,0
2017/05/31,0,21000,0,21000
2017/06/01,0,70000,-25000,45000
2017/06/02,0,4000,-20000,-16000
2017/06/05,0,30000,-21000,9000
2017/06/06,0,45000,-940,44060
2017/06/07,0,116000,0,116000
2017/06/08,0,17000,0,17000
2017/06/09,0,2000,-1000,1000
2017/06/12,0,38000,0,38000
2017/06/13,0,1000,-100000,-99000
2017/06/14,0,0,-22000,-22000
2017/06/15,0,0,-200000,-200000
2017/06/16,0,112000,-3000,109000
2017/06/19,0,208000,-100000,108000
2017/06/20,0,163000,0,163000
2017/06/21,0,333000,-160000,173000
2017/06/22,0,20000,-40000,-20000
2017/06/23,0,40000,-21000,19000
2017/06/26,0,1275000,-121000,1154000
2017/06/27,0,1063000,-375000,688000
2017/06/28,0,372000,-1338000,-966000
2017/06/29,0,26000,-2000,24000
2017/06/30,0,5000,-1000,4000
2017/07/03,0,0,-30000,-30000
2017/07/04,0,5000,-6000,-1000
2017/07/05,0,550000,-5000,545000
2017/07/06,0,2000,-40000,-38000
2017/07/07,0,0,0,0
2017/07/10,0,23000,-165000,-142000
2017/07/11,0,502000,-20000,482000
2017/07/12,0,5000,-312000,-307000
2017/07/13,0,50000,-67000,-17000
2017/07/14,0,20000,-31000,-11000
2017/07/17,0,110000,-158000,-48000
2017/07/18,0,2000,-39000,-37000
2017/07/19,0,3000,-20000,-17000
2017/07/20,0,0,-40000,-40000
2017/07/21,0,20000,-60000,-40000
2017/07/24,0,0,-169000,-169000
2017/07/25,0,0,-64000,-64000
2017/07/26,0,0,-466000,-466000
2017/07/27,0,198000,-50000,148000
2017/07/28,0,20000,-1000,19000
2017/07/31,0,2000,-50000,-48000
2017/08/01,0,4000,0,4000
2017/08/02,0,0,-1000,-1000
2017/08/03,0,2000,-48000,-46000
2017/08/04,0,0,-109000,-109000
2017/08/07,0,1000,-18000,-17000
2017/08/08,0,2000,-48000,-46000
2017/08/09,0,0,-385000,-385000
2017/08/10,0,105000,-145000,-40000
2017/08/11,0,9000,-10000,-1000
2017/08/14,0,50000,0,50000
2017/08/15,0,0,-50000,-50000
2017/08/16,0,0,-29000,-29000
2017/08/17,0,0,-3000,-3000
2017/08/18,0,0,0,0
