Date,Open,Buy,Sell,Total
2007/01/02,0,1570000,-1312000,258000
2007/01/03,0,623000,-1443000,-820000
2007/01/04,0,613000,-2463152,-1850152
2007/01/05,0,9413000,-3501198,5911802
2007/01/08,0,744000,-5024649,-4280649
2007/01/09,0,867000,-1413964,-546964
2007/01/10,0,81000,-4327746,-4246746
2007/01/11,0,2306000,-317000,1989000
2007/01/12,0,1820000,-691000,1129000
2007/01/15,0,835000,-1516000,-681000
2007/01/16,0,5651000,-1231000,4420000
2007/01/17,0,1166000,-553000,613000
2007/01/18,0,84000,-776000,-692000
2007/01/19,0,217000,-151000,66000
2007/01/22,0,2411000,-967000,1444000
2007/01/23,0,868000,-1223000,-355000
2007/01/24,0,1645000,-5000,1640000
2007/01/25,0,1089000,-170000,919000
2007/01/26,0,643000,-1363000,-720000
2007/01/29,0,679000,-695848,-16848
2007/01/30,0,265000,-2325099,-2060099
2007/01/31,0,2037000,-3302236,-1265236
2007/02/01,0,2319000,-399000,1920000
2007/02/02,0,2012734,-5000,2007734
2007/02/05,0,1515000,-194000,1321000
2007/02/06,0,1758000,-321000,1437000
2007/02/07,0,1592000,-303000,1289000
2007/02/08,0,1852578,-1768000,84578
2007/02/09,0,2226000,-2109000,117000
2007/02/12,0,1533000,-1373000,160000
2007/02/13,0,1651000,-405570,1245430
2007/02/14,0,2099000,-1843678,255322
2007/02/15,0,0,0,0
2007/02/16,0,0,0,0
2007/02/19,0,0,0,0
2007/02/20,0,0,0,0
2007/02/21,0,0,0,0
2007/02/22,0,0,0,0
2007/02/23,0,0,0,0
2007/02/26,0,3383000,-3317000,66000
2007/02/27,0,3704000,-9971534,-6267534
2007/02/28,0,0,0,0
2007/03/01,0,1182000,-5001000,-3819000
2007/03/02,0,119000,-2751703,-2632703
2007/03/05,0,4461000,-2769985,1691015
2007/03/06,0,887000,-2048000,-1161000
2007/03/07,0,224000,-3880197,-3656197
2007/03/08,0,1169000,-1257000,-88000
2007/03/09,0,970000,-1235000,-265000
2007/03/12,0,607000,-511000,96000
2007/03/13,0,874000,-1662000,-788000
2007/03/14,0,452000,-2689000,-2237000
2007/03/15,0,3274000,-73000,3201000
2007/03/16,0,3344000,-2377000,967000
2007/03/19,0,2787000,-188000,2599000
2007/03/20,0,1874000,-1755000,119000
2007/03/21,0,253000,-10000,243000
2007/03/22,0,6333000,-1597000,4736000
2007/03/23,0,6752000,-197000,6555000
2007/03/26,0,1478000,-9000,1469000
2007/03/27,0,1199000,-2196000,-997000
2007/03/28,0,223000,-2144000,-1921000
2007/03/29,0,1943000,-1762215,180785
2007/03/30,0,2199000,-1471000,728000
2007/04/02,0,2431000,-578000,1853000
2007/04/03,0,820000,-943000,-123000
2007/04/04,0,4627000,-109000,4518000
2007/04/05,0,0,0,0
2007/04/06,0,0,0,0
2007/04/09,0,1661000,-341000,1320000
2007/04/10,0,1397000,-189000,1208000
2007/04/11,0,2027000,-1380000,647000
2007/04/12,0,2023000,-760000,1263000
2007/04/13,0,897000,-541000,356000
2007/04/16,0,4401000,-284000,4117000
2007/04/17,0,1225512,-314649,910863
2007/04/18,0,1378000,-776500,601500
2007/04/19,0,1235000,-3503000,-2268000
2007/04/20,0,262000,-120000,142000
2007/04/23,0,997000,-94000,903000
2007/04/24,0,1560000,-612000,948000
2007/04/25,0,328000,-2264000,-1936000
2007/04/26,0,1084000,-197000,887000
2007/04/27,0,1708000,-2906874,-1198874
2007/04/30,0,1595000,-2674475,-1079475
2007/05/01,0,0,0,0
2007/05/02,0,1715000,-306000,1409000
2007/05/03,0,3590000,-5781000,-2191000
2007/05/04,0,2376000,-327000,2049000
2007/05/07,0,1326000,-106000,1220000
2007/05/08,0,1854000,-77000,1777000
2007/05/09,0,1457000,-105000,1352000
2007/05/10,0,3321000,-659000,2662000
2007/05/11,0,1712000,-1652185,59815
2007/05/14,0,3471000,-4817000,-1346000
2007/05/15,0,1126000,-733000,393000
2007/05/16,0,2138000,-3977000,-1839000
2007/05/17,0,383000,-178000,205000
2007/05/18,0,1980000,-967000,1013000
2007/05/21,0,1054000,-64000,990000
2007/05/22,0,4166000,-1401000,2765000
2007/05/23,0,2363000,-188000,2175000
2007/05/24,0,1539000,-553000,986000
2007/05/25,0,958000,-657000,301000
2007/05/28,0,2058000,-1105000,953000
2007/05/29,0,2150000,-123000,2027000
2007/05/30,0,4048000,-2326000,1722000
2007/05/31,0,3914000,-3799476,114524
2007/06/01,0,3081000,-133000,2948000
2007/06/04,0,1986000,-157000,1829000
2007/06/05,0,3088000,-977000,2111000
2007/06/06,0,5311000,-4170740,1140260
2007/06/07,0,3600000,-2178000,1422000
2007/06/08,0,1920000,-1235000,685000
2007/06/11,0,774000,-252000,522000
2007/06/12,0,1801000,-604000,1197000
2007/06/13,0,3799000,-1082000,2717000
2007/06/14,0,3125000,-693000,2432000
2007/06/15,0,2469000,-919191,1549809
2007/06/18,0,0,0,0
2007/06/19,0,0,0,0
2007/06/20,0,7900000,-1261000,6639000
2007/06/21,0,6096000,-3425618,2670382
2007/06/22,0,3781000,-5973000,-2192000
2007/06/25,0,3492000,-1016000,2476000
2007/06/26,0,2623000,-1289000,1334000
2007/06/27,0,2158000,-1221000,937000
2007/06/28,0,3783000,-3499407,283593
2007/06/29,0,1021000,-2878475,-1857475
2007/07/02,0,2547000,-1321000,1226000
2007/07/03,0,2069000,-4841500,-2772500
2007/07/04,0,5465000,-2490000,2975000
2007/07/05,0,21056000,-5639974,15416026
2007/07/06,0,3574000,-1223488,2350512
2007/07/09,0,3620000,-1774000,1846000
2007/07/10,0,1612000,-747000,865000
2007/07/11,0,2601000,-2425000,176000
2007/07/12,0,1367000,-3629000,-2262000
2007/07/13,0,2430000,-2128000,302000
2007/07/16,0,2735000,-7919000,-5184000
2007/07/17,0,120382000,-28805000,91577000
2007/07/18,0,3648000,-3315000,333000
2007/07/19,0,991000,-5690000,-4699000
2007/07/20,0,4966000,-3102545,1863455
2007/07/23,0,3040000,-2156000,884000
2007/07/24,0,4255000,-2554000,1701000
2007/07/25,0,2874000,-3529000,-655000
2007/07/26,0,2696000,-4801000,-2105000
2007/07/27,0,2435000,-7151000,-4716000
2007/07/30,0,4607000,-7745000,-3138000
2007/07/31,0,3643000,-6614000,-2971000
2007/08/01,0,2033000,-10719000,-8686000
2007/08/02,0,2365000,-2234000,131000
2007/08/03,0,690000,-6986000,-6296000
2007/08/06,0,3930000,-5546000,-1616000
2007/08/07,0,1858000,-1505692,352308
2007/08/08,0,3278000,-2932433,345567
2007/08/09,0,3566000,-3506000,60000
2007/08/10,0,2575000,-3838335,-1263335
2007/08/13,0,3802000,-1144403,2657597
2007/08/14,0,2249000,-2129000,120000
2007/08/15,0,3214000,-2933000,281000
2007/08/16,0,1583000,-3397000,-1814000
2007/08/17,0,1304000,-3917597,-2613597
2007/08/20,0,612000,-1620000,-1008000
2007/08/21,0,1489000,-1694000,-205000
2007/08/22,0,1209000,-2412800,-1203800
2007/08/23,0,1644000,-2404000,-760000
2007/08/24,0,351026,-411000,-59974
2007/08/27,0,739000,-201000,538000
2007/08/28,0,909000,-114403,794597
2007/08/29,0,2196618,-1175000,1021618
2007/08/30,0,5125000,-1262000,3863000
2007/08/31,0,2702000,-375710,2326290
2007/09/03,0,513000,-295899,217101
2007/09/04,0,1846000,-309019,1536981
2007/09/05,0,614000,-1097635,-483635
2007/09/06,0,1357000,-275601,1081399
2007/09/07,0,838000,-363000,475000
2007/09/10,0,2317000,-3043158,-726158
2007/09/11,0,2369000,-1169102,1199898
2007/09/12,0,109000,-689000,-580000
2007/09/13,0,845000,-894000,-49000
2007/09/14,0,2053000,-83000,1970000
2007/09/17,0,810000,-1114150,-304150
2007/09/18,0,0,0,0
2007/09/19,0,4000000,-997532,3002468
2007/09/20,0,2638000,-2902537,-264537
2007/09/21,0,717000,-18832,698168
2007/09/24,0,0,0,0
2007/09/25,0,0,0,0
2007/09/26,0,913001,-428072,484929
2007/09/27,0,2324000,-360000,1964000
2007/09/28,0,1903000,-650000,1253000
2007/10/01,0,427000,-3025000,-2598000
2007/10/02,0,7256000,-1596000,5660000
2007/10/03,0,8865892,-1796979,7068913
2007/10/04,0,990000,-1053000,-63000
2007/10/05,0,2432000,-413000,2019000
2007/10/08,0,1476000,-398641,1077359
2007/10/09,0,4142000,-487000,3655000
2007/10/10,0,0,0,0
2007/10/11,0,4527000,-370000,4157000
2007/10/12,0,1855000,-1077000,778000
2007/10/15,0,1284000,-1302000,-18000
2007/10/16,0,863000,-3090000,-2227000
2007/10/17,0,1981000,-3041000,-1060000
2007/10/18,0,1835000,-7336000,-5501000
2007/10/19,0,1543000,-3058000,-1515000
2007/10/22,0,3901000,-9734000,-5833000
2007/10/23,0,4040000,-6180512,-2140512
2007/10/24,0,1509000,-250000,1259000
2007/10/25,0,2216474,-158000,2058474
2007/10/26,0,3089000,-1020000,2069000
2007/10/29,0,4379000,-6521086,-2142086
2007/10/30,0,2720000,-4072000,-1352000
2007/10/31,0,1828000,-159000,1669000
2007/11/01,0,3955000,-682000,3273000
2007/11/02,0,434000,-4534416,-4100416
2007/11/05,0,2612000,-2096000,516000
2007/11/06,0,1184000,-2623927,-1439927
2007/11/07,0,1891000,-1578999,312001
2007/11/08,0,2861000,-2154000,707000
2007/11/09,0,5628000,-2189000,3439000
2007/11/12,0,2845000,-1954000,891000
2007/11/13,0,5571000,-1554430,4016570
2007/11/14,0,459000,-963350,-504350
2007/11/15,0,34000,-834000,-800000
2007/11/16,0,2054000,-2288000,-234000
2007/11/19,0,94000,-1437000,-1343000
2007/11/20,0,2319000,-2107000,212000
2007/11/21,0,35000,-3942265,-3907265
2007/11/22,0,624000,-153000,471000
2007/11/23,0,464000,-1428000,-964000
2007/11/26,0,3214000,-1282000,1932000
2007/11/27,0,3768589,-3166555,602034
2007/11/28,0,1596000,-2685715,-1089715
2007/11/29,0,2923000,-2644103,278897
2007/11/30,0,4636000,-3976000,660000
2007/12/03,0,3100377,-1315000,1785377
2007/12/04,0,5752000,-2964000,2788000
2007/12/05,0,3518000,-2516000,1002000
2007/12/06,0,5179271,-2225204,2954067
2007/12/07,0,2904363,-1131832,1772531
2007/12/10,0,2976000,-1307000,1669000
2007/12/11,0,2821000,-1729297,1091703
2007/12/12,0,5490000,-4174703,1315297
2007/12/13,0,32214000,-17735927,14478073
2007/12/14,0,12125000,-11058000,1067000
2007/12/17,0,13954000,-8058000,5896000
2007/12/18,0,4562000,-5260975,-698975
2007/12/19,0,9110000,-12295000,-3185000
2007/12/20,0,4593000,-5537000,-944000
2007/12/21,0,3869000,-4632000,-763000
2007/12/24,0,4080000,-2005000,2075000
2007/12/25,0,495000,-59000,436000
2007/12/26,0,1482000,-2376000,-894000
2007/12/27,0,1939000,-2268000,-329000
2007/12/28,0,3121000,-3435000,-314000
2007/12/31,0,2068000,-2787000,-719000
2008/01/01,0,0,0,0
2008/01/02,0,1108000,-2358390,-1250390
2008/01/03,0,2334000,-2955555,-621555
2008/01/04,0,3212000,-4719805,-1507805
2008/01/07,0,3484000,-4043120,-559120
2008/01/08,0,1357000,-2564939,-1207939
2008/01/09,0,2696000,-3678369,-982369
2008/01/10,0,1085000,-3843999,-2758999
2008/01/11,0,1501000,-3690001,-2189001
2008/01/14,0,7555000,-9978776,-2423776
2008/01/15,0,6425000,-22742331,-16317331
2008/01/16,0,3777000,-4284000,-507000
2008/01/17,0,5006000,-4171001,834999
2008/01/18,0,2848658,-5574000,-2725342
2008/01/21,0,708000,-5340000,-4632000
2008/01/22,0,1931000,-7328000,-5397000
2008/01/23,0,1520000,-4001682,-2481682
2008/01/24,0,1109000,-2614000,-1505000
2008/01/25,0,363000,-298000,65000
2008/01/28,0,400000,-1848000,-1448000
2008/01/29,0,3858000,-6357965,-2499965
2008/01/30,0,2659794,-8697000,-6037206
2008/01/31,0,2299000,-9715000,-7416000
2008/02/01,0,1326000,-9822000,-8496000
2008/02/04,0,0,0,0
2008/02/05,0,0,0,0
2008/02/06,0,0,0,0
2008/02/07,0,0,0,0
2008/02/08,0,0,0,0
2008/02/11,0,0,0,0
2008/02/12,0,1448000,-5405546,-3957546
2008/02/13,0,2143000,-3369268,-1226268
2008/02/14,0,4041000,-3940044,100956
2008/02/15,0,1140000,-2865000,-1725000
2008/02/18,0,986000,-2610000,-1624000
2008/02/19,0,1179000,-697000,482000
2008/02/20,0,567000,-5662638,-5095638
2008/02/21,0,2273000,-1471516,801484
2008/02/22,0,196000,-1940000,-1744000
2008/02/25,0,3124000,-2250000,874000
2008/02/26,0,1882000,-944000,938000
2008/02/27,0,5495000,-4920947,574053
2008/02/28,0,0,0,0
2008/02/29,0,2257893,-3814454,-1556561
2008/03/03,0,851000,-3419000,-2568000
2008/03/04,0,2773000,-1639000,1134000
2008/03/05,0,1434000,-4904000,-3470000
2008/03/06,0,3644000,-3745000,-101000
2008/03/07,0,1144000,-3994000,-2850000
2008/03/10,0,2623000,-1896000,727000
2008/03/11,0,3396000,-1521500,1874500
2008/03/12,0,3150972,-1126584,2024388
2008/03/13,0,1415000,-1239000,176000
2008/03/14,0,3363000,-4614000,-1251000
2008/03/17,0,3752000,-6123000,-2371000
2008/03/18,0,2975000,-3886628,-911628
2008/03/19,0,3623000,-2390000,1233000
2008/03/20,0,4610000,-5640000,-1030000
2008/03/21,0,5174000,-145000,5029000
2008/03/24,0,11397000,-1491000,9906000
2008/03/25,0,2800000,-2009000,791000
2008/03/26,0,1937000,-483000,1454000
2008/03/27,0,361031,-976000,-614969
2008/03/28,0,3292031,-2959000,333031
2008/03/31,0,823919,-1216000,-392081
2008/04/01,0,1580075,-1547000,33075
2008/04/02,0,1914000,-2199000,-285000
2008/04/03,0,703000,-1637000,-934000
2008/04/04,0,0,0,0
2008/04/07,0,4824000,-1382000,3442000
2008/04/08,0,100732996,-101678996,-946000
2008/04/09,0,2168000,-2496350,-328350
2008/04/10,0,3792000,-2516000,1276000
2008/04/11,0,1711000,-609314,1101686
2008/04/14,0,208000,-3583000,-3375000
2008/04/15,0,1284000,-1804000,-520000
2008/04/16,0,2414000,-2860000,-446000
2008/04/17,0,2141000,-958000,1183000
2008/04/18,0,3958000,-1744005,2213995
2008/04/21,0,2114000,-596000,1518000
2008/04/22,0,597000,-1326864,-729864
2008/04/23,0,1008000,-1646042,-638042
2008/04/24,0,1441000,-4249000,-2808000
2008/04/25,0,3786000,-2458686,1327314
2008/04/28,0,5979000,-3554000,2425000
2008/04/29,0,431000,-3322000,-2891000
2008/04/30,0,2672383,-420000,2252383
2008/05/01,0,0,0,0
2008/05/02,0,1230000,-1359000,-129000
2008/05/05,0,334000,-1789000,-1455000
2008/05/06,0,780000,-634000,146000
2008/05/07,0,296000,-637000,-341000
2008/05/08,0,608000,-1509000,-901000
2008/05/09,0,308000,-1037000,-729000
2008/05/12,0,730000,-81000,649000
2008/05/13,0,2315000,-601000,1714000
2008/05/14,0,822000,-66000,756000
2008/05/15,0,2045000,-42000,2003000
2008/05/16,0,1887000,-229000,1658000
2008/05/19,0,841000,-61000,780000
2008/05/20,0,1812000,-1721000,91000
2008/05/21,0,297000,-1248781,-951781
2008/05/22,0,954000,-5445000,-4491000
2008/05/23,0,2612000,-3967000,-1355000
2008/05/26,0,883000,-1279398,-396398
2008/05/27,0,256000,-1039000,-783000
2008/05/28,0,555000,-2046000,-1491000
2008/05/29,0,1165000,-839119,325881
2008/05/30,0,1913000,-2423364,-510364
2008/06/02,0,928000,-210000,718000
2008/06/03,0,906000,-1080000,-174000
2008/06/04,0,279000,-289000,-10000
2008/06/05,0,1360000,-1284000,76000
2008/06/06,0,267000,-868000,-601000
2008/06/09,0,117000,-1276000,-1159000
2008/06/10,0,613000,-2914603,-2301603
2008/06/11,0,371000,-173000,198000
2008/06/12,0,880000,-2028536,-1148536
2008/06/13,0,1644563,-1802000,-157437
2008/06/16,0,2213000,-764000,1449000
2008/06/17,0,251000,-404358,-153358
2008/06/18,0,93000,-1135000,-1042000
2008/06/19,0,512000,-2514000,-2002000
2008/06/20,0,1332356,-3156508,-1824152
2008/06/23,0,870000,-784774,85226
2008/06/24,0,284000,-576000,-292000
2008/06/25,0,2100000,-1081027,1018973
2008/06/26,0,880000,-1085000,-205000
2008/06/27,0,2566201,-3859000,-1292799
2008/06/30,0,1444000,-696000,748000
2008/07/01,0,1911000,-667000,1244000
2008/07/02,0,1123000,-1874000,-751000
2008/07/03,0,1574000,-4125000,-2551000
2008/07/04,0,616000,-1745000,-1129000
2008/07/07,0,1523000,-837000,686000
2008/07/08,0,1421000,-4007000,-2586000
2008/07/09,0,2703000,-837000,1866000
2008/07/10,0,1783000,-916000,867000
2008/07/11,0,897000,-2103000,-1206000
2008/07/14,0,1678000,-2124000,-446000
2008/07/15,0,543000,-1436000,-893000
2008/07/16,0,1467000,-1778145,-311145
2008/07/17,0,2385000,-4102000,-1717000
2008/07/18,0,730000,-2620000,-1890000
2008/07/21,0,2020000,-1719000,301000
2008/07/22,0,1486000,-1885000,-399000
2008/07/23,0,3468000,-2827457,640543
2008/07/24,0,2811000,-2059000,752000
2008/07/25,0,1391000,-2063000,-672000
2008/07/28,0,0,0,0
2008/07/29,0,3183000,-7489000,-4306000
2008/07/30,0,3372000,-6849000,-3477000
2008/07/31,0,3149024,-5658024,-2509000
2008/08/01,0,1371000,-4083000,-2712000
2008/08/04,0,3228000,-4814000,-1586000
2008/08/05,0,3812000,-7273000,-3461000
2008/08/06,0,5117000,-4172759,944241
2008/08/07,0,2275000,-2295900,-20900
2008/08/08,0,1966000,-1013000,953000
2008/08/11,0,2899000,-700000,2199000
2008/08/12,0,3823000,-3273942,549058
2008/08/13,0,815000,-2743000,-1928000
2008/08/14,0,1593000,-3022000,-1429000
2008/08/15,0,942000,-5153000,-4211000
2008/08/18,0,2228000,-4947000,-2719000
2008/08/19,0,3411000,-5055481,-1644481
2008/08/20,0,4782000,-9865000,-5083000
2008/08/21,0,4922000,-5650000,-728000
2008/08/22,0,351000,-4913994,-4562994
2008/08/25,0,3411000,-3827000,-416000
2008/08/26,0,2546000,-4908482,-2362482
2008/08/27,0,5379000,-4488000,891000
2008/08/28,0,4410000,-2293000,2117000
2008/08/29,0,2329000,-2126843,202157
2008/09/01,0,1386000,-2188000,-802000
2008/09/02,0,4059000,-1390000,2669000
2008/09/03,0,3546000,-599000,2947000
2008/09/04,0,4181000,-1303000,2878000
2008/09/05,0,994000,-1418891,-424891
2008/09/08,0,1130000,-1687199,-557199
2008/09/09,0,2301000,-1847897,453103
2008/09/10,0,1178000,-2554000,-1376000
2008/09/11,0,1062000,-5780538,-4718538
2008/09/12,0,2207000,-4768173,-2561173
2008/09/15,0,88000,-2002000,-1914000
2008/09/16,0,4752964,-1767793,2985171
2008/09/17,0,1456000,-2249000,-793000
2008/09/18,0,2103000,-3709788,-1606788
2008/09/19,0,890000,-2447000,-1557000
2008/09/22,0,1320000,-1993000,-673000
2008/09/23,0,1520000,-2662238,-1142238
2008/09/24,0,8880952,-10070952,-1190000
2008/09/25,0,1956000,-2290000,-334000
2008/09/26,0,8089000,-2979000,5110000
2008/09/29,0,0,0,0
2008/09/30,0,3945000,-2978261,966739
2008/10/01,0,1330000,-2260267,-930267
2008/10/02,0,1030000,-1722000,-692000
2008/10/03,0,1318000,-1186000,132000
2008/10/06,0,325499,-2790388,-2464889
2008/10/07,0,1203000,-2478998,-1275998
2008/10/08,0,448000,-4258000,-3810000
2008/10/09,0,1326000,-4638193,-3312193
2008/10/10,0,0,0,0
2008/10/13,0,414000,-314386,99614
2008/10/14,0,919000,-2235614,-1316614
2008/10/15,0,735000,-2663000,-1928000
2008/10/16,0,261000,-4388000,-4127000
2008/10/17,0,73000,-3123000,-3050000
2008/10/20,0,632000,-3523096,-2891096
2008/10/21,0,438000,-5450000,-5012000
2008/10/22,0,1251000,-3302000,-2051000
2008/10/23,0,77000,-3168000,-3091000
2008/10/24,0,114000,-3549000,-3435000
2008/10/27,0,154000,-6598676,-6444676
2008/10/28,0,455000,-10606987,-10151987
2008/10/29,0,1113000,-9768499,-8655499
2008/10/30,0,1922000,-9056829,-7134829
2008/10/31,0,1943000,-6136000,-4193000
2008/11/03,0,1764000,-3792000,-2028000
2008/11/04,0,4400000,-2229998,2170002
2008/11/05,0,4857000,-4127000,730000
2008/11/06,0,1594000,-4653000,-3059000
2008/11/07,0,1036000,-6588000,-5552000
2008/11/10,0,2633000,-4670000,-2037000
2008/11/11,0,692000,-3275191,-2583191
2008/11/12,0,1164000,-6704963,-5540963
2008/11/13,0,502000,-5935000,-5433000
2008/11/14,0,999000,-5422000,-4423000
2008/11/17,0,1489000,-3199325,-1710325
2008/11/18,0,2913000,-2499000,414000
2008/11/19,0,892000,-9084000,-8192000
2008/11/20,0,336000,-4939014,-4603014
2008/11/21,0,1774000,-6823000,-5049000
2008/11/24,0,1508000,-4591000,-3083000
2008/11/25,0,1431000,-5356846,-3925846
2008/11/26,0,3361000,-4446905,-1085905
2008/11/27,0,2333000,-3107799,-774799
2008/11/28,0,5067000,-3235528,1831472
2008/12/01,0,4229000,-3062000,1167000
2008/12/02,0,2351000,-6474000,-4123000
2008/12/03,0,600000,-6763000,-6163000
2008/12/04,0,1283000,-5547000,-4264000
2008/12/05,0,1268000,-3143787,-1875787
2008/12/08,0,7415000,-3438709,3976291
2008/12/09,0,3814000,-2541000,1273000
2008/12/10,0,3567000,-3875000,-308000
2008/12/11,0,3306000,-4877000,-1571000
2008/12/12,0,783000,-6337000,-5554000
2008/12/15,0,5417000,-3915000,1502000
2008/12/16,0,2690000,-4741992,-2051992
2008/12/17,0,3153000,-4768497,-1615497
2008/12/18,0,1227000,-4944136,-3717136
2008/12/19,0,2015000,-4712000,-2697000
2008/12/22,0,1240000,-6869000,-5629000
2008/12/23,0,1422000,-5166000,-3744000
2008/12/24,0,627000,-6436312,-5809312
2008/12/25,0,346000,-3896000,-3550000
2008/12/26,0,497000,-3603000,-3106000
2008/12/29,0,207000,-3906000,-3699000
2008/12/30,0,2336000,-4160000,-1824000
2008/12/31,0,854000,-4649000,-3795000
2009/01/01,0,0,0,0
2009/01/02,0,0,0,0
2009/01/05,0,1180000,-4038000,-2858000
2009/01/06,0,1789488,-4208000,-2418512
2009/01/07,0,2291465,-4597998,-2306533
2009/01/08,0,1249000,-7860000,-6611000
2009/01/09,0,631000,-2059000,-1428000
2009/01/12,0,713699,-2767000,-2053301
2009/01/13,0,365000,-1449000,-1084000
2009/01/14,0,193000,-1346000,-1153000
2009/01/15,0,203000,-5241888,-5038888
2009/01/16,0,2046000,-3084000,-1038000
2009/01/19,0,284000,-587330,-303330
2009/01/20,0,1912000,-5037000,-3125000
2009/01/21,0,2191300,-4020216,-1828916
2009/01/22,0,0,0,0
2009/01/23,0,0,0,0
2009/01/26,0,0,0,0
2009/01/27,0,0,0,0
2009/01/28,0,0,0,0
2009/01/29,0,0,0,0
2009/01/30,0,0,0,0
2009/02/02,0,7282000,-13650687,-6368687
2009/02/03,0,2295000,-5600349,-3305349
2009/02/04,0,2227000,-995000,1232000
2009/02/05,0,2595000,-1357000,1238000
2009/02/06,0,3972000,-1157000,2815000
2009/02/09,0,2628000,-1021000,1607000
2009/02/10,0,2390000,-1383003,1006997
2009/02/11,0,918000,-1161000,-243000
2009/02/12,0,1396000,-2754000,-1358000
2009/02/13,0,1093000,-2862000,-1769000
2009/02/16,0,943000,-2662475,-1719475
2009/02/17,0,738000,-2760977,-2022977
2009/02/18,0,2172000,-897000,1275000
2009/02/19,0,9586000,-1847000,7739000
2009/02/20,0,455289,-3646289,-3191000
2009/02/23,0,5233000,-1734000,3499000
2009/02/24,0,77000,-1693640,-1616640
2009/02/25,0,2261000,-1632828,628172
2009/02/26,0,1415000,-1039688,375312
2009/02/27,0,1266000,-1571900,-305900
2009/03/02,0,288000,-3472448,-3184448
2009/03/03,0,280000,-1309000,-1029000
2009/03/04,0,2973000,-1381248,1591752
2009/03/05,0,2213000,-4896000,-2683000
2009/03/06,0,2571000,-3033000,-462000
2009/03/09,0,3681000,-4200672,-519672
2009/03/10,0,2428000,-4049000,-1621000
2009/03/11,0,2229035,-6303000,-4073965
2009/03/12,0,3457000,-1453000,2004000
2009/03/13,0,5715000,-1885000,3830000
2009/03/16,0,3488000,-2309000,1179000
2009/03/17,0,5839000,-715000,5124000
2009/03/18,0,6630000,-2662000,3968000
2009/03/19,0,2231000,-2921000,-690000
2009/03/20,0,2812000,-3764155,-952155
2009/03/23,0,8067000,-763000,7304000
2009/03/24,0,5366000,-1745681,3620319
2009/03/25,0,6815000,-2057899,4757101
2009/03/26,0,9330000,-948000,8382000
2009/03/27,0,2934000,-1904000,1030000
2009/03/30,0,5705000,-1003482,4701518
2009/03/31,0,5167000,-1371373,3795627
2009/04/01,0,2753000,-782000,1971000
2009/04/02,0,7103000,-1043000,6060000
2009/04/03,0,683000,-1355000,-672000
2009/04/06,0,2454000,-1883818,570182
2009/04/07,0,755000,-2045000,-1290000
2009/04/08,0,2846000,-3008000,-162000
2009/04/09,0,5916995,-1201000,4715995
2009/04/10,0,1709000,-82000,1627000
2009/04/13,0,1091000,-880000,211000
2009/04/14,0,5830000,-3011120,2818880
2009/04/15,0,3235000,-2786000,449000
2009/04/16,0,5918000,-1312000,4606000
2009/04/17,0,6404939,-4082932,2322007
2009/04/20,0,1787000,-5972000,-4185000
2009/04/21,0,1062000,-7734000,-6672000
2009/04/22,0,1129000,-4871000,-3742000
2009/04/23,0,3747502,-13953502,-10206000
2009/04/24,0,1711000,-5876000,-4165000
2009/04/27,0,1900000,-2448519,-548519
2009/04/28,0,2479000,-5558759,-3079759
2009/04/29,0,5534665,-1137212,4397453
2009/04/30,0,6932000,-5122000,1810000
2009/05/01,0,0,0,0
2009/05/04,0,3094238,-5246238,-2152000
2009/05/05,0,3500553,-8050985,-4550432
2009/05/06,0,2739000,-3885000,-1146000
2009/05/07,0,3569000,-5768000,-2199000
2009/05/08,0,3402000,-1645000,1757000
2009/05/11,0,977000,-4741000,-3764000
2009/05/12,0,3631000,-5072000,-1441000
2009/05/13,0,1469000,-4633398,-3164398
2009/05/14,0,283000,-6491000,-6208000
2009/05/15,0,1007000,-2036000,-1029000
2009/05/18,0,501000,-3923586,-3422586
2009/05/19,0,3636000,-1180000,2456000
2009/05/20,0,4457000,-478000,3979000
2009/05/21,0,1763000,-3111000,-1348000
2009/05/22,0,828000,-2356000,-1528000
2009/05/25,0,1569000,-3750000,-2181000
2009/05/26,0,1913000,-2267499,-354499
2009/05/27,0,5592000,-2319565,3272435
2009/05/28,0,0,0,0
2009/05/29,0,0,0,0
2009/06/01,0,3301000,-3633379,-332379
2009/06/02,0,2690000,-1084000,1606000
2009/06/03,0,1788000,-1181456,606544
2009/06/04,0,1721000,-2973000,-1252000
2009/06/05,0,2745403,-923000,1822403
2009/06/08,0,4892000,-2679000,2213000
2009/06/09,0,4641000,-1116000,3525000
2009/06/10,0,3020000,-1367444,1652556
2009/06/11,0,3456000,-1111000,2345000
2009/06/12,0,1947000,-1700000,247000
2009/06/15,0,2219000,-1275000,944000
2009/06/16,0,3216000,-4208572,-992572
2009/06/17,0,1679000,-1325000,354000
2009/06/18,0,3062000,-2033287,1028713
2009/06/19,0,1109002,-1309000,-199998
2009/06/22,0,2368000,-1276000,1092000
2009/06/23,0,377700,-2830000,-2452300
2009/06/24,0,3617000,-2384980,1232020
2009/06/25,0,2420000,-1613000,807000
2009/06/26,0,1559000,-1221298,337702
2009/06/29,0,2754000,-3277000,-523000
2009/06/30,0,1906000,-1937007,-31007
2009/07/01,0,1653000,-580000,1073000
2009/07/02,0,2168000,-2700000,-532000
2009/07/03,0,444000,-934997,-490997
2009/07/06,0,1376000,-2310000,-934000
2009/07/07,0,743000,-2055082,-1312082
2009/07/08,0,239000,-1570000,-1331000
2009/07/09,0,926000,-1104000,-178000
2009/07/10,0,384000,-545000,-161000
2009/07/13,0,5138000,-2687000,2451000
2009/07/14,0,1739000,-1588730,150270
2009/07/15,0,2436000,-1377000,1059000
2009/07/16,0,985000,-1358000,-373000
2009/07/17,0,700513,-248610,451903
2009/07/20,0,3455000,-428000,3027000
2009/07/21,0,2058000,-1600990,457010
2009/07/22,0,2935000,-940000,1995000
2009/07/23,0,1972000,-1854800,117200
2009/07/24,0,666000,-3317939,-2651939
2009/07/27,0,1661000,-832535,828465
2009/07/28,0,3686000,-953000,2733000
2009/07/29,0,1768000,-390151,1377849
2009/07/30,0,1309000,-1335000,-26000
2009/07/31,0,2519000,-1786000,733000
2009/08/03,0,2723000,-851000,1872000
2009/08/04,0,5397784,-4940000,457784
2009/08/05,0,7912000,-5450000,2462000
2009/08/06,0,3422000,-2483000,939000
2009/08/07,0,0,0,0
2009/08/10,0,7360417,-1712000,5648417
2009/08/11,0,4961000,-419000,4542000
2009/08/12,0,3168000,-2202000,966000
2009/08/13,0,3725000,-777000,2948000
2009/08/14,0,1312000,-913000,399000
2009/08/17,0,11815000,-2502000,9313000
2009/08/18,0,2078000,-1364000,714000
2009/08/19,0,4031000,-1594381,2436619
2009/08/20,0,2578000,-1652000,926000
2009/08/21,0,3404000,-4282598,-878598
2009/08/24,0,3008000,-148000,2860000
2009/08/25,0,2989000,-1623208,1365792
2009/08/26,0,2533000,-1525000,1008000
2009/08/27,0,5957000,-704000,5253000
2009/08/28,0,6480000,-1043000,5437000
2009/08/31,0,2120443,-3479936,-1359493
2009/09/01,0,1340000,-1083918,256082
2009/09/02,0,1043000,-2020000,-977000
2009/09/03,0,4088000,-1601042,2486958
2009/09/04,0,3172000,-2446100,725900
2009/09/07,0,515000,-1756517,-1241517
2009/09/08,0,5746000,-2209000,3537000
2009/09/09,0,2405000,-2956150,-551150
2009/09/10,0,7653000,-3879620,3773380
2009/09/11,0,2022000,-2609000,-587000
2009/09/14,0,434000,-2687000,-2253000
2009/09/15,0,1745000,-3449273,-1704273
2009/09/16,0,1597000,-3535927,-1938927
2009/09/17,0,2877000,-2764310,112690
2009/09/18,0,2029300,-2749000,-719700
2009/09/21,0,909000,-2917250,-2008250
2009/09/22,0,257000,-3635000,-3378000
2009/09/23,0,1452000,-1639000,-187000
2009/09/24,0,4223000,-1306100,2916900
2009/09/25,0,1022417,-2431550,-1409133
2009/09/28,0,609000,-3836200,-3227200
2009/09/29,0,2644213,-1082000,1562213
2009/09/30,0,1745000,-1581027,163973
2009/10/01,0,1233000,-752450,480550
2009/10/02,0,2367000,-1784883,582117
2009/10/05,0,3288040,-4120040,-832000
2009/10/06,0,2077828,-2990750,-912922
2009/10/07,0,5207000,-1534120,3672880
2009/10/08,0,9290000,-3521500,5768500
2009/10/09,0,5780000,-2069000,3711000
2009/10/12,0,3187000,-3047000,140000
2009/10/13,0,2798210,-3109609,-311399
2009/10/14,0,4119000,-1276000,2843000
2009/10/15,0,4166000,-1615450,2550550
2009/10/16,0,797000,-3633807,-2836807
2009/10/19,0,623000,-2412911,-1789911
2009/10/20,0,3319697,-10097500,-6777803
2009/10/21,0,900000,-6722000,-5822000
2009/10/22,0,1353000,-4283581,-2930581
2009/10/23,0,2560915,-4450000,-1889085
2009/10/26,0,2682000,-1520000,1162000
2009/10/27,0,1121000,-1857000,-736000
2009/10/28,0,566000,-3297000,-2731000
2009/10/29,0,1643000,-2833000,-1190000
2009/10/30,0,5950000,-5677295,272705
2009/11/02,0,3380000,-4312000,-932000
2009/11/03,0,2210000,-9785050,-7575050
2009/11/04,0,2219042,-915497,1303545
2009/11/05,0,540000,-1745000,-1205000
2009/11/06,0,6821000,-1327000,5494000
2009/11/09,0,6354000,-1255000,5099000
2009/11/10,0,5281000,-1969053,3311947
2009/11/11,0,6000000,-3306650,2693350
2009/11/12,0,6242000,-3837000,2405000
2009/11/13,0,2299000,-5539900,-3240900
2009/11/16,0,2861000,-4858000,-1997000
2009/11/17,0,3861000,-7431000,-3570000
2009/11/18,0,3800000,-2568000,1232000
2009/11/19,0,8941231,-2681090,6260141
2009/11/20,0,5481000,-9598394,-4117394
2009/11/23,0,2846000,-1964000,882000
2009/11/24,0,5603000,-2889000,2714000
2009/11/25,0,3694000,-10412000,-6718000
2009/11/26,0,853000,-1874000,-1021000
2009/11/27,0,395000,-5309000,-4914000
2009/11/30,0,3854278,-8560096,-4705818
2009/12/01,0,6013000,-3411000,2602000
2009/12/02,0,6293000,-1148000,5145000
2009/12/03,0,5047256,-1667459,3379797
2009/12/04,0,11455000,-2768000,8687000
2009/12/07,0,3397126,-1664000,1733126
2009/12/08,0,5892000,-531000,5361000
2009/12/09,0,2419000,-1725800,693200
2009/12/10,0,4202600,-2761110,1441490
2009/12/11,0,3882000,-843000,3039000
2009/12/14,0,5279000,-3718000,1561000
2009/12/15,0,5001000,-1941350,3059650
2009/12/16,0,2603000,-1525000,1078000
2009/12/17,0,1686150,-950000,736150
2009/12/18,0,2821000,-1963000,858000
2009/12/21,0,3279000,-2090000,1189000
2009/12/22,0,1021000,-500000,521000
2009/12/23,0,2208000,-909047,1298953
2009/12/24,0,3604000,-766000,2838000
2009/12/25,0,708000,-40000,668000
2009/12/28,0,1867000,-494000,1373000
2009/12/29,0,484000,-159000,325000
2009/12/30,0,2650000,-1238000,1412000
2009/12/31,0,1379000,-599000,780000
2010/01/01,0,0,0,0
2010/01/04,0,853000,-443000,410000
2010/01/05,0,3524000,-815000,2709000
2010/01/06,0,4346000,-1139000,3207000
2010/01/07,0,2811000,-661498,2149502
2010/01/08,0,3976960,-182000,3794960
2010/01/11,0,1589000,-1236750,352250
2010/01/12,0,2269000,-2227335,41665
2010/01/13,0,3964000,-1387000,2577000
2010/01/14,0,1655000,-143600,1511400
2010/01/15,0,2837000,-3566050,-729050
2010/01/18,0,460000,-351000,109000
2010/01/19,0,8511000,-2168730,6342270
2010/01/20,0,4253000,-2264000,1989000
2010/01/21,0,4319000,-2151000,2168000
2010/01/22,0,2080000,-6661000,-4581000
2010/01/25,0,887500,-2332000,-1444500
2010/01/26,0,2394000,-4037000,-1643000
2010/01/27,0,3633000,-762710,2870290
2010/01/28,0,1145000,-1633000,-488000
2010/01/29,0,640450,-2179690,-1539240
2010/02/01,0,1074000,-2577300,-1503300
2010/02/02,0,3244000,-2696500,547500
2010/02/03,0,2103290,-1136091,967199
2010/02/04,0,275000,-2973850,-2698850
2010/02/05,0,658000,-2223710,-1565710
2010/02/08,0,292000,-2277199,-1985199
2010/02/09,0,2817000,-4051310,-1234310
2010/02/10,0,2399000,-4214000,-1815000
2010/02/11,0,0,0,0
2010/02/12,0,0,0,0
2010/02/15,0,0,0,0
2010/02/16,0,0,0,0
2010/02/17,0,0,0,0
2010/02/18,0,0,0,0
2010/02/19,0,0,0,0
2010/02/22,0,4263000,-1443170,2819830
2010/02/23,0,2970000,-1624600,1345400
2010/02/24,0,6498000,-5947000,551000
2010/02/25,0,6207000,-4846000,1361000
2010/02/26,0,5409706,-3038632,2371074
2010/03/01,0,6305000,-2510318,3794682
2010/03/02,0,3463000,-1414000,2049000
2010/03/03,0,3045000,-1143303,1901697
2010/03/04,0,2259000,-1542000,717000
2010/03/05,0,2681000,-1080000,1601000
2010/03/08,0,2448000,-438000,2010000
2010/03/09,0,2342670,-500000,1842670
2010/03/10,0,2340000,-231615,2108385
2010/03/11,0,1385000,-1543000,-158000
2010/03/12,0,2530000,-1598000,932000
2010/03/15,0,1723000,-1178000,545000
2010/03/16,0,2499000,-89000,2410000
2010/03/17,0,4424000,-2730000,1694000
2010/03/18,0,3546000,-2255000,1291000
2010/03/19,0,2509000,-2014000,495000
2010/03/22,0,3401000,-2530420,870580
2010/03/23,0,1401000,-1437000,-36000
2010/03/24,0,5763436,-567000,5196436
2010/03/25,0,2832000,-2325024,506976
2010/03/26,0,4600000,-1065000,3535000
2010/03/29,0,5089000,-1097000,3992000
2010/03/30,0,4166740,-1099000,3067740
2010/03/31,0,1182000,-3273272,-2091272
2010/04/01,0,4217100,-11058150,-6841050
2010/04/02,0,1788000,-12000,1776000
2010/04/05,0,0,0,0
2010/04/06,0,2370305,-32000,2338305
2010/04/07,0,2917920,-244000,2673920
2010/04/08,0,1684000,-529000,1155000
2010/04/09,0,1681000,-365750,1315250
2010/04/12,0,1281460,-1220000,61460
2010/04/13,0,2741000,-4025000,-1284000
2010/04/14,0,2020290,-2324300,-304010
2010/04/15,0,3460000,-1949000,1511000
2010/04/16,0,2486100,-6118000,-3631900
2010/04/19,0,3091000,-4256000,-1165000
2010/04/20,0,1879000,-3353000,-1474000
2010/04/21,0,2788000,-4400355,-1612355
2010/04/22,0,592000,-2065120,-1473120
2010/04/23,0,1548000,-2102000,-554000
2010/04/26,0,4058000,-495000,3563000
2010/04/27,0,2334174,-1661174,673000
2010/04/28,0,1377000,-3218120,-1841120
2010/04/29,0,1895000,-2677450,-782450
2010/04/30,0,5939000,-3465050,2473950
2010/05/03,0,4247000,-2240000,2007000
2010/05/04,0,1037000,-2702354,-1665354
2010/05/05,0,1576328,-5327590,-3751262
2010/05/06,0,2215453,-2867000,-651547
2010/05/07,0,3745579,-3855149,-109570
2010/05/10,0,433190,-2116470,-1683280
2010/05/11,0,2078000,-3682000,-1604000
2010/05/12,0,734297,-2143000,-1408703
2010/05/13,0,3456000,-1308000,2148000
2010/05/14,0,1826000,-575000,1251000
2010/05/17,0,639000,-1733000,-1094000
2010/05/18,0,1095000,-1651000,-556000
2010/05/19,0,2601401,-3149000,-547599
2010/05/20,0,1363000,-3086000,-1723000
2010/05/21,0,2288000,-3008820,-720820
2010/05/24,0,1829000,-3586000,-1757000
2010/05/25,0,1568000,-4171000,-2603000
2010/05/26,0,5760000,-12617733,-6857733
2010/05/27,0,2963000,-3233071,-270071
2010/05/28,0,2475000,-4163000,-1688000
2010/05/31,0,1394000,-1788000,-394000
2010/06/01,0,1092000,-2069000,-977000
2010/06/02,0,1132000,-1451000,-319000
2010/06/03,0,2469000,-1969000,500000
2010/06/04,0,362000,-1111000,-749000
2010/06/07,0,758000,-1642347,-884347
2010/06/08,0,509000,-1305000,-796000
2010/06/09,0,1899000,-2936000,-1037000
2010/06/10,0,528000,-788000,-260000
2010/06/11,0,1866079,-3302000,-1435921
2010/06/14,0,1851163,-784000,1067163
2010/06/15,0,3801366,-1460420,2340946
2010/06/16,0,0,0,0
2010/06/17,0,3746461,-2448513,1297948
2010/06/18,0,2608078,-1863278,744800
2010/06/21,0,5698226,-6209383,-511157
2010/06/22,0,2065503,-1366700,698803
2010/06/23,0,1679361,-1194334,485027
2010/06/24,0,3354000,-4128950,-774950
2010/06/25,0,1298000,-1933856,-635856
2010/06/28,0,482000,-956936,-474936
2010/06/29,0,2677000,-2741676,-64676
2010/06/30,0,3893000,-3026000,867000
2010/07/01,0,1243000,-4011410,-2768410
2010/07/02,0,1580000,-1651410,-71410
2010/07/05,0,576359,-1887000,-1310641
2010/07/06,0,2811000,-2142000,669000
2010/07/07,0,2127093,-2153000,-25907
2010/07/08,0,2649000,-1627000,1022000
2010/07/09,0,1028604,-1690000,-661396
2010/07/12,0,2536083,-1483112,1052971
2010/07/13,0,1030000,-1112889,-82889
2010/07/14,0,2812900,-1523789,1289111
2010/07/15,0,1942000,-1814000,128000
2010/07/16,0,818692,-2184000,-1365308
2010/07/19,0,1100000,-1799000,-699000
2010/07/20,0,3049873,-3937000,-887127
2010/07/21,0,2547000,-1686000,861000
2010/07/22,0,1660000,-3744001,-2084001
2010/07/23,0,4482000,-1932000,2550000
2010/07/26,0,1572340,-4035720,-2463380
2010/07/27,0,1033750,-2093164,-1059414
2010/07/28,0,2188000,-1416800,771200
2010/07/29,0,2106000,-1328873,777127
2010/07/30,0,1843931,-1577000,266931
2010/08/02,0,4722000,-202000,4520000
2010/08/03,0,2856000,-556000,2300000
2010/08/04,0,3936000,-1262000,2674000
2010/08/05,0,3893000,-708765,3184235
2010/08/06,0,3917000,-404000,3513000
2010/08/09,0,3025000,-1997000,1028000
2010/08/10,0,1424000,-1478000,-54000
2010/08/11,0,3050000,-1079145,1970855
2010/08/12,0,2390000,-1148000,1242000
2010/08/13,0,675928,-1778000,-1102072
2010/08/16,0,1186000,-846000,340000
2010/08/17,0,1753000,-1645000,108000
2010/08/18,0,3239000,-4068720,-829720
2010/08/19,0,1361000,-1182400,178600
2010/08/20,0,2290000,-242000,2048000
2010/08/23,0,3843000,-821000,3022000
2010/08/24,0,2348000,-1170806,1177194
2010/08/25,0,3965000,-3826950,138050
2010/08/26,0,2199000,-2353000,-154000
2010/08/27,0,2460000,-1134535,1325465
2010/08/30,0,2593324,-1981287,612037
2010/08/31,0,8687720,-1817032,6870688
2010/09/01,0,2353000,-1926000,427000
2010/09/02,0,4003000,-791579,3211421
2010/09/03,0,3288000,-1682400,1605600
2010/09/06,0,2868000,-310100,2557900
2010/09/07,0,1794637,-1437869,356768
2010/09/08,0,2608280,-1227842,1380438
2010/09/09,0,2432000,-409000,2023000
2010/09/10,0,1661970,-237000,1424970
2010/09/13,0,4098000,-625274,3472726
2010/09/14,0,1841599,-612000,1229599
2010/09/15,0,5862009,-110000,5752009
2010/09/16,0,6323871,-184200,6139671
2010/09/17,0,5356000,-3712100,1643900
2010/09/20,0,2000000,-50000,1950000
2010/09/21,0,1942000,-195000,1747000
2010/09/22,0,0,0,0
2010/09/23,0,2598000,-816942,1781058
2010/09/24,0,5086260,-1032000,4054260
2010/09/27,0,4822280,-891480,3930800
2010/09/28,0,2476710,-2178000,298710
2010/09/29,0,3017000,-2261380,755620
2010/09/30,0,1302000,-217721,1084279
2010/10/01,0,3854270,-349760,3504510
2010/10/04,0,3991310,-2239000,1752310
2010/10/05,0,5535060,-1424780,4110280
2010/10/06,0,7725330,-2202120,5523210
2010/10/07,0,2841370,-3068000,-226630
2010/10/08,0,3087040,-1683412,1403628
2010/10/11,0,2572570,-782902,1789668
2010/10/12,0,4144920,-1213000,2931920
2010/10/13,0,3186230,-500000,2686230
2010/10/14,0,5210110,-942000,4268110
2010/10/15,0,3772200,-622000,3150200
2010/10/18,0,4320000,-3277640,1042360
2010/10/19,0,3679000,-2278977,1400023
2010/10/20,0,1783000,-1996356,-213356
2010/10/21,0,560000,-1329000,-769000
2010/10/22,0,2444001,-1659000,785001
2010/10/25,0,2968000,-988000,1980000
2010/10/26,0,4634000,-3526931,1107069
2010/10/27,0,2567770,-2049000,518770
2010/10/28,0,7378916,-2247140,5131776
2010/10/29,0,780000,-645000,135000
2010/11/01,0,3076000,-647720,2428280
2010/11/02,0,2686000,-5420374,-2734374
2010/11/03,0,1654000,-247000,1407000
2010/11/04,0,4924774,-143000,4781774
2010/11/05,0,1585000,-1025718,559282
2010/11/08,0,1789000,-471640,1317360
2010/11/09,0,1141000,-478000,663000
2010/11/10,0,1652331,-1342320,310011
2010/11/11,0,960000,-1451402,-491402
2010/11/12,0,1100000,-2612000,-1512000
2010/11/15,0,789892,-1034000,-244108
2010/11/16,0,767000,-2128000,-1361000
2010/11/17,0,2697000,-3002000,-305000
2010/11/18,0,1494000,-1699300,-205300
2010/11/19,0,934300,-2535000,-1600700
2010/11/22,0,890220,-718360,171860
2010/11/23,0,328490,-944079,-615589
2010/11/24,0,1278000,-877000,401000
2010/11/25,0,1203000,-811000,392000
2010/11/26,0,648000,-764000,-116000
2010/11/29,0,639965,-1426000,-786035
2010/11/30,0,2610702,-4231331,-1620629
2010/12/01,0,2476000,-217000,2259000
2010/12/02,0,1392000,-1146864,245136
2010/12/03,0,588000,-1046000,-458000
2010/12/06,0,1789000,-1142000,647000
2010/12/07,0,758090,-735059,23031
2010/12/08,0,1159000,-1320000,-161000
2010/12/09,0,1564000,-2001000,-437000
2010/12/10,0,341000,-1339640,-998640
2010/12/13,0,587000,-690000,-103000
2010/12/14,0,3404000,-1215520,2188480
2010/12/15,0,2711000,-879000,1832000
2010/12/16,0,740000,-1855000,-1115000
2010/12/17,0,391000,-960000,-569000
2010/12/20,0,1485670,-1200000,285670
2010/12/21,0,1503000,-1543380,-40380
2010/12/22,0,2587000,-651316,1935684
2010/12/23,0,813000,-230000,583000
2010/12/24,0,647000,-190000,457000
2010/12/27,0,887000,-1165000,-278000
2010/12/28,0,1037000,-1113056,-76056
2010/12/29,0,873280,-112840,760440
2010/12/30,0,2105000,-1575040,529960
2010/12/31,0,1204000,-707330,496670
2011/01/03,0,2635000,-920000,1715000
2011/01/04,0,1004000,-2648000,-1644000
2011/01/05,0,1038593,-3257690,-2219097
2011/01/06,0,1767000,-779140,987860
2011/01/07,0,1214000,-2078608,-864608
2011/01/10,0,981000,-1304641,-323641
2011/01/11,0,1964000,-1370991,593009
2011/01/12,0,4596000,-2279620,2316380
2011/01/13,0,3038942,-3024000,14942
2011/01/14,0,1333000,-2017000,-684000
2011/01/17,0,902467,-2761000,-1858533
2011/01/18,0,1190000,-1602850,-412850
2011/01/19,0,2081000,-1803867,277133
2011/01/20,0,426000,-1506000,-1080000
2011/01/21,0,463000,-1937800,-1474800
2011/01/24,0,488000,-580000,-92000
2011/01/25,0,1278000,-582000,696000
2011/01/26,0,1505000,-2177058,-672058
2011/01/27,0,640000,-1137340,-497340
2011/01/28,0,1815650,-2709424,-893774
2011/01/31,0,0,0,0
2011/02/01,0,0,0,0
2011/02/02,0,0,0,0
2011/02/03,0,0,0,0
2011/02/04,0,0,0,0
2011/02/07,0,0,0,0
2011/02/08,0,1273000,-3687810,-2414810
2011/02/09,0,1957000,-2331549,-374549
2011/02/10,0,1043000,-4726384,-3683384
2011/02/11,0,483000,-2370640,-1887640
2011/02/14,0,1262000,-3602910,-2340910
2011/02/15,0,1206000,-2420421,-1214421
2011/02/16,0,1943000,-2573670,-630670
2011/02/17,0,995000,-4129590,-3134590
2011/02/18,0,1922000,-188000,1734000
2011/02/21,0,488000,-748000,-260000
2011/02/22,0,1437000,-3760000,-2323000
2011/02/23,0,1361365,-2468050,-1106685
2011/02/24,0,1313797,-3838000,-2524203
2011/02/25,0,1724480,-2584248,-859768
2011/02/28,0,0,0,0
2011/03/01,0,648000,-1263000,-615000
2011/03/02,0,979797,-2634000,-1654203
2011/03/03,0,1967000,-168072,1798928
2011/03/04,0,1057000,-99000,958000
2011/03/07,0,1365000,-386000,979000
2011/03/08,0,1448000,-848000,600000
2011/03/09,0,323000,-950316,-627316
2011/03/10,0,805000,-1953230,-1148230
2011/03/11,0,481919,-2324650,-1842731
2011/03/14,0,1405000,-1583000,-178000
2011/03/15,0,1025000,-1847198,-822198
2011/03/16,0,1122000,-1268610,-146610
2011/03/17,0,390000,-926450,-536450
2011/03/18,0,1785000,-3272437,-1487437
2011/03/21,0,1577000,-1698000,-121000
2011/03/22,0,1940997,-1436000,504997
2011/03/23,0,1430000,-1293000,137000
2011/03/24,0,3004000,-697000,2307000
2011/03/25,0,1721000,-945000,776000
2011/03/28,0,1382000,-1051000,331000
2011/03/29,0,1841000,-504000,1337000
2011/03/30,0,3555000,-1750178,1804822
2011/03/31,0,3106408,-543427,2562981
2011/04/01,0,3096920,-130000,2966920
2011/04/04,0,0,0,0
2011/04/05,0,0,0,0
2011/04/06,0,7573668,-720000,6853668
2011/04/07,0,1757470,-362017,1395453
2011/04/08,0,3731776,-24000,3707776
2011/04/11,0,1905030,-158000,1747030
2011/04/12,0,1070652,-186000,884652
2011/04/13,0,1173000,-449000,724000
2011/04/14,0,970000,-1174220,-204220
2011/04/15,0,1242000,-1291000,-49000
2011/04/18,0,866000,-207660,658340
2011/04/19,0,1248000,-643000,605000
2011/04/20,0,1659465,-106679,1552786
2011/04/21,0,3416601,-339000,3077601
2011/04/22,0,1075000,-102000,973000
2011/04/25,0,405000,-232000,173000
2011/04/26,0,2543627,-793000,1750627
2011/04/27,0,4466000,-1142000,3324000
2011/04/28,0,880077,-1715000,-834923
2011/04/29,0,1627048,-842470,784578
2011/05/02,0,0,0,0
2011/05/03,0,914013,-259640,654373
2011/05/04,0,709000,-1445333,-736333
2011/05/05,0,448000,-1195000,-747000
2011/05/06,0,1798264,-987000,811264
2011/05/09,0,4302602,-574000,3728602
2011/05/10,0,519000,-767600,-248600
2011/05/11,0,2373000,-1452000,921000
2011/05/12,0,1315000,-1225000,90000
2011/05/13,0,2210000,-1761513,448487
2011/05/16,0,2351000,-997000,1354000
2011/05/17,0,2313000,-1365000,948000
2011/05/18,0,2026000,-654000,1372000
2011/05/19,0,4238193,-2331000,1907193
2011/05/20,0,1983000,-1740140,242860
2011/05/23,0,2670000,-3536000,-866000
2011/05/24,0,1143000,-1326069,-183069
2011/05/25,0,2221000,-1916403,304597
2011/05/26,0,2018264,-731974,1286290
2011/05/27,0,1124000,-548000,576000
2011/05/30,0,1317000,-2458000,-1141000
2011/05/31,0,4490000,-3326728,1163272
2011/06/01,0,3085000,-773893,2311107
2011/06/02,0,3047000,-880000,2167000
2011/06/03,0,1670000,-974000,696000
2011/06/06,0,0,0,0
2011/06/07,0,805000,-2095780,-1290780
2011/06/08,0,1292000,-1056000,236000
2011/06/09,0,1116000,-941560,174440
2011/06/10,0,2541221,-1544000,997221
2011/06/13,0,1647000,-2845184,-1198184
2011/06/14,0,3739292,-2292709,1446583
2011/06/15,0,5030000,-4120214,909786
2011/06/16,0,3382411,-4111020,-728609
2011/06/17,0,12318748,-6892309,5426439
2011/06/20,0,2398000,-1069062,1328938
2011/06/21,0,1784000,-1056000,728000
2011/06/22,0,2030927,-3445000,-1414073
2011/06/23,0,1191356,-978104,213252
2011/06/24,0,1593000,-1432769,160231
2011/06/27,0,1596372,-1496480,99892
2011/06/28,0,2016000,-1882470,133530
2011/06/29,0,2416000,-1238694,1177306
2011/06/30,0,3552000,-2102500,1449500
2011/07/01,0,1400088,-829000,571088
2011/07/04,0,1247193,-968249,278944
2011/07/05,0,1341412,-2254000,-912588
2011/07/06,0,2814674,-1965234,849440
2011/07/07,0,2774402,-1059000,1715402
2011/07/08,0,3740050,-3317612,422438
2011/07/11,0,1099447,-757000,342447
2011/07/12,0,1057204,-2100940,-1043736
2011/07/13,0,1951098,-2014000,-62902
2011/07/14,0,1818059,-1694000,124059
2011/07/15,0,1724090,-3498000,-1773910
2011/07/18,0,2261040,-3582619,-1321579
2011/07/19,0,399000,-1855900,-1456900
2011/07/20,0,2745593,-2103383,642210
2011/07/21,0,1294141,-1641440,-347299
2011/07/22,0,2149957,-1540860,609097
2011/07/25,0,1694491,-1057000,637491
2011/07/26,0,3460934,-1617000,1843934
2011/07/27,0,3532900,-3794306,-261406
2011/07/28,0,4025253,-4453970,-428717
2011/07/29,0,4023713,-2780322,1243391
2011/08/01,0,3257764,-3006000,251764
2011/08/02,0,952952,-2298000,-1345048
2011/08/03,0,1063588,-1542000,-478412
2011/08/04,0,2234849,-1988000,246849
2011/08/05,0,3496253,-3858000,-361747
2011/08/08,0,976513,-4083453,-3106940
2011/08/09,0,2855000,-5131382,-2276382
2011/08/10,0,1048951,-8457927,-7408976
2011/08/11,0,2802000,-3331000,-529000
2011/08/12,0,1984000,-4030573,-2046573
2011/08/15,0,1482544,-925000,557544
2011/08/16,0,1415000,-1826000,-411000
2011/08/17,0,1176750,-2212000,-1035250
2011/08/18,0,1933387,-3417080,-1483693
2011/08/19,0,762936,-872000,-109064
2011/08/22,0,1801791,-1821000,-19209
2011/08/23,0,2045000,-1690746,354254
2011/08/24,0,1321450,-5621318,-4299868
2011/08/25,0,2350864,-1188579,1162285
2011/08/26,0,2122282,-2305000,-182718
2011/08/29,0,2853000,-2967353,-114353
2011/08/30,0,241325,-1475000,-1233675
2011/08/31,0,2546534,-3625453,-1078919
2011/09/01,0,3243429,-3658991,-415562
2011/09/02,0,604911,-1564960,-960049
2011/09/05,0,1230000,-5132867,-3902867
2011/09/06,0,699326,-3242556,-2543230
2011/09/07,0,2142284,-352000,1790284
2011/09/08,0,1418857,-1614000,-195143
2011/09/09,0,1068000,-1413157,-345157
2011/09/12,0,0,0,0
2011/09/13,0,892314,-4973440,-4081126
2011/09/14,0,2596239,-3370252,-774013
2011/09/15,0,4937000,-1830447,3106553
2011/09/16,0,4312000,-1345000,2967000
2011/09/19,0,902409,-1698000,-795591
2011/09/20,0,1132624,-1374000,-241376
2011/09/21,0,1270979,-937000,333979
2011/09/22,0,1143436,-3792000,-2648564
2011/09/23,0,1086846,-4205643,-3118797
2011/09/26,0,1335015,-1568000,-232985
2011/09/27,0,3806030,-1967000,1839030
2011/09/28,0,4570886,-2383000,2187886
2011/09/29,0,2936347,-1669000,1267347
2011/09/30,0,3469000,-2363000,1106000
2011/10/03,0,1826991,-2857971,-1030980
2011/10/04,0,1541000,-477000,1064000
2011/10/05,0,799000,-898945,-99945
2011/10/06,0,3712000,-966000,2746000
2011/10/07,0,2172000,-589000,1583000
2011/10/10,0,0,0,0
2011/10/11,0,2146000,-1180000,966000
2011/10/12,0,1584000,-1005000,579000
2011/10/13,0,2626990,-1080000,1546990
2011/10/14,0,1254173,-981000,273173
2011/10/17,0,2171423,-1081000,1090423
2011/10/18,0,1504297,-1708175,-203878
2011/10/19,0,1245756,-976000,269756
2011/10/20,0,557043,-894000,-336957
2011/10/21,0,1362978,-836440,526538
2011/10/24,0,3170861,-516000,2654861
2011/10/25,0,1651767,-1116000,535767
2011/10/26,0,1038000,-305000,733000
2011/10/27,0,1430655,-902000,528655
2011/10/28,0,3660000,-3339000,321000
2011/10/31,0,2594523,-3023000,-428477
2011/11/01,0,2269000,-1365700,903300
2011/11/02,0,1010000,-724000,286000
2011/11/03,0,860000,-1643000,-783000
2011/11/04,0,1796000,-374540,1421460
2011/11/07,0,254000,-573000,-319000
2011/11/08,0,383052,-537000,-153948
2011/11/09,0,1331000,-562140,768860
2011/11/10,0,1841912,-1640000,201912
2011/11/11,0,1193000,-1457726,-264726
2011/11/14,0,1988000,-873000,1115000
2011/11/15,0,2205000,-719000,1486000
2011/11/16,0,2334000,-2087000,247000
2011/11/17,0,2796000,-2282414,513586
2011/11/18,0,1113000,-2251547,-1138547
2011/11/21,0,2512000,-1756000,756000
2011/11/22,0,1325000,-1440000,-115000
2011/11/23,0,1784000,-2990104,-1206104
2011/11/24,0,1434000,-936000,498000
2011/11/25,0,1059000,-2347000,-1288000
2011/11/28,0,1307612,-1118000,189612
2011/11/29,0,1631000,-1498000,133000
2011/11/30,0,1962000,-2253000,-291000
2011/12/01,0,3759000,-1134920,2624080
2011/12/02,0,1768000,-1465000,303000
2011/12/05,0,676000,-768000,-92000
2011/12/06,0,912000,-510000,402000
2011/12/07,0,2238000,-1227000,1011000
2011/12/08,0,1989000,-2478000,-489000
2011/12/09,0,1073389,-1972000,-898611
2011/12/12,0,495000,-734000,-239000
2011/12/13,0,933398,-1557000,-623602
2011/12/14,0,2397000,-1623270,773730
2011/12/15,0,1549001,-2525000,-975999
2011/12/16,0,1607000,-748000,859000
2011/12/19,0,1405000,-1012000,393000
2011/12/20,0,1916000,-2891700,-975700
2011/12/21,0,2592000,-1168364,1423636
2011/12/22,0,1204000,-650000,554000
2011/12/23,0,1829000,-271000,1558000
2011/12/26,0,139000,-106000,33000
2011/12/27,0,1043000,-141000,902000
2011/12/28,0,1202860,-521860,681000
2011/12/29,0,1802000,-833000,969000
2011/12/30,0,1261025,-566000,695025
2012/01/02,0,61000,-224000,-163000
2012/01/03,0,2037700,-679000,1358700
2012/01/04,0,987000,-1237000,-250000
2012/01/05,0,1312000,-1768000,-456000
2012/01/06,0,1413000,-1209000,204000
2012/01/09,0,1414000,-591059,822941
2012/01/10,0,2380000,-544000,1836000
2012/01/11,0,1552000,-1835783,-283783
2012/01/12,0,3245000,-2007000,1238000
2012/01/13,0,3730000,-2671000,1059000
2012/01/16,0,1105000,-1596000,-491000
2012/01/17,0,3219000,-2390593,828407
2012/01/18,0,5251000,-3021585,2229415
2012/01/19,0,0,0,0
2012/01/20,0,0,0,0
2012/01/23,0,0,0,0
2012/01/24,0,0,0,0
2012/01/25,0,0,0,0
2012/01/26,0,0,0,0
2012/01/27,0,0,0,0
2012/01/30,0,7534063,-5183000,2351063
2012/01/31,0,5589050,-5208000,381050
2012/02/01,0,1433000,-1217000,216000
2012/02/02,0,2682000,-1113000,1569000
2012/02/03,0,1262000,-670000,592000
2012/02/06,0,1679000,-2498941,-819941
2012/02/07,0,2346000,-954000,1392000
2012/02/08,0,2349000,-644000,1705000
2012/02/09,0,2765000,-1853050,911950
2012/02/10,0,1437000,-1521000,-84000
2012/02/13,0,2339000,-912000,1427000
2012/02/14,0,1181540,-1610200,-428660
2012/02/15,0,2678000,-848000,1830000
2012/02/16,0,2996000,-1166000,1830000
2012/02/17,0,2615000,-1744000,871000
2012/02/20,0,656000,-582000,74000
2012/02/21,0,1413000,-654236,758764
2012/02/22,0,2298000,-399000,1899000
2012/02/23,0,1264000,-351000,913000
2012/02/24,0,1384000,-1285000,99000
2012/02/27,0,0,0,0
2012/02/28,0,0,0,0
2012/02/29,0,4800163,-1291000,3509163
2012/03/01,0,2583876,-634000,1949876
2012/03/02,0,2166639,-324369,1842270
2012/03/05,0,1726369,-762000,964369
2012/03/06,0,1735000,-326000,1409000
2012/03/07,0,1413000,-1999000,-586000
2012/03/08,0,1702000,-925000,777000
2012/03/09,0,498000,-351000,147000
2012/03/12,0,1221000,-447000,774000
2012/03/13,0,5730000,-928280,4801720
2012/03/14,0,4611175,-819486,3791689
2012/03/15,0,3056000,-539000,2517000
2012/03/16,0,2380000,-1051000,1329000
2012/03/19,0,1159000,-655000,504000
2012/03/20,0,1479000,-353000,1126000
2012/03/21,0,1232431,-685431,547000
2012/03/22,0,2565000,-290000,2275000
2012/03/23,0,1017000,-779000,238000
2012/03/26,0,879000,-3283688,-2404688
2012/03/27,0,1107000,-180000,927000
2012/03/28,0,1276000,-271000,1005000
2012/03/29,0,1319000,-2049000,-730000
2012/03/30,0,3291689,-2341600,950089
2012/04/02,0,1123000,-472000,651000
2012/04/03,0,2848158,-276000,2572158
2012/04/04,0,0,0,0
2012/04/05,0,1366000,-1617000,-251000
2012/04/06,0,496000,-2242812,-1746812
2012/04/09,0,504000,-1075000,-571000
2012/04/10,0,2243000,-492000,1751000
2012/04/11,0,446000,-1521568,-1075568
2012/04/12,0,1347000,-2403000,-1056000
2012/04/13,0,1622036,-1448431,173605
2012/04/16,0,483000,-849000,-366000
2012/04/17,0,1119000,-1405123,-286123
2012/04/18,0,1249000,-252000,997000
2012/04/19,0,1080000,-111000,969000
2012/04/20,0,1071000,-689000,382000
2012/04/23,0,2496428,-578000,1918428
2012/04/24,0,2337000,-1216000,1121000
2012/04/25,0,1575000,-1399000,176000
2012/04/26,0,879000,-825000,54000
2012/04/27,0,2112229,-1689140,423089
2012/04/30,0,1608000,-707379,900621
2012/05/01,0,0,0,0
2012/05/02,0,1813000,-620000,1193000
2012/05/03,0,993000,-1312000,-319000
2012/05/04,0,1627000,-1988000,-361000
2012/05/07,0,2139000,-3538000,-1399000
2012/05/08,0,2471000,-1960000,511000
2012/05/09,0,2449000,-4226000,-1777000
2012/05/10,0,1615106,-2158087,-542981
2012/05/11,0,1699398,-3292000,-1592602
2012/05/14,0,734000,-372000,362000
2012/05/15,0,810000,-1182660,-372660
2012/05/16,0,1337000,-2463000,-1126000
2012/05/17,0,2088000,-1157000,931000
2012/05/18,0,1423000,-1872140,-449140
2012/05/21,0,1081000,-750000,331000
2012/05/22,0,1622000,-1669000,-47000
2012/05/23,0,1750314,-1919000,-168686
2012/05/24,0,901000,-548000,353000
2012/05/25,0,1035000,-569328,465672
2012/05/28,0,2732780,-2570780,162000
2012/05/29,0,1876000,-1499000,377000
2012/05/30,0,3282000,-4419966,-1137966
2012/05/31,0,3944710,-2646179,1298531
2012/06/01,0,878000,-1898881,-1020881
2012/06/04,0,1412642,-1053000,359642
2012/06/05,0,1225000,-1452000,-227000
2012/06/06,0,1787000,-3098348,-1311348
2012/06/07,0,1336255,-1030000,306255
2012/06/08,0,1353057,-790000,563057
2012/06/11,0,2727603,-847000,1880603
2012/06/12,0,1227000,-1360000,-133000
2012/06/13,0,683725,-1283000,-599275
2012/06/14,0,1669259,-2513749,-844490
2012/06/15,0,10457000,-13131863,-2674863
2012/06/18,0,2611317,-655000,1956317
2012/06/19,0,1832191,-1496000,336191
2012/06/20,0,2671622,-1940000,731622
2012/06/21,0,1021205,-841000,180205
2012/06/22,0,949632,-2346668,-1397036
2012/06/25,0,1341000,-2422540,-1081540
2012/06/26,0,969000,-1101000,-132000
2012/06/27,0,2221000,-2965000,-744000
2012/06/28,0,1874000,-3011480,-1137480
2012/06/29,0,4049000,-3082000,967000
2012/07/02,0,1985000,-627000,1358000
2012/07/03,0,2345000,-1431000,914000
2012/07/04,0,2546126,-1150000,1396126
2012/07/05,0,895000,-855000,40000
2012/07/06,0,1831000,-1119000,712000
2012/07/09,0,868000,-284000,584000
2012/07/10,0,1614262,-1324000,290262
2012/07/11,0,1040000,-2346800,-1306800
2012/07/12,0,1015195,-1983000,-967805
2012/07/13,0,2721091,-1005268,1715823
2012/07/16,0,5215000,-2309000,2906000
2012/07/17,0,752000,-1544000,-792000
2012/07/18,0,589000,-1940000,-1351000
2012/07/19,0,2541000,-1429205,1111795
2012/07/20,0,1412000,-2187000,-775000
2012/07/23,0,1748000,-1994000,-246000
2012/07/24,0,3224000,-1733000,1491000
2012/07/25,0,2116000,-2779389,-663389
2012/07/26,0,927000,-2752954,-1825954
2012/07/27,0,4323000,-1496698,2826302
2012/07/30,0,2208425,-1579000,629425
2012/07/31,0,6726000,-2165331,4560669
2012/08/01,0,2788000,-782000,2006000
2012/08/02,0,0,0,0
2012/08/03,0,818810,-1546000,-727190
2012/08/06,0,3083000,-77000,3006000
2012/08/07,0,5264000,-2255000,3009000
2012/08/08,0,4166875,-2106764,2060111
2012/08/09,0,6753000,-894000,5859000
2012/08/10,0,2991000,-210000,2781000
2012/08/13,0,3019000,-404000,2615000
2012/08/14,0,3392796,-706000,2686796
2012/08/15,0,4111656,-367000,3744656
2012/08/16,0,1765000,-574000,1191000
2012/08/17,0,2119000,-4710000,-2591000
2012/08/20,0,1008000,-385000,623000
2012/08/21,0,4706960,-1560030,3146930
2012/08/22,0,1323783,-1721000,-397217
2012/08/23,0,1784181,-1532080,252101
2012/08/24,0,264000,-708066,-444066
2012/08/27,0,1665000,-1159000,506000
2012/08/28,0,684561,-755000,-70439
2012/08/29,0,4285000,-1296000,2989000
2012/08/30,0,2989000,-2934000,55000
2012/08/31,0,5945951,-2487451,3458500
2012/09/03,0,390000,-693000,-303000
2012/09/04,0,241000,-703604,-462604
2012/09/05,0,3100000,-1948660,1151340
2012/09/06,0,2373000,-1494000,879000
2012/09/07,0,6627124,-240000,6387124
2012/09/10,0,8315976,-595000,7720976
2012/09/11,0,5732000,-1333000,4399000
2012/09/12,0,2655000,-843000,1812000
2012/09/13,0,9446000,-2824000,6622000
2012/09/14,0,6625000,-1188000,5437000
2012/09/17,0,8653000,-1849000,6804000
2012/09/18,0,5691000,-466000,5225000
2012/09/19,0,6988000,-2667000,4321000
2012/09/20,0,5123000,-1862055,3260945
2012/09/21,0,1916400,-666000,1250400
2012/09/24,0,2030000,-896000,1134000
2012/09/25,0,3205000,-712000,2493000
2012/09/26,0,3294000,-1031000,2263000
2012/09/27,0,6826000,-2761945,4064055
2012/09/28,0,5562000,-1101646,4460354
2012/10/01,0,1651000,-202000,1449000
2012/10/02,0,2284000,-813000,1471000
2012/10/03,0,1627000,-86000,1541000
2012/10/04,0,4100000,-449000,3651000
2012/10/05,0,4460000,-2216000,2244000
2012/10/08,0,7601800,-1057000,6544800
2012/10/09,0,8012020,-3479371,4532649
2012/10/10,0,0,0,0
2012/10/11,0,2838000,-2762000,76000
2012/10/12,0,2096000,-1494000,602000
2012/10/15,0,3306992,-2068000,1238992
2012/10/16,0,2479169,-3707000,-1227831
2012/10/17,0,4081000,-3321393,759607
2012/10/18,0,4364000,-487000,3877000
2012/10/19,0,6065000,-1335000,4730000
2012/10/22,0,3302000,-732746,2569254
2012/10/23,0,1657787,-2154247,-496460
2012/10/24,0,2192000,-4223875,-2031875
2012/10/25,0,2311244,-1664000,647244
2012/10/26,0,2354000,-1257000,1097000
2012/10/29,0,4271300,-1393000,2878300
2012/10/30,0,1798000,-1511000,287000
2012/10/31,0,2434000,-1728000,706000
2012/11/01,0,1844000,-2767000,-923000
2012/11/02,0,2797000,-2365000,432000
2012/11/05,0,3602000,-943000,2659000
2012/11/06,0,2936000,-855000,2081000
2012/11/07,0,2909000,-1795488,1113512
2012/11/08,0,1775000,-3855000,-2080000
2012/11/09,0,683000,-3731500,-3048500
2012/11/12,0,1064000,-1360000,-296000
2012/11/13,0,4191000,-2135000,2056000
2012/11/14,0,2943000,-1719020,1223980
2012/11/15,0,2972000,-3761000,-789000
2012/11/16,0,1062000,-1072000,-10000
2012/11/19,0,738000,-1288000,-550000
2012/11/20,0,1303000,-791710,511290
2012/11/21,0,1271000,-2477000,-1206000
2012/11/22,0,1907000,-546000,1361000
2012/11/23,0,3564000,-921000,2643000
2012/11/26,0,1670000,-2012000,-342000
2012/11/27,0,3764000,-1690000,2074000
2012/11/28,0,2722800,-1984000,738800
2012/11/29,0,4469000,-2519000,1950000
2012/11/30,0,6473000,-7378175,-905175
2012/12/03,0,3584000,-1789539,1794461
2012/12/04,0,2812530,-562000,2250530
2012/12/05,0,2552000,-1484000,1068000
2012/12/06,0,4668000,-1763028,2904972
2012/12/07,0,4262000,-1566000,2696000
2012/12/10,0,2046000,-2145439,-99439
2012/12/11,0,3524420,-1182000,2342420
2012/12/12,0,3685732,-1720420,1965312
2012/12/13,0,2052853,-1154000,898853
2012/12/14,0,2725919,-3022000,-296081
2012/12/17,0,2202770,-2303000,-100230
2012/12/18,0,3694000,-3317260,376740
2012/12/19,0,4651000,-3450700,1200300
2012/12/20,0,1882000,-3838855,-1956855
2012/12/21,0,2267000,-9437111,-7170111
2012/12/24,0,1208000,-1784000,-576000
2012/12/25,0,1580000,-258000,1322000
2012/12/26,0,927000,-1033439,-106439
2012/12/27,0,920963,-1611000,-690037
2012/12/28,0,2129000,-2442769,-313769
2012/12/31,0,0,0,0
2013/01/01,0,0,0,0
2013/01/02,0,3042000,-549000,2493000
2013/01/03,0,1929000,-4501000,-2572000
2013/01/04,0,2958000,-3141027,-183027
2013/01/07,0,1571000,-2550500,-979500
2013/01/08,0,1604000,-1621000,-17000
2013/01/09,0,1211000,-1582677,-371677
2013/01/10,0,4113000,-1669100,2443900
2013/01/11,0,1379000,-2931560,-1552560
2013/01/14,0,3072111,-2705000,367111
2013/01/15,0,2194000,-1327000,867000
2013/01/16,0,1865837,-1514000,351837
2013/01/17,0,807000,-1586000,-779000
2013/01/18,0,1303000,-887518,415482
2013/01/21,0,373000,-1671000,-1298000
2013/01/22,0,717000,-4061948,-3344948
2013/01/23,0,595000,-1946474,-1351474
2013/01/24,0,1139000,-1358000,-219000
2013/01/25,0,1008329,-3964569,-2956240
2013/01/28,0,804000,-1265000,-461000
2013/01/29,0,1958382,-4148959,-2190577
2013/01/30,0,1669764,-1572000,97764
2013/01/31,0,1664000,-4767319,-3103319
2013/02/01,0,3104000,-766169,2337831
2013/02/04,0,2008000,-2424000,-416000
2013/02/05,0,2734000,-2767000,-33000
2013/02/06,0,3737724,-5386000,-1648276
2013/02/07,0,0,0,0
2013/02/08,0,0,0,0
2013/02/11,0,0,0,0
2013/02/12,0,0,0,0
2013/02/13,0,0,0,0
2013/02/14,0,0,0,0
2013/02/15,0,0,0,0
2013/02/18,0,4030499,-1524000,2506499
2013/02/19,0,2651935,-1134461,1517474
2013/02/20,0,2948909,-872000,2076909
2013/02/21,0,2321513,-2475000,-153487
2013/02/22,0,1484000,-3353932,-1869932
2013/02/25,0,2054526,-2418393,-363867
2013/02/26,0,1305299,-2120000,-814701
2013/02/27,0,3889996,-2316301,1573695
2013/02/28,0,0,0,0
2013/03/01,0,5785764,-2245000,3540764
2013/03/04,0,2901000,-6548402,-3647402
2013/03/05,0,1456000,-2262000,-806000
2013/03/06,0,2314000,-2781000,-467000
2013/03/07,0,3114000,-4584763,-1470763
2013/03/08,0,2569264,-2214000,355264
2013/03/11,0,1075000,-1847000,-772000
2013/03/12,0,1127000,-2198923,-1071923
2013/03/13,0,2811000,-2911000,-100000
2013/03/14,0,2256764,-5166724,-2909960
2013/03/15,0,8044656,-9962510,-1917854
2013/03/18,0,1575000,-2958300,-1383300
2013/03/19,0,1951000,-1963172,-12172
2013/03/20,0,2786000,-4045306,-1259306
2013/03/21,0,1158500,-2201000,-1042500
2013/03/22,0,3463000,-2897400,565600
2013/03/25,0,742000,-1463000,-721000
2013/03/26,0,717000,-2055535,-1338535
2013/03/27,0,1463000,-595000,868000
2013/03/28,0,1473000,-1877619,-404619
2013/03/29,0,3523000,-887000,2636000
2013/04/01,0,199709,-360000,-160291
2013/04/02,0,995969,-331780,664189
2013/04/03,0,6204343,-1334000,4870343
2013/04/04,0,0,0,0
2013/04/05,0,0,0,0
2013/04/08,0,2968000,-4099029,-1131029
2013/04/09,0,3683000,-1774374,1908626
2013/04/10,0,2724000,-2826508,-102508
2013/04/11,0,5159858,-2264270,2895588
2013/04/12,0,1314000,-1264743,49257
2013/04/15,0,2507437,-1531000,976437
2013/04/16,0,1347606,-792500,555106
2013/04/17,0,4717000,-2271600,2445400
2013/04/18,0,3708000,-1986700,1721300
2013/04/19,0,4484000,-1828400,2655600
2013/04/22,0,2392000,-928300,1463700
2013/04/23,0,1435000,-539000,896000
2013/04/24,0,3148000,-3343000,-195000
2013/04/25,0,4181511,-3425600,755911
2013/04/26,0,6281000,-4248300,2032700
2013/04/29,0,4053000,-439000,3614000
2013/04/30,0,5864000,-3198900,2665100
2013/05/01,0,0,0,0
2013/05/02,0,4930191,-1839000,3091191
2013/05/03,0,4017850,-684000,3333850
2013/05/06,0,2657000,-3023937,-366937
2013/05/07,0,6398134,-1662000,4736134
2013/05/08,0,8378651,-4444037,3934614
2013/05/09,0,5470982,-1632100,3838882
2013/05/10,0,3422000,-1370000,2052000
2013/05/13,0,1300000,-1195859,104141
2013/05/14,0,3456000,-4291750,-835750
2013/05/15,0,2913000,-4010107,-1097107
2013/05/16,0,2427000,-5552000,-3125000
2013/05/17,0,1791804,-5066000,-3274196
2013/05/20,0,748790,-3017000,-2268210
2013/05/21,0,1685000,-5294052,-3609052
2013/05/22,0,2849000,-3741000,-892000
2013/05/23,0,4750000,-6154924,-1404924
2013/05/24,0,3362078,-6422000,-3059922
2013/05/27,0,1318484,-5526000,-4207516
2013/05/28,0,1659000,-3032798,-1373798
2013/05/29,0,2644000,-2987000,-343000
2013/05/30,0,1636000,-6577100,-4941100
2013/05/31,0,10470000,-16800505,-6330505
2013/06/03,0,2264000,-8194000,-5930000
2013/06/04,0,3112000,-6121314,-3009314
2013/06/05,0,1396000,-5603342,-4207342
2013/06/06,0,2021131,-5435900,-3414769
2013/06/07,0,3057700,-3032638,25062
2013/06/10,0,3034000,-1452311,1581689
2013/06/11,0,1933761,-5445000,-3511239
2013/06/12,0,0,0,0
2013/06/13,0,2624000,-6387042,-3763042
2013/06/14,0,2545000,-2202000,343000
2013/06/17,0,1463117,-1909000,-445883
2013/06/18,0,2306750,-5579889,-3273139
2013/06/19,0,1582008,-4517560,-2935552
2013/06/20,0,2663000,-3226066,-563066
2013/06/21,0,1613000,-7180002,-5567002
2013/06/24,0,468000,-3307007,-2839007
2013/06/25,0,1853000,-2425834,-572834
2013/06/26,0,2662000,-2929453,-267453
2013/06/27,0,2407000,-3128000,-721000
2013/06/28,0,4378795,-4311593,67202
2013/07/01,0,1829000,-917000,912000
2013/07/02,0,1050457,-2581486,-1531029
2013/07/03,0,2122301,-1327227,795074
2013/07/04,0,644000,-400000,244000
2013/07/05,0,1379000,-1489000,-110000
2013/07/08,0,565000,-1701970,-1136970
2013/07/09,0,2012000,-673000,1339000
2013/07/10,0,2626000,-365000,2261000
2013/07/11,0,4732372,-1814440,2917932
2013/07/12,0,2124000,-1350000,774000
2013/07/15,0,3205904,-1386602,1819302
2013/07/16,0,2845000,-2945000,-100000
2013/07/17,0,5988000,-1627000,4361000
2013/07/18,0,5149000,-8400863,-3251863
2013/07/19,0,7106324,-4826000,2280324
2013/07/22,0,6250913,-4936000,1314913
2013/07/23,0,4442582,-1042000,3400582
2013/07/24,0,1842000,-1992000,-150000
2013/07/25,0,962000,-1093000,-131000
2013/07/26,0,1071000,-2571000,-1500000
2013/07/29,0,1590000,-2164446,-574446
2013/07/30,0,3627000,-560000,3067000
2013/07/31,0,2430000,-4046366,-1616366
2013/08/01,0,710000,-2106000,-1396000
2013/08/02,0,872259,-2010000,-1137741
2013/08/05,0,294457,-2437000,-2142543
2013/08/06,0,1328000,-2143000,-815000
2013/08/07,0,982000,-1434000,-452000
2013/08/08,0,243000,-2019000,-1776000
2013/08/09,0,651000,-2453000,-1802000
2013/08/12,0,1305000,-1127000,178000
2013/08/13,0,1098000,-741000,357000
2013/08/14,0,829863,-2263000,-1433137
2013/08/15,0,1550000,-1867906,-317906
2013/08/16,0,3563000,-1037059,2525941
2013/08/19,0,3041000,-2057000,984000
2013/08/20,0,1799422,-1457784,341638
2013/08/21,0,0,0,0
2013/08/22,0,2365784,-3890161,-1524377
2013/08/23,0,2797000,-1183000,1614000
2013/08/26,0,1960000,-907000,1053000
2013/08/27,0,2299000,-1718000,581000
2013/08/28,0,2027000,-1167000,860000
2013/08/29,0,3243915,-1163000,2080915
2013/08/30,0,6168814,-2048758,4120056
2013/09/02,0,2668000,-1068000,1600000
2013/09/03,0,2592815,-1217295,1375520
2013/09/04,0,2961000,-608000,2353000
2013/09/05,0,3053265,-415000,2638265
2013/09/06,0,2564496,-895000,1669496
2013/09/09,0,3846000,-1142057,2703943
2013/09/10,0,4120000,-949000,3171000
2013/09/11,0,3902000,-2109202,1792798
2013/09/12,0,3014000,-2925318,88682
2013/09/13,0,2419000,-2365000,54000
2013/09/16,0,2720000,-1971000,749000
2013/09/17,0,2962000,-3614000,-652000
2013/09/18,0,2084383,-1327012,757371
2013/09/19,0,0,0,0
2013/09/20,0,0,0,0
2013/09/23,0,5494226,-2426900,3067326
2013/09/24,0,1474000,-1513169,-39169
2013/09/25,0,2172000,-952282,1219718
2013/09/26,0,1598000,-1501000,97000
2013/09/27,0,3486000,-1760801,1725199
2013/09/30,0,4599674,-3593483,1006191
2013/10/01,0,943000,-1737501,-794501
2013/10/02,0,1880848,-2791469,-910621
2013/10/03,0,4595311,-1245000,3350311
2013/10/04,0,2088000,-555000,1533000
2013/10/07,0,2540309,-481000,2059309
2013/10/08,0,2373000,-1476000,897000
2013/10/09,0,1590000,-717000,873000
2013/10/10,0,0,0,0
2013/10/11,0,4042712,-1057000,2985712
2013/10/14,0,1478000,-1780617,-302617
2013/10/15,0,1822000,-668000,1154000
2013/10/16,0,1016000,-829700,186300
2013/10/17,0,1379157,-919000,460157
2013/10/18,0,2064278,-1045358,1018920
2013/10/21,0,2293000,-1009319,1283681
2013/10/22,0,1521000,-1573558,-52558
2013/10/23,0,1325428,-665582,659846
2013/10/24,0,1449435,-1503414,-53979
2013/10/25,0,2857000,-3428300,-571300
2013/10/28,0,1384000,-543000,841000
2013/10/29,0,2170435,-1064786,1105649
2013/10/30,0,2616000,-1065104,1550896
2013/10/31,0,3886000,-3085923,800077
2013/11/01,0,1244415,-907000,337415
2013/11/04,0,1459000,-637000,822000
2013/11/05,0,1193722,-1080790,112932
2013/11/06,0,1747785,-2164750,-416965
2013/11/07,0,2871000,-863000,2008000
2013/11/08,0,2521000,-2728000,-207000
2013/11/11,0,2673500,-3098000,-424500
2013/11/12,0,5432823,-3370823,2062000
2013/11/13,0,2689570,-2782967,-93397
2013/11/14,0,3921722,-1579653,2342069
2013/11/15,0,1224000,-1726000,-502000
2013/11/18,0,3695592,-1103000,2592592
2013/11/19,0,5332000,-294000,5038000
2013/11/20,0,4815000,-2013953,2801047
2013/11/21,0,3894013,-2795000,1099013
2013/11/22,0,1952762,-1159000,793762
2013/11/25,0,1927778,-456000,1471778
2013/11/26,0,4683297,-2782660,1900637
2013/11/27,0,3874919,-1088001,2786918
2013/11/28,0,2871000,-1048000,1823000
2013/11/29,0,4239960,-2451000,1788960
2013/12/02,0,3048851,-866000,2182851
2013/12/03,0,3557664,-2208695,1348969
2013/12/04,0,3557000,-2926300,630700
2013/12/05,0,3486524,-1850000,1636524
2013/12/06,0,1939762,-693000,1246762
2013/12/09,0,6561204,-1325529,5235675
2013/12/10,0,6199000,-3093900,3105100
2013/12/11,0,3226000,-2395000,831000
2013/12/12,0,6236000,-2463882,3772118
2013/12/13,0,3705000,-1813000,1892000
2013/12/16,0,3880000,-2635457,1244543
2013/12/17,0,5585000,-5056000,529000
2013/12/18,0,10071573,-1787000,8284573
2013/12/19,0,6809000,-2649000,4160000
2013/12/20,0,9966903,-7836634,2130269
2013/12/23,0,5458016,-2526000,2932016
2013/12/24,0,3415000,-1553000,1862000
2013/12/25,0,1103000,-137000,966000
2013/12/26,0,1139000,-58000,1081000
2013/12/27,0,6444000,-938000,5506000
2013/12/30,0,6229000,-1997000,4232000
2013/12/31,0,2851000,-1343099,1507901
2014/01/02,0,1808000,-423000,1385000
2014/01/03,0,6140270,-2610000,3530270
2014/01/06,0,5220308,-4362500,857808
2014/01/07,0,8918000,-1486524,7431476
2014/01/08,0,5570209,-2023000,3547209
2014/01/09,0,8634000,-4673000,3961000
2014/01/10,0,4583000,-3980798,602202
2014/01/13,0,8174000,-2573485,5600515
2014/01/14,0,3356524,-2841000,515524
2014/01/15,0,7502182,-2303000,5199182
2014/01/16,0,10988000,-5318915,5669085
2014/01/17,0,13917309,-9609000,4308309
2014/01/20,0,1677517,-2245000,-567483
2014/01/21,0,4277000,-4605095,-328095
2014/01/22,0,5668000,-1319000,4349000
2014/01/23,0,5786524,-7723000,-1936476
2014/01/24,0,5109200,-4722200,387000
2014/01/27,0,5404000,-6118787,-714787
2014/02/05,0,17047300,-18380711,-1333411
2014/02/06,0,6237000,-5879000,358000
2014/02/07,0,2503000,-2650000,-147000
2014/02/10,0,1717000,-971201,745799
2014/02/11,0,816024,-646199,169825
2014/02/12,0,2175000,-1937486,237514
2014/02/13,0,907905,-1744974,-837069
2014/02/14,0,2902000,-2043655,858345
2014/02/17,0,903000,-1073000,-170000
2014/02/18,0,868000,-477000,391000
2014/02/19,0,1528000,-1776280,-248280
2014/02/20,0,3296272,-3180316,115956
2014/02/21,0,4846000,-3159000,1687000
2014/02/24,0,1028000,-1875000,-847000
2014/02/25,0,4480258,-827220,3653038
2014/02/26,0,4104000,-2527345,1576655
2014/02/27,0,3070261,-4373101,-1302840
2014/03/03,0,4525400,-2639000,1886400
2014/03/04,0,4901028,-2486000,2415028
2014/03/05,0,2837000,-3632961,-795961
2014/03/06,0,4957770,-3285000,1672770
2014/03/07,0,1725000,-4147000,-2422000
2014/03/10,0,1742000,-2035457,-293457
2014/03/11,0,4429330,-1756750,2672580
2014/03/12,0,1998165,-1608287,389878
2014/03/13,0,5384000,-2347386,3036614
2014/03/14,0,848001,-2105000,-1256999
2014/03/17,0,1286000,-885542,400458
2014/03/18,0,5131000,-4536141,594859
2014/03/19,0,721000,-1625000,-904000
2014/03/20,0,2930000,-3319861,-389861
2014/03/21,0,3350000,-3841782,-491782
2014/03/24,0,2085354,-1018365,1066989
2014/03/25,0,5164000,-1326000,3838000
2014/03/26,0,2966000,-2032003,933997
2014/03/27,0,5606000,-1952000,3654000
2014/03/28,0,6206000,-1910330,4295670
2014/03/31,0,5713109,-3551040,2162069
2014/04/01,0,2240000,-2093729,146271
2014/04/02,0,2303000,-2278000,25000
2014/04/03,0,1767000,-3693000,-1926000
2014/04/07,0,3533000,-3734000,-201000
2014/04/08,0,1526457,-2799000,-1272543
2014/04/09,0,2445000,-2253000,192000
2014/04/10,0,6514020,-5722610,791410
2014/04/11,0,2452000,-1947468,504532
2014/04/14,0,1008000,-1120000,-112000
2014/04/15,0,4393000,-1807727,2585273
2014/04/16,0,3459000,-2427000,1032000
2014/04/17,0,4411413,-2950000,1461413
2014/04/18,0,1134000,-199000,935000
2014/04/21,0,643000,-113000,530000
2014/04/22,0,1616000,-753000,863000
2014/04/23,0,3846800,-2912536,934264
2014/04/24,0,1324000,-4709000,-3385000
2014/04/25,0,9373000,-8630000,743000
2014/04/28,0,4543000,-6660650,-2117650
2014/04/29,0,1868826,-3742000,-1873174
2014/04/30,0,9891072,-12129000,-2237928
2014/05/02,0,1365000,-8414000,-7049000
2014/05/05,0,1312000,-3790000,-2478000
2014/05/06,0,2256000,-3980000,-1724000
2014/05/07,0,2241000,-11348000,-9107000
2014/05/08,0,5172000,-4843000,329000
2014/05/09,0,2137181,-9722983,-7585802
2014/05/12,0,3048457,-7773000,-4724543
2014/05/13,0,4469000,-12124000,-7655000
2014/05/14,0,7811000,-4796000,3015000
2014/05/15,0,1641000,-4103000,-2462000
2014/05/16,0,6098000,-3640042,2457958
2014/05/19,0,4512000,-6156300,-1644300
2014/05/20,0,3840776,-3615548,225228
2014/05/21,0,1436355,-3606180,-2169825
2014/05/22,0,4009000,-5478000,-1469000
2014/05/23,0,2846000,-6788280,-3942280
2014/05/26,0,2788000,-6022905,-3234905
2014/05/27,0,914000,-863000,51000
2014/05/28,0,2057884,-3490267,-1432383
2014/05/29,0,3923000,-1376279,2546721
2014/05/30,0,5507413,-6845990,-1338577
2014/06/03,0,7513000,-4698089,2814911
2014/06/04,0,2509000,-3569200,-1060200
2014/06/05,0,6570000,-4168000,2402000
2014/06/06,0,2854000,-2792000,62000
2014/06/09,0,789000,-1136000,-347000
2014/06/10,0,3575390,-4261080,-685690
2014/06/11,0,2085884,-7404336,-5318452
2014/06/12,0,3058000,-1726000,1332000
2014/06/13,0,2339884,-2347000,-7116
2014/06/16,0,3012000,-1446589,1565411
2014/06/17,0,8296000,-4348785,3947215
2014/06/18,0,7551000,-3307040,4243960
2014/06/19,0,3752305,-5596780,-1844475
2014/06/20,0,30781933,-31437800,-655867
2014/06/23,0,7133355,-9354666,-2221311
2014/06/24,0,4928884,-3842463,1086421
2014/06/25,0,5183000,-5782223,-599223
2014/06/26,0,2458418,-1729362,729056
2014/06/27,0,1470000,-929110,540890
2014/06/30,0,2120000,-1637129,482871
2014/07/01,0,854000,-2534366,-1680366
2014/07/02,0,1690915,-2298226,-607311
2014/07/03,0,1635000,-4646000,-3011000
2014/07/04,0,1537000,-1065000,472000
2014/07/07,0,1965000,-1153000,812000
2014/07/08,0,2003000,-7327408,-5324408
2014/07/09,0,4406000,-3597229,808771
2014/07/10,0,4520722,-8484323,-3963601
2014/07/11,0,2516961,-2654000,-137039
2014/07/14,0,1496000,-4221604,-2725604
2014/07/15,0,1770637,-2052800,-282163
2014/07/16,0,1913175,-2071000,-157825
2014/07/17,0,3842980,-4221000,-378020
2014/07/18,0,1615000,-3562630,-1947630
2014/07/21,0,3091000,-4690169,-1599169
2014/07/22,0,7497000,-7832330,-335330
2014/07/23,0,0,0,0
2014/07/24,0,2108175,-6146000,-4037825
2014/07/25,0,1705000,-2810849,-1105849
2014/07/28,0,1927000,-1008000,919000
2014/07/29,0,2605000,-4566520,-1961520
2014/07/30,0,2437000,-5052000,-2615000
2014/07/31,0,2720800,-5813820,-3093020
2014/08/01,0,1113175,-2739000,-1625825
2014/08/04,0,1489000,-2852000,-1363000
2014/08/05,0,1127399,-4789808,-3662409
2014/08/06,0,1683740,-3096130,-1412390
2014/08/07,0,926132,-1987170,-1061038
2014/08/08,0,1121127,-1831744,-710617
2014/08/11,0,714000,-2221000,-1507000
2014/08/12,0,526491,-2120652,-1594161
2014/08/13,0,1686000,-1196000,490000
2014/08/14,0,507000,-1387000,-880000
2014/08/15,0,857000,-2814800,-1957800
2014/08/18,0,1300000,-3192000,-1892000
2014/08/19,0,1869153,-2436000,-566847
2014/08/20,0,1699399,-1880000,-180601
2014/08/21,0,848000,-2179000,-1331000
2014/08/22,0,3260673,-1604000,1656673
2014/08/25,0,1177000,-1210600,-33600
2014/08/26,0,1608430,-1760400,-151970
2014/08/27,0,2462000,-4896000,-2434000
2014/08/28,0,1885754,-4724270,-2838516
2014/08/29,0,1001000,-2705000,-1704000
2014/09/01,0,1441000,-846000,595000
2014/09/02,0,923000,-2432317,-1509317
2014/09/03,0,2969357,-4434052,-1464695
2014/09/04,0,980287,-1415235,-434948
2014/09/05,0,1519000,-1051000,468000
2014/09/09,0,1410025,-1731000,-320975
2014/09/10,0,898720,-2430000,-1531280
2014/09/11,0,1721000,-1739000,-18000
2014/09/12,0,942805,-3274160,-2331355
2014/09/15,0,1442000,-2616938,-1174938
2014/09/16,0,1400394,-2390000,-989606
2014/09/17,0,1955000,-1937400,17600
2014/09/18,0,1556609,-1744866,-188257
2014/09/19,0,1787756,-1829780,-42024
2014/09/22,0,957590,-4024163,-3066573
2014/09/23,0,1318000,-2127000,-809000
2014/09/24,0,1476488,-851104,625384
2014/09/25,0,1987000,-1862254,124746
2014/09/26,0,1303000,-494165,808835
2014/09/29,0,3566000,-4582681,-1016681
2014/09/30,0,3546000,-1860098,1685902
2014/10/01,0,1530470,-2877638,-1347168
2014/10/02,0,890000,-2474209,-1584209
2014/10/03,0,1279457,-1743000,-463543
2014/10/06,0,788896,-3306000,-2517104
2014/10/07,0,1381000,-2285000,-904000
2014/10/08,0,2401000,-4289000,-1888000
2014/10/09,0,2581454,-4565471,-1984017
2014/10/13,0,3361000,-3516000,-155000
2014/10/14,0,1486000,-1832000,-346000
2014/10/15,0,3585000,-4480000,-895000
2014/10/16,0,2936350,-3601798,-665448
2014/10/17,0,6687000,-11063205,-4376205
2014/10/20,0,2620800,-1473216,1147584
2014/10/21,0,1601000,-2280000,-679000
2014/10/22,0,2343457,-3477200,-1133743
2014/10/23,0,1185457,-1577000,-391543
2014/10/24,0,2093000,-2315757,-222757
2014/10/27,0,2405000,-2642000,-237000
2014/10/28,0,2552000,-3476600,-924600
2014/10/29,0,3577372,-2772946,804426
2014/10/30,0,2565956,-1253000,1312956
2014/10/31,0,3068000,-2436000,632000
2014/11/03,0,1358380,-925000,433380
2014/11/04,0,2217000,-2421000,-204000
2014/11/05,0,2054000,-2136568,-82568
2014/11/06,0,1450000,-1274000,176000
2014/11/07,0,1083000,-1496506,-413506
2014/11/10,0,2230000,-1253900,976100
2014/11/11,0,946000,-2712500,-1766500
2014/11/12,0,738000,-2228900,-1490900
2014/11/13,0,1656000,-1922840,-266840
2014/11/14,0,1691000,-2455000,-764000
2014/11/17,0,2572000,-3199000,-627000
2014/11/18,0,2558309,-2246942,311367
2014/11/19,0,5790300,-2091000,3699300
2014/11/20,0,6566000,-1792000,4774000
2014/11/21,0,2500000,-2289000,211000
2014/11/24,0,2179000,-1493452,685548
2014/11/25,0,5929878,-8200749,-2270871
2014/11/26,0,2103000,-1235000,868000
2014/11/27,0,2901000,-841715,2059285
2014/11/28,0,2538000,-1043000,1495000
2014/12/01,0,1565401,-2050000,-484599
2014/12/02,0,3475409,-2143000,1332409
2014/12/03,0,1394172,-1577000,-182828
2014/12/04,0,2351000,-1276000,1075000
2014/12/05,0,1327000,-1788000,-461000
2014/12/08,0,3704000,-2514000,1190000
2014/12/09,0,2833013,-1781000,1052013
2014/12/10,0,3963046,-3821246,141800
2014/12/11,0,3176000,-1908000,1268000
2014/12/12,0,3449309,-2066000,1383309
2014/12/15,0,1981000,-2526695,-545695
2014/12/16,0,4348000,-1978446,2369554
2014/12/17,0,4178000,-3502335,675665
2014/12/18,0,4271433,-2263000,2008433
2014/12/19,0,7290000,-2110659,5179341
2014/12/22,0,3097000,-1159209,1937791
2014/12/23,0,3273000,-795058,2477942
2014/12/24,0,4475000,-1023000,3452000
2014/12/25,0,1080000,-24000,1056000
2014/12/26,0,1139000,-62000,1077000
2014/12/29,0,3092000,-460733,2631267
2014/12/30,0,2945638,-1390440,1555198
2014/12/31,0,1174000,-835000,339000
2015/01/01,0,0,0,0
2015/01/02,0,0,0,0
2015/01/05,0,1915000,-1553114,361886
2015/01/06,0,3889000,-3871000,18000
2015/01/07,0,4572000,-2106000,2466000
2015/01/08,0,8643000,-1601250,7041750
2015/01/09,0,3320000,-2003048,1316952
2015/01/12,0,2453000,-713000,1740000
2015/01/13,0,4839000,-2333724,2505276
2015/01/14,0,6109000,-2932388,3176612
2015/01/15,0,5956000,-4434000,1522000
2015/01/16,0,4903000,-2154220,2748780
2015/01/19,0,2831000,-1275000,1556000
2015/01/20,0,4237000,-1706063,2530937
2015/01/21,0,4114000,-1740494,2373506
2015/01/22,0,3479000,-1569120,1909880
2015/01/23,0,5944000,-1595806,4348194
2015/01/26,0,3077000,-3337484,-260484
2015/01/27,0,6856000,-2234000,4622000
2015/01/28,0,4070000,-1550000,2520000
2015/01/29,0,6905000,-3269000,3636000
2015/01/30,0,5246000,-2227000,3019000
2015/02/02,0,2368857,-1305000,1063857
2015/02/03,0,4614000,-562848,4051152
2015/02/04,0,8146364,-2717981,5428383
2015/02/05,0,3138150,-3946000,-807850
2015/02/06,0,3189000,-1951643,1237357
2015/02/09,0,4224000,-837000,3387000
2015/02/10,0,5438000,-1770000,3668000
2015/02/11,0,5384212,-989000,4395212
2015/02/12,0,6736000,-1353000,5383000
2015/02/13,0,4701000,-1068000,3633000
2015/02/16,0,0,0,0
2015/02/17,0,0,0,0
2015/02/18,0,0,0,0
2015/02/19,0,0,0,0
2015/02/20,0,0,0,0
2015/02/23,0,0,0,0
2015/02/24,0,4531000,-3501618,1029382
2015/02/25,0,6003000,-3372000,2631000
2015/02/26,0,3492000,-2596631,895369
2015/02/27,0,0,0,0
2015/03/02,0,3468299,-2353372,1114927
2015/03/03,0,2498237,-6048654,-3550417
2015/03/04,0,8825000,-2350000,6475000
2015/03/05,0,3362000,-1931020,1430980
2015/03/06,0,4456000,-974000,3482000
2015/03/09,0,1652000,-998000,654000
2015/03/10,0,3854593,-1705250,2149343
2015/03/11,0,5116000,-3006000,2110000
2015/03/12,0,4023000,-2941089,1081911
2015/03/13,0,20016724,-19984000,32724
2015/03/16,0,3748000,-1263868,2484132
2015/03/17,0,3207000,-2351880,855120
2015/03/18,0,6344000,-1868996,4475004
2015/03/19,0,5582000,-1027484,4554516
2015/03/20,0,10175000,-4487867,5687133
2015/03/23,0,3162750,-2480000,682750
2015/03/24,0,16316710,-14636360,1680350
2015/03/25,0,2605000,-1842600,762400
2015/03/26,0,15079000,-13497556,1581444
2015/03/27,0,5181457,-2510200,2671257
2015/03/30,0,18264000,-14878860,3385140
2015/03/31,0,3491860,-11192601,-7700741
2015/04/01,0,5938535,-6600000,-661465
2015/04/02,0,3430309,-2717000,713309
2015/04/03,0,0,0,0
2015/04/06,0,0,0,0
2015/04/07,0,2216000,-1273000,943000
2015/04/08,0,6047000,-6406440,-359440
2015/04/09,0,5554000,-3306000,2248000
2015/04/10,0,5918520,-4194141,1724379
2015/04/13,0,6218027,-4554350,1663677
2015/04/14,0,5447000,-7415000,-1968000
2015/04/15,0,3165000,-6691000,-3526000
2015/04/16,0,4295300,-2890102,1405198
2015/04/17,0,3515189,-2285000,1230189
2015/04/20,0,1992698,-1936266,56432
2015/04/21,0,3654000,-2234000,1420000
2015/04/22,0,7372000,-4391071,2980929
2015/04/23,0,5803000,-3042624,2760376
2015/04/24,0,4842013,-2491956,2350057
2015/04/27,0,2963001,-4468000,-1504999
2015/04/28,0,3559000,-2262000,1297000
2015/04/29,0,4700000,-2930000,1770000
2015/04/30,0,4907636,-4464881,442755
2015/05/01,0,0,0,0
2015/05/04,0,1497000,-1435000,62000
2015/05/05,0,1130000,-1326000,-196000
2015/05/06,0,2772000,-2512000,260000
2015/05/07,0,4362000,-2663000,1699000
2015/05/08,0,6575710,-5529308,1046402
2015/05/11,0,4170000,-1932000,2238000
2015/05/12,0,11684147,-7506000,4178147
2015/05/13,0,5724000,-3826000,1898000
2015/05/14,0,5615000,-4781895,833105
2015/05/15,0,3447000,-2062751,1384249
2015/05/18,0,6006000,-1324000,4682000
2015/05/19,0,6507710,-5126346,1381364
2015/05/20,0,3938800,-3340000,598800
2015/05/21,0,2694000,-3517191,-823191
2015/05/22,0,3340000,-1365116,1974884
2015/05/25,0,686000,-997000,-311000
2015/05/26,0,1907000,-842000,1065000
2015/05/27,0,1853000,-1779710,73290
2015/05/28,0,3793000,-5737457,-1944457
2015/05/29,0,11150747,-11415559,-264812
2015/06/01,0,2075000,-3185220,-1110220
2015/06/02,0,990118,-2803000,-1812882
2015/06/03,0,6598000,-7817381,-1219381
2015/06/04,0,2816000,-5342875,-2526875
2015/06/05,0,3332608,-6817790,-3485182
2015/06/08,0,6609000,-10973000,-4364000
2015/06/09,0,2636000,-3338224,-702224
2015/06/10,0,5554785,-3491000,2063785
2015/06/11,0,4243000,-4934195,-691195
2015/06/12,0,4445300,-4938814,-493514
2015/06/15,0,4755000,-5281000,-526000
2015/06/16,0,3080000,-3070000,10000
2015/06/17,0,3185000,-3830032,-645032
2015/06/18,0,2689000,-4422000,-1733000
2015/06/19,0,0,0,0
2015/06/22,0,15041177,-15125866,-84689
2015/06/23,0,4931000,-7034118,-2103118
2015/06/24,0,6460305,-6030710,429595
2015/06/25,0,15560343,-16475000,-914657
2015/06/26,0,8565501,-8460943,104558
2015/06/29,0,1323174,-762000,561174
2015/06/30,0,3906000,-2951515,954485
2015/07/01,0,2489000,-3198549,-709549
2015/07/02,0,4477120,-4332200,144920
2015/07/03,0,13418000,-13368000,50000
2015/07/06,0,1776000,-2998000,-1222000
2015/07/07,0,2307000,-3032100,-725100
2015/07/08,0,3186000,-6017000,-2831000
2015/07/09,0,4596000,-4567621,28379
2015/07/10,0,0,0,0
2015/07/13,0,3072899,-3148370,-75471
2015/07/14,0,2220000,-3658600,-1438600
2015/07/15,0,1869000,-2889926,-1020926
2015/07/16,0,1420000,-2741350,-1321350
2015/07/17,0,1305000,-2214733,-909733
2015/07/20,0,1073177,-1231919,-158742
2015/07/21,0,4547000,-4230459,316541
2015/07/22,0,5000000,-5023403,-23403
2015/07/23,0,5932000,-4793000,1139000
2015/07/24,0,12664309,-11568000,1096309
2015/07/27,0,13096000,-12840602,255398
2015/07/28,0,14264000,-19769340,-5505340
2015/07/29,0,8566599,-9798719,-1232120
2015/07/30,0,6574000,-7979599,-1405599
2015/07/31,0,8191068,-5836520,2354548
2015/08/03,0,3128274,-1488000,1640274
2015/08/04,0,3460000,-3240824,219176
2015/08/05,0,3901000,-2011596,1889404
2015/08/06,0,1836000,-2557554,-721554
2015/08/07,0,3772932,-1478000,2294932
2015/08/10,0,2373000,-1275000,1098000
2015/08/11,0,3974000,-2412602,1561398
2015/08/12,0,4360000,-1829000,2531000
2015/08/13,0,5910000,-5195472,714528
2015/08/14,0,2958200,-2354000,604200
2015/08/17,0,4218505,-4737000,-518495
2015/08/18,0,5028000,-3899301,1128699
2015/08/19,0,4787177,-2418000,2369177
2015/08/20,0,7499000,-4006424,3492576
2015/08/21,0,4258000,-3689410,568590
2015/08/24,0,3753000,-4964000,-1211000
2015/08/25,0,7262000,-4256756,3005244
2015/08/26,0,6131000,-4757372,1373628
2015/08/27,0,3981000,-3883301,97699
2015/08/28,0,5049000,-2345854,2703146
2015/08/31,0,11209916,-6862000,4347916
2015/09/01,0,2379000,-5283677,-2904677
2015/09/02,0,5213620,-4161471,1052149
2015/09/03,0,2656000,-2072000,584000
2015/09/04,0,1145034,-4134385,-2989351
2015/09/07,0,1527000,-3185000,-1658000
2015/09/08,0,954000,-3233422,-2279422
2015/09/09,0,4378283,-3460390,917893
2015/09/10,0,3987081,-8202000,-4214919
2015/09/11,0,3545000,-2719000,826000
2015/09/14,0,2350000,-4646458,-2296458
2015/09/15,0,2891000,-3998000,-1107000
2015/09/16,0,8125000,-4577996,3547004
2015/09/17,0,3622000,-4307333,-685333
2015/09/18,0,2679710,-3633175,-953465
2015/09/21,0,2129000,-2763992,-634992
2015/09/22,0,2827000,-1561643,1265357
2015/09/23,0,3458000,-2675770,782230
2015/09/24,0,1954000,-2459000,-505000
2015/09/25,0,3635970,-3107000,528970
2015/09/28,0,0,0,0
2015/09/29,0,0,0,0
2015/09/30,0,7669000,-7623000,46000
2015/10/01,0,5334182,-3046449,2287733
2015/10/02,0,4711000,-2801248,1909752
2015/10/05,0,5052480,-4071000,981480
2015/10/06,0,6124000,-4364800,1759200
2015/10/07,0,14320502,-16542300,-2221798
2015/10/08,0,4038010,-3858000,180010
2015/10/09,0,0,0,0
2015/10/12,0,7053663,-10383192,-3329529
2015/10/13,0,4125530,-5086192,-960662
2015/10/14,0,2932000,-4627576,-1695576
2015/10/15,0,4048000,-2513640,1534360
2015/10/16,0,2110000,-5403000,-3293000
2015/10/19,0,2034000,-3096468,-1062468
2015/10/20,0,4298391,-3588805,709586
2015/10/21,0,2536000,-3312400,-776400
2015/10/22,0,1345000,-2085000,-740000
2015/10/23,0,4032264,-2721000,1311264
2015/10/26,0,3543000,-1938250,1604750
2015/10/27,0,2428000,-1362997,1065003
2015/10/28,0,3865000,-2095989,1769011
2015/10/29,0,3019469,-2786596,232873
2015/10/30,0,5716000,-4975732,740268
2015/11/02,0,6528000,-4160000,2368000
2015/11/03,0,1572000,-2310052,-738052
2015/11/04,0,4112000,-2173543,1938457
2015/11/05,0,2056000,-1982956,73044
2015/11/06,0,3709000,-3844230,-135230
2015/11/09,0,1810549,-1977489,-166940
2015/11/10,0,2188000,-3168800,-980800
2015/11/11,0,2680000,-3579000,-899000
2015/11/12,0,2239000,-2468000,-229000
2015/11/13,0,1833292,-2828549,-995257
2015/11/16,0,2978000,-2295758,682242
2015/11/17,0,2287000,-8552000,-6265000
2015/11/18,0,5200000,-6191000,-991000
2015/11/19,0,4161000,-2051000,2110000
2015/11/20,0,1192000,-3460000,-2268000
2015/11/23,0,3421242,-1853600,1567642
2015/11/24,0,1782000,-4737181,-2955181
2015/11/25,0,2209180,-2752382,-543202
2015/11/26,0,1798000,-2423140,-625140
2015/11/27,0,2840000,-1371254,1468746
2015/11/30,0,8051782,-13228028,-5176246
2015/12/01,0,4215000,-4255399,-40399
2015/12/02,0,2699000,-2224000,475000
2015/12/03,0,1333863,-4413376,-3079513
2015/12/04,0,1843000,-5840750,-3997750
2015/12/07,0,3064000,-631450,2432550
2015/12/08,0,1477000,-3454258,-1977258
2015/12/09,0,1855000,-4202000,-2347000
2015/12/10,0,3671000,-5306346,-1635346
2015/12/11,0,2517108,-6733262,-4216154
2015/12/14,0,1661000,-2123788,-462788
2015/12/15,0,2364000,-3082247,-718247
2015/12/16,0,1334608,-4712000,-3377392
2015/12/17,0,5248000,-4755020,492980
2015/12/18,0,2126096,-4781897,-2655801
2015/12/21,0,813610,-1871000,-1057390
2015/12/22,0,1183087,-1994000,-810913
2015/12/23,0,1011608,-2448840,-1437232
2015/12/24,0,1138000,-916000,222000
2015/12/25,0,1071000,-643000,428000
2015/12/28,0,2092000,-1332000,760000
2015/12/29,0,1346000,-2038197,-692197
2015/12/30,0,1280000,-1362070,-82070
2015/12/31,0,1629000,-1247000,382000
2016/01/01,0,0,0,0
2016/01/04,0,1729560,-3258000,-1528440
2016/01/05,0,7582879,-6161866,1421013
2016/01/06,0,4142846,-2607000,1535846
2016/01/07,0,3931452,-6166758,-2235306
2016/01/08,0,4420000,-4147588,272412
2016/01/11,0,2873262,-3419000,-545738
2016/01/12,0,2273000,-1778000,495000
2016/01/13,0,2896932,-2822913,74019
2016/01/14,0,2609530,-5413000,-2803470
2016/01/15,0,3076000,-4993192,-1917192
2016/01/18,0,1191710,-2857000,-1665290
2016/01/19,0,1605340,-5327599,-3722259
2016/01/20,0,6358394,-7265000,-906606
2016/01/21,0,5873330,-3296000,2577330
2016/01/22,0,3739000,-3518500,220500
2016/01/25,0,4128000,-1060000,3068000
2016/01/26,0,2324608,-3449000,-1124392
2016/01/27,0,2744000,-4003351,-1259351
2016/01/28,0,8062000,-2306409,5755591
2016/01/29,0,13301060,-7059000,6242060
2016/02/01,0,2658608,-4308698,-1650090
2016/02/02,0,3620394,-5207824,-1587430
2016/02/03,0,2198000,-3837398,-1639398
2016/02/04,0,0,0,0
2016/02/05,0,0,0,0
2016/02/08,0,0,0,0
2016/02/09,0,0,0,0
2016/02/10,0,0,0,0
2016/02/11,0,0,0,0
2016/02/12,0,0,0,0
2016/02/15,0,5390530,-2694213,2696317
2016/02/16,0,3088000,-3817000,-729000
2016/02/17,0,2837060,-2877000,-39940
2016/02/18,0,4776000,-4651865,124135
2016/02/19,0,1742786,-3146044,-1403258
2016/02/22,0,2768000,-2389456,378544
2016/02/23,0,1105888,-1693000,-587112
2016/02/24,0,2672000,-7829593,-5157593
2016/02/25,0,8264233,-6043000,2221233
2016/02/26,0,2322000,-4090219,-1768219
2016/02/29,0,0,0,0
2016/03/01,0,3229405,-3064150,165255
2016/03/02,0,1649231,-2104717,-455486
2016/03/03,0,2799000,-2061000,738000
2016/03/04,0,3321000,-6648000,-3327000
2016/03/07,0,2515000,-1674000,841000
2016/03/08,0,2511722,-2888167,-376445
2016/03/09,0,4168000,-6736000,-2568000
2016/03/10,0,3792000,-3136400,655600
2016/03/11,0,2861000,-4254000,-1393000
2016/03/14,0,2382000,-2988000,-606000
2016/03/15,0,3666000,-3519000,147000
2016/03/16,0,3673000,-2331000,1342000
2016/03/17,0,4119760,-4577000,-457240
2016/03/18,0,6356000,-5950591,405409
2016/03/21,0,4588000,-2907000,1681000
2016/03/22,0,2264033,-4059299,-1795266
2016/03/23,0,2620000,-2506193,113807
2016/03/24,0,1475000,-985000,490000
2016/03/25,0,1286000,-468000,818000
2016/03/28,0,1395000,-851000,544000
2016/03/29,0,1556000,-7320787,-5764787
2016/03/30,0,4431000,-4731578,-300578
2016/03/31,0,8245000,-6524000,1721000
2016/04/01,0,4292727,-5758000,-1465273
2016/04/04,0,0,0,0
2016/04/05,0,0,0,0
2016/04/06,0,4666637,-7644000,-2977363
2016/04/07,0,3805000,-2292000,1513000
2016/04/08,0,3507000,-3467000,40000
2016/04/11,0,2401000,-2074240,326760
2016/04/12,0,8834010,-8700281,133729
2016/04/13,0,3450511,-1096030,2354481
2016/04/14,0,3838500,-1902594,1935906
2016/04/15,0,3077709,-4261780,-1184071
2016/04/18,0,1537000,-1684000,-147000
2016/04/19,0,1380000,-1971116,-591116
2016/04/20,0,3079768,-2323000,756768
2016/04/21,0,2109000,-1772000,337000
2016/04/22,0,3517380,-952000,2565380
2016/04/25,0,2883000,-982000,1901000
2016/04/26,0,3772369,-4728700,-956331
2016/04/27,0,3265000,-2978030,286970
2016/04/28,0,6571772,-4810000,1761772
2016/04/29,0,4473000,-3612000,861000
2016/05/02,0,0,0,0
2016/05/03,0,2509000,-4624000,-2115000
2016/05/04,0,3433020,-7532964,-4099944
2016/05/05,0,3473000,-3224000,249000
2016/05/06,0,4029760,-5693715,-1663955
2016/05/09,0,4010816,-4171800,-160984
2016/05/10,0,2240380,-2770174,-529794
2016/05/11,0,4279000,-4273987,5013
2016/05/12,0,3283000,-2202000,1081000
2016/05/13,0,4516000,-4062000,454000
2016/05/16,0,5643000,-2786000,2857000
2016/05/17,0,2592000,-2693770,-101770
2016/05/18,0,5973516,-3361000,2612516
2016/05/19,0,4907000,-4071304,835696
2016/05/20,0,5097215,-1898393,3198822
2016/05/23,0,3446000,-1884000,1562000
2016/05/24,0,2505379,-632000,1873379
2016/05/25,0,3344379,-2421000,923379
2016/05/26,0,1366000,-942000,424000
2016/05/27,0,4395000,-1439000,2956000
2016/05/30,0,5223735,-2013332,3210403
2016/05/31,0,4467486,-5804040,-1336554
2016/06/01,0,2137204,-3156000,-1018796
2016/06/02,0,1603408,-1816000,-212592
2016/06/03,0,3591000,-1675000,1916000
2016/06/06,0,1306000,-786000,520000
2016/06/07,0,2588000,-1058000,1530000
2016/06/08,0,4397000,-2408265,1988735
2016/06/09,0,0,0,0
2016/06/10,0,0,0,0
2016/06/13,0,5246000,-4206860,1039140
2016/06/14,0,4114906,-3890000,224906
2016/06/15,0,4759000,-5928473,-1169473
2016/06/16,0,5211000,-5770291,-559291
2016/06/17,0,5244000,-2783361,2460639
2016/06/20,0,2961000,-2536423,424577
2016/06/21,0,5128806,-2675000,2453806
2016/06/22,0,2880092,-2342000,538092
2016/06/23,0,3087000,-2227000,860000
2016/06/24,0,3828000,-4990000,-1162000
2016/06/27,0,2109000,-1848000,261000
2016/06/28,0,3489000,-4610704,-1121704
2016/06/29,0,5452000,-3498000,1954000
2016/06/30,0,4026000,-2447514,1578486
2016/07/01,0,4482000,-1464000,3018000
2016/07/04,0,1799000,-1421000,378000
2016/07/05,0,1848000,-2253000,-405000
2016/07/06,0,2501000,-6650000,-4149000
2016/07/07,0,2314000,-3339575,-1025575
2016/07/08,0,0,0,0
2016/07/11,0,6440385,-3301000,3139385
2016/07/12,0,5469000,-5223629,245371
2016/07/13,0,4811025,-4276586,534439
2016/07/14,0,2918408,-3029555,-111147
2016/07/15,0,4013372,-3593156,420216
2016/07/18,0,4764000,-3755000,1009000
2016/07/19,0,5695000,-4661450,1033550
2016/07/20,0,6535337,-5706000,829337
2016/07/21,0,3869603,-4357881,-488278
2016/07/22,0,4203000,-3523794,679206
2016/07/25,0,3196000,-2462000,734000
2016/07/26,0,2750779,-1568000,1182779
2016/07/27,0,2548000,-1639000,909000
2016/07/28,0,3159000,-2895000,264000
2016/07/29,0,1727000,-3269000,-1542000
2016/08/01,0,2445112,-2060000,385112
2016/08/02,0,1248714,-1439160,-190446
2016/08/03,0,1714841,-1880798,-165957
2016/08/04,0,848000,-1166000,-318000
2016/08/05,0,3284000,-1986000,1298000
2016/08/08,0,1975523,-1493013,482510
2016/08/09,0,3716000,-2414000,1302000
2016/08/10,0,2769000,-3308551,-539551
2016/08/11,0,4637000,-3093000,1544000
2016/08/12,0,3712300,-1870300,1842000
2016/08/15,0,3074000,-2408000,666000
2016/08/16,0,6076000,-4957675,1118325
2016/08/17,0,9168076,-7123000,2045076
2016/08/18,0,12848000,-5436000,7412000
2016/08/19,0,4412196,-5313000,-900804
2016/08/22,0,5874000,-3585729,2288271
2016/08/23,0,3522000,-3271470,250530
2016/08/24,0,2927000,-2833000,94000
2016/08/25,0,3581000,-3106000,475000
2016/08/26,0,1965751,-1661506,304245
2016/08/29,0,1515000,-1257000,258000
2016/08/30,0,1188000,-1720000,-532000
2016/08/31,0,2416572,-4356000,-1939428
2016/09/01,0,1276000,-2735958,-1459958
2016/09/02,0,2478739,-1668588,810151
2016/09/05,0,1137000,-1008000,129000
2016/09/06,0,2006000,-1488000,518000
2016/09/07,0,2888000,-1794000,1094000
2016/09/08,0,1621000,-3574582,-1953582
2016/09/09,0,1336000,-2188385,-852385
2016/09/12,0,2714552,-5403710,-2689158
2016/09/13,0,3009000,-3097000,-88000
2016/09/14,0,2712181,-4924461,-2212280
2016/09/15,0,0,0,0
2016/09/16,0,0,0,0
2016/09/19,0,1838000,-1438230,399770
2016/09/20,0,3116369,-2621866,494503
2016/09/21,0,2418000,-2366000,52000
2016/09/22,0,2033000,-2323000,-290000
2016/09/23,0,1756000,-1821964,-65964
2016/09/26,0,918000,-1470000,-552000
2016/09/27,0,0,0,0
2016/09/28,0,0,0,0
2016/09/29,0,4812000,-2399877,2412123
2016/09/30,0,2715000,-4313768,-1598768
2016/10/03,0,1424520,-1337000,87520
2016/10/04,0,2760982,-1862699,898283
2016/10/05,0,2924028,-2205000,719028
2016/10/06,0,2879500,-2388756,490744
2016/10/07,0,3021030,-3561000,-539970
2016/10/10,0,0,0,0
2016/10/11,0,3023000,-2838630,184370
2016/10/12,0,2047868,-1603098,444770
2016/10/13,0,3134000,-3313000,-179000
2016/10/14,0,1983000,-1430000,553000
2016/10/17,0,1487780,-1790308,-302528
2016/10/18,0,1570820,-927000,643820
2016/10/19,0,1389410,-1385000,4410
2016/10/20,0,273000,-1042602,-769602
2016/10/21,0,1206000,-1502800,-296800
2016/10/24,0,1882000,-1962106,-80106
2016/10/25,0,1401669,-3046000,-1644331
2016/10/26,0,1975000,-1574760,400240
2016/10/27,0,966727,-3217000,-2250273
2016/10/28,0,1978000,-1947000,31000
2016/10/31,0,3810643,-4252000,-441357
2016/11/01,0,1413000,-1720000,-307000
2016/11/02,0,1294900,-1753492,-458592
2016/11/03,0,1995000,-3013679,-1018679
2016/11/04,0,1498000,-2002000,-504000
2016/11/07,0,958000,-2136710,-1178710
2016/11/08,0,1877900,-2080000,-202100
2016/11/09,0,2704280,-2895000,-190720
2016/11/10,0,2237000,-1845000,392000
2016/11/11,0,2957000,-4132260,-1175260
2016/11/14,0,2764000,-3283000,-519000
2016/11/15,0,2256000,-4180000,-1924000
2016/11/16,0,903000,-4937189,-4034189
2016/11/17,0,1164000,-2565000,-1401000
2016/11/18,0,2577000,-3517000,-940000
2016/11/21,0,1403000,-2001175,-598175
2016/11/22,0,3549764,-2252694,1297070
2016/11/23,0,1793000,-3145427,-1352427
2016/11/24,0,345000,-1248431,-903431
2016/11/25,0,447000,-1474182,-1027182
2016/11/28,0,1633000,-2322000,-689000
2016/11/29,0,2086000,-3761688,-1675688
2016/11/30,0,6806744,-7131000,-324256
2016/12/01,0,2709421,-3115000,-405579
2016/12/02,0,1014000,-3131000,-2117000
2016/12/05,0,1265000,-2502790,-1237790
2016/12/06,0,1967661,-1632000,335661
2016/12/07,0,696000,-1646718,-950718
2016/12/08,0,3125000,-2917688,207312
2016/12/09,0,2150350,-961730,1188620
2016/12/12,0,911179,-1250000,-338821
2016/12/13,0,1967652,-1029599,938053
2016/12/14,0,1573240,-1436600,136640
2016/12/15,0,1426000,-1239000,187000
2016/12/16,0,1983959,-2345700,-361741
2016/12/19,0,1306744,-1899000,-592256
2016/12/20,0,1337718,-2412727,-1075009
2016/12/21,0,843822,-1545000,-701178
2016/12/22,0,695000,-2258000,-1563000
2016/12/23,0,327000,-2415000,-2088000
2016/12/26,0,80000,-852000,-772000
2016/12/27,0,121000,-725000,-604000
2016/12/28,0,1565000,-1008000,557000
2016/12/29,0,1667948,-1878520,-210572
2016/12/30,0,2040000,-1048143,991857
2017/01/02,0,0,0,0
2017/01/03,0,747000,-618000,129000
2017/01/04,0,1901000,-1383597,517403
2017/01/05,0,3082100,-2885127,196973
2017/01/06,0,1987000,-2061000,-74000
2017/01/09,0,2066980,-7941000,-5874020
2017/01/10,0,2976000,-4232000,-1256000
2017/01/11,0,2634600,-2260000,374600
2017/01/12,0,3171000,-3089661,81339
2017/01/13,0,1691700,-1913000,-221300
2017/01/16,0,534000,-2238000,-1704000
2017/01/17,0,815129,-1238000,-422871
2017/01/18,0,1476812,-2029445,-552633
2017/01/19,0,2003000,-4470345,-2467345
2017/01/20,0,3201800,-3835487,-633687
2017/01/23,0,4533000,-3530810,1002190
2017/01/24,0,2906576,-3934648,-1028072
2017/01/25,0,0,0,0
2017/01/26,0,0,0,0
2017/01/27,0,0,0,0
2017/01/30,0,0,0,0
2017/01/31,0,0,0,0
2017/02/01,0,0,0,0
2017/02/02,0,4542730,-8861243,-4318513
2017/02/03,0,1751500,-3524900,-1773400
2017/02/06,0,1379796,-2652000,-1272204
2017/02/07,0,1843531,-2379362,-535831
2017/02/08,0,3760904,-4554597,-793693
2017/02/09,0,3130000,-3862606,-732606
2017/02/10,0,9119000,-8099216,1019784
2017/02/13,0,1980800,-1976289,4511
2017/02/14,0,2790000,-4944868,-2154868
2017/02/15,0,3596000,-2475471,1120529
2017/02/16,0,3579000,-4618000,-1039000
2017/02/17,0,2211000,-4601000,-2390000
2017/02/20,0,410000,-1450000,-1040000
2017/02/21,0,2273000,-2072000,201000
2017/02/22,0,2903000,-3053700,-150700
2017/02/23,0,2038000,-1955000,83000
2017/02/24,0,3206000,-3350461,-144461
2017/02/27,0,0,0,0
2017/02/28,0,0,0,0
2017/03/01,0,3176500,-3803762,-627262
2017/03/02,0,2549338,-1557580,991758
2017/03/03,0,2248184,-3434382,-1186198
2017/03/06,0,1555933,-1662400,-106467
2017/03/07,0,1460795,-1171600,289195
2017/03/08,0,2912000,-3215100,-303100
2017/03/09,0,3841000,-3659000,182000
2017/03/10,0,2553477,-3367000,-813523
2017/03/13,0,1414200,-985000,429200
2017/03/14,0,2725300,-1891700,833600
2017/03/15,0,1913000,-2803100,-890100
2017/03/16,0,4018257,-1379472,2638785
2017/03/17,0,3736150,-4362843,-626693
2017/03/20,0,689000,-1428020,-739020
2017/03/21,0,2550600,-2138000,412600
2017/03/22,0,1609000,-2114373,-505373
2017/03/23,0,1083725,-2346512,-1262787
2017/03/24,0,1846004,-2044500,-198496
2017/03/27,0,2156000,-2574000,-418000
2017/03/28,0,7864000,-4810000,3054000
2017/03/29,0,2157810,-3383000,-1225190
2017/03/30,0,2787000,-1534713,1252287
2017/03/31,0,3845000,-2905000,940000
2017/04/03,0,0,0,0
2017/04/04,0,0,0,0
2017/04/05,0,4888859,-2174000,2714859
2017/04/06,0,1487000,-1874000,-387000
2017/04/07,0,2409832,-2347000,62832
2017/04/10,0,1810000,-1901000,-91000
2017/04/11,0,3594126,-2469000,1125126
2017/04/12,0,1434000,-2536683,-1102683
2017/04/13,0,1562000,-1211000,351000
2017/04/14,0,426000,-986000,-560000
2017/04/17,0,467000,-1208000,-741000
2017/04/18,0,1251000,-2395500,-1144500
2017/04/19,0,1481000,-1786200,-305200
2017/04/20,0,2562647,-2147000,415647
2017/04/21,0,1282001,-1097095,184906
2017/04/24,0,1356335,-955000,401335
2017/04/25,0,4598061,-2047000,2551061
2017/04/26,0,6739000,-5106000,1633000
2017/04/27,0,3477570,-3220745,256825
2017/04/28,0,1994520,-2558000,-563480
2017/05/01,0,0,0,0
2017/05/02,0,1899815,-2275000,-375185
2017/05/03,0,1450000,-1223000,227000
2017/05/04,0,1934000,-1421000,513000
2017/05/05,0,1218600,-1245000,-26400
2017/05/08,0,773647,-1377740,-604093
2017/05/09,0,1529536,-1037000,492536
2017/05/10,0,1843600,-1891000,-47400
2017/05/11,0,3232347,-2156000,1076347
2017/05/12,0,912695,-655000,257695
2017/05/15,0,2917100,-1027000,1890100
2017/05/16,0,3157000,-1628850,1528150
2017/05/17,0,959724,-1226525,-266801
2017/05/18,0,319500,-808000,-488500
2017/05/19,0,648242,-1955901,-1307659
2017/05/22,0,682190,-1063000,-380810
2017/05/23,0,1106000,-2261055,-1155055
2017/05/24,0,1887838,-1532000,355838
2017/05/25,0,1102000,-951641,150359
2017/05/26,0,0,0,0
2017/05/29,0,0,0,0
2017/05/30,0,0,0,0
2017/05/31,0,4637462,-3750557,886905
2017/06/01,0,1513291,-1639000,-125709
2017/06/02,0,1523000,-2265000,-742000
2017/06/05,0,1395068,-1780000,-384932
2017/06/06,0,5110000,-3755000,1355000
2017/06/07,0,4496000,-3217000,1279000
2017/06/08,0,2402000,-2591000,-189000
2017/06/09,0,2280000,-2339000,-59000
2017/06/12,0,989544,-2394993,-1405449
2017/06/13,0,1655000,-1171745,483255
2017/06/14,0,2737000,-3440584,-703584
2017/06/15,0,1502900,-1291000,211900
2017/06/16,0,2822000,-2495754,326246
2017/06/19,0,1248820,-2515723,-1266903
2017/06/20,0,1071000,-1730000,-659000
2017/06/21,0,3389218,-3138000,251218
2017/06/22,0,3027016,-2371000,656016
2017/06/23,0,1208000,-1529404,-321404
2017/06/26,0,54307174,-52174424,2132750
2017/06/27,0,2442000,-2832700,-390700
2017/06/28,0,2362989,-4846400,-2483411
2017/06/29,0,1566035,-1861700,-295665
2017/06/30,0,3020000,-3421000,-401000
2017/07/03,0,2505000,-2550550,-45550
2017/07/04,0,2438000,-3031400,-593400
2017/07/05,0,1461000,-1063377,397623
2017/07/06,0,1882000,-1781194,100806
2017/07/07,0,1091500,-1667563,-576063
2017/07/10,0,2070584,-2802744,-732160
2017/07/11,0,3378493,-2467898,910595
2017/07/12,0,3553000,-2337384,1215616
2017/07/13,0,2636097,-2632586,3511
2017/07/14,0,1518195,-2184692,-666497
2017/07/17,0,1624000,-2099930,-475930
2017/07/18,0,2076050,-1814699,261351
2017/07/19,0,823000,-2861092,-2038092
2017/07/20,0,1685900,-4307074,-2621174
2017/07/21,0,1491324,-2616792,-1125468
2017/07/24,0,2647375,-2132625,514750
2017/07/25,0,2891000,-3220456,-329456
2017/07/26,0,2218000,-3574286,-1356286
2017/07/27,0,2969000,-2811542,157458
2017/07/28,0,1090000,-2668469,-1578469
2017/07/31,0,3163000,-3907237,-744237
2017/08/01,0,1327000,-1186000,141000
2017/08/02,0,809747,-947000,-137253
2017/08/03,0,1806000,-2012200,-206200
2017/08/04,0,1656047,-2092083,-436036
2017/08/07,0,972588,-1264956,-292368
2017/08/08,0,1699357,-2378945,-679588
2017/08/09,0,753700,-2126886,-1373186
2017/08/10,0,2309600,-1831900,477700
2017/08/11,0,1005074,-2116639,-1111565
2017/08/14,0,1263000,-373584,889416
2017/08/15,0,370000,-698000,-328000
2017/08/16,0,1837000,-1939000,-102000
2017/08/17,0,1239772,-1202000,37772
2017/08/18,0,1559000,-3391000,-1832000
