Date,Open,Buy,Sell,Total
2007/04/23,0,32000,-374000,-342000
2007/04/24,0,0,-135000,-135000
2007/04/25,0,1594000,-483000,1111000
2007/04/26,0,20000,-26000,-6000
2007/04/27,0,1040000,-1350000,-310000
2007/04/30,0,39000,-630000,-591000
2007/05/01,0,0,0,0
2007/05/02,0,15000,-273000,-258000
2007/05/03,0,129000,-279000,-150000
2007/05/04,0,248000,-61000,187000
2007/05/07,0,105000,-20000,85000
2007/05/08,0,520000,-47000,473000
2007/05/09,0,0,-130000,-130000
2007/05/10,0,100000,-37342,62658
2007/05/11,0,201000,-238000,-37000
2007/05/14,0,23000,-47000,-24000
2007/05/15,0,137000,-100000,37000
2007/05/16,0,12000,-107000,-95000
2007/05/17,0,600000,-363000,237000
2007/05/18,0,501000,-37000,464000
2007/05/21,0,166000,-34000,132000
2007/05/22,0,150000,-11000,139000
2007/05/23,0,419000,-64000,355000
2007/05/24,0,26000,-414000,-388000
2007/05/25,0,39000,-126000,-87000
2007/05/28,0,22000,-112000,-90000
2007/05/29,0,10000,-182000,-172000
2007/05/30,0,218000,-1115000,-897000
2007/05/31,0,658000,-122000,536000
2007/06/01,0,56000,-1016000,-960000
2007/06/04,0,307000,-81000,226000
2007/06/05,0,108000,-151000,-43000
2007/06/06,0,1240000,-318000,922000
2007/06/07,0,442000,-27000,415000
2007/06/08,0,842000,-146000,696000
2007/06/11,0,100000,-137000,-37000
2007/06/12,0,1305000,-302000,1003000
2007/06/13,0,951000,-469000,482000
2007/06/14,0,270000,-780000,-510000
2007/06/15,0,295000,-47000,248000
2007/06/18,0,0,0,0
2007/06/19,0,0,0,0
2007/06/20,0,1644000,-2095000,-451000
2007/06/21,0,271000,-1353000,-1082000
2007/06/22,0,417000,-1133000,-716000
2007/06/25,0,513000,-309000,204000
2007/06/26,0,707000,-220000,487000
2007/06/27,0,337000,-686000,-349000
2007/06/28,0,2864000,-2192000,672000
2007/06/29,0,896000,-454000,442000
2007/07/02,0,426000,-819000,-393000
2007/07/03,0,279000,-263000,16000
2007/07/04,0,617000,-1260000,-643000
2007/07/05,0,281000,-1508000,-1227000
2007/07/06,0,480000,-282000,198000
2007/07/09,0,668000,-184000,484000
2007/07/10,0,570000,-148000,422000
2007/07/11,0,300000,-649484,-349484
2007/07/12,0,1269000,-865000,404000
2007/07/13,0,173000,-908484,-735484
2007/07/16,0,1666000,-377915,1288085
2007/07/17,0,754000,-264000,490000
2007/07/18,0,3492000,-1794000,1698000
2007/07/19,0,268000,-2077400,-1809400
2007/07/20,0,371000,-1104000,-733000
2007/07/23,0,425000,-1041000,-616000
2007/07/24,0,686000,-393000,293000
2007/07/25,0,371000,-440000,-69000
2007/07/26,0,2098027,-1582000,516027
2007/07/27,0,253000,-1306000,-1053000
2007/07/30,0,348000,-643000,-295000
2007/07/31,0,1978000,-3184000,-1206000
2007/08/01,0,232000,-2037000,-1805000
2007/08/02,0,422000,-1261731,-839731
2007/08/03,0,337000,-437000,-100000
2007/08/06,0,293000,-151000,142000
2007/08/07,0,36000,-703000,-667000
2007/08/08,0,145000,-582000,-437000
2007/08/09,0,700000,-376852,323148
2007/08/10,0,25000,-292000,-267000
2007/08/13,0,197000,-637000,-440000
2007/08/14,0,178000,-403000,-225000
2007/08/15,0,664000,-904000,-240000
2007/08/16,0,286000,-1055000,-769000
2007/08/17,0,310000,-626000,-316000
2007/08/20,0,322000,-233000,89000
2007/08/21,0,1031000,-36000,995000
2007/08/22,0,80000,-235000,-155000
2007/08/23,0,73452,-434000,-360548
2007/08/24,0,13,-337917,-337904
2007/08/27,0,51266,-779462,-728196
2007/08/28,0,153000,-92914,60086
2007/08/29,0,516000,-363000,153000
2007/08/30,0,324000,-701885,-377885
2007/08/31,0,231000,-31000,200000
2007/09/03,0,114000,-210450,-96450
2007/09/04,0,21000,-85000,-64000
2007/09/05,0,0,-149000,-149000
2007/09/06,0,33000,-65000,-32000
2007/09/07,0,205000,-139000,66000
2007/09/10,0,9000,-115000,-106000
2007/09/11,0,8000,-149000,-141000
2007/09/12,0,31000,-211000,-180000
2007/09/13,0,5000,-115859,-110859
2007/09/14,0,81000,-149000,-68000
2007/09/17,0,334000,-112146,221854
2007/09/18,0,0,0,0
2007/09/19,0,156000,-59000,97000
2007/09/20,0,161000,-62000,99000
2007/09/21,0,66000,-125774,-59774
2007/09/24,0,0,0,0
2007/09/25,0,0,0,0
2007/09/26,0,78000,-119,77881
2007/09/27,0,553179,-41000,512179
2007/09/28,0,522000,-212000,310000
2007/10/01,0,12000,-527000,-515000
2007/10/02,0,316000,-187000,129000
2007/10/03,0,446000,-153000,293000
2007/10/04,0,160000,-139000,21000
2007/10/05,0,307000,-63000,244000
2007/10/08,0,9000,-174000,-165000
2007/10/09,0,3000,-182000,-179000
2007/10/10,0,0,0,0
2007/10/11,0,9000,-109000,-100000
2007/10/12,0,48000,-277000,-229000
2007/10/15,0,15000,-202000,-187000
2007/10/16,0,117000,-180000,-63000
2007/10/17,0,17000,-41000,-24000
2007/10/18,0,15000,-48000,-33000
2007/10/19,0,0,-30000,-30000
2007/10/22,0,39000,-546000,-507000
2007/10/23,0,23000,-85000,-62000
2007/10/24,0,147000,-27000,120000
2007/10/25,0,315000,-289000,26000
2007/10/26,0,475000,-222000,253000
2007/10/29,0,272000,0,272000
2007/10/30,0,43000,-115000,-72000
2007/10/31,0,176000,-1176000,-1000000
2007/11/01,0,66000,-61000,5000
2007/11/02,0,224000,-317000,-93000
2007/11/05,0,54000,-104000,-50000
2007/11/06,0,57000,-89000,-32000
2007/11/07,0,0,-34000,-34000
2007/11/08,0,156000,-640000,-484000
2007/11/09,0,121000,-368000,-247000
2007/11/12,0,142938,-694000,-551062
2007/11/13,0,288000,-14000,274000
2007/11/14,0,1090000,-46000,1044000
2007/11/15,0,522000,-41000,481000
2007/11/16,0,527000,-30000,497000
2007/11/19,0,102000,-1000,101000
2007/11/20,0,134000,-4000,130000
2007/11/21,0,129000,-205000,-76000
2007/11/22,0,40000,-394000,-354000
2007/11/23,0,40000,-1602000,-1562000
2007/11/26,0,62000,-166000,-104000
2007/11/27,0,78000,-88000,-10000
2007/11/28,0,74000,-24000,50000
2007/11/29,0,130000,-2000,128000
2007/11/30,0,26000,0,26000
2007/12/03,0,18000,-51000,-33000
2007/12/04,0,88000,-47000,41000
2007/12/05,0,95000,-18000,77000
2007/12/06,0,202000,-146000,56000
2007/12/07,0,14000,0,14000
2007/12/10,0,33000,-18000,15000
2007/12/11,0,93000,-87000,6000
2007/12/12,0,80000,-73000,7000
2007/12/13,0,61000,-30000,31000
2007/12/14,0,189000,-65000,124000
2007/12/17,0,157000,-74000,83000
2007/12/18,0,534000,-217000,317000
2007/12/19,0,135000,-94959,40041
2007/12/20,0,58000,-62000,-4000
2007/12/21,0,446000,-18000,428000
2007/12/24,0,200000,-93336,106664
2007/12/25,0,68000,-52000,16000
2007/12/26,0,31000,-175000,-144000
2007/12/27,0,121000,-117000,4000
2007/12/28,0,61000,-310000,-249000
2007/12/31,0,107000,-15000,92000
2008/01/01,0,0,0,0
2008/01/02,0,142000,-109000,33000
2008/01/03,0,129000,-88000,41000
2008/01/04,0,163000,-84000,79000
2008/01/07,0,510000,-233000,277000
2008/01/08,0,84000,-420000,-336000
2008/01/09,0,133000,-218000,-85000
2008/01/10,0,95000,-40000,55000
2008/01/11,0,113000,-4277,108723
2008/01/14,0,699000,-97000,602000
2008/01/15,0,2705000,-227000,2478000
2008/01/16,0,220000,-114000,106000
2008/01/17,0,159000,-507000,-348000
2008/01/18,0,1245000,-332000,913000
2008/01/21,0,11000,-510000,-499000
2008/01/22,0,52000,-940000,-888000
2008/01/23,0,159000,-374000,-215000
2008/01/24,0,76000,-300000,-224000
2008/01/25,0,184000,-133000,51000
2008/01/28,0,94000,-79000,15000
2008/01/29,0,404000,-1654000,-1250000
2008/01/30,0,268000,-254317,13683
2008/01/31,0,121000,-126000,-5000
2008/02/01,0,76000,-12000,64000
2008/02/04,0,0,0,0
2008/02/05,0,0,0,0
2008/02/06,0,0,0,0
2008/02/07,0,0,0,0
2008/02/08,0,0,0,0
2008/02/11,0,0,0,0
2008/02/12,0,42000,-44000,-2000
2008/02/13,0,44000,-262000,-218000
2008/02/14,0,150000,-342000,-192000
2008/02/15,0,240000,-62000,178000
2008/02/18,0,31000,-56661,-25661
2008/02/19,0,34000,-281000,-247000
2008/02/20,0,13000,-29000,-16000
2008/02/21,0,179000,-65000,114000
2008/02/22,0,89000,-137000,-48000
2008/02/25,0,102000,-33593,68407
2008/02/26,0,78000,-346556,-268556
2008/02/27,0,19000,-374703,-355703
2008/02/28,0,0,0,0
2008/02/29,0,70000,-71000,-1000
2008/03/03,0,104000,-102281,1719
2008/03/04,0,253490,-188000,65490
2008/03/05,0,389000,-43000,346000
2008/03/06,0,279000,-92369,186631
2008/03/07,0,161000,-167000,-6000
2008/03/10,0,140000,-265000,-125000
2008/03/11,0,366000,-48198,317802
2008/03/12,0,264000,-61779,202221
2008/03/13,0,159000,-111000,48000
2008/03/14,0,138000,-291000,-153000
2008/03/17,0,368000,-128000,240000
2008/03/18,0,269000,-23000,246000
2008/03/19,0,216000,-98000,118000
2008/03/20,0,433000,-166000,267000
2008/03/21,0,202000,-83000,119000
2008/03/24,0,551000,-210000,341000
2008/03/25,0,171000,-305000,-134000
2008/03/26,0,209000,-153000,56000
2008/03/27,0,157000,-123000,34000
2008/03/28,0,268000,-98000,170000
2008/03/31,0,146000,-251000,-105000
2008/04/01,0,76000,-98000,-22000
2008/04/02,0,184000,-27000,157000
2008/04/03,0,46000,-4000,42000
2008/04/04,0,0,0,0
2008/04/07,0,376000,-65000,311000
2008/04/08,0,497000,-180000,317000
2008/04/09,0,119000,-433000,-314000
2008/04/10,0,122000,-235000,-113000
2008/04/11,0,139000,-253105,-114105
2008/04/14,0,588000,-231177,356823
2008/04/15,0,33000,-194000,-161000
2008/04/16,0,887000,-331000,556000
2008/04/17,0,30000,-121000,-91000
2008/04/18,0,36000,-161000,-125000
2008/04/21,0,16000,-23000,-7000
2008/04/22,0,2000,-51000,-49000
2008/04/23,0,88000,-62000,26000
2008/04/24,0,168000,-19000,149000
2008/04/25,0,97000,-85000,12000
2008/04/28,0,416000,0,416000
2008/04/29,0,378000,-55000,323000
2008/04/30,0,177000,-1021000,-844000
2008/05/01,0,0,0,0
2008/05/02,0,218000,-14000,204000
2008/05/05,0,67000,-16000,51000
2008/05/06,0,93000,-21000,72000
2008/05/07,0,111000,-4000,107000
2008/05/08,0,82000,-391000,-309000
2008/05/09,0,123000,-228000,-105000
2008/05/12,0,264000,-62000,202000
2008/05/13,0,110144,-119000,-8856
2008/05/14,0,31000,-30000,1000
2008/05/15,0,121000,-28000,93000
2008/05/16,0,198000,-65000,133000
2008/05/19,0,260000,-68000,192000
2008/05/20,0,63000,-308000,-245000
2008/05/21,0,4000,-381000,-377000
2008/05/22,0,49000,-115000,-66000
2008/05/23,0,54000,-101000,-47000
2008/05/26,0,139000,-121000,18000
2008/05/27,0,20000,-44000,-24000
2008/05/28,0,26000,-97000,-71000
2008/05/29,0,35000,-124000,-89000
2008/05/30,0,172000,-100000,72000
2008/06/02,0,121000,-58000,63000
2008/06/03,0,50000,-5000,45000
2008/06/04,0,81000,-25000,56000
2008/06/05,0,197000,-30000,167000
2008/06/06,0,88000,-2000,86000
2008/06/09,0,22000,-23000,-1000
2008/06/10,0,49000,-369000,-320000
2008/06/11,0,61710,-55000,6710
2008/06/12,0,194000,-310000,-116000
2008/06/13,0,66000,-132000,-66000
2008/06/16,0,43000,-1518000,-1475000
2008/06/17,0,69000,-28000,41000
2008/06/18,0,148000,-213729,-65729
2008/06/19,0,220000,-64000,156000
2008/06/20,0,1631000,-126000,1505000
2008/06/23,0,253000,-39000,214000
2008/06/24,0,100000,-109000,-9000
2008/06/25,0,404000,0,404000
2008/06/26,0,96000,-21000,75000
2008/06/27,0,134000,-235000,-101000
2008/06/30,0,269000,-69000,200000
2008/07/01,0,226000,-7000,219000
2008/07/02,0,295000,-6000,289000
2008/07/03,0,109000,-85000,24000
2008/07/04,0,115000,-60000,55000
2008/07/07,0,9000,-28000,-19000
2008/07/08,0,209000,-277000,-68000
2008/07/09,0,272000,-98000,174000
2008/07/10,0,91000,0,91000
2008/07/11,0,361000,-47000,314000
2008/07/14,0,44000,-66000,-22000
2008/07/15,0,65000,-92000,-27000
2008/07/16,0,99000,-83000,16000
2008/07/17,0,204000,-156000,48000
2008/07/18,0,64000,-246000,-182000
2008/07/21,0,203000,-7182,195818
2008/07/22,0,292000,-6000,286000
2008/07/23,0,733000,-11000,722000
2008/07/24,0,543000,-156000,387000
2008/07/25,0,1368000,-7071,1360929
2008/07/28,0,0,0,0
2008/07/29,0,290000,-910000,-620000
2008/07/30,0,121000,-458000,-337000
2008/07/31,0,140000,-747000,-607000
2008/08/01,0,112000,-94000,18000
2008/08/04,0,230000,-14000,216000
2008/08/05,0,295000,-176000,119000
2008/08/06,0,268000,-31000,237000
2008/08/07,0,57000,-113000,-56000
2008/08/08,0,161000,-2000,159000
2008/08/11,0,13000,-133000,-120000
2008/08/12,0,211000,-146000,65000
2008/08/13,0,91000,-73000,18000
2008/08/14,0,258000,-47000,211000
2008/08/15,0,57000,-44000,13000
2008/08/18,0,44000,-451959,-407959
2008/08/19,0,6000,-114216,-108216
2008/08/20,0,4000,-502000,-498000
2008/08/21,0,11000,-643170,-632170
2008/08/22,0,146000,-513000,-367000
2008/08/25,0,57000,-358000,-301000
2008/08/26,0,8000,-334000,-326000
2008/08/27,0,104000,-300000,-196000
2008/08/28,0,233000,-382000,-149000
2008/08/29,0,448000,-558000,-110000
2008/09/01,0,187059,-577000,-389941
2008/09/02,0,101000,-563000,-462000
2008/09/03,0,197000,-537000,-340000
2008/09/04,0,221000,-829000,-608000
2008/09/05,0,117003,-3268000,-3150997
2008/09/08,0,120000,-125914,-5914
2008/09/09,0,201004,-124497,76507
2008/09/10,0,130000,-116438,13562
2008/09/11,0,205000,-174000,31000
2008/09/12,0,646000,-84000,562000
2008/09/15,0,114002,-235798,-121796
2008/09/16,0,295000,-67000,228000
2008/09/17,0,117000,-376000,-259000
2008/09/18,0,356000,-107000,249000
2008/09/19,0,189000,-168000,21000
2008/09/22,0,5000,-250000,-245000
2008/09/23,0,56000,-89000,-33000
2008/09/24,0,187000,-549000,-362000
2008/09/25,0,128000,-34000,94000
2008/09/26,0,42000,-499000,-457000
2008/09/29,0,0,0,0
2008/09/30,0,17000,-90000,-73000
2008/10/01,0,188004,-275000,-86996
2008/10/02,0,119000,-64381,54619
2008/10/03,0,175000,-244000,-69000
2008/10/06,0,56000,-127261,-71261
2008/10/07,0,149000,-15000,134000
2008/10/08,0,112000,-35000,77000
2008/10/09,0,229000,-28000,201000
2008/10/10,0,0,0,0
2008/10/13,0,56000,0,56000
2008/10/14,0,82000,-54997,27003
2008/10/15,0,64000,-360261,-296261
2008/10/16,0,0,-86000,-86000
2008/10/17,0,40000,-48000,-8000
2008/10/20,0,68000,-8965,59035
2008/10/21,0,161000,-115000,46000
2008/10/22,0,0,-999,-999
2008/10/23,0,0,-21859,-21859
2008/10/24,0,0,-18000,-18000
2008/10/27,0,16000,-7075,8925
2008/10/28,0,135000,-17000,118000
2008/10/29,0,201000,-10000,191000
2008/10/30,0,225000,-11000,214000
2008/10/31,0,210000,-8852,201148
2008/11/03,0,95000,-153000,-58000
2008/11/04,0,63000,-95077,-32077
2008/11/05,0,174000,-73000,101000
2008/11/06,0,82000,-89000,-7000
2008/11/07,0,132000,-156465,-24465
2008/11/10,0,145000,-6000,139000
2008/11/11,0,200000,-28000,172000
2008/11/12,0,98000,-146000,-48000
2008/11/13,0,158000,-24472,133528
2008/11/14,0,281000,-21000,260000
2008/11/17,0,47000,-16824,30176
2008/11/18,0,140000,-383000,-243000
2008/11/19,0,163000,-83000,80000
2008/11/20,0,164000,-45000,119000
2008/11/21,0,315000,-67000,248000
2008/11/24,0,167000,0,167000
2008/11/25,0,229000,-44000,185000
2008/11/26,0,38000,0,38000
2008/11/27,0,162000,0,162000
2008/11/28,0,311000,-3000,308000
2008/12/01,0,287000,-6000,281000
2008/12/02,0,177000,-74000,103000
2008/12/03,0,100000,-118334,-18334
2008/12/04,0,92000,-502982,-410982
2008/12/05,0,47000,-34000,13000
2008/12/08,0,391000,-18000,373000
2008/12/09,0,443000,-35000,408000
2008/12/10,0,297000,-4000,293000
2008/12/11,0,94000,-650000,-556000
2008/12/12,0,20000,-277000,-257000
2008/12/15,0,202000,-78000,124000
2008/12/16,0,29000,-130000,-101000
2008/12/17,0,336000,-247000,89000
2008/12/18,0,4000,-71000,-67000
2008/12/19,0,45000,-33000,12000
2008/12/22,0,81000,-263297,-182297
2008/12/23,0,7000,-111000,-104000
2008/12/24,0,55000,-55000,0
2008/12/25,0,45000,-9000,36000
2008/12/26,0,35000,-11000,24000
2008/12/29,0,80000,-2898,77102
2008/12/30,0,101000,-4010,96990
2008/12/31,0,3000,-22832,-19832
2009/01/01,0,0,0,0
2009/01/02,0,0,0,0
2009/01/05,0,126000,0,126000
2009/01/06,0,153000,-8000,145000
2009/01/07,0,614000,-28000,586000
2009/01/08,0,62000,-65000,-3000
2009/01/09,0,84000,-19000,65000
2009/01/12,0,64000,-2000,62000
2009/01/13,0,203000,0,203000
2009/01/14,0,61000,-12000,49000
2009/01/15,0,56000,-29000,27000
2009/01/16,0,94000,-325000,-231000
2009/01/19,0,24396,-15000,9396
2009/01/20,0,223000,-61000,162000
2009/01/21,0,228000,-25492,202508
2009/01/22,0,0,0,0
2009/01/23,0,0,0,0
2009/01/26,0,0,0,0
2009/01/27,0,0,0,0
2009/01/28,0,0,0,0
2009/01/29,0,0,0,0
2009/01/30,0,0,0,0
2009/02/02,0,50000,-137836,-87836
2009/02/03,0,11000,-162000,-151000
2009/02/04,0,79000,-6000,73000
2009/02/05,0,76000,-7000,69000
2009/02/06,0,35000,-146000,-111000
2009/02/09,0,0,-257000,-257000
2009/02/10,0,13000,-185000,-172000
2009/02/11,0,38000,-111000,-73000
2009/02/12,0,1164,-316000,-314836
2009/02/13,0,444000,-1000,443000
2009/02/16,0,188000,-105000,83000
2009/02/17,0,161000,-152000,9000
2009/02/18,0,104000,-139000,-35000
2009/02/19,0,428000,-189000,239000
2009/02/20,0,374000,-468138,-94138
2009/02/23,0,122000,-101000,21000
2009/02/24,0,141000,-94000,47000
2009/02/25,0,149000,-24000,125000
2009/02/26,0,659000,-25000,634000
2009/02/27,0,132000,-245000,-113000
2009/03/02,0,378000,-300000,78000
2009/03/03,0,117000,-78000,39000
2009/03/04,0,178000,-125000,53000
2009/03/05,0,830000,-463000,367000
2009/03/06,0,648000,-62000,586000
2009/03/09,0,450000,-105000,345000
2009/03/10,0,1131000,-1462000,-331000
2009/03/11,0,872000,-1141000,-269000
2009/03/12,0,428000,-682000,-254000
2009/03/13,0,563000,-55339,507661
2009/03/16,0,958000,-1296000,-338000
2009/03/17,0,352000,-444000,-92000
2009/03/18,0,312000,-283000,29000
2009/03/19,0,167000,-415000,-248000
2009/03/20,0,490000,-314000,176000
2009/03/23,0,451000,-210000,241000
2009/03/24,0,440000,-337000,103000
2009/03/25,0,74000,-328132,-254132
2009/03/26,0,302000,-110000,192000
2009/03/27,0,141000,-571000,-430000
2009/03/30,0,2000,-758000,-756000
2009/03/31,0,174000,-85000,89000
2009/04/01,0,383000,-226000,157000
2009/04/02,0,897000,-937000,-40000
2009/04/03,0,260000,-355000,-95000
2009/04/06,0,218000,-465167,-247167
2009/04/07,0,600000,-258000,342000
2009/04/08,0,244000,-793000,-549000
2009/04/09,0,360000,-457000,-97000
2009/04/10,0,297000,-572043,-275043
2009/04/13,0,901000,-811000,90000
2009/04/14,0,154000,-309520,-155520
2009/04/15,0,375000,-399000,-24000
2009/04/16,0,971000,-890000,81000
2009/04/17,0,1332000,-1432000,-100000
2009/04/20,0,639000,-109000,530000
2009/04/21,0,562000,-146000,416000
2009/04/22,0,370000,-751000,-381000
2009/04/23,0,592000,-484000,108000
2009/04/24,0,970000,-542000,428000
2009/04/27,0,502000,-1190000,-688000
2009/04/28,0,338000,-348458,-10458
2009/04/29,0,168000,-249000,-81000
2009/04/30,0,1660000,-165000,1495000
2009/05/01,0,0,0,0
2009/05/04,0,254000,-225000,29000
2009/05/05,0,971000,-298000,673000
2009/05/06,0,973000,-514719,458281
2009/05/07,0,621000,-1268000,-647000
2009/05/08,0,458000,-151000,307000
2009/05/11,0,675000,-265110,409890
2009/05/12,0,346000,-416000,-70000
2009/05/13,0,717000,-360000,357000
2009/05/14,0,133000,-562000,-429000
2009/05/15,0,1063000,-394000,669000
2009/05/18,0,199000,-365000,-166000
2009/05/19,0,647000,-272000,375000
2009/05/20,0,326000,-497000,-171000
2009/05/21,0,252000,-671000,-419000
2009/05/22,0,286000,-534000,-248000
2009/05/25,0,2181000,-811534,1369466
2009/05/26,0,813000,-742000,71000
2009/05/27,0,509000,-601000,-92000
2009/05/28,0,0,0,0
2009/05/29,0,0,0,0
2009/06/01,0,376000,-392892,-16892
2009/06/02,0,220000,-389000,-169000
2009/06/03,0,403000,-261000,142000
2009/06/04,0,366000,-793000,-427000
2009/06/05,0,812000,-232000,580000
2009/06/08,0,579000,-696000,-117000
2009/06/09,0,834000,-1337000,-503000
2009/06/10,0,155000,-1047000,-892000
2009/06/11,0,290000,-495000,-205000
2009/06/12,0,309000,-459000,-150000
2009/06/15,0,510000,-406000,104000
2009/06/16,0,390000,-218815,171185
2009/06/17,0,282000,-465000,-183000
2009/06/18,0,589000,-533000,56000
2009/06/19,0,324000,-130000,194000
2009/06/22,0,438000,-457000,-19000
2009/06/23,0,183000,-232000,-49000
2009/06/24,0,1128000,-865000,263000
2009/06/25,0,1746000,-1028000,718000
2009/06/26,0,1186000,-1029000,157000
2009/06/29,0,556000,-191000,365000
2009/06/30,0,222000,-199000,23000
2009/07/01,0,357000,-81000,276000
2009/07/02,0,523000,-272000,251000
2009/07/03,0,346000,-295000,51000
2009/07/06,0,298000,-179000,119000
2009/07/07,0,497000,-194000,303000
2009/07/08,0,110000,-316000,-206000
2009/07/09,0,596000,-228000,368000
2009/07/10,0,56000,-348000,-292000
2009/07/13,0,244000,-2502000,-2258000
2009/07/14,0,201000,-219000,-18000
2009/07/15,0,1366179,-171000,1195179
2009/07/16,0,909000,-639000,270000
2009/07/17,0,481000,-497000,-16000
2009/07/20,0,389000,-252000,137000
2009/07/21,0,357000,-196000,161000
2009/07/22,0,638000,-548000,90000
2009/07/23,0,148000,-101500,46500
2009/07/24,0,126000,-363000,-237000
2009/07/27,0,176000,-275000,-99000
2009/07/28,0,373677,-226000,147677
2009/07/29,0,470000,-437000,33000
2009/07/30,0,76000,-233000,-157000
2009/07/31,0,1749000,-207000,1542000
2009/08/03,0,1492217,-432000,1060217
2009/08/04,0,658000,-2506000,-1848000
2009/08/05,0,190000,-875500,-685500
2009/08/06,0,92000,-243000,-151000
2009/08/07,0,0,0,0
2009/08/10,0,30000,-299000,-269000
2009/08/11,0,89000,-160000,-71000
2009/08/12,0,166000,-112000,54000
2009/08/13,0,480000,-325000,155000
2009/08/14,0,343000,-237000,106000
2009/08/17,0,663000,-1045000,-382000
2009/08/18,0,769000,-1058000,-289000
2009/08/19,0,59000,-901000,-842000
2009/08/20,0,164000,-438000,-274000
2009/08/21,0,1561000,-487000,1074000
2009/08/24,0,105950,-972000,-866050
2009/08/25,0,169000,-358000,-189000
2009/08/26,0,334000,-1159000,-825000
2009/08/27,0,176000,-219000,-43000
2009/08/28,0,128000,-87000,41000
2009/08/31,0,32000,-131000,-99000
2009/09/01,0,586000,-83000,503000
2009/09/02,0,235000,-497000,-262000
2009/09/03,0,683000,-252000,431000
2009/09/04,0,473800,-210000,263800
2009/09/07,0,376000,-234450,141550
2009/09/08,0,389000,-837000,-448000
2009/09/09,0,267000,-46000,221000
2009/09/10,0,672000,-702000,-30000
2009/09/11,0,320000,-108300,211700
2009/09/14,0,73000,-689000,-616000
2009/09/15,0,529000,-283000,246000
2009/09/16,0,234000,-292250,-58250
2009/09/17,0,368000,-281000,87000
2009/09/18,0,198000,-178000,20000
2009/09/21,0,282000,-614000,-332000
2009/09/22,0,131000,-174500,-43500
2009/09/23,0,391000,-652957,-261957
2009/09/24,0,58000,-190000,-132000
2009/09/25,0,88000,-88000,0
2009/09/28,0,292000,-206399,85601
2009/09/29,0,125000,-187000,-62000
2009/09/30,0,58000,-130000,-72000
2009/10/01,0,1556000,-464000,1092000
2009/10/02,0,8000,-537000,-529000
2009/10/05,0,110000,-275000,-165000
2009/10/06,0,58000,-182000,-124000
2009/10/07,0,179000,-169000,10000
2009/10/08,0,1470000,-438100,1031900
2009/10/09,0,1208000,-568600,639400
2009/10/12,0,388000,-160000,228000
2009/10/13,0,269000,-323000,-54000
2009/10/14,0,108000,-1760000,-1652000
2009/10/15,0,288000,-245025,42975
2009/10/16,0,394000,-424000,-30000
2009/10/19,0,150000,-345000,-195000
2009/10/20,0,1033000,-663000,370000
2009/10/21,0,777000,-1645856,-868856
2009/10/22,0,314000,-437000,-123000
2009/10/23,0,325000,-319000,6000
2009/10/26,0,475000,-301000,174000
2009/10/27,0,110000,-175000,-65000
2009/10/28,0,145000,-549000,-404000
2009/10/29,0,612000,-368000,244000
2009/10/30,0,1210000,-160000,1050000
2009/11/02,0,370000,-265000,105000
2009/11/03,0,287000,-543000,-256000
2009/11/04,0,393000,-200000,193000
2009/11/05,0,1510000,-447000,1063000
2009/11/06,0,970000,-763000,207000
2009/11/09,0,722000,-614000,108000
2009/11/10,0,387000,-289600,97400
2009/11/11,0,563000,-265000,298000
2009/11/12,0,1270000,-519000,751000
2009/11/13,0,467000,-800000,-333000
2009/11/16,0,301000,-343000,-42000
2009/11/17,0,441000,-783000,-342000
2009/11/18,0,335000,-1449000,-1114000
2009/11/19,0,236000,-140000,96000
2009/11/20,0,285000,-132000,153000
2009/11/23,0,112000,-325000,-213000
2009/11/24,0,452000,-162000,290000
2009/11/25,0,287000,-79000,208000
2009/11/26,0,116000,-177000,-61000
2009/11/27,0,141000,-511000,-370000
2009/11/30,0,113000,-160241,-47241
2009/12/01,0,102000,-237000,-135000
2009/12/02,0,442000,-642000,-200000
2009/12/03,0,111000,-258000,-147000
2009/12/04,0,162000,-352000,-190000
2009/12/07,0,280000,-170000,110000
2009/12/08,0,145000,-195000,-50000
2009/12/09,0,87000,-215000,-128000
2009/12/10,0,82000,-341000,-259000
2009/12/11,0,208000,-118812,89188
2009/12/14,0,399000,-330000,69000
2009/12/15,0,117000,-234000,-117000
2009/12/16,0,82000,-227000,-145000
2009/12/17,0,127000,-179000,-52000
2009/12/18,0,33000,-174000,-141000
2009/12/21,0,43000,-106150,-63150
2009/12/22,0,105000,-100578,4422
2009/12/23,0,167000,-251000,-84000
2009/12/24,0,102310,-252000,-149690
2009/12/25,0,292000,-39000,253000
2009/12/28,0,470000,-88000,382000
2009/12/29,0,138000,-330000,-192000
2009/12/30,0,232000,-481310,-249310
2009/12/31,0,242000,-288000,-46000
2010/01/01,0,0,0,0
2010/01/04,0,477000,-741000,-264000
2010/01/05,0,415000,-1246000,-831000
2010/01/06,0,535000,-232000,303000
2010/01/07,0,1388000,-342000,1046000
2010/01/08,0,876000,-278000,598000
2010/01/11,0,932000,-1223000,-291000
2010/01/12,0,411000,-203000,208000
2010/01/13,0,349000,-330000,19000
2010/01/14,0,359000,-216232,142768
2010/01/15,0,833000,-337000,496000
2010/01/18,0,530000,-333000,197000
2010/01/19,0,552000,-874000,-322000
2010/01/20,0,154980,-322000,-167020
2010/01/21,0,479000,-276000,203000
2010/01/22,0,974000,-434000,540000
2010/01/25,0,295000,-531000,-236000
2010/01/26,0,159000,-798000,-639000
2010/01/27,0,79000,-1504000,-1425000
2010/01/28,0,140000,-39000,101000
2010/01/29,0,267000,-176000,91000
2010/02/01,0,344000,-610000,-266000
2010/02/02,0,93000,-237000,-144000
2010/02/03,0,232000,-79000,153000
2010/02/04,0,91000,-33000,58000
2010/02/05,0,239000,-471000,-232000
2010/02/08,0,352000,-17001,334999
2010/02/09,0,367000,-133000,234000
2010/02/10,0,304000,-149000,155000
2010/02/11,0,0,0,0
2010/02/12,0,0,0,0
2010/02/15,0,0,0,0
2010/02/16,0,0,0,0
2010/02/17,0,0,0,0
2010/02/18,0,0,0,0
2010/02/19,0,0,0,0
2010/02/22,0,399000,-182000,217000
2010/02/23,0,83000,-122000,-39000
2010/02/24,0,43000,-245000,-202000
2010/02/25,0,148000,-474000,-326000
2010/02/26,0,166000,-197000,-31000
2010/03/01,0,385000,-136000,249000
2010/03/02,0,199000,-195000,4000
2010/03/03,0,101000,-40000,61000
2010/03/04,0,46000,-534000,-488000
2010/03/05,0,377000,-83000,294000
2010/03/08,0,420000,-183000,237000
2010/03/09,0,181000,-98000,83000
2010/03/10,0,42000,-116000,-74000
2010/03/11,0,86000,-350000,-264000
2010/03/12,0,125000,-102000,23000
2010/03/15,0,9000,-342000,-333000
2010/03/16,0,223000,-109000,114000
2010/03/17,0,561000,-496000,65000
2010/03/18,0,391000,-111000,280000
2010/03/19,0,621000,-117000,504000
2010/03/22,0,239000,-548000,-309000
2010/03/23,0,557000,-40000,517000
2010/03/24,0,323000,-132098,190902
2010/03/25,0,658000,-156000,502000
2010/03/26,0,422000,-360000,62000
2010/03/29,0,552000,0,552000
2010/03/30,0,319000,-203000,116000
2010/03/31,0,292000,-344150,-52150
2010/04/01,0,475000,-154011,320989
2010/04/02,0,179000,-157000,22000
2010/04/05,0,0,0,0
2010/04/06,0,224000,-503000,-279000
2010/04/07,0,461000,-1000,460000
2010/04/08,0,126000,-27000,99000
2010/04/09,0,170000,-166000,4000
2010/04/12,0,297000,-177000,120000
2010/04/13,0,35000,-1191000,-1156000
2010/04/14,0,219000,-42000,177000
2010/04/15,0,2646000,-119000,2527000
2010/04/16,0,317000,-575000,-258000
2010/04/19,0,154000,-1725000,-1571000
2010/04/20,0,410000,-1002000,-592000
2010/04/21,0,628000,-243000,385000
2010/04/22,0,35000,-174000,-139000
2010/04/23,0,319000,-372000,-53000
2010/04/26,0,755000,-256000,499000
2010/04/27,0,195000,-737000,-542000
2010/04/28,0,457000,-452428,4572
2010/04/29,0,356000,-192000,164000
2010/04/30,0,1462000,-858000,604000
2010/05/03,0,308000,-644000,-336000
2010/05/04,0,170000,-169000,1000
2010/05/05,0,352000,-1036000,-684000
2010/05/06,0,57000,-762000,-705000
2010/05/07,0,494000,-314000,180000
2010/05/10,0,637000,-474541,162459
2010/05/11,0,94000,-816000,-722000
2010/05/12,0,164000,-279000,-115000
2010/05/13,0,488000,-349000,139000
2010/05/14,0,272000,-117000,155000
2010/05/17,0,104000,-994000,-890000
2010/05/18,0,232000,-151000,81000
2010/05/19,0,314000,-174000,140000
2010/05/20,0,91000,-458000,-367000
2010/05/21,0,180000,-584000,-404000
2010/05/24,0,305000,-34000,271000
2010/05/25,0,334000,-323000,11000
2010/05/26,0,257000,-93000,164000
2010/05/27,0,171000,-163000,8000
2010/05/28,0,136000,-140000,-4000
2010/05/31,0,32000,-56000,-24000
2010/06/01,0,97000,-159000,-62000
2010/06/02,0,263000,-433000,-170000
2010/06/03,0,166000,-166000,0
2010/06/04,0,99000,-2000,97000
2010/06/07,0,291000,-307000,-16000
2010/06/08,0,167000,-156000,11000
2010/06/09,0,244000,-461000,-217000
2010/06/10,0,200000,-127000,73000
2010/06/11,0,341000,-512000,-171000
2010/06/14,0,164000,-201082,-37082
2010/06/15,0,618000,-211000,407000
2010/06/16,0,0,0,0
2010/06/17,0,929000,-362000,567000
2010/06/18,0,145000,-198000,-53000
2010/06/21,0,985000,-30300,954700
2010/06/22,0,104000,-357000,-253000
2010/06/23,0,254000,-201000,53000
2010/06/24,0,632000,-22000,610000
2010/06/25,0,223000,-427000,-204000
2010/06/28,0,41000,-308000,-267000
2010/06/29,0,82000,-490000,-408000
2010/06/30,0,89000,-437000,-348000
2010/07/01,0,150000,-5000,145000
2010/07/02,0,90000,-115000,-25000
2010/07/05,0,131000,-9000,122000
2010/07/06,0,454000,-17000,437000
2010/07/07,0,166000,-112000,54000
2010/07/08,0,323000,-155399,167601
2010/07/09,0,61000,-165000,-104000
2010/07/12,0,29000,-145000,-116000
2010/07/13,0,91000,-868837,-777837
2010/07/14,0,508000,-76000,432000
2010/07/15,0,547000,-56000,491000
2010/07/16,0,0,-185000,-185000
2010/07/19,0,243000,-51000,192000
2010/07/20,0,1012000,-27000,985000
2010/07/21,0,3355670,-171000,3184670
2010/07/22,0,29000,-2725670,-2696670
2010/07/23,0,25000,-364000,-339000
2010/07/26,0,306000,-38000,268000
2010/07/27,0,152000,-276000,-124000
2010/07/28,0,15000,-522000,-507000
2010/07/29,0,152000,-499000,-347000
2010/07/30,0,104000,-297000,-193000
2010/08/02,0,163000,-267000,-104000
2010/08/03,0,57000,-164000,-107000
2010/08/04,0,255000,-170000,85000
2010/08/05,0,211000,-332000,-121000
2010/08/06,0,73000,-111000,-38000
2010/08/09,0,178000,-203000,-25000
2010/08/10,0,260000,-259000,1000
2010/08/11,0,25000,-231000,-206000
2010/08/12,0,29000,-246000,-217000
2010/08/13,0,318000,-107000,211000
2010/08/16,0,91000,-103000,-12000
2010/08/17,0,339000,-242000,97000
2010/08/18,0,512000,-1035000,-523000
2010/08/19,0,157000,-309000,-152000
2010/08/20,0,164000,-209000,-45000
2010/08/23,0,185000,-157000,28000
2010/08/24,0,273000,-373000,-100000
2010/08/25,0,160000,-415000,-255000
2010/08/26,0,204400,-172000,32400
2010/08/27,0,380000,-134000,246000
2010/08/30,0,325000,-277000,48000
2010/08/31,0,142000,-585380,-443380
2010/09/01,0,43000,-122510,-79510
2010/09/02,0,76000,-145000,-69000
2010/09/03,0,298000,-157000,141000
2010/09/06,0,362000,-135000,227000
2010/09/07,0,1095000,-273000,822000
2010/09/08,0,128000,-269000,-141000
2010/09/09,0,197551,-144000,53551
2010/09/10,0,322000,-247000,75000
2010/09/13,0,955000,-126000,829000
2010/09/14,0,374000,-475000,-101000
2010/09/15,0,63000,-614000,-551000
2010/09/16,0,1168000,-293000,875000
2010/09/17,0,820000,-831000,-11000
2010/09/20,0,306000,-1102000,-796000
2010/09/21,0,364000,-305000,59000
2010/09/22,0,0,0,0
2010/09/23,0,292000,-223000,69000
2010/09/24,0,567000,-331000,236000
2010/09/27,0,1001000,-944000,57000
2010/09/28,0,1347500,-692000,655500
2010/09/29,0,245000,-354000,-109000
2010/09/30,0,246000,-481000,-235000
2010/10/01,0,311000,-293000,18000
2010/10/04,0,1649000,-313000,1336000
2010/10/05,0,435000,-416000,19000
2010/10/06,0,1711000,-811300,899700
2010/10/07,0,286000,-701512,-415512
2010/10/08,0,794000,-309000,485000
2010/10/11,0,246000,-223000,23000
2010/10/12,0,112000,-270000,-158000
2010/10/13,0,246000,-77000,169000
2010/10/14,0,371000,-546000,-175000
2010/10/15,0,232000,-209000,23000
2010/10/18,0,170000,-533020,-363020
2010/10/19,0,118000,-619000,-501000
2010/10/20,0,152000,-148000,4000
2010/10/21,0,147000,-263000,-116000
2010/10/22,0,123000,-172000,-49000
2010/10/25,0,537000,-42000,495000
2010/10/26,0,183000,-309000,-126000
2010/10/27,0,70000,-559000,-489000
2010/10/28,0,193000,-162000,31000
2010/10/29,0,186000,-209020,-23020
2010/11/01,0,1157020,-230000,927020
2010/11/02,0,784000,-429000,355000
2010/11/03,0,103000,-823000,-720000
2010/11/04,0,159000,-365000,-206000
2010/11/05,0,174000,-171000,3000
2010/11/08,0,286000,-158000,128000
2010/11/09,0,102295,-102000,295
2010/11/10,0,332000,-239052,92948
2010/11/11,0,198000,-98000,100000
2010/11/12,0,190000,-1122000,-932000
2010/11/15,0,37000,-252000,-215000
2010/11/16,0,381000,-142000,239000
2010/11/17,0,2000,-295000,-293000
2010/11/18,0,30000,-152000,-122000
2010/11/19,0,24000,-42691,-18691
2010/11/22,0,0,-22000,-22000
2010/11/23,0,14000,-17000,-3000
2010/11/24,0,107000,-11000,96000
2010/11/25,0,80000,-75000,5000
2010/11/26,0,15000,-108000,-93000
2010/11/29,0,1135000,-137000,998000
2010/11/30,0,170000,-1077040,-907040
2010/12/01,0,277000,-250000,27000
2010/12/02,0,1256000,-10000,1246000
2010/12/03,0,50000,-246000,-196000
2010/12/06,0,273000,-198000,75000
2010/12/07,0,96000,-103000,-7000
2010/12/08,0,194000,-308000,-114000
2010/12/09,0,138000,-53000,85000
2010/12/10,0,28000,-152000,-124000
2010/12/13,0,80000,-240080,-160080
2010/12/14,0,95000,-245902,-150902
2010/12/15,0,90000,-146000,-56000
2010/12/16,0,50000,-194000,-144000
2010/12/17,0,324000,-324000,0
2010/12/20,0,19000,-290000,-271000
2010/12/21,0,61000,-253000,-192000
2010/12/22,0,117000,-169000,-52000
2010/12/23,0,8000,-275000,-267000
2010/12/24,0,327000,-79000,248000
2010/12/27,0,194000,-120000,74000
2010/12/28,0,502000,-256000,246000
2010/12/29,0,18000,-130818,-112818
2010/12/30,0,1086000,-165000,921000
2010/12/31,0,275000,-73000,202000
2011/01/03,0,637000,-133000,504000
2011/01/04,0,110000,-507000,-397000
2011/01/05,0,80000,-343000,-263000
2011/01/06,0,105000,-149000,-44000
2011/01/07,0,375000,-402000,-27000
2011/01/10,0,133000,-69000,64000
2011/01/11,0,238000,-92000,146000
2011/01/12,0,678000,-8000,670000
2011/01/13,0,374000,-667000,-293000
2011/01/14,0,330000,-261000,69000
2011/01/17,0,232000,-102000,130000
2011/01/18,0,108000,-39000,69000
2011/01/19,0,162000,-442370,-280370
2011/01/20,0,71000,-50000,21000
2011/01/21,0,419000,-224000,195000
2011/01/24,0,69000,-170000,-101000
2011/01/25,0,48000,-401000,-353000
2011/01/26,0,137000,-60000,77000
2011/01/27,0,305000,-295000,10000
2011/01/28,0,235000,-1351000,-1116000
2011/01/31,0,0,0,0
2011/02/01,0,0,0,0
2011/02/02,0,0,0,0
2011/02/03,0,0,0,0
2011/02/04,0,0,0,0
2011/02/07,0,0,0,0
2011/02/08,0,258000,-190000,68000
2011/02/09,0,107000,-291201,-184201
2011/02/10,0,532000,-328000,204000
2011/02/11,0,110000,-667000,-557000
2011/02/14,0,77000,-380000,-303000
2011/02/15,0,3000,-292000,-289000
2011/02/16,0,50000,-157000,-107000
2011/02/17,0,10000,-191000,-181000
2011/02/18,0,76000,-11000,65000
2011/02/21,0,28000,-180000,-152000
2011/02/22,0,278000,-464000,-186000
2011/02/23,0,363000,-218000,145000
2011/02/24,0,413000,-249000,164000
2011/02/25,0,534000,-135000,399000
2011/02/28,0,0,0,0
2011/03/01,0,243000,-29000,214000
2011/03/02,0,94000,-125000,-31000
2011/03/03,0,359000,-120000,239000
2011/03/04,0,40000,-74000,-34000
2011/03/07,0,28000,-69537,-41537
2011/03/08,0,138000,-359000,-221000
2011/03/09,0,8000,-523438,-515438
2011/03/10,0,83000,-128000,-45000
2011/03/11,0,152000,-509000,-357000
2011/03/14,0,303000,-949000,-646000
2011/03/15,0,677000,-476000,201000
2011/03/16,0,380000,-4000,376000
2011/03/17,0,238000,-83000,155000
2011/03/18,0,0,-154000,-154000
2011/03/21,0,32000,-209000,-177000
2011/03/22,0,38000,-134000,-96000
2011/03/23,0,43000,-103000,-60000
2011/03/24,0,169000,-84000,85000
2011/03/25,0,141000,-196000,-55000
2011/03/28,0,93000,-166000,-73000
2011/03/29,0,75000,-53460,21540
2011/03/30,0,49000,-76000,-27000
2011/03/31,0,31000,-171000,-140000
2011/04/01,0,74009,-30440,43569
2011/04/04,0,0,0,0
2011/04/05,0,0,0,0
2011/04/06,0,125000,-39000,86000
2011/04/07,0,252000,-13000,239000
2011/04/08,0,222000,-2000,220000
2011/04/11,0,82000,-58000,24000
2011/04/12,0,347000,-17000,330000
2011/04/13,0,207000,-2000,205000
2011/04/14,0,88000,-52000,36000
2011/04/15,0,20000,-133000,-113000
2011/04/18,0,8000,-200919,-192919
2011/04/19,0,13000,-56450,-43450
2011/04/20,0,15000,-48000,-33000
2011/04/21,0,147010,-86000,61010
2011/04/22,0,208000,-41000,167000
2011/04/25,0,184000,-65000,119000
2011/04/26,0,149000,-77500,71500
2011/04/27,0,272000,-136000,136000
2011/04/28,0,221000,-238000,-17000
2011/04/29,0,4000,-419530,-415530
2011/05/02,0,0,0,0
2011/05/03,0,115000,-243234,-128234
2011/05/04,0,95000,-12000,83000
2011/05/05,0,178000,0,178000
2011/05/06,0,200000,-2000,198000
2011/05/09,0,146000,-10000,136000
2011/05/10,0,290000,-15000,275000
2011/05/11,0,262000,-28300,233700
2011/05/12,0,107000,-23000,84000
2011/05/13,0,7000,-21000,-14000
2011/05/16,0,107000,-34000,73000
2011/05/17,0,46000,-22000,24000
2011/05/18,0,185000,-80000,105000
2011/05/19,0,1128000,-5800,1122200
2011/05/20,0,112000,-76000,36000
2011/05/23,0,131000,-47000,84000
2011/05/24,0,315000,-14000,301000
2011/05/25,0,7000,-47000,-40000
2011/05/26,0,47000,-60000,-13000
2011/05/27,0,113000,-22000,91000
2011/05/30,0,132000,-4000,128000
2011/05/31,0,382000,-924000,-542000
2011/06/01,0,42000,-32000,10000
2011/06/02,0,938000,-4000,934000
2011/06/03,0,186000,-35000,151000
2011/06/06,0,0,0,0
2011/06/07,0,32000,-165000,-133000
2011/06/08,0,20000,-126000,-106000
2011/06/09,0,90000,-1000,89000
2011/06/10,0,89000,-268000,-179000
2011/06/13,0,149000,-336000,-187000
2011/06/14,0,109000,0,109000
2011/06/15,0,132000,-53000,79000
2011/06/16,0,273000,-163000,110000
2011/06/17,0,272000,-156000,116000
2011/06/20,0,89000,-348000,-259000
2011/06/21,0,74000,-12000,62000
2011/06/22,0,79000,-32000,47000
2011/06/23,0,67000,-13000,54000
2011/06/24,0,11000,-82000,-71000
2011/06/27,0,0,-76000,-76000
2011/06/28,0,0,-9000,-9000
2011/06/29,0,21000,-532000,-511000
2011/06/30,0,58000,-26000,32000
2011/07/01,0,210000,-6000,204000
2011/07/04,0,28000,-26000,2000
2011/07/05,0,79000,-198492,-119492
2011/07/06,0,19000,-96000,-77000
2011/07/07,0,32000,-46000,-14000
2011/07/08,0,4000,0,4000
2011/07/11,0,43000,-1000,42000
2011/07/12,0,20000,-53000,-33000
2011/07/13,0,5000,-26000,-21000
2011/07/14,0,92000,-25000,67000
2011/07/15,0,21000,-28000,-7000
2011/07/18,0,1365000,-6000,1359000
2011/07/19,0,1000,-1307000,-1306000
2011/07/20,0,15000,-131000,-116000
2011/07/21,0,4000,-8000,-4000
2011/07/22,0,72000,-15000,57000
2011/07/25,0,32000,-40000,-8000
2011/07/26,0,31000,-48000,-17000
2011/07/27,0,36000,-29995,6005
2011/07/28,0,20000,-39000,-19000
2011/07/29,0,2000,-180000,-178000
2011/08/01,0,117000,-2000,115000
2011/08/02,0,64000,-141000,-77000
2011/08/03,0,20500,-171000,-150500
2011/08/04,0,40000,-16000,24000
2011/08/05,0,14000,-268000,-254000
2011/08/08,0,14000,-219000,-205000
2011/08/09,0,3000,-57000,-54000
2011/08/10,0,26000,-12500,13500
2011/08/11,0,75000,-17000,58000
2011/08/12,0,0,-49200,-49200
2011/08/15,0,19000,-447,18553
2011/08/16,0,3000,-9000,-6000
2011/08/17,0,7000,-50200,-43200
2011/08/18,0,3000,-12100,-9100
2011/08/19,0,0,-109200,-109200
2011/08/22,0,160000,-5000,155000
2011/08/23,0,17000,-3000,14000
2011/08/24,0,2000,-71000,-69000
2011/08/25,0,43000,0,43000
2011/08/26,0,1000,-5000,-4000
2011/08/29,0,6000,-2000,4000
2011/08/30,0,4000,-130150,-126150
2011/08/31,0,0,-2000,-2000
2011/09/01,0,11000,-1000,10000
2011/09/02,0,0,-1420,-1420
2011/09/05,0,0,-51000,-51000
2011/09/06,0,0,-67000,-67000
2011/09/07,0,2000,0,2000
2011/09/08,0,4000,-45000,-41000
2011/09/09,0,51000,-2000,49000
2011/09/12,0,0,0,0
2011/09/13,0,0,-31921,-31921
2011/09/14,0,4000,-8000,-4000
2011/09/15,0,18000,0,18000
2011/09/16,0,31000,0,31000
2011/09/19,0,36000,0,36000
2011/09/20,0,55000,-21150,33850
2011/09/21,0,37000,-16000,21000
2011/09/22,0,12000,-15000,-3000
2011/09/23,0,49000,-90000,-41000
2011/09/26,0,15000,-2000,13000
2011/09/27,0,22000,-8000,14000
2011/09/28,0,36000,-49000,-13000
2011/09/29,0,10000,-12000,-2000
2011/09/30,0,16000,-27000,-11000
2011/10/03,0,0,-36000,-36000
2011/10/04,0,3000,-1000,2000
2011/10/05,0,1000,-2000,-1000
2011/10/06,0,27000,0,27000
2011/10/07,0,33000,-4000,29000
2011/10/10,0,0,0,0
2011/10/11,0,18000,0,18000
2011/10/12,0,0,0,0
2011/10/13,0,69000,-14000,55000
2011/10/14,0,0,-7000,-7000
2011/10/17,0,7000,-5000,2000
2011/10/18,0,231,-20001,-19770
2011/10/19,0,21000,-33000,-12000
2011/10/20,0,5000,-14000,-9000
2011/10/21,0,1000,0,1000
2011/10/24,0,95000,0,95000
2011/10/25,0,9000,-59000,-50000
2011/10/26,0,31000,-8000,23000
2011/10/27,0,4000,-6000,-2000
2011/10/28,0,68000,-5140,62860
2011/10/31,0,6000,-4000,2000
2011/11/01,0,29000,-1000,28000
2011/11/02,0,32000,-3000,29000
2011/11/03,0,55000,-5000,50000
2011/11/04,0,215000,-1000,214000
2011/11/07,0,20000,0,20000
2011/11/08,0,0,-6000,-6000
2011/11/09,0,10000,0,10000
2011/11/10,0,2000,-34000,-32000
2011/11/11,0,20000,-14000,6000
2011/11/14,0,2000,0,2000
2011/11/15,0,17000,0,17000
2011/11/16,0,2000,-13000,-11000
2011/11/17,0,14000,-14865,-865
2011/11/18,0,0,-21000,-21000
2011/11/21,0,39000,-81000,-42000
2011/11/22,0,30000,-5000,25000
2011/11/23,0,35000,-20000,15000
2011/11/24,0,7000,-103000,-96000
2011/11/25,0,3000,-116000,-113000
2011/11/28,0,13000,-36000,-23000
2011/11/29,0,4000,-23000,-19000
2011/11/30,0,0,-89000,-89000
2011/12/01,0,52000,-15000,37000
2011/12/02,0,29000,-6000,23000
2011/12/05,0,23000,-2000,21000
2011/12/06,0,17000,-9000,8000
2011/12/07,0,55000,0,55000
2011/12/08,0,80000,-9000,71000
2011/12/09,0,117000,-35000,82000
2011/12/12,0,0,-42000,-42000
2011/12/13,0,15000,-33000,-18000
2011/12/14,0,0,-8000,-8000
2011/12/15,0,10000,0,10000
2011/12/16,0,0,-18000,-18000
2011/12/19,0,42000,-50000,-8000
2011/12/20,0,0,-45000,-45000
2011/12/21,0,120000,0,120000
2011/12/22,0,125000,-18000,107000
2011/12/23,0,49000,-42640,6360
2011/12/26,0,0,-1000,-1000
2011/12/27,0,44000,-89000,-45000
2011/12/28,0,68000,-17000,51000
2011/12/29,0,136000,-20000,116000
2011/12/30,0,93000,-80000,13000
2012/01/02,0,6000,0,6000
2012/01/03,0,106000,-81583,24417
2012/01/04,0,0,-12000,-12000
2012/01/05,0,53000,0,53000
2012/01/06,0,28000,-11000,17000
2012/01/09,0,0,-2000,-2000
2012/01/10,0,26000,0,26000
2012/01/11,0,55000,0,55000
2012/01/12,0,14000,-100000,-86000
2012/01/13,0,0,-54000,-54000
2012/01/16,0,0,-86000,-86000
2012/01/17,0,15000,0,15000
2012/01/18,0,54000,-65000,-11000
2012/01/19,0,0,0,0
2012/01/20,0,0,0,0
2012/01/23,0,0,0,0
2012/01/24,0,0,0,0
2012/01/25,0,0,0,0
2012/01/26,0,0,0,0
2012/01/27,0,0,0,0
2012/01/30,0,0,0,0
2012/01/31,0,48000,0,48000
2012/02/01,0,23000,0,23000
2012/02/02,0,43000,-14000,29000
2012/02/03,0,8000,-40000,-32000
2012/02/06,0,0,-14000,-14000
2012/02/07,0,9000,0,9000
2012/02/08,0,41000,0,41000
2012/02/09,0,1000,-20000,-19000
2012/02/10,0,0,-5000,-5000
2012/02/13,0,105000,0,105000
2012/02/14,0,16000,-111000,-95000
2012/02/15,0,44000,-45000,-1000
2012/02/16,0,78000,-20000,58000
2012/02/17,0,629000,0,629000
2012/02/20,0,5000,0,5000
2012/02/21,0,0,-235000,-235000
2012/02/22,0,48000,-25000,23000
2012/02/23,0,14000,-153000,-139000
2012/02/24,0,0,-132000,-132000
2012/02/27,0,0,0,0
2012/02/28,0,0,0,0
2012/02/29,0,187000,0,187000
2012/03/01,0,63000,-30000,33000
2012/03/02,0,0,-47000,-47000
2012/03/05,0,0,-58000,-58000
2012/03/06,0,95000,-50000,45000
2012/03/07,0,0,-64000,-64000
2012/03/08,0,115000,-40000,75000
2012/03/09,0,0,-15000,-15000
2012/03/12,0,51000,-32000,19000
2012/03/13,0,161000,-869,160131
2012/03/14,0,108000,0,108000
2012/03/15,0,7000,-14000,-7000
2012/03/16,0,0,-1000,-1000
2012/03/19,0,0,-62000,-62000
2012/03/20,0,34000,-74000,-40000
2012/03/21,0,0,-2000,-2000
2012/03/22,0,52000,0,52000
2012/03/23,0,397000,0,397000
2012/03/26,0,400000,-84000,316000
2012/03/27,0,70000,-157000,-87000
2012/03/28,0,146000,-17000,129000
2012/03/29,0,30000,-123908,-93908
2012/03/30,0,6000,0,6000
2012/04/02,0,118000,-57000,61000
2012/04/03,0,195000,0,195000
2012/04/04,0,0,0,0
2012/04/05,0,64000,-12000,52000
2012/04/06,0,0,-417000,-417000
2012/04/09,0,0,-28000,-28000
2012/04/10,0,0,-285000,-285000
2012/04/11,0,0,-6000,-6000
2012/04/12,0,2000,-444000,-442000
2012/04/13,0,0,-94000,-94000
2012/04/16,0,0,-8000,-8000
2012/04/17,0,0,-8000,-8000
2012/04/18,0,0,-1000,-1000
2012/04/19,0,6000,0,6000
2012/04/20,0,0,0,0
2012/04/23,0,11000,-1000,10000
2012/04/24,0,50000,-4000,46000
2012/04/25,0,2000,-13000,-11000
2012/04/26,0,0,-33000,-33000
2012/04/27,0,0,-17984,-17984
2012/04/30,0,0,-1001,-1001
2012/05/01,0,0,0,0
2012/05/02,0,7000,0,7000
2012/05/03,0,0,0,0
2012/05/04,0,0,0,0
2012/05/07,0,0,-13000,-13000
2012/05/08,0,0,-360,-360
2012/05/09,0,41000,-18000,23000
2012/05/10,0,0,-100000,-100000
2012/05/11,0,40000,-3000,37000
2012/05/14,0,94000,-6000,88000
2012/05/15,0,20000,0,20000
2012/05/16,0,0,-2000,-2000
2012/05/17,0,0,-24000,-24000
2012/05/18,0,0,-2000,-2000
2012/05/21,0,0,0,0
2012/05/22,0,2000,-2000,0
2012/05/23,0,0,-28000,-28000
2012/05/24,0,0,0,0
2012/05/25,0,9000,-94000,-85000
2012/05/28,0,7000,-2000,5000
2012/05/29,0,0,-50000,-50000
2012/05/30,0,0,0,0
2012/05/31,0,0,-159000,-159000
2012/06/01,0,7000,0,7000
2012/06/04,0,14000,0,14000
2012/06/05,0,0,-5000,-5000
2012/06/06,0,0,-3000,-3000
2012/06/07,0,0,0,0
2012/06/08,0,0,-6643,-6643
2012/06/11,0,1000,-3000,-2000
2012/06/12,0,0,-1000,-1000
2012/06/13,0,0,-1000,-1000
2012/06/14,0,1000,0,1000
2012/06/15,0,60000,0,60000
2012/06/18,0,7000,-20000,-13000
2012/06/19,0,13000,0,13000
2012/06/20,0,33000,0,33000
2012/06/21,0,30000,-1000,29000
2012/06/22,0,80000,-28000,52000
2012/06/25,0,20000,-42000,-22000
2012/06/26,0,40000,-4000,36000
2012/06/27,0,41000,0,41000
2012/06/28,0,0,0,0
2012/06/29,0,0,-5000,-5000
2012/07/02,0,70000,-7000,63000
2012/07/03,0,19000,0,19000
2012/07/04,0,130000,-1000,129000
2012/07/05,0,83000,-80000,3000
2012/07/06,0,18000,-3000,15000
2012/07/09,0,101000,-1000,100000
2012/07/10,0,0,0,0
2012/07/11,0,1000,0,1000
2012/07/12,0,4000,-6000,-2000
2012/07/13,0,58000,0,58000
2012/07/16,0,10000,-1000,9000
2012/07/17,0,594000,-1000,593000
2012/07/18,0,405000,-6000,399000
2012/07/19,0,1537000,-1000,1536000
2012/07/20,0,437000,-390000,47000
2012/07/23,0,16000,-1080000,-1064000
2012/07/24,0,282000,-2000,280000
2012/07/25,0,20000,-818000,-798000
2012/07/26,0,73000,-434000,-361000
2012/07/27,0,74000,-3000,71000
2012/07/30,0,1000,-236000,-235000
2012/07/31,0,25000,0,25000
2012/08/01,0,48000,-4000,44000
2012/08/02,0,0,0,0
2012/08/03,0,2000,-10000,-8000
2012/08/06,0,88000,0,88000
2012/08/07,0,0,-13000,-13000
2012/08/08,0,11000,-275000,-264000
2012/08/09,0,78000,-151000,-73000
2012/08/10,0,114000,-110000,4000
2012/08/13,0,46000,-6000,40000
2012/08/14,0,179000,0,179000
2012/08/15,0,4000,-90000,-86000
2012/08/16,0,2000,0,2000
2012/08/17,0,206000,0,206000
2012/08/20,0,0,-10000,-10000
2012/08/21,0,62000,0,62000
2012/08/22,0,354000,-2000,352000
2012/08/23,0,12000,0,12000
2012/08/24,0,0,-143000,-143000
2012/08/27,0,0,-102000,-102000
2012/08/28,0,4000,-27000,-23000
2012/08/29,0,20000,0,20000
2012/08/30,0,20000,-107000,-87000
2012/08/31,0,100000,-18000,82000
2012/09/03,0,156000,0,156000
2012/09/04,0,320000,-48000,272000
2012/09/05,0,362000,-13000,349000
2012/09/06,0,0,-58000,-58000
2012/09/07,0,20000,0,20000
2012/09/10,0,309000,-11000,298000
2012/09/11,0,108000,-3000,105000
2012/09/12,0,344000,-493000,-149000
2012/09/13,0,3610000,-11000,3599000
2012/09/14,0,134000,-270000,-136000
2012/09/17,0,15000,-20000,-5000
2012/09/18,0,228000,-28000,200000
2012/09/19,0,394000,-3172000,-2778000
2012/09/20,0,29000,-192000,-163000
2012/09/21,0,5000,-297000,-292000
2012/09/24,0,21000,-59000,-38000
2012/09/25,0,1000,-32000,-31000
2012/09/26,0,43000,0,43000
2012/09/27,0,250000,0,250000
2012/09/28,0,40000,-27000,13000
2012/10/01,0,4000,0,4000
2012/10/02,0,89000,0,89000
2012/10/03,0,74000,-60000,14000
2012/10/04,0,54000,-4000,50000
2012/10/05,0,1340000,0,1340000
2012/10/08,0,168000,-341000,-173000
2012/10/09,0,1566000,-605000,961000
2012/10/10,0,0,0,0
2012/10/11,0,423000,-183000,240000
2012/10/12,0,283000,-485000,-202000
2012/10/15,0,457000,-721000,-264000
2012/10/16,0,134000,-714000,-580000
2012/10/17,0,456000,-437000,19000
2012/10/18,0,344000,-402000,-58000
2012/10/19,0,165000,-343000,-178000
2012/10/22,0,89000,-861000,-772000
2012/10/23,0,269000,-686000,-417000
2012/10/24,0,318000,-524000,-206000
2012/10/25,0,238000,-419000,-181000
2012/10/26,0,1282000,-570000,712000
2012/10/29,0,325000,-569000,-244000
2012/10/30,0,100000,-96000,4000
2012/10/31,0,130000,-59000,71000
2012/11/01,0,252000,-317000,-65000
2012/11/02,0,70000,-266000,-196000
2012/11/05,0,862000,-64000,798000
2012/11/06,0,191000,-980000,-789000
2012/11/07,0,821000,-508000,313000
2012/11/08,0,356000,-726000,-370000
2012/11/09,0,293000,-373000,-80000
2012/11/12,0,240000,-332000,-92000
2012/11/13,0,72000,-957000,-885000
2012/11/14,0,262000,-209000,53000
2012/11/15,0,215000,-209000,6000
2012/11/16,0,115000,-160000,-45000
2012/11/19,0,72000,-303000,-231000
2012/11/20,0,53000,-171000,-118000
2012/11/21,0,258000,-347000,-89000
2012/11/22,0,26000,-198000,-172000
2012/11/23,0,507000,-201000,306000
2012/11/26,0,169000,-364000,-195000
2012/11/27,0,170000,-307000,-137000
2012/11/28,0,246000,-205000,41000
2012/11/29,0,662000,-331000,331000
2012/11/30,0,262000,-525000,-263000
2012/12/03,0,149000,-258000,-109000
2012/12/04,0,165000,-17000,148000
2012/12/05,0,1771000,-143000,1628000
2012/12/06,0,284000,-1433000,-1149000
2012/12/07,0,87000,-373000,-286000
2012/12/10,0,149000,-18000,131000
2012/12/11,0,64000,-62000,2000
2012/12/12,0,188000,-43000,145000
2012/12/13,0,200000,-206000,-6000
2012/12/14,0,207000,-83000,124000
2012/12/17,0,171000,-199000,-28000
2012/12/18,0,56000,-128000,-72000
2012/12/19,0,34000,-114000,-80000
2012/12/20,0,878000,-182000,696000
2012/12/21,0,698000,-928000,-230000
2012/12/24,0,66000,-76000,-10000
2012/12/25,0,366000,-127000,239000
2012/12/26,0,165000,-108000,57000
2012/12/27,0,38000,-124000,-86000
2012/12/28,0,318000,-267000,51000
2012/12/31,0,0,0,0
2013/01/01,0,0,0,0
2013/01/02,0,128000,-344000,-216000
2013/01/03,0,247000,-190000,57000
2013/01/04,0,485000,-361000,124000
2013/01/07,0,39000,-492000,-453000
2013/01/08,0,35000,-226000,-191000
2013/01/09,0,220000,-23000,197000
2013/01/10,0,113000,-205000,-92000
2013/01/11,0,201000,-117000,84000
2013/01/14,0,77000,-293000,-216000
2013/01/15,0,90000,-155000,-65000
2013/01/16,0,63000,-170000,-107000
2013/01/17,0,66000,-140000,-74000
2013/01/18,0,6000,-38000,-32000
2013/01/21,0,121000,-66000,55000
2013/01/22,0,104000,-47000,57000
2013/01/23,0,86000,-74000,12000
2013/01/24,0,87000,-248000,-161000
2013/01/25,0,221000,-140000,81000
2013/01/28,0,42000,-104000,-62000
2013/01/29,0,595000,-19000,576000
2013/01/30,0,239000,-217000,22000
2013/01/31,0,331000,-114000,217000
2013/02/01,0,119000,-216000,-97000
2013/02/04,0,156000,-54000,102000
2013/02/05,0,78000,-132000,-54000
2013/02/06,0,257000,-111000,146000
2013/02/07,0,0,0,0
2013/02/08,0,0,0,0
2013/02/11,0,0,0,0
2013/02/12,0,0,0,0
2013/02/13,0,0,0,0
2013/02/14,0,0,0,0
2013/02/15,0,0,0,0
2013/02/18,0,51000,-43000,8000
2013/02/19,0,82000,-332000,-250000
2013/02/20,0,136000,-497000,-361000
2013/02/21,0,71000,-81000,-10000
2013/02/22,0,133000,-80000,53000
2013/02/25,0,66000,-80000,-14000
2013/02/26,0,0,-120000,-120000
2013/02/27,0,112000,-262000,-150000
2013/02/28,0,0,0,0
2013/03/01,0,324000,-137000,187000
2013/03/04,0,366000,-303000,63000
2013/03/05,0,223000,-62000,161000
2013/03/06,0,350000,-603000,-253000
2013/03/07,0,714000,-165000,549000
2013/03/08,0,98000,-191000,-93000
2013/03/11,0,164000,-217000,-53000
2013/03/12,0,157000,-294000,-137000
2013/03/13,0,195000,-205000,-10000
2013/03/14,0,116000,-115000,1000
2013/03/15,0,82000,-129000,-47000
2013/03/18,0,594000,-295000,299000
2013/03/19,0,72000,-290000,-218000
2013/03/20,0,220000,-294000,-74000
2013/03/21,0,231000,-28000,203000
2013/03/22,0,2049000,-310000,1739000
2013/03/25,0,337000,-1081000,-744000
2013/03/26,0,288000,-335000,-47000
2013/03/27,0,391000,-217000,174000
2013/03/28,0,1243000,-733000,510000
2013/03/29,0,279000,-469000,-190000
2013/04/01,0,417000,-266000,151000
2013/04/02,0,228000,-149000,79000
2013/04/03,0,1512000,-486000,1026000
2013/04/04,0,0,0,0
2013/04/05,0,0,0,0
2013/04/08,0,1735000,-930000,805000
2013/04/09,0,619000,-1811000,-1192000
2013/04/10,0,615000,-274000,341000
2013/04/11,0,3275000,-353000,2922000
2013/04/12,0,606000,-1682000,-1076000
2013/04/15,0,1715000,-794000,921000
2013/04/16,0,729000,-195000,534000
2013/04/17,0,1735000,-1596000,139000
2013/04/18,0,440000,-1144000,-704000
2013/04/19,0,717000,-758000,-41000
2013/04/22,0,514000,-1228000,-714000
2013/04/23,0,406000,-1105000,-699000
2013/04/24,0,1186000,-1127000,59000
2013/04/25,0,566000,-158000,408000
2013/04/26,0,286000,-808000,-522000
2013/04/29,0,100000,-378000,-278000
2013/04/30,0,612000,-577000,35000
2013/05/01,0,0,0,0
2013/05/02,0,261000,-797000,-536000
2013/05/03,0,714000,-222000,492000
2013/05/06,0,234000,-1201000,-967000
2013/05/07,0,1280000,-1443000,-163000
2013/05/08,0,1206000,-2002000,-796000
2013/05/09,0,973000,-590000,383000
2013/05/10,0,144000,-547000,-403000
2013/05/13,0,92000,-178000,-86000
2013/05/14,0,228000,-796000,-568000
2013/05/15,0,393000,-167000,226000
2013/05/16,0,537000,-483000,54000
2013/05/17,0,274000,-428000,-154000
2013/05/20,0,61000,-200000,-139000
2013/05/21,0,267000,-354000,-87000
2013/05/22,0,283000,-402000,-119000
2013/05/23,0,221000,-765000,-544000
2013/05/24,0,74000,-144000,-70000
2013/05/27,0,99000,-145000,-46000
2013/05/28,0,63000,-215000,-152000
2013/05/29,0,64000,-113000,-49000
2013/05/30,0,60000,-642000,-582000
2013/05/31,0,170000,-292000,-122000
2013/06/03,0,72000,-243000,-171000
2013/06/04,0,167000,-148000,19000
2013/06/05,0,227000,-160000,67000
2013/06/06,0,94000,-286000,-192000
2013/06/07,0,252000,-132000,120000
2013/06/10,0,127000,-110000,17000
2013/06/11,0,82000,-166000,-84000
2013/06/12,0,0,0,0
2013/06/13,0,106000,-430000,-324000
2013/06/14,0,148000,-118000,30000
2013/06/17,0,348000,-24000,324000
2013/06/18,0,137000,-110000,27000
2013/06/19,0,84000,-164000,-80000
2013/06/20,0,137000,-98000,39000
2013/06/21,0,232000,-149000,83000
2013/06/24,0,129000,-95000,34000
2013/06/25,0,627544,-280000,347544
2013/06/26,0,431000,-528000,-97000
2013/06/27,0,154000,-351000,-197000
2013/06/28,0,144000,-144000,0
2013/07/01,0,125000,-210000,-85000
2013/07/02,0,1000,-82000,-81000
2013/07/03,0,23000,-100000,-77000
2013/07/04,0,63000,-56000,7000
2013/07/05,0,228000,-84000,144000
2013/07/08,0,6000,-131000,-125000
2013/07/09,0,292000,-185000,107000
2013/07/10,0,208000,-178000,30000
2013/07/11,0,286000,-171000,115000
2013/07/12,0,55000,-192000,-137000
2013/07/15,0,211993,-82000,129993
2013/07/16,0,895000,-54000,841000
2013/07/17,0,1221000,-435000,786000
2013/07/18,0,1991000,-181000,1810000
2013/07/19,0,818000,-507000,311000
2013/07/22,0,114000,-3541000,-3427000
2013/07/23,0,69000,-145000,-76000
2013/07/24,0,139000,-122000,17000
2013/07/25,0,43000,-150000,-107000
2013/07/26,0,36007,-349000,-312993
2013/07/29,0,103000,-69000,34000
2013/07/30,0,1045978,-21000,1024978
2013/07/31,0,328000,-785000,-457000
2013/08/01,0,252000,-56000,196000
2013/08/02,0,60000,-47000,13000
2013/08/05,0,0,-288000,-288000
2013/08/06,0,70000,-182000,-112000
2013/08/07,0,291000,-104000,187000
2013/08/08,0,203000,-83000,120000
2013/08/09,0,160000,-332000,-172000
2013/08/12,0,39000,-359000,-320000
2013/08/13,0,29000,-5000,24000
2013/08/14,0,46000,-214000,-168000
2013/08/15,0,604000,-124000,480000
2013/08/16,0,1544000,-167000,1377000
2013/08/19,0,161000,-609000,-448000
2013/08/20,0,233000,-269000,-36000
2013/08/21,0,0,0,0
2013/08/22,0,328000,-285000,43000
2013/08/23,0,196000,-137000,59000
2013/08/26,0,65000,-62000,3000
2013/08/27,0,119000,-300000,-181000
2013/08/28,0,91000,-308000,-217000
2013/08/29,0,2597000,-26000,2571000
2013/08/30,0,129000,-1930000,-1801000
2013/09/02,0,253000,-125000,128000
2013/09/03,0,47000,-283000,-236000
2013/09/04,0,80000,-101000,-21000
2013/09/05,0,103456,-104000,-544
2013/09/06,0,191000,-278000,-87000
2013/09/09,0,238000,-220000,18000
2013/09/10,0,58000,-362000,-304000
2013/09/11,0,177000,-43000,134000
2013/09/12,0,435000,-122000,313000
2013/09/13,0,175000,-200000,-25000
2013/09/16,0,235000,-81000,154000
2013/09/17,0,281000,-176000,105000
2013/09/18,0,192000,-231000,-39000
2013/09/19,0,0,0,0
2013/09/20,0,0,0,0
2013/09/23,0,391000,-306000,85000
2013/09/24,0,68000,-62000,6000
2013/09/25,0,165000,-78000,87000
2013/09/26,0,187000,-191000,-4000
2013/09/27,0,87000,-271000,-184000
2013/09/30,0,573000,-67000,506000
2013/10/01,0,376000,-285000,91000
2013/10/02,0,158000,-138000,20000
2013/10/03,0,248000,-192000,56000
2013/10/04,0,139000,-129000,10000
2013/10/07,0,305000,-246000,59000
2013/10/08,0,67000,-50000,17000
2013/10/09,0,65000,-95000,-30000
2013/10/10,0,0,0,0
2013/10/11,0,682000,-131000,551000
2013/10/14,0,310000,-253000,57000
2013/10/15,0,57000,-117000,-60000
2013/10/16,0,79000,-81000,-2000
2013/10/17,0,10000,-70000,-60000
2013/10/18,0,428000,-479000,-51000
2013/10/21,0,1369000,-90000,1279000
2013/10/22,0,150000,-432000,-282000
2013/10/23,0,33000,-352000,-319000
2013/10/24,0,68000,-16000,52000
2013/10/25,0,98000,-260000,-162000
2013/10/28,0,50000,-42000,8000
2013/10/29,0,641000,-86000,555000
2013/10/30,0,5000,-417000,-412000
2013/10/31,0,179000,-504000,-325000
2013/11/01,0,145000,-312000,-167000
2013/11/04,0,70000,-18000,52000
2013/11/05,0,148000,-480000,-332000
2013/11/06,0,130000,-1046000,-916000
2013/11/07,0,73000,-539000,-466000
2013/11/08,0,94000,-156000,-62000
2013/11/11,0,152000,-726000,-574000
2013/11/12,0,106000,-655000,-549000
2013/11/13,0,206000,-32000,174000
2013/11/14,0,268000,-163000,105000
2013/11/15,0,179000,-147000,32000
2013/11/18,0,111000,-24116,86884
2013/11/19,0,498389,-30000,468389
2013/11/20,0,197000,-430000,-233000
2013/11/21,0,488000,-162000,326000
2013/11/22,0,142000,-104000,38000
2013/11/25,0,43000,-30000,13000
2013/11/26,0,87000,-45000,42000
2013/11/27,0,888000,-71000,817000
2013/11/28,0,294498,-692000,-397502
2013/11/29,0,280000,-162000,118000
2013/12/02,0,475000,-195000,280000
2013/12/03,0,372000,-429000,-57000
2013/12/04,0,72000,-141000,-69000
2013/12/05,0,305000,-71000,234000
2013/12/06,0,57000,-52000,5000
2013/12/09,0,1937000,-97000,1840000
2013/12/10,0,413000,-1347000,-934000
2013/12/11,0,186000,-311000,-125000
2013/12/12,0,219000,-60000,159000
2013/12/13,0,78000,-589000,-511000
2013/12/16,0,200000,-252000,-52000
2013/12/17,0,553000,-187000,366000
2013/12/18,0,324000,-770000,-446000
2013/12/19,0,1096000,-1293000,-197000
2013/12/20,0,448000,-1169000,-721000
2013/12/23,0,169000,-304993,-135993
2013/12/24,0,148000,-100000,48000
2013/12/25,0,347995,-99000,248995
2013/12/26,0,223140,-70000,153140
2013/12/27,0,731000,-240000,491000
2013/12/30,0,84000,-465000,-381000
2013/12/31,0,26000,-183000,-157000
2014/01/02,0,77000,-133000,-56000
2014/01/03,0,107000,-69000,38000
2014/01/06,0,548000,-288000,260000
2014/01/07,0,225000,-360000,-135000
2014/01/08,0,339996,-145000,194996
2014/01/09,0,218000,-129000,89000
2014/01/10,0,193000,-125000,68000
2014/01/13,0,952000,-648000,304000
2014/01/14,0,228000,-629000,-401000
2014/01/15,0,353000,-216000,137000
2014/01/16,0,292001,-397000,-104999
2014/01/17,0,143000,-215000,-72000
2014/01/20,0,107000,-114000,-7000
2014/01/21,0,154000,-556000,-402000
2014/01/22,0,235000,-461000,-226000
2014/01/23,0,142004,-166000,-23996
2014/01/24,0,65000,-194000,-129000
2014/01/27,0,49000,-188000,-139000
2014/02/05,0,500000,-422000,78000
2014/02/06,0,147000,-88000,59000
2014/02/07,0,74000,-54000,20000
2014/02/10,0,82000,-19000,63000
2014/02/11,0,15000,-27000,-12000
2014/02/12,0,254000,-35000,219000
2014/02/13,0,61690,-46000,15690
2014/02/14,0,259000,-137000,122000
2014/02/17,0,56000,-66000,-10000
2014/02/18,0,77000,-48000,29000
2014/02/19,0,66000,-65000,1000
2014/02/20,0,254000,-122000,132000
2014/02/21,0,176135,-97000,79135
2014/02/24,0,57542,-18000,39542
2014/02/25,0,102000,-51000,51000
2014/02/26,0,296000,-152000,144000
2014/02/27,0,178000,-16000,162000
2014/03/03,0,113000,-185000,-72000
2014/03/04,0,46310,-62000,-15690
2014/03/05,0,977990,-360000,617990
2014/03/06,0,530000,-590000,-60000
2014/03/07,0,1024993,-521000,503993
2014/03/10,0,275000,-996000,-721000
2014/03/11,0,23000,-118000,-95000
2014/03/12,0,37000,-26000,11000
2014/03/13,0,202000,-101000,101000
2014/03/14,0,131000,-50000,81000
2014/03/17,0,7000,-98000,-91000
2014/03/18,0,168000,-127000,41000
2014/03/19,0,96000,-177000,-81000
2014/03/20,0,58000,-521534,-463534
2014/03/21,0,241000,-244000,-3000
2014/03/24,0,129000,-134889,-5889
2014/03/25,0,327000,-150000,177000
2014/03/26,0,119000,-213000,-94000
2014/03/27,0,322655,-655000,-332345
2014/03/28,0,68000,-485000,-417000
2014/03/31,0,491000,-325000,166000
2014/04/01,0,94000,-221000,-127000
2014/04/02,0,38000,-127000,-89000
2014/04/03,0,120000,-137000,-17000
2014/04/07,0,77000,-69000,8000
2014/04/08,0,38000,-66000,-28000
2014/04/09,0,49000,-55000,-6000
2014/04/10,0,33000,-29000,4000
2014/04/11,0,56000,-31000,25000
2014/04/14,0,71000,-70000,1000
2014/04/15,0,137000,-66000,71000
2014/04/16,0,340000,-151000,189000
2014/04/17,0,435000,-162615,272385
2014/04/18,0,60000,-33000,27000
2014/04/21,0,63000,-148000,-85000
2014/04/22,0,15000,-10000,5000
2014/04/23,0,75000,-120000,-45000
2014/04/24,0,346000,-534000,-188000
2014/04/25,0,272000,-369000,-97000
2014/04/28,0,283000,-215000,68000
2014/04/29,0,344000,-118000,226000
2014/04/30,0,184000,-239000,-55000
2014/05/02,0,112000,-476000,-364000
2014/05/05,0,412000,-181000,231000
2014/05/06,0,173000,-148000,25000
2014/05/07,0,264000,-802000,-538000
2014/05/08,0,176000,-144981,31019
2014/05/09,0,140000,-123000,17000
2014/05/12,0,99000,-184000,-85000
2014/05/13,0,260000,-86000,174000
2014/05/14,0,539362,-216000,323362
2014/05/15,0,463000,-59000,404000
2014/05/16,0,123000,-377000,-254000
2014/05/19,0,320000,-214000,106000
2014/05/20,0,126000,-146000,-20000
2014/05/21,0,108038,-213000,-104962
2014/05/22,0,709000,-435000,274000
2014/05/23,0,123000,-332000,-209000
2014/05/26,0,57000,-194000,-137000
2014/05/27,0,52000,-5000,47000
2014/05/28,0,12000,-150000,-138000
2014/05/29,0,130000,-2000,128000
2014/05/30,0,346000,-102000,244000
2014/06/03,0,209000,-71000,138000
2014/06/04,0,50000,-26000,24000
2014/06/05,0,1495000,-140000,1355000
2014/06/06,0,335000,-810000,-475000
2014/06/09,0,31000,-197000,-166000
2014/06/10,0,104000,-85000,19000
2014/06/11,0,185000,-157000,28000
2014/06/12,0,507000,-80000,427000
2014/06/13,0,492000,-206000,286000
2014/06/16,0,51000,-81000,-30000
2014/06/17,0,616000,-64000,552000
2014/06/18,0,137000,-832000,-695000
2014/06/19,0,48000,-160728,-112728
2014/06/20,0,530880,-104000,426880
2014/06/23,0,64000,-270000,-206000
2014/06/24,0,76000,-117000,-41000
2014/06/25,0,88000,-383000,-295000
2014/06/26,0,42000,-100000,-58000
2014/06/27,0,103000,-95000,8000
2014/06/30,0,163000,-43000,120000
2014/07/01,0,49000,-56541,-7541
2014/07/02,0,13000,-71000,-58000
2014/07/03,0,49000,-335000,-286000
2014/07/04,0,23000,-135000,-112000
2014/07/07,0,25000,-32000,-7000
2014/07/08,0,78997,-328000,-249003
2014/07/09,0,154000,-72000,82000
2014/07/10,0,267000,-235000,32000
2014/07/11,0,358000,-95000,263000
2014/07/14,0,20000,-383000,-363000
2014/07/15,0,0,-207000,-207000
2014/07/16,0,45000,-35000,10000
2014/07/17,0,16000,-2000,14000
2014/07/18,0,123000,-34000,89000
2014/07/21,0,28000,-85000,-57000
2014/07/22,0,46000,-72000,-26000
2014/07/23,0,0,0,0
2014/07/24,0,84000,-34000,50000
2014/07/25,0,70000,-56000,14000
2014/07/28,0,53000,-37000,16000
2014/07/29,0,301000,-62000,239000
2014/07/30,0,282000,-187000,95000
2014/07/31,0,146000,-182000,-36000
2014/08/01,0,99000,-130000,-31000
2014/08/04,0,24000,-179000,-155000
2014/08/05,0,69000,-205560,-136560
2014/08/06,0,44000,-161000,-117000
2014/08/07,0,24000,-130000,-106000
2014/08/08,0,72000,-55000,17000
2014/08/11,0,0,-34000,-34000
2014/08/12,0,25000,-136000,-111000
2014/08/13,0,115000,-15000,100000
2014/08/14,0,166000,-76000,90000
2014/08/15,0,84000,-175000,-91000
2014/08/18,0,52000,-179000,-127000
2014/08/19,0,68000,-14000,54000
2014/08/20,0,68000,-35000,33000
2014/08/21,0,304000,-58000,246000
2014/08/22,0,1944000,-96000,1848000
2014/08/25,0,105000,-595000,-490000
2014/08/26,0,119000,-71000,48000
2014/08/27,0,289000,-349000,-60000
2014/08/28,0,161000,-525000,-364000
2014/08/29,0,50000,-186000,-136000
2014/09/01,0,0,-19000,-19000
2014/09/02,0,2000,-174000,-172000
2014/09/03,0,100000,-286000,-186000
2014/09/04,0,32000,-94000,-62000
2014/09/05,0,3000,-92000,-89000
2014/09/09,0,137000,-35000,102000
2014/09/10,0,40000,-116000,-76000
2014/09/11,0,60000,-110000,-50000
2014/09/12,0,6000,-167000,-161000
2014/09/15,0,151000,-274000,-123000
2014/09/16,0,60000,-149000,-89000
2014/09/17,0,161000,-149000,12000
2014/09/18,0,36000,-44000,-8000
2014/09/19,0,24000,-42000,-18000
2014/09/22,0,22000,-167239,-145239
2014/09/23,0,134000,-45000,89000
2014/09/24,0,56000,-54000,2000
2014/09/25,0,130000,-33000,97000
2014/09/26,0,21000,-22000,-1000
2014/09/29,0,101000,-1000,100000
2014/09/30,0,43000,-43000,0
2014/10/01,0,119000,-93000,26000
2014/10/02,0,91000,-90000,1000
2014/10/03,0,49000,-66000,-17000
2014/10/06,0,13000,-51000,-38000
2014/10/07,0,120000,-41000,79000
2014/10/08,0,56000,-199000,-143000
2014/10/09,0,260000,-131000,129000
2014/10/13,0,95000,-138000,-43000
2014/10/14,0,78999,-154000,-75001
2014/10/15,0,53000,-611000,-558000
2014/10/16,0,95000,-60000,35000
2014/10/17,0,77000,-111000,-34000
2014/10/20,0,43000,-55000,-12000
2014/10/21,0,89000,-164000,-75000
2014/10/22,0,60000,-47000,13000
2014/10/23,0,27000,-158000,-131000
2014/10/24,0,77000,-47000,30000
2014/10/27,0,38000,-170000,-132000
2014/10/28,0,195000,-3000,192000
2014/10/29,0,45000,-152000,-107000
2014/10/30,0,29000,-83000,-54000
2014/10/31,0,27000,-27000,0
2014/11/03,0,30000,-14000,16000
2014/11/04,0,78000,-34000,44000
2014/11/05,0,45000,-144000,-99000
2014/11/06,0,423000,-39782,383218
2014/11/07,0,82000,-196000,-114000
2014/11/10,0,243000,-88000,155000
2014/11/11,0,240000,-84000,156000
2014/11/12,0,86000,-192000,-106000
2014/11/13,0,53000,-56000,-3000
2014/11/14,0,114000,-93000,21000
2014/11/17,0,58000,-64000,-6000
2014/11/18,0,617000,-113000,504000
2014/11/19,0,836000,-542000,294000
2014/11/20,0,1236000,-1035000,201000
2014/11/21,0,678000,-526000,152000
2014/11/24,0,273000,-175000,98000
2014/11/25,0,776000,-272000,504000
2014/11/26,0,112000,-204000,-92000
2014/11/27,0,1497000,-834000,663000
2014/11/28,0,420000,-767000,-347000
2014/12/01,0,156000,-346000,-190000
2014/12/02,0,751000,-353000,398000
2014/12/03,0,150000,-361895,-211895
2014/12/04,0,133000,-294000,-161000
2014/12/05,0,97000,-247000,-150000
2014/12/08,0,104000,-193000,-89000
2014/12/09,0,571000,-259000,312000
2014/12/10,0,99000,-693000,-594000
2014/12/11,0,214000,-156000,58000
2014/12/12,0,75000,-109000,-34000
2014/12/15,0,48000,-119000,-71000
2014/12/16,0,280000,-161000,119000
2014/12/17,0,159000,-533000,-374000
2014/12/18,0,103000,-206000,-103000
2014/12/19,0,282000,-319000,-37000
2014/12/22,0,91000,-76000,15000
2014/12/23,0,285000,-241000,44000
2014/12/24,0,367000,-164000,203000
2014/12/25,0,242000,-164000,78000
2014/12/26,0,43000,-142000,-99000
2014/12/29,0,551000,-213000,338000
2014/12/30,0,285000,-217000,68000
2014/12/31,0,20000,-207000,-187000
2015/01/01,0,0,0,0
2015/01/02,0,0,0,0
2015/01/05,0,40000,-45000,-5000
2015/01/06,0,28000,-162000,-134000
2015/01/07,0,1000,-507000,-506000
2015/01/08,0,542000,-266000,276000
2015/01/09,0,619000,-226000,393000
2015/01/12,0,54000,-98000,-44000
2015/01/13,0,604000,-161000,443000
2015/01/14,0,1718000,-732000,986000
2015/01/15,0,240000,-771000,-531000
2015/01/16,0,311000,-735000,-424000
2015/01/19,0,1554000,-783000,771000
2015/01/20,0,236000,-1411000,-1175000
2015/01/21,0,331000,-382000,-51000
2015/01/22,0,118000,-190000,-72000
2015/01/23,0,285000,-639000,-354000
2015/01/26,0,463000,-250000,213000
2015/01/27,0,322000,-601000,-279000
2015/01/28,0,443000,-170000,273000
2015/01/29,0,53000,-162000,-109000
2015/01/30,0,500000,-108000,392000
2015/02/02,0,649000,-75000,574000
2015/02/03,0,214000,-350000,-136000
2015/02/04,0,731000,-669000,62000
2015/02/05,0,273000,-262189,10811
2015/02/06,0,194000,-342000,-148000
2015/02/09,0,78000,-116000,-38000
2015/02/10,0,773000,-711000,62000
2015/02/11,0,266000,-193000,73000
2015/02/12,0,842000,-342000,500000
2015/02/13,0,699000,-649000,50000
2015/02/16,0,0,0,0
2015/02/17,0,0,0,0
2015/02/18,0,0,0,0
2015/02/19,0,0,0,0
2015/02/20,0,0,0,0
2015/02/23,0,0,0,0
2015/02/24,0,522000,-154000,368000
2015/02/25,0,305000,-180000,125000
2015/02/26,0,301000,-184000,117000
2015/02/27,0,0,0,0
2015/03/02,0,128000,-85000,43000
2015/03/03,0,489000,-229000,260000
2015/03/04,0,732000,-746042,-14042
2015/03/05,0,117000,-496189,-379189
2015/03/06,0,625000,-273000,352000
2015/03/09,0,112000,-88000,24000
2015/03/10,0,825000,-166516,658484
2015/03/11,0,345000,-507000,-162000
2015/03/12,0,394000,-693000,-299000
2015/03/13,0,656000,-756000,-100000
2015/03/16,0,135000,-220000,-85000
2015/03/17,0,89000,-402000,-313000
2015/03/18,0,506000,-588000,-82000
2015/03/19,0,57000,-637000,-580000
2015/03/20,0,273000,-270000,3000
2015/03/23,0,516000,-260000,256000
2015/03/24,0,847000,-20000,827000
2015/03/25,0,437000,-596190,-159190
2015/03/26,0,774000,-56000,718000
2015/03/27,0,254000,-165000,89000
2015/03/30,0,364000,-285000,79000
2015/03/31,0,1511000,-866000,645000
2015/04/01,0,483000,-405000,78000
2015/04/02,0,206000,-1042000,-836000
2015/04/03,0,0,0,0
2015/04/06,0,0,0,0
2015/04/07,0,382000,-319000,63000
2015/04/08,0,141000,-297000,-156000
2015/04/09,0,212000,-600000,-388000
2015/04/10,0,80000,-196000,-116000
2015/04/13,0,947000,-290000,657000
2015/04/14,0,717000,-424000,293000
2015/04/15,0,684000,-324000,360000
2015/04/16,0,135000,-534000,-399000
2015/04/17,0,399000,-218000,181000
2015/04/20,0,197000,-312000,-115000
2015/04/21,0,265000,-246000,19000
2015/04/22,0,455000,-277000,178000
2015/04/23,0,544000,-331000,213000
2015/04/24,0,371000,-104000,267000
2015/04/27,0,752000,-93000,659000
2015/04/28,0,178000,-372222,-194222
2015/04/29,0,383000,-223000,160000
2015/04/30,0,226000,-84000,142000
2015/05/01,0,0,0,0
2015/05/04,0,324000,-208000,116000
2015/05/05,0,276000,-763000,-487000
2015/05/06,0,148000,-264000,-116000
2015/05/07,0,644000,-121000,523000
2015/05/08,0,338000,-408000,-70000
2015/05/11,0,138000,-302000,-164000
2015/05/12,0,3014000,-894000,2120000
2015/05/13,0,621000,-1975000,-1354000
2015/05/14,0,1110000,-506000,604000
2015/05/15,0,197000,-828000,-631000
2015/05/18,0,1442000,-945000,497000
2015/05/19,0,179000,-803000,-624000
2015/05/20,0,164000,-222000,-58000
2015/05/21,0,146000,-504000,-358000
2015/05/22,0,102000,-653000,-551000
2015/05/25,0,833000,-372000,461000
2015/05/26,0,298000,-1265000,-967000
2015/05/27,0,28000,-201000,-173000
2015/05/28,0,273000,-234000,39000
2015/05/29,0,406000,-256000,150000
2015/06/01,0,105000,-50000,55000
2015/06/02,0,601000,-151000,450000
2015/06/03,0,83000,-326018,-243018
2015/06/04,0,683000,-343000,340000
2015/06/05,0,225000,-351000,-126000
2015/06/08,0,407000,-776000,-369000
2015/06/09,0,226000,-382000,-156000
2015/06/10,0,209000,-306000,-97000
2015/06/11,0,339000,-96000,243000
2015/06/12,0,175000,-263000,-88000
2015/06/15,0,297000,-274000,23000
2015/06/16,0,60000,-125000,-65000
2015/06/17,0,116000,-507000,-391000
2015/06/18,0,26000,-387000,-361000
2015/06/19,0,0,0,0
2015/06/22,0,1470000,-768000,702000
2015/06/23,0,408000,-350000,58000
2015/06/24,0,110000,-315000,-205000
2015/06/25,0,238000,-45107,192893
2015/06/26,0,63000,-41000,22000
2015/06/29,0,115000,-188000,-73000
2015/06/30,0,85000,-317000,-232000
2015/07/01,0,201000,-210000,-9000
2015/07/02,0,283000,-36000,247000
2015/07/03,0,152000,-73000,79000
2015/07/06,0,417000,-23000,394000
2015/07/07,0,61000,-897000,-836000
2015/07/08,0,241000,-846000,-605000
2015/07/09,0,143000,-1478000,-1335000
2015/07/10,0,0,0,0
2015/07/13,0,18000,-412000,-394000
2015/07/14,0,220000,-294000,-74000
2015/07/15,0,65000,-554000,-489000
2015/07/16,0,0,-55000,-55000
2015/07/17,0,75000,-56000,19000
2015/07/20,0,253000,-122000,131000
2015/07/21,0,179000,-827000,-648000
2015/07/22,0,451000,-244000,207000
2015/07/23,0,365000,-326000,39000
2015/07/24,0,101000,-243000,-142000
2015/07/27,0,850000,-428000,422000
2015/07/28,0,725000,-447637,277363
2015/07/29,0,316000,-734000,-418000
2015/07/30,0,410000,-358000,52000
2015/07/31,0,239000,-925000,-686000
2015/08/03,0,180000,-500000,-320000
2015/08/04,0,712000,-205000,507000
2015/08/05,0,262000,-85000,177000
2015/08/06,0,198000,-96000,102000
2015/08/07,0,121000,-376000,-255000
2015/08/10,0,289000,-101000,188000
2015/08/11,0,232000,-375000,-143000
2015/08/12,0,824000,-600000,224000
2015/08/13,0,1034000,-1033000,1000
2015/08/14,0,356000,-650000,-294000
2015/08/17,0,202000,-364000,-162000
2015/08/18,0,331000,-672000,-341000
2015/08/19,0,360000,-562000,-202000
2015/08/20,0,1476000,-377000,1099000
2015/08/21,0,583000,-1278000,-695000
2015/08/24,0,566000,-502000,64000
2015/08/25,0,835000,-793000,42000
2015/08/26,0,1572000,-690000,882000
2015/08/27,0,842000,-939000,-97000
2015/08/28,0,420000,-694000,-274000
2015/08/31,0,1687000,-826000,861000
2015/09/01,0,562000,-1008180,-446180
2015/09/02,0,1111000,-388000,723000
2015/09/03,0,410000,-588000,-178000
2015/09/04,0,258000,-712000,-454000
2015/09/07,0,518000,-100000,418000
2015/09/08,0,224000,-415000,-191000
2015/09/09,0,975000,-288000,687000
2015/09/10,0,401000,-518000,-117000
2015/09/11,0,357000,-360856,-3856
2015/09/14,0,219000,-523000,-304000
2015/09/15,0,439000,-642000,-203000
2015/09/16,0,497000,-489000,8000
2015/09/17,0,570000,-294000,276000
2015/09/18,0,253000,-171000,82000
2015/09/21,0,229000,-315000,-86000
2015/09/22,0,224000,-171000,53000
2015/09/23,0,264000,-201000,63000
2015/09/24,0,326000,-540000,-214000
2015/09/25,0,1543000,-539000,1004000
2015/09/28,0,0,0,0
2015/09/29,0,0,0,0
2015/09/30,0,858000,-299000,559000
2015/10/01,0,558000,-999000,-441000
2015/10/02,0,179000,-460000,-281000
2015/10/05,0,927000,-214000,713000
2015/10/06,0,496000,-816000,-320000
2015/10/07,0,295000,-146000,149000
2015/10/08,0,321000,-735000,-414000
2015/10/09,0,0,0,0
2015/10/12,0,573000,-216000,357000
2015/10/13,0,475000,-154000,321000
2015/10/14,0,554000,-337000,217000
2015/10/15,0,280000,-207000,73000
2015/10/16,0,309000,-234000,75000
2015/10/19,0,174000,-121000,53000
2015/10/20,0,58000,-148000,-90000
2015/10/21,0,43000,-681000,-638000
2015/10/22,0,138000,-185000,-47000
2015/10/23,0,192000,-110000,82000
2015/10/26,0,29000,-453000,-424000
2015/10/27,0,134000,-454000,-320000
2015/10/28,0,101000,-188000,-87000
2015/10/29,0,119000,-175000,-56000
2015/10/30,0,133000,-86000,47000
2015/11/02,0,452000,-140000,312000
2015/11/03,0,124000,-78000,46000
2015/11/04,0,237000,-123000,114000
2015/11/05,0,116000,-137000,-21000
2015/11/06,0,63000,-207000,-144000
2015/11/09,0,34000,-191000,-157000
2015/11/10,0,26000,-113000,-87000
2015/11/11,0,91000,-396000,-305000
2015/11/12,0,93000,-135000,-42000
2015/11/13,0,39000,-148000,-109000
2015/11/16,0,68000,-25000,43000
2015/11/17,0,217000,-240000,-23000
2015/11/18,0,197000,-349000,-152000
2015/11/19,0,167000,-210000,-43000
2015/11/20,0,67000,-58000,9000
2015/11/23,0,140000,-96000,44000
2015/11/24,0,140000,-345000,-205000
2015/11/25,0,194000,-44000,150000
2015/11/26,0,41000,-84000,-43000
2015/11/27,0,52000,-154000,-102000
2015/11/30,0,194000,-315000,-121000
2015/12/01,0,301000,-149000,152000
2015/12/02,0,437000,-112000,325000
2015/12/03,0,253000,-117000,136000
2015/12/04,0,124000,-266000,-142000
2015/12/07,0,130000,-39000,91000
2015/12/08,0,136000,-109000,27000
2015/12/09,0,195000,-84000,111000
2015/12/10,0,323000,-66000,257000
2015/12/11,0,145000,-75000,70000
2015/12/14,0,156000,-720000,-564000
2015/12/15,0,201000,-53000,148000
2015/12/16,0,100000,-97000,3000
2015/12/17,0,353000,-191000,162000
2015/12/18,0,98000,-121000,-23000
2015/12/21,0,397000,-9000,388000
2015/12/22,0,371000,-120000,251000
2015/12/23,0,630000,-181000,449000
2015/12/24,0,342000,-216000,126000
2015/12/25,0,299000,-463000,-164000
2015/12/28,0,167000,-223000,-56000
2015/12/29,0,413000,-184000,229000
2015/12/30,0,189000,-102000,87000
2015/12/31,0,122000,-101000,21000
2016/01/01,0,0,0,0
2016/01/04,0,77000,-127000,-50000
2016/01/05,0,60000,-314000,-254000
2016/01/06,0,111000,-177000,-66000
2016/01/07,0,137000,-456000,-319000
2016/01/08,0,63000,-46000,17000
2016/01/11,0,31000,-192000,-161000
2016/01/12,0,7000,-368000,-361000
2016/01/13,0,26000,-7000,19000
2016/01/14,0,138000,-215000,-77000
2016/01/15,0,225000,-115000,110000
2016/01/18,0,61000,-15000,46000
2016/01/19,0,220000,-99000,121000
2016/01/20,0,128000,-445000,-317000
2016/01/21,0,348000,-142000,206000
2016/01/22,0,369000,-242000,127000
2016/01/25,0,341000,-37000,304000
2016/01/26,0,836000,-17000,819000
2016/01/27,0,330000,-26000,304000
2016/01/28,0,640000,-77000,563000
2016/01/29,0,889000,-226000,663000
2016/02/01,0,334000,-168000,166000
2016/02/02,0,350000,-56000,294000
2016/02/03,0,712000,-137000,575000
2016/02/04,0,0,0,0
2016/02/05,0,0,0,0
2016/02/08,0,0,0,0
2016/02/09,0,0,0,0
2016/02/10,0,0,0,0
2016/02/11,0,0,0,0
2016/02/12,0,0,0,0
2016/02/15,0,61000,-35000,26000
2016/02/16,0,407000,-213000,194000
2016/02/17,0,603000,-322000,281000
2016/02/18,0,749000,-199000,550000
2016/02/19,0,370000,-260000,110000
2016/02/22,0,110000,-136000,-26000
2016/02/23,0,31000,-241000,-210000
2016/02/24,0,202000,-384000,-182000
2016/02/25,0,318000,-179000,139000
2016/02/26,0,57000,-216000,-159000
2016/02/29,0,0,0,0
2016/03/01,0,151000,-118000,33000
2016/03/02,0,251000,-108000,143000
2016/03/03,0,60000,-343000,-283000
2016/03/04,0,80000,-47000,33000
2016/03/07,0,9000,-145000,-136000
2016/03/08,0,3000,-209000,-206000
2016/03/09,0,259000,0,259000
2016/03/10,0,9000,-33000,-24000
2016/03/11,0,155000,0,155000
2016/03/14,0,104000,-102000,2000
2016/03/15,0,175000,-102000,73000
2016/03/16,0,186000,-157000,29000
2016/03/17,0,564000,-283000,281000
2016/03/18,0,226000,-262000,-36000
2016/03/21,0,1291000,-893000,398000
2016/03/22,0,394000,-888000,-494000
2016/03/23,0,109000,-393000,-284000
2016/03/24,0,39000,-71000,-32000
2016/03/25,0,31000,-89000,-58000
2016/03/28,0,177000,-48000,129000
2016/03/29,0,248000,-801000,-553000
2016/03/30,0,335000,-346000,-11000
2016/03/31,0,188000,-272045,-84045
2016/04/01,0,25000,-155000,-130000
2016/04/04,0,0,0,0
2016/04/05,0,0,0,0
2016/04/06,0,1370000,-184000,1186000
2016/04/07,0,18000,-118000,-100000
2016/04/08,0,388000,-119000,269000
2016/04/11,0,340000,-55000,285000
2016/04/12,0,433564,-128000,305564
2016/04/13,0,578000,-12000,566000
2016/04/14,0,61000,-77000,-16000
2016/04/15,0,468000,-52000,416000
2016/04/18,0,155000,-98000,57000
2016/04/19,0,306000,-78000,228000
2016/04/20,0,309000,-145000,164000
2016/04/21,0,321000,-74000,247000
2016/04/22,0,222000,-71000,151000
2016/04/25,0,999000,-52000,947000
2016/04/26,0,248000,-550000,-302000
2016/04/27,0,83000,-143000,-60000
2016/04/28,0,977000,-312000,665000
2016/04/29,0,368000,-564000,-196000
2016/05/02,0,0,0,0
2016/05/03,0,195000,-72000,123000
2016/05/04,0,252000,-229000,23000
2016/05/05,0,162000,-192000,-30000
2016/05/06,0,216000,-253000,-37000
2016/05/09,0,208000,-174000,34000
2016/05/10,0,157000,-141000,16000
2016/05/11,0,357000,-58000,299000
2016/05/12,0,159000,-114000,45000
2016/05/13,0,191000,-16000,175000
2016/05/16,0,298000,-43000,255000
2016/05/17,0,195000,-93000,102000
2016/05/18,0,461000,-34000,427000
2016/05/19,0,326000,-293000,33000
2016/05/20,0,213000,-146000,67000
2016/05/23,0,233000,-209000,24000
2016/05/24,0,152000,-59000,93000
2016/05/25,0,247000,-131000,116000
2016/05/26,0,234000,-57000,177000
2016/05/27,0,133000,-49000,84000
2016/05/30,0,826000,-64000,762000
2016/05/31,0,259000,-261000,-2000
2016/06/01,0,181000,-104000,77000
2016/06/02,0,137000,-89000,48000
2016/06/03,0,126000,-30000,96000
2016/06/06,0,145000,-38000,107000
2016/06/07,0,133000,-54000,79000
2016/06/08,0,181000,-29000,152000
2016/06/09,0,0,0,0
2016/06/10,0,0,0,0
2016/06/13,0,359000,-92000,267000
2016/06/14,0,236000,-54000,182000
2016/06/15,0,300000,-298000,2000
2016/06/16,0,134000,-173000,-39000
2016/06/17,0,176000,-79000,97000
2016/06/20,0,276000,-8000,268000
2016/06/21,0,218000,-51000,167000
2016/06/22,0,57000,-232000,-175000
2016/06/23,0,0,-30000,-30000
2016/06/24,0,138000,-586000,-448000
2016/06/27,0,15000,-9000,6000
2016/06/28,0,9000,-61000,-52000
2016/06/29,0,188000,-76000,112000
2016/06/30,0,163000,-203000,-40000
2016/07/01,0,1064000,-19000,1045000
2016/07/04,0,1333000,0,1333000
2016/07/05,0,1386000,-24000,1362000
2016/07/06,0,1719000,-66000,1653000
2016/07/07,0,32000,-934000,-902000
2016/07/08,0,0,0,0
2016/07/11,0,190000,-214000,-24000
2016/07/12,0,2324000,-200000,2124000
2016/07/13,0,122000,-821000,-699000
2016/07/14,0,3000,-273000,-270000
2016/07/15,0,5000,-29000,-24000
2016/07/18,0,111000,-96000,15000
2016/07/19,0,57000,-143000,-86000
2016/07/20,0,51000,-131000,-80000
2016/07/21,0,55000,-146000,-91000
2016/07/22,0,23000,-104000,-81000
2016/07/25,0,55000,-39000,16000
2016/07/26,0,15000,-11000,4000
2016/07/27,0,63000,-38000,25000
2016/07/28,0,24000,-102000,-78000
2016/07/29,0,129000,-53000,76000
2016/08/01,0,120000,-15000,105000
2016/08/02,0,19000,-93000,-74000
2016/08/03,0,8000,-67000,-59000
2016/08/04,0,26000,-148000,-122000
2016/08/05,0,67000,-15000,52000
2016/08/08,0,89000,-29000,60000
2016/08/09,0,834000,-121000,713000
2016/08/10,0,331000,-437000,-106000
2016/08/11,0,79000,-651000,-572000
2016/08/12,0,384000,-161000,223000
2016/08/15,0,226000,-165000,61000
2016/08/16,0,16000,-203000,-187000
2016/08/17,0,126000,-579000,-453000
2016/08/18,0,1822000,-278000,1544000
2016/08/19,0,761000,-1119000,-358000
2016/08/22,0,218000,-207000,11000
2016/08/23,0,133000,-352000,-219000
2016/08/24,0,18000,-71000,-53000
2016/08/25,0,28000,-30000,-2000
2016/08/26,0,84000,-43000,41000
2016/08/29,0,59000,-490000,-431000
2016/08/30,0,9000,-45000,-36000
2016/08/31,0,11000,-54000,-43000
2016/09/01,0,1000,-217000,-216000
2016/09/02,0,6000,-37000,-31000
2016/09/05,0,174000,-23000,151000
2016/09/06,0,33000,-76000,-43000
2016/09/07,0,202000,-34000,168000
2016/09/08,0,11000,-216000,-205000
2016/09/09,0,1000,-70000,-69000
2016/09/12,0,11000,-93000,-82000
2016/09/13,0,8000,-179000,-171000
2016/09/14,0,124000,-26000,98000
2016/09/15,0,0,0,0
2016/09/16,0,0,0,0
2016/09/19,0,170000,-19000,151000
2016/09/20,0,120000,-184000,-64000
2016/09/21,0,38000,-166000,-128000
2016/09/22,0,6000,-95000,-89000
2016/09/23,0,40000,-74000,-34000
2016/09/26,0,9000,-38000,-29000
2016/09/27,0,0,0,0
2016/09/28,0,0,0,0
2016/09/29,0,54000,-50000,4000
2016/09/30,0,1000,-90000,-89000
2016/10/03,0,10000,-12000,-2000
2016/10/04,0,27000,-31000,-4000
2016/10/05,0,15000,-64000,-49000
2016/10/06,0,12000,-17000,-5000
2016/10/07,0,49000,-49000,0
2016/10/10,0,0,0,0
2016/10/11,0,15000,-114000,-99000
2016/10/12,0,71000,-8000,63000
2016/10/13,0,5000,-97000,-92000
2016/10/14,0,41000,0,41000
2016/10/17,0,62000,-20000,42000
2016/10/18,0,56000,-21000,35000
2016/10/19,0,84000,-70000,14000
2016/10/20,0,52000,-37000,15000
2016/10/21,0,12000,-133000,-121000
2016/10/24,0,74000,-11000,63000
2016/10/25,0,15000,-47000,-32000
2016/10/26,0,2000,-170000,-168000
2016/10/27,0,4000,-107000,-103000
2016/10/28,0,28000,-34000,-6000
2016/10/31,0,92000,-100000,-8000
2016/11/01,0,4000,-35000,-31000
2016/11/02,0,30000,-62000,-32000
2016/11/03,0,108000,-27000,81000
2016/11/04,0,109000,-41000,68000
2016/11/07,0,46000,-30000,16000
2016/11/08,0,51000,-31000,20000
2016/11/09,0,90000,-163000,-73000
2016/11/10,0,95000,-105000,-10000
2016/11/11,0,47000,-22000,25000
2016/11/14,0,52000,-27000,25000
2016/11/15,0,101000,-35000,66000
2016/11/16,0,273000,-38000,235000
2016/11/17,0,62000,-175000,-113000
2016/11/18,0,100000,-6000,94000
2016/11/21,0,88000,-2000,86000
2016/11/22,0,181000,-347000,-166000
2016/11/23,0,30000,-95000,-65000
2016/11/24,0,17000,-93000,-76000
2016/11/25,0,136000,-4000,132000
2016/11/28,0,18000,-31992,-13992
2016/11/29,0,7000,-44000,-37000
2016/11/30,0,66000,-29000,37000
2016/12/01,0,55000,-83000,-28000
2016/12/02,0,41000,-92000,-51000
2016/12/05,0,80000,-26000,54000
2016/12/06,0,102000,-17000,85000
2016/12/07,0,42000,0,42000
2016/12/08,0,419000,-5000,414000
2016/12/09,0,74000,-119000,-45000
2016/12/12,0,45000,-28000,17000
2016/12/13,0,136000,-39000,97000
2016/12/14,0,2000,-57000,-55000
2016/12/15,0,6000,-107000,-101000
2016/12/16,0,27000,-106000,-79000
2016/12/19,0,3000,-54000,-51000
2016/12/20,0,17000,-99000,-82000
2016/12/21,0,19000,-20000,-1000
2016/12/22,0,15000,-35000,-20000
2016/12/23,0,36000,-2000,34000
2016/12/26,0,302000,0,302000
2016/12/27,0,300000,-1000,299000
2016/12/28,0,300000,0,300000
2016/12/29,0,300000,0,300000
2016/12/30,0,314000,-5000,309000
2017/01/02,0,0,0,0
2017/01/03,0,52000,-1000,51000
2017/01/04,0,39000,-4000,35000
2017/01/05,0,48000,-15000,33000
2017/01/06,0,20000,-58000,-38000
2017/01/09,0,3000,-247000,-244000
2017/01/10,0,173000,-90000,83000
2017/01/11,0,116000,-29206,86794
2017/01/12,0,7000,-31000,-24000
2017/01/13,0,0,-1000,-1000
2017/01/16,0,1000,-15000,-14000
2017/01/17,0,1000,-13000,-12000
2017/01/18,0,73000,-23000,50000
2017/01/19,0,13000,-39000,-26000
2017/01/20,0,17000,-30000,-13000
2017/01/23,0,20000,-42000,-22000
2017/01/24,0,32000,-63000,-31000
2017/01/25,0,0,0,0
2017/01/26,0,0,0,0
2017/01/27,0,0,0,0
2017/01/30,0,0,0,0
2017/01/31,0,0,0,0
2017/02/01,0,0,0,0
2017/02/02,0,0,-52000,-52000
2017/02/03,0,8000,-24000,-16000
2017/02/06,0,51000,0,51000
2017/02/07,0,15000,-1000,14000
2017/02/08,0,81000,-24000,57000
2017/02/09,0,0,-39000,-39000
2017/02/10,0,43000,-7000,36000
2017/02/13,0,930000,-49000,881000
2017/02/14,0,347000,-644000,-297000
2017/02/15,0,464000,-280000,184000
2017/02/16,0,36000,-264000,-228000
2017/02/17,0,10000,-92000,-82000
2017/02/20,0,111000,-19000,92000
2017/02/21,0,11000,-36000,-25000
2017/02/22,0,6000,-15000,-9000
2017/02/23,0,20000,-1000,19000
2017/02/24,0,123000,-21000,102000
2017/02/27,0,0,0,0
2017/02/28,0,0,0,0
2017/03/01,0,11000,-39000,-28000
2017/03/02,0,50000,-40000,10000
2017/03/03,0,65000,0,65000
2017/03/06,0,5000,0,5000
2017/03/07,0,0,0,0
2017/03/08,0,5000,-1000,4000
2017/03/09,0,377000,-26000,351000
2017/03/10,0,586000,-5000,581000
2017/03/13,0,28000,-25000,3000
2017/03/14,0,2000,-30000,-28000
2017/03/15,0,12000,-30000,-18000
2017/03/16,0,134000,-131000,3000
2017/03/17,0,127000,-78000,49000
2017/03/20,0,39000,-9000,30000
2017/03/21,0,59000,-204000,-145000
2017/03/22,0,42000,-228000,-186000
2017/03/23,0,15000,0,15000
2017/03/24,0,10000,-3000,7000
2017/03/27,0,35000,-664000,-629000
2017/03/28,0,332000,-193000,139000
2017/03/29,0,175000,-73000,102000
2017/03/30,0,11000,-21000,-10000
2017/03/31,0,59000,-3000,56000
2017/04/03,0,0,0,0
2017/04/04,0,0,0,0
2017/04/05,0,188000,-55000,133000
2017/04/06,0,150000,-60000,90000
2017/04/07,0,78000,-64000,14000
2017/04/10,0,85000,-5000,80000
2017/04/11,0,65000,-255000,-190000
2017/04/12,0,64000,-42000,22000
2017/04/13,0,86000,-26000,60000
2017/04/14,0,29000,-43000,-14000
2017/04/17,0,16000,-2000,14000
2017/04/18,0,15000,-31000,-16000
2017/04/19,0,0,-134000,-134000
2017/04/20,0,42000,-20000,22000
2017/04/21,0,0,-41000,-41000
2017/04/24,0,0,-7000,-7000
2017/04/25,0,96000,0,96000
2017/04/26,0,16000,-72000,-56000
2017/04/27,0,0,-11000,-11000
2017/04/28,0,1000,-9000,-8000
2017/05/01,0,0,0,0
2017/05/02,0,1000,-46000,-45000
2017/05/03,0,0,-23000,-23000
2017/05/04,0,23000,-18000,5000
2017/05/05,0,0,-6000,-6000
2017/05/08,0,1000,0,1000
2017/05/09,0,0,-28978,-28978
2017/05/10,0,11000,-1000,10000
2017/05/11,0,7000,0,7000
2017/05/12,0,0,-4000,-4000
2017/05/15,0,137000,-14000,123000
2017/05/16,0,60000,-13000,47000
2017/05/17,0,4000,-107000,-103000
2017/05/18,0,50000,0,50000
2017/05/19,0,31000,-180000,-149000
2017/05/22,0,1000,-22000,-21000
2017/05/23,0,65000,-25000,40000
2017/05/24,0,1000,-1000,0
2017/05/25,0,8000,0,8000
2017/05/26,0,4000,-2000,2000
2017/05/29,0,0,0,0
2017/05/30,0,0,0,0
2017/05/31,0,1000,-10000,-9000
2017/06/01,0,0,-7000,-7000
2017/06/02,0,1000,0,1000
2017/06/05,0,0,-1000,-1000
2017/06/06,0,0,-20204,-20204
2017/06/07,0,1000,-607000,-606000
2017/06/08,0,18000,-502000,-484000
2017/06/09,0,0,0,0
2017/06/12,0,10000,0,10000
2017/06/13,0,1000,-12000,-11000
2017/06/14,0,80000,-13000,67000
2017/06/15,0,46000,-2000,44000
2017/06/16,0,19000,-2000,17000
2017/06/19,0,10000,-12000,-2000
2017/06/20,0,32000,-18000,14000
2017/06/21,0,100000,0,100000
2017/06/22,0,6000,0,6000
2017/06/23,0,10000,-2000,8000
2017/06/26,0,180000,0,180000
2017/06/27,0,78000,-193000,-115000
2017/06/28,0,90000,0,90000
2017/06/29,0,8000,-156000,-148000
2017/06/30,0,122000,0,122000
2017/07/03,0,244000,0,244000
2017/07/04,0,111000,-864000,-753000
2017/07/05,0,578000,-2445000,-1867000
2017/07/06,0,160000,-263000,-103000
2017/07/07,0,191000,-4000,187000
2017/07/10,0,11000,-3000,8000
2017/07/11,0,56000,0,56000
2017/07/12,0,64000,-80000,-16000
2017/07/13,0,31000,-118000,-87000
2017/07/14,0,2000,-322070,-320070
2017/07/17,0,60000,-35000,25000
2017/07/18,0,0,-491000,-491000
2017/07/19,0,100000,-338000,-238000
2017/07/20,0,11000,-90000,-79000
2017/07/21,0,10000,0,10000
2017/07/24,0,0,-249000,-249000
2017/07/25,0,19000,-300000,-281000
2017/07/26,0,59000,-237000,-178000
2017/07/27,0,3000,-29000,-26000
2017/07/28,0,2000,0,2000
2017/07/31,0,0,0,0
2017/08/01,0,0,0,0
2017/08/02,0,2000,-4000,-2000
2017/08/03,0,4000,-19000,-15000
2017/08/04,0,73000,-27000,46000
2017/08/07,0,74000,0,74000
2017/08/08,0,0,-14000,-14000
2017/08/09,0,4000,-133000,-129000
2017/08/10,0,0,0,0
2017/08/11,0,0,-6000,-6000
2017/08/14,0,0,-187000,-187000
2017/08/15,0,281000,-73000,208000
2017/08/16,0,256000,-259000,-3000
2017/08/17,0,0,-252000,-252000
2017/08/18,0,0,-71000,-71000
