Date,Open,Buy,Sell,Total
2007/01/02,0,5305000,-88000,5217000
2007/01/03,0,2153000,-972536,1180464
2007/01/04,0,610000,-1170000,-560000
2007/01/05,0,638000,-4680987,-4042987
2007/01/08,0,2832000,0,2832000
2007/01/09,0,2831000,0,2831000
2007/01/10,0,1918000,-401000,1517000
2007/01/11,0,29000,-4127000,-4098000
2007/01/12,0,665000,0,665000
2007/01/15,0,1162000,-1565000,-403000
2007/01/16,0,1080000,-200000,880000
2007/01/17,0,1021000,0,1021000
2007/01/18,0,420000,-438495,-18495
2007/01/19,0,855000,-268000,587000
2007/01/22,0,698000,-2000,696000
2007/01/23,0,609000,-282294,326706
2007/01/24,0,16000,-600000,-584000
2007/01/25,0,16000,-775000,-759000
2007/01/26,0,0,-615000,-615000
2007/01/29,0,235000,-1000,234000
2007/01/30,0,66000,-339000,-273000
2007/01/31,0,0,-921000,-921000
2007/02/01,0,0,-1564000,-1564000
2007/02/02,0,1000,0,1000
2007/02/05,0,162000,-91000,71000
2007/02/06,0,60000,-1100000,-1040000
2007/02/07,0,0,-46000,-46000
2007/02/08,0,503000,-334000,169000
2007/02/09,0,354167,-375000,-20833
2007/02/12,0,0,0,0
2007/02/13,0,0,-630000,-630000
2007/02/14,0,0,0,0
2007/02/15,0,0,0,0
2007/02/16,0,0,0,0
2007/02/19,0,0,0,0
2007/02/20,0,0,0,0
2007/02/21,0,0,0,0
2007/02/22,0,0,0,0
2007/02/23,0,0,0,0
2007/02/26,0,0,-73000,-73000
2007/02/27,0,0,-300000,-300000
2007/02/28,0,0,0,0
2007/03/01,0,6000,-4837000,-4831000
2007/03/02,0,0,-1118000,-1118000
2007/03/05,0,0,-4300000,-4300000
2007/03/06,0,230000,-721000,-491000
2007/03/07,0,0,-1367490,-1367490
2007/03/08,0,0,-2077000,-2077000
2007/03/09,0,0,-757000,-757000
2007/03/12,0,8000,-1001948,-993948
2007/03/13,0,0,-462000,-462000
2007/03/14,0,100000,-4741000,-4641000
2007/03/15,0,0,-5815885,-5815885
2007/03/16,0,122000,-1805000,-1683000
2007/03/19,0,1000,-1011926,-1010926
2007/03/20,0,350000,-833000,-483000
2007/03/21,0,50000,-14000,36000
2007/03/22,0,0,-1507000,-1507000
2007/03/23,0,0,-1020000,-1020000
2007/03/26,0,220000,-380000,-160000
2007/03/27,0,30000,-655000,-625000
2007/03/28,0,0,-1559984,-1559984
2007/03/29,0,200000,-921000,-721000
2007/03/30,0,700000,-361000,339000
2007/04/02,0,1805000,-150000,1655000
2007/04/03,0,2051000,0,2051000
2007/04/04,0,300000,0,300000
2007/04/05,0,0,0,0
2007/04/06,0,0,0,0
2007/04/09,0,80000,0,80000
2007/04/10,0,380000,-2000,378000
2007/04/11,0,0,-224000,-224000
2007/04/12,0,0,-330000,-330000
2007/04/13,0,230000,-342000,-112000
2007/04/16,0,130000,0,130000
2007/04/17,0,677000,0,677000
2007/04/18,0,0,0,0
2007/04/19,0,3000,-490000,-487000
2007/04/20,0,0,-246000,-246000
2007/04/23,0,112000,-310000,-198000
2007/04/24,0,173000,-200000,-27000
2007/04/25,0,549000,-200000,349000
2007/04/26,0,0,-360000,-360000
2007/04/27,0,0,-300000,-300000
2007/04/30,0,153000,-94000,59000
2007/05/01,0,0,0,0
2007/05/02,0,15000,-294000,-279000
2007/05/03,0,0,-3270000,-3270000
2007/05/04,0,0,-633000,-633000
2007/05/07,0,0,-15000,-15000
2007/05/08,0,995000,-2000,993000
2007/05/09,0,0,-412000,-412000
2007/05/10,0,0,-1078000,-1078000
2007/05/11,0,0,-492000,-492000
2007/05/14,0,0,-1163000,-1163000
2007/05/15,0,18000,-305503,-287503
2007/05/16,0,0,-741000,-741000
2007/05/17,0,0,-1360000,-1360000
2007/05/18,0,0,-710968,-710968
2007/05/21,0,0,0,0
2007/05/22,0,4000,-1226000,-1222000
2007/05/23,0,0,-650000,-650000
2007/05/24,0,0,-386000,-386000
2007/05/25,0,0,-1099,-1099
2007/05/28,0,0,0,0
2007/05/29,0,0,-853000,-853000
2007/05/30,0,0,0,0
2007/05/31,0,0,-250000,-250000
2007/06/01,0,0,-480000,-480000
2007/06/04,0,3000,0,3000
2007/06/05,0,0,-4060000,-4060000
2007/06/06,0,482000,0,482000
2007/06/07,0,40000,0,40000
2007/06/08,0,0,0,0
2007/06/11,0,0,0,0
2007/06/12,0,200000,0,200000
2007/06/13,0,125000,0,125000
2007/06/14,0,350000,-3000,347000
2007/06/15,0,1809000,-20000,1789000
2007/06/18,0,0,0,0
2007/06/19,0,0,0,0
2007/06/20,0,206000,-1000,205000
2007/06/21,0,90000,-66000,24000
2007/06/22,0,0,-97000,-97000
2007/06/25,0,0,-941000,-941000
2007/06/26,0,0,-476,-476
2007/06/27,0,150000,-180000,-30000
2007/06/28,0,2560000,0,2560000
2007/06/29,0,1103000,0,1103000
2007/07/02,0,1130000,0,1130000
2007/07/03,0,500000,0,500000
2007/07/04,0,1450000,0,1450000
2007/07/05,0,1258000,-1075000,183000
2007/07/06,0,634000,0,634000
2007/07/09,0,2243000,0,2243000
2007/07/10,0,8000,-3300000,-3292000
2007/07/11,0,100000,-266000,-166000
2007/07/12,0,0,-700000,-700000
2007/07/13,0,0,0,0
2007/07/16,0,730000,-250000,480000
2007/07/17,0,142000,-855000,-713000
2007/07/18,0,917000,0,917000
2007/07/19,0,3000,-400000,-397000
2007/07/20,0,345000,0,345000
2007/07/23,0,0,0,0
2007/07/24,0,1000,-400000,-399000
2007/07/25,0,8000,0,8000
2007/07/26,0,13000,0,13000
2007/07/27,0,0,0,0
2007/07/30,0,257000,0,257000
2007/07/31,0,50000,-102000,-52000
2007/08/01,0,2000,-778000,-776000
2007/08/02,0,52000,0,52000
2007/08/03,0,0,-100000,-100000
2007/08/06,0,4000,0,4000
2007/08/07,0,0,0,0
2007/08/08,0,229000,-750000,-521000
2007/08/09,0,100000,0,100000
2007/08/10,0,0,-12000,-12000
2007/08/13,0,400000,0,400000
2007/08/14,0,5127000,0,5127000
2007/08/15,0,108000,0,108000
2007/08/16,0,483000,0,483000
2007/08/17,0,13000,-3000,10000
2007/08/20,0,13000,0,13000
2007/08/21,0,2161000,0,2161000
2007/08/22,0,1742000,-1000,1741000
2007/08/23,0,0,0,0
2007/08/24,0,0,-3936000,-3936000
2007/08/27,0,2000,-54702,-52702
2007/08/28,0,0,-643000,-643000
2007/08/29,0,2000,-1403000,-1401000
2007/08/30,0,550000,-662912,-112912
2007/08/31,0,1400000,-217000,1183000
2007/09/03,0,16000,-57000,-41000
2007/09/04,0,173000,-3000,170000
2007/09/05,0,0,-7000,-7000
2007/09/06,0,14000,-484000,-470000
2007/09/07,0,100000,-1586000,-1486000
2007/09/10,0,0,-806866,-806866
2007/09/11,0,9000,-1302946,-1293946
2007/09/12,0,0,-217000,-217000
2007/09/13,0,0,-600000,-600000
2007/09/14,0,0,-460959,-460959
2007/09/17,0,0,-100000,-100000
2007/09/18,0,0,0,0
2007/09/19,0,4000,-250000,-246000
2007/09/20,0,6000,-257455,-251455
2007/09/21,0,5000,-131178,-126178
2007/09/24,0,0,0,0
2007/09/25,0,0,0,0
2007/09/26,0,2000,-206000,-204000
2007/09/27,0,1000,-140434,-139434
2007/09/28,0,150000,-1325000,-1175000
2007/10/01,0,0,-1782000,-1782000
2007/10/02,0,20000,-2718858,-2698858
2007/10/03,0,0,-1593000,-1593000
2007/10/04,0,0,-690000,-690000
2007/10/05,0,0,-1428725,-1428725
2007/10/08,0,24000,-2567000,-2543000
2007/10/09,0,0,-132582,-132582
2007/10/10,0,0,0,0
2007/10/11,0,550000,-25702,524298
2007/10/12,0,1100000,-25000,1075000
2007/10/15,0,3000,0,3000
2007/10/16,0,0,0,0
2007/10/17,0,0,-250000,-250000
2007/10/18,0,0,-449000,-449000
2007/10/19,0,1000000,-925000,75000
2007/10/22,0,0,-1070000,-1070000
2007/10/23,0,1000000,-2848000,-1848000
2007/10/24,0,1500000,-2716918,-1216918
2007/10/25,0,0,-2314000,-2314000
2007/10/26,0,0,0,0
2007/10/29,0,702000,-2352425,-1650425
2007/10/30,0,3000,-1000732,-997732
2007/10/31,0,89000,-550959,-461959
2007/11/01,0,11000,-100360,-89360
2007/11/02,0,701000,-50000,651000
2007/11/05,0,81000,-1756876,-1675876
2007/11/06,0,1000,-8000,-7000
2007/11/07,0,1000,-50000,-49000
2007/11/08,0,82000,0,82000
2007/11/09,0,173000,-2200933,-2027933
2007/11/12,0,4000,-851000,-847000
2007/11/13,0,2000,-50000,-48000
2007/11/14,0,185000,0,185000
2007/11/15,0,170000,0,170000
2007/11/16,0,27000,0,27000
2007/11/19,0,0,-84000,-84000
2007/11/20,0,1000,0,1000
2007/11/21,0,0,-986,-986
2007/11/22,0,1000,-540370,-539370
2007/11/23,0,2000,-1000000,-998000
2007/11/26,0,0,0,0
2007/11/27,0,6000,0,6000
2007/11/28,0,0,0,0
2007/11/29,0,1000,-100000,-99000
2007/11/30,0,4000,-50000,-46000
2007/12/03,0,5000,0,5000
2007/12/04,0,7000,0,7000
2007/12/05,0,13000,-52547,-39547
2007/12/06,0,0,0,0
2007/12/07,0,0,0,0
2007/12/10,0,0,-1050000,-1050000
2007/12/11,0,0,0,0
2007/12/12,0,0,-759,-759
2007/12/13,0,491000,-300000,191000
2007/12/14,0,990000,-200000,790000
2007/12/17,0,832000,0,832000
2007/12/18,0,1043000,-1400000,-357000
2007/12/19,0,0,0,0
2007/12/20,0,0,-48892,-48892
2007/12/21,0,1000,0,1000
2007/12/24,0,30000,-94000,-64000
2007/12/25,0,0,-2000,-2000
2007/12/26,0,0,-160000,-160000
2007/12/27,0,0,-89000,-89000
2007/12/28,0,0,-14000,-14000
2007/12/31,0,314000,0,314000
2008/01/01,0,0,0,0
2008/01/02,0,44000,-89000,-45000
2008/01/03,0,1000,0,1000
2008/01/04,0,0,-3247,-3247
2008/01/07,0,8000,0,8000
2008/01/08,0,1000,0,1000
2008/01/09,0,72000,-2000,70000
2008/01/10,0,32000,-6000,26000
2008/01/11,0,0,-2000,-2000
2008/01/14,0,0,0,0
2008/01/15,0,1000000,-13000,987000
2008/01/16,0,31000,0,31000
2008/01/17,0,19000,0,19000
2008/01/18,0,0,-535000,-535000
2008/01/21,0,2000,-38000,-36000
2008/01/22,0,0,0,0
2008/01/23,0,1000,-7000,-6000
2008/01/24,0,5000,0,5000
2008/01/25,0,1000,0,1000
2008/01/28,0,0,-224000,-224000
2008/01/29,0,1000,-4000,-3000
2008/01/30,0,5000,-285000,-280000
2008/01/31,0,0,-200000,-200000
2008/02/01,0,0,0,0
2008/02/04,0,0,0,0
2008/02/05,0,0,0,0
2008/02/06,0,0,0,0
2008/02/07,0,0,0,0
2008/02/08,0,0,0,0
2008/02/11,0,0,0,0
2008/02/12,0,0,-2000,-2000
2008/02/13,0,0,-4000,-4000
2008/02/14,0,0,0,0
2008/02/15,0,0,-9000,-9000
2008/02/18,0,76000,0,76000
2008/02/19,0,405000,0,405000
2008/02/20,0,21000,-1000,20000
2008/02/21,0,8000,0,8000
2008/02/22,0,0,-3000,-3000
2008/02/25,0,1000,-3000,-2000
2008/02/26,0,0,0,0
2008/02/27,0,0,-4000,-4000
2008/02/28,0,0,0,0
2008/02/29,0,0,-2000,-2000
2008/03/03,0,0,-4000,-4000
2008/03/04,0,0,-3000,-3000
2008/03/05,0,0,-12000,-12000
2008/03/06,0,210000,0,210000
2008/03/07,0,82000,-501000,-419000
2008/03/10,0,1000,-678000,-677000
2008/03/11,0,1000,0,1000
2008/03/12,0,882000,0,882000
2008/03/13,0,0,0,0
2008/03/14,0,0,0,0
2008/03/17,0,14000,0,14000
2008/03/18,0,1000,-6000,-5000
2008/03/19,0,18000,-20000,-2000
2008/03/20,0,1000,-20000,-19000
2008/03/21,0,18000,0,18000
2008/03/24,0,1000,-20000,-19000
2008/03/25,0,104000,-56000,48000
2008/03/26,0,1000,-20000,-19000
2008/03/27,0,2000,-255000,-253000
2008/03/28,0,2000,-40000,-38000
2008/03/31,0,1694000,0,1694000
2008/04/01,0,0,-20000,-20000
2008/04/02,0,0,0,0
2008/04/03,0,1459000,0,1459000
2008/04/04,0,0,0,0
2008/04/07,0,1662000,0,1662000
2008/04/08,0,1571000,0,1571000
2008/04/09,0,1000,0,1000
2008/04/10,0,0,0,0
2008/04/11,0,521000,0,521000
2008/04/14,0,0,-450000,-450000
2008/04/15,0,0,0,0
2008/04/16,0,2680000,-1000,2679000
2008/04/17,0,1308000,0,1308000
2008/04/18,0,1000000,-47000,953000
2008/04/21,0,16000,0,16000
2008/04/22,0,201000,-3000,198000
2008/04/23,0,0,-341000,-341000
2008/04/24,0,2000,-1000000,-998000
2008/04/25,0,0,0,0
2008/04/28,0,68000,0,68000
2008/04/29,0,451000,0,451000
2008/04/30,0,11000,0,11000
2008/05/01,0,0,0,0
2008/05/02,0,15000,0,15000
2008/05/05,0,2648000,-118000,2530000
2008/05/06,0,11000,0,11000
2008/05/07,0,11000,0,11000
2008/05/08,0,23000,-6000,17000
2008/05/09,0,105000,-1619000,-1514000
2008/05/12,0,2000,-3000,-1000
2008/05/13,0,98000,-140000,-42000
2008/05/14,0,31000,-120000,-89000
2008/05/15,0,5000,0,5000
2008/05/16,0,0,-310000,-310000
2008/05/19,0,39000,-6000,33000
2008/05/20,0,2000,-155000,-153000
2008/05/21,0,0,-6000,-6000
2008/05/22,0,228000,0,228000
2008/05/23,0,2456000,-1000,2455000
2008/05/26,0,178000,0,178000
2008/05/27,0,14000,0,14000
2008/05/28,0,1086000,0,1086000
2008/05/29,0,1777000,-1671000,106000
2008/05/30,0,22000,-3000,19000
2008/06/02,0,4000,0,4000
2008/06/03,0,1027000,-971000,56000
2008/06/04,0,8000,0,8000
2008/06/05,0,5000,0,5000
2008/06/06,0,165000,-200000,-35000
2008/06/09,0,267000,0,267000
2008/06/10,0,271000,0,271000
2008/06/11,0,34000,-102000,-68000
2008/06/12,0,49000,-259943,-210943
2008/06/13,0,78000,0,78000
2008/06/16,0,25000,-100000,-75000
2008/06/17,0,229000,-300000,-71000
2008/06/18,0,200000,-200000,0
2008/06/19,0,0,-36000,-36000
2008/06/20,0,46000,-4000,42000
2008/06/23,0,26000,0,26000
2008/06/24,0,39000,-60000,-21000
2008/06/25,0,90000,-11000,79000
2008/06/26,0,0,0,0
2008/06/27,0,31000,0,31000
2008/06/30,0,240000,0,240000
2008/07/01,0,52000,0,52000
2008/07/02,0,0,-9000,-9000
2008/07/03,0,198000,-1000,197000
2008/07/04,0,41000,0,41000
2008/07/07,0,29000,0,29000
2008/07/08,0,100000,0,100000
2008/07/09,0,0,-16000,-16000
2008/07/10,0,1646000,-57000,1589000
2008/07/11,0,2747000,0,2747000
2008/07/14,0,3000,0,3000
2008/07/15,0,514000,-201000,313000
2008/07/16,0,629000,0,629000
2008/07/17,0,207000,-1220000,-1013000
2008/07/18,0,216000,-1288000,-1072000
2008/07/21,0,6000,-170624,-164624
2008/07/22,0,10000,0,10000
2008/07/23,0,559000,-41000,518000
2008/07/24,0,373000,-64000,309000
2008/07/25,0,0,-1020000,-1020000
2008/07/28,0,0,0,0
2008/07/29,0,87000,-349000,-262000
2008/07/30,0,15000,-10000,5000
2008/07/31,0,14000,0,14000
2008/08/01,0,14000,-18218,-4218
2008/08/04,0,16000,0,16000
2008/08/05,0,500000,0,500000
2008/08/06,0,16000,-850000,-834000
2008/08/07,0,250000,-930000,-680000
2008/08/08,0,23000,-456000,-433000
2008/08/11,0,133000,-119000,14000
2008/08/12,0,178000,-38000,140000
2008/08/13,0,0,-314000,-314000
2008/08/14,0,0,-97000,-97000
2008/08/15,0,11000,0,11000
2008/08/18,0,6000,-13000,-7000
2008/08/19,0,0,-36000,-36000
2008/08/20,0,3000,-4776000,-4773000
2008/08/21,0,23000,-10000,13000
2008/08/22,0,8000,0,8000
2008/08/25,0,5000,0,5000
2008/08/26,0,222000,-22000,200000
2008/08/27,0,511000,-15000,496000
2008/08/28,0,2577000,-75000,2502000
2008/08/29,0,2138000,0,2138000
2008/09/01,0,1004000,-254000,750000
2008/09/02,0,19000,-600000,-581000
2008/09/03,0,55000,0,55000
2008/09/04,0,283000,0,283000
2008/09/05,0,32000,0,32000
2008/09/08,0,0,-301861,-301861
2008/09/09,0,129000,-21597,107403
2008/09/10,0,39000,-1500000,-1461000
2008/09/11,0,0,0,0
2008/09/12,0,800000,-2035986,-1235986
2008/09/15,0,0,-722000,-722000
2008/09/16,0,4000,-764991,-760991
2008/09/17,0,13000,-157000,-144000
2008/09/18,0,114000,-11000,103000
2008/09/19,0,424000,-199976,224024
2008/09/22,0,1000,-37797,-36797
2008/09/23,0,0,-139000,-139000
2008/09/24,0,0,-17000,-17000
2008/09/25,0,32000,-769000,-737000
2008/09/26,0,460000,-50594,409406
2008/09/29,0,0,0,0
2008/09/30,0,6000,0,6000
2008/10/01,0,1108000,-301000,807000
2008/10/02,0,9000,-12992,-3992
2008/10/03,0,881000,-20251,860749
2008/10/06,0,0,-827570,-827570
2008/10/07,0,0,-17000,-17000
2008/10/08,0,0,-193997,-193997
2008/10/09,0,7000,-450000,-443000
2008/10/10,0,0,0,0
2008/10/13,0,0,0,0
2008/10/14,0,314000,-40495,273505
2008/10/15,0,313000,-300384,12616
2008/10/16,0,42000,-146000,-104000
2008/10/17,0,0,-38000,-38000
2008/10/20,0,0,0,0
2008/10/21,0,8000,0,8000
2008/10/22,0,0,-90000,-90000
2008/10/23,0,10000,-907000,-897000
2008/10/24,0,120000,-508432,-388432
2008/10/27,0,229000,-193000,36000
2008/10/28,0,358000,-72258,285742
2008/10/29,0,0,-157000,-157000
2008/10/30,0,189000,-244000,-55000
2008/10/31,0,9000,0,9000
2008/11/03,0,6000,0,6000
2008/11/04,0,51000,-3000,48000
2008/11/05,0,721000,-2000,719000
2008/11/06,0,4000,-2000,2000
2008/11/07,0,300000,-28000,272000
2008/11/10,0,8000,0,8000
2008/11/11,0,743000,-84196,658804
2008/11/12,0,3000,-17000,-14000
2008/11/13,0,0,-15000,-15000
2008/11/14,0,9000,-39000,-30000
2008/11/17,0,14000,0,14000
2008/11/18,0,27000,0,27000
2008/11/19,0,0,-150000,-150000
2008/11/20,0,20000,0,20000
2008/11/21,0,58000,-113000,-55000
2008/11/24,0,31000,-78000,-47000
2008/11/25,0,10000,0,10000
2008/11/26,0,20000,0,20000
2008/11/27,0,124000,0,124000
2008/11/28,0,1611000,-238000,1373000
2008/12/01,0,66000,0,66000
2008/12/02,0,2220000,0,2220000
2008/12/03,0,3010000,-180000,2830000
2008/12/04,0,314000,-108000,206000
2008/12/05,0,0,-406000,-406000
2008/12/08,0,29000,-89000,-60000
2008/12/09,0,260000,0,260000
2008/12/10,0,120000,0,120000
2008/12/11,0,143000,-432000,-289000
2008/12/12,0,0,-77000,-77000
2008/12/15,0,0,-7000,-7000
2008/12/16,0,0,-281000,-281000
2008/12/17,0,11000,0,11000
2008/12/18,0,23000,-9000,14000
2008/12/19,0,0,-902000,-902000
2008/12/22,0,761000,-32000,729000
2008/12/23,0,879000,0,879000
2008/12/24,0,170000,0,170000
2008/12/25,0,198000,0,198000
2008/12/26,0,0,0,0
2008/12/29,0,200000,0,200000
2008/12/30,0,0,-700000,-700000
2008/12/31,0,0,-315000,-315000
2009/01/01,0,0,0,0
2009/01/02,0,0,0,0
2009/01/05,0,0,0,0
2009/01/06,0,3000000,-1580294,1419706
2009/01/07,0,953000,0,953000
2009/01/08,0,5146000,0,5146000
2009/01/09,0,2019000,-66000,1953000
2009/01/12,0,2385000,-22000,2363000
2009/01/13,0,1464000,0,1464000
2009/01/14,0,1500000,-9000,1491000
2009/01/15,0,4192000,-165000,4027000
2009/01/16,0,1814000,-23000,1791000
2009/01/19,0,0,-29000,-29000
2009/01/20,0,2078000,0,2078000
2009/01/21,0,1200000,-5000,1195000
2009/01/22,0,0,0,0
2009/01/23,0,0,0,0
2009/01/26,0,0,0,0
2009/01/27,0,0,0,0
2009/01/28,0,0,0,0
2009/01/29,0,0,0,0
2009/01/30,0,0,0,0
2009/02/02,0,0,0,0
2009/02/03,0,0,-1550000,-1550000
2009/02/04,0,58000,-4000,54000
2009/02/05,0,0,0,0
2009/02/06,0,239000,0,239000
2009/02/09,0,24000,0,24000
2009/02/10,0,29000,-12000,17000
2009/02/11,0,0,-20000,-20000
2009/02/12,0,0,-22000,-22000
2009/02/13,0,0,-4000,-4000
2009/02/16,0,0,0,0
2009/02/17,0,0,0,0
2009/02/18,0,88000,-200000,-112000
2009/02/19,0,0,0,0
2009/02/20,0,25000,0,25000
2009/02/23,0,141000,0,141000
2009/02/24,0,0,0,0
2009/02/25,0,406000,0,406000
2009/02/26,0,0,-7000,-7000
2009/02/27,0,7000,-650000,-643000
2009/03/02,0,0,-2000,-2000
2009/03/03,0,253000,-500000,-247000
2009/03/04,0,0,-3537,-3537
2009/03/05,0,1960000,0,1960000
2009/03/06,0,247000,-1371591,-1124591
2009/03/09,0,679000,-1871000,-1192000
2009/03/10,0,5085000,-1196265,3888735
2009/03/11,0,200000,-2408000,-2208000
2009/03/12,0,1400000,-1970000,-570000
2009/03/13,0,6787000,-5000,6782000
2009/03/16,0,654000,-2717000,-2063000
2009/03/17,0,0,-272000,-272000
2009/03/18,0,0,-913000,-913000
2009/03/19,0,0,-412000,-412000
2009/03/20,0,1294000,-431000,863000
2009/03/23,0,520000,-10000,510000
2009/03/24,0,2950000,-5000,2945000
2009/03/25,0,657000,-2036551,-1379551
2009/03/26,0,212000,-2145000,-1933000
2009/03/27,0,0,-1811000,-1811000
2009/03/30,0,100000,-250000,-150000
2009/03/31,0,0,-2000,-2000
2009/04/01,0,0,0,0
2009/04/02,0,1000000,-2000,998000
2009/04/03,0,2200000,-2000,2198000
2009/04/06,0,0,0,0
2009/04/07,0,151000,0,151000
2009/04/08,0,20000,0,20000
2009/04/09,0,0,-1001000,-1001000
2009/04/10,0,200000,-4566598,-4366598
2009/04/13,0,1258000,-4752000,-3494000
2009/04/14,0,0,-4002000,-4002000
2009/04/15,0,0,-4980000,-4980000
2009/04/16,0,4000000,-4793000,-793000
2009/04/17,0,1800000,-167000,1633000
2009/04/20,0,300000,-25000,275000
2009/04/21,0,301000,-2280000,-1979000
2009/04/22,0,1000000,-2757000,-1757000
2009/04/23,0,0,-1000,-1000
2009/04/24,0,226000,-56000,170000
2009/04/27,0,0,0,0
2009/04/28,0,1001000,0,1001000
2009/04/29,0,514000,-1800000,-1286000
2009/04/30,0,0,0,0
2009/05/01,0,0,0,0
2009/05/04,0,3753000,0,3753000
2009/05/05,0,1389000,-102000,1287000
2009/05/06,0,2050000,-554000,1496000
2009/05/07,0,3429000,-258000,3171000
2009/05/08,0,0,-21000,-21000
2009/05/11,0,0,-4088000,-4088000
2009/05/12,0,1000000,-9000,991000
2009/05/13,0,95000,-2314093,-2219093
2009/05/14,0,0,-3978434,-3978434
2009/05/15,0,3000,-157000,-154000
2009/05/18,0,0,-647000,-647000
2009/05/19,0,1000,-1225000,-1224000
2009/05/20,0,0,-251000,-251000
2009/05/21,0,0,0,0
2009/05/22,0,0,-2943000,-2943000
2009/05/25,0,80000,-691000,-611000
2009/05/26,0,188000,-200000,-12000
2009/05/27,0,228000,-209000,19000
2009/05/28,0,0,0,0
2009/05/29,0,0,0,0
2009/06/01,0,181000,-232000,-51000
2009/06/02,0,88000,-1455000,-1367000
2009/06/03,0,0,-244000,-244000
2009/06/04,0,0,-1266000,-1266000
2009/06/05,0,0,-32000,-32000
2009/06/08,0,6000,-305000,-299000
2009/06/09,0,2000,-6000,-4000
2009/06/10,0,2000,-11000,-9000
2009/06/11,0,9000,0,9000
2009/06/12,0,0,-193000,-193000
2009/06/15,0,4000,0,4000
2009/06/16,0,12000,-5000,7000
2009/06/17,0,11000,0,11000
2009/06/18,0,9000,-245000,-236000
2009/06/19,0,1000,-431000,-430000
2009/06/22,0,7000,0,7000
2009/06/23,0,0,-7000,-7000
2009/06/24,0,1003000,-309000,694000
2009/06/25,0,101000,0,101000
2009/06/26,0,0,-1000,-1000
2009/06/29,0,0,0,0
2009/06/30,0,0,0,0
2009/07/01,0,48000,0,48000
2009/07/02,0,6000,0,6000
2009/07/03,0,0,-130000,-130000
2009/07/06,0,22000,-13000,9000
2009/07/07,0,104000,0,104000
2009/07/08,0,0,-4000,-4000
2009/07/09,0,0,0,0
2009/07/10,0,0,-5000,-5000
2009/07/13,0,0,-5000,-5000
2009/07/14,0,0,-1674000,-1674000
2009/07/15,0,0,-999000,-999000
2009/07/16,0,0,-1004000,-1004000
2009/07/17,0,0,-2000,-2000
2009/07/20,0,50000,-1000,49000
2009/07/21,0,0,-19000,-19000
2009/07/22,0,90000,-25000,65000
2009/07/23,0,0,-34000,-34000
2009/07/24,0,0,-25000,-25000
2009/07/27,0,0,-287000,-287000
2009/07/28,0,0,-231000,-231000
2009/07/29,0,89000,-144000,-55000
2009/07/30,0,0,-36000,-36000
2009/07/31,0,0,-55099,-55099
2009/08/03,0,0,-28000,-28000
2009/08/04,0,10000,-40000,-30000
2009/08/05,0,0,-228000,-228000
2009/08/06,0,0,-20000,-20000
2009/08/07,0,0,0,0
2009/08/10,0,8000,-435000,-427000
2009/08/11,0,456000,0,456000
2009/08/12,0,597000,0,597000
2009/08/13,0,452000,-8000,444000
2009/08/14,0,0,-210000,-210000
2009/08/17,0,0,-41000,-41000
2009/08/18,0,4000,0,4000
2009/08/19,0,3000,0,3000
2009/08/20,0,3000,-4000,-1000
2009/08/21,0,23000,-246000,-223000
2009/08/24,0,4000,-1000000,-996000
2009/08/25,0,0,-286000,-286000
2009/08/26,0,0,0,0
2009/08/27,0,16000,-8000,8000
2009/08/28,0,0,0,0
2009/08/31,0,8000,0,8000
2009/09/01,0,0,-107000,-107000
2009/09/02,0,250000,-1194000,-944000
2009/09/03,0,52000,-4000,48000
2009/09/04,0,0,-5000,-5000
2009/09/07,0,0,-5000,-5000
2009/09/08,0,0,0,0
2009/09/09,0,70000,0,70000
2009/09/10,0,15000,0,15000
2009/09/11,0,400000,0,400000
2009/09/14,0,0,-46000,-46000
2009/09/15,0,0,-3461600,-3461600
2009/09/16,0,18000,-3848500,-3830500
2009/09/17,0,0,-2492500,-2492500
2009/09/18,0,0,-1503000,-1503000
2009/09/21,0,0,-1497750,-1497750
2009/09/22,0,0,-337000,-337000
2009/09/23,0,0,-1830000,-1830000
2009/09/24,0,0,-500000,-500000
2009/09/25,0,0,0,0
2009/09/28,0,1000,0,1000
2009/09/29,0,5000,-11000,-6000
2009/09/30,0,0,-7000,-7000
2009/10/01,0,0,0,0
2009/10/02,0,12000,0,12000
2009/10/05,0,0,-11000,-11000
2009/10/06,0,0,0,0
2009/10/07,0,0,0,0
2009/10/08,0,0,-3180000,-3180000
2009/10/09,0,2000,-1302450,-1300450
2009/10/12,0,0,0,0
2009/10/13,0,8000,0,8000
2009/10/14,0,0,-302000,-302000
2009/10/15,0,0,0,0
2009/10/16,0,1124000,-2000,1122000
2009/10/19,0,7000,-11000,-4000
2009/10/20,0,3015000,0,3015000
2009/10/21,0,12000,-5000,7000
2009/10/22,0,0,0,0
2009/10/23,0,0,0,0
2009/10/26,0,0,0,0
2009/10/27,0,3000,-8000,-5000
2009/10/28,0,0,-1000,-1000
2009/10/29,0,2000,-876850,-874850
2009/10/30,0,500000,-1000,499000
2009/11/02,0,4000,-11500,-7500
2009/11/03,0,944000,-2000,942000
2009/11/04,0,4000,0,4000
2009/11/05,0,1957000,0,1957000
2009/11/06,0,1202000,0,1202000
2009/11/09,0,1054000,0,1054000
2009/11/10,0,2000,0,2000
2009/11/11,0,1600000,-11000,1589000
2009/11/12,0,152000,0,152000
2009/11/13,0,0,-5000,-5000
2009/11/16,0,106000,-5000,101000
2009/11/17,0,0,-238300,-238300
2009/11/18,0,0,-4854000,-4854000
2009/11/19,0,0,-3000,-3000
2009/11/20,0,8000,-503000,-495000
2009/11/23,0,0,-202000,-202000
2009/11/24,0,0,-304000,-304000
2009/11/25,0,0,0,0
2009/11/26,0,0,-680000,-680000
2009/11/27,0,0,-1639000,-1639000
2009/11/30,0,0,-215000,-215000
2009/12/01,0,0,0,0
2009/12/02,0,0,-400000,-400000
2009/12/03,0,0,0,0
2009/12/04,0,0,-4000,-4000
2009/12/07,0,0,0,0
2009/12/08,0,0,-357000,-357000
2009/12/09,0,0,-17000,-17000
2009/12/10,0,0,-9000,-9000
2009/12/11,0,3000,0,3000
2009/12/14,0,0,-7000,-7000
2009/12/15,0,0,0,0
2009/12/16,0,0,-601000,-601000
2009/12/17,0,0,0,0
2009/12/18,0,0,-13000,-13000
2009/12/21,0,0,0,0
2009/12/22,0,0,-2000,-2000
2009/12/23,0,1000,-1400000,-1399000
2009/12/24,0,0,-30000,-30000
2009/12/25,0,0,-6000,-6000
2009/12/28,0,15000,0,15000
2009/12/29,0,139000,0,139000
2009/12/30,0,71000,0,71000
2009/12/31,0,0,-551000,-551000
2010/01/01,0,0,0,0
2010/01/04,0,9000,0,9000
2010/01/05,0,350000,-554000,-204000
2010/01/06,0,400000,-400000,0
2010/01/07,0,0,-4000,-4000
2010/01/08,0,0,-9000,-9000
2010/01/11,0,0,-2000,-2000
2010/01/12,0,0,-10000,-10000
2010/01/13,0,0,-201000,-201000
2010/01/14,0,0,-4000,-4000
2010/01/15,0,0,-87000,-87000
2010/01/18,0,1000,0,1000
2010/01/19,0,62000,0,62000
2010/01/20,0,0,-7000,-7000
2010/01/21,0,0,-3000,-3000
2010/01/22,0,0,0,0
2010/01/25,0,0,-10000,-10000
2010/01/26,0,0,-2000,-2000
2010/01/27,0,26000,0,26000
2010/01/28,0,7000,0,7000
2010/01/29,0,10000,-4000,6000
2010/02/01,0,11000,-2000,9000
2010/02/02,0,0,0,0
2010/02/03,0,4000,-2000,2000
2010/02/04,0,6000,0,6000
2010/02/05,0,5000,0,5000
2010/02/08,0,16000,-2000,14000
2010/02/09,0,9000,0,9000
2010/02/10,0,21000,-400000,-379000
2010/02/11,0,0,0,0
2010/02/12,0,0,0,0
2010/02/15,0,0,0,0
2010/02/16,0,0,0,0
2010/02/17,0,0,0,0
2010/02/18,0,0,0,0
2010/02/19,0,0,0,0
2010/02/22,0,8000,0,8000
2010/02/23,0,18000,0,18000
2010/02/24,0,6000,0,6000
2010/02/25,0,5000,0,5000
2010/02/26,0,21000,-5000,16000
2010/03/01,0,126000,0,126000
2010/03/02,0,0,0,0
2010/03/03,0,0,0,0
2010/03/04,0,700000,-6000,694000
2010/03/05,0,2000,0,2000
2010/03/08,0,370000,0,370000
2010/03/09,0,2000,0,2000
2010/03/10,0,0,-7000,-7000
2010/03/11,0,2000,-524000,-522000
2010/03/12,0,0,-571000,-571000
2010/03/15,0,750000,-705583,44417
2010/03/16,0,0,-125000,-125000
2010/03/17,0,6000,-121000,-115000
2010/03/18,0,448000,-4000,444000
2010/03/19,0,1487000,-4000,1483000
2010/03/22,0,0,-4000,-4000
2010/03/23,0,315000,-5000,310000
2010/03/24,0,0,-51000,-51000
2010/03/25,0,0,-5000,-5000
2010/03/26,0,0,-2000,-2000
2010/03/29,0,622000,-6000,616000
2010/03/30,0,3000,-200000,-197000
2010/03/31,0,224000,-3000,221000
2010/04/01,0,0,-1000,-1000
2010/04/02,0,372000,-564000,-192000
2010/04/05,0,0,0,0
2010/04/06,0,0,-203000,-203000
2010/04/07,0,0,-4000,-4000
2010/04/08,0,0,-9000,-9000
2010/04/09,0,0,-3000,-3000
2010/04/12,0,0,-2000,-2000
2010/04/13,0,0,-4000,-4000
2010/04/14,0,513000,-5000,508000
2010/04/15,0,2650000,-4000,2646000
2010/04/16,0,3066000,-7000,3059000
2010/04/19,0,0,-941,-941
2010/04/20,0,2000,-6000,-4000
2010/04/21,0,922000,0,922000
2010/04/22,0,1374000,-160000,1214000
2010/04/23,0,1915000,0,1915000
2010/04/26,0,2633000,0,2633000
2010/04/27,0,1042000,-3000,1039000
2010/04/28,0,2050000,-2000,2048000
2010/04/29,0,0,0,0
2010/04/30,0,2772000,-10000,2762000
2010/05/03,0,0,-2000,-2000
2010/05/04,0,420000,0,420000
2010/05/05,0,6000,-8000,-2000
2010/05/06,0,0,-4000,-4000
2010/05/07,0,83000,0,83000
2010/05/10,0,226000,0,226000
2010/05/11,0,5000,-1000,4000
2010/05/12,0,2000,-2000,0
2010/05/13,0,2000,0,2000
2010/05/14,0,13000,0,13000
2010/05/17,0,2000,-3000,-1000
2010/05/18,0,0,-40000,-40000
2010/05/19,0,0,-140000,-140000
2010/05/20,0,3000,-21000,-18000
2010/05/21,0,36000,-68000,-32000
2010/05/24,0,150000,-5000,145000
2010/05/25,0,2000,0,2000
2010/05/26,0,7000,-82000,-75000
2010/05/27,0,47000,0,47000
2010/05/28,0,0,-4000,-4000
2010/05/31,0,0,0,0
2010/06/01,0,62000,0,62000
2010/06/02,0,0,0,0
2010/06/03,0,0,0,0
2010/06/04,0,0,-4000,-4000
2010/06/07,0,0,-713000,-713000
2010/06/08,0,6000,-1000,5000
2010/06/09,0,3000,0,3000
2010/06/10,0,6000,-1000,5000
2010/06/11,0,0,-367,-367
2010/06/14,0,6000,-963000,-957000
2010/06/15,0,467000,0,467000
2010/06/16,0,0,0,0
2010/06/17,0,0,-224000,-224000
2010/06/18,0,0,-1316000,-1316000
2010/06/21,0,12000,0,12000
2010/06/22,0,0,-3000,-3000
2010/06/23,0,0,-3000,-3000
2010/06/24,0,100000,-68000,32000
2010/06/25,0,0,-596000,-596000
2010/06/28,0,79000,-744000,-665000
2010/06/29,0,7000,0,7000
2010/06/30,0,0,-21000,-21000
2010/07/01,0,0,-230000,-230000
2010/07/02,0,203000,0,203000
2010/07/05,0,20000,-1000,19000
2010/07/06,0,14000,-631000,-617000
2010/07/07,0,50000,0,50000
2010/07/08,0,0,-231000,-231000
2010/07/09,0,0,-453000,-453000
2010/07/12,0,202000,0,202000
2010/07/13,0,0,-4000,-4000
2010/07/14,0,0,0,0
2010/07/15,0,37000,0,37000
2010/07/16,0,0,-828000,-828000
2010/07/19,0,45000,-39000,6000
2010/07/20,0,0,0,0
2010/07/21,0,0,-5000,-5000
2010/07/22,0,4000,0,4000
2010/07/23,0,1000,0,1000
2010/07/26,0,0,0,0
2010/07/27,0,23000,-1918000,-1895000
2010/07/28,0,2000,-1348000,-1346000
2010/07/29,0,0,0,0
2010/07/30,0,91000,0,91000
2010/08/02,0,60000,0,60000
2010/08/03,0,35000,-3000,32000
2010/08/04,0,0,-645000,-645000
2010/08/05,0,0,-2471000,-2471000
2010/08/06,0,0,-13000,-13000
2010/08/09,0,54000,-1001000,-947000
2010/08/10,0,171000,-10000,161000
2010/08/11,0,99000,-2671000,-2572000
2010/08/12,0,0,-2357000,-2357000
2010/08/13,0,71000,-1222000,-1151000
2010/08/16,0,50000,-5000,45000
2010/08/17,0,354000,-8000,346000
2010/08/18,0,350000,-5000,345000
2010/08/19,0,0,-3000,-3000
2010/08/20,0,0,-633000,-633000
2010/08/23,0,0,-155000,-155000
2010/08/24,0,0,-851000,-851000
2010/08/25,0,15000,-9000,6000
2010/08/26,0,0,-5000,-5000
2010/08/27,0,4000,0,4000
2010/08/30,0,11000,-169541,-158541
2010/08/31,0,145000,-74860,70140
2010/09/01,0,0,0,0
2010/09/02,0,7000,-12000,-5000
2010/09/03,0,3000,0,3000
2010/09/06,0,0,-700000,-700000
2010/09/07,0,6000,0,6000
2010/09/08,0,0,0,0
2010/09/09,0,0,-420,-420
2010/09/10,0,0,0,0
2010/09/13,0,0,0,0
2010/09/14,0,0,-3000,-3000
2010/09/15,0,0,-695000,-695000
2010/09/16,0,0,-7000,-7000
2010/09/17,0,117000,-7000,110000
2010/09/20,0,59000,-42000,17000
2010/09/21,0,0,-3000,-3000
2010/09/22,0,0,0,0
2010/09/23,0,0,-8000,-8000
2010/09/24,0,0,-4000,-4000
2010/09/27,0,0,-5000,-5000
2010/09/28,0,120000,0,120000
2010/09/29,0,0,0,0
2010/09/30,0,0,-8000,-8000
2010/10/01,0,0,-2680,-2680
2010/10/04,0,350000,-3000,347000
2010/10/05,0,320000,0,320000
2010/10/06,0,843000,-2000,841000
2010/10/07,0,100000,0,100000
2010/10/08,0,0,-3000,-3000
2010/10/11,0,0,0,0
2010/10/12,0,342000,-2000,340000
2010/10/13,0,100000,-31000,69000
2010/10/14,0,109000,-7000,102000
2010/10/15,0,0,0,0
2010/10/18,0,0,-61000,-61000
2010/10/19,0,306000,-117000,189000
2010/10/20,0,0,0,0
2010/10/21,0,0,0,0
2010/10/22,0,0,-6000,-6000
2010/10/25,0,0,0,0
2010/10/26,0,7000,0,7000
2010/10/27,0,20000,0,20000
2010/10/28,0,400000,0,400000
2010/10/29,0,2100000,0,2100000
2010/11/01,0,200000,0,200000
2010/11/02,0,600000,0,600000
2010/11/03,0,0,-264000,-264000
2010/11/04,0,0,0,0
2010/11/05,0,5000,0,5000
2010/11/08,0,10000,-502000,-492000
2010/11/09,0,6000,-175000,-169000
2010/11/10,0,0,-2440,-2440
2010/11/11,0,411000,0,411000
2010/11/12,0,0,-160000,-160000
2010/11/15,0,0,-1000,-1000
2010/11/16,0,61000,-1000,60000
2010/11/17,0,0,0,0
2010/11/18,0,134000,-150000,-16000
2010/11/19,0,0,0,0
2010/11/22,0,0,-742000,-742000
2010/11/23,0,0,-51000,-51000
2010/11/24,0,0,0,0
2010/11/25,0,140000,-16000,124000
2010/11/26,0,3000,-2000,1000
2010/11/29,0,0,-1000,-1000
2010/11/30,0,0,-23000,-23000
2010/12/01,0,0,-8000,-8000
2010/12/02,0,0,-7000,-7000
2010/12/03,0,0,-8000,-8000
2010/12/06,0,500000,-15000,485000
2010/12/07,0,2000,-1000,1000
2010/12/08,0,0,-413000,-413000
2010/12/09,0,3000,-2000,1000
2010/12/10,0,0,0,0
2010/12/13,0,0,-8000,-8000
2010/12/14,0,0,0,0
2010/12/15,0,0,0,0
2010/12/16,0,110000,-73000,37000
2010/12/17,0,23000,-1153000,-1130000
2010/12/20,0,0,-1615000,-1615000
2010/12/21,0,1000,-340000,-339000
2010/12/22,0,4000,-200000,-196000
2010/12/23,0,0,-156000,-156000
2010/12/24,0,0,0,0
2010/12/27,0,0,-3000,-3000
2010/12/28,0,0,0,0
2010/12/29,0,0,0,0
2010/12/30,0,0,0,0
2010/12/31,0,0,-4000,-4000
2011/01/03,0,0,0,0
2011/01/04,0,0,0,0
2011/01/05,0,0,-48000,-48000
2011/01/06,0,0,0,0
2011/01/07,0,0,-310000,-310000
2011/01/10,0,0,-254000,-254000
2011/01/11,0,0,0,0
2011/01/12,0,0,-404000,-404000
2011/01/13,0,0,-200000,-200000
2011/01/14,0,30000,-208000,-178000
2011/01/17,0,0,0,0
2011/01/18,0,0,0,0
2011/01/19,0,3000,-111000,-108000
2011/01/20,0,0,-3000,-3000
2011/01/21,0,0,-7000,-7000
2011/01/24,0,0,-442600,-442600
2011/01/25,0,9000,0,9000
2011/01/26,0,0,0,0
2011/01/27,0,3000,-2000,1000
2011/01/28,0,0,-557000,-557000
2011/01/31,0,0,0,0
2011/02/01,0,0,0,0
2011/02/02,0,0,0,0
2011/02/03,0,0,0,0
2011/02/04,0,0,0,0
2011/02/07,0,0,0,0
2011/02/08,0,1000,0,1000
2011/02/09,0,0,-230000,-230000
2011/02/10,0,0,-3000,-3000
2011/02/11,0,10000,-50000,-40000
2011/02/14,0,3000,-291300,-288300
2011/02/15,0,6000,-50000,-44000
2011/02/16,0,6000,0,6000
2011/02/17,0,0,0,0
2011/02/18,0,1000,-50400,-49400
2011/02/21,0,0,-4000,-4000
2011/02/22,0,0,0,0
2011/02/23,0,0,-9000,-9000
2011/02/24,0,3000,0,3000
2011/02/25,0,2000,-11000,-9000
2011/02/28,0,0,0,0
2011/03/01,0,0,-100000,-100000
2011/03/02,0,3000,0,3000
2011/03/03,0,0,0,0
2011/03/04,0,0,-180000,-180000
2011/03/07,0,0,0,0
2011/03/08,0,0,0,0
2011/03/09,0,21000,0,21000
2011/03/10,0,0,0,0
2011/03/11,0,15000,0,15000
2011/03/14,0,4000,0,4000
2011/03/15,0,2000,0,2000
2011/03/16,0,0,-1000,-1000
2011/03/17,0,407000,0,407000
2011/03/18,0,1000,-5000,-4000
2011/03/21,0,0,0,0
2011/03/22,0,0,0,0
2011/03/23,0,0,0,0
2011/03/24,0,4000,0,4000
2011/03/25,0,0,0,0
2011/03/28,0,0,0,0
2011/03/29,0,0,0,0
2011/03/30,0,19000,0,19000
2011/03/31,0,0,-112760,-112760
2011/04/01,0,0,-911700,-911700
2011/04/04,0,0,0,0
2011/04/05,0,0,0,0
2011/04/06,0,0,-3000,-3000
2011/04/07,0,0,0,0
2011/04/08,0,0,0,0
2011/04/11,0,1000,0,1000
2011/04/12,0,0,-12000,-12000
2011/04/13,0,0,0,0
2011/04/14,0,2000,0,2000
2011/04/15,0,0,0,0
2011/04/18,0,0,-2000,-2000
2011/04/19,0,4000,0,4000
2011/04/20,0,0,0,0
2011/04/21,0,0,0,0
2011/04/22,0,34000,0,34000
2011/04/25,0,0,-3000,-3000
2011/04/26,0,0,-4000,-4000
2011/04/27,0,325000,-3395,321605
2011/04/28,0,0,-109000,-109000
2011/04/29,0,0,-173000,-173000
2011/05/02,0,0,0,0
2011/05/03,0,29000,0,29000
2011/05/04,0,29000,0,29000
2011/05/05,0,29000,-200000,-171000
2011/05/06,0,29000,0,29000
2011/05/09,0,0,-900000,-900000
2011/05/10,0,0,0,0
2011/05/11,0,0,0,0
2011/05/12,0,8000,-2000,6000
2011/05/13,0,0,-1000,-1000
2011/05/16,0,3000,0,3000
2011/05/17,0,0,0,0
2011/05/18,0,0,0,0
2011/05/19,0,1000,0,1000
2011/05/20,0,161000,-1000,160000
2011/05/23,0,3000,-1000,2000
2011/05/24,0,0,0,0
2011/05/25,0,0,0,0
2011/05/26,0,1000,0,1000
2011/05/27,0,0,0,0
2011/05/30,0,2000,0,2000
2011/05/31,0,0,-1000,-1000
2011/06/01,0,0,0,0
2011/06/02,0,0,0,0
2011/06/03,0,0,0,0
2011/06/06,0,0,0,0
2011/06/07,0,0,0,0
2011/06/08,0,2000,0,2000
2011/06/09,0,0,0,0
2011/06/10,0,0,-180000,-180000
2011/06/13,0,0,0,0
2011/06/14,0,81000,0,81000
2011/06/15,0,120000,0,120000
2011/06/16,0,27000,-6500000,-6473000
2011/06/17,0,799000,-8563000,-7764000
2011/06/20,0,54000,-630380,-576380
2011/06/21,0,9000,-33000,-24000
2011/06/22,0,6000,-16000,-10000
2011/06/23,0,5000,-6000,-1000
2011/06/24,0,5000,-9000,-4000
2011/06/27,0,2000,0,2000
2011/06/28,0,38000,-388040,-350040
2011/06/29,0,31000,-50400,-19400
2011/06/30,0,5000,0,5000
2011/07/01,0,1000,0,1000
2011/07/04,0,578000,0,578000
2011/07/05,0,419000,-2000,417000
2011/07/06,0,0,-1000,-1000
2011/07/07,0,0,0,0
2011/07/08,0,0,-4000,-4000
2011/07/11,0,0,0,0
2011/07/12,0,4000,-75000,-71000
2011/07/13,0,10000,0,10000
2011/07/14,0,0,-30000,-30000
2011/07/15,0,10000,0,10000
2011/07/18,0,3000,0,3000
2011/07/19,0,7000,-959,6041
2011/07/20,0,34000,0,34000
2011/07/21,0,4000,0,4000
2011/07/22,0,0,-10000,-10000
2011/07/25,0,0,-12000,-12000
2011/07/26,0,4000,0,4000
2011/07/27,0,0,-8000,-8000
2011/07/28,0,0,-9000,-9000
2011/07/29,0,0,0,0
2011/08/01,0,4000,0,4000
2011/08/02,0,0,-8000,-8000
2011/08/03,0,19000,-5000,14000
2011/08/04,0,39000,0,39000
2011/08/05,0,40000,0,40000
2011/08/08,0,25000,0,25000
2011/08/09,0,32000,0,32000
2011/08/10,0,31000,-8000,23000
2011/08/11,0,35000,0,35000
2011/08/12,0,2000,-12000,-10000
2011/08/15,0,5000,0,5000
2011/08/16,0,0,-100000,-100000
2011/08/17,0,0,-3000,-3000
2011/08/18,0,67000,0,67000
2011/08/19,0,4000,-38000,-34000
2011/08/22,0,40000,0,40000
2011/08/23,0,4000,0,4000
2011/08/24,0,0,0,0
2011/08/25,0,0,0,0
2011/08/26,0,69000,0,69000
2011/08/29,0,8000,0,8000
2011/08/30,0,1000,0,1000
2011/08/31,0,0,-3000,-3000
2011/09/01,0,0,-2000,-2000
2011/09/02,0,38000,-7000,31000
2011/09/05,0,0,-4000,-4000
2011/09/06,0,0,0,0
2011/09/07,0,11000,0,11000
2011/09/08,0,0,0,0
2011/09/09,0,15000,0,15000
2011/09/12,0,0,0,0
2011/09/13,0,22000,-3492,18508
2011/09/14,0,6000,-7000,-1000
2011/09/15,0,0,-34000,-34000
2011/09/16,0,21000,-1000,20000
2011/09/19,0,8000,0,8000
2011/09/20,0,3000,0,3000
2011/09/21,0,0,-4249,-4249
2011/09/22,0,0,-5000,-5000
2011/09/23,0,5000,0,5000
2011/09/26,0,59000,0,59000
2011/09/27,0,7000,0,7000
2011/09/28,0,0,-4000,-4000
2011/09/29,0,21000,0,21000
2011/09/30,0,0,0,0
2011/10/03,0,0,-2000,-2000
2011/10/04,0,11000,0,11000
2011/10/05,0,19000,0,19000
2011/10/06,0,22000,-1000,21000
2011/10/07,0,3000,0,3000
2011/10/10,0,0,0,0
2011/10/11,0,0,0,0
2011/10/12,0,0,0,0
2011/10/13,0,1000,0,1000
2011/10/14,0,2000,0,2000
2011/10/17,0,0,-2929,-2929
2011/10/18,0,3000,-6820,-3820
2011/10/19,0,0,0,0
2011/10/20,0,0,0,0
2011/10/21,0,0,0,0
2011/10/24,0,5000,-12000,-7000
2011/10/25,0,1000,0,1000
2011/10/26,0,2000,0,2000
2011/10/27,0,4000,0,4000
2011/10/28,0,7000,0,7000
2011/10/31,0,0,-6000,-6000
2011/11/01,0,0,-9000,-9000
2011/11/02,0,8000,0,8000
2011/11/03,0,2000,0,2000
2011/11/04,0,0,-8000,-8000
2011/11/07,0,0,0,0
2011/11/08,0,7000,0,7000
2011/11/09,0,0,0,0
2011/11/10,0,227000,0,227000
2011/11/11,0,0,-1000,-1000
2011/11/14,0,24284,-6000,18284
2011/11/15,0,0,-1000,-1000
2011/11/16,0,675000,0,675000
2011/11/17,0,1246000,-1000,1245000
2011/11/18,0,955000,0,955000
2011/11/21,0,226000,0,226000
2011/11/22,0,242000,-6000,236000
2011/11/23,0,1014000,0,1014000
2011/11/24,0,109000,0,109000
2011/11/25,0,515000,0,515000
2011/11/28,0,4000,0,4000
2011/11/29,0,398000,0,398000
2011/11/30,0,956000,-2000,954000
2011/12/01,0,0,-19000,-19000
2011/12/02,0,1074000,0,1074000
2011/12/05,0,475000,-5000,470000
2011/12/06,0,1333000,0,1333000
2011/12/07,0,98000,0,98000
2011/12/08,0,2053000,0,2053000
2011/12/09,0,2414000,-18642,2395358
2011/12/12,0,903000,0,903000
2011/12/13,0,1607000,0,1607000
2011/12/14,0,781000,0,781000
2011/12/15,0,1196000,0,1196000
2011/12/16,0,406000,-15000,391000
2011/12/19,0,206000,0,206000
2011/12/20,0,89000,0,89000
2011/12/21,0,104000,-12000,92000
2011/12/22,0,7000,0,7000
2011/12/23,0,30000,-5000,25000
2011/12/26,0,0,0,0
2011/12/27,0,132000,0,132000
2011/12/28,0,112000,-5000,107000
2011/12/29,0,405000,0,405000
2011/12/30,0,250000,-8000,242000
2012/01/02,0,560000,-130000,430000
2012/01/03,0,10000,-16000,-6000
2012/01/04,0,341000,0,341000
2012/01/05,0,395000,-9231,385769
2012/01/06,0,342000,-3000,339000
2012/01/09,0,0,-1000,-1000
2012/01/10,0,281000,-2000,279000
2012/01/11,0,0,-6000,-6000
2012/01/12,0,25000,-12000,13000
2012/01/13,0,0,-19000,-19000
2012/01/16,0,0,-5000,-5000
2012/01/17,0,0,-37000,-37000
2012/01/18,0,0,-11000,-11000
2012/01/19,0,0,0,0
2012/01/20,0,0,0,0
2012/01/23,0,0,0,0
2012/01/24,0,0,0,0
2012/01/25,0,0,0,0
2012/01/26,0,0,0,0
2012/01/27,0,0,0,0
2012/01/30,0,0,-17000,-17000
2012/01/31,0,3000,-2000,1000
2012/02/01,0,0,-740000,-740000
2012/02/02,0,0,-367000,-367000
2012/02/03,0,0,-288000,-288000
2012/02/06,0,0,-681000,-681000
2012/02/07,0,0,-977000,-977000
2012/02/08,0,0,-1274000,-1274000
2012/02/09,0,22135,-2637000,-2614865
2012/02/10,0,0,-2000,-2000
2012/02/13,0,0,-1720000,-1720000
2012/02/14,0,0,-592000,-592000
2012/02/15,0,0,-1338000,-1338000
2012/02/16,0,1000,-1852000,-1851000
2012/02/17,0,13000,0,13000
2012/02/20,0,0,-4000,-4000
2012/02/21,0,0,-434000,-434000
2012/02/22,0,0,-1230000,-1230000
2012/02/23,0,0,-115000,-115000
2012/02/24,0,0,-17000,-17000
2012/02/27,0,0,0,0
2012/02/28,0,0,0,0
2012/02/29,0,0,-47000,-47000
2012/03/01,0,0,-450000,-450000
2012/03/02,0,0,-46000,-46000
2012/03/05,0,395000,-1000,394000
2012/03/06,0,0,-1000,-1000
2012/03/07,0,0,0,0
2012/03/08,0,0,-10270,-10270
2012/03/09,0,0,-2000,-2000
2012/03/12,0,0,-3000,-3000
2012/03/13,0,0,-9000,-9000
2012/03/14,0,27000,0,27000
2012/03/15,0,20000,-1000,19000
2012/03/16,0,0,-39000,-39000
2012/03/19,0,500,-3000,-2500
2012/03/20,0,0,-5000,-5000
2012/03/21,0,0,0,0
2012/03/22,0,0,0,0
2012/03/23,0,3035000,0,3035000
2012/03/26,0,335000,-2000,333000
2012/03/27,0,250000,0,250000
2012/03/28,0,0,0,0
2012/03/29,0,0,0,0
2012/03/30,0,75000,-6000,69000
2012/04/02,0,0,-64000,-64000
2012/04/03,0,70000,0,70000
2012/04/04,0,0,0,0
2012/04/05,0,3000,-18736,-15736
2012/04/06,0,0,-80000,-80000
2012/04/09,0,0,-76000,-76000
2012/04/10,0,0,-30000,-30000
2012/04/11,0,0,-50000,-50000
2012/04/12,0,0,-1201000,-1201000
2012/04/13,0,0,-237000,-237000
2012/04/16,0,62000,0,62000
2012/04/17,0,0,0,0
2012/04/18,0,300000,0,300000
2012/04/19,0,0,-337000,-337000
2012/04/20,0,0,0,0
2012/04/23,0,274000,-600000,-326000
2012/04/24,0,441000,-250000,191000
2012/04/25,0,0,0,0
2012/04/26,0,0,-21000,-21000
2012/04/27,0,0,0,0
2012/04/30,0,645000,0,645000
2012/05/01,0,0,0,0
2012/05/02,0,1273000,0,1273000
2012/05/03,0,1007342,0,1007342
2012/05/04,0,350000,-232000,118000
2012/05/07,0,350000,0,350000
2012/05/08,0,500000,0,500000
2012/05/09,0,0,0,0
2012/05/10,0,0,0,0
2012/05/11,0,50000,0,50000
2012/05/14,0,0,0,0
2012/05/15,0,27000,0,27000
2012/05/16,0,56000,0,56000
2012/05/17,0,304000,-200000,104000
2012/05/18,0,355000,-349000,6000
2012/05/21,0,227000,-42415,184585
2012/05/22,0,37000,-20000,17000
2012/05/23,0,37000,-8000,29000
2012/05/24,0,0,0,0
2012/05/25,0,0,0,0
2012/05/28,0,0,0,0
2012/05/29,0,5000,0,5000
2012/05/30,0,0,-4403,-4403
2012/05/31,0,0,0,0
2012/06/01,0,37000,-12000,25000
2012/06/04,0,15000,-300000,-285000
2012/06/05,0,11000,-200000,-189000
2012/06/06,0,112000,-40000,72000
2012/06/07,0,96000,-700000,-604000
2012/06/08,0,188000,0,188000
2012/06/11,0,249000,-500000,-251000
2012/06/12,0,160000,-500000,-340000
2012/06/13,0,244000,0,244000
2012/06/14,0,446000,0,446000
2012/06/15,0,98000,-41000,57000
2012/06/18,0,120000,-301000,-181000
2012/06/19,0,135000,0,135000
2012/06/20,0,190000,0,190000
2012/06/21,0,9000,0,9000
2012/06/22,0,532000,0,532000
2012/06/25,0,0,-25000,-25000
2012/06/26,0,453980,-24000,429980
2012/06/27,0,110000,0,110000
2012/06/28,0,110000,-15000,95000
2012/06/29,0,0,0,0
2012/07/02,0,457000,-308000,149000
2012/07/03,0,7000,-200000,-193000
2012/07/04,0,520000,0,520000
2012/07/05,0,150000,-302000,-152000
2012/07/06,0,0,-10000,-10000
2012/07/09,0,0,0,0
2012/07/10,0,1207000,0,1207000
2012/07/11,0,701000,0,701000
2012/07/12,0,600000,0,600000
2012/07/13,0,673000,0,673000
2012/07/16,0,3010000,0,3010000
2012/07/17,0,2249000,-9000,2240000
2012/07/18,0,1600000,0,1600000
2012/07/19,0,500000,0,500000
2012/07/20,0,554000,0,554000
2012/07/23,0,700000,0,700000
2012/07/24,0,1389000,-113000,1276000
2012/07/25,0,4019000,-130000,3889000
2012/07/26,0,4441000,-107000,4334000
2012/07/27,0,3054000,0,3054000
2012/07/30,0,3700000,0,3700000
2012/07/31,0,1298000,0,1298000
2012/08/01,0,1201000,0,1201000
2012/08/02,0,0,0,0
2012/08/03,0,948000,0,948000
2012/08/06,0,539500,0,539500
2012/08/07,0,2532000,-184000,2348000
2012/08/08,0,588000,-176687,411313
2012/08/09,0,238000,-168000,70000
2012/08/10,0,175000,-563000,-388000
2012/08/13,0,100000,-86000,14000
2012/08/14,0,700000,-113000,587000
2012/08/15,0,14000,-431000,-417000
2012/08/16,0,470000,-69000,401000
2012/08/17,0,465000,-314173,150827
2012/08/20,0,0,-188000,-188000
2012/08/21,0,1498000,-664000,834000
2012/08/22,0,1291000,-106000,1185000
2012/08/23,0,201500,-44000,157500
2012/08/24,0,0,0,0
2012/08/27,0,502000,-161000,341000
2012/08/28,0,136000,-1260000,-1124000
2012/08/29,0,392000,-11000,381000
2012/08/30,0,0,-3000,-3000
2012/08/31,0,1933000,-5000,1928000
2012/09/03,0,700000,-9000,691000
2012/09/04,0,0,-1145000,-1145000
2012/09/05,0,231000,-1535000,-1304000
2012/09/06,0,3000,-62000,-59000
2012/09/07,0,110500,-45000,65500
2012/09/10,0,0,-31000,-31000
2012/09/11,0,60000,0,60000
2012/09/12,0,100000,-649000,-549000
2012/09/13,0,348000,-1000000,-652000
2012/09/14,0,349000,-1000000,-651000
2012/09/17,0,42000,-380000,-338000
2012/09/18,0,95000,-266000,-171000
2012/09/19,0,765000,-334000,431000
2012/09/20,0,843000,-225000,618000
2012/09/21,0,220500,0,220500
2012/09/24,0,1000,-500000,-499000
2012/09/25,0,30000,-100000,-70000
2012/09/26,0,40000,-105000,-65000
2012/09/27,0,421000,-1000,420000
2012/09/28,0,78000,-2000,76000
2012/10/01,0,1000,-200000,-199000
2012/10/02,0,0,0,0
2012/10/03,0,300000,0,300000
2012/10/04,0,200000,-385000,-185000
2012/10/05,0,402000,-20000,382000
2012/10/08,0,200000,-39000,161000
2012/10/09,0,2095000,0,2095000
2012/10/10,0,0,0,0
2012/10/11,0,4450000,-2000,4448000
2012/10/12,0,1840000,-25000,1815000
2012/10/15,0,5078000,-126000,4952000
2012/10/16,0,4076000,0,4076000
2012/10/17,0,182000,-310000,-128000
2012/10/18,0,146000,0,146000
2012/10/19,0,357000,-936000,-579000
2012/10/22,0,3181000,-18000,3163000
2012/10/23,0,2999000,0,2999000
2012/10/24,0,594000,-1000,593000
2012/10/25,0,1000000,-208000,792000
2012/10/26,0,700000,-325000,375000
2012/10/29,0,300000,-2648,297352
2012/10/30,0,133000,-389000,-256000
2012/10/31,0,725000,-202000,523000
2012/11/01,0,350000,0,350000
2012/11/02,0,506000,0,506000
2012/11/05,0,0,-303000,-303000
2012/11/06,0,785000,-400000,385000
2012/11/07,0,1425000,0,1425000
2012/11/08,0,1007000,-1500000,-493000
2012/11/09,0,500000,-150000,350000
2012/11/12,0,0,-1380000,-1380000
2012/11/13,0,29000,-180000,-151000
2012/11/14,0,118000,0,118000
2012/11/15,0,350000,0,350000
2012/11/16,0,0,-80000,-80000
2012/11/19,0,0,-112000,-112000
2012/11/20,0,150000,0,150000
2012/11/21,0,1100000,-1470000,-370000
2012/11/22,0,300000,-8000,292000
2012/11/23,0,588000,0,588000
2012/11/26,0,1866000,-1392000,474000
2012/11/27,0,0,-192000,-192000
2012/11/28,0,1000000,-2513000,-1513000
2012/11/29,0,245000,-1206000,-961000
2012/11/30,0,259000,-747000,-488000
2012/12/03,0,891000,-1500000,-609000
2012/12/04,0,393000,-1572000,-1179000
2012/12/05,0,500000,-485000,15000
2012/12/06,0,470000,-70000,400000
2012/12/07,0,0,-1570000,-1570000
2012/12/10,0,7000,-644000,-637000
2012/12/11,0,0,-50000,-50000
2012/12/12,0,0,-150000,-150000
2012/12/13,0,0,-7000,-7000
2012/12/14,0,0,-361000,-361000
2012/12/17,0,0,-450000,-450000
2012/12/18,0,0,-129000,-129000
2012/12/19,0,0,0,0
2012/12/20,0,350000,-57000,293000
2012/12/21,0,380000,-1028000,-648000
2012/12/24,0,0,-101000,-101000
2012/12/25,0,0,-1828000,-1828000
2012/12/26,0,0,-180000,-180000
2012/12/27,0,0,-128000,-128000
2012/12/28,0,0,-303000,-303000
2012/12/31,0,0,0,0
2013/01/01,0,0,0,0
2013/01/02,0,0,0,0
2013/01/03,0,100000,-95000,5000
2013/01/04,0,70000,-9000,61000
2013/01/07,0,0,-216000,-216000
2013/01/08,0,0,-942000,-942000
2013/01/09,0,69000,-2671000,-2602000
2013/01/10,0,140000,-469000,-329000
2013/01/11,0,40000,-166000,-126000
2013/01/14,0,0,-384000,-384000
2013/01/15,0,4000,-858000,-854000
2013/01/16,0,6000,-36000,-30000
2013/01/17,0,18501,-353000,-334499
2013/01/18,0,210000,-770000,-560000
2013/01/21,0,0,-53000,-53000
2013/01/22,0,37000,-1813000,-1776000
2013/01/23,0,34000,-1787000,-1753000
2013/01/24,0,6000,-2684000,-2678000
2013/01/25,0,35000,-1055000,-1020000
2013/01/28,0,0,-668000,-668000
2013/01/29,0,52000,-2077000,-2025000
2013/01/30,0,18000,-513000,-495000
2013/01/31,0,100000,-306000,-206000
2013/02/01,0,0,-280000,-280000
2013/02/04,0,101000,-503000,-402000
2013/02/05,0,15000,-1477000,-1462000
2013/02/06,0,2000,-1411000,-1409000
2013/02/07,0,0,0,0
2013/02/08,0,0,0,0
2013/02/11,0,0,0,0
2013/02/12,0,0,0,0
2013/02/13,0,0,0,0
2013/02/14,0,0,0,0
2013/02/15,0,0,0,0
2013/02/18,0,17000,-1961500,-1944500
2013/02/19,0,74000,-1570000,-1496000
2013/02/20,0,0,-2600000,-2600000
2013/02/21,0,0,-402000,-402000
2013/02/22,0,0,-953000,-953000
2013/02/25,0,0,-100000,-100000
2013/02/26,0,0,-102000,-102000
2013/02/27,0,355000,-435000,-80000
2013/02/28,0,0,0,0
2013/03/01,0,530000,-37000,493000
2013/03/04,0,390000,-950000,-560000
2013/03/05,0,413000,-414000,-1000
2013/03/06,0,100000,-1000000,-900000
2013/03/07,0,695000,-925000,-230000
2013/03/08,0,425000,-1115000,-690000
2013/03/11,0,90000,-2000,88000
2013/03/12,0,1000,-950000,-949000
2013/03/13,0,65000,-753000,-688000
2013/03/14,0,865000,-5000,860000
2013/03/15,0,3266000,-945000,2321000
2013/03/18,0,123000,-508000,-385000
2013/03/19,0,0,0,0
2013/03/20,0,0,-1000,-1000
2013/03/21,0,0,0,0
2013/03/22,0,522000,-4000,518000
2013/03/25,0,20000,0,20000
2013/03/26,0,50000,-339000,-289000
2013/03/27,0,135000,-221000,-86000
2013/03/28,0,0,-220000,-220000
2013/03/29,0,35000,0,35000
2013/04/01,0,62000,-4000,58000
2013/04/02,0,263000,0,263000
2013/04/03,0,370000,0,370000
2013/04/04,0,0,0,0
2013/04/05,0,0,0,0
2013/04/08,0,4625000,0,4625000
2013/04/09,0,100000,0,100000
2013/04/10,0,1849000,0,1849000
2013/04/11,0,747000,0,747000
2013/04/12,0,3707000,-6000,3701000
2013/04/15,0,1342000,-115000,1227000
2013/04/16,0,3116000,-695000,2421000
2013/04/17,0,905000,-503000,402000
2013/04/18,0,100000,0,100000
2013/04/19,0,5944,-395000,-389056
2013/04/22,0,73000,-525000,-452000
2013/04/23,0,0,-83000,-83000
2013/04/24,0,101000,-3000,98000
2013/04/25,0,0,-55000,-55000
2013/04/26,0,0,-363000,-363000
2013/04/29,0,3000,-323000,-320000
2013/04/30,0,39000,-573000,-534000
2013/05/01,0,0,0,0
2013/05/02,0,0,-814000,-814000
2013/05/03,0,0,-1589000,-1589000
2013/05/06,0,0,-1977000,-1977000
2013/05/07,0,0,-1827000,-1827000
2013/05/08,0,0,-4697000,-4697000
2013/05/09,0,0,-1682000,-1682000
2013/05/10,0,0,-895000,-895000
2013/05/13,0,0,-1071000,-1071000
2013/05/14,0,1000,0,1000
2013/05/15,0,0,-4285000,-4285000
2013/05/16,0,0,-1373000,-1373000
2013/05/17,0,0,-630000,-630000
2013/05/20,0,0,-145000,-145000
2013/05/21,0,2500000,-593000,1907000
2013/05/22,0,15000,-874000,-859000
2013/05/23,0,1500000,-5000,1495000
2013/05/24,0,90000,-71000,19000
2013/05/27,0,1040000,-173000,867000
2013/05/28,0,0,-1000000,-1000000
2013/05/29,0,0,-1002000,-1002000
2013/05/30,0,164000,-402000,-238000
2013/05/31,0,170000,-2401407,-2231407
2013/06/03,0,187000,-2645000,-2458000
2013/06/04,0,0,-1050000,-1050000
2013/06/05,0,0,-2106000,-2106000
2013/06/06,0,38000,-25000,13000
2013/06/07,0,0,-71000,-71000
2013/06/10,0,5000,0,5000
2013/06/11,0,50000,-99000,-49000
2013/06/12,0,0,0,0
2013/06/13,0,800000,-1214000,-414000
2013/06/14,0,0,-76000,-76000
2013/06/17,0,0,0,0
2013/06/18,0,150000,-602000,-452000
2013/06/19,0,0,-189000,-189000
2013/06/20,0,0,0,0
2013/06/21,0,49000,-3000,46000
2013/06/24,0,1000,-42000,-41000
2013/06/25,0,0,0,0
2013/06/26,0,0,-156000,-156000
2013/06/27,0,2000,-150000,-148000
2013/06/28,0,2000,0,2000
2013/07/01,0,0,-3000,-3000
2013/07/02,0,0,0,0
2013/07/03,0,0,0,0
2013/07/04,0,0,-7000,-7000
2013/07/05,0,0,-225000,-225000
2013/07/08,0,1077000,0,1077000
2013/07/09,0,34000,0,34000
2013/07/10,0,95000,0,95000
2013/07/11,0,0,-51420,-51420
2013/07/12,0,0,-7000,-7000
2013/07/15,0,0,-107000,-107000
2013/07/16,0,0,0,0
2013/07/17,0,0,0,0
2013/07/18,0,1000,-400000,-399000
2013/07/19,0,3000,0,3000
2013/07/22,0,0,0,0
2013/07/23,0,4000,0,4000
2013/07/24,0,1000,0,1000
2013/07/25,0,0,-402000,-402000
2013/07/26,0,1171000,0,1171000
2013/07/29,0,1179000,0,1179000
2013/07/30,0,16000,0,16000
2013/07/31,0,728000,-4000,724000
2013/08/01,0,0,0,0
2013/08/02,0,0,0,0
2013/08/05,0,10000,0,10000
2013/08/06,0,253000,0,253000
2013/08/07,0,417000,0,417000
2013/08/08,0,0,0,0
2013/08/09,0,0,0,0
2013/08/12,0,0,0,0
2013/08/13,0,0,0,0
2013/08/14,0,2000,0,2000
2013/08/15,0,842000,-1000,841000
2013/08/16,0,464000,-1000,463000
2013/08/19,0,64000,0,64000
2013/08/20,0,0,0,0
2013/08/21,0,0,0,0
2013/08/22,0,4000,0,4000
2013/08/23,0,7000,0,7000
2013/08/26,0,10000,0,10000
2013/08/27,0,0,0,0
2013/08/28,0,355000,0,355000
2013/08/29,0,304000,0,304000
2013/08/30,0,611000,-3000,608000
2013/09/02,0,177000,0,177000
2013/09/03,0,0,-3669,-3669
2013/09/04,0,0,-500000,-500000
2013/09/05,0,0,-1000,-1000
2013/09/06,0,284000,0,284000
2013/09/09,0,320000,-1000,319000
2013/09/10,0,795000,-7000,788000
2013/09/11,0,116000,0,116000
2013/09/12,0,116000,0,116000
2013/09/13,0,71000,-4000,67000
2013/09/16,0,86000,0,86000
2013/09/17,0,0,0,0
2013/09/18,0,7000,-1398000,-1391000
2013/09/19,0,0,0,0
2013/09/20,0,0,0,0
2013/09/23,0,350000,-5000,345000
2013/09/24,0,500,0,500
2013/09/25,0,0,-1000,-1000
2013/09/26,0,1000,0,1000
2013/09/27,0,0,0,0
2013/09/30,0,2000,-2000,0
2013/10/01,0,0,0,0
2013/10/02,0,492000,-6000,486000
2013/10/03,0,3000,-270000,-267000
2013/10/04,0,1000,-87000,-86000
2013/10/07,0,250000,-533000,-283000
2013/10/08,0,0,0,0
2013/10/09,0,0,-140000,-140000
2013/10/10,0,0,0,0
2013/10/11,0,0,-140000,-140000
2013/10/14,0,0,0,0
2013/10/15,0,0,0,0
2013/10/16,0,0,0,0
2013/10/17,0,1000,0,1000
2013/10/18,0,0,0,0
2013/10/21,0,0,0,0
2013/10/22,0,1000000,-10000,990000
2013/10/23,0,0,0,0
2013/10/24,0,0,0,0
2013/10/25,0,0,-1000,-1000
2013/10/28,0,100000,-4000,96000
2013/10/29,0,0,0,0
2013/10/30,0,380000,0,380000
2013/10/31,0,650000,-2000,648000
2013/11/01,0,340000,-4000,336000
2013/11/04,0,0,0,0
2013/11/05,0,568000,-100000,468000
2013/11/06,0,0,-525000,-525000
2013/11/07,0,0,-405000,-405000
2013/11/08,0,0,0,0
2013/11/11,0,0,0,0
2013/11/12,0,0,0,0
2013/11/13,0,0,-2000,-2000
2013/11/14,0,0,0,0
2013/11/15,0,0,-153000,-153000
2013/11/18,0,0,-90000,-90000
2013/11/19,0,30000,-96000,-66000
2013/11/20,0,0,0,0
2013/11/21,0,120000,-7000,113000
2013/11/22,0,0,-180000,-180000
2013/11/25,0,0,-48170,-48170
2013/11/26,0,0,0,0
2013/11/27,0,0,-50000,-50000
2013/11/28,0,50000,-203000,-153000
2013/11/29,0,101000,0,101000
2013/12/02,0,0,0,0
2013/12/03,0,0,-120000,-120000
2013/12/04,0,0,-2000,-2000
2013/12/05,0,0,0,0
2013/12/06,0,0,-185000,-185000
2013/12/09,0,1100000,-61000,1039000
2013/12/10,0,100000,-65000,35000
2013/12/11,0,0,-50000,-50000
2013/12/12,0,0,-51000,-51000
2013/12/13,0,110000,0,110000
2013/12/16,0,0,-208000,-208000
2013/12/17,0,300000,-1000,299000
2013/12/18,0,1079000,-1000,1078000
2013/12/19,0,1025000,0,1025000
2013/12/20,0,6628000,-321000,6307000
2013/12/23,0,475000,-268222,206778
2013/12/24,0,0,-56000,-56000
2013/12/25,0,0,-345000,-345000
2013/12/26,0,0,0,0
2013/12/27,0,508000,0,508000
2013/12/30,0,250000,-2000,248000
2013/12/31,0,0,-4000,-4000
2014/01/02,0,0,-28000,-28000
2014/01/03,0,0,-1034000,-1034000
2014/01/06,0,0,-56120,-56120
2014/01/07,0,0,-242000,-242000
2014/01/08,0,1000,-112000,-111000
2014/01/09,0,0,-581000,-581000
2014/01/10,0,0,0,0
2014/01/13,0,0,-818000,-818000
2014/01/14,0,2000,-1000,1000
2014/01/15,0,0,-3308000,-3308000
2014/01/16,0,0,-3470000,-3470000
2014/01/17,0,0,-2308000,-2308000
2014/01/20,0,0,-1070000,-1070000
2014/01/21,0,64000,-110000,-46000
2014/01/22,0,0,-403000,-403000
2014/01/23,0,0,-70000,-70000
2014/01/24,0,0,-83000,-83000
2014/01/27,0,0,-215000,-215000
2014/02/05,0,0,-16000,-16000
2014/02/06,0,0,-125000,-125000
2014/02/07,0,0,-13000,-13000
2014/02/10,0,2000,-125000,-123000
2014/02/11,0,0,-1000,-1000
2014/02/12,0,0,0,0
2014/02/13,0,3349,-30000,-26651
2014/02/14,0,0,0,0
2014/02/17,0,0,0,0
2014/02/18,0,0,0,0
2014/02/19,0,0,-131000,-131000
2014/02/20,0,0,-367000,-367000
2014/02/21,0,0,-450000,-450000
2014/02/24,0,0,-92000,-92000
2014/02/25,0,0,-201000,-201000
2014/02/26,0,0,-40000,-40000
2014/02/27,0,0,-426000,-426000
2014/03/03,0,0,-145000,-145000
2014/03/04,0,0,0,0
2014/03/05,0,2499000,-300000,2199000
2014/03/06,0,0,-5000,-5000
2014/03/07,0,1000000,-2000,998000
2014/03/10,0,0,-6000,-6000
2014/03/11,0,0,-603000,-603000
2014/03/12,0,0,-468000,-468000
2014/03/13,0,0,-150000,-150000
2014/03/14,0,1000,-476000,-475000
2014/03/17,0,0,-351000,-351000
2014/03/18,0,300000,-1000,299000
2014/03/19,0,0,-286000,-286000
2014/03/20,0,400000,-456000,-56000
2014/03/21,0,200000,-3145000,-2945000
2014/03/24,0,0,-211864,-211864
2014/03/25,0,0,0,0
2014/03/26,0,0,0,0
2014/03/27,0,0,0,0
2014/03/28,0,0,-2000,-2000
2014/03/31,0,0,0,0
2014/04/01,0,0,-24000,-24000
2014/04/02,0,0,0,0
2014/04/03,0,45000,-2000,43000
2014/04/07,0,0,-13000,-13000
2014/04/08,0,0,0,0
2014/04/09,0,0,0,0
2014/04/10,0,3011,0,3011
2014/04/11,0,0,0,0
2014/04/14,0,0,0,0
2014/04/15,0,0,0,0
2014/04/16,0,0,-1000,-1000
2014/04/17,0,0,-1000,-1000
2014/04/18,0,0,-1000,-1000
2014/04/21,0,0,-1043000,-1043000
2014/04/22,0,0,-1000,-1000
2014/04/23,0,0,-2000,-2000
2014/04/24,0,825000,0,825000
2014/04/25,0,475000,-142000,333000
2014/04/28,0,240000,-278000,-38000
2014/04/29,0,291000,-400000,-109000
2014/04/30,0,25000,-1249000,-1224000
2014/05/02,0,0,0,0
2014/05/05,0,400000,-2375000,-1975000
2014/05/06,0,608000,0,608000
2014/05/07,0,561000,-79000,482000
2014/05/08,0,0,-89000,-89000
2014/05/09,0,600000,-22000,578000
2014/05/12,0,906000,-1869000,-963000
2014/05/13,0,1103000,0,1103000
2014/05/14,0,706000,0,706000
2014/05/15,0,0,0,0
2014/05/16,0,248000,0,248000
2014/05/19,0,0,-1000,-1000
2014/05/20,0,50000,0,50000
2014/05/21,0,260000,0,260000
2014/05/22,0,559000,0,559000
2014/05/23,0,1000000,0,1000000
2014/05/26,0,0,-70000,-70000
2014/05/27,0,365000,-82000,283000
2014/05/28,0,0,-5000,-5000
2014/05/29,0,60000,-3000,57000
2014/05/30,0,0,-3000,-3000
2014/06/03,0,0,0,0
2014/06/04,0,0,0,0
2014/06/05,0,995000,0,995000
2014/06/06,0,8000,0,8000
2014/06/09,0,2000,0,2000
2014/06/10,0,569000,-8000,561000
2014/06/11,0,400000,-9000,391000
2014/06/12,0,13000,-7000,6000
2014/06/13,0,0,-8000,-8000
2014/06/16,0,0,-5000,-5000
2014/06/17,0,0,0,0
2014/06/18,0,0,0,0
2014/06/19,0,1000,-30000,-29000
2014/06/20,0,7946000,-118000,7828000
2014/06/23,0,0,0,0
2014/06/24,0,0,-18000,-18000
2014/06/25,0,445000,-2000,443000
2014/06/26,0,0,0,0
2014/06/27,0,0,0,0
2014/06/30,0,0,-19000,-19000
2014/07/01,0,0,0,0
2014/07/02,0,0,-2397,-2397
2014/07/03,0,0,0,0
2014/07/04,0,0,0,0
2014/07/07,0,0,0,0
2014/07/08,0,0,-3000,-3000
2014/07/09,0,0,0,0
2014/07/10,0,0,0,0
2014/07/11,0,0,0,0
2014/07/14,0,0,0,0
2014/07/15,0,0,-25000,-25000
2014/07/16,0,52000,0,52000
2014/07/17,0,147000,0,147000
2014/07/18,0,232000,0,232000
2014/07/21,0,34000,0,34000
2014/07/22,0,31000,0,31000
2014/07/23,0,0,0,0
2014/07/24,0,4000,0,4000
2014/07/25,0,40000,-128000,-88000
2014/07/28,0,0,0,0
2014/07/29,0,153000,0,153000
2014/07/30,0,388000,-1000,387000
2014/07/31,0,1043000,0,1043000
2014/08/01,0,515000,0,515000
2014/08/04,0,196000,0,196000
2014/08/05,0,200000,0,200000
2014/08/06,0,5000,0,5000
2014/08/07,0,21000,0,21000
2014/08/08,0,28000,0,28000
2014/08/11,0,9000,0,9000
2014/08/12,0,9000,0,9000
2014/08/13,0,575000,0,575000
2014/08/14,0,12000,0,12000
2014/08/15,0,105000,0,105000
2014/08/18,0,2001000,0,2001000
2014/08/19,0,5000,0,5000
2014/08/20,0,203000,0,203000
2014/08/21,0,1063000,-23000,1040000
2014/08/22,0,0,0,0
2014/08/25,0,0,0,0
2014/08/26,0,0,0,0
2014/08/27,0,2000,0,2000
2014/08/28,0,15000,-3000,12000
2014/08/29,0,0,0,0
2014/09/01,0,40000,0,40000
2014/09/02,0,0,0,0
2014/09/03,0,11000,0,11000
2014/09/04,0,240000,-49000,191000
2014/09/05,0,11000,0,11000
2014/09/09,0,100000,0,100000
2014/09/10,0,0,0,0
2014/09/11,0,17000,0,17000
2014/09/12,0,15000,-660000,-645000
2014/09/15,0,0,-1000,-1000
2014/09/16,0,4000,-1000,3000
2014/09/17,0,7000,-29000,-22000
2014/09/18,0,0,0,0
2014/09/19,0,0,-9000,-9000
2014/09/22,0,13721,0,13721
2014/09/23,0,4000,0,4000
2014/09/24,0,2000,0,2000
2014/09/25,0,0,0,0
2014/09/26,0,0,0,0
2014/09/29,0,0,0,0
2014/09/30,0,19000,0,19000
2014/10/01,0,400000,0,400000
2014/10/02,0,0,0,0
2014/10/03,0,0,0,0
2014/10/06,0,5000,0,5000
2014/10/07,0,1000,0,1000
2014/10/08,0,2000,0,2000
2014/10/09,0,1000,0,1000
2014/10/13,0,0,0,0
2014/10/14,0,501000,0,501000
2014/10/15,0,3000,0,3000
2014/10/16,0,0,0,0
2014/10/17,0,3000,0,3000
2014/10/20,0,0,0,0
2014/10/21,0,663000,0,663000
2014/10/22,0,0,0,0
2014/10/23,0,755000,0,755000
2014/10/24,0,140000,0,140000
2014/10/27,0,608000,-1000,607000
2014/10/28,0,1027000,0,1027000
2014/10/29,0,2000,0,2000
2014/10/30,0,211000,0,211000
2014/10/31,0,105000,-2000,103000
2014/11/03,0,133000,-3000,130000
2014/11/04,0,95000,0,95000
2014/11/05,0,156000,0,156000
2014/11/06,0,844000,0,844000
2014/11/07,0,446000,-12000,434000
2014/11/10,0,290000,0,290000
2014/11/11,0,16000,0,16000
2014/11/12,0,63000,0,63000
2014/11/13,0,70000,0,70000
2014/11/14,0,28000,0,28000
2014/11/17,0,0,-23000,-23000
2014/11/18,0,1032000,0,1032000
2014/11/19,0,1915000,-50000,1865000
2014/11/20,0,363000,0,363000
2014/11/21,0,260000,-48000,212000
2014/11/24,0,0,-380000,-380000
2014/11/25,0,0,-180000,-180000
2014/11/26,0,0,-2000,-2000
2014/11/27,0,180000,-101000,79000
2014/11/28,0,28000,0,28000
2014/12/01,0,0,0,0
2014/12/02,0,0,0,0
2014/12/03,0,2000,0,2000
2014/12/04,0,845000,-60000,785000
2014/12/05,0,203000,0,203000
2014/12/08,0,0,-122000,-122000
2014/12/09,0,110000,0,110000
2014/12/10,0,0,-504000,-504000
2014/12/11,0,0,-1391,-1391
2014/12/12,0,80000,0,80000
2014/12/15,0,0,0,0
2014/12/16,0,152000,-355000,-203000
2014/12/17,0,52000,-346000,-294000
2014/12/18,0,3000,-430000,-427000
2014/12/19,0,276000,0,276000
2014/12/22,0,50000,0,50000
2014/12/23,0,0,0,0
2014/12/24,0,0,-607000,-607000
2014/12/25,0,0,-919000,-919000
2014/12/26,0,0,-20000,-20000
2014/12/29,0,0,-5000,-5000
2014/12/30,0,0,-91000,-91000
2014/12/31,0,0,0,0
2015/01/01,0,0,0,0
2015/01/02,0,0,0,0
2015/01/05,0,0,0,0
2015/01/06,0,135000,-520000,-385000
2015/01/07,0,0,-1000,-1000
2015/01/08,0,0,0,0
2015/01/09,0,564000,-166000,398000
2015/01/12,0,0,0,0
2015/01/13,0,2206000,-330000,1876000
2015/01/14,0,1124000,-2000,1122000
2015/01/15,0,1875000,-22000,1853000
2015/01/16,0,968000,-862000,106000
2015/01/19,0,2170000,-105000,2065000
2015/01/20,0,525000,-444000,81000
2015/01/21,0,704000,-370000,334000
2015/01/22,0,589000,-6000,583000
2015/01/23,0,211000,-731000,-520000
2015/01/26,0,114000,-30000,84000
2015/01/27,0,345000,-47000,298000
2015/01/28,0,304000,-940000,-636000
2015/01/29,0,35000,-1000,34000
2015/01/30,0,243000,-11000,232000
2015/02/02,0,18000,0,18000
2015/02/03,0,0,-487000,-487000
2015/02/04,0,1268000,-825000,443000
2015/02/05,0,344000,-574000,-230000
2015/02/06,0,0,-1382000,-1382000
2015/02/09,0,0,-2291000,-2291000
2015/02/10,0,0,-247000,-247000
2015/02/11,0,231000,0,231000
2015/02/12,0,970000,-2000,968000
2015/02/13,0,646000,-215000,431000
2015/02/16,0,0,0,0
2015/02/17,0,0,0,0
2015/02/18,0,0,0,0
2015/02/19,0,0,0,0
2015/02/20,0,0,0,0
2015/02/23,0,0,0,0
2015/02/24,0,150000,0,150000
2015/02/25,0,300000,-1278000,-978000
2015/02/26,0,101000,-658000,-557000
2015/02/27,0,0,0,0
2015/03/02,0,102000,-241000,-139000
2015/03/03,0,110000,-328000,-218000
2015/03/04,0,2844000,-2563000,281000
2015/03/05,0,209000,-1548000,-1339000
2015/03/06,0,812000,-1085000,-273000
2015/03/09,0,129000,-13000,116000
2015/03/10,0,949000,-1861000,-912000
2015/03/11,0,0,-100000,-100000
2015/03/12,0,695000,-67800,627200
2015/03/13,0,180000,0,180000
2015/03/16,0,210000,-1228000,-1018000
2015/03/17,0,0,0,0
2015/03/18,0,0,0,0
2015/03/19,0,20000,-1000,19000
2015/03/20,0,16000,-1570000,-1554000
2015/03/23,0,150000,-339000,-189000
2015/03/24,0,0,-33000,-33000
2015/03/25,0,0,-893000,-893000
2015/03/26,0,0,-284000,-284000
2015/03/27,0,700000,-45000,655000
2015/03/30,0,700000,-111000,589000
2015/03/31,0,294000,-716000,-422000
2015/04/01,0,200000,-740000,-540000
2015/04/02,0,0,0,0
2015/04/03,0,0,0,0
2015/04/06,0,0,0,0
2015/04/07,0,0,-774000,-774000
2015/04/08,0,2000,-162000,-160000
2015/04/09,0,0,-1000000,-1000000
2015/04/10,0,0,-425000,-425000
2015/04/13,0,0,0,0
2015/04/14,0,269000,-543000,-274000
2015/04/15,0,2038000,-867000,1171000
2015/04/16,0,346000,-729000,-383000
2015/04/17,0,231000,-982000,-751000
2015/04/20,0,477000,-2000,475000
2015/04/21,0,275000,-272000,3000
2015/04/22,0,663000,-37000,626000
2015/04/23,0,476000,-194000,282000
2015/04/24,0,831000,-626000,205000
2015/04/27,0,1635000,-50000,1585000
2015/04/28,0,0,-473000,-473000
2015/04/29,0,0,-5000,-5000
2015/04/30,0,0,-61000,-61000
2015/05/01,0,0,0,0
2015/05/04,0,0,-215000,-215000
2015/05/05,0,100000,-152000,-52000
2015/05/06,0,0,0,0
2015/05/07,0,25000,0,25000
2015/05/08,0,53000,0,53000
2015/05/11,0,451000,0,451000
2015/05/12,0,1388000,0,1388000
2015/05/13,0,842000,0,842000
2015/05/14,0,352000,0,352000
2015/05/15,0,625000,-3000,622000
2015/05/18,0,80000,-209000,-129000
2015/05/19,0,80000,-66000,14000
2015/05/20,0,2000,-350000,-348000
2015/05/21,0,0,0,0
2015/05/22,0,0,-39000,-39000
2015/05/25,0,79000,0,79000
2015/05/26,0,30000,0,30000
2015/05/27,0,0,0,0
2015/05/28,0,0,-1540000,-1540000
2015/05/29,0,5000,-1485000,-1480000
2015/06/01,0,0,-187000,-187000
2015/06/02,0,0,-277000,-277000
2015/06/03,0,0,-76000,-76000
2015/06/04,0,387176,-182000,205176
2015/06/05,0,0,-157000,-157000
2015/06/08,0,30000,0,30000
2015/06/09,0,0,0,0
2015/06/10,0,0,-505000,-505000
2015/06/11,0,0,0,0
2015/06/12,0,0,-82000,-82000
2015/06/15,0,0,0,0
2015/06/16,0,0,0,0
2015/06/17,0,0,-49000,-49000
2015/06/18,0,0,-349000,-349000
2015/06/19,0,0,0,0
2015/06/22,0,1000,-8000,-7000
2015/06/23,0,29000,-968000,-939000
2015/06/24,0,0,-508000,-508000
2015/06/25,0,0,-83000,-83000
2015/06/26,0,70000,-27000,43000
2015/06/29,0,0,-126000,-126000
2015/06/30,0,0,-104000,-104000
2015/07/01,0,166000,-569000,-403000
2015/07/02,0,0,-250000,-250000
2015/07/03,0,0,-141000,-141000
2015/07/06,0,0,0,0
2015/07/07,0,0,0,0
2015/07/08,0,0,0,0
2015/07/09,0,1000,-476000,-475000
2015/07/10,0,0,0,0
2015/07/13,0,0,-981000,-981000
2015/07/14,0,0,-858000,-858000
2015/07/15,0,15000,0,15000
2015/07/16,0,0,-306000,-306000
2015/07/17,0,91000,0,91000
2015/07/20,0,0,0,0
2015/07/21,0,151000,0,151000
2015/07/22,0,196000,0,196000
2015/07/23,0,72000,0,72000
2015/07/24,0,241000,0,241000
2015/07/27,0,964000,0,964000
2015/07/28,0,367000,0,367000
2015/07/29,0,1380000,0,1380000
2015/07/30,0,1271000,0,1271000
2015/07/31,0,135000,-390000,-255000
2015/08/03,0,815000,0,815000
2015/08/04,0,36000,0,36000
2015/08/05,0,79000,0,79000
2015/08/06,0,34000,0,34000
2015/08/07,0,158000,0,158000
2015/08/10,0,287000,-2052000,-1765000
2015/08/11,0,50000,-2045000,-1995000
2015/08/12,0,241000,-681000,-440000
2015/08/13,0,2987000,0,2987000
2015/08/14,0,1598000,0,1598000
2015/08/17,0,681000,0,681000
2015/08/18,0,543000,0,543000
2015/08/19,0,239000,0,239000
2015/08/20,0,585000,-589000,-4000
2015/08/21,0,1281000,-1150000,131000
2015/08/24,0,45000,0,45000
2015/08/25,0,356000,-247,355753
2015/08/26,0,676000,-1935000,-1259000
2015/08/27,0,1155000,-1039000,116000
2015/08/28,0,1459000,-3000,1456000
2015/08/31,0,318000,-18000,300000
2015/09/01,0,421000,-805000,-384000
2015/09/02,0,217000,-821000,-604000
2015/09/03,0,998000,-83000,915000
2015/09/04,0,576000,-184000,392000
2015/09/07,0,24000,0,24000
2015/09/08,0,413000,0,413000
2015/09/09,0,5000,0,5000
2015/09/10,0,0,-182000,-182000
2015/09/11,0,8000,-137000,-129000
2015/09/14,0,4000,-824000,-820000
2015/09/15,0,4000,-761000,-757000
2015/09/16,0,0,-1052000,-1052000
2015/09/17,0,0,-518000,-518000
2015/09/18,0,10000,-348000,-338000
2015/09/21,0,290000,-2269000,-1979000
2015/09/22,0,581,-1399000,-1398419
2015/09/23,0,0,-227000,-227000
2015/09/24,0,55000,-40000,15000
2015/09/25,0,800000,0,800000
2015/09/28,0,0,0,0
2015/09/29,0,0,0,0
2015/09/30,0,220000,-103000,117000
2015/10/01,0,938000,-409000,529000
2015/10/02,0,154000,0,154000
2015/10/05,0,734000,0,734000
2015/10/06,0,300000,-1015000,-715000
2015/10/07,0,3000,-524000,-521000
2015/10/08,0,0,-3230000,-3230000
2015/10/09,0,0,0,0
2015/10/12,0,35000,-338000,-303000
2015/10/13,0,0,0,0
2015/10/14,0,0,-1011000,-1011000
2015/10/15,0,0,-784000,-784000
2015/10/16,0,35000,0,35000
2015/10/19,0,20000,0,20000
2015/10/20,0,50000,0,50000
2015/10/21,0,30000,-18000,12000
2015/10/22,0,0,-223000,-223000
2015/10/23,0,0,-113000,-113000
2015/10/26,0,0,0,0
2015/10/27,0,0,-1063000,-1063000
2015/10/28,0,0,-869000,-869000
2015/10/29,0,20000,-822000,-802000
2015/10/30,0,235000,-677000,-442000
2015/11/02,0,0,-318000,-318000
2015/11/03,0,4000,-580000,-576000
2015/11/04,0,30000,-443000,-413000
2015/11/05,0,1000,0,1000
2015/11/06,0,0,-540000,-540000
2015/11/09,0,79000,0,79000
2015/11/10,0,0,-310000,-310000
2015/11/11,0,105000,-598000,-493000
2015/11/12,0,20000,0,20000
2015/11/13,0,20000,0,20000
2015/11/16,0,0,-80000,-80000
2015/11/17,0,0,-400000,-400000
2015/11/18,0,0,0,0
2015/11/19,0,0,-28000,-28000
2015/11/20,0,0,-87000,-87000
2015/11/23,0,0,-1000,-1000
2015/11/24,0,0,-820000,-820000
2015/11/25,0,0,-405000,-405000
2015/11/26,0,20000,0,20000
2015/11/27,0,0,-194000,-194000
2015/11/30,0,15000,0,15000
2015/12/01,0,0,-783000,-783000
2015/12/02,0,31000,-100000,-69000
2015/12/03,0,0,-159000,-159000
2015/12/04,0,20000,-500000,-480000
2015/12/07,0,0,-76000,-76000
2015/12/08,0,132000,0,132000
2015/12/09,0,152000,-353000,-201000
2015/12/10,0,0,0,0
2015/12/11,0,0,0,0
2015/12/14,0,0,-100720,-100720
2015/12/15,0,0,-363000,-363000
2015/12/16,0,700000,-414000,286000
2015/12/17,0,0,-475000,-475000
2015/12/18,0,10000,-354000,-344000
2015/12/21,0,0,-316000,-316000
2015/12/22,0,0,-112000,-112000
2015/12/23,0,680000,-159000,521000
2015/12/24,0,0,0,0
2015/12/25,0,0,0,0
2015/12/28,0,0,-71000,-71000
2015/12/29,0,0,-35000,-35000
2015/12/30,0,0,-433000,-433000
2015/12/31,0,0,0,0
2016/01/01,0,0,0,0
2016/01/04,0,0,0,0
2016/01/05,0,0,-3000,-3000
2016/01/06,0,17000,0,17000
2016/01/07,0,71000,-3000,68000
2016/01/08,0,0,0,0
2016/01/11,0,0,0,0
2016/01/12,0,0,-1000,-1000
2016/01/13,0,0,0,0
2016/01/14,0,20000,0,20000
2016/01/15,0,0,-17000,-17000
2016/01/18,0,0,-59000,-59000
2016/01/19,0,0,-1235000,-1235000
2016/01/20,0,0,-576000,-576000
2016/01/21,0,0,-1248000,-1248000
2016/01/22,0,0,-713000,-713000
2016/01/25,0,7000,-2000,5000
2016/01/26,0,0,0,0
2016/01/27,0,0,-120000,-120000
2016/01/28,0,0,-2974000,-2974000
2016/01/29,0,500000,-137000,363000
2016/02/01,0,0,-10000,-10000
2016/02/02,0,0,-70000,-70000
2016/02/03,0,0,-470000,-470000
2016/02/04,0,0,0,0
2016/02/05,0,0,0,0
2016/02/08,0,0,0,0
2016/02/09,0,0,0,0
2016/02/10,0,0,0,0
2016/02/11,0,0,0,0
2016/02/12,0,0,0,0
2016/02/15,0,0,-70171,-70171
2016/02/16,0,50000,-120000,-70000
2016/02/17,0,1000,0,1000
2016/02/18,0,0,0,0
2016/02/19,0,1000,-2000,-1000
2016/02/22,0,0,-41000,-41000
2016/02/23,0,90000,0,90000
2016/02/24,0,22000,-40000,-18000
2016/02/25,0,0,0,0
2016/02/26,0,0,0,0
2016/02/29,0,0,0,0
2016/03/01,0,0,0,0
2016/03/02,0,0,-12986,-12986
2016/03/03,0,77000,0,77000
2016/03/04,0,1500000,0,1500000
2016/03/07,0,334000,0,334000
2016/03/08,0,1000,0,1000
2016/03/09,0,0,-14000,-14000
2016/03/10,0,0,0,0
2016/03/11,0,0,-100000,-100000
2016/03/14,0,258000,-208000,50000
2016/03/15,0,0,0,0
2016/03/16,0,25000,0,25000
2016/03/17,0,1105000,0,1105000
2016/03/18,0,154000,0,154000
2016/03/21,0,1159000,0,1159000
2016/03/22,0,1135000,0,1135000
2016/03/23,0,75000,0,75000
2016/03/24,0,0,0,0
2016/03/25,0,330000,0,330000
2016/03/28,0,200000,0,200000
2016/03/29,0,555000,-1001000,-446000
2016/03/30,0,829000,-25000,804000
2016/03/31,0,0,0,0
2016/04/01,0,104000,0,104000
2016/04/04,0,0,0,0
2016/04/05,0,0,0,0
2016/04/06,0,15000,0,15000
2016/04/07,0,70000,0,70000
2016/04/08,0,0,-195520,-195520
2016/04/11,0,0,0,0
2016/04/12,0,0,0,0
2016/04/13,0,0,-26000,-26000
2016/04/14,0,0,0,0
2016/04/15,0,25000,-134000,-109000
2016/04/18,0,136000,0,136000
2016/04/19,0,0,0,0
2016/04/20,0,0,0,0
2016/04/21,0,25000,-75000,-50000
2016/04/22,0,35000,0,35000
2016/04/25,0,0,0,0
2016/04/26,0,0,-100000,-100000
2016/04/27,0,0,-59000,-59000
2016/04/28,0,0,-277000,-277000
2016/04/29,0,0,0,0
2016/05/02,0,0,0,0
2016/05/03,0,27000,0,27000
2016/05/04,0,0,-200000,-200000
2016/05/05,0,0,-35000,-35000
2016/05/06,0,0,-17000,-17000
2016/05/09,0,0,0,0
2016/05/10,0,1689,0,1689
2016/05/11,0,0,0,0
2016/05/12,0,0,0,0
2016/05/13,0,0,0,0
2016/05/16,0,0,-250000,-250000
2016/05/17,0,0,-147000,-147000
2016/05/18,0,0,0,0
2016/05/19,0,0,0,0
2016/05/20,0,0,0,0
2016/05/23,0,0,0,0
2016/05/24,0,0,0,0
2016/05/25,0,0,0,0
2016/05/26,0,0,-85000,-85000
2016/05/27,0,0,0,0
2016/05/30,0,0,0,0
2016/05/31,0,0,-1000,-1000
2016/06/01,0,0,-17000,-17000
2016/06/02,0,0,-3000,-3000
2016/06/03,0,0,0,0
2016/06/06,0,0,-336000,-336000
2016/06/07,0,0,0,0
2016/06/08,0,0,-105000,-105000
2016/06/09,0,0,0,0
2016/06/10,0,0,0,0
2016/06/13,0,0,0,0
2016/06/14,0,0,0,0
2016/06/15,0,0,-63000,-63000
2016/06/16,0,0,-562000,-562000
2016/06/17,0,0,-1193000,-1193000
2016/06/20,0,0,-5000,-5000
2016/06/21,0,0,-498000,-498000
2016/06/22,0,0,-110000,-110000
2016/06/23,0,0,0,0
2016/06/24,0,64000,-30000,34000
2016/06/27,0,60000,-69000,-9000
2016/06/28,0,1000,0,1000
2016/06/29,0,0,-1000000,-1000000
2016/06/30,0,0,-1000000,-1000000
2016/07/01,0,0,-816000,-816000
2016/07/04,0,0,-45000,-45000
2016/07/05,0,0,-147000,-147000
2016/07/06,0,0,-281000,-281000
2016/07/07,0,0,0,0
2016/07/08,0,0,0,0
2016/07/11,0,0,-281000,-281000
2016/07/12,0,90000,-20000,70000
2016/07/13,0,0,0,0
2016/07/14,0,300000,-66000,234000
2016/07/15,0,0,-90000,-90000
2016/07/18,0,200000,0,200000
2016/07/19,0,519000,-1000,518000
2016/07/20,0,23000,-26000,-3000
2016/07/21,0,2000,-108000,-106000
2016/07/22,0,39000,-28000,11000
2016/07/25,0,109000,0,109000
2016/07/26,0,36000,-10000,26000
2016/07/27,0,80000,-2000,78000
2016/07/28,0,80000,0,80000
2016/07/29,0,503,-36000,-35497
2016/08/01,0,60000,0,60000
2016/08/02,0,50000,-2000,48000
2016/08/03,0,8000,-4000,4000
2016/08/04,0,65000,-258000,-193000
2016/08/05,0,150000,-256000,-106000
2016/08/08,0,0,-3000,-3000
2016/08/09,0,0,0,0
2016/08/10,0,177000,-166000,11000
2016/08/11,0,251000,-1000,250000
2016/08/12,0,30000,-3000,27000
2016/08/15,0,0,0,0
2016/08/16,0,0,-4000,-4000
2016/08/17,0,50000,0,50000
2016/08/18,0,444000,-2000,442000
2016/08/19,0,1000,-179000,-178000
2016/08/22,0,7000,0,7000
2016/08/23,0,20000,-1000,19000
2016/08/24,0,50000,-3000,47000
2016/08/25,0,0,0,0
2016/08/26,0,267000,0,267000
2016/08/29,0,300000,-110000,190000
2016/08/30,0,218000,0,218000
2016/08/31,0,0,0,0
2016/09/01,0,255000,0,255000
2016/09/02,0,0,-289000,-289000
2016/09/05,0,203000,-10000,193000
2016/09/06,0,0,0,0
2016/09/07,0,6000,0,6000
2016/09/08,0,0,-267000,-267000
2016/09/09,0,1000,-250000,-249000
2016/09/12,0,0,-688000,-688000
2016/09/13,0,0,-125000,-125000
2016/09/14,0,36000,-115000,-79000
2016/09/15,0,0,0,0
2016/09/16,0,0,0,0
2016/09/19,0,0,0,0
2016/09/20,0,0,0,0
2016/09/21,0,0,0,0
2016/09/22,0,0,0,0
2016/09/23,0,175000,-5000,170000
2016/09/26,0,381000,0,381000
2016/09/27,0,0,0,0
2016/09/28,0,0,0,0
2016/09/29,0,0,0,0
2016/09/30,0,43045,0,43045
2016/10/03,0,5000,0,5000
2016/10/04,0,141000,0,141000
2016/10/05,0,0,0,0
2016/10/06,0,0,0,0
2016/10/07,0,0,0,0
2016/10/10,0,0,0,0
2016/10/11,0,1000,0,1000
2016/10/12,0,10000,0,10000
2016/10/13,0,0,-107000,-107000
2016/10/14,0,0,-133000,-133000
2016/10/17,0,10000,-337000,-327000
2016/10/18,0,0,0,0
2016/10/19,0,0,-324000,-324000
2016/10/20,0,0,-51000,-51000
2016/10/21,0,0,-431000,-431000
2016/10/24,0,0,0,0
2016/10/25,0,0,0,0
2016/10/26,0,0,0,0
2016/10/27,0,0,0,0
2016/10/28,0,0,0,0
2016/10/31,0,0,0,0
2016/11/01,0,0,-33000,-33000
2016/11/02,0,233,0,233
2016/11/03,0,0,-214000,-214000
2016/11/04,0,0,-17000,-17000
2016/11/07,0,10000,-6000,4000
2016/11/08,0,0,0,0
2016/11/09,0,0,-405000,-405000
2016/11/10,0,0,-559000,-559000
2016/11/11,0,0,-998000,-998000
2016/11/14,0,10000,-10000,0
2016/11/15,0,10000,-200000,-190000
2016/11/16,0,15000,0,15000
2016/11/17,0,45000,-385000,-340000
2016/11/18,0,9000,-300000,-291000
2016/11/21,0,50000,0,50000
2016/11/22,0,0,0,0
2016/11/23,0,30000,0,30000
2016/11/24,0,28000,-13000,15000
2016/11/25,0,13000,0,13000
2016/11/28,0,15000,0,15000
2016/11/29,0,16000,-29000,-13000
2016/11/30,0,10000,-1000,9000
2016/12/01,0,0,0,0
2016/12/02,0,20000,0,20000
2016/12/05,0,20000,-901000,-881000
2016/12/06,0,0,0,0
2016/12/07,0,50000,0,50000
2016/12/08,0,35000,-100000,-65000
2016/12/09,0,0,0,0
2016/12/12,0,0,0,0
2016/12/13,0,0,0,0
2016/12/14,0,0,0,0
2016/12/15,0,0,0,0
2016/12/16,0,0,0,0
2016/12/19,0,0,0,0
2016/12/20,0,0,0,0
2016/12/21,0,30000,0,30000
2016/12/22,0,0,0,0
2016/12/23,0,0,0,0
2016/12/26,0,0,0,0
2016/12/27,0,0,0,0
2016/12/28,0,0,0,0
2016/12/29,0,0,0,0
2016/12/30,0,0,0,0
2017/01/02,0,0,0,0
2017/01/03,0,0,0,0
2017/01/04,0,0,0,0
2017/01/05,0,0,-2000,-2000
2017/01/06,0,0,-10000,-10000
2017/01/09,0,30000,0,30000
2017/01/10,0,18000,-300000,-282000
2017/01/11,0,0,0,0
2017/01/12,0,0,-190000,-190000
2017/01/13,0,0,0,0
2017/01/16,0,0,-200000,-200000
2017/01/17,0,0,0,0
2017/01/18,0,0,0,0
2017/01/19,0,1482,0,1482
2017/01/20,0,0,-90000,-90000
2017/01/23,0,612,-201000,-200388
2017/01/24,0,0,0,0
2017/01/25,0,0,0,0
2017/01/26,0,0,0,0
2017/01/27,0,0,0,0
2017/01/30,0,0,0,0
2017/01/31,0,0,0,0
2017/02/01,0,0,0,0
2017/02/02,0,0,0,0
2017/02/03,0,8000,0,8000
2017/02/06,0,18000,0,18000
2017/02/07,0,0,-70000,-70000
2017/02/08,0,0,-136000,-136000
2017/02/09,0,10000,-100000,-90000
2017/02/10,0,0,-20000,-20000
2017/02/13,0,0,-20000,-20000
2017/02/14,0,0,0,0
2017/02/15,0,0,-20000,-20000
2017/02/16,0,0,0,0
2017/02/17,0,0,-11000,-11000
2017/02/20,0,12000,-29000,-17000
2017/02/21,0,0,-20000,-20000
2017/02/22,0,0,-93000,-93000
2017/02/23,0,0,-60000,-60000
2017/02/24,0,0,0,0
2017/02/27,0,0,0,0
2017/02/28,0,0,0,0
2017/03/01,0,0,-6000,-6000
2017/03/02,0,0,-23000,-23000
2017/03/03,0,0,-20000,-20000
2017/03/06,0,0,-12000,-12000
2017/03/07,0,157000,0,157000
2017/03/08,0,0,-354000,-354000
2017/03/09,0,10000,0,10000
2017/03/10,0,350000,-5000,345000
2017/03/13,0,40000,0,40000
2017/03/14,0,25000,-11000,14000
2017/03/15,0,0,0,0
2017/03/16,0,0,0,0
2017/03/17,0,18000,-1000,17000
2017/03/20,0,0,-6000,-6000
2017/03/21,0,0,-4000,-4000
2017/03/22,0,0,0,0
2017/03/23,0,0,0,0
2017/03/24,0,0,-34000,-34000
2017/03/27,0,0,-300000,-300000
2017/03/28,0,0,0,0
2017/03/29,0,236618,0,236618
2017/03/30,0,4191,0,4191
2017/03/31,0,46966,0,46966
2017/04/03,0,0,0,0
2017/04/04,0,0,0,0
2017/04/05,0,67988,0,67988
2017/04/06,0,0,0,0
2017/04/07,0,0,0,0
2017/04/10,0,0,0,0
2017/04/11,0,0,0,0
2017/04/12,0,0,-12000,-12000
2017/04/13,0,88000,0,88000
2017/04/14,0,42000,-3000,39000
2017/04/17,0,0,0,0
2017/04/18,0,0,0,0
2017/04/19,0,2987,0,2987
2017/04/20,0,0,0,0
2017/04/21,0,0,0,0
2017/04/24,0,0,0,0
2017/04/25,0,7,0,7
2017/04/26,0,0,0,0
2017/04/27,0,0,0,0
2017/04/28,0,0,-5000,-5000
2017/05/01,0,0,0,0
2017/05/02,0,0,0,0
2017/05/03,0,12000,0,12000
2017/05/04,0,0,-135750,-135750
2017/05/05,0,0,0,0
2017/05/08,0,0,0,0
2017/05/09,0,0,0,0
2017/05/10,0,28000,0,28000
2017/05/11,0,0,0,0
2017/05/12,0,0,-75000,-75000
2017/05/15,0,116000,0,116000
2017/05/16,0,339000,-75000,264000
2017/05/17,0,0,-73000,-73000
2017/05/18,0,0,-3000,-3000
2017/05/19,0,0,0,0
2017/05/22,0,0,0,0
2017/05/23,0,0,0,0
2017/05/24,0,0,0,0
2017/05/25,0,0,-2000,-2000
2017/05/26,0,0,-16000,-16000
2017/05/29,0,0,0,0
2017/05/30,0,0,0,0
2017/05/31,0,0,-110000,-110000
2017/06/01,0,0,0,0
2017/06/02,0,0,-12000,-12000
2017/06/05,0,183000,-3000,180000
2017/06/06,0,79000,0,79000
2017/06/07,0,0,-4000,-4000
2017/06/08,0,0,0,0
2017/06/09,0,0,-4000,-4000
2017/06/12,0,0,0,0
2017/06/13,0,0,0,0
2017/06/14,0,0,-25000,-25000
2017/06/15,0,0,0,0
2017/06/16,0,86000,-12000,74000
2017/06/19,0,4000,-7000,-3000
2017/06/20,0,0,-8000,-8000
2017/06/21,0,38000,0,38000
2017/06/22,0,0,0,0
2017/06/23,0,0,-3000,-3000
2017/06/26,0,0,-4000,-4000
2017/06/27,0,0,-3000,-3000
2017/06/28,0,300000,0,300000
2017/06/29,0,0,-2000,-2000
2017/06/30,0,0,0,0
2017/07/03,0,225000,-10000,215000
2017/07/04,0,25000,-2000,23000
2017/07/05,0,531000,-4000,527000
2017/07/06,0,0,-105000,-105000
2017/07/07,0,0,-61000,-61000
2017/07/10,0,50000,-127000,-77000
2017/07/11,0,0,0,0
2017/07/12,0,53000,-6000,47000
2017/07/13,0,1000,-5000,-4000
2017/07/14,0,312000,-106000,206000
2017/07/17,0,65150,0,65150
2017/07/18,0,53000,0,53000
2017/07/19,0,0,0,0
2017/07/20,0,3000,-5000,-2000
2017/07/21,0,22000,0,22000
2017/07/24,0,22000,0,22000
2017/07/25,0,2000,0,2000
2017/07/26,0,22000,-4000,18000
2017/07/27,0,23000,-309000,-286000
2017/07/28,0,37000,0,37000
2017/07/31,0,5000,0,5000
2017/08/01,0,3000,-8000,-5000
2017/08/02,0,4000,-5000,-1000
2017/08/03,0,5000,0,5000
2017/08/04,0,7000,0,7000
2017/08/07,0,5000,0,5000
2017/08/08,0,7000,-3000,4000
2017/08/09,0,11000,0,11000
2017/08/10,0,0,0,0
2017/08/11,0,16000,0,16000
2017/08/14,0,0,0,0
2017/08/15,0,4000,-1000,3000
2017/08/16,0,6000,0,6000
2017/08/17,0,1000,-65000,-64000
2017/08/18,0,0,0,0
