Date,Open,Buy,Sell,Total
2007/01/02,0,55000,-5000,50000
2007/01/03,0,27000,-1000,26000
2007/01/04,0,13000,0,13000
2007/01/05,0,10000,0,10000
2007/01/08,0,3000,-67169,-64169
2007/01/09,0,1000,-1000,0
2007/01/10,0,0,-58000,-58000
2007/01/11,0,108000,-149132,-41132
2007/01/12,0,1000,-179000,-178000
2007/01/15,0,2000,-142000,-140000
2007/01/16,0,0,-431000,-431000
2007/01/17,0,6000,-129000,-123000
2007/01/18,0,25000,-85000,-60000
2007/01/19,0,19000,-180000,-161000
2007/01/22,0,8000,-94000,-86000
2007/01/23,0,402000,-950145,-548145
2007/01/24,0,503000,-716000,-213000
2007/01/25,0,22000,-213000,-191000
2007/01/26,0,242000,-170000,72000
2007/01/29,0,254000,-379000,-125000
2007/01/30,0,278000,-281000,-3000
2007/01/31,0,64000,-153000,-89000
2007/02/01,0,96000,-110000,-14000
2007/02/02,0,216000,-98000,118000
2007/02/05,0,44000,-174000,-130000
2007/02/06,0,121000,-605408,-484408
2007/02/07,0,383000,-550000,-167000
2007/02/08,0,223000,-325000,-102000
2007/02/09,0,466000,-655892,-189892
2007/02/12,0,0,-577120,-577120
2007/02/13,0,112000,-543000,-431000
2007/02/14,0,6000,-439618,-433618
2007/02/15,0,0,0,0
2007/02/16,0,0,0,0
2007/02/19,0,0,0,0
2007/02/20,0,0,0,0
2007/02/21,0,0,0,0
2007/02/22,0,0,0,0
2007/02/23,0,0,0,0
2007/02/26,0,5000,-136000,-131000
2007/02/27,0,3000,-27000,-24000
2007/02/28,0,0,0,0
2007/03/01,0,103000,-128000,-25000
2007/03/02,0,0,-81062,-81062
2007/03/05,0,8000,-215000,-207000
2007/03/06,0,0,-190000,-190000
2007/03/07,0,0,-252820,-252820
2007/03/08,0,0,-160000,-160000
2007/03/09,0,43000,-512000,-469000
2007/03/12,0,429000,-514000,-85000
2007/03/13,0,123000,-22000,101000
2007/03/14,0,133000,-9000,124000
2007/03/15,0,154000,0,154000
2007/03/16,0,192000,-5000,187000
2007/03/19,0,152000,-2000,150000
2007/03/20,0,149000,-15000,134000
2007/03/21,0,144000,-5000,139000
2007/03/22,0,196000,-36000,160000
2007/03/23,0,1772000,-1503000,269000
2007/03/26,0,294000,-168000,126000
2007/03/27,0,122000,-131545,-9545
2007/03/28,0,88000,-99000,-11000
2007/03/29,0,65000,-50000,15000
2007/03/30,0,1705000,-1561000,144000
2007/04/02,0,163000,-15000,148000
2007/04/03,0,2289000,-2005000,284000
2007/04/04,0,2278000,-2252000,26000
2007/04/05,0,0,0,0
2007/04/06,0,0,0,0
2007/04/09,0,7000,-150000,-143000
2007/04/10,0,18000,-91000,-73000
2007/04/11,0,1611000,-1075000,536000
2007/04/12,0,525000,-204095,320905
2007/04/13,0,955000,-423000,532000
2007/04/16,0,213000,-300000,-87000
2007/04/17,0,1000,-246000,-245000
2007/04/18,0,0,0,0
2007/04/19,0,10000,-72000,-62000
2007/04/20,0,0,-31000,-31000
2007/04/23,0,135000,0,135000
2007/04/24,0,64000,-4000,60000
2007/04/25,0,60000,-57641,2359
2007/04/26,0,78000,0,78000
2007/04/27,0,70000,0,70000
2007/04/30,0,256000,-262000,-6000
2007/05/01,0,0,0,0
2007/05/02,0,1000,-1000,0
2007/05/03,0,0,-1000,-1000
2007/05/04,0,5000,0,5000
2007/05/07,0,0,-2000,-2000
2007/05/08,0,1000,-55000,-54000
2007/05/09,0,3000,-91000,-88000
2007/05/10,0,1000,-96000,-95000
2007/05/11,0,65000,-1000,64000
2007/05/14,0,939000,-855000,84000
2007/05/15,0,1000,-55355,-54355
2007/05/16,0,28000,-49000,-21000
2007/05/17,0,56000,-121000,-65000
2007/05/18,0,0,-101000,-101000
2007/05/21,0,12000,-84000,-72000
2007/05/22,0,4000,-77000,-73000
2007/05/23,0,1000,-18000,-17000
2007/05/24,0,18000,-5000,13000
2007/05/25,0,18000,-2000,16000
2007/05/28,0,18000,-326000,-308000
2007/05/29,0,0,-1000,-1000
2007/05/30,0,12000,-7000,5000
2007/05/31,0,90000,-6000,84000
2007/06/01,0,0,-2000,-2000
2007/06/04,0,0,-5000,-5000
2007/06/05,0,1000,-6000,-5000
2007/06/06,0,1000,-6000,-5000
2007/06/07,0,0,-584000,-584000
2007/06/08,0,9000,-154000,-145000
2007/06/11,0,0,-190000,-190000
2007/06/12,0,10000,-322000,-312000
2007/06/13,0,0,-4000,-4000
2007/06/14,0,0,-532000,-532000
2007/06/15,0,6000,-798000,-792000
2007/06/18,0,0,0,0
2007/06/19,0,0,0,0
2007/06/20,0,162000,-580000,-418000
2007/06/21,0,127000,-305000,-178000
2007/06/22,0,69000,-4000,65000
2007/06/25,0,93000,-635000,-542000
2007/06/26,0,370000,0,370000
2007/06/27,0,25000,-735000,-710000
2007/06/28,0,322000,-868000,-546000
2007/06/29,0,129000,-90000,39000
2007/07/02,0,4000,-7000,-3000
2007/07/03,0,57000,-12000,45000
2007/07/04,0,71000,-30000,41000
2007/07/05,0,25000,-17000,8000
2007/07/06,0,0,0,0
2007/07/09,0,41000,-1000,40000
2007/07/10,0,56000,-22000,34000
2007/07/11,0,7000,-885339,-878339
2007/07/12,0,4000,-240000,-236000
2007/07/13,0,33000,-342000,-309000
2007/07/16,0,21000,-374000,-353000
2007/07/17,0,26000,-142000,-116000
2007/07/18,0,78000,-525000,-447000
2007/07/19,0,56000,-64000,-8000
2007/07/20,0,18000,-7000,11000
2007/07/23,0,66000,-1000,65000
2007/07/24,0,33000,-4000,29000
2007/07/25,0,305000,-247000,58000
2007/07/26,0,108000,-156000,-48000
2007/07/27,0,498000,-208000,290000
2007/07/30,0,229000,-362000,-133000
2007/07/31,0,96000,-954000,-858000
2007/08/01,0,223000,-666000,-443000
2007/08/02,0,42000,-407000,-365000
2007/08/03,0,201000,-1210000,-1009000
2007/08/06,0,1046000,-75000,971000
2007/08/07,0,2000,-47000,-45000
2007/08/08,0,20000,-38000,-18000
2007/08/09,0,10000,-3000,7000
2007/08/10,0,4000,-183112,-179112
2007/08/13,0,50000,-68000,-18000
2007/08/14,0,457000,0,457000
2007/08/15,0,248000,-834000,-586000
2007/08/16,0,679000,-80000,599000
2007/08/17,0,4000,-15000,-11000
2007/08/20,0,14000,-34800,-20800
2007/08/21,0,5000,-36000,-31000
2007/08/22,0,2000,-5000,-3000
2007/08/23,0,31000,0,31000
2007/08/24,0,17000,-1000,16000
2007/08/27,0,0,-6000,-6000
2007/08/28,0,0,0,0
2007/08/29,0,26000,-607000,-581000
2007/08/30,0,7000,-332000,-325000
2007/08/31,0,35000,-208000,-173000
2007/09/03,0,147000,-188000,-41000
2007/09/04,0,20000,-203000,-183000
2007/09/05,0,652000,-345000,307000
2007/09/06,0,6000,-93000,-87000
2007/09/07,0,161000,-195542,-34542
2007/09/10,0,100000,-160000,-60000
2007/09/11,0,28000,-12000,16000
2007/09/12,0,1000,-17000,-16000
2007/09/13,0,207000,-30000,177000
2007/09/14,0,99000,-5000,94000
2007/09/17,0,98000,-36000,62000
2007/09/18,0,0,0,0
2007/09/19,0,17000,-142000,-125000
2007/09/20,0,45000,-82000,-37000
2007/09/21,0,29000,-91000,-62000
2007/09/24,0,0,0,0
2007/09/25,0,0,0,0
2007/09/26,0,16000,-700000,-684000
2007/09/27,0,79000,-1111000,-1032000
2007/09/28,0,42000,-329000,-287000
2007/10/01,0,86000,-181000,-95000
2007/10/02,0,36000,-1073086,-1037086
2007/10/03,0,67000,-848,66152
2007/10/04,0,174000,-7000,167000
2007/10/05,0,12000,-110000,-98000
2007/10/08,0,7000,-81336,-74336
2007/10/09,0,10000,-52000,-42000
2007/10/10,0,0,0,0
2007/10/11,0,26000,-158000,-132000
2007/10/12,0,97000,-154000,-57000
2007/10/15,0,0,-31000,-31000
2007/10/16,0,0,-4000,-4000
2007/10/17,0,35000,-6000,29000
2007/10/18,0,4000,-5000,-1000
2007/10/19,0,1000,-6000,-5000
2007/10/22,0,1000,-76000,-75000
2007/10/23,0,0,-95000,-95000
2007/10/24,0,9000,-48000,-39000
2007/10/25,0,2000,-2699,-699
2007/10/26,0,38000,-60000,-22000
2007/10/29,0,66000,-380000,-314000
2007/10/30,0,18000,-16601,1399
2007/10/31,0,59000,0,59000
2007/11/01,0,159000,-538000,-379000
2007/11/02,0,13000,-202000,-189000
2007/11/05,0,2000,-178000,-176000
2007/11/06,0,0,-174000,-174000
2007/11/07,0,0,-252000,-252000
2007/11/08,0,0,-322000,-322000
2007/11/09,0,69000,-226252,-157252
2007/11/12,0,3000,-316000,-313000
2007/11/13,0,25000,-144000,-119000
2007/11/14,0,0,-20420,-20420
2007/11/15,0,0,-247000,-247000
2007/11/16,0,2000,-621000,-619000
2007/11/19,0,5000,-1000,4000
2007/11/20,0,60000,-317000,-257000
2007/11/21,0,7000,-111000,-104000
2007/11/22,0,8000,-97457,-89457
2007/11/23,0,9000,-128706,-119706
2007/11/26,0,20000,-132643,-112643
2007/11/27,0,26000,-111000,-85000
2007/11/28,0,0,-436000,-436000
2007/11/29,0,11000,-140000,-129000
2007/11/30,0,239600,-428600,-189000
2007/12/03,0,21000,-34000,-13000
2007/12/04,0,0,-122000,-122000
2007/12/05,0,0,-125000,-125000
2007/12/06,0,13000,-53000,-40000
2007/12/07,0,10000,-114726,-104726
2007/12/10,0,12000,-45000,-33000
2007/12/11,0,5000,-204000,-199000
2007/12/12,0,82000,-39000,43000
2007/12/13,0,15000,-218800,-203800
2007/12/14,0,6000,-37000,-31000
2007/12/17,0,2000,-76000,-74000
2007/12/18,0,821008,-837008,-16000
2007/12/19,0,0,-116000,-116000
2007/12/20,0,1000,-30000,-29000
2007/12/21,0,3000,-126000,-123000
2007/12/24,0,1000,0,1000
2007/12/25,0,0,-3000,-3000
2007/12/26,0,14000,-24192,-10192
2007/12/27,0,0,-41000,-41000
2007/12/28,0,2000,-3000,-1000
2007/12/31,0,0,-1000,-1000
2008/01/01,0,0,0,0
2008/01/02,0,208000,-178552,29448
2008/01/03,0,15000,0,15000
2008/01/04,0,85000,-164000,-79000
2008/01/07,0,31000,-5000,26000
2008/01/08,0,39000,-106000,-67000
2008/01/09,0,12000,-179000,-167000
2008/01/10,0,0,-39000,-39000
2008/01/11,0,1000,-85000,-84000
2008/01/14,0,41000,-91000,-50000
2008/01/15,0,57000,-558000,-501000
2008/01/16,0,34000,-235000,-201000
2008/01/17,0,79000,-169000,-90000
2008/01/18,0,83000,-148138,-65138
2008/01/21,0,3000,-144000,-141000
2008/01/22,0,1000,-255000,-254000
2008/01/23,0,45000,-544000,-499000
2008/01/24,0,4000,-800000,-796000
2008/01/25,0,2000,-268000,-266000
2008/01/28,0,6000,-12000,-6000
2008/01/29,0,14000,-16000,-2000
2008/01/30,0,58000,-290000,-232000
2008/01/31,0,226000,-705000,-479000
2008/02/01,0,46000,-247000,-201000
2008/02/04,0,0,0,0
2008/02/05,0,0,0,0
2008/02/06,0,0,0,0
2008/02/07,0,0,0,0
2008/02/08,0,0,0,0
2008/02/11,0,0,0,0
2008/02/12,0,210000,-165000,45000
2008/02/13,0,0,-55000,-55000
2008/02/14,0,211000,-413000,-202000
2008/02/15,0,28000,-297000,-269000
2008/02/18,0,54000,-133000,-79000
2008/02/19,0,204000,-876000,-672000
2008/02/20,0,107000,-295000,-188000
2008/02/21,0,48000,-100000,-52000
2008/02/22,0,6000,-145000,-139000
2008/02/25,0,24000,-652000,-628000
2008/02/26,0,24000,-152000,-128000
2008/02/27,0,1000,0,1000
2008/02/28,0,0,0,0
2008/02/29,0,85000,-1000,84000
2008/03/03,0,4000,-5000,-1000
2008/03/04,0,128000,-233000,-105000
2008/03/05,0,44000,-147000,-103000
2008/03/06,0,86000,-105000,-19000
2008/03/07,0,126000,-21000,105000
2008/03/10,0,74000,-26000,48000
2008/03/11,0,159000,-86000,73000
2008/03/12,0,88000,-416000,-328000
2008/03/13,0,4000,-341000,-337000
2008/03/14,0,19000,-89000,-70000
2008/03/17,0,1144000,-2381120,-1237120
2008/03/18,0,0,-1298000,-1298000
2008/03/19,0,25000,-40000,-15000
2008/03/20,0,254000,-227000,27000
2008/03/21,0,142000,-345000,-203000
2008/03/24,0,444000,-230000,214000
2008/03/25,0,473000,-310000,163000
2008/03/26,0,171000,-514000,-343000
2008/03/27,0,175000,-272000,-97000
2008/03/28,0,1000,-347980,-346980
2008/03/31,0,107000,-164000,-57000
2008/04/01,0,103000,-135000,-32000
2008/04/02,0,86000,-146000,-60000
2008/04/03,0,22000,-19000,3000
2008/04/04,0,0,0,0
2008/04/07,0,65000,-4000,61000
2008/04/08,0,138000,-186000,-48000
2008/04/09,0,152000,-73000,79000
2008/04/10,0,70000,-532000,-462000
2008/04/11,0,305000,-661000,-356000
2008/04/14,0,174000,-159000,15000
2008/04/15,0,218000,-287000,-69000
2008/04/16,0,533000,-226000,307000
2008/04/17,0,393000,-257000,136000
2008/04/18,0,110000,-135000,-25000
2008/04/21,0,128000,-95000,33000
2008/04/22,0,0,-2070,-2070
2008/04/23,0,40000,0,40000
2008/04/24,0,2000,-2000,0
2008/04/25,0,1000,0,1000
2008/04/28,0,1000,-112000,-111000
2008/04/29,0,29000,-490000,-461000
2008/04/30,0,22000,-134000,-112000
2008/05/01,0,0,0,0
2008/05/02,0,39000,-147000,-108000
2008/05/05,0,11000,-20000,-9000
2008/05/06,0,58000,-16000,42000
2008/05/07,0,0,-200000,-200000
2008/05/08,0,2000,-237000,-235000
2008/05/09,0,1000,-60000,-59000
2008/05/12,0,1000,-5000,-4000
2008/05/13,0,4000,-4000,0
2008/05/14,0,13000,-6000,7000
2008/05/15,0,56000,0,56000
2008/05/16,0,35000,-5000,30000
2008/05/19,0,65000,0,65000
2008/05/20,0,232000,-18000,214000
2008/05/21,0,0,-46000,-46000
2008/05/22,0,179000,-160000,19000
2008/05/23,0,3000,-37000,-34000
2008/05/26,0,5000,-3000,2000
2008/05/27,0,19000,-1000,18000
2008/05/28,0,16000,-125000,-109000
2008/05/29,0,4000,-6000,-2000
2008/05/30,0,133000,-1000,132000
2008/06/02,0,46000,0,46000
2008/06/03,0,3000,-14000,-11000
2008/06/04,0,1000,-14000,-13000
2008/06/05,0,61000,-47000,14000
2008/06/06,0,8000,-10000,-2000
2008/06/09,0,26000,-36000,-10000
2008/06/10,0,24000,-57008,-33008
2008/06/11,0,0,-15000,-15000
2008/06/12,0,2000,-5000,-3000
2008/06/13,0,0,-58000,-58000
2008/06/16,0,0,-308000,-308000
2008/06/17,0,7000,-213000,-206000
2008/06/18,0,25000,-158000,-133000
2008/06/19,0,67000,-286000,-219000
2008/06/20,0,227000,-303000,-76000
2008/06/23,0,8000,-73000,-65000
2008/06/24,0,95000,-100000,-5000
2008/06/25,0,289000,-174000,115000
2008/06/26,0,70000,-56000,14000
2008/06/27,0,44000,-59000,-15000
2008/06/30,0,72000,-93000,-21000
2008/07/01,0,140000,-89000,51000
2008/07/02,0,239000,-239000,0
2008/07/03,0,77000,-120000,-43000
2008/07/04,0,4000,-216000,-212000
2008/07/07,0,67000,-77000,-10000
2008/07/08,0,0,-166000,-166000
2008/07/09,0,44000,-92000,-48000
2008/07/10,0,86000,-1000,85000
2008/07/11,0,13000,-56000,-43000
2008/07/14,0,48000,-9000,39000
2008/07/15,0,0,-111000,-111000
2008/07/16,0,27000,-170000,-143000
2008/07/17,0,15000,-263000,-248000
2008/07/18,0,0,-278000,-278000
2008/07/21,0,121000,-150000,-29000
2008/07/22,0,36000,-59000,-23000
2008/07/23,0,107000,-108000,-1000
2008/07/24,0,0,-35000,-35000
2008/07/25,0,3000,-65000,-62000
2008/07/28,0,0,0,0
2008/07/29,0,0,-71000,-71000
2008/07/30,0,2000,-70000,-68000
2008/07/31,0,12000,-85000,-73000
2008/08/01,0,0,-25000,-25000
2008/08/04,0,7000,-80000,-73000
2008/08/05,0,98000,-93000,5000
2008/08/06,0,32000,-158000,-126000
2008/08/07,0,4000,-38000,-34000
2008/08/08,0,2000,-184000,-182000
2008/08/11,0,0,0,0
2008/08/12,0,14000,-9000,5000
2008/08/13,0,57000,0,57000
2008/08/14,0,41000,-12000,29000
2008/08/15,0,62000,-30000,32000
2008/08/18,0,62000,-36000,26000
2008/08/19,0,67000,-274274,-207274
2008/08/20,0,73000,-187008,-114008
2008/08/21,0,131000,-330000,-199000
2008/08/22,0,87000,-205000,-118000
2008/08/25,0,116000,-90000,26000
2008/08/26,0,159000,-165000,-6000
2008/08/27,0,31000,-95000,-64000
2008/08/28,0,3000,-58000,-55000
2008/08/29,0,1000,-24000,-23000
2008/09/01,0,0,-69000,-69000
2008/09/02,0,3000,-228000,-225000
2008/09/03,0,27000,-75000,-48000
2008/09/04,0,167000,-111000,56000
2008/09/05,0,5000,-592000,-587000
2008/09/08,0,9000,-75000,-66000
2008/09/09,0,0,-120000,-120000
2008/09/10,0,1000,-10000,-9000
2008/09/11,0,2000,-104000,-102000
2008/09/12,0,4000,-162000,-158000
2008/09/15,0,0,-171000,-171000
2008/09/16,0,0,-154000,-154000
2008/09/17,0,11000,-344000,-333000
2008/09/18,0,2000,-11000,-9000
2008/09/19,0,0,-6000,-6000
2008/09/22,0,47000,-18048,28952
2008/09/23,0,21000,-36000,-15000
2008/09/24,0,393227,-395227,-2000
2008/09/25,0,0,0,0
2008/09/26,0,0,-24000,-24000
2008/09/29,0,0,0,0
2008/09/30,0,341000,-337000,4000
2008/10/01,0,7000,-60227,-53227
2008/10/02,0,11000,-19000,-8000
2008/10/03,0,6000,0,6000
2008/10/06,0,10000,-59000,-49000
2008/10/07,0,13000,-15000,-2000
2008/10/08,0,182000,-71000,111000
2008/10/09,0,0,-39000,-39000
2008/10/10,0,0,0,0
2008/10/13,0,0,0,0
2008/10/14,0,20000,-9000,11000
2008/10/15,0,0,0,0
2008/10/16,0,0,-24000,-24000
2008/10/17,0,0,0,0
2008/10/20,0,4000,-9000,-5000
2008/10/21,0,0,-4000,-4000
2008/10/22,0,138000,0,138000
2008/10/23,0,1000,0,1000
2008/10/24,0,22000,0,22000
2008/10/27,0,4000,0,4000
2008/10/28,0,8000,-14000,-6000
2008/10/29,0,11000,-27000,-16000
2008/10/30,0,22000,-9000,13000
2008/10/31,0,35000,-8000,27000
2008/11/03,0,24000,-1000,23000
2008/11/04,0,12000,0,12000
2008/11/05,0,17000,-43000,-26000
2008/11/06,0,0,-22000,-22000
2008/11/07,0,7000,-39000,-32000
2008/11/10,0,1000,-55000,-54000
2008/11/11,0,0,0,0
2008/11/12,0,9000,-6000,3000
2008/11/13,0,1000,-149000,-148000
2008/11/14,0,3000,-3000,0
2008/11/17,0,7000,0,7000
2008/11/18,0,6000,-9000,-3000
2008/11/19,0,0,0,0
2008/11/20,0,0,-2000,-2000
2008/11/21,0,2000,-4000,-2000
2008/11/24,0,1000,0,1000
2008/11/25,0,0,-3000,-3000
2008/11/26,0,1000,-20000,-19000
2008/11/27,0,43000,-1000,42000
2008/11/28,0,0,-32000,-32000
2008/12/01,0,0,-9000,-9000
2008/12/02,0,1000,0,1000
2008/12/03,0,2000,-3000,-1000
2008/12/04,0,1000,-1000,0
2008/12/05,0,0,-1000,-1000
2008/12/08,0,2000,-1000,1000
2008/12/09,0,0,0,0
2008/12/10,0,5000,-50000,-45000
2008/12/11,0,25000,-141000,-116000
2008/12/12,0,46000,-52000,-6000
2008/12/15,0,24000,-2000,22000
2008/12/16,0,4000,-2000,2000
2008/12/17,0,2000,-23000,-21000
2008/12/18,0,55000,-17000,38000
2008/12/19,0,1000,-78000,-77000
2008/12/22,0,1000,-115000,-114000
2008/12/23,0,4000,-4000,0
2008/12/24,0,1000,-72000,-71000
2008/12/25,0,0,0,0
2008/12/26,0,0,-1000,-1000
2008/12/29,0,13000,-37000,-24000
2008/12/30,0,2000,-54000,-52000
2008/12/31,0,6000,-2000,4000
2009/01/01,0,0,0,0
2009/01/02,0,0,0,0
2009/01/05,0,4000,-6000,-2000
2009/01/06,0,0,0,0
2009/01/07,0,12000,0,12000
2009/01/08,0,0,-4000,-4000
2009/01/09,0,15000,0,15000
2009/01/12,0,0,-4000,-4000
2009/01/13,0,3000,-11000,-8000
2009/01/14,0,0,-3000,-3000
2009/01/15,0,6000,0,6000
2009/01/16,0,4000,-43000,-39000
2009/01/19,0,0,-4000,-4000
2009/01/20,0,5000,0,5000
2009/01/21,0,15000,-41000,-26000
2009/01/22,0,0,0,0
2009/01/23,0,0,0,0
2009/01/26,0,0,0,0
2009/01/27,0,0,0,0
2009/01/28,0,0,0,0
2009/01/29,0,0,0,0
2009/01/30,0,0,0,0
2009/02/02,0,8000,-15000,-7000
2009/02/03,0,2000,-7000,-5000
2009/02/04,0,5000,0,5000
2009/02/05,0,0,-4000,-4000
2009/02/06,0,10000,0,10000
2009/02/09,0,0,-1000,-1000
2009/02/10,0,0,-33000,-33000
2009/02/11,0,0,0,0
2009/02/12,0,0,0,0
2009/02/13,0,0,0,0
2009/02/16,0,0,0,0
2009/02/17,0,234000,-10000,224000
2009/02/18,0,174000,0,174000
2009/02/19,0,455000,-80000,375000
2009/02/20,0,207000,-9000,198000
2009/02/23,0,81000,0,81000
2009/02/24,0,235000,-8000,227000
2009/02/25,0,144000,-11000,133000
2009/02/26,0,102000,0,102000
2009/02/27,0,60000,0,60000
2009/03/02,0,40000,-2000,38000
2009/03/03,0,92000,-15000,77000
2009/03/04,0,62000,0,62000
2009/03/05,0,272000,-229000,43000
2009/03/06,0,28000,-69000,-41000
2009/03/09,0,129000,-41000,88000
2009/03/10,0,59000,-25000,34000
2009/03/11,0,44000,-37000,7000
2009/03/12,0,99000,-33000,66000
2009/03/13,0,36000,-13000,23000
2009/03/16,0,127000,-87000,40000
2009/03/17,0,91000,-64000,27000
2009/03/18,0,129000,-115000,14000
2009/03/19,0,120000,-95000,25000
2009/03/20,0,44000,-36000,8000
2009/03/23,0,50000,-41000,9000
2009/03/24,0,10000,-25000,-15000
2009/03/25,0,0,-63000,-63000
2009/03/26,0,3000,-35000,-32000
2009/03/27,0,36000,-73000,-37000
2009/03/30,0,0,-52000,-52000
2009/03/31,0,8000,-46000,-38000
2009/04/01,0,9000,-67000,-58000
2009/04/02,0,37000,-64000,-27000
2009/04/03,0,12000,-128000,-116000
2009/04/06,0,7000,-16000,-9000
2009/04/07,0,29000,-33000,-4000
2009/04/08,0,0,-163000,-163000
2009/04/09,0,47000,-46000,1000
2009/04/10,0,52000,-118000,-66000
2009/04/13,0,49000,-55000,-6000
2009/04/14,0,64000,-81000,-17000
2009/04/15,0,20000,-25000,-5000
2009/04/16,0,12000,-45000,-33000
2009/04/17,0,2000,-76000,-74000
2009/04/20,0,4000,-26000,-22000
2009/04/21,0,82000,0,82000
2009/04/22,0,0,-43000,-43000
2009/04/23,0,2000,-133000,-131000
2009/04/24,0,59000,-98000,-39000
2009/04/27,0,39000,-15000,24000
2009/04/28,0,29000,-25000,4000
2009/04/29,0,77000,-3000,74000
2009/04/30,0,106000,0,106000
2009/05/01,0,0,0,0
2009/05/04,0,89000,0,89000
2009/05/05,0,284000,-30000,254000
2009/05/06,0,78000,-14000,64000
2009/05/07,0,22000,-113000,-91000
2009/05/08,0,169000,-4000,165000
2009/05/11,0,6000,-85000,-79000
2009/05/12,0,69000,-2000,67000
2009/05/13,0,4000,-24000,-20000
2009/05/14,0,1000,-70000,-69000
2009/05/15,0,56000,-111000,-55000
2009/05/18,0,22000,-143000,-121000
2009/05/19,0,62000,-2000,60000
2009/05/20,0,56000,0,56000
2009/05/21,0,0,-119000,-119000
2009/05/22,0,88000,-38000,50000
2009/05/25,0,232000,-41000,191000
2009/05/26,0,16000,-58000,-42000
2009/05/27,0,20000,-6000,14000
2009/05/28,0,0,0,0
2009/05/29,0,0,0,0
2009/06/01,0,63000,-100000,-37000
2009/06/02,0,0,-38000,-38000
2009/06/03,0,130000,0,130000
2009/06/04,0,325000,-346000,-21000
2009/06/05,0,22000,-200000,-178000
2009/06/08,0,0,-105000,-105000
2009/06/09,0,157000,-453000,-296000
2009/06/10,0,172000,-200000,-28000
2009/06/11,0,84000,-255000,-171000
2009/06/12,0,20000,-389000,-369000
2009/06/15,0,0,-202000,-202000
2009/06/16,0,313000,-1000,312000
2009/06/17,0,150000,-296000,-146000
2009/06/18,0,313000,-79000,234000
2009/06/19,0,316000,-200000,116000
2009/06/22,0,304000,-164000,140000
2009/06/23,0,3000,-110000,-107000
2009/06/24,0,67000,-153000,-86000
2009/06/25,0,13000,-122000,-109000
2009/06/26,0,11000,-83000,-72000
2009/06/29,0,33000,-8000,25000
2009/06/30,0,8000,-24000,-16000
2009/07/01,0,49000,0,49000
2009/07/02,0,0,-7000,-7000
2009/07/03,0,0,-5000,-5000
2009/07/06,0,0,-37000,-37000
2009/07/07,0,23000,-3000,20000
2009/07/08,0,0,-38000,-38000
2009/07/09,0,8000,0,8000
2009/07/10,0,1000,-2000,-1000
2009/07/13,0,1000,-30875,-29875
2009/07/14,0,0,-36000,-36000
2009/07/15,0,82000,-13000,69000
2009/07/16,0,1000,-33000,-32000
2009/07/17,0,13000,0,13000
2009/07/20,0,18000,-13000,5000
2009/07/21,0,0,-2000,-2000
2009/07/22,0,96000,0,96000
2009/07/23,0,46000,0,46000
2009/07/24,0,9000,0,9000
2009/07/27,0,43000,0,43000
2009/07/28,0,0,-5000,-5000
2009/07/29,0,0,0,0
2009/07/30,0,0,-1000,-1000
2009/07/31,0,43000,-7000,36000
2009/08/03,0,19000,-17000,2000
2009/08/04,0,54000,-114000,-60000
2009/08/05,0,0,-93000,-93000
2009/08/06,0,19000,-39000,-20000
2009/08/07,0,0,0,0
2009/08/10,0,0,-60000,-60000
2009/08/11,0,28000,-11000,17000
2009/08/12,0,0,0,0
2009/08/13,0,0,-7000,-7000
2009/08/14,0,0,-14000,-14000
2009/08/17,0,0,-4000,-4000
2009/08/18,0,19000,-83000,-64000
2009/08/19,0,13000,-28000,-15000
2009/08/20,0,17000,-2000,15000
2009/08/21,0,0,-47000,-47000
2009/08/24,0,103000,0,103000
2009/08/25,0,27000,-53000,-26000
2009/08/26,0,2000,-43000,-41000
2009/08/27,0,0,-7000,-7000
2009/08/28,0,32000,-3000,29000
2009/08/31,0,0,-25000,-25000
2009/09/01,0,15000,0,15000
2009/09/02,0,10000,-10000,0
2009/09/03,0,0,-22000,-22000
2009/09/04,0,37000,-27000,10000
2009/09/07,0,4000,-18000,-14000
2009/09/08,0,101000,0,101000
2009/09/09,0,23000,0,23000
2009/09/10,0,241000,-27000,214000
2009/09/11,0,45000,0,45000
2009/09/14,0,272000,-8000,264000
2009/09/15,0,143000,-6000,137000
2009/09/16,0,401000,-7000,394000
2009/09/17,0,151000,-5000,146000
2009/09/18,0,61000,-19000,42000
2009/09/21,0,4000,-55000,-51000
2009/09/22,0,130000,-6000,124000
2009/09/23,0,28000,-62000,-34000
2009/09/24,0,43000,-35000,8000
2009/09/25,0,17000,-3000,14000
2009/09/28,0,0,-4000,-4000
2009/09/29,0,14000,-2000,12000
2009/09/30,0,1000,0,1000
2009/10/01,0,8000,0,8000
2009/10/02,0,0,-54000,-54000
2009/10/05,0,22000,-111000,-89000
2009/10/06,0,35000,-25000,10000
2009/10/07,0,23000,-42000,-19000
2009/10/08,0,52000,-26000,26000
2009/10/09,0,4000,-6000,-2000
2009/10/12,0,4000,-35000,-31000
2009/10/13,0,2000,-77000,-75000
2009/10/14,0,20000,-1000,19000
2009/10/15,0,226000,0,226000
2009/10/16,0,100000,0,100000
2009/10/19,0,12000,0,12000
2009/10/20,0,45000,-2000,43000
2009/10/21,0,13000,-26000,-13000
2009/10/22,0,60000,-29000,31000
2009/10/23,0,0,-2000,-2000
2009/10/26,0,82000,0,82000
2009/10/27,0,0,-14000,-14000
2009/10/28,0,44000,-5000,39000
2009/10/29,0,53000,-85000,-32000
2009/10/30,0,19000,-65000,-46000
2009/11/02,0,0,-50000,-50000
2009/11/03,0,0,-34000,-34000
2009/11/04,0,29000,-4000,25000
2009/11/05,0,14000,-41000,-27000
2009/11/06,0,69000,0,69000
2009/11/09,0,20000,-1000,19000
2009/11/10,0,6000,0,6000
2009/11/11,0,172000,-300000,-128000
2009/11/12,0,1000,-301000,-300000
2009/11/13,0,37000,-8000,29000
2009/11/16,0,76000,-1000,75000
2009/11/17,0,91000,-60000,31000
2009/11/18,0,225000,-42000,183000
2009/11/19,0,1000,-7000,-6000
2009/11/20,0,3000,-39000,-36000
2009/11/23,0,0,-3000,-3000
2009/11/24,0,0,-6000,-6000
2009/11/25,0,120000,-6000,114000
2009/11/26,0,0,-8000,-8000
2009/11/27,0,1000,-154000,-153000
2009/11/30,0,4000,-14000,-10000
2009/12/01,0,0,-195000,-195000
2009/12/02,0,0,-17000,-17000
2009/12/03,0,0,-4000,-4000
2009/12/04,0,28000,-2000,26000
2009/12/07,0,21000,-18000,3000
2009/12/08,0,87000,-28000,59000
2009/12/09,0,233000,-71000,162000
2009/12/10,0,0,-112000,-112000
2009/12/11,0,0,-59000,-59000
2009/12/14,0,0,-35000,-35000
2009/12/15,0,54000,-2000,52000
2009/12/16,0,0,-48000,-48000
2009/12/17,0,34000,-68000,-34000
2009/12/18,0,0,-61000,-61000
2009/12/21,0,0,0,0
2009/12/22,0,11000,-8000,3000
2009/12/23,0,8000,0,8000
2009/12/24,0,2000,-2000,0
2009/12/25,0,0,0,0
2009/12/28,0,41000,-72000,-31000
2009/12/29,0,35000,0,35000
2009/12/30,0,0,-2000,-2000
2009/12/31,0,61000,-1000,60000
2010/01/01,0,0,0,0
2010/01/04,0,0,-6000,-6000
2010/01/05,0,0,-17000,-17000
2010/01/06,0,23000,0,23000
2010/01/07,0,120000,-10000,110000
2010/01/08,0,44000,-3000,41000
2010/01/11,0,0,-4000,-4000
2010/01/12,0,3000,-1000,2000
2010/01/13,0,91000,-9000,82000
2010/01/14,0,45000,0,45000
2010/01/15,0,69000,-16000,53000
2010/01/18,0,111000,-3000,108000
2010/01/19,0,26000,-13000,13000
2010/01/20,0,59000,-6000,53000
2010/01/21,0,145000,-21000,124000
2010/01/22,0,5000,-39000,-34000
2010/01/25,0,2000,-23000,-21000
2010/01/26,0,0,-142000,-142000
2010/01/27,0,0,-61000,-61000
2010/01/28,0,0,-6000,-6000
2010/01/29,0,1000,-22000,-21000
2010/02/01,0,0,-38000,-38000
2010/02/02,0,0,-123000,-123000
2010/02/03,0,1000,-37000,-36000
2010/02/04,0,13000,-34000,-21000
2010/02/05,0,0,-110000,-110000
2010/02/08,0,0,-141000,-141000
2010/02/09,0,12000,-10000,2000
2010/02/10,0,1000,-39000,-38000
2010/02/11,0,0,0,0
2010/02/12,0,0,0,0
2010/02/15,0,0,0,0
2010/02/16,0,0,0,0
2010/02/17,0,0,0,0
2010/02/18,0,0,0,0
2010/02/19,0,0,0,0
2010/02/22,0,14000,-2000,12000
2010/02/23,0,0,0,0
2010/02/24,0,0,-10000,-10000
2010/02/25,0,211000,-42000,169000
2010/02/26,0,7000,-5000,2000
2010/03/01,0,45000,-14000,31000
2010/03/02,0,0,-17000,-17000
2010/03/03,0,0,-4000,-4000
2010/03/04,0,0,-43000,-43000
2010/03/05,0,0,0,0
2010/03/08,0,8000,0,8000
2010/03/09,0,0,0,0
2010/03/10,0,1000,-2000,-1000
2010/03/11,0,0,0,0
2010/03/12,0,151000,0,151000
2010/03/15,0,40000,-1000,39000
2010/03/16,0,0,-19000,-19000
2010/03/17,0,53000,0,53000
2010/03/18,0,147000,0,147000
2010/03/19,0,1000,-42000,-41000
2010/03/22,0,10000,-68000,-58000
2010/03/23,0,21000,-1000,20000
2010/03/24,0,44000,0,44000
2010/03/25,0,73000,-14000,59000
2010/03/26,0,124000,-27000,97000
2010/03/29,0,70000,0,70000
2010/03/30,0,6000,-8000,-2000
2010/03/31,0,40000,-10000,30000
2010/04/01,0,123000,-28000,95000
2010/04/02,0,0,-12000,-12000
2010/04/05,0,0,0,0
2010/04/06,0,185000,-75000,110000
2010/04/07,0,81000,-177000,-96000
2010/04/08,0,73000,-39000,34000
2010/04/09,0,116000,-9000,107000
2010/04/12,0,100000,0,100000
2010/04/13,0,252000,-17000,235000
2010/04/14,0,92000,-39000,53000
2010/04/15,0,94000,-37000,57000
2010/04/16,0,104000,-227000,-123000
2010/04/19,0,75000,-55000,20000
2010/04/20,0,48000,-78000,-30000
2010/04/21,0,99000,-101000,-2000
2010/04/22,0,85000,-175000,-90000
2010/04/23,0,0,-218000,-218000
2010/04/26,0,95000,0,95000
2010/04/27,0,96000,-61000,35000
2010/04/28,0,18000,-48000,-30000
2010/04/29,0,0,-41000,-41000
2010/04/30,0,235000,-2000,233000
2010/05/03,0,0,-2000,-2000
2010/05/04,0,102000,-2000,100000
2010/05/05,0,69000,-83000,-14000
2010/05/06,0,10000,-56000,-46000
2010/05/07,0,37000,-44000,-7000
2010/05/10,0,63000,-75000,-12000
2010/05/11,0,3000,-23000,-20000
2010/05/12,0,8000,-11000,-3000
2010/05/13,0,57000,0,57000
2010/05/14,0,11000,-80000,-69000
2010/05/17,0,8000,-4000,4000
2010/05/18,0,33000,0,33000
2010/05/19,0,238000,-88000,150000
2010/05/20,0,2000,-31000,-29000
2010/05/21,0,168000,-275000,-107000
2010/05/24,0,10000,-334000,-324000
2010/05/25,0,39000,-169000,-130000
2010/05/26,0,72000,-63000,9000
2010/05/27,0,52000,-13000,39000
2010/05/28,0,18000,-52000,-34000
2010/05/31,0,9000,-41000,-32000
2010/06/01,0,3000,-68000,-65000
2010/06/02,0,1000,-150000,-149000
2010/06/03,0,1000,0,1000
2010/06/04,0,0,-5000,-5000
2010/06/07,0,3000,-95000,-92000
2010/06/08,0,0,-25000,-25000
2010/06/09,0,11000,-34000,-23000
2010/06/10,0,0,-5000,-5000
2010/06/11,0,23000,0,23000
2010/06/14,0,30000,0,30000
2010/06/15,0,45000,0,45000
2010/06/16,0,0,0,0
2010/06/17,0,187000,-13000,174000
2010/06/18,0,169000,-133000,36000
2010/06/21,0,203000,-3000,200000
2010/06/22,0,13000,0,13000
2010/06/23,0,4000,-4000,0
2010/06/24,0,71000,-1000,70000
2010/06/25,0,186000,-20000,166000
2010/06/28,0,70091,-14000,56091
2010/06/29,0,31000,-39000,-8000
2010/06/30,0,0,-62000,-62000
2010/07/01,0,0,-65000,-65000
2010/07/02,0,11000,-10000,1000
2010/07/05,0,15000,-29000,-14000
2010/07/06,0,80000,-17000,63000
2010/07/07,0,20000,-26000,-6000
2010/07/08,0,152000,0,152000
2010/07/09,0,51000,-3000,48000
2010/07/12,0,46000,-2000,44000
2010/07/13,0,9000,-18000,-9000
2010/07/14,0,20000,0,20000
2010/07/15,0,40000,0,40000
2010/07/16,0,2000,-29526,-27526
2010/07/19,0,178000,0,178000
2010/07/20,0,64000,-8000,56000
2010/07/21,0,62000,-7000,55000
2010/07/22,0,1000,-78000,-77000
2010/07/23,0,64000,-10000,54000
2010/07/26,0,15000,0,15000
2010/07/27,0,2000,-2000,0
2010/07/28,0,1000,0,1000
2010/07/29,0,8000,0,8000
2010/07/30,0,59000,-91000,-32000
2010/08/02,0,37000,0,37000
2010/08/03,0,25000,0,25000
2010/08/04,0,39000,-10000,29000
2010/08/05,0,0,0,0
2010/08/06,0,52000,0,52000
2010/08/09,0,23000,-11000,12000
2010/08/10,0,16000,-1000,15000
2010/08/11,0,152000,-17000,135000
2010/08/12,0,10000,-25000,-15000
2010/08/13,0,20000,-94000,-74000
2010/08/16,0,67000,-54000,13000
2010/08/17,0,27000,-6000,21000
2010/08/18,0,63000,-63000,0
2010/08/19,0,6000,-3000,3000
2010/08/20,0,24000,-3000,21000
2010/08/23,0,94000,-16000,78000
2010/08/24,0,23000,-3000,20000
2010/08/25,0,11000,-78000,-67000
2010/08/26,0,19000,-99000,-80000
2010/08/27,0,61000,-37000,24000
2010/08/30,0,12000,-15000,-3000
2010/08/31,0,52000,-63000,-11000
2010/09/01,0,25000,-1000,24000
2010/09/02,0,46000,-2000,44000
2010/09/03,0,56000,-20000,36000
2010/09/06,0,61000,0,61000
2010/09/07,0,3000,-13000,-10000
2010/09/08,0,0,-43000,-43000
2010/09/09,0,172000,0,172000
2010/09/10,0,134000,0,134000
2010/09/13,0,201000,0,201000
2010/09/14,0,46000,0,46000
2010/09/15,0,77000,-3000,74000
2010/09/16,0,72000,-3000,69000
2010/09/17,0,428000,-9000,419000
2010/09/20,0,6000,-20000,-14000
2010/09/21,0,78000,0,78000
2010/09/22,0,0,0,0
2010/09/23,0,19740,-1000,18740
2010/09/24,0,47000,-3520,43480
2010/09/27,0,7000,-21000,-14000
2010/09/28,0,22000,-64000,-42000
2010/09/29,0,26000,-46000,-20000
2010/09/30,0,14000,-23000,-9000
2010/10/01,0,20000,0,20000
2010/10/04,0,262000,-2000,260000
2010/10/05,0,335000,-52000,283000
2010/10/06,0,870000,0,870000
2010/10/07,0,1028000,-35000,993000
2010/10/08,0,748000,-5000,743000
2010/10/11,0,575000,-76000,499000
2010/10/12,0,14000,-36000,-22000
2010/10/13,0,49000,-19000,30000
2010/10/14,0,128000,-1000,127000
2010/10/15,0,9000,0,9000
2010/10/18,0,33000,-553960,-520960
2010/10/19,0,216000,-68000,148000
2010/10/20,0,97000,-28000,69000
2010/10/21,0,118000,-6000,112000
2010/10/22,0,188000,-21000,167000
2010/10/25,0,35000,0,35000
2010/10/26,0,22000,0,22000
2010/10/27,0,17000,-8000,9000
2010/10/28,0,31000,0,31000
2010/10/29,0,32000,0,32000
2010/11/01,0,187000,0,187000
2010/11/02,0,128000,-48000,80000
2010/11/03,0,213000,-35000,178000
2010/11/04,0,51000,0,51000
2010/11/05,0,70000,0,70000
2010/11/08,0,12000,0,12000
2010/11/09,0,39000,-3000,36000
2010/11/10,0,1000,-67000,-66000
2010/11/11,0,106000,-90000,16000
2010/11/12,0,128000,-7000,121000
2010/11/15,0,367000,-53000,314000
2010/11/16,0,0,-107000,-107000
2010/11/17,0,20000,-146000,-126000
2010/11/18,0,451000,-101000,350000
2010/11/19,0,18000,-157000,-139000
2010/11/22,0,1000,-31000,-30000
2010/11/23,0,10000,-37000,-27000
2010/11/24,0,66000,-44000,22000
2010/11/25,0,1000,-79000,-78000
2010/11/26,0,55000,-47000,8000
2010/11/29,0,232000,-7000,225000
2010/11/30,0,73000,0,73000
2010/12/01,0,45000,0,45000
2010/12/02,0,518000,0,518000
2010/12/03,0,368000,-7000,361000
2010/12/06,0,79000,-3000,76000
2010/12/07,0,48000,0,48000
2010/12/08,0,28000,0,28000
2010/12/09,0,407000,-87000,320000
2010/12/10,0,71000,-6000,65000
2010/12/13,0,51000,-2000,49000
2010/12/14,0,107000,-87000,20000
2010/12/15,0,74000,-132000,-58000
2010/12/16,0,105000,-1000,104000
2010/12/17,0,37000,-1000,36000
2010/12/20,0,29000,0,29000
2010/12/21,0,27000,-28240,-1240
2010/12/22,0,38000,-11335,26665
2010/12/23,0,25000,-2000,23000
2010/12/24,0,1000,0,1000
2010/12/27,0,49000,0,49000
2010/12/28,0,60000,0,60000
2010/12/29,0,56000,-28500,27500
2010/12/30,0,39000,-15000,24000
2010/12/31,0,27000,-8000,19000
2011/01/03,0,24000,0,24000
2011/01/04,0,30000,-75000,-45000
2011/01/05,0,44000,-79000,-35000
2011/01/06,0,40000,-7360,32640
2011/01/07,0,15000,-169000,-154000
2011/01/10,0,70000,-32000,38000
2011/01/11,0,15000,-2000,13000
2011/01/12,0,0,0,0
2011/01/13,0,0,-4000,-4000
2011/01/14,0,17000,-59000,-42000
2011/01/17,0,30000,0,30000
2011/01/18,0,59000,-57000,2000
2011/01/19,0,301000,-1000,300000
2011/01/20,0,19000,-11000,8000
2011/01/21,0,2000,-3000,-1000
2011/01/24,0,0,-2000,-2000
2011/01/25,0,14000,0,14000
2011/01/26,0,0,-1000,-1000
2011/01/27,0,43000,-2000,41000
2011/01/28,0,19000,-10000,9000
2011/01/31,0,0,0,0
2011/02/01,0,0,0,0
2011/02/02,0,0,0,0
2011/02/03,0,0,0,0
2011/02/04,0,0,0,0
2011/02/07,0,0,0,0
2011/02/08,0,99000,-278220,-179220
2011/02/09,0,30000,-24000,6000
2011/02/10,0,10000,-17000,-7000
2011/02/11,0,0,-108000,-108000
2011/02/14,0,2000,-126000,-124000
2011/02/15,0,5000,-164000,-159000
2011/02/16,0,12000,-102000,-90000
2011/02/17,0,7000,-188880,-181880
2011/02/18,0,47000,-1000,46000
2011/02/21,0,22000,-65000,-43000
2011/02/22,0,3000,-254000,-251000
2011/02/23,0,1000,-68000,-67000
2011/02/24,0,15000,-46000,-31000
2011/02/25,0,0,-21000,-21000
2011/02/28,0,0,0,0
2011/03/01,0,10000,-13000,-3000
2011/03/02,0,17000,-107000,-90000
2011/03/03,0,45000,-7000,38000
2011/03/04,0,33000,-87000,-54000
2011/03/07,0,10000,-18000,-8000
2011/03/08,0,26000,-56000,-30000
2011/03/09,0,0,-6000,-6000
2011/03/10,0,0,-1000,-1000
2011/03/11,0,0,-46000,-46000
2011/03/14,0,0,-24000,-24000
2011/03/15,0,11000,-198000,-187000
2011/03/16,0,24000,-2000,22000
2011/03/17,0,12000,-20000,-8000
2011/03/18,0,20000,-119000,-99000
2011/03/21,0,11000,-15000,-4000
2011/03/22,0,73000,-24000,49000
2011/03/23,0,0,-26000,-26000
2011/03/24,0,0,-4000,-4000
2011/03/25,0,17000,-2000,15000
2011/03/28,0,46000,-50000,-4000
2011/03/29,0,66000,0,66000
2011/03/30,0,2000,-1000,1000
2011/03/31,0,20350,-17000,3350
2011/04/01,0,1000,-3000,-2000
2011/04/04,0,0,0,0
2011/04/05,0,0,0,0
2011/04/06,0,57000,-1000,56000
2011/04/07,0,80000,-5000,75000
2011/04/08,0,53000,0,53000
2011/04/11,0,11000,-2000,9000
2011/04/12,0,5000,-3000,2000
2011/04/13,0,37000,-2000,35000
2011/04/14,0,10000,-3000,7000
2011/04/15,0,10000,-7000,3000
2011/04/18,0,4000,-6000,-2000
2011/04/19,0,7000,-5000,2000
2011/04/20,0,89000,-1000,88000
2011/04/21,0,149000,0,149000
2011/04/22,0,119000,-4000,115000
2011/04/25,0,58000,0,58000
2011/04/26,0,91000,-5000,86000
2011/04/27,0,19000,-2000,17000
2011/04/28,0,50000,0,50000
2011/04/29,0,23000,-21000,2000
2011/05/02,0,0,0,0
2011/05/03,0,192000,0,192000
2011/05/04,0,24000,-7000,17000
2011/05/05,0,8000,-6000,2000
2011/05/06,0,25000,-2000,23000
2011/05/09,0,34000,-22000,12000
2011/05/10,0,32000,-6000,26000
2011/05/11,0,40000,-47000,-7000
2011/05/12,0,0,-21000,-21000
2011/05/13,0,17000,-20000,-3000
2011/05/16,0,26000,-66200,-40200
2011/05/17,0,3000,-7000,-4000
2011/05/18,0,93000,-3000,90000
2011/05/19,0,69000,-4000,65000
2011/05/20,0,26000,-2000,24000
2011/05/23,0,13000,-94000,-81000
2011/05/24,0,5000,0,5000
2011/05/25,0,5000,-23000,-18000
2011/05/26,0,4000,-38231,-34231
2011/05/27,0,23000,-32000,-9000
2011/05/30,0,4000,-20000,-16000
2011/05/31,0,46000,-26000,20000
2011/06/01,0,54000,-90000,-36000
2011/06/02,0,58000,-158000,-100000
2011/06/03,0,91000,-51480,39520
2011/06/06,0,0,0,0
2011/06/07,0,51000,-7000,44000
2011/06/08,0,16000,-2000,14000
2011/06/09,0,34000,-1000,33000
2011/06/10,0,8000,-272000,-264000
2011/06/13,0,9000,-75000,-66000
2011/06/14,0,52000,-12000,40000
2011/06/15,0,507000,-319000,188000
2011/06/16,0,1000,-215000,-214000
2011/06/17,0,414000,-727000,-313000
2011/06/20,0,3000,-99000,-96000
2011/06/21,0,70520,-120000,-49480
2011/06/22,0,24000,-178000,-154000
2011/06/23,0,48000,-560000,-512000
2011/06/24,0,279000,-688000,-409000
2011/06/27,0,42000,-585216,-543216
2011/06/28,0,19000,-26000,-7000
2011/06/29,0,94000,-14000,80000
2011/06/30,0,54000,-15000,39000
2011/07/01,0,0,-13000,-13000
2011/07/04,0,3000,-20000,-17000
2011/07/05,0,50000,-112000,-62000
2011/07/06,0,101000,-244000,-143000
2011/07/07,0,27000,-85000,-58000
2011/07/08,0,12000,-2000,10000
2011/07/11,0,0,-4000,-4000
2011/07/12,0,54000,-92000,-38000
2011/07/13,0,167000,-29000,138000
2011/07/14,0,20000,-46000,-26000
2011/07/15,0,186000,-42000,144000
2011/07/18,0,2000,-6000,-4000
2011/07/19,0,39000,-36000,3000
2011/07/20,0,217000,-6000,211000
2011/07/21,0,102000,-1000,101000
2011/07/22,0,181000,0,181000
2011/07/25,0,12000,-9000,3000
2011/07/26,0,63000,0,63000
2011/07/27,0,71000,-20000,51000
2011/07/28,0,6000,-62000,-56000
2011/07/29,0,21000,0,21000
2011/08/01,0,184000,-7000,177000
2011/08/02,0,45000,-14000,31000
2011/08/03,0,17000,-11000,6000
2011/08/04,0,149000,0,149000
2011/08/05,0,54000,-54000,0
2011/08/08,0,12000,-165000,-153000
2011/08/09,0,29000,-73000,-44000
2011/08/10,0,81000,-384000,-303000
2011/08/11,0,79000,-96000,-17000
2011/08/12,0,125000,-110000,15000
2011/08/15,0,12000,-5000,7000
2011/08/16,0,25000,-105000,-80000
2011/08/17,0,23000,-66000,-43000
2011/08/18,0,47000,-196000,-149000
2011/08/19,0,0,-73000,-73000
2011/08/22,0,46000,-18000,28000
2011/08/23,0,145000,0,145000
2011/08/24,0,6000,-56000,-50000
2011/08/25,0,112000,-1000,111000
2011/08/26,0,15000,-25000,-10000
2011/08/29,0,96000,0,96000
2011/08/30,0,18000,-39000,-21000
2011/08/31,0,39000,-54000,-15000
2011/09/01,0,31000,-125000,-94000
2011/09/02,0,50000,-75000,-25000
2011/09/05,0,2000,-182000,-180000
2011/09/06,0,11000,-48000,-37000
2011/09/07,0,2000,0,2000
2011/09/08,0,13000,-54000,-41000
2011/09/09,0,3000,-17000,-14000
2011/09/12,0,0,0,0
2011/09/13,0,0,-26000,-26000
2011/09/14,0,1000,-87000,-86000
2011/09/15,0,7000,-28000,-21000
2011/09/16,0,73000,-7000,66000
2011/09/19,0,0,-6000,-6000
2011/09/20,0,38000,-14120,23880
2011/09/21,0,30000,0,30000
2011/09/22,0,34000,-177000,-143000
2011/09/23,0,54000,-59000,-5000
2011/09/26,0,19000,-6000,13000
2011/09/27,0,97000,-18780,78220
2011/09/28,0,59000,-13000,46000
2011/09/29,0,39000,-27000,12000
2011/09/30,0,56000,-98000,-42000
2011/10/03,0,23000,-32000,-9000
2011/10/04,0,10000,-42000,-32000
2011/10/05,0,14000,-14000,0
2011/10/06,0,35000,-4000,31000
2011/10/07,0,9000,-4000,5000
2011/10/10,0,0,0,0
2011/10/11,0,23000,-19140,3860
2011/10/12,0,26000,-10000,16000
2011/10/13,0,5000,-8000,-3000
2011/10/14,0,0,-15000,-15000
2011/10/17,0,14000,-17000,-3000
2011/10/18,0,7000,-6000,1000
2011/10/19,0,16000,-19000,-3000
2011/10/20,0,12000,-17000,-5000
2011/10/21,0,0,-23000,-23000
2011/10/24,0,141000,-33000,108000
2011/10/25,0,5000,-3620,1380
2011/10/26,0,15000,0,15000
2011/10/27,0,0,-15000,-15000
2011/10/28,0,114000,-25000,89000
2011/10/31,0,26000,-21000,5000
2011/11/01,0,99000,-88000,11000
2011/11/02,0,44000,0,44000
2011/11/03,0,1000,-5000,-4000
2011/11/04,0,87000,-32940,54060
2011/11/07,0,2000,-9000,-7000
2011/11/08,0,12000,0,12000
2011/11/09,0,35000,-2000,33000
2011/11/10,0,21000,-2000,19000
2011/11/11,0,5000,-14000,-9000
2011/11/14,0,9000,0,9000
2011/11/15,0,34000,-2000,32000
2011/11/16,0,10000,-24000,-14000
2011/11/17,0,3000,-16000,-13000
2011/11/18,0,29000,-16000,13000
2011/11/21,0,53000,-7000,46000
2011/11/22,0,44000,-17000,27000
2011/11/23,0,12000,-42000,-30000
2011/11/24,0,59000,-9000,50000
2011/11/25,0,1000,-67000,-66000
2011/11/28,0,44000,-1000,43000
2011/11/29,0,76000,0,76000
2011/11/30,0,201000,-50000,151000
2011/12/01,0,160000,-20000,140000
2011/12/02,0,39000,0,39000
2011/12/05,0,21000,0,21000
2011/12/06,0,13000,-18000,-5000
2011/12/07,0,98000,0,98000
2011/12/08,0,11000,-2000,9000
2011/12/09,0,4000,-28000,-24000
2011/12/12,0,0,0,0
2011/12/13,0,4000,-8000,-4000
2011/12/14,0,0,-4000,-4000
2011/12/15,0,3000,-27000,-24000
2011/12/16,0,2000,-11000,-9000
2011/12/19,0,0,-24000,-24000
2011/12/20,0,29000,0,29000
2011/12/21,0,5000,-28000,-23000
2011/12/22,0,8000,-1000,7000
2011/12/23,0,11000,0,11000
2011/12/26,0,2000,-3000,-1000
2011/12/27,0,9000,-2000,7000
2011/12/28,0,20000,-2000,18000
2011/12/29,0,42000,-33000,9000
2011/12/30,0,23000,-5000,18000
2012/01/02,0,0,0,0
2012/01/03,0,3000,-3000,0
2012/01/04,0,126000,-63000,63000
2012/01/05,0,110000,-56000,54000
2012/01/06,0,20000,-178000,-158000
2012/01/09,0,0,-17000,-17000
2012/01/10,0,10000,-14000,-4000
2012/01/11,0,0,0,0
2012/01/12,0,44000,-6000,38000
2012/01/13,0,41000,-6000,35000
2012/01/16,0,0,-99000,-99000
2012/01/17,0,13000,-10000,3000
2012/01/18,0,3000,-62000,-59000
2012/01/19,0,0,0,0
2012/01/20,0,0,0,0
2012/01/23,0,0,0,0
2012/01/24,0,0,0,0
2012/01/25,0,0,0,0
2012/01/26,0,0,0,0
2012/01/27,0,0,0,0
2012/01/30,0,59000,-83000,-24000
2012/01/31,0,1000,-119000,-118000
2012/02/01,0,9000,-124000,-115000
2012/02/02,0,30000,-63000,-33000
2012/02/03,0,24000,-106000,-82000
2012/02/06,0,4000,-82000,-78000
2012/02/07,0,3000,-134000,-131000
2012/02/08,0,7000,0,7000
2012/02/09,0,11000,-3000,8000
2012/02/10,0,17000,0,17000
2012/02/13,0,10000,-2000,8000
2012/02/14,0,3000,-10000,-7000
2012/02/15,0,45000,-21000,24000
2012/02/16,0,18000,-55000,-37000
2012/02/17,0,90000,-99000,-9000
2012/02/20,0,20000,-113000,-93000
2012/02/21,0,0,-122000,-122000
2012/02/22,0,16000,-78100,-62100
2012/02/23,0,11000,-87000,-76000
2012/02/24,0,70000,-34000,36000
2012/02/27,0,0,0,0
2012/02/28,0,0,0,0
2012/02/29,0,27000,-27000,0
2012/03/01,0,9000,-21000,-12000
2012/03/02,0,5000,-6000,-1000
2012/03/05,0,1000,-19000,-18000
2012/03/06,0,14000,-19000,-5000
2012/03/07,0,7000,-21000,-14000
2012/03/08,0,8000,-46000,-38000
2012/03/09,0,23000,-42000,-19000
2012/03/12,0,5000,-38000,-33000
2012/03/13,0,145000,-60000,85000
2012/03/14,0,85000,-42000,43000
2012/03/15,0,23000,-242000,-219000
2012/03/16,0,48000,-623005,-575005
2012/03/19,0,14000,-65000,-51000
2012/03/20,0,0,-37000,-37000
2012/03/21,0,51000,-68000,-17000
2012/03/22,0,51000,-46000,5000
2012/03/23,0,5000,-45000,-40000
2012/03/26,0,6000,-47000,-41000
2012/03/27,0,9000,-32000,-23000
2012/03/28,0,1000,-28000,-27000
2012/03/29,0,33000,-78000,-45000
2012/03/30,0,74000,-49000,25000
2012/04/02,0,20000,-109000,-89000
2012/04/03,0,96000,-118000,-22000
2012/04/04,0,0,0,0
2012/04/05,0,58000,-98000,-40000
2012/04/06,0,0,-94000,-94000
2012/04/09,0,6000,-101000,-95000
2012/04/10,0,111000,-75000,36000
2012/04/11,0,0,-38000,-38000
2012/04/12,0,0,-75000,-75000
2012/04/13,0,28000,-48000,-20000
2012/04/16,0,18000,-32000,-14000
2012/04/17,0,36000,-64000,-28000
2012/04/18,0,149000,-74000,75000
2012/04/19,0,34000,-14000,20000
2012/04/20,0,21000,-71000,-50000
2012/04/23,0,2000,-51000,-49000
2012/04/24,0,33000,-37000,-4000
2012/04/25,0,16000,-85000,-69000
2012/04/26,0,31000,-12000,19000
2012/04/27,0,0,-5000,-5000
2012/04/30,0,0,-15000,-15000
2012/05/01,0,0,0,0
2012/05/02,0,143000,-3000,140000
2012/05/03,0,16000,-1000,15000
2012/05/04,0,2000,0,2000
2012/05/07,0,8000,-30000,-22000
2012/05/08,0,0,-16000,-16000
2012/05/09,0,0,-25000,-25000
2012/05/10,0,0,-1000,-1000
2012/05/11,0,0,-14000,-14000
2012/05/14,0,0,-40000,-40000
2012/05/15,0,0,-4000,-4000
2012/05/16,0,12000,-15000,-3000
2012/05/17,0,42000,-33000,9000
2012/05/18,0,0,-63000,-63000
2012/05/21,0,14000,-42000,-28000
2012/05/22,0,3000,-81000,-78000
2012/05/23,0,2000,-93800,-91800
2012/05/24,0,4000,-2000,2000
2012/05/25,0,40000,0,40000
2012/05/28,0,12000,0,12000
2012/05/29,0,0,-11000,-11000
2012/05/30,0,5000,-43000,-38000
2012/05/31,0,95000,-84000,11000
2012/06/01,0,43000,-5800,37200
2012/06/04,0,30000,-46000,-16000
2012/06/05,0,7000,-62000,-55000
2012/06/06,0,4000,-5000,-1000
2012/06/07,0,4000,-2000,2000
2012/06/08,0,2000,-8000,-6000
2012/06/11,0,36000,-35000,1000
2012/06/12,0,2000,-18000,-16000
2012/06/13,0,36000,-30000,6000
2012/06/14,0,18000,-17000,1000
2012/06/15,0,33000,-3000,30000
2012/06/18,0,19000,-12000,7000
2012/06/19,0,9000,-11000,-2000
2012/06/20,0,24000,0,24000
2012/06/21,0,0,-12000,-12000
2012/06/22,0,6000,-9000,-3000
2012/06/25,0,20000,-6000,14000
2012/06/26,0,18000,0,18000
2012/06/27,0,7000,-24000,-17000
2012/06/28,0,36288,-116000,-79712
2012/06/29,0,40287,-102000,-61713
2012/07/02,0,4000,-65000,-61000
2012/07/03,0,14000,-159000,-145000
2012/07/04,0,35000,-179000,-144000
2012/07/05,0,1000,-85000,-84000
2012/07/06,0,0,-103000,-103000
2012/07/09,0,5000,-155000,-150000
2012/07/10,0,86000,-133000,-47000
2012/07/11,0,0,-174000,-174000
2012/07/12,0,0,-144000,-144000
2012/07/13,0,25000,-604000,-579000
2012/07/16,0,4000,-143000,-139000
2012/07/17,0,107000,-211000,-104000
2012/07/18,0,481000,-232000,249000
2012/07/19,0,62000,-24000,38000
2012/07/20,0,29000,-12000,17000
2012/07/23,0,17000,-47000,-30000
2012/07/24,0,39000,-38000,1000
2012/07/25,0,254000,-105000,149000
2012/07/26,0,0,-37000,-37000
2012/07/27,0,9000,-3000,6000
2012/07/30,0,2000,0,2000
2012/07/31,0,300000,-5000,295000
2012/08/01,0,62000,-146000,-84000
2012/08/02,0,0,0,0
2012/08/03,0,4000,-5000,-1000
2012/08/06,0,15000,-7000,8000
2012/08/07,0,15000,-5000,10000
2012/08/08,0,66000,0,66000
2012/08/09,0,46000,-13000,33000
2012/08/10,0,4000,0,4000
2012/08/13,0,11000,0,11000
2012/08/14,0,67030,-30,67000
2012/08/15,0,31000,0,31000
2012/08/16,0,40000,-30000,10000
2012/08/17,0,20000,-41000,-21000
2012/08/20,0,19000,-9000,10000
2012/08/21,0,18000,-1000,17000
2012/08/22,0,36000,-3000,33000
2012/08/23,0,46000,-3000,43000
2012/08/24,0,0,-1000,-1000
2012/08/27,0,0,-41000,-41000
2012/08/28,0,29000,-14000,15000
2012/08/29,0,72000,0,72000
2012/08/30,0,0,-32000,-32000
2012/08/31,0,31000,-27000,4000
2012/09/03,0,22000,-1000,21000
2012/09/04,0,31000,-18000,13000
2012/09/05,0,0,-7000,-7000
2012/09/06,0,0,-85360,-85360
2012/09/07,0,50000,-1030,48970
2012/09/10,0,2000,-4000,-2000
2012/09/11,0,15000,-8000,7000
2012/09/12,0,5000,-24000,-19000
2012/09/13,0,11000,0,11000
2012/09/14,0,66000,-4000,62000
2012/09/17,0,3000,-33000,-30000
2012/09/18,0,2000,-107000,-105000
2012/09/19,0,27000,0,27000
2012/09/20,0,38000,-11000,27000
2012/09/21,0,21000,-96990,-75990
2012/09/24,0,20000,0,20000
2012/09/25,0,81000,-1000,80000
2012/09/26,0,8000,-74000,-66000
2012/09/27,0,86000,-8000,78000
2012/09/28,0,49000,-6000,43000
2012/10/01,0,20000,-7000,13000
2012/10/02,0,66000,0,66000
2012/10/03,0,46000,0,46000
2012/10/04,0,262000,-4000,258000
2012/10/05,0,32000,-6000,26000
2012/10/08,0,0,-21000,-21000
2012/10/09,0,129000,-13830,115170
2012/10/10,0,0,0,0
2012/10/11,0,61000,-22000,39000
2012/10/12,0,18000,-10000,8000
2012/10/15,0,18000,-13000,5000
2012/10/16,0,78000,-33000,45000
2012/10/17,0,96000,-78000,18000
2012/10/18,0,125000,-8000,117000
2012/10/19,0,159000,-12000,147000
2012/10/22,0,64000,-44000,20000
2012/10/23,0,4000,-23000,-19000
2012/10/24,0,138000,-7000,131000
2012/10/25,0,100000,-35000,65000
2012/10/26,0,85000,-82000,3000
2012/10/29,0,254000,-131000,123000
2012/10/30,0,131000,0,131000
2012/10/31,0,56000,-13000,43000
2012/11/01,0,227000,-6000,221000
2012/11/02,0,13000,-1000,12000
2012/11/05,0,15000,-12000,3000
2012/11/06,0,80000,0,80000
2012/11/07,0,110000,0,110000
2012/11/08,0,45000,-32000,13000
2012/11/09,0,30000,-31000,-1000
2012/11/12,0,55000,-43000,12000
2012/11/13,0,29000,-67000,-38000
2012/11/14,0,18000,-32000,-14000
2012/11/15,0,16000,-32000,-16000
2012/11/16,0,114000,-57000,57000
2012/11/19,0,16000,-2000,14000
2012/11/20,0,18000,-37000,-19000
2012/11/21,0,29000,-144000,-115000
2012/11/22,0,50000,-90100,-40100
2012/11/23,0,66000,-101000,-35000
2012/11/26,0,42000,-13000,29000
2012/11/27,0,83000,-2060,80940
2012/11/28,0,28000,-11000,17000
2012/11/29,0,97000,-6000,91000
2012/11/30,0,76000,-1000,75000
2012/12/03,0,115000,-11000,104000
2012/12/04,0,16000,-40000,-24000
2012/12/05,0,43000,-26000,17000
2012/12/06,0,25000,0,25000
2012/12/07,0,11000,-9000,2000
2012/12/10,0,12000,-45000,-33000
2012/12/11,0,200000,-28000,172000
2012/12/12,0,50000,-16000,34000
2012/12/13,0,88000,-55000,33000
2012/12/14,0,69000,-44000,25000
2012/12/17,0,17000,-15000,2000
2012/12/18,0,23000,-100000,-77000
2012/12/19,0,36000,-71101,-35101
2012/12/20,0,17000,-48000,-31000
2012/12/21,0,20000,-72000,-52000
2012/12/24,0,3000,-99408,-96408
2012/12/25,0,122000,-7000,115000
2012/12/26,0,77000,-8000,69000
2012/12/27,0,11000,-14000,-3000
2012/12/28,0,48000,0,48000
2012/12/31,0,0,0,0
2013/01/01,0,0,0,0
2013/01/02,0,108000,0,108000
2013/01/03,0,12000,-2000,10000
2013/01/04,0,65000,-55000,10000
2013/01/07,0,8000,-43000,-35000
2013/01/08,0,101000,-61000,40000
2013/01/09,0,63000,-6000,57000
2013/01/10,0,157000,-33000,124000
2013/01/11,0,112000,-35000,77000
2013/01/14,0,41000,-25000,16000
2013/01/15,0,261000,-9000,252000
2013/01/16,0,59000,-128000,-69000
2013/01/17,0,21000,-55000,-34000
2013/01/18,0,409000,-23000,386000
2013/01/21,0,64000,-31000,33000
2013/01/22,0,74000,-23000,51000
2013/01/23,0,58000,-9000,49000
2013/01/24,0,32000,-66000,-34000
2013/01/25,0,93000,-71000,22000
2013/01/28,0,15000,-7000,8000
2013/01/29,0,91000,-2000,89000
2013/01/30,0,76000,-3000,73000
2013/01/31,0,84000,-185040,-101040
2013/02/01,0,36000,0,36000
2013/02/04,0,16000,-1000,15000
2013/02/05,0,36000,-2000,34000
2013/02/06,0,57000,-4000,53000
2013/02/07,0,0,0,0
2013/02/08,0,0,0,0
2013/02/11,0,0,0,0
2013/02/12,0,0,0,0
2013/02/13,0,0,0,0
2013/02/14,0,0,0,0
2013/02/15,0,0,0,0
2013/02/18,0,12000,-18000,-6000
2013/02/19,0,19000,-59000,-40000
2013/02/20,0,48000,-58000,-10000
2013/02/21,0,10000,-15000,-5000
2013/02/22,0,10000,-6000,4000
2013/02/25,0,30000,-100000,-70000
2013/02/26,0,41000,-29000,12000
2013/02/27,0,11000,-16000,-5000
2013/02/28,0,0,0,0
2013/03/01,0,49000,-15000,34000
2013/03/04,0,90000,-91000,-1000
2013/03/05,0,126000,-77000,49000
2013/03/06,0,109000,-25000,84000
2013/03/07,0,19000,-40000,-21000
2013/03/08,0,111000,-4000,107000
2013/03/11,0,74000,-89000,-15000
2013/03/12,0,44000,-133000,-89000
2013/03/13,0,31000,-32000,-1000
2013/03/14,0,0,-200000,-200000
2013/03/15,0,40000,-48000,-8000
2013/03/18,0,1000,-79000,-78000
2013/03/19,0,29000,-89000,-60000
2013/03/20,0,11000,-112000,-101000
2013/03/21,0,106000,-44000,62000
2013/03/22,0,59000,-169100,-110100
2013/03/25,0,293000,-25000,268000
2013/03/26,0,62000,-114000,-52000
2013/03/27,0,34000,-14000,20000
2013/03/28,0,222000,-17000,205000
2013/03/29,0,165000,-95000,70000
2013/04/01,0,3000,-8000,-5000
2013/04/02,0,57000,-82000,-25000
2013/04/03,0,69000,-19000,50000
2013/04/04,0,0,0,0
2013/04/05,0,0,0,0
2013/04/08,0,411000,-28000,383000
2013/04/09,0,90000,-61000,29000
2013/04/10,0,64012,-115000,-50988
2013/04/11,0,73000,-3000,70000
2013/04/12,0,142000,-3000,139000
2013/04/15,0,57000,-9000,48000
2013/04/16,0,32000,-81000,-49000
2013/04/17,0,34000,-21000,13000
2013/04/18,0,212000,-2000,210000
2013/04/19,0,46000,-9000,37000
2013/04/22,0,9000,-6000,3000
2013/04/23,0,6000,-36000,-30000
2013/04/24,0,78000,-90000,-12000
2013/04/25,0,130000,-211750,-81750
2013/04/26,0,80000,-18000,62000
2013/04/29,0,8000,-17000,-9000
2013/04/30,0,37000,-62000,-25000
2013/05/01,0,0,0,0
2013/05/02,0,188000,-81000,107000
2013/05/03,0,142000,-52000,90000
2013/05/06,0,149000,-13000,136000
2013/05/07,0,195000,-70000,125000
2013/05/08,0,127280,-138032,-10752
2013/05/09,0,30064,-109000,-78936
2013/05/10,0,180000,-57000,123000
2013/05/13,0,91024,-50000,41024
2013/05/14,0,32000,-40000,-8000
2013/05/15,0,209000,-40000,169000
2013/05/16,0,110018,-42000,68018
2013/05/17,0,94000,-71000,23000
2013/05/20,0,25000,-28000,-3000
2013/05/21,0,16000,-11000,5000
2013/05/22,0,87000,-44000,43000
2013/05/23,0,114000,-170000,-56000
2013/05/24,0,32000,-54000,-22000
2013/05/27,0,18000,-10000,8000
2013/05/28,0,13000,-14000,-1000
2013/05/29,0,138000,-66000,72000
2013/05/30,0,123000,-79000,44000
2013/05/31,0,117000,-63091,53909
2013/06/03,0,30000,-29000,1000
2013/06/04,0,110000,-107000,3000
2013/06/05,0,214000,-125000,89000
2013/06/06,0,192000,-76000,116000
2013/06/07,0,231000,-90000,141000
2013/06/10,0,40000,-2000,38000
2013/06/11,0,85000,-21000,64000
2013/06/12,0,0,0,0
2013/06/13,0,209036,-2000,207036
2013/06/14,0,139000,-97000,42000
2013/06/17,0,71000,-212000,-141000
2013/06/18,0,114000,-57250,56750
2013/06/19,0,105000,-37000,68000
2013/06/20,0,139000,-9240,129760
2013/06/21,0,194000,-424000,-230000
2013/06/24,0,37000,-155000,-118000
2013/06/25,0,123000,-171000,-48000
2013/06/26,0,55000,-52000,3000
2013/06/27,0,288000,-102000,186000
2013/06/28,0,141000,-35000,106000
2013/07/01,0,260000,-77000,183000
2013/07/02,0,491000,-14391,476609
2013/07/03,0,703000,-45000,658000
2013/07/04,0,778496,-48000,730496
2013/07/05,0,413270,-32000,381270
2013/07/08,0,551000,-57000,494000
2013/07/09,0,397000,-147000,250000
2013/07/10,0,505000,-77000,428000
2013/07/11,0,994000,-132000,862000
2013/07/12,0,1119000,-46000,1073000
2013/07/15,0,1025000,-59550,965450
2013/07/16,0,877000,-178000,699000
2013/07/17,0,13000,-189000,-176000
2013/07/18,0,65000,-176000,-111000
2013/07/19,0,86000,-430000,-344000
2013/07/22,0,225000,-588218,-363218
2013/07/23,0,257000,-187000,70000
2013/07/24,0,120000,-62000,58000
2013/07/25,0,145000,-214000,-69000
2013/07/26,0,214000,-152000,62000
2013/07/29,0,8000,-54000,-46000
2013/07/30,0,254000,-138000,116000
2013/07/31,0,66000,-207000,-141000
2013/08/01,0,35000,-220000,-185000
2013/08/02,0,155000,-316000,-161000
2013/08/05,0,113000,-26000,87000
2013/08/06,0,65000,-171000,-106000
2013/08/07,0,22326,-46000,-23674
2013/08/08,0,53000,-29000,24000
2013/08/09,0,50000,-32000,18000
2013/08/12,0,25000,-97000,-72000
2013/08/13,0,75000,-16000,59000
2013/08/14,0,16000,-23000,-7000
2013/08/15,0,36000,-43000,-7000
2013/08/16,0,37000,-61000,-24000
2013/08/19,0,6000,-29000,-23000
2013/08/20,0,195000,-210000,-15000
2013/08/21,0,0,0,0
2013/08/22,0,164000,-23000,141000
2013/08/23,0,79000,-9000,70000
2013/08/26,0,10302,-30000,-19698
2013/08/27,0,79000,-70000,9000
2013/08/28,0,158000,-100000,58000
2013/08/29,0,247000,-17000,230000
2013/08/30,0,339000,-14000,325000
2013/09/02,0,27000,-17000,10000
2013/09/03,0,74000,-14000,60000
2013/09/04,0,18000,-65000,-47000
2013/09/05,0,54000,-21840,32160
2013/09/06,0,28000,-4000,24000
2013/09/09,0,2000,-19000,-17000
2013/09/10,0,16000,-16000,0
2013/09/11,0,95000,-100000,-5000
2013/09/12,0,82000,-214200,-132200
2013/09/13,0,116000,-456000,-340000
2013/09/16,0,582000,-1034000,-452000
2013/09/17,0,727632,-756714,-29082
2013/09/18,0,63000,-487000,-424000
2013/09/19,0,0,0,0
2013/09/20,0,0,0,0
2013/09/23,0,291000,-140000,151000
2013/09/24,0,95000,-35000,60000
2013/09/25,0,98000,-29000,69000
2013/09/26,0,104000,-27104,76896
2013/09/27,0,201816,-59000,142816
2013/09/30,0,186000,-127000,59000
2013/10/01,0,9000,-33000,-24000
2013/10/02,0,83000,-24000,59000
2013/10/03,0,315000,-74000,241000
2013/10/04,0,200000,-207480,-7480
2013/10/07,0,1191000,-1078000,113000
2013/10/08,0,160000,-74000,86000
2013/10/09,0,77000,-174000,-97000
2013/10/10,0,0,0,0
2013/10/11,0,87000,-241870,-154870
2013/10/14,0,143000,-62000,81000
2013/10/15,0,184000,-46000,138000
2013/10/16,0,82000,-60960,21040
2013/10/17,0,43000,-105000,-62000
2013/10/18,0,253000,-73000,180000
2013/10/21,0,25000,-35000,-10000
2013/10/22,0,24000,-84400,-60400
2013/10/23,0,95000,-109000,-14000
2013/10/24,0,34000,-431960,-397960
2013/10/25,0,119000,-283000,-164000
2013/10/28,0,147000,-299000,-152000
2013/10/29,0,114000,-16000,98000
2013/10/30,0,106000,-18000,88000
2013/10/31,0,25000,-57000,-32000
2013/11/01,0,54000,-91000,-37000
2013/11/04,0,59946,-98000,-38054
2013/11/05,0,174000,-159000,15000
2013/11/06,0,70000,-31000,39000
2013/11/07,0,55000,-32000,23000
2013/11/08,0,67000,-36000,31000
2013/11/11,0,46000,-83000,-37000
2013/11/12,0,316000,-119000,197000
2013/11/13,0,109000,-16184,92816
2013/11/14,0,95000,-28000,67000
2013/11/15,0,157925,-6000,151925
2013/11/18,0,132000,-53000,79000
2013/11/19,0,65000,-11000,54000
2013/11/20,0,20000,0,20000
2013/11/21,0,13022,-42000,-28978
2013/11/22,0,218000,-93960,124040
2013/11/25,0,24000,-21000,3000
2013/11/26,0,47000,-105000,-58000
2013/11/27,0,68000,-5000,63000
2013/11/28,0,356000,-9000,347000
2013/11/29,0,154000,-1000,153000
2013/12/02,0,32000,-31000,1000
2013/12/03,0,15511,-11000,4511
2013/12/04,0,37897,-105000,-67103
2013/12/05,0,143000,-282000,-139000
2013/12/06,0,65088,-330000,-264912
2013/12/09,0,146000,-359000,-213000
2013/12/10,0,295000,-1669036,-1374036
2013/12/11,0,105000,-341575,-236575
2013/12/12,0,18000,-516000,-498000
2013/12/13,0,27000,-494000,-467000
2013/12/16,0,120414,-540000,-419586
2013/12/17,0,116000,-987240,-871240
2013/12/18,0,330000,-28000,302000
2013/12/19,0,451000,-121280,329720
2013/12/20,0,217159,-159000,58159
2013/12/23,0,71000,-121000,-50000
2013/12/24,0,34000,-70000,-36000
2013/12/25,0,93000,-119280,-26280
2013/12/26,0,82000,-168000,-86000
2013/12/27,0,58000,-111000,-53000
2013/12/30,0,92000,-53001,38999
2013/12/31,0,15000,-8000,7000
2014/01/02,0,145000,-92000,53000
2014/01/03,0,207000,-172440,34560
2014/01/06,0,308000,-17000,291000
2014/01/07,0,236000,-64000,172000
2014/01/08,0,54000,-68000,-14000
2014/01/09,0,101000,-566000,-465000
2014/01/10,0,200000,-924280,-724280
2014/01/13,0,55000,-75000,-20000
2014/01/14,0,44000,-351600,-307600
2014/01/15,0,89000,-237400,-148400
2014/01/16,0,87000,-154960,-67960
2014/01/17,0,66000,-360273,-294273
2014/01/20,0,0,-174000,-174000
2014/01/21,0,286000,-220000,66000
2014/01/22,0,334000,-513000,-179000
2014/01/23,0,786118,-180480,605638
2014/01/24,0,211000,-17000,194000
2014/01/27,0,130559,-33000,97559
2014/02/05,0,466000,-394000,72000
2014/02/06,0,112000,-354360,-242360
2014/02/07,0,355000,-144000,211000
2014/02/10,0,68000,-72000,-4000
2014/02/11,0,193000,-45636,147364
2014/02/12,0,114000,-249000,-135000
2014/02/13,0,133000,-28000,105000
2014/02/14,0,188000,-84000,104000
2014/02/17,0,383000,-26000,357000
2014/02/18,0,165000,-15000,150000
2014/02/19,0,120000,-28000,92000
2014/02/20,0,210000,-94000,116000
2014/02/21,0,156000,-170000,-14000
2014/02/24,0,294000,-39000,255000
2014/02/25,0,89000,-151000,-62000
2014/02/26,0,52000,-13000,39000
2014/02/27,0,241000,-3000,238000
2014/03/03,0,245000,-73000,172000
2014/03/04,0,208000,-131000,77000
2014/03/05,0,452000,-139000,313000
2014/03/06,0,93000,-34000,59000
2014/03/07,0,309000,-54000,255000
2014/03/10,0,124000,-39000,85000
2014/03/11,0,191000,-117000,74000
2014/03/12,0,508000,-58000,450000
2014/03/13,0,595000,-82000,513000
2014/03/14,0,191000,-400000,-209000
2014/03/17,0,31000,-94000,-63000
2014/03/18,0,477000,-392000,85000
2014/03/19,0,282000,-141320,140680
2014/03/20,0,411000,-232000,179000
2014/03/21,0,1125000,-905000,220000
2014/03/24,0,289118,-369184,-80066
2014/03/25,0,298000,-344000,-46000
2014/03/26,0,819000,-332000,487000
2014/03/27,0,594000,-192000,402000
2014/03/28,0,248000,-117000,131000
2014/03/31,0,171000,-36000,135000
2014/04/01,0,333000,-128000,205000
2014/04/02,0,326000,-50000,276000
2014/04/03,0,252000,-268000,-16000
2014/04/07,0,89409,-31000,58409
2014/04/08,0,266000,-226000,40000
2014/04/09,0,252318,-31000,221318
2014/04/10,0,547000,-410312,136688
2014/04/11,0,397000,-111000,286000
2014/04/14,0,227000,-188000,39000
2014/04/15,0,259000,-49000,210000
2014/04/16,0,462000,-102000,360000
2014/04/17,0,301000,-286000,15000
2014/04/18,0,154000,-108000,46000
2014/04/21,0,275000,-75000,200000
2014/04/22,0,431000,-325000,106000
2014/04/23,0,343000,-54000,289000
2014/04/24,0,312000,-309000,3000
2014/04/25,0,376048,-74000,302048
2014/04/28,0,300000,-120332,179668
2014/04/29,0,418024,-55394,362630
2014/04/30,0,182000,-55000,127000
2014/05/02,0,156000,-146000,10000
2014/05/05,0,183000,-86000,97000
2014/05/06,0,87000,-18000,69000
2014/05/07,0,190024,-96000,94024
2014/05/08,0,589000,-118000,471000
2014/05/09,0,84000,-150000,-66000
2014/05/12,0,174000,-111000,63000
2014/05/13,0,189072,-87000,102072
2014/05/14,0,153000,-71000,82000
2014/05/15,0,123000,-218000,-95000
2014/05/16,0,70000,-171000,-101000
2014/05/19,0,110288,-31000,79288
2014/05/20,0,152975,-67000,85975
2014/05/21,0,266000,-287640,-21640
2014/05/22,0,96000,-24000,72000
2014/05/23,0,195000,-125040,69960
2014/05/26,0,101000,-30000,71000
2014/05/27,0,356000,-74000,282000
2014/05/28,0,305000,-408000,-103000
2014/05/29,0,124096,-68063,56033
2014/05/30,0,289000,-49000,240000
2014/06/03,0,239000,-283000,-44000
2014/06/04,0,105000,-120000,-15000
2014/06/05,0,273000,-54000,219000
2014/06/06,0,72000,-39000,33000
2014/06/09,0,7000,-28000,-21000
2014/06/10,0,33000,-20557,12443
2014/06/11,0,135000,-16000,119000
2014/06/12,0,34072,-41000,-6928
2014/06/13,0,61000,-48640,12360
2014/06/16,0,23000,-78000,-55000
2014/06/17,0,27000,-152827,-125827
2014/06/18,0,375000,-203000,172000
2014/06/19,0,57000,-35000,22000
2014/06/20,0,73000,-135888,-62888
2014/06/23,0,170000,-271196,-101196
2014/06/24,0,164000,-108000,56000
2014/06/25,0,87000,-124521,-37521
2014/06/26,0,158229,-56000,102229
2014/06/27,0,103000,-86059,16941
2014/06/30,0,83000,-80040,2960
2014/07/01,0,92000,-23000,69000
2014/07/02,0,110000,-231000,-121000
2014/07/03,0,61000,-237000,-176000
2014/07/04,0,73000,-7000,66000
2014/07/07,0,21000,-34000,-13000
2014/07/08,0,53000,-47076,5924
2014/07/09,0,89000,-69000,20000
2014/07/10,0,349000,-513000,-164000
2014/07/11,0,142000,-108000,34000
2014/07/14,0,79000,-217000,-138000
2014/07/15,0,116000,-47000,69000
2014/07/16,0,94000,-171095,-77095
2014/07/17,0,86847,-161000,-74153
2014/07/18,0,152000,-128000,24000
2014/07/21,0,117000,-116000,1000
2014/07/22,0,133000,-69000,64000
2014/07/23,0,0,0,0
2014/07/24,0,53000,-400000,-347000
2014/07/25,0,86000,-190000,-104000
2014/07/28,0,193261,-134000,59261
2014/07/29,0,159000,-129000,30000
2014/07/30,0,4011000,-228000,3783000
2014/07/31,0,371000,-190000,181000
2014/08/01,0,152000,-244000,-92000
2014/08/04,0,316019,-210920,105099
2014/08/05,0,384000,-283000,101000
2014/08/06,0,253000,-300000,-47000
2014/08/07,0,214158,-94160,119998
2014/08/08,0,524000,-72000,452000
2014/08/11,0,493000,-85000,408000
2014/08/12,0,239000,-264000,-25000
2014/08/13,0,233000,-366000,-133000
2014/08/14,0,160000,-328000,-168000
2014/08/15,0,63000,-95000,-32000
2014/08/18,0,155000,-100000,55000
2014/08/19,0,258000,-36000,222000
2014/08/20,0,118000,-44000,74000
2014/08/21,0,141000,-62000,79000
2014/08/22,0,370120,-16000,354120
2014/08/25,0,154000,-3000,151000
2014/08/26,0,67000,-44000,23000
2014/08/27,0,271000,-12000,259000
2014/08/28,0,102000,-6000,96000
2014/08/29,0,165000,-38000,127000
2014/09/01,0,42000,-12000,30000
2014/09/02,0,77000,-11000,66000
2014/09/03,0,118000,-53000,65000
2014/09/04,0,90000,-18000,72000
2014/09/05,0,49000,-21000,28000
2014/09/09,0,213000,-88000,125000
2014/09/10,0,34000,-22000,12000
2014/09/11,0,39000,-171034,-132034
2014/09/12,0,52877,-144376,-91499
2014/09/15,0,44000,-68329,-24329
2014/09/16,0,35120,-50080,-14960
2014/09/17,0,228000,-515761,-287761
2014/09/18,0,179000,-171838,7162
2014/09/19,0,97000,-22160,74840
2014/09/22,0,88000,-87000,1000
2014/09/23,0,27000,-69864,-42864
2014/09/24,0,158000,-26000,132000
2014/09/25,0,157120,-81000,76120
2014/09/26,0,67000,-100000,-33000
2014/09/29,0,77000,-131137,-54137
2014/09/30,0,345000,-219056,125944
2014/10/01,0,88000,-52000,36000
2014/10/02,0,15000,-101232,-86232
2014/10/03,0,37000,-102000,-65000
2014/10/06,0,38000,-56000,-18000
2014/10/07,0,177000,-129960,47040
2014/10/08,0,85160,-52160,33000
2014/10/09,0,238000,-180745,57255
2014/10/13,0,124000,-61000,63000
2014/10/14,0,57000,-66000,-9000
2014/10/15,0,117000,-324000,-207000
2014/10/16,0,259000,-294560,-35560
2014/10/17,0,77000,-299000,-222000
2014/10/20,0,60000,-161000,-101000
2014/10/21,0,146000,-193804,-47804
2014/10/22,0,218000,-119040,98960
2014/10/23,0,58000,-133000,-75000
2014/10/24,0,138000,-313000,-175000
2014/10/27,0,207000,-78790,128210
2014/10/28,0,180000,-24000,156000
2014/10/29,0,200000,-72000,128000
2014/10/30,0,132000,-101000,31000
2014/10/31,0,164000,-37000,127000
2014/11/03,0,206000,-264000,-58000
2014/11/04,0,137000,-161000,-24000
2014/11/05,0,135000,-281600,-146600
2014/11/06,0,246000,-172600,73400
2014/11/07,0,204000,-57000,147000
2014/11/10,0,276000,-94000,182000
2014/11/11,0,533000,-65000,468000
2014/11/12,0,191000,-106000,85000
2014/11/13,0,349000,-137000,212000
2014/11/14,0,112000,-83537,28463
2014/11/17,0,365000,-119000,246000
2014/11/18,0,156000,-198409,-42409
2014/11/19,0,679000,-163000,516000
2014/11/20,0,412000,-118160,293840
2014/11/21,0,344000,-54000,290000
2014/11/24,0,380000,-28000,352000
2014/11/25,0,299000,-150000,149000
2014/11/26,0,224000,-74000,150000
2014/11/27,0,150000,-56000,94000
2014/11/28,0,32000,-17000,15000
2014/12/01,0,188000,-59918,128082
2014/12/02,0,215000,-204000,11000
2014/12/03,0,294000,-23000,271000
2014/12/04,0,78000,-30000,48000
2014/12/05,0,134000,-34000,100000
2014/12/08,0,30000,-22000,8000
2014/12/09,0,30000,-26000,4000
2014/12/10,0,190000,-81000,109000
2014/12/11,0,103000,-18000,85000
2014/12/12,0,154000,-57000,97000
2014/12/15,0,6000,-37000,-31000
2014/12/16,0,192000,-143000,49000
2014/12/17,0,156000,-163000,-7000
2014/12/18,0,85000,-153000,-68000
2014/12/19,0,120000,-89000,31000
2014/12/22,0,38000,-42000,-4000
2014/12/23,0,97000,-45000,52000
2014/12/24,0,13000,-41000,-28000
2014/12/25,0,6000,-12000,-6000
2014/12/26,0,3000,-31997,-28997
2014/12/29,0,18000,-84000,-66000
2014/12/30,0,114000,-80000,34000
2014/12/31,0,635000,-173973,461027
2015/01/01,0,0,0,0
2015/01/02,0,0,0,0
2015/01/05,0,540000,-159000,381000
2015/01/06,0,107000,-82000,25000
2015/01/07,0,612000,-367000,245000
2015/01/08,0,241000,-192360,48640
2015/01/09,0,414000,-162000,252000
2015/01/12,0,535000,-76000,459000
2015/01/13,0,164000,-41000,123000
2015/01/14,0,195000,-142600,52400
2015/01/15,0,112000,-74000,38000
2015/01/16,0,145000,-208884,-63884
2015/01/19,0,92000,-38000,54000
2015/01/20,0,179000,-127000,52000
2015/01/21,0,355000,-174000,181000
2015/01/22,0,648000,-138000,510000
2015/01/23,0,311000,-63591,247409
2015/01/26,0,78000,-252000,-174000
2015/01/27,0,721000,-104000,617000
2015/01/28,0,274000,-61000,213000
2015/01/29,0,216000,-79000,137000
2015/01/30,0,426000,-115000,311000
2015/02/02,0,196241,-374000,-177759
2015/02/03,0,392000,-122000,270000
2015/02/04,0,352000,-194000,158000
2015/02/05,0,445000,-120640,324360
2015/02/06,0,223000,-101000,122000
2015/02/09,0,441000,-235000,206000
2015/02/10,0,555000,-191000,364000
2015/02/11,0,1330000,-142160,1187840
2015/02/12,0,1255756,-356000,899756
2015/02/13,0,564000,-605000,-41000
2015/02/16,0,0,0,0
2015/02/17,0,0,0,0
2015/02/18,0,0,0,0
2015/02/19,0,0,0,0
2015/02/20,0,0,0,0
2015/02/23,0,0,0,0
2015/02/24,0,732280,-64000,668280
2015/02/25,0,695661,-664884,30777
2015/02/26,0,599000,-315682,283318
2015/02/27,0,0,0,0
2015/03/02,0,624034,-131000,493034
2015/03/03,0,939377,-412000,527377
2015/03/04,0,1053000,-346160,706840
2015/03/05,0,393287,-315000,78287
2015/03/06,0,461120,-367000,94120
2015/03/09,0,449000,-147594,301406
2015/03/10,0,765445,-212000,553445
2015/03/11,0,1145287,-240000,905287
2015/03/12,0,1143000,-273000,870000
2015/03/13,0,629684,-387000,242684
2015/03/16,0,244000,-789350,-545350
2015/03/17,0,864000,-229000,635000
2015/03/18,0,396000,-303649,92351
2015/03/19,0,728000,-280720,447280
2015/03/20,0,517150,-434000,83150
2015/03/23,0,386000,-419405,-33405
2015/03/24,0,1060000,-665000,395000
2015/03/25,0,1011000,-297000,714000
2015/03/26,0,1342000,-424000,918000
2015/03/27,0,1270000,-467805,802195
2015/03/30,0,851000,-313000,538000
2015/03/31,0,1577000,-647000,930000
2015/04/01,0,962000,-694000,268000
2015/04/02,0,1384000,-417000,967000
2015/04/03,0,0,0,0
2015/04/06,0,0,0,0
2015/04/07,0,650000,-440835,209165
2015/04/08,0,976000,-1468000,-492000
2015/04/09,0,876000,-1277000,-401000
2015/04/10,0,2531160,-2364622,166538
2015/04/13,0,2156598,-526160,1630438
2015/04/14,0,1002000,-824000,178000
2015/04/15,0,1326000,-910000,416000
2015/04/16,0,1856579,-1299773,556806
2015/04/17,0,1642293,-558000,1084293
2015/04/20,0,3155215,-1998182,1157033
2015/04/21,0,2065000,-297210,1767790
2015/04/22,0,2079000,-768802,1310198
2015/04/23,0,2392000,-857000,1535000
2015/04/24,0,2339000,-328588,2010412
2015/04/27,0,1630000,-426000,1204000
2015/04/28,0,1050000,-258000,792000
2015/04/29,0,2011000,-1548128,462872
2015/04/30,0,952000,-672027,279973
2015/05/01,0,0,0,0
2015/05/04,0,1061000,-438000,623000
2015/05/05,0,559000,-1347900,-788900
2015/05/06,0,1285000,-1330957,-45957
2015/05/07,0,930000,-551000,379000
2015/05/08,0,1076000,-721685,354315
2015/05/11,0,1305179,-805966,499213
2015/05/12,0,661000,-1205000,-544000
2015/05/13,0,2883000,-2845690,37310
2015/05/14,0,1056874,-1351088,-294214
2015/05/15,0,1430000,-1055920,374080
2015/05/18,0,1165808,-1206000,-40192
2015/05/19,0,735000,-1094917,-359917
2015/05/20,0,1609251,-2307640,-698389
2015/05/21,0,1550000,-1155160,394840
2015/05/22,0,2082000,-1850268,231732
2015/05/25,0,679000,-701000,-22000
2015/05/26,0,2274000,-842000,1432000
2015/05/27,0,1124000,-2775000,-1651000
2015/05/28,0,2273240,-3089000,-815760
2015/05/29,0,25188590,-23450892,1737698
2015/06/01,0,2321000,-2295625,25375
2015/06/02,0,1173024,-2117000,-943976
2015/06/03,0,1906000,-484615,1421385
2015/06/04,0,1744000,-839000,905000
2015/06/05,0,1650000,-938670,711330
2015/06/08,0,800500,-373000,427500
2015/06/09,0,330000,-428069,-98069
2015/06/10,0,789000,-517083,271917
2015/06/11,0,1064000,-956000,108000
2015/06/12,0,951000,-671762,279238
2015/06/15,0,376000,-782000,-406000
2015/06/16,0,321000,-761000,-440000
2015/06/17,0,1306000,-729600,576400
2015/06/18,0,1141000,-1297343,-156343
2015/06/19,0,0,0,0
2015/06/22,0,840193,-338402,501791
2015/06/23,0,576000,-388370,187630
2015/06/24,0,709660,-265951,443709
2015/06/25,0,562840,-228000,334840
2015/06/26,0,894000,-431215,462785
2015/06/29,0,621000,-1030080,-409080
2015/06/30,0,1377286,-1073416,303870
2015/07/01,0,906000,-1843000,-937000
2015/07/02,0,907586,-581562,326024
2015/07/03,0,419000,-1399000,-980000
2015/07/06,0,1541000,-633000,908000
2015/07/07,0,366000,-388000,-22000
2015/07/08,0,549000,-1799126,-1250126
2015/07/09,0,596000,-1425000,-829000
2015/07/10,0,0,0,0
2015/07/13,0,622315,-676960,-54645
2015/07/14,0,244000,-925000,-681000
2015/07/15,0,1002000,-197016,804984
2015/07/16,0,845600,-804000,41600
2015/07/17,0,1829506,-824000,1005506
2015/07/20,0,2166036,-1815312,350724
2015/07/21,0,736000,-458305,277695
2015/07/22,0,643000,-559676,83324
2015/07/23,0,825000,-335960,489040
2015/07/24,0,499000,-258729,240271
2015/07/27,0,820000,-850459,-30459
2015/07/28,0,1594666,-881040,713626
2015/07/29,0,896000,-734263,161737
2015/07/30,0,777000,-340000,437000
2015/07/31,0,491725,-938000,-446275
2015/08/03,0,516095,-266000,250095
2015/08/04,0,544505,-580318,-35813
2015/08/05,0,366000,-346312,19688
2015/08/06,0,696000,-858988,-162988
2015/08/07,0,721117,-319000,402117
2015/08/10,0,932000,-216000,716000
2015/08/11,0,1002000,-566312,435688
2015/08/12,0,493000,-533600,-40600
2015/08/13,0,756000,-495000,261000
2015/08/14,0,776000,-402000,374000
2015/08/17,0,337000,-241182,95818
2015/08/18,0,1187100,-384156,802944
2015/08/19,0,1423039,-880310,542729
2015/08/20,0,3474000,-822000,2652000
2015/08/21,0,1616000,-1413000,203000
2015/08/24,0,1044000,-410000,634000
2015/08/25,0,5710000,-1087768,4622232
2015/08/26,0,2084000,-784674,1299326
2015/08/27,0,1423160,-674533,748627
2015/08/28,0,800000,-1253033,-453033
2015/08/31,0,1539464,-965630,573834
2015/09/01,0,671120,-462000,209120
2015/09/02,0,958780,-529901,428879
2015/09/03,0,1726420,-871550,854870
2015/09/04,0,745895,-1306812,-560917
2015/09/07,0,469970,-772000,-302030
2015/09/08,0,398000,-454000,-56000
2015/09/09,0,895724,-844000,51724
2015/09/10,0,465489,-930000,-464511
2015/09/11,0,763000,-1262300,-499300
2015/09/14,0,767000,-524000,243000
2015/09/15,0,546250,-674000,-127750
2015/09/16,0,336000,-791780,-455780
2015/09/17,0,962300,-1065000,-102700
2015/09/18,0,4790017,-5005038,-215021
2015/09/21,0,569000,-892652,-323652
2015/09/22,0,132000,-672464,-540464
2015/09/23,0,447000,-486615,-39615
2015/09/24,0,536000,-587000,-51000
2015/09/25,0,1588384,-382000,1206384
2015/09/28,0,0,0,0
2015/09/29,0,0,0,0
2015/09/30,0,1882000,-1886230,-4230
2015/10/01,0,695888,-506406,189482
2015/10/02,0,838120,-702860,135260
2015/10/05,0,1254880,-1142650,112230
2015/10/06,0,564000,-1210105,-646105
2015/10/07,0,602174,-360434,241740
2015/10/08,0,593299,-2954975,-2361676
2015/10/09,0,0,0,0
2015/10/12,0,1517982,-1701872,-183890
2015/10/13,0,1511500,-2537495,-1025995
2015/10/14,0,859000,-1353726,-494726
2015/10/15,0,1140000,-539056,600944
2015/10/16,0,1469000,-1556218,-87218
2015/10/19,0,1400400,-1634474,-234074
2015/10/20,0,722339,-692040,30299
2015/10/21,0,811070,-698640,112430
2015/10/22,0,351511,-359660,-8149
2015/10/23,0,865580,-1679030,-813450
2015/10/26,0,1159000,-814473,344527
2015/10/27,0,693000,-1072511,-379511
2015/10/28,0,975000,-462243,512757
2015/10/29,0,317000,-766865,-449865
2015/10/30,0,720000,-287000,433000
2015/11/02,0,629000,-301000,328000
2015/11/03,0,259000,-305377,-46377
2015/11/04,0,1410000,-287171,1122829
2015/11/05,0,292000,-172698,119302
2015/11/06,0,697000,-442117,254883
2015/11/09,0,633000,-276117,356883
2015/11/10,0,341000,-454000,-113000
2015/11/11,0,719000,-232060,486940
2015/11/12,0,1057277,-799000,258277
2015/11/13,0,420969,-475000,-54031
2015/11/16,0,274000,-422640,-148640
2015/11/17,0,646000,-259740,386260
2015/11/18,0,678000,-1097340,-419340
2015/11/19,0,560000,-463150,96850
2015/11/20,0,736000,-359000,377000
2015/11/23,0,576541,-377000,199541
2015/11/24,0,431000,-240309,190691
2015/11/25,0,142000,-231000,-89000
2015/11/26,0,470000,-319634,150366
2015/11/27,0,154000,-158000,-4000
2015/11/30,0,1042280,-1293192,-250912
2015/12/01,0,562000,-276035,285965
2015/12/02,0,413000,-277180,135820
2015/12/03,0,249000,-326302,-77302
2015/12/04,0,230255,-652988,-422733
2015/12/07,0,751636,-414950,336686
2015/12/08,0,564137,-894368,-330231
2015/12/09,0,638000,-1369000,-731000
2015/12/10,0,940000,-1042000,-102000
2015/12/11,0,588728,-903748,-315020
2015/12/14,0,687270,-635925,51345
2015/12/15,0,418000,-315628,102372
2015/12/16,0,360378,-472206,-111828
2015/12/17,0,657000,-587275,69725
2015/12/18,0,704646,-496937,207709
2015/12/21,0,219379,-518000,-298621
2015/12/22,0,208484,-195000,13484
2015/12/23,0,424378,-338000,86378
2015/12/24,0,178000,-355000,-177000
2015/12/25,0,140000,-177000,-37000
2015/12/28,0,143000,-137000,6000
2015/12/29,0,80000,-191000,-111000
2015/12/30,0,172000,-229415,-57415
2015/12/31,0,637000,-774000,-137000
2016/01/01,0,0,0,0
2016/01/04,0,359840,-474000,-114160
2016/01/05,0,572487,-265000,307487
2016/01/06,0,462518,-521180,-58662
2016/01/07,0,1898019,-460414,1437605
2016/01/08,0,2610000,-639126,1970874
2016/01/11,0,1342578,-757000,585578
2016/01/12,0,1212000,-1206000,6000
2016/01/13,0,621000,-494457,126543
2016/01/14,0,696059,-506000,190059
2016/01/15,0,801000,-847864,-46864
2016/01/18,0,422867,-621000,-198133
2016/01/19,0,166000,-687330,-521330
2016/01/20,0,416612,-795000,-378388
2016/01/21,0,1328000,-682090,645910
2016/01/22,0,476000,-465000,11000
2016/01/25,0,435000,-262200,172800
2016/01/26,0,418378,-426192,-7814
2016/01/27,0,311000,-419527,-108527
2016/01/28,0,384000,-387668,-3668
2016/01/29,0,1437014,-599223,837791
2016/02/01,0,329378,-291000,38378
2016/02/02,0,321635,-158340,163295
2016/02/03,0,369000,-252759,116241
2016/02/04,0,0,0,0
2016/02/05,0,0,0,0
2016/02/08,0,0,0,0
2016/02/09,0,0,0,0
2016/02/10,0,0,0,0
2016/02/11,0,0,0,0
2016/02/12,0,0,0,0
2016/02/15,0,629059,-448571,180488
2016/02/16,0,623000,-633320,-10320
2016/02/17,0,999118,-877000,122118
2016/02/18,0,477000,-515290,-38290
2016/02/19,0,482234,-508980,-26746
2016/02/22,0,338000,-295000,43000
2016/02/23,0,183890,-321300,-137410
2016/02/24,0,363000,-441310,-78310
2016/02/25,0,541093,-419000,122093
2016/02/26,0,764000,-619756,144244
2016/02/29,0,0,0,0
2016/03/01,0,505150,-431270,73880
2016/03/02,0,287039,-306000,-18961
2016/03/03,0,298000,-346390,-48390
2016/03/04,0,235000,-269000,-34000
2016/03/07,0,451000,-229000,222000
2016/03/08,0,311000,-1280746,-969746
2016/03/09,0,387000,-336620,50380
2016/03/10,0,252000,-115321,136679
2016/03/11,0,328000,-287000,41000
2016/03/14,0,288000,-241180,46820
2016/03/15,0,205000,-262000,-57000
2016/03/16,0,351000,-197000,154000
2016/03/17,0,677328,-308160,369168
2016/03/18,0,1561000,-1015657,545343
2016/03/21,0,816000,-623000,193000
2016/03/22,0,856386,-1290728,-434342
2016/03/23,0,485000,-2526812,-2041812
2016/03/24,0,981000,-882430,98570
2016/03/25,0,387000,-67000,320000
2016/03/28,0,152000,-182698,-30698
2016/03/29,0,362000,-298000,64000
2016/03/30,0,523700,-296477,227223
2016/03/31,0,540342,-555651,-15309
2016/04/01,0,318000,-422000,-104000
2016/04/04,0,0,0,0
2016/04/05,0,0,0,0
2016/04/06,0,970234,-1185002,-214768
2016/04/07,0,599097,-1135008,-535911
2016/04/08,0,540000,-400000,140000
2016/04/11,0,304000,-262430,41570
2016/04/12,0,870000,-1227359,-357359
2016/04/13,0,559000,-1190650,-631650
2016/04/14,0,812000,-1555040,-743040
2016/04/15,0,862000,-611270,250730
2016/04/18,0,238000,-488000,-250000
2016/04/19,0,560000,-640000,-80000
2016/04/20,0,190412,-803000,-612588
2016/04/21,0,1001000,-1030230,-29230
2016/04/22,0,789664,-953641,-163977
2016/04/25,0,489000,-347000,142000
2016/04/26,0,662703,-338000,324703
2016/04/27,0,183000,-620000,-437000
2016/04/28,0,281552,-859000,-577448
2016/04/29,0,1307000,-681083,625917
2016/05/02,0,0,0,0
2016/05/03,0,840000,-833000,7000
2016/05/04,0,881000,-1508243,-627243
2016/05/05,0,658000,-472000,186000
2016/05/06,0,1040328,-1078307,-37979
2016/05/09,0,1478022,-1746000,-267978
2016/05/10,0,1890664,-1263830,626834
2016/05/11,0,515700,-1142000,-626300
2016/05/12,0,684440,-1250280,-565840
2016/05/13,0,975000,-1363570,-388570
2016/05/16,0,411000,-791000,-380000
2016/05/17,0,432010,-767014,-335004
2016/05/18,0,253023,-599000,-345977
2016/05/19,0,335000,-1015000,-680000
2016/05/20,0,590000,-551661,38339
2016/05/23,0,1627137,-1103090,524047
2016/05/24,0,473664,-1482000,-1008336
2016/05/25,0,1184664,-1223000,-38336
2016/05/26,0,524000,-1354000,-830000
2016/05/27,0,372000,-712271,-340271
2016/05/30,0,948000,-954000,-6000
2016/05/31,0,1882368,-2243882,-361514
2016/06/01,0,403382,-344000,59382
2016/06/02,0,2433544,-3906140,-1472596
2016/06/03,0,766000,-1082030,-316030
2016/06/06,0,396000,-653140,-257140
2016/06/07,0,850000,-797230,52770
2016/06/08,0,454000,-385699,68301
2016/06/09,0,0,0,0
2016/06/10,0,0,0,0
2016/06/13,0,107000,-713000,-606000
2016/06/14,0,235000,-371000,-136000
2016/06/15,0,724000,-786000,-62000
2016/06/16,0,196000,-1201000,-1005000
2016/06/17,0,392685,-693950,-301265
2016/06/20,0,345000,-723000,-378000
2016/06/21,0,523310,-475680,47630
2016/06/22,0,1230593,-1322907,-92314
2016/06/23,0,335058,-505000,-169942
2016/06/24,0,484000,-888000,-404000
2016/06/27,0,399000,-285000,114000
2016/06/28,0,598000,-947000,-349000
2016/06/29,0,241700,-840080,-598380
2016/06/30,0,1101000,-986000,115000
2016/07/01,0,406000,-884000,-478000
2016/07/04,0,106000,-379660,-273660
2016/07/05,0,86000,-348000,-262000
2016/07/06,0,103000,-920000,-817000
2016/07/07,0,260000,-432000,-172000
2016/07/08,0,0,0,0
2016/07/11,0,1998601,-669000,1329601
2016/07/12,0,2597000,-1456134,1140866
2016/07/13,0,3481000,-955102,2525898
2016/07/14,0,1949840,-884000,1065840
2016/07/15,0,1809058,-514000,1295058
2016/07/18,0,1448000,-436000,1012000
2016/07/19,0,1424000,-206000,1218000
2016/07/20,0,1148000,-468008,679992
2016/07/21,0,686000,-371860,314140
2016/07/22,0,470000,-366000,104000
2016/07/25,0,670000,-356000,314000
2016/07/26,0,755000,-1519080,-764080
2016/07/27,0,463000,-1206000,-743000
2016/07/28,0,400320,-496000,-95680
2016/07/29,0,166000,-381000,-215000
2016/08/01,0,370224,-366420,3804
2016/08/02,0,209444,-405300,-195856
2016/08/03,0,224165,-266000,-41835
2016/08/04,0,93000,-352570,-259570
2016/08/05,0,455480,-371000,84480
2016/08/08,0,195647,-324480,-128833
2016/08/09,0,264000,-93000,171000
2016/08/10,0,310000,-149000,161000
2016/08/11,0,532000,-233629,298371
2016/08/12,0,844000,-118000,726000
2016/08/15,0,377623,-279000,98623
2016/08/16,0,504000,-306000,198000
2016/08/17,0,327916,-78000,249916
2016/08/18,0,319000,-346000,-27000
2016/08/19,0,480304,-394939,85365
2016/08/22,0,375000,-245902,129098
2016/08/23,0,584280,-206359,377921
2016/08/24,0,694000,-63539,630461
2016/08/25,0,581240,-73359,507881
2016/08/26,0,340427,-178359,162068
2016/08/29,0,268000,-236359,31641
2016/08/30,0,637504,-132479,505025
2016/08/31,0,390235,-950208,-559973
2016/09/01,0,366000,-582550,-216550
2016/09/02,0,222536,-360359,-137823
2016/09/05,0,256000,-143240,112760
2016/09/06,0,1638148,-31000,1607148
2016/09/07,0,265000,-222480,42520
2016/09/08,0,1127000,-824340,302660
2016/09/09,0,175000,-449600,-274600
2016/09/12,0,619000,-1141611,-522611
2016/09/13,0,701000,-679162,21838
2016/09/14,0,499360,-939871,-440511
2016/09/15,0,0,0,0
2016/09/16,0,0,0,0
2016/09/19,0,1090700,-957520,133180
2016/09/20,0,286729,-257920,28809
2016/09/21,0,1767960,-1822160,-54200
2016/09/22,0,242920,-390960,-148040
2016/09/23,0,253000,-272159,-19159
2016/09/26,0,283000,-1265459,-982459
2016/09/27,0,0,0,0
2016/09/28,0,0,0,0
2016/09/29,0,1555384,-2061299,-505915
2016/09/30,0,1458436,-1830624,-372188
2016/10/03,0,246040,-198000,48040
2016/10/04,0,311914,-418448,-106534
2016/10/05,0,149000,-794480,-645480
2016/10/06,0,83620,-424000,-340380
2016/10/07,0,139658,-575000,-435342
2016/10/10,0,0,0,0
2016/10/11,0,703000,-540000,163000
2016/10/12,0,776319,-1511447,-735128
2016/10/13,0,762500,-1151000,-388500
2016/10/14,0,287000,-1197888,-910888
2016/10/17,0,216000,-705228,-489228
2016/10/18,0,340632,-796052,-455420
2016/10/19,0,352066,-804000,-451934
2016/10/20,0,120000,-728240,-608240
2016/10/21,0,315000,-654000,-339000
2016/10/24,0,50044,-321838,-271794
2016/10/25,0,90000,-602030,-512030
2016/10/26,0,597000,-757240,-160240
2016/10/27,0,42071,-921000,-878929
2016/10/28,0,393000,-1127000,-734000
2016/10/31,0,1237170,-1440768,-203598
2016/11/01,0,225000,-814760,-589760
2016/11/02,0,490114,-948657,-458543
2016/11/03,0,833000,-936000,-103000
2016/11/04,0,231000,-650000,-419000
2016/11/07,0,363000,-751244,-388244
2016/11/08,0,317494,-396080,-78586
2016/11/09,0,420000,-867000,-447000
2016/11/10,0,313000,-540000,-227000
2016/11/11,0,334000,-1603193,-1269193
2016/11/14,0,656000,-1129923,-473923
2016/11/15,0,809000,-837785,-28785
2016/11/16,0,456000,-681811,-225811
2016/11/17,0,151000,-421000,-270000
2016/11/18,0,336000,-1110480,-774480
2016/11/21,0,710000,-1060046,-350046
2016/11/22,0,474000,-354809,119191
2016/11/23,0,133000,-327273,-194273
2016/11/24,0,123718,-162000,-38282
2016/11/25,0,197000,-281000,-84000
2016/11/28,0,185000,-234000,-49000
2016/11/29,0,113000,-590920,-477920
2016/11/30,0,421322,-722196,-300874
2016/12/01,0,764154,-848958,-84804
2016/12/02,0,133000,-303004,-170004
2016/12/05,0,130000,-274141,-144141
2016/12/06,0,292000,-301136,-9136
2016/12/07,0,53000,-319256,-266256
2016/12/08,0,354000,-261280,92720
2016/12/09,0,361644,-250482,111162
2016/12/12,0,119000,-56000,63000
2016/12/13,0,997680,-477164,520516
2016/12/14,0,319600,-300224,19376
2016/12/15,0,1114000,-398000,716000
2016/12/16,0,211000,-721120,-510120
2016/12/19,0,117202,-145000,-27798
2016/12/20,0,255280,-218959,36321
2016/12/21,0,366215,-245015,121200
2016/12/22,0,163664,-356000,-192336
2016/12/23,0,197000,-377000,-180000
2016/12/26,0,208000,-145000,63000
2016/12/27,0,115000,-100000,15000
2016/12/28,0,316000,-141200,174800
2016/12/29,0,330233,-292152,38081
2016/12/30,0,795000,-716637,78363
2017/01/02,0,0,0,0
2017/01/03,0,136000,-142000,-6000
2017/01/04,0,505000,-311000,194000
2017/01/05,0,456166,-505120,-48954
2017/01/06,0,289000,-278000,11000
2017/01/09,0,206244,-306000,-99756
2017/01/10,0,201000,-425680,-224680
2017/01/11,0,387836,-273000,114836
2017/01/12,0,636000,-187000,449000
2017/01/13,0,383142,-731000,-347858
2017/01/16,0,914240,-194000,720240
2017/01/17,0,768457,-494000,274457
2017/01/18,0,152000,-133972,18028
2017/01/19,0,474000,-253348,220652
2017/01/20,0,421988,-200940,221048
2017/01/23,0,596000,-418741,177259
2017/01/24,0,452367,-214000,238367
2017/01/25,0,0,0,0
2017/01/26,0,0,0,0
2017/01/27,0,0,0,0
2017/01/30,0,0,0,0
2017/01/31,0,0,0,0
2017/02/01,0,0,0,0
2017/02/02,0,581016,-1154354,-573338
2017/02/03,0,801000,-347874,453126
2017/02/06,0,343246,-414000,-70754
2017/02/07,0,324667,-799240,-474573
2017/02/08,0,700644,-383080,317564
2017/02/09,0,233292,-290260,-56968
2017/02/10,0,449000,-293241,155759
2017/02/13,0,130228,-136000,-5772
2017/02/14,0,455000,-251646,203354
2017/02/15,0,526000,-175000,351000
2017/02/16,0,425000,-329000,96000
2017/02/17,0,110000,-150427,-40427
2017/02/20,0,219000,-29000,190000
2017/02/21,0,648000,-147000,501000
2017/02/22,0,617020,-536000,81020
2017/02/23,0,589000,-666080,-77080
2017/02/24,0,347000,-520444,-173444
2017/02/27,0,0,0,0
2017/02/28,0,0,0,0
2017/03/01,0,253258,-820738,-567480
2017/03/02,0,307000,-256292,50708
2017/03/03,0,232000,-459927,-227927
2017/03/06,0,58430,-140064,-81634
2017/03/07,0,107210,-45496,61714
2017/03/08,0,47600,-283266,-235666
2017/03/09,0,188000,-430000,-242000
2017/03/10,0,131126,-1311870,-1180744
2017/03/13,0,195532,-34115,161417
2017/03/14,0,236418,-600940,-364522
2017/03/15,0,68000,-51266,16734
2017/03/16,0,400527,-47000,353527
2017/03/17,0,655578,-391447,264131
2017/03/20,0,212000,-193040,18960
2017/03/21,0,464076,-141000,323076
2017/03/22,0,187497,-691710,-504213
2017/03/23,0,482732,-771555,-288823
2017/03/24,0,175289,-298094,-122805
2017/03/27,0,422000,-252000,170000
2017/03/28,0,516240,-268430,247810
2017/03/29,0,184348,-407614,-223266
2017/03/30,0,254000,-508635,-254635
2017/03/31,0,106000,-522631,-416631
2017/04/03,0,0,0,0
2017/04/04,0,0,0,0
2017/04/05,0,532024,-721000,-188976
2017/04/06,0,204000,-419000,-215000
2017/04/07,0,203089,-481568,-278479
2017/04/10,0,107000,-228000,-121000
2017/04/11,0,126632,-774200,-647568
2017/04/12,0,167000,-130675,36325
2017/04/13,0,155000,-891680,-736680
2017/04/14,0,190000,-507000,-317000
2017/04/17,0,130000,-186000,-56000
2017/04/18,0,323000,-473970,-150970
2017/04/19,0,321000,-752309,-431309
2017/04/20,0,310293,-485000,-174707
2017/04/21,0,443857,-439614,4243
2017/04/24,0,334000,-530000,-196000
2017/04/25,0,529000,-325120,203880
2017/04/26,0,862000,-490000,372000
2017/04/27,0,481128,-427556,53572
2017/04/28,0,419920,-544000,-124080
2017/05/01,0,0,0,0
2017/05/02,0,291000,-358440,-67440
2017/05/03,0,107000,-186000,-79000
2017/05/04,0,43000,-319460,-276460
2017/05/05,0,112596,-208000,-95404
2017/05/08,0,135047,-342774,-207727
2017/05/09,0,381702,-211565,170137
2017/05/10,0,505356,-239000,266356
2017/05/11,0,365874,-306000,59874
2017/05/12,0,321194,-224000,97194
2017/05/15,0,110026,-148858,-38832
2017/05/16,0,311000,-209561,101439
2017/05/17,0,244952,-249000,-4048
2017/05/18,0,225736,-230000,-4264
2017/05/19,0,327000,-109000,218000
2017/05/22,0,381522,-255918,125604
2017/05/23,0,412760,-335480,77280
2017/05/24,0,312093,-445000,-132907
2017/05/25,0,192000,-312259,-120259
2017/05/26,0,0,0,0
2017/05/29,0,0,0,0
2017/05/30,0,0,0,0
2017/05/31,0,500210,-802523,-302313
2017/06/01,0,207000,-151996,55004
2017/06/02,0,377000,-213000,164000
2017/06/05,0,467392,-179520,287872
2017/06/06,0,244536,-192441,52095
2017/06/07,0,79000,-258000,-179000
2017/06/08,0,207818,-104000,103818
2017/06/09,0,128000,-323000,-195000
2017/06/12,0,73946,-307000,-233054
2017/06/13,0,193000,-210360,-17360
2017/06/14,0,220000,-202464,17536
2017/06/15,0,195000,-112000,83000
2017/06/16,0,260000,-351159,-91159
2017/06/19,0,146228,-495000,-348772
2017/06/20,0,236430,-485452,-249022
2017/06/21,0,394454,-711440,-316986
2017/06/22,0,1042364,-778000,264364
2017/06/23,0,423000,-400869,22131
2017/06/26,0,500000,-200500,299500
2017/06/27,0,411000,-175000,236000
2017/06/28,0,144000,-121000,23000
2017/06/29,0,128000,-90000,38000
2017/06/30,0,1611000,-382000,1229000
2017/07/03,0,340000,-1267000,-927000
2017/07/04,0,471000,-615000,-144000
2017/07/05,0,448000,-576000,-128000
2017/07/06,0,1214465,-1250772,-36307
2017/07/07,0,473380,-620275,-146895
2017/07/10,0,741010,-379741,361269
2017/07/11,0,593311,-494781,98530
2017/07/12,0,857796,-532117,325679
2017/07/13,0,1024947,-1161800,-136853
2017/07/14,0,432000,-1114000,-682000
2017/07/17,0,290000,-261000,29000
2017/07/18,0,236382,-158000,78382
2017/07/19,0,548020,-500000,48020
2017/07/20,0,219494,-216360,3134
2017/07/21,0,351086,-235366,115720
2017/07/24,0,535373,-250409,284964
2017/07/25,0,263000,-169460,93540
2017/07/26,0,202000,-371000,-169000
2017/07/27,0,520000,-314150,205850
2017/07/28,0,300000,-320499,-20499
2017/07/31,0,225000,-330643,-105643
2017/08/01,0,292000,-454000,-162000
2017/08/02,0,155044,-128000,27044
2017/08/03,0,120051,-286483,-166432
2017/08/04,0,739000,-453067,285933
2017/08/07,0,285062,-356000,-70938
2017/08/08,0,127100,-509000,-381900
2017/08/09,0,337342,-304000,33342
2017/08/10,0,235456,-230000,5456
2017/08/11,0,129500,-315000,-185500
2017/08/14,0,2262200,-911000,1351200
2017/08/15,0,659000,-790000,-131000
2017/08/16,0,223000,-597000,-374000
2017/08/17,0,168000,-202000,-34000
2017/08/18,0,100000,-538506,-438506
