Date,Open,Buy,Sell,Total
2007/01/02,0,17000,-268000,-251000
2007/01/03,0,9000,-27000,-18000
2007/01/04,0,8000,-20000,-12000
2007/01/05,0,14000,-11000,3000
2007/01/08,0,0,-2860,-2860
2007/01/09,0,3000,-5000,-2000
2007/01/10,0,0,-52000,-52000
2007/01/11,0,17000,-5000,12000
2007/01/12,0,5000,-39000,-34000
2007/01/15,0,1000,-29000,-28000
2007/01/16,0,3000,-40000,-37000
2007/01/17,0,6000,-8000,-2000
2007/01/18,0,421000,-12000,409000
2007/01/19,0,146000,-3000,143000
2007/01/22,0,6000,-94000,-88000
2007/01/23,0,43000,-14000,29000
2007/01/24,0,12000,0,12000
2007/01/25,0,27000,-596000,-569000
2007/01/26,0,52000,-19000,33000
2007/01/29,0,62000,-1000,61000
2007/01/30,0,0,-16000,-16000
2007/01/31,0,62000,-4000,58000
2007/02/01,0,27000,-484000,-457000
2007/02/02,0,11000,0,11000
2007/02/05,0,17000,-16000,1000
2007/02/06,0,8000,-54000,-46000
2007/02/07,0,0,-9000,-9000
2007/02/08,0,4000,-399000,-395000
2007/02/09,0,35000,-674000,-639000
2007/02/12,0,12000,0,12000
2007/02/13,0,57000,-2000,55000
2007/02/14,0,166000,0,166000
2007/02/15,0,0,0,0
2007/02/16,0,0,0,0
2007/02/19,0,0,0,0
2007/02/20,0,0,0,0
2007/02/21,0,0,0,0
2007/02/22,0,0,0,0
2007/02/23,0,0,0,0
2007/02/26,0,0,-567000,-567000
2007/02/27,0,22000,-27000,-5000
2007/02/28,0,0,0,0
2007/03/01,0,43000,-995000,-952000
2007/03/02,0,34000,-9000,25000
2007/03/05,0,34000,-550000,-516000
2007/03/06,0,48000,0,48000
2007/03/07,0,11000,-53000,-42000
2007/03/08,0,0,-16000,-16000
2007/03/09,0,0,-27000,-27000
2007/03/12,0,0,-19000,-19000
2007/03/13,0,0,-13000,-13000
2007/03/14,0,0,-134000,-134000
2007/03/15,0,5000,-206000,-201000
2007/03/16,0,1000,-45000,-44000
2007/03/19,0,48000,-126000,-78000
2007/03/20,0,13000,-5000,8000
2007/03/21,0,0,-3000,-3000
2007/03/22,0,17000,-9000,8000
2007/03/23,0,61000,-42000,19000
2007/03/26,0,16000,0,16000
2007/03/27,0,0,-81000,-81000
2007/03/28,0,1000,-1000,0
2007/03/29,0,1000,-53000,-52000
2007/03/30,0,0,-1000,-1000
2007/04/02,0,4000,-21000,-17000
2007/04/03,0,4000,-2000,2000
2007/04/04,0,91000,-6000,85000
2007/04/05,0,0,0,0
2007/04/06,0,0,0,0
2007/04/09,0,74000,0,74000
2007/04/10,0,95000,-19000,76000
2007/04/11,0,2000,-200000,-198000
2007/04/12,0,86000,-5000,81000
2007/04/13,0,0,-50000,-50000
2007/04/16,0,2181000,0,2181000
2007/04/17,0,2317000,-33000,2284000
2007/04/18,0,8000,-18000,-10000
2007/04/19,0,18000,-45000,-27000
2007/04/20,0,0,-33000,-33000
2007/04/23,0,33000,-25000,8000
2007/04/24,0,6000,-201000,-195000
2007/04/25,0,40000,-54000,-14000
2007/04/26,0,2000,-23000,-21000
2007/04/27,0,2000,-268000,-266000
2007/04/30,0,8000,-47000,-39000
2007/05/01,0,0,0,0
2007/05/02,0,1000,-5000,-4000
2007/05/03,0,8000,-1000,7000
2007/05/04,0,1518000,-7000,1511000
2007/05/07,0,0,0,0
2007/05/08,0,390000,0,390000
2007/05/09,0,83000,-8000,75000
2007/05/10,0,1104000,0,1104000
2007/05/11,0,79000,0,79000
2007/05/14,0,61000,-50000,11000
2007/05/15,0,67000,-1000,66000
2007/05/16,0,476000,0,476000
2007/05/17,0,32000,-6000,26000
2007/05/18,0,4000,-1000,3000
2007/05/21,0,1000,-77000,-76000
2007/05/22,0,0,-7000,-7000
2007/05/23,0,19000,-1000,18000
2007/05/24,0,7000,-25000,-18000
2007/05/25,0,5000,-13000,-8000
2007/05/28,0,309000,-68000,241000
2007/05/29,0,0,-22000,-22000
2007/05/30,0,9000,-41000,-32000
2007/05/31,0,16000,0,16000
2007/06/01,0,363251,-14000,349251
2007/06/04,0,22000,-22000,0
2007/06/05,0,18000,-10000,8000
2007/06/06,0,19000,-12000,7000
2007/06/07,0,0,-46000,-46000
2007/06/08,0,6000,-19000,-13000
2007/06/11,0,3000,-28000,-25000
2007/06/12,0,13000,-5000,8000
2007/06/13,0,0,0,0
2007/06/14,0,0,-5000,-5000
2007/06/15,0,30000,-1000,29000
2007/06/18,0,0,0,0
2007/06/19,0,0,0,0
2007/06/20,0,123000,-16000,107000
2007/06/21,0,199000,-36000,163000
2007/06/22,0,110000,-118000,-8000
2007/06/25,0,77000,-100000,-23000
2007/06/26,0,1500,-40000,-38500
2007/06/27,0,11000,-15000,-4000
2007/06/28,0,461500,-9000,452500
2007/06/29,0,359000,-386000,-27000
2007/07/02,0,103000,-38000,65000
2007/07/03,0,50000,-75000,-25000
2007/07/04,0,46000,-907000,-861000
2007/07/05,0,73000,-13000,60000
2007/07/06,0,278000,-28000,250000
2007/07/09,0,63000,-2000,61000
2007/07/10,0,77000,-11000,66000
2007/07/11,0,12000,-14000,-2000
2007/07/12,0,15000,-23000,-8000
2007/07/13,0,40000,-3000,37000
2007/07/16,0,53000,-7000,46000
2007/07/17,0,269000,-3000,266000
2007/07/18,0,98000,-43000,55000
2007/07/19,0,62000,-45000,17000
2007/07/20,0,290000,-12000,278000
2007/07/23,0,7000,-28000,-21000
2007/07/24,0,489000,-177000,312000
2007/07/25,0,176000,-586000,-410000
2007/07/26,0,139000,-124000,15000
2007/07/27,0,68000,-1154000,-1086000
2007/07/30,0,42000,-147000,-105000
2007/07/31,0,65000,-128000,-63000
2007/08/01,0,43000,-248000,-205000
2007/08/02,0,14000,-350000,-336000
2007/08/03,0,40000,-77000,-37000
2007/08/06,0,70000,-38000,32000
2007/08/07,0,16000,-207000,-191000
2007/08/08,0,216000,-179000,37000
2007/08/09,0,54000,-194000,-140000
2007/08/10,0,12000,-2044000,-2032000
2007/08/13,0,31000,-2150000,-2119000
2007/08/14,0,36000,-2000,34000
2007/08/15,0,7000,-11000,-4000
2007/08/16,0,4000,-115000,-111000
2007/08/17,0,34000,-10000,24000
2007/08/20,0,33000,0,33000
2007/08/21,0,1000,-106000,-105000
2007/08/22,0,18000,-70000,-52000
2007/08/23,0,52000,-17000,35000
2007/08/24,0,3000,0,3000
2007/08/27,0,8000,-3000,5000
2007/08/28,0,27000,-3000,24000
2007/08/29,0,67000,-8000,59000
2007/08/30,0,1000,-77000,-76000
2007/08/31,0,136000,-50000,86000
2007/09/03,0,0,-105000,-105000
2007/09/04,0,50000,-23000,27000
2007/09/05,0,56000,-993000,-937000
2007/09/06,0,52000,-59000,-7000
2007/09/07,0,58000,-478000,-420000
2007/09/10,0,55000,-2000,53000
2007/09/11,0,80000,-34000,46000
2007/09/12,0,0,-12000,-12000
2007/09/13,0,38000,-10000,28000
2007/09/14,0,27000,0,27000
2007/09/17,0,3000,-14000,-11000
2007/09/18,0,0,0,0
2007/09/19,0,18000,-414000,-396000
2007/09/20,0,20300,-22000,-1700
2007/09/21,0,31000,-5000,26000
2007/09/24,0,0,0,0
2007/09/25,0,0,0,0
2007/09/26,0,146000,-18000,128000
2007/09/27,0,49000,-10000,39000
2007/09/28,0,11000,-67000,-56000
2007/10/01,0,170000,-16000,154000
2007/10/02,0,82000,-16000,66000
2007/10/03,0,69000,-13000,56000
2007/10/04,0,62000,-2000,60000
2007/10/05,0,60000,-60000,0
2007/10/08,0,397000,-34000,363000
2007/10/09,0,18000,-7000,11000
2007/10/10,0,0,0,0
2007/10/11,0,37100,-8000,29100
2007/10/12,0,23000,-53000,-30000
2007/10/15,0,9000,-20000,-11000
2007/10/16,0,29000,-29000,0
2007/10/17,0,14000,-35000,-21000
2007/10/18,0,18000,-116000,-98000
2007/10/19,0,8000,-16000,-8000
2007/10/22,0,157000,-417000,-260000
2007/10/23,0,13000,-17000,-4000
2007/10/24,0,11000,-11000,0
2007/10/25,0,1000,-386000,-385000
2007/10/26,0,23000,-766000,-743000
2007/10/29,0,3000,-59000,-56000
2007/10/30,0,75000,-21000,54000
2007/10/31,0,9000,-26000,-17000
2007/11/01,0,40000,-14000,26000
2007/11/02,0,77000,-34000,43000
2007/11/05,0,24000,-122000,-98000
2007/11/06,0,66000,-35000,31000
2007/11/07,0,181000,-39000,142000
2007/11/08,0,46000,-115000,-69000
2007/11/09,0,123000,-6000,117000
2007/11/12,0,12000,-69000,-57000
2007/11/13,0,6000,-49000,-43000
2007/11/14,0,21000,-13000,8000
2007/11/15,0,18000,-9000,9000
2007/11/16,0,1000,-26000,-25000
2007/11/19,0,22000,-6000,16000
2007/11/20,0,43000,-126000,-83000
2007/11/21,0,32000,-46000,-14000
2007/11/22,0,37000,-1000,36000
2007/11/23,0,91000,-36000,55000
2007/11/26,0,350000,-2000,348000
2007/11/27,0,172000,-32000,140000
2007/11/28,0,234000,-10000,224000
2007/11/29,0,1000,-383000,-382000
2007/11/30,0,33000,-317000,-284000
2007/12/03,0,54000,-48000,6000
2007/12/04,0,31000,0,31000
2007/12/05,0,75000,-18000,57000
2007/12/06,0,23000,-25000,-2000
2007/12/07,0,24187,-3000,21187
2007/12/10,0,17000,-7000,10000
2007/12/11,0,17000,0,17000
2007/12/12,0,39000,-3000,36000
2007/12/13,0,21000,-26000,-5000
2007/12/14,0,4000,-20000,-16000
2007/12/17,0,28000,-31000,-3000
2007/12/18,0,46000,-45000,1000
2007/12/19,0,42000,-17000,25000
2007/12/20,0,4000,-14000,-10000
2007/12/21,0,4000,-45000,-41000
2007/12/24,0,6000,-21000,-15000
2007/12/25,0,1000,-52000,-51000
2007/12/26,0,9000,-26000,-17000
2007/12/27,0,4000,-41000,-37000
2007/12/28,0,13000,-25000,-12000
2007/12/31,0,21000,-39000,-18000
2008/01/01,0,0,0,0
2008/01/02,0,17000,-74000,-57000
2008/01/03,0,22000,-33000,-11000
2008/01/04,0,12000,-31000,-19000
2008/01/07,0,18000,-50780,-32780
2008/01/08,0,61000,-38000,23000
2008/01/09,0,3000,-26000,-23000
2008/01/10,0,6000,-37000,-31000
2008/01/11,0,1000,-41000,-40000
2008/01/14,0,102000,-65000,37000
2008/01/15,0,55000,-112000,-57000
2008/01/16,0,49000,-55000,-6000
2008/01/17,0,54000,-26000,28000
2008/01/18,0,50000,-32000,18000
2008/01/21,0,19000,-171000,-152000
2008/01/22,0,17000,-53000,-36000
2008/01/23,0,30000,-242000,-212000
2008/01/24,0,35000,-19000,16000
2008/01/25,0,5000,-26000,-21000
2008/01/28,0,0,-19000,-19000
2008/01/29,0,12000,-14000,-2000
2008/01/30,0,14000,-58000,-44000
2008/01/31,0,67100,0,67100
2008/02/01,0,27000,-10000,17000
2008/02/04,0,0,0,0
2008/02/05,0,0,0,0
2008/02/06,0,0,0,0
2008/02/07,0,0,0,0
2008/02/08,0,0,0,0
2008/02/11,0,0,0,0
2008/02/12,0,13000,-23000,-10000
2008/02/13,0,4000,-31000,-27000
2008/02/14,0,34000,-33000,1000
2008/02/15,0,37000,-14000,23000
2008/02/18,0,171000,-2000,169000
2008/02/19,0,828000,-7000,821000
2008/02/20,0,15000,-10000,5000
2008/02/21,0,740000,-33000,707000
2008/02/22,0,2000,-43000,-41000
2008/02/25,0,30000,-27000,3000
2008/02/26,0,22000,-1000,21000
2008/02/27,0,3000,0,3000
2008/02/28,0,0,0,0
2008/02/29,0,207000,0,207000
2008/03/03,0,19000,-10000,9000
2008/03/04,0,65000,-17000,48000
2008/03/05,0,221000,-14000,207000
2008/03/06,0,141000,-102000,39000
2008/03/07,0,102000,-31000,71000
2008/03/10,0,16000,-23000,-7000
2008/03/11,0,50000,0,50000
2008/03/12,0,73000,-2000,71000
2008/03/13,0,10000,-29000,-19000
2008/03/14,0,3000,-22000,-19000
2008/03/17,0,3000,-30000,-27000
2008/03/18,0,4000,-125000,-121000
2008/03/19,0,33000,-2000,31000
2008/03/20,0,100000,-18000,82000
2008/03/21,0,69000,-5000,64000
2008/03/24,0,222000,-25000,197000
2008/03/25,0,99000,-1000,98000
2008/03/26,0,1000,-9000,-8000
2008/03/27,0,22000,-2000,20000
2008/03/28,0,6000,0,6000
2008/03/31,0,22000,-67000,-45000
2008/04/01,0,1000,-9000,-8000
2008/04/02,0,0,-32000,-32000
2008/04/03,0,6000,-26000,-20000
2008/04/04,0,0,0,0
2008/04/07,0,23000,0,23000
2008/04/08,0,21000,-67000,-46000
2008/04/09,0,0,-40000,-40000
2008/04/10,0,6000,-13000,-7000
2008/04/11,0,1000,-33000,-32000
2008/04/14,0,18000,-36000,-18000
2008/04/15,0,24000,-17000,7000
2008/04/16,0,15000,-3000,12000
2008/04/17,0,72000,-56000,16000
2008/04/18,0,16000,-4000,12000
2008/04/21,0,61000,-26000,35000
2008/04/22,0,10060,0,10060
2008/04/23,0,182000,0,182000
2008/04/24,0,61000,-16000,45000
2008/04/25,0,2000,-16000,-14000
2008/04/28,0,0,0,0
2008/04/29,0,0,-178000,-178000
2008/04/30,0,37000,0,37000
2008/05/01,0,0,0,0
2008/05/02,0,24000,-33000,-9000
2008/05/05,0,11000,-29000,-18000
2008/05/06,0,49000,-4000,45000
2008/05/07,0,88000,-21000,67000
2008/05/08,0,21000,-51000,-30000
2008/05/09,0,16000,-38000,-22000
2008/05/12,0,1000,-23000,-22000
2008/05/13,0,2000,-2000,0
2008/05/14,0,20000,0,20000
2008/05/15,0,38000,0,38000
2008/05/16,0,44000,-10000,34000
2008/05/19,0,31000,-11000,20000
2008/05/20,0,128000,-19000,109000
2008/05/21,0,11000,-133000,-122000
2008/05/22,0,73000,-61000,12000
2008/05/23,0,14000,-39000,-25000
2008/05/26,0,3000,-10000,-7000
2008/05/27,0,2000,-51000,-49000
2008/05/28,0,10000,-211000,-201000
2008/05/29,0,86000,-7000,79000
2008/05/30,0,18000,-13000,5000
2008/06/02,0,334000,0,334000
2008/06/03,0,33000,-73000,-40000
2008/06/04,0,14000,-24000,-10000
2008/06/05,0,111000,-69000,42000
2008/06/06,0,30000,-58000,-28000
2008/06/09,0,67000,-41000,26000
2008/06/10,0,1000,-152000,-151000
2008/06/11,0,60000,-24000,36000
2008/06/12,0,39000,-110000,-71000
2008/06/13,0,31000,-55000,-24000
2008/06/16,0,156000,-45000,111000
2008/06/17,0,0,-13000,-13000
2008/06/18,0,31000,-60000,-29000
2008/06/19,0,11000,-108000,-97000
2008/06/20,0,115000,-133000,-18000
2008/06/23,0,38000,-15000,23000
2008/06/24,0,0,-50000,-50000
2008/06/25,0,46000,-123000,-77000
2008/06/26,0,19000,-71000,-52000
2008/06/27,0,21000,-6000,15000
2008/06/30,0,18000,-16000,2000
2008/07/01,0,79000,-51000,28000
2008/07/02,0,77000,-8000,69000
2008/07/03,0,26000,-46000,-20000
2008/07/04,0,0,-43000,-43000
2008/07/07,0,5000,-4000,1000
2008/07/08,0,0,-58000,-58000
2008/07/09,0,15000,-7000,8000
2008/07/10,0,62000,0,62000
2008/07/11,0,17000,-27000,-10000
2008/07/14,0,84000,-20000,64000
2008/07/15,0,84000,-101000,-17000
2008/07/16,0,23000,-31000,-8000
2008/07/17,0,31000,-103000,-72000
2008/07/18,0,143000,-112000,31000
2008/07/21,0,67000,-2000,65000
2008/07/22,0,300000,-13000,287000
2008/07/23,0,723000,-305000,418000
2008/07/24,0,10000,-109000,-99000
2008/07/25,0,145000,-22000,123000
2008/07/28,0,0,0,0
2008/07/29,0,0,-129000,-129000
2008/07/30,0,0,-58000,-58000
2008/07/31,0,785000,-16000,769000
2008/08/01,0,558000,-13000,545000
2008/08/04,0,549000,-51000,498000
2008/08/05,0,1202000,-107000,1095000
2008/08/06,0,1938000,-54000,1884000
2008/08/07,0,56000,-26000,30000
2008/08/08,0,95000,-42000,53000
2008/08/11,0,73000,-79000,-6000
2008/08/12,0,710000,-190000,520000
2008/08/13,0,823000,-31000,792000
2008/08/14,0,528000,-110000,418000
2008/08/15,0,1252000,-284000,968000
2008/08/18,0,430000,-27000,403000
2008/08/19,0,51000,-156187,-105187
2008/08/20,0,406000,-43000,363000
2008/08/21,0,149000,-110000,39000
2008/08/22,0,49000,-35000,14000
2008/08/25,0,223000,-4000,219000
2008/08/26,0,184000,-3000,181000
2008/08/27,0,14000,-10000,4000
2008/08/28,0,50000,-22000,28000
2008/08/29,0,18000,-121000,-103000
2008/09/01,0,178000,-8000,170000
2008/09/02,0,9000,-52000,-43000
2008/09/03,0,100000,-1000,99000
2008/09/04,0,160000,-62000,98000
2008/09/05,0,76000,-47000,29000
2008/09/08,0,0,-38000,-38000
2008/09/09,0,7000,-32000,-25000
2008/09/10,0,32000,-20000,12000
2008/09/11,0,0,-106000,-106000
2008/09/12,0,16000,0,16000
2008/09/15,0,1000,-3000,-2000
2008/09/16,0,27000,0,27000
2008/09/17,0,222000,-50000,172000
2008/09/18,0,234000,-56000,178000
2008/09/19,0,102000,-38000,64000
2008/09/22,0,99000,-51000,48000
2008/09/23,0,381000,-10000,371000
2008/09/24,0,178000,-77000,101000
2008/09/25,0,22000,-37000,-15000
2008/09/26,0,2000,-39000,-37000
2008/09/29,0,0,0,0
2008/09/30,0,0,-9000,-9000
2008/10/01,0,561000,-140000,421000
2008/10/02,0,0,-66000,-66000
2008/10/03,0,47000,0,47000
2008/10/06,0,2000,-45000,-43000
2008/10/07,0,105000,-36000,69000
2008/10/08,0,82000,-80000,2000
2008/10/09,0,29000,-684000,-655000
2008/10/10,0,0,0,0
2008/10/13,0,0,-335000,-335000
2008/10/14,0,59000,-711000,-652000
2008/10/15,0,48000,-35000,13000
2008/10/16,0,0,0,0
2008/10/17,0,208000,-35000,173000
2008/10/20,0,0,-43000,-43000
2008/10/21,0,6000,-13000,-7000
2008/10/22,0,11000,-383000,-372000
2008/10/23,0,3000,-278000,-275000
2008/10/24,0,7000,-1000,6000
2008/10/27,0,0,-28000,-28000
2008/10/28,0,0,-38000,-38000
2008/10/29,0,7000,-135000,-128000
2008/10/30,0,752000,-32000,720000
2008/10/31,0,39000,-42000,-3000
2008/11/03,0,36000,-34000,2000
2008/11/04,0,34000,-28000,6000
2008/11/05,0,17000,-12000,5000
2008/11/06,0,16000,-4000,12000
2008/11/07,0,1000,-28000,-27000
2008/11/10,0,78000,-2000,76000
2008/11/11,0,8000,-38000,-30000
2008/11/12,0,321000,-73000,248000
2008/11/13,0,448000,-27000,421000
2008/11/14,0,205000,-4000,201000
2008/11/17,0,16000,-29000,-13000
2008/11/18,0,16000,-28000,-12000
2008/11/19,0,5000,-80000,-75000
2008/11/20,0,31000,-1000,30000
2008/11/21,0,157000,-63000,94000
2008/11/24,0,6000,-11000,-5000
2008/11/25,0,79000,-106000,-27000
2008/11/26,0,68000,-11000,57000
2008/11/27,0,138000,-168000,-30000
2008/11/28,0,158000,-50000,108000
2008/12/01,0,7000,-36000,-29000
2008/12/02,0,10000,-87000,-77000
2008/12/03,0,4000,-172000,-168000
2008/12/04,0,352000,-333000,19000
2008/12/05,0,52000,-349000,-297000
2008/12/08,0,34000,-678000,-644000
2008/12/09,0,42000,-577000,-535000
2008/12/10,0,84000,-788000,-704000
2008/12/11,0,58000,-574000,-516000
2008/12/12,0,59000,-728000,-669000
2008/12/15,0,59000,-70000,-11000
2008/12/16,0,32000,-77000,-45000
2008/12/17,0,71000,-384000,-313000
2008/12/18,0,44000,-89000,-45000
2008/12/19,0,105000,-27000,78000
2008/12/22,0,64000,-172000,-108000
2008/12/23,0,13000,-52000,-39000
2008/12/24,0,16000,-18000,-2000
2008/12/25,0,5000,-7000,-2000
2008/12/26,0,36000,-8000,28000
2008/12/29,0,59000,-10000,49000
2008/12/30,0,62000,-28000,34000
2008/12/31,0,36000,-10000,26000
2009/01/01,0,0,0,0
2009/01/02,0,0,0,0
2009/01/05,0,84000,-26000,58000
2009/01/06,0,18000,-52000,-34000
2009/01/07,0,59000,-34000,25000
2009/01/08,0,1000,-160000,-159000
2009/01/09,0,17000,-64000,-47000
2009/01/12,0,30000,-17000,13000
2009/01/13,0,7000,-6000,1000
2009/01/14,0,79000,-7000,72000
2009/01/15,0,1000,-109000,-108000
2009/01/16,0,12000,-14000,-2000
2009/01/19,0,0,-12000,-12000
2009/01/20,0,0,0,0
2009/01/21,0,17000,-17000,0
2009/01/22,0,0,0,0
2009/01/23,0,0,0,0
2009/01/26,0,0,0,0
2009/01/27,0,0,0,0
2009/01/28,0,0,0,0
2009/01/29,0,0,0,0
2009/01/30,0,0,0,0
2009/02/02,0,21000,-86000,-65000
2009/02/03,0,59000,0,59000
2009/02/04,0,15000,0,15000
2009/02/05,0,11000,-13000,-2000
2009/02/06,0,0,-11000,-11000
2009/02/09,0,0,-344000,-344000
2009/02/10,0,0,-69000,-69000
2009/02/11,0,0,-25000,-25000
2009/02/12,0,79000,-34000,45000
2009/02/13,0,37000,0,37000
2009/02/16,0,24000,-584000,-560000
2009/02/17,0,0,-140000,-140000
2009/02/18,0,0,-1310000,-1310000
2009/02/19,0,0,-627000,-627000
2009/02/20,0,0,-580000,-580000
2009/02/23,0,29000,-1468000,-1439000
2009/02/24,0,1000,-68000,-67000
2009/02/25,0,1000,-30000,-29000
2009/02/26,0,38000,-445000,-407000
2009/02/27,0,37000,0,37000
2009/03/02,0,0,-464000,-464000
2009/03/03,0,0,-61000,-61000
2009/03/04,0,174000,-600,173400
2009/03/05,0,165000,0,165000
2009/03/06,0,13000,0,13000
2009/03/09,0,98000,0,98000
2009/03/10,0,0,-14000,-14000
2009/03/11,0,7000,-96000,-89000
2009/03/12,0,24000,-90000,-66000
2009/03/13,0,59000,-6000,53000
2009/03/16,0,19000,-70000,-51000
2009/03/17,0,3000,-109000,-106000
2009/03/18,0,83000,-53000,30000
2009/03/19,0,0,-16000,-16000
2009/03/20,0,490000,-47000,443000
2009/03/23,0,469000,0,469000
2009/03/24,0,13000,-14000,-1000
2009/03/25,0,34000,-10000,24000
2009/03/26,0,57000,-2083000,-2026000
2009/03/27,0,6000,-2189000,-2183000
2009/03/30,0,0,-836000,-836000
2009/03/31,0,125000,-10000,115000
2009/04/01,0,193000,0,193000
2009/04/02,0,78000,-3000,75000
2009/04/03,0,21000,-54000,-33000
2009/04/06,0,3000,-137000,-134000
2009/04/07,0,52000,-4000,48000
2009/04/08,0,19600,-93000,-73400
2009/04/09,0,146000,0,146000
2009/04/10,0,55000,-14000,41000
2009/04/13,0,109000,-3000,106000
2009/04/14,0,50000,-24000,26000
2009/04/15,0,15000,-9000,6000
2009/04/16,0,63000,0,63000
2009/04/17,0,70000,-75000,-5000
2009/04/20,0,72000,-60000,12000
2009/04/21,0,19000,-46000,-27000
2009/04/22,0,2000,-57000,-55000
2009/04/23,0,929000,-39000,890000
2009/04/24,0,31000,-86000,-55000
2009/04/27,0,26000,-133000,-107000
2009/04/28,0,24000,-3000,21000
2009/04/29,0,47000,-9000,38000
2009/04/30,0,290000,0,290000
2009/05/01,0,0,0,0
2009/05/04,0,158000,-6000,152000
2009/05/05,0,59000,-211000,-152000
2009/05/06,0,359000,-30000,329000
2009/05/07,0,72000,-188000,-116000
2009/05/08,0,273000,-27000,246000
2009/05/11,0,595000,-43000,552000
2009/05/12,0,30000,-217000,-187000
2009/05/13,0,0,-80000,-80000
2009/05/14,0,122000,-22000,100000
2009/05/15,0,86000,-69000,17000
2009/05/18,0,91000,-54000,37000
2009/05/19,0,28000,-41000,-13000
2009/05/20,0,32000,-77000,-45000
2009/05/21,0,14000,-40000,-26000
2009/05/22,0,102000,-17000,85000
2009/05/25,0,202000,-19000,183000
2009/05/26,0,2000,-156000,-154000
2009/05/27,0,23000,-18000,5000
2009/05/28,0,0,0,0
2009/05/29,0,0,0,0
2009/06/01,0,143000,-200000,-57000
2009/06/02,0,11000,-336000,-325000
2009/06/03,0,59000,-160000,-101000
2009/06/04,0,56000,-177000,-121000
2009/06/05,0,90000,0,90000
2009/06/08,0,1000,-125000,-124000
2009/06/09,0,90000,-2000,88000
2009/06/10,0,83000,-5000,78000
2009/06/11,0,227000,-82000,145000
2009/06/12,0,16000,-156000,-140000
2009/06/15,0,9000,-153000,-144000
2009/06/16,0,249000,-15000,234000
2009/06/17,0,6000,-168000,-162000
2009/06/18,0,3000,-6000,-3000
2009/06/19,0,131000,-15000,116000
2009/06/22,0,86000,-43000,43000
2009/06/23,0,5000,-38000,-33000
2009/06/24,0,128000,-21000,107000
2009/06/25,0,85000,-39000,46000
2009/06/26,0,115000,-32000,83000
2009/06/29,0,7000,-62000,-55000
2009/06/30,0,25000,-56000,-31000
2009/07/01,0,80000,-33600,46400
2009/07/02,0,0,-13000,-13000
2009/07/03,0,2000,0,2000
2009/07/06,0,10000,-17000,-7000
2009/07/07,0,20000,-51000,-31000
2009/07/08,0,50000,-27000,23000
2009/07/09,0,70000,-1000,69000
2009/07/10,0,11000,-42000,-31000
2009/07/13,0,12000,-229000,-217000
2009/07/14,0,0,-57000,-57000
2009/07/15,0,72000,-10000,62000
2009/07/16,0,32000,-18000,14000
2009/07/17,0,108000,-62000,46000
2009/07/20,0,837000,-12000,825000
2009/07/21,0,6000,-68000,-62000
2009/07/22,0,49000,-2000,47000
2009/07/23,0,27000,0,27000
2009/07/24,0,5000,-447260,-442260
2009/07/27,0,22000,-5000,17000
2009/07/28,0,19000,0,19000
2009/07/29,0,4000,-19000,-15000
2009/07/30,0,0,-1000,-1000
2009/07/31,0,1000,-2000,-1000
2009/08/03,0,13000,-8000,5000
2009/08/04,0,11000,-54000,-43000
2009/08/05,0,22000,-16000,6000
2009/08/06,0,10000,-3000,7000
2009/08/07,0,0,0,0
2009/08/10,0,22000,-28000,-6000
2009/08/11,0,31000,-28000,3000
2009/08/12,0,9000,-6000,3000
2009/08/13,0,0,-12000,-12000
2009/08/14,0,0,-11000,-11000
2009/08/17,0,93000,-12000,81000
2009/08/18,0,2000,-74000,-72000
2009/08/19,0,2000,-82000,-80000
2009/08/20,0,32000,-7000,25000
2009/08/21,0,1000,-19000,-18000
2009/08/24,0,93000,-1000,92000
2009/08/25,0,19000,-21000,-2000
2009/08/26,0,44000,-39000,5000
2009/08/27,0,57000,-28000,29000
2009/08/28,0,234000,0,234000
2009/08/31,0,7009,-172000,-164991
2009/09/01,0,59000,-11000,48000
2009/09/02,0,11000,-30000,-19000
2009/09/03,0,3000,-15000,-12000
2009/09/04,0,0,-4000,-4000
2009/09/07,0,2000,-36000,-34000
2009/09/08,0,21000,0,21000
2009/09/09,0,17000,0,17000
2009/09/10,0,103000,-3000,100000
2009/09/11,0,71000,0,71000
2009/09/14,0,59000,-3000,56000
2009/09/15,0,58000,0,58000
2009/09/16,0,76000,0,76000
2009/09/17,0,76000,0,76000
2009/09/18,0,18000,-21000,-3000
2009/09/21,0,26000,-58000,-32000
2009/09/22,0,0,-2000,-2000
2009/09/23,0,73000,-7000,66000
2009/09/24,0,0,-30000,-30000
2009/09/25,0,6000,0,6000
2009/09/28,0,1000,-69000,-68000
2009/09/29,0,11000,0,11000
2009/09/30,0,312253,0,312253
2009/10/01,0,12000,0,12000
2009/10/02,0,0,-22000,-22000
2009/10/05,0,1000,-56000,-55000
2009/10/06,0,12000,-7000,5000
2009/10/07,0,4000,-36000,-32000
2009/10/08,0,35000,-29000,6000
2009/10/09,0,9000,-10000,-1000
2009/10/12,0,8000,-55050,-47050
2009/10/13,0,0,-47000,-47000
2009/10/14,0,10000,0,10000
2009/10/15,0,62000,0,62000
2009/10/16,0,26000,0,26000
2009/10/19,0,32000,-1000,31000
2009/10/20,0,236000,-17000,219000
2009/10/21,0,4000,-9000,-5000
2009/10/22,0,30000,-214300,-184300
2009/10/23,0,142000,0,142000
2009/10/26,0,148000,-3000,145000
2009/10/27,0,4000,-7000,-3000
2009/10/28,0,2000,-163000,-161000
2009/10/29,0,21000,0,21000
2009/10/30,0,0,-25000,-25000
2009/11/02,0,0,-134000,-134000
2009/11/03,0,0,-96000,-96000
2009/11/04,0,5000,-2000,3000
2009/11/05,0,0,-37000,-37000
2009/11/06,0,0,0,0
2009/11/09,0,27000,0,27000
2009/11/10,0,6000,-3000,3000
2009/11/11,0,34000,0,34000
2009/11/12,0,34000,0,34000
2009/11/13,0,695000,0,695000
2009/11/16,0,419000,0,419000
2009/11/17,0,46000,-18000,28000
2009/11/18,0,245000,-30000,215000
2009/11/19,0,21000,-46850,-25850
2009/11/20,0,10000,-19000,-9000
2009/11/23,0,0,0,0
2009/11/24,0,0,0,0
2009/11/25,0,25000,0,25000
2009/11/26,0,104000,-21300,82700
2009/11/27,0,0,-64000,-64000
2009/11/30,0,70000,0,70000
2009/12/01,0,5000,-10000,-5000
2009/12/02,0,1000,-57000,-56000
2009/12/03,0,33000,0,33000
2009/12/04,0,0,-209000,-209000
2009/12/07,0,454000,-14000,440000
2009/12/08,0,461000,-87000,374000
2009/12/09,0,271000,-23000,248000
2009/12/10,0,303000,-53150,249850
2009/12/11,0,309000,-28000,281000
2009/12/14,0,435000,-28000,407000
2009/12/15,0,440000,-21000,419000
2009/12/16,0,329000,-14000,315000
2009/12/17,0,225000,-53000,172000
2009/12/18,0,47000,-18000,29000
2009/12/21,0,0,0,0
2009/12/22,0,11000,-4000,7000
2009/12/23,0,7000,0,7000
2009/12/24,0,28000,-4000,24000
2009/12/25,0,0,0,0
2009/12/28,0,39000,0,39000
2009/12/29,0,9000,0,9000
2009/12/30,0,600000,0,600000
2009/12/31,0,8000,-3000,5000
2010/01/01,0,0,0,0
2010/01/04,0,967000,-17000,950000
2010/01/05,0,3000,0,3000
2010/01/06,0,34000,0,34000
2010/01/07,0,185000,-15000,170000
2010/01/08,0,79000,-18000,61000
2010/01/11,0,92000,-15000,77000
2010/01/12,0,3000,-57000,-54000
2010/01/13,0,2000,-14000,-12000
2010/01/14,0,14000,-30000,-16000
2010/01/15,0,6000,-94000,-88000
2010/01/18,0,62000,-65000,-3000
2010/01/19,0,49000,-43000,6000
2010/01/20,0,26000,-3000,23000
2010/01/21,0,124000,-23000,101000
2010/01/22,0,11000,-28000,-17000
2010/01/25,0,50000,-24000,26000
2010/01/26,0,0,-80000,-80000
2010/01/27,0,68000,-18000,50000
2010/01/28,0,0,-11000,-11000
2010/01/29,0,10000,-45000,-35000
2010/02/01,0,15000,-23000,-8000
2010/02/02,0,93000,-69000,24000
2010/02/03,0,8000,-57750,-49750
2010/02/04,0,8000,-50000,-42000
2010/02/05,0,18000,-70000,-52000
2010/02/08,0,15000,-80000,-65000
2010/02/09,0,27000,-509000,-482000
2010/02/10,0,62000,-1157000,-1095000
2010/02/11,0,0,0,0
2010/02/12,0,0,0,0
2010/02/15,0,0,0,0
2010/02/16,0,0,0,0
2010/02/17,0,0,0,0
2010/02/18,0,0,0,0
2010/02/19,0,0,0,0
2010/02/22,0,32000,-38950,-6950
2010/02/23,0,1000,-2000,-1000
2010/02/24,0,15000,-6000,9000
2010/02/25,0,0,-23000,-23000
2010/02/26,0,7000,0,7000
2010/03/01,0,19000,-2000,17000
2010/03/02,0,68000,-49000,19000
2010/03/03,0,27000,-3000,24000
2010/03/04,0,0,-51000,-51000
2010/03/05,0,49000,-74000,-25000
2010/03/08,0,2000,-1000,1000
2010/03/09,0,22000,0,22000
2010/03/10,0,60364,-2000,58364
2010/03/11,0,24000,-4000,20000
2010/03/12,0,6000,-480000,-474000
2010/03/15,0,6000,-551000,-545000
2010/03/16,0,19000,-600000,-581000
2010/03/17,0,55000,-208000,-153000
2010/03/18,0,85000,-383000,-298000
2010/03/19,0,11000,-289000,-278000
2010/03/22,0,0,-258000,-258000
2010/03/23,0,4000,-58000,-54000
2010/03/24,0,134450,0,134450
2010/03/25,0,36000,-274000,-238000
2010/03/26,0,43000,-134000,-91000
2010/03/29,0,22000,-750,21250
2010/03/30,0,153000,-277000,-124000
2010/03/31,0,52000,-517000,-465000
2010/04/01,0,45000,-6000,39000
2010/04/02,0,400000,-60000,340000
2010/04/05,0,0,0,0
2010/04/06,0,135000,-20000,115000
2010/04/07,0,39000,-610000,-571000
2010/04/08,0,52000,-512000,-460000
2010/04/09,0,95000,-196000,-101000
2010/04/12,0,27000,-145519,-118519
2010/04/13,0,0,-34000,-34000
2010/04/14,0,9000,-10000,-1000
2010/04/15,0,49000,-17000,32000
2010/04/16,0,67000,-79000,-12000
2010/04/19,0,23000,-17000,6000
2010/04/20,0,6000,-52000,-46000
2010/04/21,0,74000,-5000,69000
2010/04/22,0,4000,-99000,-95000
2010/04/23,0,49000,-60000,-11000
2010/04/26,0,62000,0,62000
2010/04/27,0,0,0,0
2010/04/28,0,2000,-37000,-35000
2010/04/29,0,20000,-38000,-18000
2010/04/30,0,64000,-7000,57000
2010/05/03,0,1000,-19000,-18000
2010/05/04,0,5000,-2000,3000
2010/05/05,0,32000,-53000,-21000
2010/05/06,0,31000,-95000,-64000
2010/05/07,0,104000,-48000,56000
2010/05/10,0,59000,-57000,2000
2010/05/11,0,5000,-79000,-74000
2010/05/12,0,5000,0,5000
2010/05/13,0,15000,-6000,9000
2010/05/14,0,12000,-7000,5000
2010/05/17,0,20000,0,20000
2010/05/18,0,28000,-16000,12000
2010/05/19,0,70000,-36000,34000
2010/05/20,0,14000,-33000,-19000
2010/05/21,0,28000,-105000,-77000
2010/05/24,0,28000,-122000,-94000
2010/05/25,0,31000,-116000,-85000
2010/05/26,0,53000,0,53000
2010/05/27,0,21000,-27000,-6000
2010/05/28,0,15000,-25000,-10000
2010/05/31,0,2000,-13000,-11000
2010/06/01,0,29000,-22000,7000
2010/06/02,0,0,-45000,-45000
2010/06/03,0,40000,-12000,28000
2010/06/04,0,27000,-1000,26000
2010/06/07,0,0,-38000,-38000
2010/06/08,0,115000,-11000,104000
2010/06/09,0,134000,-9000,125000
2010/06/10,0,5000,-7000,-2000
2010/06/11,0,16000,-2000,14000
2010/06/14,0,109000,0,109000
2010/06/15,0,24000,-20000,4000
2010/06/16,0,0,0,0
2010/06/17,0,46000,-1000,45000
2010/06/18,0,11000,-61152,-50152
2010/06/21,0,35000,-55000,-20000
2010/06/22,0,0,-18000,-18000
2010/06/23,0,0,-37000,-37000
2010/06/24,0,8000,-30364,-22364
2010/06/25,0,2000,-59000,-57000
2010/06/28,0,1000,-43000,-42000
2010/06/29,0,1000,-44000,-43000
2010/06/30,0,10000,-222000,-212000
2010/07/01,0,3000,-153000,-150000
2010/07/02,0,0,-56050,-56050
2010/07/05,0,0,-52000,-52000
2010/07/06,0,84000,-69000,15000
2010/07/07,0,103000,-41000,62000
2010/07/08,0,20000,-20000,0
2010/07/09,0,7000,-25000,-18000
2010/07/12,0,18000,-21000,-3000
2010/07/13,0,54000,-29000,25000
2010/07/14,0,17000,-44000,-27000
2010/07/15,0,28000,-115000,-87000
2010/07/16,0,22000,-163000,-141000
2010/07/19,0,38000,-61000,-23000
2010/07/20,0,20000,-99700,-79700
2010/07/21,0,11000,-43000,-32000
2010/07/22,0,0,-9000,-9000
2010/07/23,0,50000,-16000,34000
2010/07/26,0,90000,-19000,71000
2010/07/27,0,0,-26000,-26000
2010/07/28,0,9000,-54000,-45000
2010/07/29,0,15000,-304000,-289000
2010/07/30,0,265000,-172000,93000
2010/08/02,0,46000,-6000,40000
2010/08/03,0,142000,-110000,32000
2010/08/04,0,9000,-440000,-431000
2010/08/05,0,71000,-92000,-21000
2010/08/06,0,18000,-49000,-31000
2010/08/09,0,6000,-64000,-58000
2010/08/10,0,39000,-34000,5000
2010/08/11,0,345000,-40000,305000
2010/08/12,0,260000,-240000,20000
2010/08/13,0,195000,-113000,82000
2010/08/16,0,19000,-11000,8000
2010/08/17,0,23000,-160000,-137000
2010/08/18,0,0,-94000,-94000
2010/08/19,0,20000,-268000,-248000
2010/08/20,0,0,-55000,-55000
2010/08/23,0,58000,-195000,-137000
2010/08/24,0,16000,-209000,-193000
2010/08/25,0,8000,-68000,-60000
2010/08/26,0,3000,-14000,-11000
2010/08/27,0,34000,-24000,10000
2010/08/30,0,30000,0,30000
2010/08/31,0,7000,-45000,-38000
2010/09/01,0,27000,-196000,-169000
2010/09/02,0,20000,-50000,-30000
2010/09/03,0,5000,-10000,-5000
2010/09/06,0,37000,0,37000
2010/09/07,0,98000,-129000,-31000
2010/09/08,0,51000,-200000,-149000
2010/09/09,0,11000,0,11000
2010/09/10,0,88000,-1000,87000
2010/09/13,0,177000,0,177000
2010/09/14,0,97000,-233000,-136000
2010/09/15,0,961000,-65000,896000
2010/09/16,0,76000,-75350,650
2010/09/17,0,202000,-285650,-83650
2010/09/20,0,610000,0,610000
2010/09/21,0,547000,-66000,481000
2010/09/22,0,0,0,0
2010/09/23,0,38000,-15000,23000
2010/09/24,0,151000,-4000,147000
2010/09/27,0,422000,-43000,379000
2010/09/28,0,160000,-82000,78000
2010/09/29,0,427000,-7000,420000
2010/09/30,0,306000,-8000,298000
2010/10/01,0,381000,-4000,377000
2010/10/04,0,276000,-23000,253000
2010/10/05,0,130000,-7000,123000
2010/10/06,0,92000,-100000,-8000
2010/10/07,0,385000,-15000,370000
2010/10/08,0,403000,0,403000
2010/10/11,0,218000,-32000,186000
2010/10/12,0,319000,-26000,293000
2010/10/13,0,228000,-83750,144250
2010/10/14,0,88000,0,88000
2010/10/15,0,355000,0,355000
2010/10/18,0,706000,-4000,702000
2010/10/19,0,224000,-22000,202000
2010/10/20,0,42000,-67000,-25000
2010/10/21,0,15000,-12000,3000
2010/10/22,0,17000,-83000,-66000
2010/10/25,0,103000,-48000,55000
2010/10/26,0,386000,-141000,245000
2010/10/27,0,47000,-12000,35000
2010/10/28,0,99000,0,99000
2010/10/29,0,171000,-4000,167000
2010/11/01,0,296000,-13000,283000
2010/11/02,0,316000,-69000,247000
2010/11/03,0,351000,-42000,309000
2010/11/04,0,337000,-74000,263000
2010/11/05,0,74000,0,74000
2010/11/08,0,13000,-10000,3000
2010/11/09,0,33000,-180000,-147000
2010/11/10,0,42000,-14000,28000
2010/11/11,0,66000,-47000,19000
2010/11/12,0,383000,-116000,267000
2010/11/15,0,72000,-45000,27000
2010/11/16,0,97000,-57000,40000
2010/11/17,0,16000,-78000,-62000
2010/11/18,0,19000,0,19000
2010/11/19,0,28000,-70000,-42000
2010/11/22,0,17000,-30000,-13000
2010/11/23,0,86000,-3000,83000
2010/11/24,0,96000,-6000,90000
2010/11/25,0,27000,-1000,26000
2010/11/26,0,95000,0,95000
2010/11/29,0,56000,-4000,52000
2010/11/30,0,67000,-3000,64000
2010/12/01,0,29000,0,29000
2010/12/02,0,24000,0,24000
2010/12/03,0,133000,0,133000
2010/12/06,0,340000,-8000,332000
2010/12/07,0,26000,-170000,-144000
2010/12/08,0,350000,-1000,349000
2010/12/09,0,570000,-7000,563000
2010/12/10,0,759000,-24000,735000
2010/12/13,0,624000,-44000,580000
2010/12/14,0,515000,-39000,476000
2010/12/15,0,184000,-54000,130000
2010/12/16,0,613000,-27000,586000
2010/12/17,0,72000,-33000,39000
2010/12/20,0,112000,-20000,92000
2010/12/21,0,210000,-31000,179000
2010/12/22,0,253000,-13000,240000
2010/12/23,0,67000,0,67000
2010/12/24,0,95000,-16000,79000
2010/12/27,0,35000,0,35000
2010/12/28,0,20000,0,20000
2010/12/29,0,35000,0,35000
2010/12/30,0,107000,0,107000
2010/12/31,0,289000,-4000,285000
2011/01/03,0,42000,0,42000
2011/01/04,0,36000,0,36000
2011/01/05,0,28000,-1000,27000
2011/01/06,0,36000,0,36000
2011/01/07,0,43000,-51000,-8000
2011/01/10,0,67000,-19000,48000
2011/01/11,0,76000,-18000,58000
2011/01/12,0,300000,-56000,244000
2011/01/13,0,52000,-4000,48000
2011/01/14,0,52000,-3000,49000
2011/01/17,0,221000,-1000,220000
2011/01/18,0,187000,-11000,176000
2011/01/19,0,132000,-44000,88000
2011/01/20,0,279000,-3000,276000
2011/01/21,0,475000,-56000,419000
2011/01/24,0,216000,-33000,183000
2011/01/25,0,56000,0,56000
2011/01/26,0,98000,0,98000
2011/01/27,0,2000,0,2000
2011/01/28,0,137000,-106000,31000
2011/01/31,0,0,0,0
2011/02/01,0,0,0,0
2011/02/02,0,0,0,0
2011/02/03,0,0,0,0
2011/02/04,0,0,0,0
2011/02/07,0,0,0,0
2011/02/08,0,21000,-51600,-30600
2011/02/09,0,104000,-10000,94000
2011/02/10,0,80000,-1000,79000
2011/02/11,0,183000,-65000,118000
2011/02/14,0,25000,-40000,-15000
2011/02/15,0,0,-43000,-43000
2011/02/16,0,4000,-30000,-26000
2011/02/17,0,5000,-62000,-57000
2011/02/18,0,58000,0,58000
2011/02/21,0,54000,-11000,43000
2011/02/22,0,54000,-144000,-90000
2011/02/23,0,119000,-67000,52000
2011/02/24,0,31000,-26000,5000
2011/02/25,0,7000,-18000,-11000
2011/02/28,0,0,0,0
2011/03/01,0,130000,-7000,123000
2011/03/02,0,62000,-62000,0
2011/03/03,0,26000,-9000,17000
2011/03/04,0,15000,-75319,-60319
2011/03/07,0,12000,-40000,-28000
2011/03/08,0,46000,-67000,-21000
2011/03/09,0,30000,-53000,-23000
2011/03/10,0,72453,-72000,453
2011/03/11,0,48000,-27000,21000
2011/03/14,0,58000,-14000,44000
2011/03/15,0,335000,-144000,191000
2011/03/16,0,133000,-72000,61000
2011/03/17,0,399000,-139000,260000
2011/03/18,0,132000,-93739,38261
2011/03/21,0,333000,-19000,314000
2011/03/22,0,272000,-7000,265000
2011/03/23,0,5000,-2000,3000
2011/03/24,0,22000,0,22000
2011/03/25,0,204000,-16000,188000
2011/03/28,0,424000,-63000,361000
2011/03/29,0,416000,-62000,354000
2011/03/30,0,607000,-38000,569000
2011/03/31,0,466741,-15000,451741
2011/04/01,0,91000,0,91000
2011/04/04,0,0,0,0
2011/04/05,0,0,0,0
2011/04/06,0,307000,-8000,299000
2011/04/07,0,152000,0,152000
2011/04/08,0,162000,-40000,122000
2011/04/11,0,111000,-21000,90000
2011/04/12,0,39000,-22000,17000
2011/04/13,0,53000,0,53000
2011/04/14,0,23000,-108000,-85000
2011/04/15,0,85000,-65271,19729
2011/04/18,0,0,-20000,-20000
2011/04/19,0,22000,-15000,7000
2011/04/20,0,158000,-19000,139000
2011/04/21,0,126000,-20000,106000
2011/04/22,0,65000,-68000,-3000
2011/04/25,0,41000,-3000,38000
2011/04/26,0,35000,0,35000
2011/04/27,0,21000,-48000,-27000
2011/04/28,0,315000,-33000,282000
2011/04/29,0,32000,-64000,-32000
2011/05/02,0,0,0,0
2011/05/03,0,268000,-5000,263000
2011/05/04,0,386000,-216509,169491
2011/05/05,0,65000,-415000,-350000
2011/05/06,0,25000,-74000,-49000
2011/05/09,0,393000,-36000,357000
2011/05/10,0,32000,-39000,-7000
2011/05/11,0,1517000,-179036,1337964
2011/05/12,0,4000,-230000,-226000
2011/05/13,0,224000,-284000,-60000
2011/05/16,0,133000,-1000,132000
2011/05/17,0,155000,0,155000
2011/05/18,0,213000,0,213000
2011/05/19,0,1071000,-223000,848000
2011/05/20,0,230000,-145000,85000
2011/05/23,0,24000,-57000,-33000
2011/05/24,0,20000,-32000,-12000
2011/05/25,0,109000,-192293,-83293
2011/05/26,0,561000,-118219,442781
2011/05/27,0,54000,-11000,43000
2011/05/30,0,23000,-43000,-20000
2011/05/31,0,185000,-77400,107600
2011/06/01,0,77000,-4000,73000
2011/06/02,0,97000,0,97000
2011/06/03,0,299000,-15000,284000
2011/06/06,0,0,0,0
2011/06/07,0,129000,-10000,119000
2011/06/08,0,346000,-27000,319000
2011/06/09,0,69000,-174162,-105162
2011/06/10,0,389000,-158000,231000
2011/06/13,0,359000,-122000,237000
2011/06/14,0,132000,-239000,-107000
2011/06/15,0,263000,-296000,-33000
2011/06/16,0,196000,-171000,25000
2011/06/17,0,516000,-120344,395656
2011/06/20,0,138000,-403900,-265900
2011/06/21,0,88000,-87000,1000
2011/06/22,0,313000,-115000,198000
2011/06/23,0,31000,-12000,19000
2011/06/24,0,466000,-89687,376313
2011/06/27,0,37000,0,37000
2011/06/28,0,94000,-100000,-6000
2011/06/29,0,392000,-23000,369000
2011/06/30,0,147000,-108000,39000
2011/07/01,0,176000,-22000,154000
2011/07/04,0,44000,-14000,30000
2011/07/05,0,92000,-18000,74000
2011/07/06,0,38000,-164000,-126000
2011/07/07,0,68000,-127000,-59000
2011/07/08,0,18000,-30000,-12000
2011/07/11,0,81000,-18000,63000
2011/07/12,0,71000,-240000,-169000
2011/07/13,0,114000,-129000,-15000
2011/07/14,0,170000,-175000,-5000
2011/07/15,0,512000,-71000,441000
2011/07/18,0,82000,-140000,-58000
2011/07/19,0,139000,-93000,46000
2011/07/20,0,80000,-44000,36000
2011/07/21,0,154000,0,154000
2011/07/22,0,386000,0,386000
2011/07/25,0,1235000,-65000,1170000
2011/07/26,0,298000,-171000,127000
2011/07/27,0,590000,-20000,570000
2011/07/28,0,253000,-10000,243000
2011/07/29,0,315000,-37000,278000
2011/08/01,0,248000,-24000,224000
2011/08/02,0,574000,-12000,562000
2011/08/03,0,284000,-32000,252000
2011/08/04,0,175000,-83000,92000
2011/08/05,0,291000,-106000,185000
2011/08/08,0,418000,-208000,210000
2011/08/09,0,678000,-499000,179000
2011/08/10,0,264000,-652000,-388000
2011/08/11,0,144000,-222000,-78000
2011/08/12,0,111000,-296000,-185000
2011/08/15,0,981000,-64000,917000
2011/08/16,0,316000,-253000,63000
2011/08/17,0,707000,-95000,612000
2011/08/18,0,143000,-157000,-14000
2011/08/19,0,355000,-289000,66000
2011/08/22,0,459000,-180950,278050
2011/08/23,0,124000,-42000,82000
2011/08/24,0,54000,-143000,-89000
2011/08/25,0,168000,-74000,94000
2011/08/26,0,147000,-317000,-170000
2011/08/29,0,189000,-218000,-29000
2011/08/30,0,37000,-374000,-337000
2011/08/31,0,240000,-165000,75000
2011/09/01,0,94000,-378000,-284000
2011/09/02,0,209000,-286000,-77000
2011/09/05,0,54000,-86000,-32000
2011/09/06,0,52000,-582000,-530000
2011/09/07,0,121000,-308000,-187000
2011/09/08,0,389000,-695000,-306000
2011/09/09,0,10000,-351000,-341000
2011/09/12,0,0,0,0
2011/09/13,0,3000,-98000,-95000
2011/09/14,0,85000,-469000,-384000
2011/09/15,0,54000,-10000,44000
2011/09/16,0,120000,-51000,69000
2011/09/19,0,0,-202000,-202000
2011/09/20,0,63000,-276000,-213000
2011/09/21,0,324000,-157000,167000
2011/09/22,0,110000,-292000,-182000
2011/09/23,0,59000,-218000,-159000
2011/09/26,0,204000,-155000,49000
2011/09/27,0,158000,-52000,106000
2011/09/28,0,10000,-133000,-123000
2011/09/29,0,417000,-135000,282000
2011/09/30,0,370000,-535000,-165000
2011/10/03,0,8000,-95000,-87000
2011/10/04,0,80000,-355000,-275000
2011/10/05,0,49000,-846460,-797460
2011/10/06,0,77000,-397000,-320000
2011/10/07,0,5000,-60000,-55000
2011/10/10,0,0,0,0
2011/10/11,0,133000,-228000,-95000
2011/10/12,0,45000,-4000,41000
2011/10/13,0,180000,-54000,126000
2011/10/14,0,15000,-9000,6000
2011/10/17,0,88000,-19000,69000
2011/10/18,0,24000,-29000,-5000
2011/10/19,0,199000,-32000,167000
2011/10/20,0,194000,-60000,134000
2011/10/21,0,10000,-117000,-107000
2011/10/24,0,190000,-52500,137500
2011/10/25,0,109000,-7000,102000
2011/10/26,0,216000,-5000,211000
2011/10/27,0,29000,-42000,-13000
2011/10/28,0,345000,-24000,321000
2011/10/31,0,402000,-97000,305000
2011/11/01,0,513000,-13000,500000
2011/11/02,0,86000,-14000,72000
2011/11/03,0,116000,-399000,-283000
2011/11/04,0,592000,-215000,377000
2011/11/07,0,163000,-134000,29000
2011/11/08,0,25000,-37000,-12000
2011/11/09,0,69000,-365000,-296000
2011/11/10,0,98000,-134000,-36000
2011/11/11,0,237000,-33000,204000
2011/11/14,0,62000,0,62000
2011/11/15,0,110000,-148000,-38000
2011/11/16,0,204000,-341000,-137000
2011/11/17,0,110000,-55000,55000
2011/11/18,0,29000,-1000,28000
2011/11/21,0,99000,-48000,51000
2011/11/22,0,204000,-38000,166000
2011/11/23,0,97000,-90000,7000
2011/11/24,0,146000,-98000,48000
2011/11/25,0,57000,-307000,-250000
2011/11/28,0,83000,-2000,81000
2011/11/29,0,72000,-53000,19000
2011/11/30,0,65000,-134000,-69000
2011/12/01,0,122000,-41000,81000
2011/12/02,0,145000,-134000,11000
2011/12/05,0,158000,-10000,148000
2011/12/06,0,39000,-255000,-216000
2011/12/07,0,348000,-114743,233257
2011/12/08,0,154000,-26000,128000
2011/12/09,0,128000,-33000,95000
2011/12/12,0,111000,-13000,98000
2011/12/13,0,110000,-14000,96000
2011/12/14,0,2000,-113000,-111000
2011/12/15,0,262000,-116000,146000
2011/12/16,0,35000,-128000,-93000
2011/12/19,0,29000,-87000,-58000
2011/12/20,0,57000,-27000,30000
2011/12/21,0,39000,-138000,-99000
2011/12/22,0,138000,-78000,60000
2011/12/23,0,137000,-208000,-71000
2011/12/26,0,52000,-41000,11000
2011/12/27,0,86000,-45917,40083
2011/12/28,0,77000,-6000,71000
2011/12/29,0,98000,-20000,78000
2011/12/30,0,106001,-7000,99001
2012/01/02,0,270000,-56000,214000
2012/01/03,0,373000,-53000,320000
2012/01/04,0,406000,-127000,279000
2012/01/05,0,32000,-24000,8000
2012/01/06,0,82000,-122000,-40000
2012/01/09,0,113000,-36000,77000
2012/01/10,0,377000,-84465,292535
2012/01/11,0,367000,-14000,353000
2012/01/12,0,215000,-251000,-36000
2012/01/13,0,191000,-184000,7000
2012/01/16,0,110000,-85000,25000
2012/01/17,0,735000,-256000,479000
2012/01/18,0,806000,-256000,550000
2012/01/19,0,0,0,0
2012/01/20,0,0,0,0
2012/01/23,0,0,0,0
2012/01/24,0,0,0,0
2012/01/25,0,0,0,0
2012/01/26,0,0,0,0
2012/01/27,0,0,0,0
2012/01/30,0,565000,-10000,555000
2012/01/31,0,279000,-112000,167000
2012/02/01,0,213000,-90000,123000
2012/02/02,0,235000,-71535,163465
2012/02/03,0,251000,-74000,177000
2012/02/06,0,129000,-200000,-71000
2012/02/07,0,259000,-13000,246000
2012/02/08,0,136000,-40000,96000
2012/02/09,0,383000,-71000,312000
2012/02/10,0,54000,-5000,49000
2012/02/13,0,126000,-1000,125000
2012/02/14,0,262000,-34000,228000
2012/02/15,0,745556,-135000,610556
2012/02/16,0,414000,-338000,76000
2012/02/17,0,526000,-569000,-43000
2012/02/20,0,73000,-325000,-252000
2012/02/21,0,34000,-181000,-147000
2012/02/22,0,447881,-240000,207881
2012/02/23,0,83000,-207211,-124211
2012/02/24,0,107000,-375000,-268000
2012/02/27,0,0,0,0
2012/02/28,0,0,0,0
2012/02/29,0,1454000,-155000,1299000
2012/03/01,0,160000,-269000,-109000
2012/03/02,0,513000,-1448000,-935000
2012/03/05,0,172000,-202000,-30000
2012/03/06,0,583000,-480806,102194
2012/03/07,0,110000,-717000,-607000
2012/03/08,0,245000,-620080,-375080
2012/03/09,0,28000,-445000,-417000
2012/03/12,0,262000,-23000,239000
2012/03/13,0,112000,-394525,-282525
2012/03/14,0,106000,-229000,-123000
2012/03/15,0,356000,-455000,-99000
2012/03/16,0,69000,-31000,38000
2012/03/19,0,34000,-601000,-567000
2012/03/20,0,204000,-103104,100896
2012/03/21,0,156000,-7000,149000
2012/03/22,0,407000,-235000,172000
2012/03/23,0,269000,-465000,-196000
2012/03/26,0,114000,-115000,-1000
2012/03/27,0,430000,-250742,179258
2012/03/28,0,458000,-55000,403000
2012/03/29,0,460000,-138000,322000
2012/03/30,0,528000,-305000,223000
2012/04/02,0,253000,-532000,-279000
2012/04/03,0,348000,-339000,9000
2012/04/04,0,0,0,0
2012/04/05,0,557000,-279789,277211
2012/04/06,0,185000,-73000,112000
2012/04/09,0,120000,-100000,20000
2012/04/10,0,529000,-36000,493000
2012/04/11,0,192000,-129000,63000
2012/04/12,0,140000,-151888,-11888
2012/04/13,0,268000,-347000,-79000
2012/04/16,0,364000,-135000,229000
2012/04/17,0,469000,-93042,375958
2012/04/18,0,112000,-303000,-191000
2012/04/19,0,348000,-45000,303000
2012/04/20,0,216000,-116106,99894
2012/04/23,0,562000,-902000,-340000
2012/04/24,0,253000,-363000,-110000
2012/04/25,0,227000,-198000,29000
2012/04/26,0,704000,-192000,512000
2012/04/27,0,11000,-289000,-278000
2012/04/30,0,337000,-239000,98000
2012/05/01,0,0,0,0
2012/05/02,0,169000,-290000,-121000
2012/05/03,0,80100,-301000,-220900
2012/05/04,0,194000,-435000,-241000
2012/05/07,0,26000,-650000,-624000
2012/05/08,0,320000,-141000,179000
2012/05/09,0,34000,-245500,-211500
2012/05/10,0,295000,-278000,17000
2012/05/11,0,422000,-130000,292000
2012/05/14,0,1345000,-644000,701000
2012/05/15,0,279000,-681736,-402736
2012/05/16,0,304000,-285000,19000
2012/05/17,0,1102000,-166000,936000
2012/05/18,0,325000,-243000,82000
2012/05/21,0,279000,-354000,-75000
2012/05/22,0,85000,-770000,-685000
2012/05/23,0,334872,-292000,42872
2012/05/24,0,712000,-149000,563000
2012/05/25,0,530000,-66100,463900
2012/05/28,0,232000,-298000,-66000
2012/05/29,0,289000,-488000,-199000
2012/05/30,0,434000,-616000,-182000
2012/05/31,0,74000,-246000,-172000
2012/06/01,0,152000,-881000,-729000
2012/06/04,0,262000,-324000,-62000
2012/06/05,0,29000,-361000,-332000
2012/06/06,0,60000,-52000,8000
2012/06/07,0,727000,-388000,339000
2012/06/08,0,239000,-18000,221000
2012/06/11,0,28000,-77000,-49000
2012/06/12,0,12000,-55000,-43000
2012/06/13,0,46065,-82000,-35935
2012/06/14,0,348000,-117187,230813
2012/06/15,0,1750000,-2043991,-293991
2012/06/18,0,219000,-66000,153000
2012/06/19,0,674000,-36000,638000
2012/06/20,0,273000,-118000,155000
2012/06/21,0,310000,-89000,221000
2012/06/22,0,354000,-110000,244000
2012/06/25,0,153000,-164000,-11000
2012/06/26,0,159000,-25000,134000
2012/06/27,0,304000,-37000,267000
2012/06/28,0,357199,-598000,-240801
2012/06/29,0,41198,-268000,-226802
2012/07/02,0,135000,-54000,81000
2012/07/03,0,645000,-140000,505000
2012/07/04,0,1190000,-116000,1074000
2012/07/05,0,266000,-243000,23000
2012/07/06,0,298000,-156000,142000
2012/07/09,0,1105000,-225000,880000
2012/07/10,0,1442465,-217000,1225465
2012/07/11,0,458000,-149000,309000
2012/07/12,0,567000,-427000,140000
2012/07/13,0,179000,-24143,154857
2012/07/16,0,154000,-478000,-324000
2012/07/17,0,185000,-53000,132000
2012/07/18,0,268000,-63000,205000
2012/07/19,0,772000,-48000,724000
2012/07/20,0,48000,-598000,-550000
2012/07/23,0,293000,-159000,134000
2012/07/24,0,18000,-215000,-197000
2012/07/25,0,15000,-17000,-2000
2012/07/26,0,152000,-26000,126000
2012/07/27,0,195000,-79000,116000
2012/07/30,0,59000,-92000,-33000
2012/07/31,0,281000,-71000,210000
2012/08/01,0,187000,-82000,105000
2012/08/02,0,0,0,0
2012/08/03,0,481000,-88000,393000
2012/08/06,0,1105000,-503000,602000
2012/08/07,0,1011000,-263000,748000
2012/08/08,0,1382000,-816000,566000
2012/08/09,0,275000,-904000,-629000
2012/08/10,0,1059000,-618000,441000
2012/08/13,0,596000,-327000,269000
2012/08/14,0,444000,-200000,244000
2012/08/15,0,574108,-477000,97108
2012/08/16,0,99000,-134000,-35000
2012/08/17,0,291500,-570000,-278500
2012/08/20,0,827500,-1321000,-493500
2012/08/21,0,341000,-133000,208000
2012/08/22,0,311000,-163000,148000
2012/08/23,0,1301000,-144000,1157000
2012/08/24,0,304000,-47000,257000
2012/08/27,0,12000,-244000,-232000
2012/08/28,0,210100,-2566000,-2355900
2012/08/29,0,241000,-273000,-32000
2012/08/30,0,310000,-1315065,-1005065
2012/08/31,0,172000,-907900,-735900
2012/09/03,0,65000,-301000,-236000
2012/09/04,0,294000,-510000,-216000
2012/09/05,0,315000,-1039000,-724000
2012/09/06,0,237000,-246821,-9821
2012/09/07,0,293000,-130000,163000
2012/09/10,0,50000,-117000,-67000
2012/09/11,0,146000,-40000,106000
2012/09/12,0,104000,-19000,85000
2012/09/13,0,314000,-56000,258000
2012/09/14,0,248000,-31000,217000
2012/09/17,0,424000,-61000,363000
2012/09/18,0,1675000,-106000,1569000
2012/09/19,0,1024000,-138000,886000
2012/09/20,0,251000,-130000,121000
2012/09/21,0,150864,-288000,-137136
2012/09/24,0,773000,-52000,721000
2012/09/25,0,437150,-42150,395000
2012/09/26,0,460000,-15000,445000
2012/09/27,0,541450,-79650,461800
2012/09/28,0,336000,-159850,176150
2012/10/01,0,449600,-121550,328050
2012/10/02,0,158000,-5000,153000
2012/10/03,0,145000,-41299,103701
2012/10/04,0,278000,-49000,229000
2012/10/05,0,400000,-134500,265500
2012/10/08,0,550000,-87500,462500
2012/10/09,0,680000,-48265,631735
2012/10/10,0,0,0,0
2012/10/11,0,401000,-77000,324000
2012/10/12,0,659000,-597000,62000
2012/10/15,0,582000,-155500,426500
2012/10/16,0,497000,-117000,380000
2012/10/17,0,462000,-185064,276936
2012/10/18,0,352000,-103000,249000
2012/10/19,0,788000,-127000,661000
2012/10/22,0,308000,-1000,307000
2012/10/23,0,219000,-22000,197000
2012/10/24,0,817050,-49000,768050
2012/10/25,0,1236000,-99000,1137000
2012/10/26,0,1756000,-195000,1561000
2012/10/29,0,1043000,-192400,850600
2012/10/30,0,1112000,-316200,795800
2012/10/31,0,1227150,-922000,305150
2012/11/01,0,290000,-405000,-115000
2012/11/02,0,1071000,-765085,305915
2012/11/05,0,363000,-196000,167000
2012/11/06,0,719000,-295000,424000
2012/11/07,0,450000,-793850,-343850
2012/11/08,0,812000,-689332,122668
2012/11/09,0,1583000,-529325,1053675
2012/11/12,0,1153278,-316000,837278
2012/11/13,0,442000,-189000,253000
2012/11/14,0,380000,-719000,-339000
2012/11/15,0,2881000,-2626950,254050
2012/11/16,0,1389000,-1138000,251000
2012/11/19,0,1051427,-1117350,-65923
2012/11/20,0,542000,-519000,23000
2012/11/21,0,846000,-616000,230000
2012/11/22,0,498500,-443000,55500
2012/11/23,0,834000,-822500,11500
2012/11/26,0,1135220,-362000,773220
2012/11/27,0,395000,-527800,-132800
2012/11/28,0,1385000,-981000,404000
2012/11/29,0,1258000,-663000,595000
2012/11/30,0,13052657,-11945925,1106732
2012/12/03,0,1161000,-575000,586000
2012/12/04,0,686360,-308900,377460
2012/12/05,0,1598500,-301000,1297500
2012/12/06,0,907000,-260000,647000
2012/12/07,0,928050,-348000,580050
2012/12/10,0,1423000,-339650,1083350
2012/12/11,0,2428617,-408873,2019744
2012/12/12,0,1337800,-683200,654600
2012/12/13,0,533168,-204150,329018
2012/12/14,0,292719,-95884,196835
2012/12/17,0,968040,-235277,732763
2012/12/18,0,531000,-272000,259000
2012/12/19,0,514700,-410000,104700
2012/12/20,0,841000,-627000,214000
2012/12/21,0,224000,-560191,-336191
2012/12/24,0,500000,-119322,380678
2012/12/25,0,211000,-110000,101000
2012/12/26,0,123000,-15000,108000
2012/12/27,0,238000,-26000,212000
2012/12/28,0,424000,-201000,223000
2012/12/31,0,0,0,0
2013/01/01,0,0,0,0
2013/01/02,0,193000,-70000,123000
2013/01/03,0,484000,-334500,149500
2013/01/04,0,479250,-496642,-17392
2013/01/07,0,315637,-818825,-503188
2013/01/08,0,997000,-37000,960000
2013/01/09,0,315000,-258750,56250
2013/01/10,0,610000,-156096,453904
2013/01/11,0,127000,-96000,31000
2013/01/14,0,65000,-142331,-77331
2013/01/15,0,211000,-542000,-331000
2013/01/16,0,536000,-115000,421000
2013/01/17,0,1354100,-305100,1049000
2013/01/18,0,263000,-162018,100982
2013/01/21,0,198000,-127000,71000
2013/01/22,0,522300,-596260,-73960
2013/01/23,0,706000,-182574,523426
2013/01/24,0,245000,-191900,53100
2013/01/25,0,1278000,-1397042,-119042
2013/01/28,0,540000,-91000,449000
2013/01/29,0,1005800,-402142,603658
2013/01/30,0,982000,-296000,686000
2013/01/31,0,758000,-582000,176000
2013/02/01,0,629000,-98000,531000
2013/02/04,0,318000,-192000,126000
2013/02/05,0,863000,-340000,523000
2013/02/06,0,1438000,-185000,1253000
2013/02/07,0,0,0,0
2013/02/08,0,0,0,0
2013/02/11,0,0,0,0
2013/02/12,0,0,0,0
2013/02/13,0,0,0,0
2013/02/14,0,0,0,0
2013/02/15,0,0,0,0
2013/02/18,0,651245,-166000,485245
2013/02/19,0,1111211,-469750,641461
2013/02/20,0,626013,-463000,163013
2013/02/21,0,932000,-170106,761894
2013/02/22,0,368000,-381046,-13046
2013/02/25,0,469000,-169000,300000
2013/02/26,0,283000,-338400,-55400
2013/02/27,0,743480,-594656,148824
2013/02/28,0,0,0,0
2013/03/01,0,2210297,-463000,1747297
2013/03/04,0,1860000,-688142,1171858
2013/03/05,0,1363000,-535000,828000
2013/03/06,0,584000,-478058,105942
2013/03/07,0,1006001,-317550,688451
2013/03/08,0,925600,-216000,709600
2013/03/11,0,863000,-949150,-86150
2013/03/12,0,299000,-79629,219371
2013/03/13,0,355280,-204000,151280
2013/03/14,0,852853,-330366,522487
2013/03/15,0,591556,-239750,351806
2013/03/18,0,551094,-384000,167094
2013/03/19,0,894000,-467766,426234
2013/03/20,0,1204000,-719500,484500
2013/03/21,0,730000,-304000,426000
2013/03/22,0,1373238,-1343100,30138
2013/03/25,0,355000,-285250,69750
2013/03/26,0,350000,-386000,-36000
2013/03/27,0,1317700,-228000,1089700
2013/03/28,0,1075000,-485245,589755
2013/03/29,0,210000,-69000,141000
2013/04/01,0,109154,-95000,14154
2013/04/02,0,487490,-27000,460490
2013/04/03,0,809788,-325000,484788
2013/04/04,0,0,0,0
2013/04/05,0,0,0,0
2013/04/08,0,727000,-698004,28996
2013/04/09,0,517000,-347438,169562
2013/04/10,0,1463255,-452000,1011255
2013/04/11,0,928444,-575000,353444
2013/04/12,0,97000,-236000,-139000
2013/04/15,0,751487,-355700,395787
2013/04/16,0,216416,-312450,-96034
2013/04/17,0,459000,-341000,118000
2013/04/18,0,314000,-286000,28000
2013/04/19,0,338000,-483000,-145000
2013/04/22,0,478000,-371000,107000
2013/04/23,0,291000,-145000,146000
2013/04/24,0,400000,-326800,73200
2013/04/25,0,1266600,-586000,680600
2013/04/26,0,911000,-391000,520000
2013/04/29,0,224000,-22000,202000
2013/04/30,0,425000,-150000,275000
2013/05/01,0,0,0,0
2013/05/02,0,943000,-136000,807000
2013/05/03,0,881000,-243000,638000
2013/05/06,0,224000,-206000,18000
2013/05/07,0,959830,-223000,736830
2013/05/08,0,898801,-176000,722801
2013/05/09,0,151099,-471602,-320503
2013/05/10,0,264000,-700000,-436000
2013/05/13,0,128136,-110180,17956
2013/05/14,0,182000,-527694,-345694
2013/05/15,0,411000,-267072,143928
2013/05/16,0,272602,-353000,-80398
2013/05/17,0,289000,-274180,14820
2013/05/20,0,176000,-337000,-161000
2013/05/21,0,99000,-35000,64000
2013/05/22,0,229000,-162000,67000
2013/05/23,0,392000,-300000,92000
2013/05/24,0,700034,-295000,405034
2013/05/27,0,326462,-39000,287462
2013/05/28,0,117000,-114000,3000
2013/05/29,0,486000,-288000,198000
2013/05/30,0,403000,-338000,65000
2013/05/31,0,718000,-515232,202768
2013/06/03,0,771000,-754000,17000
2013/06/04,0,601000,-451942,149058
2013/06/05,0,241000,-197824,43176
2013/06/06,0,291756,-213200,78556
2013/06/07,0,559000,-298029,260971
2013/06/10,0,328000,-88000,240000
2013/06/11,0,486555,-450000,36555
2013/06/12,0,0,0,0
2013/06/13,0,631204,-391000,240204
2013/06/14,0,234000,-487000,-253000
2013/06/17,0,172000,-453000,-281000
2013/06/18,0,131125,-912700,-781575
2013/06/19,0,779000,-813034,-34034
2013/06/20,0,431000,-1704600,-1273600
2013/06/21,0,1408000,-2191833,-783833
2013/06/24,0,653000,-819000,-166000
2013/06/25,0,349000,-927000,-578000
2013/06/26,0,1570000,-2310695,-740695
2013/06/27,0,825000,-717000,108000
2013/06/28,0,570000,-402000,168000
2013/07/01,0,662000,-382000,280000
2013/07/02,0,440000,-269670,170330
2013/07/03,0,411000,-277100,133900
2013/07/04,0,770000,-87000,683000
2013/07/05,0,1093000,-135000,958000
2013/07/08,0,772000,-329000,443000
2013/07/09,0,380000,-434953,-54953
2013/07/10,0,821000,-169074,651926
2013/07/11,0,1066000,-659000,407000
2013/07/12,0,534000,-747000,-213000
2013/07/15,0,539000,-111000,428000
2013/07/16,0,788522,-156550,631972
2013/07/17,0,776000,-522000,254000
2013/07/18,0,766000,-428000,338000
2013/07/19,0,386000,-78050,307950
2013/07/22,0,302475,-148000,154475
2013/07/23,0,795000,-227000,568000
2013/07/24,0,66000,-116000,-50000
2013/07/25,0,254000,-200000,54000
2013/07/26,0,165000,-1042000,-877000
2013/07/29,0,775000,-474800,300200
2013/07/30,0,827000,-57000,770000
2013/07/31,0,782000,-1014356,-232356
2013/08/01,0,288000,-225000,63000
2013/08/02,0,342292,-277000,65292
2013/08/05,0,941000,-151000,790000
2013/08/06,0,968500,-434878,533622
2013/08/07,0,793534,-401849,391685
2013/08/08,0,629000,-657000,-28000
2013/08/09,0,541000,-397000,144000
2013/08/12,0,299000,-247000,52000
2013/08/13,0,730000,-358000,372000
2013/08/14,0,318262,-362000,-43738
2013/08/15,0,489500,-691468,-201968
2013/08/16,0,227000,-395000,-168000
2013/08/19,0,238000,-248000,-10000
2013/08/20,0,417879,-586579,-168700
2013/08/21,0,0,0,0
2013/08/22,0,531879,-658100,-126221
2013/08/23,0,270000,-221000,49000
2013/08/26,0,73247,-169000,-95753
2013/08/27,0,327000,-834000,-507000
2013/08/28,0,458000,-705000,-247000
2013/08/29,0,1010000,-637000,373000
2013/08/30,0,746000,-599769,146231
2013/09/02,0,359000,-174900,184100
2013/09/03,0,313000,-23000,290000
2013/09/04,0,438000,-309000,129000
2013/09/05,0,1540000,-250000,1290000
2013/09/06,0,679866,-280000,399866
2013/09/09,0,212000,-222061,-10061
2013/09/10,0,352000,-219000,133000
2013/09/11,0,642000,-344642,297358
2013/09/12,0,804000,-419000,385000
2013/09/13,0,253000,-102000,151000
2013/09/16,0,387000,-271000,116000
2013/09/17,0,215196,-69000,146196
2013/09/18,0,819876,-296050,523826
2013/09/19,0,0,0,0
2013/09/20,0,0,0,0
2013/09/23,0,916000,-532000,384000
2013/09/24,0,794000,-391918,402082
2013/09/25,0,1006000,-376000,630000
2013/09/26,0,577000,-533150,43850
2013/09/27,0,433098,-608791,-175693
2013/09/30,0,572000,-439754,132246
2013/10/01,0,1166000,-297364,868636
2013/10/02,0,1352954,-559117,793837
2013/10/03,0,873834,-198000,675834
2013/10/04,0,1481000,-209000,1272000
2013/10/07,0,2187567,-597500,1590067
2013/10/08,0,1029000,-508000,521000
2013/10/09,0,586000,-248000,338000
2013/10/10,0,0,0,0
2013/10/11,0,766000,-218086,547914
2013/10/14,0,521000,-143763,377237
2013/10/15,0,1067000,-585327,481673
2013/10/16,0,577000,-146000,431000
2013/10/17,0,428000,-412000,16000
2013/10/18,0,419000,-220000,199000
2013/10/21,0,440000,-107500,332500
2013/10/22,0,791000,-608000,183000
2013/10/23,0,152135,-721000,-568865
2013/10/24,0,335000,-739000,-404000
2013/10/25,0,775000,-797000,-22000
2013/10/28,0,212000,-299766,-87766
2013/10/29,0,219000,-220000,-1000
2013/10/30,0,263000,-396000,-133000
2013/10/31,0,774000,-411373,362627
2013/11/01,0,981000,-314000,667000
2013/11/04,0,939000,-349000,590000
2013/11/05,0,720100,-753000,-32900
2013/11/06,0,823000,-315000,508000
2013/11/07,0,319000,-293000,26000
2013/11/08,0,522387,-197000,325387
2013/11/11,0,429169,-278000,151169
2013/11/12,0,152000,-313000,-161000
2013/11/13,0,264793,-296000,-31207
2013/11/14,0,325000,-634000,-309000
2013/11/15,0,274000,-518321,-244321
2013/11/18,0,261000,-166000,95000
2013/11/19,0,592000,-588000,4000
2013/11/20,0,491000,-551153,-60153
2013/11/21,0,221000,-564000,-343000
2013/11/22,0,131562,-860000,-728438
2013/11/25,0,569000,-482000,87000
2013/11/26,0,2084210,-1740726,343484
2013/11/27,0,1043000,-499000,544000
2013/11/28,0,350000,-102000,248000
2013/11/29,0,516000,-468000,48000
2013/12/02,0,815000,-444000,371000
2013/12/03,0,673694,-401445,272249
2013/12/04,0,1430000,-1080000,350000
2013/12/05,0,1004000,-865000,139000
2013/12/06,0,1103000,-997000,106000
2013/12/09,0,971000,-774000,197000
2013/12/10,0,1391000,-1359000,32000
2013/12/11,0,1417000,-1175409,241591
2013/12/12,0,764600,-471982,292618
2013/12/13,0,376000,-961000,-585000
2013/12/16,0,298000,-838082,-540082
2013/12/17,0,779000,-491000,288000
2013/12/18,0,535000,-623000,-88000
2013/12/19,0,388000,-491000,-103000
2013/12/20,0,261674,-473000,-211326
2013/12/23,0,230000,-628000,-398000
2013/12/24,0,237000,-37000,200000
2013/12/25,0,30000,-38000,-8000
2013/12/26,0,40000,-74000,-34000
2013/12/27,0,317000,-318000,-1000
2013/12/30,0,139000,-203000,-64000
2013/12/31,0,78000,-30000,48000
2014/01/02,0,219000,-40000,179000
2014/01/03,0,252000,-184000,68000
2014/01/06,0,119666,-352510,-232844
2014/01/07,0,324000,-324000,0
2014/01/08,0,511000,-430518,80482
2014/01/09,0,815000,-663000,152000
2014/01/10,0,611000,-393000,218000
2014/01/13,0,277000,-464000,-187000
2014/01/14,0,469000,-417000,52000
2014/01/15,0,70000,-509000,-439000
2014/01/16,0,589000,-805000,-216000
2014/01/17,0,343000,-587600,-244600
2014/01/20,0,615000,-711000,-96000
2014/01/21,0,134000,-816043,-682043
2014/01/22,0,414000,-1432000,-1018000
2014/01/23,0,594000,-1934000,-1340000
2014/01/24,0,2437000,-3308500,-871500
2014/01/27,0,790000,-1972770,-1182770
2014/02/05,0,1958946,-2405250,-446304
2014/02/06,0,1481000,-1843000,-362000
2014/02/07,0,657000,-947000,-290000
2014/02/10,0,635000,-679050,-44050
2014/02/11,0,368444,-590000,-221556
2014/02/12,0,248000,-485000,-237000
2014/02/13,0,483619,-320760,162859
2014/02/14,0,378000,-384530,-6530
2014/02/17,0,331000,-180000,151000
2014/02/18,0,198000,-214000,-16000
2014/02/19,0,544000,-458743,85257
2014/02/20,0,717000,-1058660,-341660
2014/02/21,0,804000,-896000,-92000
2014/02/24,0,857000,-992848,-135848
2014/02/25,0,506312,-648000,-141688
2014/02/26,0,483000,-208100,274900
2014/02/27,0,577000,-202825,374175
2014/03/03,0,463000,-498000,-35000
2014/03/04,0,278500,-301800,-23300
2014/03/05,0,552000,-126000,426000
2014/03/06,0,656000,-721150,-65150
2014/03/07,0,511000,-227600,283400
2014/03/10,0,536000,-335000,201000
2014/03/11,0,405000,-468155,-63155
2014/03/12,0,329000,-157000,172000
2014/03/13,0,873000,-919063,-46063
2014/03/14,0,721000,-233000,488000
2014/03/17,0,1026600,-180000,846600
2014/03/18,0,609000,-1094100,-485100
2014/03/19,0,702000,-305000,397000
2014/03/20,0,476530,-483000,-6470
2014/03/21,0,349000,-348500,500
2014/03/24,0,710001,-301800,408201
2014/03/25,0,193000,-128500,64500
2014/03/26,0,218000,-120000,98000
2014/03/27,0,411000,-606000,-195000
2014/03/28,0,679000,-656000,23000
2014/03/31,0,571000,-866810,-295810
2014/04/01,0,368000,-355259,12741
2014/04/02,0,319000,-942650,-623650
2014/04/03,0,196000,-787000,-591000
2014/04/07,0,258000,-436000,-178000
2014/04/08,0,224000,-824000,-600000
2014/04/09,0,431000,-1074195,-643195
2014/04/10,0,330880,-422000,-91120
2014/04/11,0,121000,-620000,-499000
2014/04/14,0,197000,-899400,-702400
2014/04/15,0,231000,-326000,-95000
2014/04/16,0,762001,-542000,220001
2014/04/17,0,489000,-623000,-134000
2014/04/18,0,46000,-157250,-111250
2014/04/21,0,125000,-13000,112000
2014/04/22,0,87000,-98000,-11000
2014/04/23,0,402125,-259000,143125
2014/04/24,0,713000,-1077000,-364000
2014/04/25,0,762000,-963685,-201685
2014/04/28,0,816000,-170000,646000
2014/04/29,0,91000,-217000,-126000
2014/04/30,0,289000,-459300,-170300
2014/05/02,0,310000,-257757,52243
2014/05/05,0,88000,-219000,-131000
2014/05/06,0,160000,-694100,-534100
2014/05/07,0,696000,-1243250,-547250
2014/05/08,0,235000,-300000,-65000
2014/05/09,0,575000,-496000,79000
2014/05/12,0,717000,-568000,149000
2014/05/13,0,666956,-608050,58906
2014/05/14,0,786000,-490000,296000
2014/05/15,0,485000,-398000,87000
2014/05/16,0,682000,-401000,281000
2014/05/19,0,710000,-562683,147317
2014/05/20,0,214000,-217958,-3958
2014/05/21,0,228000,-226950,1050
2014/05/22,0,145000,-116000,29000
2014/05/23,0,285000,-178200,106800
2014/05/26,0,273000,-97000,176000
2014/05/27,0,627000,-72000,555000
2014/05/28,0,349000,-143400,205600
2014/05/29,0,160082,-176690,-16608
2014/05/30,0,484000,-353851,130149
2014/06/03,0,365700,-220550,145150
2014/06/04,0,168650,-404000,-235350
2014/06/05,0,257000,-237800,19200
2014/06/06,0,87000,-191000,-104000
2014/06/09,0,471000,-154000,317000
2014/06/10,0,274900,-35000,239900
2014/06/11,0,342000,-127000,215000
2014/06/12,0,162000,-332000,-170000
2014/06/13,0,548635,-227000,321635
2014/06/16,0,148000,-87000,61000
2014/06/17,0,229000,-219000,10000
2014/06/18,0,434000,-183000,251000
2014/06/19,0,235216,-43000,192216
2014/06/20,0,362000,-542000,-180000
2014/06/23,0,392000,-171989,220011
2014/06/24,0,180000,-314901,-134901
2014/06/25,0,454000,-283649,170351
2014/06/26,0,94000,-175979,-81979
2014/06/27,0,492000,-368000,124000
2014/06/30,0,342000,-154000,188000
2014/07/01,0,255000,-419895,-164895
2014/07/02,0,335000,-421000,-86000
2014/07/03,0,389000,-667000,-278000
2014/07/04,0,1569000,-1320000,249000
2014/07/07,0,1103000,-706334,396666
2014/07/08,0,1908030,-393029,1515001
2014/07/09,0,468000,-386000,82000
2014/07/10,0,647000,-410000,237000
2014/07/11,0,694000,-121000,573000
2014/07/14,0,288000,-498000,-210000
2014/07/15,0,119000,-96000,23000
2014/07/16,0,571000,-288000,283000
2014/07/17,0,534000,-267100,266900
2014/07/18,0,376000,-273000,103000
2014/07/21,0,449389,-378200,71189
2014/07/22,0,359000,-236000,123000
2014/07/23,0,0,0,0
2014/07/24,0,1674000,-807000,867000
2014/07/25,0,1025000,-792000,233000
2014/07/28,0,505000,-293396,211604
2014/07/29,0,618000,-622000,-4000
2014/07/30,0,481000,-251000,230000
2014/07/31,0,917480,-449100,468380
2014/08/01,0,990000,-557000,433000
2014/08/04,0,1328000,-1603000,-275000
2014/08/05,0,564000,-412440,151560
2014/08/06,0,403000,-434343,-31343
2014/08/07,0,399800,-279080,120720
2014/08/08,0,1267000,-1102456,164544
2014/08/11,0,361000,-628000,-267000
2014/08/12,0,757000,-887112,-130112
2014/08/13,0,1420000,-835000,585000
2014/08/14,0,323000,-513000,-190000
2014/08/15,0,342000,-418275,-76275
2014/08/18,0,584000,-609000,-25000
2014/08/19,0,751905,-504000,247905
2014/08/20,0,215405,-367000,-151595
2014/08/21,0,325000,-373000,-48000
2014/08/22,0,356497,-197000,159497
2014/08/25,0,114600,-87000,27600
2014/08/26,0,237343,-61000,176343
2014/08/27,0,337000,-50080,286920
2014/08/28,0,253000,-143000,110000
2014/08/29,0,394000,-328100,65900
2014/09/01,0,264000,-173350,90650
2014/09/02,0,160000,-283800,-123800
2014/09/03,0,417037,-49680,367357
2014/09/04,0,99000,-20038,78962
2014/09/05,0,272000,-169000,103000
2014/09/09,0,254000,-478000,-224000
2014/09/10,0,56000,-209000,-153000
2014/09/11,0,354000,-470000,-116000
2014/09/12,0,220000,-109000,111000
2014/09/15,0,339000,-139000,200000
2014/09/16,0,18000,-57000,-39000
2014/09/17,0,145500,-239000,-93500
2014/09/18,0,476000,-470574,5426
2014/09/19,0,304000,-589050,-285050
2014/09/22,0,184000,-181000,3000
2014/09/23,0,492000,-141000,351000
2014/09/24,0,689000,-634000,55000
2014/09/25,0,767500,-388200,379300
2014/09/26,0,408000,-264302,143698
2014/09/29,0,905150,-631200,273950
2014/09/30,0,475000,-377976,97024
2014/10/01,0,317490,-399350,-81860
2014/10/02,0,509700,-531100,-21400
2014/10/03,0,284000,-143000,141000
2014/10/06,0,445000,-413600,31400
2014/10/07,0,338200,-320650,17550
2014/10/08,0,343000,-249250,93750
2014/10/09,0,331182,-117500,213682
2014/10/13,0,537875,-354320,183555
2014/10/14,0,179700,-311000,-131300
2014/10/15,0,301000,-363000,-62000
2014/10/16,0,606000,-350150,255850
2014/10/17,0,796761,-697150,99611
2014/10/20,0,409456,-245506,163950
2014/10/21,0,762000,-497000,265000
2014/10/22,0,823000,-570000,253000
2014/10/23,0,680000,-420100,259900
2014/10/24,0,475000,-384050,90950
2014/10/27,0,304850,-238002,66848
2014/10/28,0,753000,-378150,374850
2014/10/29,0,578000,-339200,238800
2014/10/30,0,238000,-119000,119000
2014/10/31,0,321000,-59250,261750
2014/11/03,0,193260,-171000,22260
2014/11/04,0,459400,-310000,149400
2014/11/05,0,401000,-305000,96000
2014/11/06,0,385000,-319300,65700
2014/11/07,0,872000,-596550,275450
2014/11/10,0,790800,-440500,350300
2014/11/11,0,104000,-294750,-190750
2014/11/12,0,240050,-129549,110501
2014/11/13,0,327600,-588000,-260400
2014/11/14,0,419000,-1011800,-592800
2014/11/17,0,218750,-706000,-487250
2014/11/18,0,587000,-1252104,-665104
2014/11/19,0,386058,-902200,-516142
2014/11/20,0,247000,-274000,-27000
2014/11/21,0,196000,-393400,-197400
2014/11/24,0,317000,-182100,134900
2014/11/25,0,433380,-475650,-42270
2014/11/26,0,98000,-135000,-37000
2014/11/27,0,197509,-146000,51509
2014/11/28,0,100125,-90050,10075
2014/12/01,0,241000,-669842,-428842
2014/12/02,0,481485,-508050,-26565
2014/12/03,0,619099,-388450,230649
2014/12/04,0,407000,-184300,222700
2014/12/05,0,205000,-110000,95000
2014/12/08,0,1141000,-269000,872000
2014/12/09,0,492782,-352000,140782
2014/12/10,0,327442,-445766,-118324
2014/12/11,0,440000,-143000,297000
2014/12/12,0,151950,-188836,-36886
2014/12/15,0,128000,-154198,-26198
2014/12/16,0,312000,-543652,-231652
2014/12/17,0,352000,-918686,-566686
2014/12/18,0,599000,-556478,42522
2014/12/19,0,662800,-628402,34398
2014/12/22,0,100000,-163487,-63487
2014/12/23,0,162000,-161085,915
2014/12/24,0,143000,-153000,-10000
2014/12/25,0,43000,-51000,-8000
2014/12/26,0,109000,-33000,76000
2014/12/29,0,191000,-157428,33572
2014/12/30,0,116000,-101000,15000
2014/12/31,0,173000,-378200,-205200
2015/01/01,0,0,0,0
2015/01/02,0,0,0,0
2015/01/05,0,602000,-798000,-196000
2015/01/06,0,312224,-442000,-129776
2015/01/07,0,487000,-505000,-18000
2015/01/08,0,444000,-357140,86860
2015/01/09,0,302000,-183853,118147
2015/01/12,0,308000,-116000,192000
2015/01/13,0,861000,-456700,404300
2015/01/14,0,161000,-342950,-181950
2015/01/15,0,559000,-282000,277000
2015/01/16,0,337000,-813648,-476648
2015/01/19,0,329298,-260000,69298
2015/01/20,0,99000,-65300,33700
2015/01/21,0,223000,-29050,193950
2015/01/22,0,201000,-63000,138000
2015/01/23,0,227989,-100000,127989
2015/01/26,0,261000,-336089,-75089
2015/01/27,0,548000,-934456,-386456
2015/01/28,0,387000,-226864,160136
2015/01/29,0,234000,-263000,-29000
2015/01/30,0,177000,-210470,-33470
2015/02/02,0,403536,-321500,82036
2015/02/03,0,317464,-241500,75964
2015/02/04,0,661000,-466784,194216
2015/02/05,0,320000,-293000,27000
2015/02/06,0,525000,-239000,286000
2015/02/09,0,364000,-321000,43000
2015/02/10,0,359000,-212550,146450
2015/02/11,0,822001,-160600,661401
2015/02/12,0,1456500,-351000,1105500
2015/02/13,0,857756,-486241,371515
2015/02/16,0,0,0,0
2015/02/17,0,0,0,0
2015/02/18,0,0,0,0
2015/02/19,0,0,0,0
2015/02/20,0,0,0,0
2015/02/23,0,0,0,0
2015/02/24,0,1778136,-1314626,463510
2015/02/25,0,1309500,-1265000,44500
2015/02/26,0,1087400,-298209,789191
2015/02/27,0,0,0,0
2015/03/02,0,747000,-570800,176200
2015/03/03,0,616370,-356700,259670
2015/03/04,0,335600,-202000,133600
2015/03/05,0,544843,-376000,168843
2015/03/06,0,268000,-232000,36000
2015/03/09,0,550000,-702291,-152291
2015/03/10,0,646000,-614260,31740
2015/03/11,0,1092000,-1379700,-287700
2015/03/12,0,400000,-933467,-533467
2015/03/13,0,220000,-363600,-143600
2015/03/16,0,177000,-389070,-212070
2015/03/17,0,948300,-634000,314300
2015/03/18,0,345000,-593480,-248480
2015/03/19,0,523000,-981500,-458500
2015/03/20,0,393873,-747128,-353255
2015/03/23,0,472000,-855665,-383665
2015/03/24,0,236000,-329000,-93000
2015/03/25,0,375000,-450900,-75900
2015/03/26,0,724000,-862112,-138112
2015/03/27,0,220080,-243050,-22970
2015/03/30,0,340000,-328000,12000
2015/03/31,0,993146,-1153360,-160214
2015/04/01,0,168000,-446000,-278000
2015/04/02,0,536000,-479515,56485
2015/04/03,0,0,0,0
2015/04/06,0,0,0,0
2015/04/07,0,527000,-421300,105700
2015/04/08,0,986000,-727450,258550
2015/04/09,0,648000,-814925,-166925
2015/04/10,0,513002,-364000,149002
2015/04/13,0,818000,-660000,158000
2015/04/14,0,709750,-432150,277600
2015/04/15,0,329000,-465150,-136150
2015/04/16,0,512000,-419000,93000
2015/04/17,0,149507,-217000,-67493
2015/04/20,0,38137,-184000,-145863
2015/04/21,0,179700,-185000,-5300
2015/04/22,0,184000,-262000,-78000
2015/04/23,0,356000,-507400,-151400
2015/04/24,0,446000,-591000,-145000
2015/04/27,0,349000,-615000,-266000
2015/04/28,0,917000,-1132050,-215050
2015/04/29,0,334000,-663000,-329000
2015/04/30,0,510500,-864850,-354350
2015/05/01,0,0,0,0
2015/05/04,0,321500,-582000,-260500
2015/05/05,0,201500,-834000,-632500
2015/05/06,0,202500,-115471,87029
2015/05/07,0,219800,-141650,78150
2015/05/08,0,143725,-423590,-279865
2015/05/11,0,483077,-645077,-162000
2015/05/12,0,202000,-378954,-176954
2015/05/13,0,213895,-253945,-40050
2015/05/14,0,468000,-1080000,-612000
2015/05/15,0,369000,-945000,-576000
2015/05/18,0,393000,-662152,-269152
2015/05/19,0,123000,-348000,-225000
2015/05/20,0,133000,-510000,-377000
2015/05/21,0,132750,-667120,-534370
2015/05/22,0,767000,-530325,236675
2015/05/25,0,173000,-402000,-229000
2015/05/26,0,511000,-409000,102000
2015/05/27,0,419000,-641925,-222925
2015/05/28,0,204000,-456320,-252320
2015/05/29,0,580911,-875453,-294542
2015/06/01,0,340000,-1319722,-979722
2015/06/02,0,755133,-956000,-200867
2015/06/03,0,76025,-289000,-212975
2015/06/04,0,180000,-613150,-433150
2015/06/05,0,250000,-826000,-576000
2015/06/08,0,433000,-520000,-87000
2015/06/09,0,167000,-489250,-322250
2015/06/10,0,692000,-975000,-283000
2015/06/11,0,499000,-646000,-147000
2015/06/12,0,150000,-348215,-198215
2015/06/15,0,48000,-232000,-184000
2015/06/16,0,135200,-373500,-238300
2015/06/17,0,737000,-1157500,-420500
2015/06/18,0,550355,-845000,-294645
2015/06/19,0,0,0,0
2015/06/22,0,647012,-403202,243810
2015/06/23,0,193000,-715000,-522000
2015/06/24,0,1127220,-1325000,-197780
2015/06/25,0,570620,-772000,-201380
2015/06/26,0,340000,-730350,-390350
2015/06/29,0,155000,-698654,-543654
2015/06/30,0,547092,-759300,-212208
2015/07/01,0,211000,-279569,-68569
2015/07/02,0,812008,-981907,-169899
2015/07/03,0,519000,-536000,-17000
2015/07/06,0,201000,-423000,-222000
2015/07/07,0,973000,-328850,644150
2015/07/08,0,841000,-932100,-91100
2015/07/09,0,94732,-608832,-514100
2015/07/10,0,0,0,0
2015/07/13,0,760000,-399200,360800
2015/07/14,0,839000,-608249,230751
2015/07/15,0,100000,-433963,-333963
2015/07/16,0,50000,-241000,-191000
2015/07/17,0,171000,-91000,80000
2015/07/20,0,89012,-116000,-26988
2015/07/21,0,112000,-247000,-135000
2015/07/22,0,393000,-272885,120115
2015/07/23,0,142000,-544000,-402000
2015/07/24,0,106000,-460000,-354000
2015/07/27,0,203000,-336000,-133000
2015/07/28,0,768666,-1040000,-271334
2015/07/29,0,823000,-966050,-143050
2015/07/30,0,1461000,-920400,540600
2015/07/31,0,1777730,-874500,903230
2015/08/03,0,1422000,-812000,610000
2015/08/04,0,669348,-388500,280848
2015/08/05,0,268000,-353500,-85500
2015/08/06,0,426000,-294000,132000
2015/08/07,0,515000,-666271,-151271
2015/08/10,0,875200,-702600,172600
2015/08/11,0,300000,-186000,114000
2015/08/12,0,1666845,-2756000,-1089155
2015/08/13,0,1741000,-2099750,-358750
2015/08/14,0,1508000,-1421000,87000
2015/08/17,0,677000,-847523,-170523
2015/08/18,0,777000,-954300,-177300
2015/08/19,0,1617012,-1218500,398512
2015/08/20,0,1008000,-1230550,-222550
2015/08/21,0,1401000,-1399900,1100
2015/08/24,0,1686000,-1129664,556336
2015/08/25,0,951000,-1246181,-295181
2015/08/26,0,948000,-984354,-36354
2015/08/27,0,2390000,-1891750,498250
2015/08/28,0,1774000,-1703122,70878
2015/08/31,0,276887,-546386,-269499
2015/09/01,0,238000,-282000,-44000
2015/09/02,0,355000,-667070,-312070
2015/09/03,0,436000,-530050,-94050
2015/09/04,0,239320,-410136,-170816
2015/09/07,0,403000,-402806,194
2015/09/08,0,237770,-173000,64770
2015/09/09,0,944034,-692000,252034
2015/09/10,0,517899,-569340,-51441
2015/09/11,0,159000,-229000,-70000
2015/09/14,0,242000,-152800,89200
2015/09/15,0,255200,-190000,65200
2015/09/16,0,547000,-465304,81696
2015/09/17,0,497395,-172395,325000
2015/09/18,0,343600,-356662,-13062
2015/09/21,0,458000,-248286,209714
2015/09/22,0,322000,-209500,112500
2015/09/23,0,268000,-560106,-292106
2015/09/24,0,486000,-409700,76300
2015/09/25,0,335000,-680750,-345750
2015/09/28,0,0,0,0
2015/09/29,0,0,0,0
2015/09/30,0,1163019,-1953525,-790506
2015/10/01,0,907015,-781866,125149
2015/10/02,0,276000,-452000,-176000
2015/10/05,0,118700,-319150,-200450
2015/10/06,0,331000,-145000,186000
2015/10/07,0,308000,-326000,-18000
2015/10/08,0,444496,-133000,311496
2015/10/09,0,0,0,0
2015/10/12,0,404002,-336000,68002
2015/10/13,0,476000,-176826,299174
2015/10/14,0,275000,-181000,94000
2015/10/15,0,299000,-146100,152900
2015/10/16,0,390000,-312038,77962
2015/10/19,0,375734,-156028,219706
2015/10/20,0,321150,-265748,55402
2015/10/21,0,757633,-470633,287000
2015/10/22,0,432000,-254000,178000
2015/10/23,0,289000,-327250,-38250
2015/10/26,0,279000,-159754,119246
2015/10/27,0,296000,-147000,149000
2015/10/28,0,226000,-230637,-4637
2015/10/29,0,388000,-250321,137679
2015/10/30,0,429000,-548000,-119000
2015/11/02,0,315256,-543000,-227744
2015/11/03,0,378000,-387629,-9629
2015/11/04,0,426000,-594822,-168822
2015/11/05,0,186000,-479000,-293000
2015/11/06,0,1292000,-1189762,102238
2015/11/09,0,806000,-638916,167084
2015/11/10,0,492229,-1158190,-665961
2015/11/11,0,504000,-412750,91250
2015/11/12,0,302450,-287000,15450
2015/11/13,0,278000,-383000,-105000
2015/11/16,0,406000,-733700,-327700
2015/11/17,0,244000,-317000,-73000
2015/11/18,0,285900,-306000,-20100
2015/11/19,0,255065,-212000,43065
2015/11/20,0,130000,-103000,27000
2015/11/23,0,71000,-141454,-70454
2015/11/24,0,407000,-169416,237584
2015/11/25,0,374000,-254000,120000
2015/11/26,0,201000,-54000,147000
2015/11/27,0,138000,-63000,75000
2015/11/30,0,874791,-827794,46997
2015/12/01,0,468068,-411915,56153
2015/12/02,0,319000,-171000,148000
2015/12/03,0,241101,-593000,-351899
2015/12/04,0,683000,-767118,-84118
2015/12/07,0,500000,-278118,221882
2015/12/08,0,233000,-396075,-163075
2015/12/09,0,157000,-315000,-158000
2015/12/10,0,291000,-540779,-249779
2015/12/11,0,694000,-418425,275575
2015/12/14,0,398880,-310351,88529
2015/12/15,0,799154,-786230,12924
2015/12/16,0,862000,-758400,103600
2015/12/17,0,887000,-793407,93593
2015/12/18,0,505038,-325000,180038
2015/12/21,0,400000,-267000,133000
2015/12/22,0,524864,-353000,171864
2015/12/23,0,282000,-121600,160400
2015/12/24,0,127000,-185600,-58600
2015/12/25,0,122000,-5000,117000
2015/12/28,0,300000,-46000,254000
2015/12/29,0,359000,-173761,185239
2015/12/30,0,291000,-159460,131540
2015/12/31,0,214000,-74000,140000
2016/01/01,0,0,0,0
2016/01/04,0,374625,-463950,-89325
2016/01/05,0,731936,-427877,304059
2016/01/06,0,513512,-178300,335212
2016/01/07,0,597960,-246170,351790
2016/01/08,0,948000,-824394,123606
2016/01/11,0,1185016,-1138450,46566
2016/01/12,0,467000,-843200,-376200
2016/01/13,0,621000,-1088655,-467655
2016/01/14,0,760000,-1809400,-1049400
2016/01/15,0,1760000,-2070779,-310779
2016/01/18,0,631000,-922000,-291000
2016/01/19,0,502000,-681707,-179707
2016/01/20,0,828048,-893000,-64952
2016/01/21,0,608000,-586000,22000
2016/01/22,0,1093000,-1126450,-33450
2016/01/25,0,628276,-916613,-288337
2016/01/26,0,525000,-453000,72000
2016/01/27,0,582287,-661094,-78807
2016/01/28,0,702000,-939344,-237344
2016/01/29,0,699780,-489000,210780
2016/02/01,0,1791000,-1703000,88000
2016/02/02,0,448000,-367616,80384
2016/02/03,0,495000,-682545,-187545
2016/02/04,0,0,0,0
2016/02/05,0,0,0,0
2016/02/08,0,0,0,0
2016/02/09,0,0,0,0
2016/02/10,0,0,0,0
2016/02/11,0,0,0,0
2016/02/12,0,0,0,0
2016/02/15,0,608000,-755650,-147650
2016/02/16,0,560000,-814800,-254800
2016/02/17,0,543179,-445000,98179
2016/02/18,0,519068,-452000,67068
2016/02/19,0,564048,-650000,-85952
2016/02/22,0,480000,-212000,268000
2016/02/23,0,315316,-311000,4316
2016/02/24,0,1040000,-1319668,-279668
2016/02/25,0,324315,-369000,-44685
2016/02/26,0,510000,-507650,2350
2016/02/29,0,0,0,0
2016/03/01,0,692615,-397350,295265
2016/03/02,0,310008,-648525,-338517
2016/03/03,0,353000,-543000,-190000
2016/03/04,0,365000,-426000,-61000
2016/03/07,0,152000,-345000,-193000
2016/03/08,0,302000,-333661,-31661
2016/03/09,0,700000,-443000,257000
2016/03/10,0,329000,-376050,-47050
2016/03/11,0,441000,-746000,-305000
2016/03/14,0,285000,-358000,-73000
2016/03/15,0,713000,-1190948,-477948
2016/03/16,0,683000,-587672,95328
2016/03/17,0,396000,-301000,95000
2016/03/18,0,1055666,-667000,388666
2016/03/21,0,434000,-469432,-35432
2016/03/22,0,263539,-644000,-380461
2016/03/23,0,361000,-307000,54000
2016/03/24,0,206000,-497000,-291000
2016/03/25,0,261000,-363000,-102000
2016/03/28,0,299000,-461000,-162000
2016/03/29,0,475000,-594650,-119650
2016/03/30,0,558000,-674566,-116566
2016/03/31,0,1557000,-1772560,-215560
2016/04/01,0,662000,-1604000,-942000
2016/04/04,0,0,0,0
2016/04/05,0,0,0,0
2016/04/06,0,1535000,-4457845,-2922845
2016/04/07,0,1746000,-4349000,-2603000
2016/04/08,0,1117000,-1109000,8000
2016/04/11,0,462000,-944480,-482480
2016/04/12,0,75000,-624000,-549000
2016/04/13,0,346000,-797000,-451000
2016/04/14,0,917000,-944451,-27451
2016/04/15,0,1136000,-1475000,-339000
2016/04/18,0,837000,-464879,372121
2016/04/19,0,653000,-862850,-209850
2016/04/20,0,685000,-585000,100000
2016/04/21,0,997000,-1029300,-32300
2016/04/22,0,787000,-698400,88600
2016/04/25,0,689982,-952500,-262518
2016/04/26,0,1379311,-1509000,-129689
2016/04/27,0,406000,-484000,-78000
2016/04/28,0,650000,-846000,-196000
2016/04/29,0,941000,-727050,213950
2016/05/02,0,0,0,0
2016/05/03,0,1317000,-956000,361000
2016/05/04,0,900962,-1414793,-513831
2016/05/05,0,890000,-1384000,-494000
2016/05/06,0,642000,-1476700,-834700
2016/05/09,0,740518,-1407000,-666482
2016/05/10,0,653000,-439000,214000
2016/05/11,0,1197000,-1068000,129000
2016/05/12,0,1470000,-795000,675000
2016/05/13,0,1202000,-1337000,-135000
2016/05/16,0,572000,-636129,-64129
2016/05/17,0,986000,-904871,81129
2016/05/18,0,592987,-613976,-20989
2016/05/19,0,390800,-395918,-5118
2016/05/20,0,706583,-346024,360559
2016/05/23,0,565945,-274000,291945
2016/05/24,0,279000,-320956,-41956
2016/05/25,0,173000,-218000,-45000
2016/05/26,0,271000,-176000,95000
2016/05/27,0,435000,-456028,-21028
2016/05/30,0,787000,-720000,67000
2016/05/31,0,922033,-505458,416575
2016/06/01,0,730000,-136000,594000
2016/06/02,0,677000,-917393,-240393
2016/06/03,0,408000,-198000,210000
2016/06/06,0,208000,-249123,-41123
2016/06/07,0,627000,-505329,121671
2016/06/08,0,1211000,-624000,587000
2016/06/09,0,0,0,0
2016/06/10,0,0,0,0
2016/06/13,0,607000,-523550,83450
2016/06/14,0,277000,-264000,13000
2016/06/15,0,235000,-260000,-25000
2016/06/16,0,447000,-331000,116000
2016/06/17,0,311000,-299000,12000
2016/06/20,0,404000,-383000,21000
2016/06/21,0,527000,-328150,198850
2016/06/22,0,253488,-201286,52202
2016/06/23,0,208998,-483000,-274002
2016/06/24,0,470000,-541000,-71000
2016/06/27,0,495918,-709000,-213082
2016/06/28,0,668000,-1278000,-610000
2016/06/29,0,761000,-1453600,-692600
2016/06/30,0,924721,-679668,245053
2016/07/01,0,322000,-280000,42000
2016/07/04,0,188000,-143000,45000
2016/07/05,0,293000,-235550,57450
2016/07/06,0,1004000,-1025000,-21000
2016/07/07,0,759000,-237617,521383
2016/07/08,0,0,0,0
2016/07/11,0,585000,-497000,88000
2016/07/12,0,513000,-322338,190662
2016/07/13,0,749200,-525000,224200
2016/07/14,0,1140700,-594000,546700
2016/07/15,0,643998,-689000,-45002
2016/07/18,0,544000,-377000,167000
2016/07/19,0,1405000,-312000,1093000
2016/07/20,0,1338000,-522000,816000
2016/07/21,0,607000,-108618,498382
2016/07/22,0,998000,-750850,247150
2016/07/25,0,458000,-185000,273000
2016/07/26,0,570000,-478000,92000
2016/07/27,0,472749,-409000,63749
2016/07/28,0,814000,-334000,480000
2016/07/29,0,923007,-625000,298007
2016/08/01,0,589768,-338000,251768
2016/08/02,0,1090000,-425200,664800
2016/08/03,0,303000,-429000,-126000
2016/08/04,0,449000,-400000,49000
2016/08/05,0,960000,-613750,346250
2016/08/08,0,219999,-483000,-263001
2016/08/09,0,296000,-464000,-168000
2016/08/10,0,244000,-105850,138150
2016/08/11,0,1040000,-1068650,-28650
2016/08/12,0,403000,-431841,-28841
2016/08/15,0,643000,-1732000,-1089000
2016/08/16,0,604758,-717650,-112892
2016/08/17,0,729239,-507997,221242
2016/08/18,0,927000,-1011000,-84000
2016/08/19,0,593411,-790000,-196589
2016/08/22,0,203000,-278000,-75000
2016/08/23,0,178000,-282000,-104000
2016/08/24,0,363000,-419000,-56000
2016/08/25,0,162000,-170000,-8000
2016/08/26,0,211000,-243000,-32000
2016/08/29,0,263000,-367000,-104000
2016/08/30,0,367333,-452000,-84667
2016/08/31,0,294290,-995100,-700810
2016/09/01,0,535000,-919064,-384064
2016/09/02,0,1825332,-2072804,-247472
2016/09/05,0,285000,-546000,-261000
2016/09/06,0,1277331,-853000,424331
2016/09/07,0,595000,-494350,100650
2016/09/08,0,759482,-614000,145482
2016/09/09,0,170000,-131000,39000
2016/09/12,0,330000,-433000,-103000
2016/09/13,0,348000,-469002,-121002
2016/09/14,0,616000,-403000,213000
2016/09/15,0,0,0,0
2016/09/16,0,0,0,0
2016/09/19,0,483000,-169450,313550
2016/09/20,0,878000,-410000,468000
2016/09/21,0,335864,-214192,121672
2016/09/22,0,298796,-145000,153796
2016/09/23,0,419000,-127383,291617
2016/09/26,0,293000,-200000,93000
2016/09/27,0,0,0,0
2016/09/28,0,0,0,0
2016/09/29,0,987046,-334569,652477
2016/09/30,0,1453332,-547768,905564
2016/10/03,0,192000,-287000,-95000
2016/10/04,0,123000,-70192,52808
2016/10/05,0,402000,-198000,204000
2016/10/06,0,403408,-582000,-178592
2016/10/07,0,711997,-297300,414697
2016/10/10,0,0,0,0
2016/10/11,0,782000,-561600,220400
2016/10/12,0,242000,-129728,112272
2016/10/13,0,396000,-280000,116000
2016/10/14,0,168000,-102000,66000
2016/10/17,0,183000,-139198,43802
2016/10/18,0,350000,-333000,17000
2016/10/19,0,402000,-138550,263450
2016/10/20,0,297000,-175064,121936
2016/10/21,0,303000,-196000,107000
2016/10/24,0,117000,-79000,38000
2016/10/25,0,563993,-372000,191993
2016/10/26,0,683000,-417000,266000
2016/10/27,0,1914958,-1059000,855958
2016/10/28,0,1449000,-1048000,401000
2016/10/31,0,2325924,-2034000,291924
2016/11/01,0,406000,-249000,157000
2016/11/02,0,777099,-441000,336099
2016/11/03,0,248000,-290000,-42000
2016/11/04,0,242000,-266000,-24000
2016/11/07,0,334000,-196000,138000
2016/11/08,0,205429,-113000,92429
2016/11/09,0,211000,-360000,-149000
2016/11/10,0,222000,-177000,45000
2016/11/11,0,277000,-955002,-678002
2016/11/14,0,340000,-515800,-175800
2016/11/15,0,266000,-545000,-279000
2016/11/16,0,210274,-493500,-283226
2016/11/17,0,158000,-365000,-207000
2016/11/18,0,165386,-282000,-116614
2016/11/21,0,332000,-266189,65811
2016/11/22,0,386000,-239073,146927
2016/11/23,0,289755,-323672,-33917
2016/11/24,0,117847,-280000,-162153
2016/11/25,0,311000,-159000,152000
2016/11/28,0,358000,-149000,209000
2016/11/29,0,701000,-354756,346244
2016/11/30,0,954000,-554192,399808
2016/12/01,0,166739,-176000,-9261
2016/12/02,0,66000,-204000,-138000
2016/12/05,0,130000,-202083,-72083
2016/12/06,0,416000,-364000,52000
2016/12/07,0,214000,-238158,-24158
2016/12/08,0,188990,-205000,-16010
2016/12/09,0,394224,-112584,281640
2016/12/12,0,1072000,-295000,777000
2016/12/13,0,596449,-444687,151762
2016/12/14,0,287630,-195000,92630
2016/12/15,0,249000,-244000,5000
2016/12/16,0,392500,-319800,72700
2016/12/19,0,133000,-123000,10000
2016/12/20,0,280504,-429000,-148496
2016/12/21,0,423000,-303000,120000
2016/12/22,0,254260,-263000,-8740
2016/12/23,0,166000,-200000,-34000
2016/12/26,0,67000,-47000,20000
2016/12/27,0,77000,-47000,30000
2016/12/28,0,137000,-39000,98000
2016/12/29,0,544270,-640151,-95881
2016/12/30,0,380000,-198006,181994
2017/01/02,0,0,0,0
2017/01/03,0,661000,-777000,-116000
2017/01/04,0,859000,-960900,-101900
2017/01/05,0,616381,-365500,250881
2017/01/06,0,1482500,-193000,1289500
2017/01/09,0,2221000,-1361000,860000
2017/01/10,0,1243000,-927303,315697
2017/01/11,0,853726,-660100,193626
2017/01/12,0,648000,-713000,-65000
2017/01/13,0,511597,-916600,-405003
2017/01/16,0,356000,-717000,-361000
2017/01/17,0,389000,-226412,162588
2017/01/18,0,230000,-285748,-55748
2017/01/19,0,811002,-513896,297106
2017/01/20,0,400858,-518000,-117142
2017/01/23,0,431000,-664887,-233887
2017/01/24,0,411000,-454000,-43000
2017/01/25,0,0,0,0
2017/01/26,0,0,0,0
2017/01/27,0,0,0,0
2017/01/30,0,0,0,0
2017/01/31,0,0,0,0
2017/02/01,0,0,0,0
2017/02/02,0,2212472,-1973158,239314
2017/02/03,0,1229000,-1302759,-73759
2017/02/06,0,657000,-479000,178000
2017/02/07,0,430063,-467000,-36937
2017/02/08,0,977252,-1112100,-134848
2017/02/09,0,689183,-645000,44183
2017/02/10,0,593000,-503150,89850
2017/02/13,0,630198,-644000,-13802
2017/02/14,0,384000,-129000,255000
2017/02/15,0,443000,-546000,-103000
2017/02/16,0,747000,-748000,-1000
2017/02/17,0,377000,-577440,-200440
2017/02/20,0,285000,-221000,64000
2017/02/21,0,412000,-418350,-6350
2017/02/22,0,847496,-940496,-93000
2017/02/23,0,337000,-308000,29000
2017/02/24,0,1148000,-1376120,-228120
2017/02/27,0,0,0,0
2017/02/28,0,0,0,0
2017/03/01,0,439825,-381885,57940
2017/03/02,0,205000,-355122,-150122
2017/03/03,0,149000,-215242,-66242
2017/03/06,0,180403,-210924,-30521
2017/03/07,0,258000,-423036,-165036
2017/03/08,0,125000,-228231,-103231
2017/03/09,0,224000,-548000,-324000
2017/03/10,0,191000,-200000,-9000
2017/03/13,0,86463,-199100,-112637
2017/03/14,0,422363,-351957,70406
2017/03/15,0,337000,-280231,56769
2017/03/16,0,289000,-272000,17000
2017/03/17,0,485000,-277296,207704
2017/03/20,0,164000,-202000,-38000
2017/03/21,0,266066,-139584,126482
2017/03/22,0,152000,-143485,8515
2017/03/23,0,152001,-99365,52636
2017/03/24,0,304315,-152165,152150
2017/03/27,0,575000,-392000,183000
2017/03/28,0,982000,-245750,736250
2017/03/29,0,666264,-493000,173264
2017/03/30,0,1188000,-939000,249000
2017/03/31,0,92000,-105000,-13000
2017/04/03,0,0,0,0
2017/04/04,0,0,0,0
2017/04/05,0,394000,-416000,-22000
2017/04/06,0,627000,-340391,286609
2017/04/07,0,593000,-689000,-96000
2017/04/10,0,277000,-270000,7000
2017/04/11,0,834110,-522000,312110
2017/04/12,0,362000,-370000,-8000
2017/04/13,0,215000,-131950,83050
2017/04/14,0,320000,-53000,267000
2017/04/17,0,501001,-138000,363001
2017/04/18,0,114000,-87495,26505
2017/04/19,0,231187,-247029,-15842
2017/04/20,0,247273,-225273,22000
2017/04/21,0,324000,-164797,159203
2017/04/24,0,223845,-225000,-1155
2017/04/25,0,295408,-252718,42690
2017/04/26,0,439613,-426379,13234
2017/04/27,0,503447,-89000,414447
2017/04/28,0,417855,-156000,261855
2017/05/01,0,0,0,0
2017/05/02,0,518900,-222900,296000
2017/05/03,0,318000,-49000,269000
2017/05/04,0,1074333,-323000,751333
2017/05/05,0,92386,-343000,-250614
2017/05/08,0,180187,-146050,34137
2017/05/09,0,375069,-164700,210369
2017/05/10,0,221046,-650019,-428973
2017/05/11,0,451518,-317000,134518
2017/05/12,0,227000,-199155,27845
2017/05/15,0,476891,-399022,77869
2017/05/16,0,280976,-301300,-20324
2017/05/17,0,639000,-625000,14000
2017/05/18,0,425026,-274000,151026
2017/05/19,0,461000,-115149,345851
2017/05/22,0,318155,-137500,180655
2017/05/23,0,382660,-224000,158660
2017/05/24,0,445400,-99000,346400
2017/05/25,0,634865,-261208,373657
2017/05/26,0,0,0,0
2017/05/29,0,0,0,0
2017/05/30,0,0,0,0
2017/05/31,0,1028000,-426560,601440
2017/06/01,0,313900,-204000,109900
2017/06/02,0,334000,-233000,101000
2017/06/05,0,161000,-146584,14416
2017/06/06,0,193000,-124000,69000
2017/06/07,0,525000,-156000,369000
2017/06/08,0,117000,-65000,52000
2017/06/09,0,255000,-382000,-127000
2017/06/12,0,220000,-282760,-62760
2017/06/13,0,282000,-110000,172000
2017/06/14,0,246000,-134211,111789
2017/06/15,0,100000,-146000,-46000
2017/06/16,0,90000,-122000,-32000
2017/06/19,0,340198,-227000,113198
2017/06/20,0,150000,-259000,-109000
2017/06/21,0,425000,-292000,133000
2017/06/22,0,631000,-678000,-47000
2017/06/23,0,148000,-183500,-35500
2017/06/26,0,397000,-248500,148500
2017/06/27,0,204000,-99000,105000
2017/06/28,0,434000,-253000,181000
2017/06/29,0,246000,-301000,-55000
2017/06/30,0,256200,-342000,-85800
2017/07/03,0,170000,-143000,27000
2017/07/04,0,201000,-446000,-245000
2017/07/05,0,331000,-95000,236000
2017/07/06,0,158000,-144000,14000
2017/07/07,0,87235,-158296,-71061
2017/07/10,0,101000,-152162,-51162
2017/07/11,0,108141,-232000,-123859
2017/07/12,0,157131,-195316,-38185
2017/07/13,0,193700,-249000,-55300
2017/07/14,0,31000,-155000,-124000
2017/07/17,0,82000,-90350,-8350
2017/07/18,0,163000,-1459449,-1296449
2017/07/19,0,512000,-739000,-227000
2017/07/20,0,544298,-268000,276298
2017/07/21,0,135000,-86000,49000
2017/07/24,0,188553,-174000,14553
2017/07/25,0,174000,-290858,-116858
2017/07/26,0,132000,-207000,-75000
2017/07/27,0,272000,-95000,177000
2017/07/28,0,31000,-58399,-27399
2017/07/31,0,208000,-290335,-82335
2017/08/01,0,187000,-165000,22000
2017/08/02,0,502000,-542000,-40000
2017/08/03,0,168000,-214392,-46392
2017/08/04,0,131644,-22000,109644
2017/08/07,0,203000,-59762,143238
2017/08/08,0,145000,-180000,-35000
2017/08/09,0,236297,-125385,110912
2017/08/10,0,119396,-46000,73396
2017/08/11,0,355000,-640000,-285000
2017/08/14,0,107000,-273000,-166000
2017/08/15,0,300000,-312678,-12678
2017/08/16,0,480000,-399131,80869
2017/08/17,0,711000,-540000,171000
2017/08/18,0,236000,-282000,-46000
