Date,Open,Buy,Sell,Total
2007/04/23,0,5000,-15000,-10000
2007/04/24,0,0,0,0
2007/04/25,0,15000,-170000,-155000
2007/04/26,0,0,-11000,-11000
2007/04/27,0,45000,-10000,35000
2007/04/30,0,9000,-13000,-4000
2007/05/01,0,0,0,0
2007/05/02,0,0,-47000,-47000
2007/05/03,0,7000,-20000,-13000
2007/05/04,0,15000,-7000,8000
2007/05/07,0,1000,0,1000
2007/05/08,0,1000,0,1000
2007/05/09,0,0,-1000,-1000
2007/05/10,0,0,0,0
2007/05/11,0,10000,0,10000
2007/05/14,0,66000,-114000,-48000
2007/05/15,0,0,-10000,-10000
2007/05/16,0,0,0,0
2007/05/17,0,0,0,0
2007/05/18,0,0,-10000,-10000
2007/05/21,0,16000,0,16000
2007/05/22,0,6000,0,6000
2007/05/23,0,0,0,0
2007/05/24,0,9000,0,9000
2007/05/25,0,4000,-7000,-3000
2007/05/28,0,0,0,0
2007/05/29,0,2000,0,2000
2007/05/30,0,0,-6000,-6000
2007/05/31,0,1000,-2000,-1000
2007/06/01,0,4000,0,4000
2007/06/04,0,0,-14000,-14000
2007/06/05,0,76000,-10000,66000
2007/06/06,0,12000,-23000,-11000
2007/06/07,0,7000,0,7000
2007/06/08,0,0,-13000,-13000
2007/06/11,0,0,0,0
2007/06/12,0,1000,0,1000
2007/06/13,0,36000,-2000,34000
2007/06/14,0,2000,-1000,1000
2007/06/15,0,115000,-1000,114000
2007/06/18,0,0,0,0
2007/06/19,0,0,0,0
2007/06/20,0,420000,-50000,370000
2007/06/21,0,51000,-24000,27000
2007/06/22,0,10000,-45000,-35000
2007/06/25,0,3000,-18000,-15000
2007/06/26,0,7000,-2000,5000
2007/06/27,0,1000,-7000,-6000
2007/06/28,0,1000,0,1000
2007/06/29,0,448000,0,448000
2007/07/02,0,84000,-200000,-116000
2007/07/03,0,603000,-487000,116000
2007/07/04,0,0,0,0
2007/07/05,0,51000,0,51000
2007/07/06,0,7000,-1000,6000
2007/07/09,0,0,0,0
2007/07/10,0,400000,-150000,250000
2007/07/11,0,365000,-519000,-154000
2007/07/12,0,0,-4000,-4000
2007/07/13,0,5000,-7000,-2000
2007/07/16,0,111000,-12000,99000
2007/07/17,0,75000,-5000,70000
2007/07/18,0,151000,-17000,134000
2007/07/19,0,66000,-4000,62000
2007/07/20,0,72000,-57000,15000
2007/07/23,0,83000,0,83000
2007/07/24,0,684000,-59000,625000
2007/07/25,0,139000,-1477000,-1338000
2007/07/26,0,398000,-480000,-82000
2007/07/27,0,131000,-180000,-49000
2007/07/30,0,3000,-168000,-165000
2007/07/31,0,75000,-99000,-24000
2007/08/01,0,34000,-29000,5000
2007/08/02,0,21000,-51000,-30000
2007/08/03,0,40000,-2000,38000
2007/08/06,0,1000,-119000,-118000
2007/08/07,0,355000,-21000,334000
2007/08/08,0,22000,-20000,2000
2007/08/09,0,529000,-259000,270000
2007/08/10,0,271000,-21000,250000
2007/08/13,0,351000,-1000,350000
2007/08/14,0,125000,-238000,-113000
2007/08/15,0,7000,-348000,-341000
2007/08/16,0,25000,-219000,-194000
2007/08/17,0,50000,-120000,-70000
2007/08/20,0,93000,-10000,83000
2007/08/21,0,199000,-50000,149000
2007/08/22,0,24000,0,24000
2007/08/23,0,127000,-266000,-139000
2007/08/24,0,52000,-20000,32000
2007/08/27,0,48000,-7000,41000
2007/08/28,0,51000,-6000,45000
2007/08/29,0,94000,-37000,57000
2007/08/30,0,48000,-34000,14000
2007/08/31,0,51000,-15000,36000
2007/09/03,0,560000,-44000,516000
2007/09/04,0,208000,-270000,-62000
2007/09/05,0,184000,-37000,147000
2007/09/06,0,195000,-22000,173000
2007/09/07,0,97000,-28000,69000
2007/09/10,0,422000,-6000,416000
2007/09/11,0,263000,-52000,211000
2007/09/12,0,0,-61000,-61000
2007/09/13,0,0,-85000,-85000
2007/09/14,0,3000,-121000,-118000
2007/09/17,0,48000,-4000,44000
2007/09/18,0,0,0,0
2007/09/19,0,23000,-25000,-2000
2007/09/20,0,5000,-57000,-52000
2007/09/21,0,69000,-2000,67000
2007/09/24,0,0,0,0
2007/09/25,0,0,0,0
2007/09/26,0,302000,-11000,291000
2007/09/27,0,68000,-7000,61000
2007/09/28,0,72000,-20000,52000
2007/10/01,0,72000,-64000,8000
2007/10/02,0,66000,-91000,-25000
2007/10/03,0,10000,-181000,-171000
2007/10/04,0,3000,-23000,-20000
2007/10/05,0,6000,-196000,-190000
2007/10/08,0,8000,-11000,-3000
2007/10/09,0,1000,-17000,-16000
2007/10/10,0,0,0,0
2007/10/11,0,24000,-511000,-487000
2007/10/12,0,44000,-26000,18000
2007/10/15,0,26000,-251000,-225000
2007/10/16,0,9000,-162000,-153000
2007/10/17,0,39000,-5000,34000
2007/10/18,0,1000,-15000,-14000
2007/10/19,0,10000,-56000,-46000
2007/10/22,0,14000,-405000,-391000
2007/10/23,0,4000,-6000,-2000
2007/10/24,0,37000,-36000,1000
2007/10/25,0,51000,-3000,48000
2007/10/26,0,52000,-14000,38000
2007/10/29,0,232000,-42000,190000
2007/10/30,0,320000,-10000,310000
2007/10/31,0,7000,-4000,3000
2007/11/01,0,0,-47000,-47000
2007/11/02,0,22000,-68000,-46000
2007/11/05,0,67000,-36000,31000
2007/11/06,0,39000,-5000,34000
2007/11/07,0,23000,-6000,17000
2007/11/08,0,0,-111000,-111000
2007/11/09,0,19000,-40000,-21000
2007/11/12,0,123000,-70000,53000
2007/11/13,0,12000,-3000,9000
2007/11/14,0,34000,-6000,28000
2007/11/15,0,53000,-3000,50000
2007/11/16,0,0,-21000,-21000
2007/11/19,0,7000,-33000,-26000
2007/11/20,0,28000,-221000,-193000
2007/11/21,0,2000,-44000,-42000
2007/11/22,0,3000,-87000,-84000
2007/11/23,0,0,-166000,-166000
2007/11/26,0,2000,-6000,-4000
2007/11/27,0,19000,-270000,-251000
2007/11/28,0,22000,-48000,-26000
2007/11/29,0,100000,0,100000
2007/11/30,0,39000,-14000,25000
2007/12/03,0,14000,-36000,-22000
2007/12/04,0,61000,-29000,32000
2007/12/05,0,12000,-6000,6000
2007/12/06,0,251000,-40000,211000
2007/12/07,0,7000,-50000,-43000
2007/12/10,0,0,-86000,-86000
2007/12/11,0,1000,-16000,-15000
2007/12/12,0,3000,-26000,-23000
2007/12/13,0,1000,-234000,-233000
2007/12/14,0,7000,-243000,-236000
2007/12/17,0,6000,-198000,-192000
2007/12/18,0,23000,-60000,-37000
2007/12/19,0,10000,-16000,-6000
2007/12/20,0,10000,-7000,3000
2007/12/21,0,2000,-3000,-1000
2007/12/24,0,71000,-1000,70000
2007/12/25,0,115000,-80000,35000
2007/12/26,0,29000,-9000,20000
2007/12/27,0,33000,-9000,24000
2007/12/28,0,10000,-18000,-8000
2007/12/31,0,57000,-6000,51000
2008/01/01,0,0,0,0
2008/01/02,0,341000,-14000,327000
2008/01/03,0,9000,-13000,-4000
2008/01/04,0,63000,-2000,61000
2008/01/07,0,31000,-146000,-115000
2008/01/08,0,63000,-42000,21000
2008/01/09,0,18000,-11000,7000
2008/01/10,0,85000,-1000,84000
2008/01/11,0,0,-25000,-25000
2008/01/14,0,39000,0,39000
2008/01/15,0,14000,0,14000
2008/01/16,0,9000,-12000,-3000
2008/01/17,0,0,-2000,-2000
2008/01/18,0,5000,-133000,-128000
2008/01/21,0,0,-81000,-81000
2008/01/22,0,7000,-223000,-216000
2008/01/23,0,7000,-60000,-53000
2008/01/24,0,1000,-66000,-65000
2008/01/25,0,1000,-4000,-3000
2008/01/28,0,3000,-1000,2000
2008/01/29,0,3000,-5000,-2000
2008/01/30,0,1000,-33000,-32000
2008/01/31,0,2000,-47000,-45000
2008/02/01,0,1000,-8000,-7000
2008/02/04,0,0,0,0
2008/02/05,0,0,0,0
2008/02/06,0,0,0,0
2008/02/07,0,0,0,0
2008/02/08,0,0,0,0
2008/02/11,0,0,0,0
2008/02/12,0,3000,-7000,-4000
2008/02/13,0,5000,-88000,-83000
2008/02/14,0,4000,-91000,-87000
2008/02/15,0,3000,0,3000
2008/02/18,0,1000,-2000,-1000
2008/02/19,0,1000,-9000,-8000
2008/02/20,0,20000,0,20000
2008/02/21,0,80000,-3000,77000
2008/02/22,0,0,-3000,-3000
2008/02/25,0,0,-56000,-56000
2008/02/26,0,120000,-112000,8000
2008/02/27,0,3000,-4000,-1000
2008/02/28,0,0,0,0
2008/02/29,0,0,-3000,-3000
2008/03/03,0,1000,-1000,0
2008/03/04,0,85000,-348000,-263000
2008/03/05,0,10000,-40000,-30000
2008/03/06,0,469000,-1000,468000
2008/03/07,0,74000,-203000,-129000
2008/03/10,0,4000,-157000,-153000
2008/03/11,0,30000,-10000,20000
2008/03/12,0,4000,-21000,-17000
2008/03/13,0,8000,-2000,6000
2008/03/14,0,10000,-7000,3000
2008/03/17,0,1000,-218000,-217000
2008/03/18,0,5000,-40000,-35000
2008/03/19,0,5000,-7000,-2000
2008/03/20,0,4000,-11000,-7000
2008/03/21,0,52000,-5000,47000
2008/03/24,0,275000,-11000,264000
2008/03/25,0,19000,-66000,-47000
2008/03/26,0,25000,-1000,24000
2008/03/27,0,87000,-47000,40000
2008/03/28,0,16000,-2000,14000
2008/03/31,0,1000,-14000,-13000
2008/04/01,0,0,-3000,-3000
2008/04/02,0,2000,-1000,1000
2008/04/03,0,0,-114000,-114000
2008/04/04,0,0,0,0
2008/04/07,0,274000,-1000,273000
2008/04/08,0,191000,-74000,117000
2008/04/09,0,62000,-1000,61000
2008/04/10,0,100000,0,100000
2008/04/11,0,101000,-64000,37000
2008/04/14,0,43000,0,43000
2008/04/15,0,1000,-3000,-2000
2008/04/16,0,72000,-5000,67000
2008/04/17,0,33000,-6000,27000
2008/04/18,0,4000,-3000,1000
2008/04/21,0,83000,-27000,56000
2008/04/22,0,12000,-30000,-18000
2008/04/23,0,77000,0,77000
2008/04/24,0,59000,0,59000
2008/04/25,0,5000,0,5000
2008/04/28,0,17000,-2000,15000
2008/04/29,0,10000,-3000,7000
2008/04/30,0,5000,-8000,-3000
2008/05/01,0,0,0,0
2008/05/02,0,4000,-11000,-7000
2008/05/05,0,21000,0,21000
2008/05/06,0,6000,-1000,5000
2008/05/07,0,62000,-3000,59000
2008/05/08,0,3000,-12000,-9000
2008/05/09,0,7000,-4000,3000
2008/05/12,0,3000,-1000,2000
2008/05/13,0,6000,0,6000
2008/05/14,0,46000,0,46000
2008/05/15,0,9000,-1000,8000
2008/05/16,0,839000,-190000,649000
2008/05/19,0,264000,-553000,-289000
2008/05/20,0,84000,-5000,79000
2008/05/21,0,44000,0,44000
2008/05/22,0,265000,0,265000
2008/05/23,0,379000,-606000,-227000
2008/05/26,0,42000,-116000,-74000
2008/05/27,0,247000,-605000,-358000
2008/05/28,0,247000,-326000,-79000
2008/05/29,0,122000,-105000,17000
2008/05/30,0,152000,-80000,72000
2008/06/02,0,290000,-154000,136000
2008/06/03,0,37000,-49000,-12000
2008/06/04,0,74000,-5000,69000
2008/06/05,0,101000,-116000,-15000
2008/06/06,0,261000,-4000,257000
2008/06/09,0,241000,-12000,229000
2008/06/10,0,152000,-287000,-135000
2008/06/11,0,48000,-236000,-188000
2008/06/12,0,55000,-67000,-12000
2008/06/13,0,30000,-321000,-291000
2008/06/16,0,2000,-70000,-68000
2008/06/17,0,3000,-12000,-9000
2008/06/18,0,153000,-13000,140000
2008/06/19,0,61000,-78000,-17000
2008/06/20,0,5000,-102000,-97000
2008/06/23,0,30000,-12000,18000
2008/06/24,0,1000,-10000,-9000
2008/06/25,0,7000,-5000,2000
2008/06/26,0,0,-148000,-148000
2008/06/27,0,14000,-111000,-97000
2008/06/30,0,92000,-108000,-16000
2008/07/01,0,18000,-153000,-135000
2008/07/02,0,143000,-52000,91000
2008/07/03,0,21000,-6000,15000
2008/07/04,0,36000,-164000,-128000
2008/07/07,0,157000,-42000,115000
2008/07/08,0,76000,-35000,41000
2008/07/09,0,52000,-5000,47000
2008/07/10,0,95000,0,95000
2008/07/11,0,286000,-166000,120000
2008/07/14,0,37000,-236000,-199000
2008/07/15,0,50000,-146000,-96000
2008/07/16,0,179000,-81000,98000
2008/07/17,0,105000,-68000,37000
2008/07/18,0,78000,-37000,41000
2008/07/21,0,74000,-4000,70000
2008/07/22,0,68000,-12000,56000
2008/07/23,0,87000,-450000,-363000
2008/07/24,0,0,-16000,-16000
2008/07/25,0,51000,-31000,20000
2008/07/28,0,0,0,0
2008/07/29,0,26000,-108000,-82000
2008/07/30,0,279000,-27000,252000
2008/07/31,0,208000,-142000,66000
2008/08/01,0,203000,-5000,198000
2008/08/04,0,134000,-3000,131000
2008/08/05,0,347000,-112000,235000
2008/08/06,0,18000,-458000,-440000
2008/08/07,0,3000,-83000,-80000
2008/08/08,0,101000,-34000,67000
2008/08/11,0,31000,-1000,30000
2008/08/12,0,45000,0,45000
2008/08/13,0,3000,-1000,2000
2008/08/14,0,41000,-1000,40000
2008/08/15,0,6000,-7000,-1000
2008/08/18,0,0,-17000,-17000
2008/08/19,0,10000,-93000,-83000
2008/08/20,0,8000,-13000,-5000
2008/08/21,0,0,-47000,-47000
2008/08/22,0,3000,-48000,-45000
2008/08/25,0,7000,-77000,-70000
2008/08/26,0,2000,0,2000
2008/08/27,0,36000,-10000,26000
2008/08/28,0,2000,0,2000
2008/08/29,0,3000,-18000,-15000
2008/09/01,0,0,-9000,-9000
2008/09/02,0,5000,-6000,-1000
2008/09/03,0,26000,-115000,-89000
2008/09/04,0,7000,-115000,-108000
2008/09/05,0,21000,-90000,-69000
2008/09/08,0,26000,-2000,24000
2008/09/09,0,1000,-16000,-15000
2008/09/10,0,6000,-5000,1000
2008/09/11,0,1000,-16000,-15000
2008/09/12,0,9000,-51000,-42000
2008/09/15,0,80000,-246000,-166000
2008/09/16,0,3000,-8000,-5000
2008/09/17,0,60000,-22000,38000
2008/09/18,0,4000,-6000,-2000
2008/09/19,0,84000,-14000,70000
2008/09/22,0,282000,-15000,267000
2008/09/23,0,137000,0,137000
2008/09/24,0,23000,-126000,-103000
2008/09/25,0,48000,0,48000
2008/09/26,0,10000,-46000,-36000
2008/09/29,0,0,0,0
2008/09/30,0,40000,-23000,17000
2008/10/01,0,130000,-116000,14000
2008/10/02,0,0,-104000,-104000
2008/10/03,0,23000,-25000,-2000
2008/10/06,0,5000,-3000,2000
2008/10/07,0,12000,-137000,-125000
2008/10/08,0,0,-274000,-274000
2008/10/09,0,0,-40000,-40000
2008/10/10,0,0,0,0
2008/10/13,0,0,0,0
2008/10/14,0,65000,-53000,12000
2008/10/15,0,4000,0,4000
2008/10/16,0,0,0,0
2008/10/17,0,5000,0,5000
2008/10/20,0,0,0,0
2008/10/21,0,0,-5000,-5000
2008/10/22,0,5000,0,5000
2008/10/23,0,0,-5000,-5000
2008/10/24,0,30000,0,30000
2008/10/27,0,0,-25000,-25000
2008/10/28,0,4000,0,4000
2008/10/29,0,5000,-9000,-4000
2008/10/30,0,175000,0,175000
2008/10/31,0,35000,-68000,-33000
2008/11/03,0,2000,-35000,-33000
2008/11/04,0,3000,-1000,2000
2008/11/05,0,36000,-5000,31000
2008/11/06,0,0,-26000,-26000
2008/11/07,0,2000,-10000,-8000
2008/11/10,0,7000,-219000,-212000
2008/11/11,0,31000,-4000,27000
2008/11/12,0,12000,-4000,8000
2008/11/13,0,0,-1000,-1000
2008/11/14,0,20000,-6000,14000
2008/11/17,0,12000,-20000,-8000
2008/11/18,0,2000,-1000,1000
2008/11/19,0,2000,-9000,-7000
2008/11/20,0,13000,-5000,8000
2008/11/21,0,4000,0,4000
2008/11/24,0,0,-16000,-16000
2008/11/25,0,0,0,0
2008/11/26,0,114000,0,114000
2008/11/27,0,11000,-99000,-88000
2008/11/28,0,3000,-10000,-7000
2008/12/01,0,60000,0,60000
2008/12/02,0,2000,0,2000
2008/12/03,0,9000,-4000,5000
2008/12/04,0,0,-10000,-10000
2008/12/05,0,5000,0,5000
2008/12/08,0,3000,0,3000
2008/12/09,0,3000,-19000,-16000
2008/12/10,0,2000,0,2000
2008/12/11,0,1000,-2000,-1000
2008/12/12,0,1000,-3000,-2000
2008/12/15,0,10000,-1000,9000
2008/12/16,0,50000,-4000,46000
2008/12/17,0,30000,-7000,23000
2008/12/18,0,35000,-15000,20000
2008/12/19,0,15000,0,15000
2008/12/22,0,11000,-22000,-11000
2008/12/23,0,25000,-17000,8000
2008/12/24,0,30000,0,30000
2008/12/25,0,0,0,0
2008/12/26,0,0,0,0
2008/12/29,0,166000,-55000,111000
2008/12/30,0,20000,-171000,-151000
2008/12/31,0,259000,-20000,239000
2009/01/01,0,0,0,0
2009/01/02,0,0,0,0
2009/01/05,0,22000,0,22000
2009/01/06,0,20000,-1000,19000
2009/01/07,0,9000,0,9000
2009/01/08,0,0,-50000,-50000
2009/01/09,0,0,0,0
2009/01/12,0,6000,-30000,-24000
2009/01/13,0,39000,0,39000
2009/01/14,0,0,-115000,-115000
2009/01/15,0,0,-135000,-135000
2009/01/16,0,1000,-60000,-59000
2009/01/19,0,0,-61000,-61000
2009/01/20,0,0,0,0
2009/01/21,0,0,0,0
2009/01/22,0,0,0,0
2009/01/23,0,0,0,0
2009/01/26,0,0,0,0
2009/01/27,0,0,0,0
2009/01/28,0,0,0,0
2009/01/29,0,0,0,0
2009/01/30,0,0,0,0
2009/02/02,0,0,0,0
2009/02/03,0,0,-60000,-60000
2009/02/04,0,5000,-44000,-39000
2009/02/05,0,0,-3000,-3000
2009/02/06,0,0,-75000,-75000
2009/02/09,0,0,0,0
2009/02/10,0,0,-43000,-43000
2009/02/11,0,0,-11000,-11000
2009/02/12,0,0,-55000,-55000
2009/02/13,0,0,-50000,-50000
2009/02/16,0,0,-20000,-20000
2009/02/17,0,0,-8000,-8000
2009/02/18,0,2000,-260000,-258000
2009/02/19,0,0,-68000,-68000
2009/02/20,0,2000,-8000,-6000
2009/02/23,0,5000,0,5000
2009/02/24,0,6000,-2000,4000
2009/02/25,0,2000,0,2000
2009/02/26,0,0,0,0
2009/02/27,0,0,0,0
2009/03/02,0,0,-2000,-2000
2009/03/03,0,0,0,0
2009/03/04,0,100000,-1000,99000
2009/03/05,0,65000,0,65000
2009/03/06,0,204000,-21000,183000
2009/03/09,0,9000,0,9000
2009/03/10,0,12000,-10000,2000
2009/03/11,0,133000,-55000,78000
2009/03/12,0,165000,-20000,145000
2009/03/13,0,6000,-150000,-144000
2009/03/16,0,8000,-142000,-134000
2009/03/17,0,4000,-38000,-34000
2009/03/18,0,3000,-14000,-11000
2009/03/19,0,40000,0,40000
2009/03/20,0,2000,0,2000
2009/03/23,0,24000,-220000,-196000
2009/03/24,0,3000,-21000,-18000
2009/03/25,0,4000,-3000,1000
2009/03/26,0,0,-9000,-9000
2009/03/27,0,90000,-8000,82000
2009/03/30,0,0,-17000,-17000
2009/03/31,0,2000,-5000,-3000
2009/04/01,0,11000,-91000,-80000
2009/04/02,0,126000,0,126000
2009/04/03,0,362000,0,362000
2009/04/06,0,412000,-56000,356000
2009/04/07,0,305000,-8000,297000
2009/04/08,0,25000,-152000,-127000
2009/04/09,0,26000,-1000,25000
2009/04/10,0,4000,-23000,-19000
2009/04/13,0,55000,-8000,47000
2009/04/14,0,0,-104000,-104000
2009/04/15,0,0,-12000,-12000
2009/04/16,0,8000,-207000,-199000
2009/04/17,0,60000,-58000,2000
2009/04/20,0,27000,-92000,-65000
2009/04/21,0,45000,-8000,37000
2009/04/22,0,25000,-2000,23000
2009/04/23,0,222000,-23000,199000
2009/04/24,0,177000,-360000,-183000
2009/04/27,0,122000,-129000,-7000
2009/04/28,0,83000,-43000,40000
2009/04/29,0,7000,-13000,-6000
2009/04/30,0,399000,0,399000
2009/05/01,0,0,0,0
2009/05/04,0,424000,-13000,411000
2009/05/05,0,102000,-86000,16000
2009/05/06,0,4000,-377000,-373000
2009/05/07,0,0,-49000,-49000
2009/05/08,0,5000,0,5000
2009/05/11,0,151000,-77000,74000
2009/05/12,0,8000,-317000,-309000
2009/05/13,0,0,0,0
2009/05/14,0,0,-19000,-19000
2009/05/15,0,100000,-34000,66000
2009/05/18,0,0,-3000,-3000
2009/05/19,0,0,-17000,-17000
2009/05/20,0,0,-1000,-1000
2009/05/21,0,10000,-19000,-9000
2009/05/22,0,6000,-34000,-28000
2009/05/25,0,26000,-7000,19000
2009/05/26,0,5000,0,5000
2009/05/27,0,10000,0,10000
2009/05/28,0,0,0,0
2009/05/29,0,0,0,0
2009/06/01,0,203000,0,203000
2009/06/02,0,182000,-2000,180000
2009/06/03,0,23000,0,23000
2009/06/04,0,330000,-51000,279000
2009/06/05,0,162000,-5000,157000
2009/06/08,0,102000,-3000,99000
2009/06/09,0,67000,-25000,42000
2009/06/10,0,35000,-15000,20000
2009/06/11,0,2000,-2000,0
2009/06/12,0,25000,-6000,19000
2009/06/15,0,8000,-12000,-4000
2009/06/16,0,1000,-8000,-7000
2009/06/17,0,0,-26000,-26000
2009/06/18,0,0,-123000,-123000
2009/06/19,0,1000,0,1000
2009/06/22,0,0,-3000,-3000
2009/06/23,0,0,0,0
2009/06/24,0,2000,0,2000
2009/06/25,0,3000,0,3000
2009/06/26,0,0,-1000,-1000
2009/06/29,0,2000,-1000,1000
2009/06/30,0,3000,0,3000
2009/07/01,0,130000,0,130000
2009/07/02,0,36000,0,36000
2009/07/03,0,25000,-201000,-176000
2009/07/06,0,2000,-3000,-1000
2009/07/07,0,264000,0,264000
2009/07/08,0,0,0,0
2009/07/09,0,1000,-152000,-151000
2009/07/10,0,0,0,0
2009/07/13,0,6000,-161000,-155000
2009/07/14,0,3000,-3000,0
2009/07/15,0,5000,-1000,4000
2009/07/16,0,13000,-6000,7000
2009/07/17,0,3000,-13000,-10000
2009/07/20,0,209000,0,209000
2009/07/21,0,29000,-351000,-322000
2009/07/22,0,25000,-50000,-25000
2009/07/23,0,4000,-27000,-23000
2009/07/24,0,1000,-77000,-76000
2009/07/27,0,10000,-8000,2000
2009/07/28,0,22000,-1000,21000
2009/07/29,0,5000,-37000,-32000
2009/07/30,0,15000,-2000,13000
2009/07/31,0,70000,-4000,66000
2009/08/03,0,9000,-69000,-60000
2009/08/04,0,39000,-28000,11000
2009/08/05,0,4000,-74000,-70000
2009/08/06,0,5000,-8000,-3000
2009/08/07,0,0,0,0
2009/08/10,0,1000,-18000,-17000
2009/08/11,0,98000,-1000,97000
2009/08/12,0,0,-3000,-3000
2009/08/13,0,12000,-2000,10000
2009/08/14,0,46000,-1000,45000
2009/08/17,0,10000,-55000,-45000
2009/08/18,0,3000,-9000,-6000
2009/08/19,0,0,0,0
2009/08/20,0,2000,-6000,-4000
2009/08/21,0,5000,-8000,-3000
2009/08/24,0,286000,-88000,198000
2009/08/25,0,32000,-16000,16000
2009/08/26,0,25000,-13000,12000
2009/08/27,0,63000,-7000,56000
2009/08/28,0,238000,-114000,124000
2009/08/31,0,113000,-265000,-152000
2009/09/01,0,115000,-91000,24000
2009/09/02,0,3000,-158000,-155000
2009/09/03,0,15000,-58000,-43000
2009/09/04,0,50000,-48000,2000
2009/09/07,0,2000,-69000,-67000
2009/09/08,0,32000,-6000,26000
2009/09/09,0,3000,-1000,2000
2009/09/10,0,42000,-32000,10000
2009/09/11,0,39000,-133000,-94000
2009/09/14,0,8000,-10000,-2000
2009/09/15,0,26000,-21000,5000
2009/09/16,0,28000,-68000,-40000
2009/09/17,0,0,-6000,-6000
2009/09/18,0,19000,-11000,8000
2009/09/21,0,0,-39000,-39000
2009/09/22,0,55000,-152000,-97000
2009/09/23,0,62000,-433000,-371000
2009/09/24,0,11000,-20000,-9000
2009/09/25,0,22000,-543000,-521000
2009/09/28,0,37000,-1000,36000
2009/09/29,0,47000,-18000,29000
2009/09/30,0,7000,-63000,-56000
2009/10/01,0,0,-75000,-75000
2009/10/02,0,4000,-68000,-64000
2009/10/05,0,36000,-103000,-67000
2009/10/06,0,17000,-116000,-99000
2009/10/07,0,34000,-60000,-26000
2009/10/08,0,45000,-156000,-111000
2009/10/09,0,31000,-24000,7000
2009/10/12,0,24000,-35000,-11000
2009/10/13,0,26000,-78900,-52900
2009/10/14,0,11000,-10700,300
2009/10/15,0,124000,-80000,44000
2009/10/16,0,105000,-117000,-12000
2009/10/19,0,71000,-66000,5000
2009/10/20,0,169000,-41000,128000
2009/10/21,0,4000,-56000,-52000
2009/10/22,0,2000,-70000,-68000
2009/10/23,0,4000,-12000,-8000
2009/10/26,0,241000,-35000,206000
2009/10/27,0,58000,-68000,-10000
2009/10/28,0,8000,-79000,-71000
2009/10/29,0,70000,-18000,52000
2009/10/30,0,2000,-14000,-12000
2009/11/02,0,8000,-32000,-24000
2009/11/03,0,4000,-1000,3000
2009/11/04,0,7000,-6000,1000
2009/11/05,0,6000,0,6000
2009/11/06,0,14000,-29000,-15000
2009/11/09,0,49000,0,49000
2009/11/10,0,0,-2000,-2000
2009/11/11,0,23000,0,23000
2009/11/12,0,15000,0,15000
2009/11/13,0,34000,-103000,-69000
2009/11/16,0,15000,0,15000
2009/11/17,0,8000,0,8000
2009/11/18,0,14000,-10000,4000
2009/11/19,0,2000,-1000,1000
2009/11/20,0,12000,0,12000
2009/11/23,0,3000,-2000,1000
2009/11/24,0,6000,0,6000
2009/11/25,0,11000,-5000,6000
2009/11/26,0,42000,0,42000
2009/11/27,0,2000,-266000,-264000
2009/11/30,0,13000,-1000,12000
2009/12/01,0,5000,-29000,-24000
2009/12/02,0,5000,-8000,-3000
2009/12/03,0,2000,-6000,-4000
2009/12/04,0,7000,-23000,-16000
2009/12/07,0,0,-32000,-32000
2009/12/08,0,5000,-12000,-7000
2009/12/09,0,16000,-5000,11000
2009/12/10,0,9000,-49000,-40000
2009/12/11,0,3000,-18000,-15000
2009/12/14,0,7000,-5000,2000
2009/12/15,0,6000,-14000,-8000
2009/12/16,0,5000,-21000,-16000
2009/12/17,0,5000,0,5000
2009/12/18,0,8000,0,8000
2009/12/21,0,8000,-8000,0
2009/12/22,0,13000,-9000,4000
2009/12/23,0,9000,-18000,-9000
2009/12/24,0,2000,0,2000
2009/12/25,0,6000,-2000,4000
2009/12/28,0,38000,-16000,22000
2009/12/29,0,26000,-95000,-69000
2009/12/30,0,13000,-1000,12000
2009/12/31,0,53000,-1000,52000
2010/01/01,0,0,0,0
2010/01/04,0,13000,-8000,5000
2010/01/05,0,21000,0,21000
2010/01/06,0,11000,-15000,-4000
2010/01/07,0,153000,-11000,142000
2010/01/08,0,113000,0,113000
2010/01/11,0,10000,-270200,-260200
2010/01/12,0,29000,-100000,-71000
2010/01/13,0,3000,-17000,-14000
2010/01/14,0,26000,-25000,1000
2010/01/15,0,0,0,0
2010/01/18,0,11000,-88500,-77500
2010/01/19,0,4000,-110000,-106000
2010/01/20,0,0,-1000,-1000
2010/01/21,0,4000,0,4000
2010/01/22,0,2000,-20000,-18000
2010/01/25,0,0,-24000,-24000
2010/01/26,0,0,-49000,-49000
2010/01/27,0,6000,-13000,-7000
2010/01/28,0,1000,-4000,-3000
2010/01/29,0,0,-8000,-8000
2010/02/01,0,0,-5000,-5000
2010/02/02,0,3000,-5000,-2000
2010/02/03,0,0,0,0
2010/02/04,0,0,0,0
2010/02/05,0,0,-21000,-21000
2010/02/08,0,2000,-10000,-8000
2010/02/09,0,0,-1000,-1000
2010/02/10,0,0,0,0
2010/02/11,0,0,0,0
2010/02/12,0,0,0,0
2010/02/15,0,0,0,0
2010/02/16,0,0,0,0
2010/02/17,0,0,0,0
2010/02/18,0,0,0,0
2010/02/19,0,0,0,0
2010/02/22,0,60000,0,60000
2010/02/23,0,10000,-1000,9000
2010/02/24,0,0,-1000,-1000
2010/02/25,0,0,-15000,-15000
2010/02/26,0,0,-26000,-26000
2010/03/01,0,12000,-3000,9000
2010/03/02,0,10000,-1000,9000
2010/03/03,0,0,-50000,-50000
2010/03/04,0,0,0,0
2010/03/05,0,0,0,0
2010/03/08,0,14000,0,14000
2010/03/09,0,13000,0,13000
2010/03/10,0,0,-15000,-15000
2010/03/11,0,0,0,0
2010/03/12,0,0,0,0
2010/03/15,0,2000,-2001,-1
2010/03/16,0,0,0,0
2010/03/17,0,2000,-2000,0
2010/03/18,0,0,-1000,-1000
2010/03/19,0,0,0,0
2010/03/22,0,0,0,0
2010/03/23,0,2000,0,2000
2010/03/24,0,1000,0,1000
2010/03/25,0,3000,0,3000
2010/03/26,0,2000,0,2000
2010/03/29,0,1000,0,1000
2010/03/30,0,0,0,0
2010/03/31,0,4000,0,4000
2010/04/01,0,2000,0,2000
2010/04/02,0,3000,0,3000
2010/04/05,0,0,0,0
2010/04/06,0,0,-10000,-10000
2010/04/07,0,3000,0,3000
2010/04/08,0,5000,0,5000
2010/04/09,0,0,0,0
2010/04/12,0,4000,-3000,1000
2010/04/13,0,3000,0,3000
2010/04/14,0,0,0,0
2010/04/15,0,0,0,0
2010/04/16,0,2000,0,2000
2010/04/19,0,0,-10000,-10000
2010/04/20,0,8000,-1000,7000
2010/04/21,0,4000,-3000,1000
2010/04/22,0,13000,-1000,12000
2010/04/23,0,0,-11000,-11000
2010/04/26,0,2000,-15000,-13000
2010/04/27,0,1000,0,1000
2010/04/28,0,0,0,0
2010/04/29,0,0,0,0
2010/04/30,0,1000,-5000,-4000
2010/05/03,0,0,-2000,-2000
2010/05/04,0,0,0,0
2010/05/05,0,0,-3000,-3000
2010/05/06,0,0,-4000,-4000
2010/05/07,0,3000,-3000,0
2010/05/10,0,1000,-1000,0
2010/05/11,0,180000,-3000,177000
2010/05/12,0,30000,0,30000
2010/05/13,0,25000,0,25000
2010/05/14,0,0,0,0
2010/05/17,0,0,-2000,-2000
2010/05/18,0,0,0,0
2010/05/19,0,1000,-88000,-87000
2010/05/20,0,0,-101000,-101000
2010/05/21,0,2000,0,2000
2010/05/24,0,2000,0,2000
2010/05/25,0,1000,-12000,-11000
2010/05/26,0,0,0,0
2010/05/27,0,0,0,0
2010/05/28,0,0,-1000,-1000
2010/05/31,0,0,-2000,-2000
2010/06/01,0,25000,0,25000
2010/06/02,0,0,0,0
2010/06/03,0,0,0,0
2010/06/04,0,0,-1000,-1000
2010/06/07,0,0,0,0
2010/06/08,0,1000,-41000,-40000
2010/06/09,0,0,0,0
2010/06/10,0,0,0,0
2010/06/11,0,0,0,0
2010/06/14,0,0,-20000,-20000
2010/06/15,0,0,0,0
2010/06/16,0,0,0,0
2010/06/17,0,0,0,0
2010/06/18,0,0,-3000,-3000
2010/06/21,0,26000,0,26000
2010/06/22,0,0,0,0
2010/06/23,0,0,0,0
2010/06/24,0,1000,0,1000
2010/06/25,0,1000,0,1000
2010/06/28,0,0,0,0
2010/06/29,0,1000,0,1000
2010/06/30,0,0,0,0
2010/07/01,0,1000,0,1000
2010/07/02,0,0,0,0
2010/07/05,0,0,-25000,-25000
2010/07/06,0,0,0,0
2010/07/07,0,0,0,0
2010/07/08,0,1000,0,1000
2010/07/09,0,0,0,0
2010/07/12,0,0,0,0
2010/07/13,0,0,-2000,-2000
2010/07/14,0,27000,0,27000
2010/07/15,0,0,0,0
2010/07/16,0,47000,0,47000
2010/07/19,0,0,-1000,-1000
2010/07/20,0,2000,-10000,-8000
2010/07/21,0,8000,-38000,-30000
2010/07/22,0,2000,0,2000
2010/07/23,0,18000,0,18000
2010/07/26,0,4000,-21000,-17000
2010/07/27,0,0,0,0
2010/07/28,0,2000,0,2000
2010/07/29,0,365000,-8000,357000
2010/07/30,0,28000,-58000,-30000
2010/08/02,0,106000,-78000,28000
2010/08/03,0,60000,-195000,-135000
2010/08/04,0,110000,-18000,92000
2010/08/05,0,482000,-32000,450000
2010/08/06,0,113000,-2000,111000
2010/08/09,0,135000,-12000,123000
2010/08/10,0,183000,-20000,163000
2010/08/11,0,334000,-33000,301000
2010/08/12,0,39000,-174000,-135000
2010/08/13,0,101000,-179000,-78000
2010/08/16,0,10000,-544000,-534000
2010/08/17,0,16000,-7000,9000
2010/08/18,0,14000,-91000,-77000
2010/08/19,0,442000,-10000,432000
2010/08/20,0,13000,-7000,6000
2010/08/23,0,6000,-16000,-10000
2010/08/24,0,177000,-19000,158000
2010/08/25,0,10000,-30000,-20000
2010/08/26,0,0,-11000,-11000
2010/08/27,0,2000,-6000,-4000
2010/08/30,0,20000,-17000,3000
2010/08/31,0,6000,-159000,-153000
2010/09/01,0,127000,-22000,105000
2010/09/02,0,197080,-17000,180080
2010/09/03,0,13000,-46000,-33000
2010/09/06,0,12000,-103000,-91000
2010/09/07,0,31000,-59000,-28000
2010/09/08,0,36000,-34000,2000
2010/09/09,0,20000,-188000,-168000
2010/09/10,0,106000,-18000,88000
2010/09/13,0,41000,-2000,39000
2010/09/14,0,0,-54000,-54000
2010/09/15,0,4000,-4000,0
2010/09/16,0,14000,-6000,8000
2010/09/17,0,2000,-1000,1000
2010/09/20,0,11000,-6000,5000
2010/09/21,0,207000,-8000,199000
2010/09/22,0,0,0,0
2010/09/23,0,1000,-16000,-15000
2010/09/24,0,2000,-22000,-20000
2010/09/27,0,0,-32000,-32000
2010/09/28,0,0,-10000,-10000
2010/09/29,0,12000,0,12000
2010/09/30,0,10000,-1000,9000
2010/10/01,0,0,-16000,-16000
2010/10/04,0,9000,-6000,3000
2010/10/05,0,0,-58000,-58000
2010/10/06,0,83000,-50000,33000
2010/10/07,0,7000,-150000,-143000
2010/10/08,0,16000,-50000,-34000
2010/10/11,0,0,-50000,-50000
2010/10/12,0,1000,-243000,-242000
2010/10/13,0,10000,-72000,-62000
2010/10/14,0,23000,-55000,-32000
2010/10/15,0,0,-364000,-364000
2010/10/18,0,11000,-56000,-45000
2010/10/19,0,24000,-9000,15000
2010/10/20,0,93000,-2000,91000
2010/10/21,0,6000,-103000,-97000
2010/10/22,0,25000,-1000,24000
2010/10/25,0,82000,-7000,75000
2010/10/26,0,3000,-34000,-31000
2010/10/27,0,25000,-25000,0
2010/10/28,0,6000,0,6000
2010/10/29,0,33000,-62000,-29000
2010/11/01,0,57000,-13000,44000
2010/11/02,0,3000,-83000,-80000
2010/11/03,0,33000,-36000,-3000
2010/11/04,0,22000,-26000,-4000
2010/11/05,0,1000,-5000,-4000
2010/11/08,0,24000,0,24000
2010/11/09,0,0,0,0
2010/11/10,0,0,-149000,-149000
2010/11/11,0,30000,-3000,27000
2010/11/12,0,1000,-56000,-55000
2010/11/15,0,0,-14000,-14000
2010/11/16,0,10000,0,10000
2010/11/17,0,0,-1000,-1000
2010/11/18,0,0,0,0
2010/11/19,0,0,-1000,-1000
2010/11/22,0,10000,0,10000
2010/11/23,0,0,0,0
2010/11/24,0,4000,0,4000
2010/11/25,0,2000,0,2000
2010/11/26,0,0,-1000,-1000
2010/11/29,0,6000,0,6000
2010/11/30,0,0,-2000,-2000
2010/12/01,0,2000,0,2000
2010/12/02,0,2000,0,2000
2010/12/03,0,17000,-2000,15000
2010/12/06,0,42000,-10000,32000
2010/12/07,0,0,-9000,-9000
2010/12/08,0,3000,-24000,-21000
2010/12/09,0,38000,0,38000
2010/12/10,0,2000,0,2000
2010/12/13,0,8000,-14000,-6000
2010/12/14,0,9000,-21000,-12000
2010/12/15,0,14000,0,14000
2010/12/16,0,1000,-34000,-33000
2010/12/17,0,39000,-14000,25000
2010/12/20,0,22000,-15000,7000
2010/12/21,0,11000,-4000,7000
2010/12/22,0,14000,-14000,0
2010/12/23,0,2000,-1000,1000
2010/12/24,0,6000,-27000,-21000
2010/12/27,0,17000,-3000,14000
2010/12/28,0,1000,-5000,-4000
2010/12/29,0,2000,-2000,0
2010/12/30,0,2000,-1000,1000
2010/12/31,0,3000,0,3000
2011/01/03,0,0,-5000,-5000
2011/01/04,0,0,-17000,-17000
2011/01/05,0,1000,-13000,-12000
2011/01/06,0,1000,-65000,-64000
2011/01/07,0,2035,-11000,-8965
2011/01/10,0,4000,-1000,3000
2011/01/11,0,15000,-12000,3000
2011/01/12,0,7010,0,7010
2011/01/13,0,28000,-12000,16000
2011/01/14,0,9000,-1000,8000
2011/01/17,0,6000,-34000,-28000
2011/01/18,0,0,0,0
2011/01/19,0,21000,-1000,20000
2011/01/20,0,1000,0,1000
2011/01/21,0,0,-2000,-2000
2011/01/24,0,6000,0,6000
2011/01/25,0,0,-4000,-4000
2011/01/26,0,2000,-6000,-4000
2011/01/27,0,4000,0,4000
2011/01/28,0,0,-3000,-3000
2011/01/31,0,0,0,0
2011/02/01,0,0,0,0
2011/02/02,0,0,0,0
2011/02/03,0,0,0,0
2011/02/04,0,0,0,0
2011/02/07,0,0,0,0
2011/02/08,0,0,-11000,-11000
2011/02/09,0,0,-6000,-6000
2011/02/10,0,0,-4000,-4000
2011/02/11,0,1000,0,1000
2011/02/14,0,0,-7000,-7000
2011/02/15,0,0,-3000,-3000
2011/02/16,0,0,0,0
2011/02/17,0,1000,0,1000
2011/02/18,0,3000,0,3000
2011/02/21,0,0,-10000,-10000
2011/02/22,0,4000,0,4000
2011/02/23,0,3000,-4000,-1000
2011/02/24,0,0,-5000,-5000
2011/02/25,0,1000,-7000,-6000
2011/02/28,0,0,0,0
2011/03/01,0,1000,0,1000
2011/03/02,0,0,-1000,-1000
2011/03/03,0,5000,0,5000
2011/03/04,0,0,-4000,-4000
2011/03/07,0,15000,-8000,7000
2011/03/08,0,1000,-4000,-3000
2011/03/09,0,5000,0,5000
2011/03/10,0,2000,-12000,-10000
2011/03/11,0,2000,-8000,-6000
2011/03/14,0,3000,-9000,-6000
2011/03/15,0,25000,-1000,24000
2011/03/16,0,230000,0,230000
2011/03/17,0,73000,-71000,2000
2011/03/18,0,139000,-38000,101000
2011/03/21,0,25000,-76000,-51000
2011/03/22,0,12000,-36000,-24000
2011/03/23,0,10000,-16000,-6000
2011/03/24,0,9000,-16000,-7000
2011/03/25,0,3000,-24000,-21000
2011/03/28,0,2000,-29000,-27000
2011/03/29,0,17000,0,17000
2011/03/30,0,24000,-18000,6000
2011/03/31,0,96000,-11000,85000
2011/04/01,0,131000,-43000,88000
2011/04/04,0,0,0,0
2011/04/05,0,0,0,0
2011/04/06,0,71000,0,71000
2011/04/07,0,59000,-23000,36000
2011/04/08,0,148000,-35000,113000
2011/04/11,0,43000,-42000,1000
2011/04/12,0,7000,-30000,-23000
2011/04/13,0,57000,-18000,39000
2011/04/14,0,71000,-7000,64000
2011/04/15,0,29000,-14000,15000
2011/04/18,0,14000,-14000,0
2011/04/19,0,108000,-23000,85000
2011/04/20,0,134000,-4000,130000
2011/04/21,0,313000,0,313000
2011/04/22,0,120000,-6000,114000
2011/04/25,0,148000,-1000,147000
2011/04/26,0,55000,-7000,48000
2011/04/27,0,95000,-15000,80000
2011/04/28,0,27000,-6000,21000
2011/04/29,0,67000,-1000,66000
2011/05/02,0,0,0,0
2011/05/03,0,137000,-46000,91000
2011/05/04,0,384000,-471000,-87000
2011/05/05,0,161000,-166000,-5000
2011/05/06,0,301000,-162000,139000
2011/05/09,0,320000,-126000,194000
2011/05/10,0,455000,-35000,420000
2011/05/11,0,711000,-569000,142000
2011/05/12,0,170000,-428000,-258000
2011/05/13,0,295000,-123000,172000
2011/05/16,0,265000,-40000,225000
2011/05/17,0,298000,-88000,210000
2011/05/18,0,314000,-73000,241000
2011/05/19,0,869000,-183000,686000
2011/05/20,0,307000,-120000,187000
2011/05/23,0,109000,-30000,79000
2011/05/24,0,249000,-128000,121000
2011/05/25,0,361000,-9000,352000
2011/05/26,0,231000,-81000,150000
2011/05/27,0,159000,-110000,49000
2011/05/30,0,69000,-287000,-218000
2011/05/31,0,85000,-373000,-288000
2011/06/01,0,119000,-10000,109000
2011/06/02,0,10000,-26000,-16000
2011/06/03,0,0,-20000,-20000
2011/06/06,0,0,0,0
2011/06/07,0,14000,-29000,-15000
2011/06/08,0,259000,-202000,57000
2011/06/09,0,1000,-17000,-16000
2011/06/10,0,101000,-68000,33000
2011/06/13,0,69000,-191000,-122000
2011/06/14,0,822000,-233000,589000
2011/06/15,0,154000,-228000,-74000
2011/06/16,0,122000,-3000,119000
2011/06/17,0,0,-128000,-128000
2011/06/20,0,291000,-70000,221000
2011/06/21,0,68000,-74000,-6000
2011/06/22,0,158000,-257000,-99000
2011/06/23,0,57000,-10000,47000
2011/06/24,0,51000,-196000,-145000
2011/06/27,0,54000,-79000,-25000
2011/06/28,0,192000,-42000,150000
2011/06/29,0,11000,-195000,-184000
2011/06/30,0,84000,-600000,-516000
2011/07/01,0,135000,-280000,-145000
2011/07/04,0,10000,-308900,-298900
2011/07/05,0,20000,-213000,-193000
2011/07/06,0,2000,-83045,-81045
2011/07/07,0,0,-193000,-193000
2011/07/08,0,4000,-171000,-167000
2011/07/11,0,27000,-65000,-38000
2011/07/12,0,375000,-309000,66000
2011/07/13,0,197000,-377000,-180000
2011/07/14,0,199000,-564000,-365000
2011/07/15,0,106000,-187000,-81000
2011/07/18,0,105000,-145000,-40000
2011/07/19,0,79000,-13000,66000
2011/07/20,0,101000,-23000,78000
2011/07/21,0,27000,-3000,24000
2011/07/22,0,66400,-726000,-659600
2011/07/25,0,67000,-369200,-302200
2011/07/26,0,28000,-66200,-38200
2011/07/27,0,10000,-38000,-28000
2011/07/28,0,26000,-18000,8000
2011/07/29,0,140000,-568000,-428000
2011/08/01,0,80000,-169000,-89000
2011/08/02,0,85000,-50000,35000
2011/08/03,0,27000,-161000,-134000
2011/08/04,0,321000,-22000,299000
2011/08/05,0,511000,-377000,134000
2011/08/08,0,330000,-492000,-162000
2011/08/09,0,1048000,-110000,938000
2011/08/10,0,423000,-872000,-449000
2011/08/11,0,132000,-463000,-331000
2011/08/12,0,40000,-50000,-10000
2011/08/15,0,33000,-264050,-231050
2011/08/16,0,214000,-137000,77000
2011/08/17,0,33000,-20000,13000
2011/08/18,0,77000,-130000,-53000
2011/08/19,0,171000,-408000,-237000
2011/08/22,0,26000,-68000,-42000
2011/08/23,0,29000,-2000,27000
2011/08/24,0,29000,-29000,0
2011/08/25,0,20000,-96000,-76000
2011/08/26,0,199000,-47700,151300
2011/08/29,0,366000,-169300,196700
2011/08/30,0,80000,-153000,-73000
2011/08/31,0,95000,-50000,45000
2011/09/01,0,107000,-116000,-9000
2011/09/02,0,31000,-250000,-219000
2011/09/05,0,43000,-11000,32000
2011/09/06,0,105000,-47000,58000
2011/09/07,0,66000,-201000,-135000
2011/09/08,0,204000,-91000,113000
2011/09/09,0,105000,-62000,43000
2011/09/12,0,0,0,0
2011/09/13,0,47000,-48000,-1000
2011/09/14,0,48000,-65000,-17000
2011/09/15,0,11000,-20000,-9000
2011/09/16,0,28000,-30000,-2000
2011/09/19,0,61000,-3000,58000
2011/09/20,0,25000,-50000,-25000
2011/09/21,0,33000,-27000,6000
2011/09/22,0,22000,-18000,4000
2011/09/23,0,10000,-276000,-266000
2011/09/26,0,6000,-95000,-89000
2011/09/27,0,19000,-1000,18000
2011/09/28,0,27000,-103000,-76000
2011/09/29,0,1000,-25000,-24000
2011/09/30,0,5000,-85000,-80000
2011/10/03,0,41000,-1000,40000
2011/10/04,0,2000,-291000,-289000
2011/10/05,0,8000,-7000,1000
2011/10/06,0,31000,-29000,2000
2011/10/07,0,11000,-21000,-10000
2011/10/10,0,0,0,0
2011/10/11,0,19000,0,19000
2011/10/12,0,13000,-27000,-14000
2011/10/13,0,20000,-13000,7000
2011/10/14,0,38000,-8000,30000
2011/10/17,0,16000,-13000,3000
2011/10/18,0,10002,-134,9868
2011/10/19,0,10000,-5000,5000
2011/10/20,0,23000,-17000,6000
2011/10/21,0,67000,0,67000
2011/10/24,0,67000,-5000,62000
2011/10/25,0,133000,-71000,62000
2011/10/26,0,28000,0,28000
2011/10/27,0,16000,-78000,-62000
2011/10/28,0,41000,-43000,-2000
2011/10/31,0,22000,-37000,-15000
2011/11/01,0,21000,-1000,20000
2011/11/02,0,15000,-18000,-3000
2011/11/03,0,13000,-16000,-3000
2011/11/04,0,18000,-20000,-2000
2011/11/07,0,0,0,0
2011/11/08,0,20000,-12000,8000
2011/11/09,0,44000,-35000,9000
2011/11/10,0,129000,-74000,55000
2011/11/11,0,0,-52000,-52000
2011/11/14,0,134000,0,134000
2011/11/15,0,54000,-155000,-101000
2011/11/16,0,8000,-12000,-4000
2011/11/17,0,4000,-28000,-24000
2011/11/18,0,1000,-15000,-14000
2011/11/21,0,0,-53000,-53000
2011/11/22,0,28000,-15000,13000
2011/11/23,0,1000,-30000,-29000
2011/11/24,0,13000,0,13000
2011/11/25,0,0,-53000,-53000
2011/11/28,0,15000,-10000,5000
2011/11/29,0,0,-4000,-4000
2011/11/30,0,0,-5000,-5000
2011/12/01,0,28000,-70000,-42000
2011/12/02,0,23000,0,23000
2011/12/05,0,2000,-9000,-7000
2011/12/06,0,13000,-41000,-28000
2011/12/07,0,9000,-14000,-5000
2011/12/08,0,0,-5000,-5000
2011/12/09,0,0,-6000,-6000
2011/12/12,0,1000,-20000,-19000
2011/12/13,0,0,-42000,-42000
2011/12/14,0,7000,0,7000
2011/12/15,0,0,-7000,-7000
2011/12/16,0,1000,0,1000
2011/12/19,0,4000,-12000,-8000
2011/12/20,0,0,-5000,-5000
2011/12/21,0,7000,0,7000
2011/12/22,0,5000,-9000,-4000
2011/12/23,0,0,-2000,-2000
2011/12/26,0,0,-21000,-21000
2011/12/27,0,15000,-28000,-13000
2011/12/28,0,3000,0,3000
2011/12/29,0,203000,-1000,202000
2011/12/30,0,153000,0,153000
2012/01/02,0,26000,0,26000
2012/01/03,0,12000,0,12000
2012/01/04,0,5000,-11000,-6000
2012/01/05,0,3000,-16000,-13000
2012/01/06,0,0,-71000,-71000
2012/01/09,0,0,-3000,-3000
2012/01/10,0,8000,-9000,-1000
2012/01/11,0,0,-1000,-1000
2012/01/12,0,1000,0,1000
2012/01/13,0,7000,-1000,6000
2012/01/16,0,10000,-4000,6000
2012/01/17,0,139000,-4000,135000
2012/01/18,0,12000,-111000,-99000
2012/01/19,0,0,0,0
2012/01/20,0,0,0,0
2012/01/23,0,0,0,0
2012/01/24,0,0,0,0
2012/01/25,0,0,0,0
2012/01/26,0,0,0,0
2012/01/27,0,0,0,0
2012/01/30,0,19000,-372000,-353000
2012/01/31,0,14000,-39000,-25000
2012/02/01,0,215000,-7000,208000
2012/02/02,0,114000,-11000,103000
2012/02/03,0,15000,-10000,5000
2012/02/06,0,3000,-5000,-2000
2012/02/07,0,19000,-20000,-1000
2012/02/08,0,13000,-16000,-3000
2012/02/09,0,11000,-23000,-12000
2012/02/10,0,6000,-15000,-9000
2012/02/13,0,110000,-13000,97000
2012/02/14,0,38000,-7000,31000
2012/02/15,0,78000,-150000,-72000
2012/02/16,0,29000,-553000,-524000
2012/02/17,0,220000,-17000,203000
2012/02/20,0,65000,-2000,63000
2012/02/21,0,138000,-30000,108000
2012/02/22,0,40000,-58000,-18000
2012/02/23,0,15000,-41000,-26000
2012/02/24,0,127000,-257000,-130000
2012/02/27,0,0,0,0
2012/02/28,0,0,0,0
2012/02/29,0,32000,-64000,-32000
2012/03/01,0,42000,-24000,18000
2012/03/02,0,443000,-98000,345000
2012/03/05,0,111000,-79000,32000
2012/03/06,0,151000,-44000,107000
2012/03/07,0,144000,-154000,-10000
2012/03/08,0,254000,-34000,220000
2012/03/09,0,200000,-503000,-303000
2012/03/12,0,18000,-84000,-66000
2012/03/13,0,100000,-41000,59000
2012/03/14,0,183000,-72000,111000
2012/03/15,0,40000,-82000,-42000
2012/03/16,0,11000,-59000,-48000
2012/03/19,0,26000,-49000,-23000
2012/03/20,0,6000,-89000,-83000
2012/03/21,0,65000,-74000,-9000
2012/03/22,0,47000,-77000,-30000
2012/03/23,0,27000,-267000,-240000
2012/03/26,0,35000,-57000,-22000
2012/03/27,0,19000,-28000,-9000
2012/03/28,0,38000,-23000,15000
2012/03/29,0,25000,-57992,-32992
2012/03/30,0,53000,-20000,33000
2012/04/02,0,358000,-68000,290000
2012/04/03,0,48000,-311000,-263000
2012/04/04,0,0,0,0
2012/04/05,0,47000,-164000,-117000
2012/04/06,0,54000,-66000,-12000
2012/04/09,0,39000,-48000,-9000
2012/04/10,0,83000,-38000,45000
2012/04/11,0,21000,-140000,-119000
2012/04/12,0,38000,-50000,-12000
2012/04/13,0,221000,-57000,164000
2012/04/16,0,28000,-29000,-1000
2012/04/17,0,50000,-37000,13000
2012/04/18,0,44000,-88000,-44000
2012/04/19,0,21000,-53000,-32000
2012/04/20,0,30000,-52000,-22000
2012/04/23,0,67000,-60000,7000
2012/04/24,0,77000,-42000,35000
2012/04/25,0,84000,-37000,47000
2012/04/26,0,158000,-84000,74000
2012/04/27,0,95000,-58082,36918
2012/04/30,0,221000,-32000,189000
2012/05/01,0,0,0,0
2012/05/02,0,96000,-41000,55000
2012/05/03,0,84000,-36000,48000
2012/05/04,0,51000,-121000,-70000
2012/05/07,0,94000,-60000,34000
2012/05/08,0,19000,-41000,-22000
2012/05/09,0,28000,-40000,-12000
2012/05/10,0,54000,-25000,29000
2012/05/11,0,81000,-36500,44500
2012/05/14,0,144000,-95000,49000
2012/05/15,0,118000,-100500,17500
2012/05/16,0,58000,-131000,-73000
2012/05/17,0,23000,-47000,-24000
2012/05/18,0,64000,-41000,23000
2012/05/21,0,80000,-30000,50000
2012/05/22,0,48000,-38000,10000
2012/05/23,0,13000,-26000,-13000
2012/05/24,0,38000,-177000,-139000
2012/05/25,0,10000,-152000,-142000
2012/05/28,0,43000,-59000,-16000
2012/05/29,0,96000,-16000,80000
2012/05/30,0,25000,-75000,-50000
2012/05/31,0,69000,-30000,39000
2012/06/01,0,86000,-53000,33000
2012/06/04,0,70000,-63000,7000
2012/06/05,0,33000,-67000,-34000
2012/06/06,0,57000,-29000,28000
2012/06/07,0,24000,-54000,-30000
2012/06/08,0,25000,-20480,4520
2012/06/11,0,24000,-15000,9000
2012/06/12,0,96000,-12000,84000
2012/06/13,0,33000,-11000,22000
2012/06/14,0,16000,-41000,-25000
2012/06/15,0,36000,-6000,30000
2012/06/18,0,61000,-38000,23000
2012/06/19,0,6000,-16000,-10000
2012/06/20,0,69000,-17000,52000
2012/06/21,0,6000,-50000,-44000
2012/06/22,0,5000,-2000,3000
2012/06/25,0,6000,-6000,0
2012/06/26,0,2000,-35000,-33000
2012/06/27,0,19000,-21000,-2000
2012/06/28,0,9000,-32000,-23000
2012/06/29,0,10000,-55000,-45000
2012/07/02,0,4000,-7000,-3000
2012/07/03,0,268000,-70000,198000
2012/07/04,0,54000,-97000,-43000
2012/07/05,0,30000,-96000,-66000
2012/07/06,0,21000,-189000,-168000
2012/07/09,0,110000,-50000,60000
2012/07/10,0,35000,-71000,-36000
2012/07/11,0,47000,-35000,12000
2012/07/12,0,49000,-35000,14000
2012/07/13,0,116000,-63000,53000
2012/07/16,0,20000,-32000,-12000
2012/07/17,0,55000,-2000,53000
2012/07/18,0,200000,-40000,160000
2012/07/19,0,29000,-61000,-32000
2012/07/20,0,128000,-51000,77000
2012/07/23,0,161000,-61000,100000
2012/07/24,0,99000,-56000,43000
2012/07/25,0,149000,-93000,56000
2012/07/26,0,103000,-135000,-32000
2012/07/27,0,79000,-73000,6000
2012/07/30,0,83000,-31000,52000
2012/07/31,0,158000,-103000,55000
2012/08/01,0,47000,-93000,-46000
2012/08/02,0,0,0,0
2012/08/03,0,38000,-125000,-87000
2012/08/06,0,131000,-81000,50000
2012/08/07,0,67000,-220000,-153000
2012/08/08,0,55000,-196000,-141000
2012/08/09,0,424000,-119000,305000
2012/08/10,0,578000,-89000,489000
2012/08/13,0,804000,-223000,581000
2012/08/14,0,813000,-227000,586000
2012/08/15,0,206300,-1428000,-1221700
2012/08/16,0,4000,-424000,-420000
2012/08/17,0,11000,-147000,-136000
2012/08/20,0,17000,-479000,-462000
2012/08/21,0,88000,-111000,-23000
2012/08/22,0,24000,-130000,-106000
2012/08/23,0,79000,-94000,-15000
2012/08/24,0,68000,-42000,26000
2012/08/27,0,33000,-60950,-27950
2012/08/28,0,114000,-91000,23000
2012/08/29,0,110000,-145000,-35000
2012/08/30,0,61000,-61000,0
2012/08/31,0,95000,-3000,92000
2012/09/03,0,31000,-123000,-92000
2012/09/04,0,112000,-110000,2000
2012/09/05,0,109000,-103000,6000
2012/09/06,0,426000,-66000,360000
2012/09/07,0,536000,-197000,339000
2012/09/10,0,442000,-84000,358000
2012/09/11,0,11000,-108150,-97150
2012/09/12,0,88000,-100516,-12516
2012/09/13,0,339000,-68000,271000
2012/09/14,0,194000,-171000,23000
2012/09/17,0,68000,-81000,-13000
2012/09/18,0,123000,-62000,61000
2012/09/19,0,154000,-264000,-110000
2012/09/20,0,49000,-118000,-69000
2012/09/21,0,30000,-112000,-82000
2012/09/24,0,16000,-150000,-134000
2012/09/25,0,27000,-49000,-22000
2012/09/26,0,78000,-270000,-192000
2012/09/27,0,74000,-28300,45700
2012/09/28,0,17700,-143200,-125500
2012/10/01,0,45000,-5000,40000
2012/10/02,0,76000,-47700,28300
2012/10/03,0,187000,-62550,124450
2012/10/04,0,38000,-116250,-78250
2012/10/05,0,46000,-46000,0
2012/10/08,0,169000,-100000,69000
2012/10/09,0,93000,-578350,-485350
2012/10/10,0,0,0,0
2012/10/11,0,17000,-34000,-17000
2012/10/12,0,61000,-55000,6000
2012/10/15,0,80000,-64700,15300
2012/10/16,0,49500,-43000,6500
2012/10/17,0,54000,-190000,-136000
2012/10/18,0,55000,-93000,-38000
2012/10/19,0,50000,-129000,-79000
2012/10/22,0,52000,-100000,-48000
2012/10/23,0,53000,-91000,-38000
2012/10/24,0,49000,-141500,-92500
2012/10/25,0,41000,-64000,-23000
2012/10/26,0,124000,-146000,-22000
2012/10/29,0,73000,-89000,-16000
2012/10/30,0,145000,-125000,20000
2012/10/31,0,244000,-104400,139600
2012/11/01,0,87000,-116000,-29000
2012/11/02,0,111000,-149000,-38000
2012/11/05,0,106000,-132000,-26000
2012/11/06,0,39000,-148650,-109650
2012/11/07,0,56000,-51000,5000
2012/11/08,0,26000,-29000,-3000
2012/11/09,0,31000,-32000,-1000
2012/11/12,0,53000,-88000,-35000
2012/11/13,0,97000,-42000,55000
2012/11/14,0,104000,-39000,65000
2012/11/15,0,292000,-59000,233000
2012/11/16,0,40000,-71000,-31000
2012/11/19,0,85000,-45350,39650
2012/11/20,0,18000,-88000,-70000
2012/11/21,0,85000,-109000,-24000
2012/11/22,0,36000,-123000,-87000
2012/11/23,0,181000,-66000,115000
2012/11/26,0,317000,-36000,281000
2012/11/27,0,62000,-26000,36000
2012/11/28,0,75000,-65000,10000
2012/11/29,0,297400,-99000,198400
2012/11/30,0,51000,-434200,-383200
2012/12/03,0,82000,-86300,-4300
2012/12/04,0,81000,-42000,39000
2012/12/05,0,95000,-135250,-40250
2012/12/06,0,69000,-136000,-67000
2012/12/07,0,31124,-77000,-45876
2012/12/10,0,25000,-86000,-61000
2012/12/11,0,42000,-70000,-28000
2012/12/12,0,49000,-46000,3000
2012/12/13,0,35000,-25000,10000
2012/12/14,0,55000,-54000,1000
2012/12/17,0,20000,-68000,-48000
2012/12/18,0,17000,-51000,-34000
2012/12/19,0,27000,-9000,18000
2012/12/20,0,21000,-29000,-8000
2012/12/21,0,47000,-43000,4000
2012/12/24,0,313000,-177000,136000
2012/12/25,0,115000,-315000,-200000
2012/12/26,0,11000,-30000,-19000
2012/12/27,0,15000,-16000,-1000
2012/12/28,0,19000,-16250,2750
2012/12/31,0,0,0,0
2013/01/01,0,0,0,0
2013/01/02,0,34000,-13000,21000
2013/01/03,0,41000,-9000,32000
2013/01/04,0,62000,-60000,2000
2013/01/07,0,74000,-42000,32000
2013/01/08,0,186000,-116000,70000
2013/01/09,0,14000,-74000,-60000
2013/01/10,0,43000,-50000,-7000
2013/01/11,0,192000,-44000,148000
2013/01/14,0,61000,-119200,-58200
2013/01/15,0,23000,-100000,-77000
2013/01/16,0,21000,-21000,0
2013/01/17,0,64000,-90000,-26000
2013/01/18,0,117000,-27000,90000
2013/01/21,0,15000,-11000,4000
2013/01/22,0,134000,-38000,96000
2013/01/23,0,3000,-40000,-37000
2013/01/24,0,20000,-1000,19000
2013/01/25,0,41000,-20000,21000
2013/01/28,0,12000,-59000,-47000
2013/01/29,0,59000,-93000,-34000
2013/01/30,0,141000,-88000,53000
2013/01/31,0,101000,-77000,24000
2013/02/01,0,112000,-27000,85000
2013/02/04,0,88000,-106000,-18000
2013/02/05,0,26000,-43000,-17000
2013/02/06,0,26000,-172000,-146000
2013/02/07,0,0,0,0
2013/02/08,0,0,0,0
2013/02/11,0,0,0,0
2013/02/12,0,0,0,0
2013/02/13,0,0,0,0
2013/02/14,0,0,0,0
2013/02/15,0,0,0,0
2013/02/18,0,379000,-110000,269000
2013/02/19,0,126000,-299000,-173000
2013/02/20,0,163000,-73000,90000
2013/02/21,0,99000,-60000,39000
2013/02/22,0,37000,-72000,-35000
2013/02/25,0,36000,-327000,-291000
2013/02/26,0,51000,-31000,20000
2013/02/27,0,7000,-35000,-28000
2013/02/28,0,0,0,0
2013/03/01,0,157000,-187000,-30000
2013/03/04,0,138000,-122000,16000
2013/03/05,0,130000,-55000,75000
2013/03/06,0,160000,-53000,107000
2013/03/07,0,64000,-63000,1000
2013/03/08,0,20000,-178000,-158000
2013/03/11,0,18000,-55000,-37000
2013/03/12,0,18000,-25000,-7000
2013/03/13,0,1000,-9000,-8000
2013/03/14,0,9000,-80000,-71000
2013/03/15,0,212000,-199000,13000
2013/03/18,0,72000,-135000,-63000
2013/03/19,0,116000,-99000,17000
2013/03/20,0,35000,-147000,-112000
2013/03/21,0,82000,-76000,6000
2013/03/22,0,84000,-87000,-3000
2013/03/25,0,25000,-20000,5000
2013/03/26,0,71000,-62000,9000
2013/03/27,0,107000,-83000,24000
2013/03/28,0,17000,-153000,-136000
2013/03/29,0,120000,-25000,95000
2013/04/01,0,62000,-33000,29000
2013/04/02,0,39000,-53000,-14000
2013/04/03,0,100000,-35000,65000
2013/04/04,0,0,0,0
2013/04/05,0,0,0,0
2013/04/08,0,108000,-42000,66000
2013/04/09,0,40000,-27000,13000
2013/04/10,0,178000,-190000,-12000
2013/04/11,0,22000,-277000,-255000
2013/04/12,0,14000,-27000,-13000
2013/04/15,0,60000,-10000,50000
2013/04/16,0,65000,-15000,50000
2013/04/17,0,170000,-24000,146000
2013/04/18,0,71000,-82000,-11000
2013/04/19,0,51000,-3000,48000
2013/04/22,0,55000,-32000,23000
2013/04/23,0,43000,-19000,24000
2013/04/24,0,90000,-5000,85000
2013/04/25,0,203000,-93000,110000
2013/04/26,0,30000,-212000,-182000
2013/04/29,0,13000,-26000,-13000
2013/04/30,0,80000,-35000,45000
2013/05/01,0,0,0,0
2013/05/02,0,284000,-93000,191000
2013/05/03,0,56000,-138000,-82000
2013/05/06,0,56000,-125000,-69000
2013/05/07,0,83000,-218000,-135000
2013/05/08,0,28000,-241000,-213000
2013/05/09,0,50000,-25000,25000
2013/05/10,0,44000,-35000,9000
2013/05/13,0,52000,-15900,36100
2013/05/14,0,38000,-38000,0
2013/05/15,0,93000,-22000,71000
2013/05/16,0,32000,-26000,6000
2013/05/17,0,48000,-93000,-45000
2013/05/20,0,53000,-53000,0
2013/05/21,0,57000,-14000,43000
2013/05/22,0,121000,-19000,102000
2013/05/23,0,27000,-140000,-113000
2013/05/24,0,25000,-77000,-52000
2013/05/27,0,34000,-91000,-57000
2013/05/28,0,16000,-13000,3000
2013/05/29,0,24000,-33000,-9000
2013/05/30,0,1000,-47000,-46000
2013/05/31,0,76000,-30000,46000
2013/06/03,0,36000,-61000,-25000
2013/06/04,0,125000,-37000,88000
2013/06/05,0,8000,-10000,-2000
2013/06/06,0,45000,-9000,36000
2013/06/07,0,30000,-91000,-61000
2013/06/10,0,43000,-22000,21000
2013/06/11,0,50000,-50000,0
2013/06/12,0,0,0,0
2013/06/13,0,8000,-45000,-37000
2013/06/14,0,140000,-17000,123000
2013/06/17,0,66000,-15000,51000
2013/06/18,0,152000,-83000,69000
2013/06/19,0,125000,-61000,64000
2013/06/20,0,150427,-356000,-205573
2013/06/21,0,569000,-307000,262000
2013/06/24,0,32000,-297000,-265000
2013/06/25,0,182000,-130000,52000
2013/06/26,0,269000,-162000,107000
2013/06/27,0,88000,-276000,-188000
2013/06/28,0,89000,-141000,-52000
2013/07/01,0,71000,-136000,-65000
2013/07/02,0,42000,-118000,-76000
2013/07/03,0,20000,-132000,-112000
2013/07/04,0,44000,-34000,10000
2013/07/05,0,104000,-58000,46000
2013/07/08,0,90000,-59000,31000
2013/07/09,0,16000,-18000,-2000
2013/07/10,0,68000,-110000,-42000
2013/07/11,0,237000,-90000,147000
2013/07/12,0,76000,-155000,-79000
2013/07/15,0,86000,-63000,23000
2013/07/16,0,88000,-52000,36000
2013/07/17,0,110000,-53000,57000
2013/07/18,0,23000,-97000,-74000
2013/07/19,0,40000,-63000,-23000
2013/07/22,0,109000,-54000,55000
2013/07/23,0,52000,-53000,-1000
2013/07/24,0,24000,-13000,11000
2013/07/25,0,25000,-68000,-43000
2013/07/26,0,39000,-73000,-34000
2013/07/29,0,76000,-89000,-13000
2013/07/30,0,60000,-87000,-27000
2013/07/31,0,28000,-114000,-86000
2013/08/01,0,22000,-5000,17000
2013/08/02,0,157000,-32000,125000
2013/08/05,0,132000,-10000,122000
2013/08/06,0,27000,-98000,-71000
2013/08/07,0,22000,-42000,-20000
2013/08/08,0,102000,-49000,53000
2013/08/09,0,19000,-88000,-69000
2013/08/12,0,59000,-39000,20000
2013/08/13,0,37000,-58000,-21000
2013/08/14,0,18000,-92000,-74000
2013/08/15,0,81000,-70000,11000
2013/08/16,0,156000,-26000,130000
2013/08/19,0,8000,-58000,-50000
2013/08/20,0,57000,-47000,10000
2013/08/21,0,0,0,0
2013/08/22,0,175000,-102000,73000
2013/08/23,0,52000,-108000,-56000
2013/08/26,0,75000,-3000,72000
2013/08/27,0,48000,-232000,-184000
2013/08/28,0,194000,-149000,45000
2013/08/29,0,257000,-102000,155000
2013/08/30,0,21000,-206000,-185000
2013/09/02,0,82000,-21000,61000
2013/09/03,0,40000,-31000,9000
2013/09/04,0,36000,-21000,15000
2013/09/05,0,372000,-13000,359000
2013/09/06,0,62000,-258000,-196000
2013/09/09,0,46000,-67000,-21000
2013/09/10,0,2000,-43000,-41000
2013/09/11,0,52000,-174000,-122000
2013/09/12,0,28000,-92000,-64000
2013/09/13,0,11000,-20000,-9000
2013/09/16,0,39000,-16000,23000
2013/09/17,0,7000,-7000,0
2013/09/18,0,147000,-75000,72000
2013/09/19,0,0,0,0
2013/09/20,0,0,0,0
2013/09/23,0,118000,-32000,86000
2013/09/24,0,175000,-38000,137000
2013/09/25,0,11000,-149450,-138450
2013/09/26,0,36000,-159000,-123000
2013/09/27,0,60000,-30000,30000
2013/09/30,0,8000,-21000,-13000
2013/10/01,0,114000,-39000,75000
2013/10/02,0,164000,-99000,65000
2013/10/03,0,50000,-40000,10000
2013/10/04,0,175000,-45000,130000
2013/10/07,0,160000,-182000,-22000
2013/10/08,0,14000,-187000,-173000
2013/10/09,0,58000,-60000,-2000
2013/10/10,0,0,0,0
2013/10/11,0,48000,-24000,24000
2013/10/14,0,29000,-40000,-11000
2013/10/15,0,49000,-16000,33000
2013/10/16,0,138000,-41000,97000
2013/10/17,0,22000,-19000,3000
2013/10/18,0,19000,-21000,-2000
2013/10/21,0,6000,-12000,-6000
2013/10/22,0,133000,-39000,94000
2013/10/23,0,27000,-53000,-26000
2013/10/24,0,34000,-39000,-5000
2013/10/25,0,41000,-52000,-11000
2013/10/28,0,23000,-6000,17000
2013/10/29,0,23000,-26000,-3000
2013/10/30,0,127000,-19000,108000
2013/10/31,0,92000,-63000,29000
2013/11/01,0,14000,-171000,-157000
2013/11/04,0,68000,-27000,41000
2013/11/05,0,72000,-125000,-53000
2013/11/06,0,23000,-90000,-67000
2013/11/07,0,30000,-16000,14000
2013/11/08,0,37000,-25000,12000
2013/11/11,0,96000,-59000,37000
2013/11/12,0,51000,-49000,2000
2013/11/13,0,91000,-48000,43000
2013/11/14,0,100000,-31000,69000
2013/11/15,0,40000,-44000,-4000
2013/11/18,0,24000,-23000,1000
2013/11/19,0,168000,-7000,161000
2013/11/20,0,58000,-32000,26000
2013/11/21,0,27000,-49000,-22000
2013/11/22,0,30000,-173000,-143000
2013/11/25,0,62000,-50000,12000
2013/11/26,0,135000,-43000,92000
2013/11/27,0,22000,-122000,-100000
2013/11/28,0,15000,-86000,-71000
2013/11/29,0,13000,-12000,1000
2013/12/02,0,92000,-37000,55000
2013/12/03,0,11000,-58000,-47000
2013/12/04,0,59000,-30000,29000
2013/12/05,0,46000,-83000,-37000
2013/12/06,0,48000,-100000,-52000
2013/12/09,0,34000,-32000,2000
2013/12/10,0,31000,-28000,3000
2013/12/11,0,20000,-87000,-67000
2013/12/12,0,37000,-32274,4726
2013/12/13,0,56000,-17000,39000
2013/12/16,0,86000,-25000,61000
2013/12/17,0,117000,-46000,71000
2013/12/18,0,53000,-106000,-53000
2013/12/19,0,34000,-29000,5000
2013/12/20,0,35000,-9000,26000
2013/12/23,0,41000,-25000,16000
2013/12/24,0,36000,-21000,15000
2013/12/25,0,36000,-28000,8000
2013/12/26,0,23000,0,23000
2013/12/27,0,21000,-19000,2000
2013/12/30,0,202000,-6000,196000
2013/12/31,0,13000,-35000,-22000
2014/01/02,0,4000,-23000,-19000
2014/01/03,0,8000,-30000,-22000
2014/01/06,0,12000,-63000,-51000
2014/01/07,0,21000,-17000,4000
2014/01/08,0,4000,-30000,-26000
2014/01/09,0,48000,-19000,29000
2014/01/10,0,8000,-35000,-27000
2014/01/13,0,5000,-8000,-3000
2014/01/14,0,29000,-17000,12000
2014/01/15,0,64000,-53000,11000
2014/01/16,0,13000,-90000,-77000
2014/01/17,0,45000,-32000,13000
2014/01/20,0,9000,-3000,6000
2014/01/21,0,5000,-119000,-114000
2014/01/22,0,140000,-13000,127000
2014/01/23,0,53000,-112000,-59000
2014/01/24,0,286000,-30000,256000
2014/01/27,0,20000,-80000,-60000
2014/02/05,0,37000,-103000,-66000
2014/02/06,0,83000,-60100,22900
2014/02/07,0,4000,-53000,-49000
2014/02/10,0,117000,-17000,100000
2014/02/11,0,28000,-33000,-5000
2014/02/12,0,34000,-54000,-20000
2014/02/13,0,44000,-37000,7000
2014/02/14,0,18000,-14000,4000
2014/02/17,0,3000,-48000,-45000
2014/02/18,0,37000,-6000,31000
2014/02/19,0,21000,-55000,-34000
2014/02/20,0,44000,-40000,4000
2014/02/21,0,96000,-25000,71000
2014/02/24,0,228000,-12000,216000
2014/02/25,0,17000,-78000,-61000
2014/02/26,0,431000,-63000,368000
2014/02/27,0,17000,-177000,-160000
2014/03/03,0,146000,-38000,108000
2014/03/04,0,112000,-133000,-21000
2014/03/05,0,34000,-134000,-100000
2014/03/06,0,38000,-97000,-59000
2014/03/07,0,64000,-59000,5000
2014/03/10,0,3000,-193000,-190000
2014/03/11,0,17000,-25000,-8000
2014/03/12,0,7000,-55000,-48000
2014/03/13,0,19000,-9000,10000
2014/03/14,0,92000,-17000,75000
2014/03/17,0,267000,-27000,240000
2014/03/18,0,36000,-182000,-146000
2014/03/19,0,40000,-201000,-161000
2014/03/20,0,28000,-160000,-132000
2014/03/21,0,26000,-35000,-9000
2014/03/24,0,31000,-31000,0
2014/03/25,0,8000,-43000,-35000
2014/03/26,0,32000,-12000,20000
2014/03/27,0,48000,-11000,37000
2014/03/28,0,3000,-4000,-1000
2014/03/31,0,67000,-13000,54000
2014/04/01,0,60000,-53000,7000
2014/04/02,0,21000,-7000,14000
2014/04/03,0,4000,-37000,-33000
2014/04/07,0,18000,-23000,-5000
2014/04/08,0,28000,-19000,9000
2014/04/09,0,11000,-12000,-1000
2014/04/10,0,7000,-6000,1000
2014/04/11,0,20000,-7000,13000
2014/04/14,0,44000,-19000,25000
2014/04/15,0,87000,-13000,74000
2014/04/16,0,33000,-37000,-4000
2014/04/17,0,443000,-13000,430000
2014/04/18,0,86000,-178000,-92000
2014/04/21,0,8000,-96000,-88000
2014/04/22,0,10000,-79000,-69000
2014/04/23,0,40000,-51000,-11000
2014/04/24,0,528000,-34000,494000
2014/04/25,0,36000,-559000,-523000
2014/04/28,0,12000,-97000,-85000
2014/04/29,0,37000,-3000,34000
2014/04/30,0,100000,-77000,23000
2014/05/02,0,30000,-42000,-12000
2014/05/05,0,35000,-7000,28000
2014/05/06,0,33000,-97000,-64000
2014/05/07,0,23000,-208000,-185000
2014/05/08,0,26000,-33898,-7898
2014/05/09,0,24000,-69000,-45000
2014/05/12,0,17000,-33000,-16000
2014/05/13,0,43000,0,43000
2014/05/14,0,16000,-16000,0
2014/05/15,0,27000,-13000,14000
2014/05/16,0,47000,-25000,22000
2014/05/19,0,100000,-38000,62000
2014/05/20,0,2000,-17000,-15000
2014/05/21,0,56000,-21000,35000
2014/05/22,0,12000,-20000,-8000
2014/05/23,0,13000,-25000,-12000
2014/05/26,0,17000,-20000,-3000
2014/05/27,0,250000,-34000,216000
2014/05/28,0,16000,-132000,-116000
2014/05/29,0,27000,-41000,-14000
2014/05/30,0,24000,-48000,-24000
2014/06/03,0,16000,-1000,15000
2014/06/04,0,39000,-1000,38000
2014/06/05,0,4000,-12000,-8000
2014/06/06,0,13000,-19000,-6000
2014/06/09,0,21000,-58000,-37000
2014/06/10,0,13000,-17000,-4000
2014/06/11,0,56000,-26000,30000
2014/06/12,0,12000,-6000,6000
2014/06/13,0,2000,-50000,-48000
2014/06/16,0,13000,0,13000
2014/06/17,0,0,-32000,-32000
2014/06/18,0,33000,-70000,-37000
2014/06/19,0,1000,-32000,-31000
2014/06/20,0,1000,-24000,-23000
2014/06/23,0,4000,-43000,-39000
2014/06/24,0,2000,-15000,-13000
2014/06/25,0,8000,-26000,-18000
2014/06/26,0,12000,0,12000
2014/06/27,0,1000,-5000,-4000
2014/06/30,0,43000,-2000,41000
2014/07/01,0,99000,-5000,94000
2014/07/02,0,14000,-21000,-7000
2014/07/03,0,42000,0,42000
2014/07/04,0,88000,-11000,77000
2014/07/07,0,54000,-68000,-14000
2014/07/08,0,404000,-104000,300000
2014/07/09,0,38000,-139000,-101000
2014/07/10,0,129000,-10000,119000
2014/07/11,0,122000,-142000,-20000
2014/07/14,0,100000,-46000,54000
2014/07/15,0,21000,-47000,-26000
2014/07/16,0,104000,-85000,19000
2014/07/17,0,513000,-65000,448000
2014/07/18,0,75000,-157000,-82000
2014/07/21,0,12000,-54000,-42000
2014/07/22,0,20000,-22000,-2000
2014/07/23,0,0,0,0
2014/07/24,0,178000,-221000,-43000
2014/07/25,0,28000,-120000,-92000
2014/07/28,0,107000,-121000,-14000
2014/07/29,0,10000,-23000,-13000
2014/07/30,0,2000,-58000,-56000
2014/07/31,0,13000,-110000,-97000
2014/08/01,0,214000,-87000,127000
2014/08/04,0,24000,-101000,-77000
2014/08/05,0,10000,-18000,-8000
2014/08/06,0,11000,-83000,-72000
2014/08/07,0,30000,-81000,-51000
2014/08/08,0,10000,-119000,-109000
2014/08/11,0,3000,-86000,-83000
2014/08/12,0,30000,-80000,-50000
2014/08/13,0,77000,-14000,63000
2014/08/14,0,0,-15000,-15000
2014/08/15,0,22000,-1000,21000
2014/08/18,0,316000,-53957,262043
2014/08/19,0,33000,-264000,-231000
2014/08/20,0,18000,-98000,-80000
2014/08/21,0,4000,-6000,-2000
2014/08/22,0,25000,-6000,19000
2014/08/25,0,0,-2000,-2000
2014/08/26,0,17000,0,17000
2014/08/27,0,7000,-67000,-60000
2014/08/28,0,18000,-70000,-52000
2014/08/29,0,5000,-12000,-7000
2014/09/01,0,4000,-3000,1000
2014/09/02,0,0,-13000,-13000
2014/09/03,0,15000,-18000,-3000
2014/09/04,0,0,-9000,-9000
2014/09/05,0,0,-26000,-26000
2014/09/09,0,18000,-4000,14000
2014/09/10,0,21000,-1000,20000
2014/09/11,0,2000,-17000,-15000
2014/09/12,0,5000,-96000,-91000
2014/09/15,0,84000,-17000,67000
2014/09/16,0,29000,-7000,22000
2014/09/17,0,107000,-70000,37000
2014/09/18,0,100000,-7000,93000
2014/09/19,0,132000,-3000,129000
2014/09/22,0,7000,-32000,-25000
2014/09/23,0,1000,-76000,-75000
2014/09/24,0,2000,-39000,-37000
2014/09/25,0,1000,-71000,-70000
2014/09/26,0,2000,-150415,-148415
2014/09/29,0,14000,-10000,4000
2014/09/30,0,10000,-10050,-50
2014/10/01,0,1000,-15000,-14000
2014/10/02,0,9000,-7250,1750
2014/10/03,0,48000,-15000,33000
2014/10/06,0,187000,-22650,164350
2014/10/07,0,26000,-118000,-92000
2014/10/08,0,1000,-6000,-5000
2014/10/09,0,1000,-43100,-42100
2014/10/13,0,3000,-176500,-173500
2014/10/14,0,0,-31000,-31000
2014/10/15,0,3000,-71000,-68000
2014/10/16,0,5000,-13000,-8000
2014/10/17,0,4000,-48000,-44000
2014/10/20,0,8000,-20000,-12000
2014/10/21,0,1000,-10000,-9000
2014/10/22,0,106000,-69500,36500
2014/10/23,0,22000,-90400,-68400
2014/10/24,0,13000,-8800,4200
2014/10/27,0,0,-29500,-29500
2014/10/28,0,8000,0,8000
2014/10/29,0,41000,-2000,39000
2014/10/30,0,1000,-17000,-16000
2014/10/31,0,10000,-1000,9000
2014/11/03,0,0,0,0
2014/11/04,0,98000,-6000,92000
2014/11/05,0,4000,-68000,-64000
2014/11/06,0,3000,-16000,-13000
2014/11/07,0,3000,-8000,-5000
2014/11/10,0,92000,-5000,87000
2014/11/11,0,0,-12000,-12000
2014/11/12,0,0,-34000,-34000
2014/11/13,0,7000,-7000,0
2014/11/14,0,23000,-87000,-64000
2014/11/17,0,38000,-7300,30700
2014/11/18,0,79000,-11000,68000
2014/11/19,0,69069,-76000,-6931
2014/11/20,0,76000,-13000,63000
2014/11/21,0,22000,-17000,5000
2014/11/24,0,228431,-11000,217431
2014/11/25,0,24000,-145000,-121000
2014/11/26,0,21000,-75000,-54000
2014/11/27,0,15000,-36100,-21100
2014/11/28,0,0,-8950,-8950
2014/12/01,0,6000,-5000,1000
2014/12/02,0,6000,-51000,-45000
2014/12/03,0,59000,-17000,42000
2014/12/04,0,49000,-31000,18000
2014/12/05,0,147000,-20000,127000
2014/12/08,0,93000,-82000,11000
2014/12/09,0,28000,-64000,-36000
2014/12/10,0,29000,-32000,-3000
2014/12/11,0,17000,-15000,2000
2014/12/12,0,12000,-18000,-6000
2014/12/15,0,19000,-3000,16000
2014/12/16,0,5000,-30000,-25000
2014/12/17,0,29000,-59000,-30000
2014/12/18,0,1000,-8000,-7000
2014/12/19,0,1000,-15000,-14000
2014/12/22,0,0,0,0
2014/12/23,0,0,-11000,-11000
2014/12/24,0,1000,-9000,-8000
2014/12/25,0,0,-12000,-12000
2014/12/26,0,7000,-5000,2000
2014/12/29,0,1000,0,1000
2014/12/30,0,2000,-20000,-18000
2014/12/31,0,17000,-5000,12000
2015/01/01,0,0,0,0
2015/01/02,0,0,0,0
2015/01/05,0,8000,-23000,-15000
2015/01/06,0,3000,-22000,-19000
2015/01/07,0,0,0,0
2015/01/08,0,8000,-4000,4000
2015/01/09,0,7000,-9000,-2000
2015/01/12,0,2000,-9000,-7000
2015/01/13,0,73000,-17000,56000
2015/01/14,0,31000,-9000,22000
2015/01/15,0,72000,-2000,70000
2015/01/16,0,7000,-95151,-88151
2015/01/19,0,1000,-16000,-15000
2015/01/20,0,5000,-19000,-14000
2015/01/21,0,16000,-29000,-13000
2015/01/22,0,3000,-3000,0
2015/01/23,0,12000,-2000,10000
2015/01/26,0,0,-14000,-14000
2015/01/27,0,2000,-3000,-1000
2015/01/28,0,4000,-1000,3000
2015/01/29,0,2000,0,2000
2015/01/30,0,0,0,0
2015/02/02,0,5000,-25000,-20000
2015/02/03,0,2000,-3000,-1000
2015/02/04,0,0,-6114,-6114
2015/02/05,0,63000,-113,62887
2015/02/06,0,130000,-59000,71000
2015/02/09,0,88000,-78000,10000
2015/02/10,0,7000,-8000,-1000
2015/02/11,0,178000,-26000,152000
2015/02/12,0,51000,-248000,-197000
2015/02/13,0,8000,-73000,-65000
2015/02/16,0,0,0,0
2015/02/17,0,0,0,0
2015/02/18,0,0,0,0
2015/02/19,0,0,0,0
2015/02/20,0,0,0,0
2015/02/23,0,0,0,0
2015/02/24,0,185000,-61000,124000
2015/02/25,0,48000,-67032,-19032
2015/02/26,0,32000,-35000,-3000
2015/02/27,0,0,0,0
2015/03/02,0,12000,-90000,-78000
2015/03/03,0,20000,-29000,-9000
2015/03/04,0,5000,-5682,-682
2015/03/05,0,29000,-51000,-22000
2015/03/06,0,3000,-34000,-31000
2015/03/09,0,9000,-64000,-55000
2015/03/10,0,9000,-97000,-88000
2015/03/11,0,25000,-30000,-5000
2015/03/12,0,67000,-9000,58000
2015/03/13,0,66000,-17000,49000
2015/03/16,0,6000,-27000,-21000
2015/03/17,0,12000,-36194,-24194
2015/03/18,0,82000,-13000,69000
2015/03/19,0,325000,-16000,309000
2015/03/20,0,45000,-51000,-6000
2015/03/23,0,6000,0,6000
2015/03/24,0,3000,-20000,-17000
2015/03/25,0,5000,-41000,-36000
2015/03/26,0,47000,-10000,37000
2015/03/27,0,2000,-31000,-29000
2015/03/30,0,46000,-63000,-17000
2015/03/31,0,11000,-34000,-23000
2015/04/01,0,23000,-2000,21000
2015/04/02,0,5000,-16000,-11000
2015/04/03,0,0,0,0
2015/04/06,0,0,0,0
2015/04/07,0,25000,-20000,5000
2015/04/08,0,46000,-26000,20000
2015/04/09,0,9000,-49000,-40000
2015/04/10,0,1000,-7000,-6000
2015/04/13,0,53000,-27000,26000
2015/04/14,0,5000,-34000,-29000
2015/04/15,0,4000,-41000,-37000
2015/04/16,0,0,-16000,-16000
2015/04/17,0,0,-1000,-1000
2015/04/20,0,0,-5000,-5000
2015/04/21,0,0,-5000,-5000
2015/04/22,0,3000,-1000,2000
2015/04/23,0,22000,0,22000
2015/04/24,0,18000,-7000,11000
2015/04/27,0,27000,-3000,24000
2015/04/28,0,24000,-3000,21000
2015/04/29,0,25000,-31250,-6250
2015/04/30,0,34000,-213000,-179000
2015/05/01,0,0,0,0
2015/05/04,0,4000,-14000,-10000
2015/05/05,0,0,-20000,-20000
2015/05/06,0,2000,-3000,-1000
2015/05/07,0,2000,-7000,-5000
2015/05/08,0,8000,-45000,-37000
2015/05/11,0,4000,0,4000
2015/05/12,0,4000,-6000,-2000
2015/05/13,0,8000,-13000,-5000
2015/05/14,0,4000,-14000,-10000
2015/05/15,0,2000,-13000,-11000
2015/05/18,0,30000,-50000,-20000
2015/05/19,0,0,-2650,-2650
2015/05/20,0,28000,-53000,-25000
2015/05/21,0,0,-14000,-14000
2015/05/22,0,19000,-17000,2000
2015/05/25,0,4000,-2350,1650
2015/05/26,0,20000,-9000,11000
2015/05/27,0,111000,-18000,93000
2015/05/28,0,39000,0,39000
2015/05/29,0,0,-5000,-5000
2015/06/01,0,5000,0,5000
2015/06/02,0,17000,-2000,15000
2015/06/03,0,1000,-1000,0
2015/06/04,0,1000,-10000,-9000
2015/06/05,0,2000,-1000,1000
2015/06/08,0,11000,0,11000
2015/06/09,0,0,-2000,-2000
2015/06/10,0,32000,-2000,30000
2015/06/11,0,5000,-5000,0
2015/06/12,0,0,-12000,-12000
2015/06/15,0,2000,-1000,1000
2015/06/16,0,2000,-1000,1000
2015/06/17,0,95000,-246000,-151000
2015/06/18,0,12000,-19000,-7000
2015/06/19,0,0,0,0
2015/06/22,0,10000,-5000,5000
2015/06/23,0,35000,-17000,18000
2015/06/24,0,5000,-7000,-2000
2015/06/25,0,16000,-3000,13000
2015/06/26,0,1000,0,1000
2015/06/29,0,27000,-84000,-57000
2015/06/30,0,34000,-2000,32000
2015/07/01,0,19000,-1000,18000
2015/07/02,0,161000,-22000,139000
2015/07/03,0,34000,-104000,-70000
2015/07/06,0,16000,-21000,-5000
2015/07/07,0,41000,-42098,-1098
2015/07/08,0,16000,-53000,-37000
2015/07/09,0,15000,-26000,-11000
2015/07/10,0,0,0,0
2015/07/13,0,20000,-14000,6000
2015/07/14,0,45000,-31000,14000
2015/07/15,0,36000,-10000,26000
2015/07/16,0,23000,-8000,15000
2015/07/17,0,16000,-48000,-32000
2015/07/20,0,2000,-12000,-10000
2015/07/21,0,7000,-73000,-66000
2015/07/22,0,1000,-10000,-9000
2015/07/23,0,22000,-22000,0
2015/07/24,0,0,-2000,-2000
2015/07/27,0,7000,-37000,-30000
2015/07/28,0,26000,0,26000
2015/07/29,0,6000,-39207,-33207
2015/07/30,0,12000,0,12000
2015/07/31,0,1000,-37000,-36000
2015/08/03,0,3000,-31000,-28000
2015/08/04,0,6000,-58000,-52000
2015/08/05,0,73000,0,73000
2015/08/06,0,0,0,0
2015/08/07,0,6000,-41000,-35000
2015/08/10,0,50000,-19000,31000
2015/08/11,0,8000,-57000,-49000
2015/08/12,0,109000,-7000,102000
2015/08/13,0,2000,-10000,-8000
2015/08/14,0,16000,-14772,1228
2015/08/17,0,5000,-22000,-17000
2015/08/18,0,34000,-37000,-3000
2015/08/19,0,25000,-46000,-21000
2015/08/20,0,20000,-14000,6000
2015/08/21,0,8000,-24000,-16000
2015/08/24,0,10000,-22000,-12000
2015/08/25,0,43000,-12000,31000
2015/08/26,0,4000,-34000,-30000
2015/08/27,0,34000,-8000,26000
2015/08/28,0,72000,-51000,21000
2015/08/31,0,8000,-7000,1000
2015/09/01,0,29000,-5000,24000
2015/09/02,0,57000,-11000,46000
2015/09/03,0,12000,-38000,-26000
2015/09/04,0,10000,-21000,-11000
2015/09/07,0,0,-12000,-12000
2015/09/08,0,0,-15000,-15000
2015/09/09,0,21000,-84000,-63000
2015/09/10,0,8000,-21000,-13000
2015/09/11,0,0,0,0
2015/09/14,0,0,-13000,-13000
2015/09/15,0,0,0,0
2015/09/16,0,73000,-19000,54000
2015/09/17,0,26000,0,26000
2015/09/18,0,1000,-5000,-4000
2015/09/21,0,11000,-13000,-2000
2015/09/22,0,9000,-14000,-5000
2015/09/23,0,18000,-2000,16000
2015/09/24,0,0,-32000,-32000
2015/09/25,0,6000,-4000,2000
2015/09/28,0,0,0,0
2015/09/29,0,0,0,0
2015/09/30,0,11000,-19000,-8000
2015/10/01,0,7000,-18000,-11000
2015/10/02,0,0,-32000,-32000
2015/10/05,0,7000,0,7000
2015/10/06,0,0,-35000,-35000
2015/10/07,0,9000,0,9000
2015/10/08,0,3000,-12000,-9000
2015/10/09,0,0,0,0
2015/10/12,0,23000,-4000,19000
2015/10/13,0,143000,-30000,113000
2015/10/14,0,1000,-109000,-108000
2015/10/15,0,33000,-7000,26000
2015/10/16,0,42000,-35000,7000
2015/10/19,0,18000,-2000,16000
2015/10/20,0,263000,-38000,225000
2015/10/21,0,125000,-213000,-88000
2015/10/22,0,25000,-44000,-19000
2015/10/23,0,20000,-8000,12000
2015/10/26,0,18000,0,18000
2015/10/27,0,30000,-10000,20000
2015/10/28,0,29000,-5000,24000
2015/10/29,0,58000,-15000,43000
2015/10/30,0,33000,-4000,29000
2015/11/02,0,110000,-59000,51000
2015/11/03,0,72000,-90000,-18000
2015/11/04,0,99000,-39000,60000
2015/11/05,0,4000,-63000,-59000
2015/11/06,0,76000,-68000,8000
2015/11/09,0,243000,-16000,227000
2015/11/10,0,62000,-251000,-189000
2015/11/11,0,4000,-117000,-113000
2015/11/12,0,53000,-29000,24000
2015/11/13,0,0,-140000,-140000
2015/11/16,0,13000,-8000,5000
2015/11/17,0,27000,-13000,14000
2015/11/18,0,44000,-56000,-12000
2015/11/19,0,0,-23000,-23000
2015/11/20,0,16000,-11000,5000
2015/11/23,0,3000,-14000,-11000
2015/11/24,0,26000,-6000,20000
2015/11/25,0,35000,-130000,-95000
2015/11/26,0,2000,-2000,0
2015/11/27,0,1000,-8000,-7000
2015/11/30,0,8000,-29000,-21000
2015/12/01,0,43000,0,43000
2015/12/02,0,35000,-42000,-7000
2015/12/03,0,24000,-19000,5000
2015/12/04,0,14000,-57000,-43000
2015/12/07,0,5000,-6000,-1000
2015/12/08,0,3000,-25000,-22000
2015/12/09,0,21000,-11000,10000
2015/12/10,0,35000,-12000,23000
2015/12/11,0,14000,-14000,0
2015/12/14,0,25000,-7000,18000
2015/12/15,0,66000,-42000,24000
2015/12/16,0,32000,-73000,-41000
2015/12/17,0,79000,-19000,60000
2015/12/18,0,17000,-81000,-64000
2015/12/21,0,10000,-4000,6000
2015/12/22,0,1000,-8000,-7000
2015/12/23,0,64000,-8000,56000
2015/12/24,0,12000,-25000,-13000
2015/12/25,0,3000,-32000,-29000
2015/12/28,0,0,-13000,-13000
2015/12/29,0,6000,-27000,-21000
2015/12/30,0,28000,-30000,-2000
2015/12/31,0,33000,-19000,14000
2016/01/01,0,0,0,0
2016/01/04,0,5000,-62000,-57000
2016/01/05,0,22000,-8000,14000
2016/01/06,0,27000,-13000,14000
2016/01/07,0,2000,-24000,-22000
2016/01/08,0,64000,-13000,51000
2016/01/11,0,52000,-25000,27000
2016/01/12,0,17000,-21000,-4000
2016/01/13,0,65000,-4000,61000
2016/01/14,0,66000,-53000,13000
2016/01/15,0,16000,-28000,-12000
2016/01/18,0,62000,-12000,50000
2016/01/19,0,21000,-15000,6000
2016/01/20,0,6000,-59000,-53000
2016/01/21,0,16000,-51000,-35000
2016/01/22,0,50000,-9000,41000
2016/01/25,0,40000,-42000,-2000
2016/01/26,0,1000,-12000,-11000
2016/01/27,0,11000,-9000,2000
2016/01/28,0,8000,-9000,-1000
2016/01/29,0,23000,-56000,-33000
2016/02/01,0,12000,-22000,-10000
2016/02/02,0,3000,-16000,-13000
2016/02/03,0,4000,-4000,0
2016/02/04,0,0,0,0
2016/02/05,0,0,0,0
2016/02/08,0,0,0,0
2016/02/09,0,0,0,0
2016/02/10,0,0,0,0
2016/02/11,0,0,0,0
2016/02/12,0,0,0,0
2016/02/15,0,28000,-14000,14000
2016/02/16,0,44000,-10000,34000
2016/02/17,0,83000,-28000,55000
2016/02/18,0,14000,-21000,-7000
2016/02/19,0,2000,-1000,1000
2016/02/22,0,6000,-23000,-17000
2016/02/23,0,15000,-6000,9000
2016/02/24,0,15000,-28000,-13000
2016/02/25,0,11000,0,11000
2016/02/26,0,9000,-11000,-2000
2016/02/29,0,0,0,0
2016/03/01,0,30000,-46000,-16000
2016/03/02,0,6000,-34000,-28000
2016/03/03,0,9000,-39000,-30000
2016/03/04,0,5000,-12000,-7000
2016/03/07,0,4000,-18000,-14000
2016/03/08,0,4000,-28000,-24000
2016/03/09,0,4000,-1000,3000
2016/03/10,0,7000,-5000,2000
2016/03/11,0,14000,-4000,10000
2016/03/14,0,10000,-5000,5000
2016/03/15,0,5000,-18000,-13000
2016/03/16,0,5000,-24000,-19000
2016/03/17,0,1000,-13000,-12000
2016/03/18,0,9000,-16000,-7000
2016/03/21,0,3000,-2000,1000
2016/03/22,0,12000,-17000,-5000
2016/03/23,0,1000,0,1000
2016/03/24,0,52000,-9000,43000
2016/03/25,0,1000,-23000,-22000
2016/03/28,0,2000,-42000,-40000
2016/03/29,0,4000,-16000,-12000
2016/03/30,0,64000,-5000,59000
2016/03/31,0,11000,-57607,-46607
2016/04/01,0,35000,-28000,7000
2016/04/04,0,0,0,0
2016/04/05,0,0,0,0
2016/04/06,0,10000,-22000,-12000
2016/04/07,0,78000,-12000,66000
2016/04/08,0,48000,-16000,32000
2016/04/11,0,31000,-11000,20000
2016/04/12,0,2000,-38000,-36000
2016/04/13,0,9000,-25000,-16000
2016/04/14,0,86000,-10000,76000
2016/04/15,0,15000,-33000,-18000
2016/04/18,0,84000,-59000,25000
2016/04/19,0,8000,-73000,-65000
2016/04/20,0,9000,-52000,-43000
2016/04/21,0,85000,-2000,83000
2016/04/22,0,22000,-61000,-39000
2016/04/25,0,5000,-57000,-52000
2016/04/26,0,47000,-45000,2000
2016/04/27,0,1000,-22000,-21000
2016/04/28,0,13000,-35000,-22000
2016/04/29,0,7000,-13000,-6000
2016/05/02,0,0,0,0
2016/05/03,0,54000,-26000,28000
2016/05/04,0,13000,-52000,-39000
2016/05/05,0,92000,-50000,42000
2016/05/06,0,10000,-24000,-14000
2016/05/09,0,1000,-29000,-28000
2016/05/10,0,34000,-17000,17000
2016/05/11,0,138000,-18000,120000
2016/05/12,0,67000,-63000,4000
2016/05/13,0,57000,-38000,19000
2016/05/16,0,48000,-21000,27000
2016/05/17,0,14000,-35000,-21000
2016/05/18,0,14000,-44000,-30000
2016/05/19,0,17000,-21000,-4000
2016/05/20,0,37000,-45000,-8000
2016/05/23,0,44000,-39000,5000
2016/05/24,0,45000,-40000,5000
2016/05/25,0,16000,-9000,7000
2016/05/26,0,25000,-13000,12000
2016/05/27,0,31000,-17000,14000
2016/05/30,0,28000,-25000,3000
2016/05/31,0,20000,-11000,9000
2016/06/01,0,312000,-9000,303000
2016/06/02,0,85000,-100000,-15000
2016/06/03,0,41000,-69000,-28000
2016/06/06,0,12000,-2000,10000
2016/06/07,0,73000,-3000,70000
2016/06/08,0,20000,-70000,-50000
2016/06/09,0,0,0,0
2016/06/10,0,0,0,0
2016/06/13,0,14000,-22000,-8000
2016/06/14,0,19000,-21000,-2000
2016/06/15,0,12000,-19000,-7000
2016/06/16,0,0,-5000,-5000
2016/06/17,0,9000,-4000,5000
2016/06/20,0,8000,-20000,-12000
2016/06/21,0,6000,-1000,5000
2016/06/22,0,4000,-12000,-8000
2016/06/23,0,26000,-13000,13000
2016/06/24,0,418000,-111000,307000
2016/06/27,0,450000,-146000,304000
2016/06/28,0,464000,-146000,318000
2016/06/29,0,1102000,-29000,1073000
2016/06/30,0,49000,-83000,-34000
2016/07/01,0,26000,-42000,-16000
2016/07/04,0,68000,-19000,49000
2016/07/05,0,10000,-22000,-12000
2016/07/06,0,1000,-19000,-18000
2016/07/07,0,14000,0,14000
2016/07/08,0,0,0,0
2016/07/11,0,96000,-4000,92000
2016/07/12,0,13000,-35000,-22000
2016/07/13,0,0,-50000,-50000
2016/07/14,0,28000,-32000,-4000
2016/07/15,0,59000,-20000,39000
2016/07/18,0,1000,-50000,-49000
2016/07/19,0,96000,-11000,85000
2016/07/20,0,2000,-65000,-63000
2016/07/21,0,7000,-19000,-12000
2016/07/22,0,0,-13000,-13000
2016/07/25,0,30000,-2000,28000
2016/07/26,0,17000,-10000,7000
2016/07/27,0,7000,-10000,-3000
2016/07/28,0,12000,-8000,4000
2016/07/29,0,61000,-4000,57000
2016/08/01,0,54000,-10000,44000
2016/08/02,0,33000,-63000,-30000
2016/08/03,0,14000,-28000,-14000
2016/08/04,0,127000,-21000,106000
2016/08/05,0,115000,-78000,37000
2016/08/08,0,511000,-124000,387000
2016/08/09,0,28000,-366000,-338000
2016/08/10,0,10000,-157000,-147000
2016/08/11,0,14000,-38000,-24000
2016/08/12,0,90000,-13000,77000
2016/08/15,0,38000,-80000,-42000
2016/08/16,0,82000,-8000,74000
2016/08/17,0,3000,-68000,-65000
2016/08/18,0,6000,-5000,1000
2016/08/19,0,3000,-8000,-5000
2016/08/22,0,10000,-9000,1000
2016/08/23,0,63000,-1000,62000
2016/08/24,0,2000,-57000,-55000
2016/08/25,0,2000,-2000,0
2016/08/26,0,10000,-10000,0
2016/08/29,0,4000,-24000,-20000
2016/08/30,0,36000,-3000,33000
2016/08/31,0,3000,-28000,-25000
2016/09/01,0,15000,-18000,-3000
2016/09/02,0,46000,-2000,44000
2016/09/05,0,16000,-34000,-18000
2016/09/06,0,43000,-16000,27000
2016/09/07,0,171000,-54000,117000
2016/09/08,0,108000,-15000,93000
2016/09/09,0,17000,-53000,-36000
2016/09/12,0,2000,-9000,-7000
2016/09/13,0,10000,-5000,5000
2016/09/14,0,14000,-41000,-27000
2016/09/15,0,0,0,0
2016/09/16,0,0,0,0
2016/09/19,0,36000,-16000,20000
2016/09/20,0,144000,-43000,101000
2016/09/21,0,30000,-109000,-79000
2016/09/22,0,95000,-30000,65000
2016/09/23,0,11000,-61000,-50000
2016/09/26,0,25000,-28000,-3000
2016/09/27,0,0,0,0
2016/09/28,0,0,0,0
2016/09/29,0,73000,-98000,-25000
2016/09/30,0,78000,-112000,-34000
2016/10/03,0,8000,-59000,-51000
2016/10/04,0,13000,-4000,9000
2016/10/05,0,13000,-58000,-45000
2016/10/06,0,10000,-57000,-47000
2016/10/07,0,13000,-22000,-9000
2016/10/10,0,0,0,0
2016/10/11,0,13000,-78000,-65000
2016/10/12,0,119000,-6000,113000
2016/10/13,0,3000,-10000,-7000
2016/10/14,0,4000,-45000,-41000
2016/10/17,0,3000,-29000,-26000
2016/10/18,0,5000,-16000,-11000
2016/10/19,0,7000,-45000,-38000
2016/10/20,0,8000,-88000,-80000
2016/10/21,0,0,-7000,-7000
2016/10/24,0,1000,0,1000
2016/10/25,0,107000,-11000,96000
2016/10/26,0,6000,-80000,-74000
2016/10/27,0,131000,-13000,118000
2016/10/28,0,1000,-137000,-136000
2016/10/31,0,2000,-20000,-18000
2016/11/01,0,4000,-4000,0
2016/11/02,0,7000,-21000,-14000
2016/11/03,0,13000,-12000,1000
2016/11/04,0,0,-17000,-17000
2016/11/07,0,18000,-5000,13000
2016/11/08,0,11000,-25000,-14000
2016/11/09,0,17000,-18000,-1000
2016/11/10,0,4000,-61000,-57000
2016/11/11,0,47000,-16000,31000
2016/11/14,0,10000,-4000,6000
2016/11/15,0,95000,-6000,89000
2016/11/16,0,5000,-48000,-43000
2016/11/17,0,1000,-27000,-26000
2016/11/18,0,4000,-7000,-3000
2016/11/21,0,37000,-15000,22000
2016/11/22,0,65000,-24000,41000
2016/11/23,0,11000,-38000,-27000
2016/11/24,0,0,-16000,-16000
2016/11/25,0,5000,0,5000
2016/11/28,0,49000,-4568,44432
2016/11/29,0,53000,-24000,29000
2016/11/30,0,64000,-64000,0
2016/12/01,0,9000,-76000,-67000
2016/12/02,0,6000,-16000,-10000
2016/12/05,0,0,-6301,-6301
2016/12/06,0,10000,-3000,7000
2016/12/07,0,0,-4000,-4000
2016/12/08,0,9000,0,9000
2016/12/09,0,61000,-7000,54000
2016/12/12,0,163000,-48000,115000
2016/12/13,0,13000,-99000,-86000
2016/12/14,0,1000,-39000,-38000
2016/12/15,0,4000,-6000,-2000
2016/12/16,0,2000,-3000,-1000
2016/12/19,0,5000,-4000,1000
2016/12/20,0,9000,-16000,-7000
2016/12/21,0,33000,-11000,22000
2016/12/22,0,26000,0,26000
2016/12/23,0,56000,-3000,53000
2016/12/26,0,1000,0,1000
2016/12/27,0,0,0,0
2016/12/28,0,11000,0,11000
2016/12/29,0,4000,-2000,2000
2016/12/30,0,9000,-2000,7000
2017/01/02,0,0,0,0
2017/01/03,0,65000,-3000,62000
2017/01/04,0,63000,-10000,53000
2017/01/05,0,59000,-47000,12000
2017/01/06,0,232000,-71000,161000
2017/01/09,0,88000,-233000,-145000
2017/01/10,0,98000,-29000,69000
2017/01/11,0,39000,-51000,-12000
2017/01/12,0,65000,-45000,20000
2017/01/13,0,39000,-85000,-46000
2017/01/16,0,41000,-15000,26000
2017/01/17,0,31000,-42000,-11000
2017/01/18,0,24000,-46000,-22000
2017/01/19,0,33000,-46000,-13000
2017/01/20,0,6000,-23000,-17000
2017/01/23,0,1000,-6000,-5000
2017/01/24,0,5000,-6000,-1000
2017/01/25,0,0,0,0
2017/01/26,0,0,0,0
2017/01/27,0,0,0,0
2017/01/30,0,0,0,0
2017/01/31,0,0,0,0
2017/02/01,0,0,0,0
2017/02/02,0,29000,0,29000
2017/02/03,0,19000,-32000,-13000
2017/02/06,0,7000,-36000,-29000
2017/02/07,0,15000,-15000,0
2017/02/08,0,57000,-12000,45000
2017/02/09,0,40000,-40000,0
2017/02/10,0,2000,-62000,-60000
2017/02/13,0,11000,-83000,-72000
2017/02/14,0,0,-42000,-42000
2017/02/15,0,41000,-10000,31000
2017/02/16,0,12000,-32000,-20000
2017/02/17,0,10000,-16000,-6000
2017/02/20,0,0,-3000,-3000
2017/02/21,0,0,0,0
2017/02/22,0,0,0,0
2017/02/23,0,0,0,0
2017/02/24,0,0,0,0
2017/02/27,0,0,0,0
2017/02/28,0,0,0,0
2017/03/01,0,43000,0,43000
2017/03/02,0,11000,-12000,-1000
2017/03/03,0,10000,0,10000
2017/03/06,0,3000,-6000,-3000
2017/03/07,0,17000,-59000,-42000
2017/03/08,0,0,-33000,-33000
2017/03/09,0,35000,-4000,31000
2017/03/10,0,9000,-8000,1000
2017/03/13,0,1000,0,1000
2017/03/14,0,57000,-8000,49000
2017/03/15,0,2000,-11000,-9000
2017/03/16,0,6000,-3000,3000
2017/03/17,0,10000,-1000,9000
2017/03/20,0,6000,-20000,-14000
2017/03/21,0,4000,-20000,-16000
2017/03/22,0,0,0,0
2017/03/23,0,3000,-2000,1000
2017/03/24,0,0,-25000,-25000
2017/03/27,0,33000,-8000,25000
2017/03/28,0,10000,-30000,-20000
2017/03/29,0,6000,-25000,-19000
2017/03/30,0,4000,-3000,1000
2017/03/31,0,2000,-2000,0
2017/04/03,0,0,0,0
2017/04/04,0,0,0,0
2017/04/05,0,0,0,0
2017/04/06,0,9000,-8000,1000
2017/04/07,0,2000,-6000,-4000
2017/04/10,0,1000,0,1000
2017/04/11,0,3000,-2000,1000
2017/04/12,0,0,-8000,-8000
2017/04/13,0,2000,0,2000
2017/04/14,0,0,-14000,-14000
2017/04/17,0,4000,-1000,3000
2017/04/18,0,2000,-4000,-2000
2017/04/19,0,9000,-1000,8000
2017/04/20,0,0,-2000,-2000
2017/04/21,0,1000,0,1000
2017/04/24,0,0,-2000,-2000
2017/04/25,0,2000,0,2000
2017/04/26,0,2000,-4000,-2000
2017/04/27,0,28000,0,28000
2017/04/28,0,20000,-6000,14000
2017/05/01,0,0,0,0
2017/05/02,0,10000,0,10000
2017/05/03,0,2000,0,2000
2017/05/04,0,60000,-1000,59000
2017/05/05,0,22000,-22000,0
2017/05/08,0,0,-6000,-6000
2017/05/09,0,0,-8566,-8566
2017/05/10,0,0,-8000,-8000
2017/05/11,0,4000,0,4000
2017/05/12,0,1000,0,1000
2017/05/15,0,37000,-11000,26000
2017/05/16,0,31000,-3000,28000
2017/05/17,0,49000,-10000,39000
2017/05/18,0,33000,0,33000
2017/05/19,0,5000,0,5000
2017/05/22,0,0,0,0
2017/05/23,0,0,0,0
2017/05/24,0,0,0,0
2017/05/25,0,2000,-1000,1000
2017/05/26,0,0,0,0
2017/05/29,0,0,0,0
2017/05/30,0,0,0,0
2017/05/31,0,41000,0,41000
2017/06/01,0,7000,0,7000
2017/06/02,0,1000,0,1000
2017/06/05,0,0,-8000,-8000
2017/06/06,0,0,0,0
2017/06/07,0,0,0,0
2017/06/08,0,0,-5000,-5000
2017/06/09,0,20000,-5000,15000
2017/06/12,0,1000,-9000,-8000
2017/06/13,0,0,-2000,-2000
2017/06/14,0,0,-35000,-35000
2017/06/15,0,0,-2000,-2000
2017/06/16,0,0,0,0
2017/06/19,0,25000,0,25000
2017/06/20,0,21000,0,21000
2017/06/21,0,11000,-1000,10000
2017/06/22,0,32000,-4000,28000
2017/06/23,0,0,-22000,-22000
2017/06/26,0,42000,0,42000
2017/06/27,0,7000,-15000,-8000
2017/06/28,0,9000,-17000,-8000
2017/06/29,0,5000,-16000,-11000
2017/06/30,0,30000,-46000,-16000
2017/07/03,0,10000,-17000,-7000
2017/07/04,0,33000,0,33000
2017/07/05,0,22000,-52000,-30000
2017/07/06,0,0,-11000,-11000
2017/07/07,0,0,0,0
2017/07/10,0,0,0,0
2017/07/11,0,7000,-150000,-143000
2017/07/12,0,0,-6000,-6000
2017/07/13,0,0,-13000,-13000
2017/07/14,0,0,-2000,-2000
2017/07/17,0,0,-5000,-5000
2017/07/18,0,20000,0,20000
2017/07/19,0,11000,-10000,1000
2017/07/20,0,0,-7000,-7000
2017/07/21,0,0,-20000,-20000
2017/07/24,0,0,-30000,-30000
2017/07/25,0,0,-1000,-1000
2017/07/26,0,0,-12000,-12000
2017/07/27,0,0,-40000,-40000
2017/07/28,0,0,-2000,-2000
2017/07/31,0,0,0,0
2017/08/01,0,0,0,0
2017/08/02,0,0,-1000,-1000
2017/08/03,0,0,-36000,-36000
2017/08/04,0,0,-1000,-1000
2017/08/07,0,0,-17000,-17000
2017/08/08,0,110000,0,110000
2017/08/09,0,27000,-135000,-108000
2017/08/10,0,5000,0,5000
2017/08/11,0,14000,0,14000
2017/08/14,0,1000,-2000,-1000
2017/08/15,0,34000,-21000,13000
2017/08/16,0,3000,0,3000
2017/08/17,0,0,-5000,-5000
2017/08/18,0,26000,-1000,25000
