Date,Open,Buy,Sell,Total
2007/01/02,0,592000,-70000,522000
2007/01/03,0,57000,-1687000,-1630000
2007/01/04,0,36000,-611000,-575000
2007/01/05,0,107000,-1174000,-1067000
2007/01/08,0,43000,-566419,-523419
2007/01/09,0,147000,-615860,-468860
2007/01/10,0,1489000,-2034000,-545000
2007/01/11,0,718000,-523000,195000
2007/01/12,0,967000,-1536000,-569000
2007/01/15,0,42000,-529000,-487000
2007/01/16,0,27000,-269000,-242000
2007/01/17,0,358000,-684000,-326000
2007/01/18,0,44000,-807000,-763000
2007/01/19,0,285000,-239000,46000
2007/01/22,0,313000,-390000,-77000
2007/01/23,0,140000,-219000,-79000
2007/01/24,0,167000,-264000,-97000
2007/01/25,0,128000,-147000,-19000
2007/01/26,0,143000,-44000,99000
2007/01/29,0,6000,-87000,-81000
2007/01/30,0,16000,-43132,-27132
2007/01/31,0,281000,-104040,176960
2007/02/01,0,41000,-5000,36000
2007/02/02,0,28000,-35000,-7000
2007/02/05,0,260000,-924000,-664000
2007/02/06,0,60000,-432000,-372000
2007/02/07,0,62000,-2204825,-2142825
2007/02/08,0,419651,-582000,-162349
2007/02/09,0,161000,-225690,-64690
2007/02/12,0,73000,-210000,-137000
2007/02/13,0,0,-380000,-380000
2007/02/14,0,409000,-818440,-409440
2007/02/15,0,0,0,0
2007/02/16,0,0,0,0
2007/02/19,0,0,0,0
2007/02/20,0,0,0,0
2007/02/21,0,0,0,0
2007/02/22,0,0,0,0
2007/02/23,0,0,0,0
2007/02/26,0,460000,-591000,-131000
2007/02/27,0,1099000,-911000,188000
2007/02/28,0,0,0,0
2007/03/01,0,433000,-885000,-452000
2007/03/02,0,187000,-401000,-214000
2007/03/05,0,357000,-913317,-556317
2007/03/06,0,564000,-882000,-318000
2007/03/07,0,283000,-782305,-499305
2007/03/08,0,547000,-573080,-26080
2007/03/09,0,237000,-326000,-89000
2007/03/12,0,1763613,-1118000,645613
2007/03/13,0,779157,-495000,284157
2007/03/14,0,904000,-670000,234000
2007/03/15,0,349000,-149000,200000
2007/03/16,0,254000,-151000,103000
2007/03/19,0,30000,-45065,-15065
2007/03/20,0,138000,-201827,-63827
2007/03/21,0,373000,-200000,173000
2007/03/22,0,1081000,-842000,239000
2007/03/23,0,228000,-74000,154000
2007/03/26,0,118000,-5000,113000
2007/03/27,0,150040,-219350,-69310
2007/03/28,0,0,-234000,-234000
2007/03/29,0,403000,-510000,-107000
2007/03/30,0,663000,-427000,236000
2007/04/02,0,335000,-496000,-161000
2007/04/03,0,243000,-317000,-74000
2007/04/04,0,315000,-406000,-91000
2007/04/05,0,0,0,0
2007/04/06,0,0,0,0
2007/04/09,0,189000,-141000,48000
2007/04/10,0,547000,-654000,-107000
2007/04/11,0,392000,-331000,61000
2007/04/12,0,841000,-540000,301000
2007/04/13,0,603000,-292000,311000
2007/04/16,0,873000,-330000,543000
2007/04/17,0,1180494,-533646,646848
2007/04/18,0,377000,-46000,331000
2007/04/19,0,305000,-367000,-62000
2007/04/20,0,839580,-57000,782580
2007/04/23,0,640350,-74000,566350
2007/04/24,0,600000,-409000,191000
2007/04/25,0,198000,-107000,91000
2007/04/26,0,1171320,-274000,897320
2007/04/27,0,457000,-327000,130000
2007/04/30,0,670000,-184340,485660
2007/05/01,0,0,0,0
2007/05/02,0,1284000,-793000,491000
2007/05/03,0,372000,-308000,64000
2007/05/04,0,511000,-470000,41000
2007/05/07,0,426000,-332000,94000
2007/05/08,0,397000,-270000,127000
2007/05/09,0,600000,-340000,260000
2007/05/10,0,734000,-214000,520000
2007/05/11,0,795000,-234000,561000
2007/05/14,0,456000,-199000,257000
2007/05/15,0,77000,-7000,70000
2007/05/16,0,588000,-153000,435000
2007/05/17,0,373000,-180000,193000
2007/05/18,0,736000,-491000,245000
2007/05/21,0,139000,-139000,0
2007/05/22,0,203000,-387000,-184000
2007/05/23,0,457000,-232000,225000
2007/05/24,0,460000,-342000,118000
2007/05/25,0,46000,-374000,-328000
2007/05/28,0,70000,0,70000
2007/05/29,0,1074000,-895000,179000
2007/05/30,0,1388000,-1965871,-577871
2007/05/31,0,1033000,-651340,381660
2007/06/01,0,178000,-183000,-5000
2007/06/04,0,37000,-130000,-93000
2007/06/05,0,291000,-311000,-20000
2007/06/06,0,55000,-345000,-290000
2007/06/07,0,161000,-166000,-5000
2007/06/08,0,109000,-95000,14000
2007/06/11,0,44000,-27000,17000
2007/06/12,0,2140400,-2343000,-202600
2007/06/13,0,131010,-83000,48010
2007/06/14,0,266000,-321000,-55000
2007/06/15,0,214000,-719000,-505000
2007/06/18,0,0,0,0
2007/06/19,0,0,0,0
2007/06/20,0,561000,-1098325,-537325
2007/06/21,0,647000,-1597132,-950132
2007/06/22,0,141000,-159000,-18000
2007/06/25,0,302000,-1370000,-1068000
2007/06/26,0,52000,-932680,-880680
2007/06/27,0,88000,-563000,-475000
2007/06/28,0,356000,-522000,-166000
2007/06/29,0,145000,-1332110,-1187110
2007/07/02,0,157000,-493637,-336637
2007/07/03,0,84000,-948320,-864320
2007/07/04,0,67000,-184000,-117000
2007/07/05,0,45000,-234000,-189000
2007/07/06,0,126000,-531000,-405000
2007/07/09,0,318000,-1015000,-697000
2007/07/10,0,238000,-346000,-108000
2007/07/11,0,60000,-1037000,-977000
2007/07/12,0,7000,-2116000,-2109000
2007/07/13,0,163000,-2112000,-1949000
2007/07/16,0,191000,-562000,-371000
2007/07/17,0,21000,-158000,-137000
2007/07/18,0,726000,-280000,446000
2007/07/19,0,102000,-336000,-234000
2007/07/20,0,43000,-274000,-231000
2007/07/23,0,108000,-224000,-116000
2007/07/24,0,1103000,-2398425,-1295425
2007/07/25,0,1009000,-1432000,-423000
2007/07/26,0,631000,-665050,-34050
2007/07/27,0,2504190,-2534000,-29810
2007/07/30,0,440230,-1266000,-825770
2007/07/31,0,1365000,-1480080,-115080
2007/08/01,0,2184000,-2928860,-744860
2007/08/02,0,404950,-439000,-34050
2007/08/03,0,766000,-972000,-206000
2007/08/06,0,129000,-339000,-210000
2007/08/07,0,616000,-183000,433000
2007/08/08,0,1466000,-295000,1171000
2007/08/09,0,586000,-304000,282000
2007/08/10,0,502000,-896960,-394960
2007/08/13,0,187000,-175000,12000
2007/08/14,0,61000,-102000,-41000
2007/08/15,0,281000,-429000,-148000
2007/08/16,0,671000,-929000,-258000
2007/08/17,0,447000,-761000,-314000
2007/08/20,0,147000,-146000,1000
2007/08/21,0,95000,-72000,23000
2007/08/22,0,413000,-362278,50722
2007/08/23,0,369000,-13000,356000
2007/08/24,0,143000,-92000,51000
2007/08/27,0,266000,-47000,219000
2007/08/28,0,636000,-176000,460000
2007/08/29,0,660000,-415000,245000
2007/08/30,0,561000,-89000,472000
2007/08/31,0,294000,-67000,227000
2007/09/03,0,7952,-284945,-276993
2007/09/04,0,192000,-18000,174000
2007/09/05,0,249000,-453000,-204000
2007/09/06,0,344000,-27000,317000
2007/09/07,0,329000,-193000,136000
2007/09/10,0,217000,-488000,-271000
2007/09/11,0,222770,-628000,-405230
2007/09/12,0,43000,-239000,-196000
2007/09/13,0,4000,-392000,-388000
2007/09/14,0,370000,-477000,-107000
2007/09/17,0,7000,-254000,-247000
2007/09/18,0,0,0,0
2007/09/19,0,717000,-1399083,-682083
2007/09/20,0,295000,-197000,98000
2007/09/21,0,225000,-158000,67000
2007/09/24,0,0,0,0
2007/09/25,0,0,0,0
2007/09/26,0,132000,-121000,11000
2007/09/27,0,335000,-1335000,-1000000
2007/09/28,0,192000,-181000,11000
2007/10/01,0,84000,-200000,-116000
2007/10/02,0,437000,-787000,-350000
2007/10/03,0,224000,-387141,-163141
2007/10/04,0,316000,-731000,-415000
2007/10/05,0,144000,-241420,-97420
2007/10/08,0,87000,-231000,-144000
2007/10/09,0,23000,-234000,-211000
2007/10/10,0,0,0,0
2007/10/11,0,195000,-207000,-12000
2007/10/12,0,25000,-555000,-530000
2007/10/15,0,49000,-480000,-431000
2007/10/16,0,137000,-989000,-852000
2007/10/17,0,511000,-2517000,-2006000
2007/10/18,0,107000,-1711000,-1604000
2007/10/19,0,306340,-1148340,-842000
2007/10/22,0,65000,-1742000,-1677000
2007/10/23,0,376000,-936387,-560387
2007/10/24,0,336000,-903000,-567000
2007/10/25,0,161577,-442000,-280423
2007/10/26,0,400000,-542000,-142000
2007/10/29,0,293000,-588000,-295000
2007/10/30,0,60000,-231000,-171000
2007/10/31,0,153000,-368000,-215000
2007/11/01,0,688000,-870000,-182000
2007/11/02,0,125000,-343000,-218000
2007/11/05,0,774000,-1183000,-409000
2007/11/06,0,1030000,-1455000,-425000
2007/11/07,0,1134000,-812165,321835
2007/11/08,0,1360000,-660140,699860
2007/11/09,0,572000,-143000,429000
2007/11/12,0,671000,-337000,334000
2007/11/13,0,226000,-97000,129000
2007/11/14,0,256000,-113000,143000
2007/11/15,0,174000,-87000,87000
2007/11/16,0,911000,-962000,-51000
2007/11/19,0,592000,-580800,11200
2007/11/20,0,560800,-379000,181800
2007/11/21,0,533000,-555360,-22360
2007/11/22,0,154000,-15000,139000
2007/11/23,0,231000,-220000,11000
2007/11/26,0,677000,-246399,430601
2007/11/27,0,518000,-229000,289000
2007/11/28,0,650000,-847000,-197000
2007/11/29,0,632000,-66628,565372
2007/11/30,0,1132420,-1198000,-65580
2007/12/03,0,316000,-252000,64000
2007/12/04,0,296000,-244000,52000
2007/12/05,0,343000,-198000,145000
2007/12/06,0,348000,-15000,333000
2007/12/07,0,189914,-101453,88461
2007/12/10,0,341000,-635207,-294207
2007/12/11,0,112000,-31000,81000
2007/12/12,0,223000,-166000,57000
2007/12/13,0,115000,-252000,-137000
2007/12/14,0,250000,-293000,-43000
2007/12/17,0,100000,-115000,-15000
2007/12/18,0,692000,-1859952,-1167952
2007/12/19,0,170000,-132000,38000
2007/12/20,0,286000,-169000,117000
2007/12/21,0,366000,-45000,321000
2007/12/24,0,50000,-36000,14000
2007/12/25,0,38000,-6000,32000
2007/12/26,0,50000,-18000,32000
2007/12/27,0,90000,-11000,79000
2007/12/28,0,76000,-70000,6000
2007/12/31,0,79000,-2000,77000
2008/01/01,0,0,0,0
2008/01/02,0,428000,-197000,231000
2008/01/03,0,578000,-357000,221000
2008/01/04,0,199000,-373000,-174000
2008/01/07,0,164000,-166000,-2000
2008/01/08,0,175000,-650000,-475000
2008/01/09,0,332000,-336000,-4000
2008/01/10,0,109000,-486000,-377000
2008/01/11,0,192000,-252000,-60000
2008/01/14,0,711000,-489000,222000
2008/01/15,0,2309000,-588724,1720276
2008/01/16,0,409000,-289000,120000
2008/01/17,0,446000,-271000,175000
2008/01/18,0,174801,-198151,-23350
2008/01/21,0,246000,-268000,-22000
2008/01/22,0,318000,-449000,-131000
2008/01/23,0,633000,-575000,58000
2008/01/24,0,343000,-541000,-198000
2008/01/25,0,496000,-558000,-62000
2008/01/28,0,503000,-508000,-5000
2008/01/29,0,282000,-292309,-10309
2008/01/30,0,1276085,-1246000,30085
2008/01/31,0,817000,-623000,194000
2008/02/01,0,154000,-166000,-12000
2008/02/04,0,0,0,0
2008/02/05,0,0,0,0
2008/02/06,0,0,0,0
2008/02/07,0,0,0,0
2008/02/08,0,0,0,0
2008/02/11,0,0,0,0
2008/02/12,0,843000,-679000,164000
2008/02/13,0,673000,-485000,188000
2008/02/14,0,1348000,-1158000,190000
2008/02/15,0,1662000,-1660900,1100
2008/02/18,0,403000,-116000,287000
2008/02/19,0,298000,-18000,280000
2008/02/20,0,264000,-186000,78000
2008/02/21,0,425000,-81213,343787
2008/02/22,0,109000,-99000,10000
2008/02/25,0,401000,-62000,339000
2008/02/26,0,379000,-249000,130000
2008/02/27,0,1526000,-1892000,-366000
2008/02/28,0,0,0,0
2008/02/29,0,885250,-948350,-63100
2008/03/03,0,328000,-450000,-122000
2008/03/04,0,506000,-198000,308000
2008/03/05,0,506000,-40000,466000
2008/03/06,0,923000,-19000,904000
2008/03/07,0,558000,-334000,224000
2008/03/10,0,469000,-526000,-57000
2008/03/11,0,262000,-338000,-76000
2008/03/12,0,420000,-196760,223240
2008/03/13,0,202000,-164000,38000
2008/03/14,0,128000,-183000,-55000
2008/03/17,0,851000,-1193000,-342000
2008/03/18,0,1280681,-1130681,150000
2008/03/19,0,379000,-541000,-162000
2008/03/20,0,307000,-629000,-322000
2008/03/21,0,529000,-17000,512000
2008/03/24,0,1408000,0,1408000
2008/03/25,0,689000,-42000,647000
2008/03/26,0,482000,-329000,153000
2008/03/27,0,246658,-675000,-428342
2008/03/28,0,407658,-1083000,-675342
2008/03/31,0,74697,-503000,-428303
2008/04/01,0,238070,-573000,-334930
2008/04/02,0,270334,-637000,-366666
2008/04/03,0,7000,-66000,-59000
2008/04/04,0,0,0,0
2008/04/07,0,177000,-425000,-248000
2008/04/08,0,60000,-283000,-223000
2008/04/09,0,136000,-253000,-117000
2008/04/10,0,158000,-26000,132000
2008/04/11,0,70000,-73115,-3115
2008/04/14,0,39000,-163000,-124000
2008/04/15,0,301000,-239000,62000
2008/04/16,0,577000,-329000,248000
2008/04/17,0,900000,-679000,221000
2008/04/18,0,149000,-63000,86000
2008/04/21,0,339000,-231000,108000
2008/04/22,0,380760,-191000,189760
2008/04/23,0,160000,-67000,93000
2008/04/24,0,124000,-19000,105000
2008/04/25,0,109000,-14000,95000
2008/04/28,0,323000,-279000,44000
2008/04/29,0,136000,-440000,-304000
2008/04/30,0,263000,-282000,-19000
2008/05/01,0,0,0,0
2008/05/02,0,170000,-163000,7000
2008/05/05,0,59000,-371000,-312000
2008/05/06,0,246000,-312000,-66000
2008/05/07,0,214000,-347000,-133000
2008/05/08,0,406000,-500000,-94000
2008/05/09,0,402000,-489000,-87000
2008/05/12,0,187000,-197000,-10000
2008/05/13,0,607000,-566000,41000
2008/05/14,0,1072000,-583000,489000
2008/05/15,0,242000,-196000,46000
2008/05/16,0,347000,-192000,155000
2008/05/19,0,106000,-163000,-57000
2008/05/20,0,128000,-112000,16000
2008/05/21,0,46000,-175080,-129080
2008/05/22,0,277000,-544000,-267000
2008/05/23,0,178000,-325000,-147000
2008/05/26,0,160000,-77000,83000
2008/05/27,0,234000,-66000,168000
2008/05/28,0,305000,-539000,-234000
2008/05/29,0,330000,-96000,234000
2008/05/30,0,762000,-384170,377830
2008/06/02,0,140000,-41000,99000
2008/06/03,0,446000,-307000,139000
2008/06/04,0,447262,-289000,158262
2008/06/05,0,289000,-710000,-421000
2008/06/06,0,185000,-692000,-507000
2008/06/09,0,74000,-534000,-460000
2008/06/10,0,474000,-1509602,-1035602
2008/06/11,0,156000,-680000,-524000
2008/06/12,0,0,-312000,-312000
2008/06/13,0,223000,-468000,-245000
2008/06/16,0,625000,-646000,-21000
2008/06/17,0,40000,-423000,-383000
2008/06/18,0,71000,-451000,-380000
2008/06/19,0,285000,-469000,-184000
2008/06/20,0,41855,-334000,-292145
2008/06/23,0,104000,-488000,-384000
2008/06/24,0,162000,-391000,-229000
2008/06/25,0,327000,-315938,11062
2008/06/26,0,445000,-963000,-518000
2008/06/27,0,504000,-569000,-65000
2008/06/30,0,246000,-36000,210000
2008/07/01,0,395000,-258000,137000
2008/07/02,0,56000,-198000,-142000
2008/07/03,0,154000,-250000,-96000
2008/07/04,0,40000,-335000,-295000
2008/07/07,0,201000,-156000,45000
2008/07/08,0,246000,-697000,-451000
2008/07/09,0,266000,-246000,20000
2008/07/10,0,356000,-428000,-72000
2008/07/11,0,58000,-485000,-427000
2008/07/14,0,219000,-293000,-74000
2008/07/15,0,53000,-269000,-216000
2008/07/16,0,163000,-275000,-112000
2008/07/17,0,115000,-412449,-297449
2008/07/18,0,62000,-456000,-394000
2008/07/21,0,283000,-424000,-141000
2008/07/22,0,168000,-169000,-1000
2008/07/23,0,324000,-463010,-139010
2008/07/24,0,913000,-448249,464751
2008/07/25,0,85000,-70000,15000
2008/07/28,0,0,0,0
2008/07/29,0,467000,-192000,275000
2008/07/30,0,756000,-47000,709000
2008/07/31,0,811000,-62000,749000
2008/08/01,0,1133000,-141040,991960
2008/08/04,0,633000,-49000,584000
2008/08/05,0,933000,-292000,641000
2008/08/06,0,953000,-59000,894000
2008/08/07,0,314000,-50000,264000
2008/08/08,0,420000,-125000,295000
2008/08/11,0,181000,-45000,136000
2008/08/12,0,492000,-12000,480000
2008/08/13,0,467000,-82000,385000
2008/08/14,0,154000,-77000,77000
2008/08/15,0,214000,-219000,-5000
2008/08/18,0,91000,-277000,-186000
2008/08/19,0,130000,-257000,-127000
2008/08/20,0,113000,-96000,17000
2008/08/21,0,66000,-128000,-62000
2008/08/22,0,231000,-113000,118000
2008/08/25,0,336000,0,336000
2008/08/26,0,69000,-13000,56000
2008/08/27,0,393000,-33000,360000
2008/08/28,0,537000,-351000,186000
2008/08/29,0,371000,-122750,248250
2008/09/01,0,348000,-226000,122000
2008/09/02,0,134000,-72000,62000
2008/09/03,0,267000,-13000,254000
2008/09/04,0,36000,-70000,-34000
2008/09/05,0,192000,-143000,49000
2008/09/08,0,423000,-357000,66000
2008/09/09,0,405000,-9000,396000
2008/09/10,0,508000,-243000,265000
2008/09/11,0,52000,-272000,-220000
2008/09/12,0,57000,-34000,23000
2008/09/15,0,6000,-236000,-230000
2008/09/16,0,204000,-53000,151000
2008/09/17,0,161000,-60000,101000
2008/09/18,0,159000,-94000,65000
2008/09/19,0,183000,-303000,-120000
2008/09/22,0,230000,-99000,131000
2008/09/23,0,197000,-39000,158000
2008/09/24,0,786638,-707638,79000
2008/09/25,0,414000,-31000,383000
2008/09/26,0,129000,-289000,-160000
2008/09/29,0,0,0,0
2008/09/30,0,312000,-433000,-121000
2008/10/01,0,234000,-209000,25000
2008/10/02,0,372000,-241000,131000
2008/10/03,0,323000,-44000,279000
2008/10/06,0,505000,-635000,-130000
2008/10/07,0,918000,-893000,25000
2008/10/08,0,702000,-947000,-245000
2008/10/09,0,206000,-112573,93427
2008/10/10,0,0,0,0
2008/10/13,0,97000,-117000,-20000
2008/10/14,0,78000,-167000,-89000
2008/10/15,0,197000,-297000,-100000
2008/10/16,0,406000,-559000,-153000
2008/10/17,0,147000,-148000,-1000
2008/10/20,0,132000,-110000,22000
2008/10/21,0,175000,-275000,-100000
2008/10/22,0,28000,-108000,-80000
2008/10/23,0,9000,-52000,-43000
2008/10/24,0,191000,-54000,137000
2008/10/27,0,256000,-216000,40000
2008/10/28,0,273000,-183000,90000
2008/10/29,0,430000,-375000,55000
2008/10/30,0,294000,-214000,80000
2008/10/31,0,474000,-803536,-329536
2008/11/03,0,679000,-331000,348000
2008/11/04,0,613000,-115000,498000
2008/11/05,0,717000,-234000,483000
2008/11/06,0,187000,-325604,-138604
2008/11/07,0,124000,-270000,-146000
2008/11/10,0,247000,-37000,210000
2008/11/11,0,84000,-46339,37661
2008/11/12,0,59000,-88000,-29000
2008/11/13,0,69000,-171000,-102000
2008/11/14,0,98000,-118000,-20000
2008/11/17,0,197000,-56000,141000
2008/11/18,0,311000,-87000,224000
2008/11/19,0,256000,-111000,145000
2008/11/20,0,471000,-183786,287214
2008/11/21,0,81000,-111000,-30000
2008/11/24,0,114000,-111000,3000
2008/11/25,0,212000,-87000,125000
2008/11/26,0,191000,-100932,90068
2008/11/27,0,423000,-409000,14000
2008/11/28,0,235000,-283000,-48000
2008/12/01,0,766000,-350000,416000
2008/12/02,0,425000,-604000,-179000
2008/12/03,0,380000,-443000,-63000
2008/12/04,0,332000,-269000,63000
2008/12/05,0,1754000,-873640,880360
2008/12/08,0,825000,-540000,285000
2008/12/09,0,303000,-413000,-110000
2008/12/10,0,839000,-587030,251970
2008/12/11,0,426000,-54000,372000
2008/12/12,0,733000,-435000,298000
2008/12/15,0,287000,-17000,270000
2008/12/16,0,144000,-22000,122000
2008/12/17,0,472000,-179000,293000
2008/12/18,0,239000,-140000,99000
2008/12/19,0,446000,-178000,268000
2008/12/22,0,331000,-157000,174000
2008/12/23,0,486000,-329000,157000
2008/12/24,0,417000,-417000,0
2008/12/25,0,6000,-70000,-64000
2008/12/26,0,50000,-16000,34000
2008/12/29,0,126000,-134000,-8000
2008/12/30,0,568140,-546000,22140
2008/12/31,0,180000,-681000,-501000
2009/01/01,0,0,0,0
2009/01/02,0,0,0,0
2009/01/05,0,195387,-500000,-304613
2009/01/06,0,204513,-223000,-18487
2009/01/07,0,165539,-49000,116539
2009/01/08,0,182000,-386000,-204000
2009/01/09,0,34000,-173000,-139000
2009/01/12,0,83237,-264000,-180763
2009/01/13,0,43000,-44000,-1000
2009/01/14,0,121000,-102000,19000
2009/01/15,0,63000,-448000,-385000
2009/01/16,0,191000,-277000,-86000
2009/01/19,0,170000,-248340,-78340
2009/01/20,0,615000,-389000,226000
2009/01/21,0,487000,-483890,3110
2009/01/22,0,0,0,0
2009/01/23,0,0,0,0
2009/01/26,0,0,0,0
2009/01/27,0,0,0,0
2009/01/28,0,0,0,0
2009/01/29,0,0,0,0
2009/01/30,0,0,0,0
2009/02/02,0,589680,-757043,-167363
2009/02/03,0,760000,-381470,378530
2009/02/04,0,270000,-185000,85000
2009/02/05,0,550000,-420000,130000
2009/02/06,0,223000,-80000,143000
2009/02/09,0,284000,-326405,-42405
2009/02/10,0,711921,-741000,-29079
2009/02/11,0,325000,-101000,224000
2009/02/12,0,222000,-326000,-104000
2009/02/13,0,401000,0,401000
2009/02/16,0,145000,-67000,78000
2009/02/17,0,221000,-91734,129266
2009/02/18,0,277000,-57000,220000
2009/02/19,0,291083,-82000,209083
2009/02/20,0,73000,-275000,-202000
2009/02/23,0,218000,-9000,209000
2009/02/24,0,69000,-144680,-75680
2009/02/25,0,185000,-124890,60110
2009/02/26,0,164000,-103630,60370
2009/02/27,0,104000,-77339,26661
2009/03/02,0,283000,-435343,-152343
2009/03/03,0,231000,-148000,83000
2009/03/04,0,263000,-484000,-221000
2009/03/05,0,399000,-863000,-464000
2009/03/06,0,484000,-522000,-38000
2009/03/09,0,406000,-207000,199000
2009/03/10,0,170000,-373000,-203000
2009/03/11,0,348780,-378000,-29220
2009/03/12,0,480000,-400000,80000
2009/03/13,0,647000,-744000,-97000
2009/03/16,0,219000,-109000,110000
2009/03/17,0,149000,-218000,-69000
2009/03/18,0,298000,-361000,-63000
2009/03/19,0,30000,-518000,-488000
2009/03/20,0,155000,-125000,30000
2009/03/23,0,650000,-144000,506000
2009/03/24,0,353000,-73000,280000
2009/03/25,0,307000,-18390,288610
2009/03/26,0,133000,-702000,-569000
2009/03/27,0,92000,-250000,-158000
2009/03/30,0,163000,-380000,-217000
2009/03/31,0,300000,-305576,-5576
2009/04/01,0,233100,-486000,-252900
2009/04/02,0,498000,-270000,228000
2009/04/03,0,84000,-240000,-156000
2009/04/06,0,69000,-55000,14000
2009/04/07,0,156000,-24000,132000
2009/04/08,0,366280,-622921,-256641
2009/04/09,0,574000,-211000,363000
2009/04/10,0,316000,-112000,204000
2009/04/13,0,394000,-84000,310000
2009/04/14,0,535892,-345000,190892
2009/04/15,0,332800,-445000,-112200
2009/04/16,0,168000,-95000,73000
2009/04/17,0,227017,-247000,-19983
2009/04/20,0,235000,-327000,-92000
2009/04/21,0,71000,-376000,-305000
2009/04/22,0,70000,-219000,-149000
2009/04/23,0,209000,-200000,9000
2009/04/24,0,148000,-205000,-57000
2009/04/27,0,234000,-469566,-235566
2009/04/28,0,311000,-151000,160000
2009/04/29,0,418000,-156000,262000
2009/04/30,0,798070,-52000,746070
2009/05/01,0,0,0,0
2009/05/04,0,468000,-118000,350000
2009/05/05,0,341000,-238000,103000
2009/05/06,0,804000,-682000,122000
2009/05/07,0,397000,-884000,-487000
2009/05/08,0,334000,-293000,41000
2009/05/11,0,177000,-771000,-594000
2009/05/12,0,144000,-276000,-132000
2009/05/13,0,139000,-331000,-192000
2009/05/14,0,297000,-558000,-261000
2009/05/15,0,132000,-398000,-266000
2009/05/18,0,73000,-218000,-145000
2009/05/19,0,221000,-69000,152000
2009/05/20,0,203000,-34850,168150
2009/05/21,0,92000,-288000,-196000
2009/05/22,0,142000,-241000,-99000
2009/05/25,0,32000,-218405,-186405
2009/05/26,0,297000,-177000,120000
2009/05/27,0,540405,-599331,-58926
2009/05/28,0,0,0,0
2009/05/29,0,0,0,0
2009/06/01,0,599000,-255000,344000
2009/06/02,0,361000,-294000,67000
2009/06/03,0,377000,-102000,275000
2009/06/04,0,71000,-190000,-119000
2009/06/05,0,83186,-56000,27186
2009/06/08,0,42000,-185000,-143000
2009/06/09,0,240000,-64000,176000
2009/06/10,0,306000,-752013,-446013
2009/06/11,0,265000,-946000,-681000
2009/06/12,0,111000,-1485360,-1374360
2009/06/15,0,264000,-522000,-258000
2009/06/16,0,203000,-347490,-144490
2009/06/17,0,142000,-519000,-377000
2009/06/18,0,141000,-245000,-104000
2009/06/19,0,358000,-178000,180000
2009/06/22,0,126000,-111000,15000
2009/06/23,0,184100,-363000,-178900
2009/06/24,0,578000,-324000,254000
2009/06/25,0,573000,-505000,68000
2009/06/26,0,185000,-99000,86000
2009/06/29,0,366000,-379000,-13000
2009/06/30,0,664000,-123591,540409
2009/07/01,0,424000,-12000,412000
2009/07/02,0,177000,-156000,21000
2009/07/03,0,43814,-29000,14814
2009/07/06,0,37000,-116000,-79000
2009/07/07,0,416000,-289580,126420
2009/07/08,0,35000,-172000,-137000
2009/07/09,0,251000,-48000,203000
2009/07/10,0,38000,-48000,-10000
2009/07/13,0,144000,-257000,-113000
2009/07/14,0,56000,-79450,-23450
2009/07/15,0,154000,-65000,89000
2009/07/16,0,27000,-224000,-197000
2009/07/17,0,166623,-158900,7723
2009/07/20,0,199000,-112000,87000
2009/07/21,0,232000,-202120,29880
2009/07/22,0,161000,-76000,85000
2009/07/23,0,142000,-142910,-910
2009/07/24,0,194000,-220380,-26380
2009/07/27,0,308000,-179000,129000
2009/07/28,0,148000,-8000,140000
2009/07/29,0,251000,-22440,228560
2009/07/30,0,150000,-115000,35000
2009/07/31,0,244000,-370000,-126000
2009/08/03,0,323000,-258000,65000
2009/08/04,0,125000,-180000,-55000
2009/08/05,0,345000,-240000,105000
2009/08/06,0,560800,-813592,-252792
2009/08/07,0,0,0,0
2009/08/10,0,813576,-1012000,-198424
2009/08/11,0,287000,-80000,207000
2009/08/12,0,82000,-106000,-24000
2009/08/13,0,377000,-134000,243000
2009/08/14,0,121000,-106200,14800
2009/08/17,0,126000,-380000,-254000
2009/08/18,0,144000,-254000,-110000
2009/08/19,0,132000,-268000,-136000
2009/08/20,0,89000,-145191,-56191
2009/08/21,0,1146000,-1255410,-109410
2009/08/24,0,372000,-183000,189000
2009/08/25,0,71000,-107000,-36000
2009/08/26,0,107000,-103000,4000
2009/08/27,0,322000,-308000,14000
2009/08/28,0,245000,-36000,209000
2009/08/31,0,162000,-426452,-264452
2009/09/01,0,518000,-39505,478495
2009/09/02,0,367000,-71000,296000
2009/09/03,0,472000,-555000,-83000
2009/09/04,0,324000,-386000,-62000
2009/09/07,0,252000,-162000,90000
2009/09/08,0,262000,-237000,25000
2009/09/09,0,473000,-597000,-124000
2009/09/10,0,624000,-301020,322980
2009/09/11,0,530000,-397000,133000
2009/09/14,0,374000,-540000,-166000
2009/09/15,0,936000,-644000,292000
2009/09/16,0,971000,-514000,457000
2009/09/17,0,1406000,-579700,826300
2009/09/18,0,745000,-804000,-59000
2009/09/21,0,887000,-582000,305000
2009/09/22,0,310000,-309000,1000
2009/09/23,0,627000,-663000,-36000
2009/09/24,0,465000,-414000,51000
2009/09/25,0,840000,-225970,614030
2009/09/28,0,145000,-173000,-28000
2009/09/29,0,527000,-489000,38000
2009/09/30,0,584900,-415000,169900
2009/10/01,0,1038000,-1136000,-98000
2009/10/02,0,622000,-665000,-43000
2009/10/05,0,165000,-297697,-132697
2009/10/06,0,213000,-294000,-81000
2009/10/07,0,87000,-64060,22940
2009/10/08,0,579000,-331000,248000
2009/10/09,0,116600,-119000,-2400
2009/10/12,0,55000,-267000,-212000
2009/10/13,0,307690,-651787,-344097
2009/10/14,0,218000,-223000,-5000
2009/10/15,0,375000,-255000,120000
2009/10/16,0,103000,-101000,2000
2009/10/19,0,92000,-434224,-342224
2009/10/20,0,83899,-208000,-124101
2009/10/21,0,69000,-217000,-148000
2009/10/22,0,481000,-553000,-72000
2009/10/23,0,60000,-113000,-53000
2009/10/26,0,164000,-103000,61000
2009/10/27,0,383000,-600000,-217000
2009/10/28,0,588000,-844000,-256000
2009/10/29,0,283000,-480000,-197000
2009/10/30,0,385000,-409000,-24000
2009/11/02,0,5000,-239000,-234000
2009/11/03,0,15000,-235000,-220000
2009/11/04,0,172000,-36508,135492
2009/11/05,0,14000,-79000,-65000
2009/11/06,0,27000,-92000,-65000
2009/11/09,0,223000,-24000,199000
2009/11/10,0,277000,-329004,-52004
2009/11/11,0,332000,-2000,330000
2009/11/12,0,543000,-3522000,-2979000
2009/11/13,0,271000,-446000,-175000
2009/11/16,0,248000,-309000,-61000
2009/11/17,0,426000,-411000,15000
2009/11/18,0,539000,-173000,366000
2009/11/19,0,274000,-380000,-106000
2009/11/20,0,342000,-181000,161000
2009/11/23,0,361000,-1445000,-1084000
2009/11/24,0,54000,-610889,-556889
2009/11/25,0,477000,-307499,169501
2009/11/26,0,102000,-217000,-115000
2009/11/27,0,259000,-957024,-698024
2009/11/30,0,5438000,-11627257,-6189257
2009/12/01,0,1302000,-1329625,-27625
2009/12/02,0,638000,-664237,-26237
2009/12/03,0,918000,-872100,45900
2009/12/04,0,954000,-611000,343000
2009/12/07,0,703000,-577000,126000
2009/12/08,0,370000,-202000,168000
2009/12/09,0,433000,-411000,22000
2009/12/10,0,660000,-492000,168000
2009/12/11,0,355000,-287000,68000
2009/12/14,0,359000,-484000,-125000
2009/12/15,0,425000,-348000,77000
2009/12/16,0,1442000,-487000,955000
2009/12/17,0,826000,-107000,719000
2009/12/18,0,1109000,-132000,977000
2009/12/21,0,1007000,-2000,1005000
2009/12/22,0,154000,-87000,67000
2009/12/23,0,114000,-47000,67000
2009/12/24,0,135000,-37000,98000
2009/12/25,0,74000,-1000,73000
2009/12/28,0,122000,-111190,10810
2009/12/29,0,52000,-19000,33000
2009/12/30,0,182000,-22000,160000
2009/12/31,0,44000,-15000,29000
2010/01/01,0,0,0,0
2010/01/04,0,234000,-23000,211000
2010/01/05,0,293000,-164000,129000
2010/01/06,0,130000,-60000,70000
2010/01/07,0,346000,-69000,277000
2010/01/08,0,258000,-14000,244000
2010/01/11,0,111000,-15000,96000
2010/01/12,0,92000,-9000,83000
2010/01/13,0,248000,-139000,109000
2010/01/14,0,186000,-120000,66000
2010/01/15,0,338000,-217000,121000
2010/01/18,0,276000,-3000,273000
2010/01/19,0,224000,-2000,222000
2010/01/20,0,89000,-68000,21000
2010/01/21,0,282000,-70000,212000
2010/01/22,0,224000,-104000,120000
2010/01/25,0,52000,-115000,-63000
2010/01/26,0,125000,-604000,-479000
2010/01/27,0,242000,-372000,-130000
2010/01/28,0,18000,-169000,-151000
2010/01/29,0,79000,-47000,32000
2010/02/01,0,450000,-274620,175380
2010/02/02,0,463000,-401000,62000
2010/02/03,0,30000,-57000,-27000
2010/02/04,0,31000,-105000,-74000
2010/02/05,0,149000,-304000,-155000
2010/02/08,0,106000,-333000,-227000
2010/02/09,0,98000,-184000,-86000
2010/02/10,0,113000,-203000,-90000
2010/02/11,0,0,0,0
2010/02/12,0,0,0,0
2010/02/15,0,0,0,0
2010/02/16,0,0,0,0
2010/02/17,0,0,0,0
2010/02/18,0,0,0,0
2010/02/19,0,0,0,0
2010/02/22,0,517000,-646000,-129000
2010/02/23,0,850000,-918000,-68000
2010/02/24,0,130000,-389000,-259000
2010/02/25,0,144000,-410000,-266000
2010/02/26,0,193000,-219000,-26000
2010/03/01,0,232000,-308000,-76000
2010/03/02,0,339000,-392000,-53000
2010/03/03,0,113000,-193000,-80000
2010/03/04,0,460000,-1097490,-637490
2010/03/05,0,139000,-285000,-146000
2010/03/08,0,9000,-310000,-301000
2010/03/09,0,0,-367000,-367000
2010/03/10,0,37000,-156000,-119000
2010/03/11,0,1000,-125000,-124000
2010/03/12,0,49000,-234000,-185000
2010/03/15,0,139100,-371100,-232000
2010/03/16,0,118000,-291200,-173200
2010/03/17,0,186000,-304000,-118000
2010/03/18,0,199000,-229000,-30000
2010/03/19,0,11000,-93000,-82000
2010/03/22,0,37000,-78000,-41000
2010/03/23,0,63000,-159000,-96000
2010/03/24,0,268000,-188000,80000
2010/03/25,0,99000,-150000,-51000
2010/03/26,0,325000,-281000,44000
2010/03/29,0,207000,-198000,9000
2010/03/30,0,90000,-319000,-229000
2010/03/31,0,42000,-136000,-94000
2010/04/01,0,184000,-884000,-700000
2010/04/02,0,205000,-257000,-52000
2010/04/05,0,0,0,0
2010/04/06,0,192000,-427000,-235000
2010/04/07,0,210000,-370000,-160000
2010/04/08,0,124000,-381300,-257300
2010/04/09,0,335000,-76000,259000
2010/04/12,0,156000,-6000,150000
2010/04/13,0,146000,-102000,44000
2010/04/14,0,111000,-174000,-63000
2010/04/15,0,185000,-70800,114200
2010/04/16,0,178000,-77000,101000
2010/04/19,0,63000,-159000,-96000
2010/04/20,0,24000,-304000,-280000
2010/04/21,0,105000,-168000,-63000
2010/04/22,0,68000,-264000,-196000
2010/04/23,0,59600,-95000,-35400
2010/04/26,0,35000,-2000,33000
2010/04/27,0,263420,-262420,1000
2010/04/28,0,8000,-66000,-58000
2010/04/29,0,1000,-58000,-57000
2010/04/30,0,39000,-90000,-51000
2010/05/03,0,74000,-81000,-7000
2010/05/04,0,26000,-106000,-80000
2010/05/05,0,251000,-303000,-52000
2010/05/06,0,12000,-90000,-78000
2010/05/07,0,122000,-400000,-278000
2010/05/10,0,422000,-751000,-329000
2010/05/11,0,370190,-601000,-230810
2010/05/12,0,423000,-526000,-103000
2010/05/13,0,171000,-289000,-118000
2010/05/14,0,3000,-75000,-72000
2010/05/17,0,101000,-266000,-165000
2010/05/18,0,139000,-236000,-97000
2010/05/19,0,401000,-885000,-484000
2010/05/20,0,155000,-358000,-203000
2010/05/21,0,119000,-173000,-54000
2010/05/24,0,2000,-16000,-14000
2010/05/25,0,17000,-147000,-130000
2010/05/26,0,100000,-221000,-121000
2010/05/27,0,7000,-131000,-124000
2010/05/28,0,23000,-76000,-53000
2010/05/31,0,11000,-70000,-59000
2010/06/01,0,16000,-160000,-144000
2010/06/02,0,37000,-36000,1000
2010/06/03,0,51000,-20000,31000
2010/06/04,0,151000,-68000,83000
2010/06/07,0,412000,-326000,86000
2010/06/08,0,73000,-60000,13000
2010/06/09,0,119000,-77000,42000
2010/06/10,0,62000,-28000,34000
2010/06/11,0,188202,-169000,19202
2010/06/14,0,98202,-106000,-7798
2010/06/15,0,171405,-241000,-69595
2010/06/16,0,0,0,0
2010/06/17,0,319186,-353000,-33814
2010/06/18,0,701129,-371443,329686
2010/06/21,0,357126,-444000,-86874
2010/06/22,0,249398,-679000,-429602
2010/06/23,0,14417,-280000,-265583
2010/06/24,0,44000,-882000,-838000
2010/06/25,0,13000,-154000,-141000
2010/06/28,0,107000,-206000,-99000
2010/06/29,0,53000,-116000,-63000
2010/06/30,0,42000,-619000,-577000
2010/07/01,0,94000,-299000,-205000
2010/07/02,0,169000,-528000,-359000
2010/07/05,0,125702,-322000,-196298
2010/07/06,0,278000,-291000,-13000
2010/07/07,0,210000,-140000,70000
2010/07/08,0,379000,-219000,160000
2010/07/09,0,26000,-107000,-81000
2010/07/12,0,358000,-185000,173000
2010/07/13,0,121000,-154000,-33000
2010/07/14,0,147000,-276000,-129000
2010/07/15,0,185000,-384000,-199000
2010/07/16,0,175000,-143000,32000
2010/07/19,0,171000,-111000,60000
2010/07/20,0,58000,-99000,-41000
2010/07/21,0,46000,-100000,-54000
2010/07/22,0,1000,-51000,-50000
2010/07/23,0,231000,-174000,57000
2010/07/26,0,114000,-93000,21000
2010/07/27,0,69000,-48000,21000
2010/07/28,0,150000,-138000,12000
2010/07/29,0,41000,-61000,-20000
2010/07/30,0,118000,-304000,-186000
2010/08/02,0,118000,-214000,-96000
2010/08/03,0,93000,-209000,-116000
2010/08/04,0,116000,-176000,-60000
2010/08/05,0,9000,-63000,-54000
2010/08/06,0,50000,-3000,47000
2010/08/09,0,105000,-9000,96000
2010/08/10,0,95000,-73000,22000
2010/08/11,0,182000,-115000,67000
2010/08/12,0,89000,-11000,78000
2010/08/13,0,101000,-58000,43000
2010/08/16,0,60000,-5000,55000
2010/08/17,0,83000,-4000,79000
2010/08/18,0,103000,-179000,-76000
2010/08/19,0,118000,-206000,-88000
2010/08/20,0,75000,-25000,50000
2010/08/23,0,126000,-4000,122000
2010/08/24,0,111000,-16000,95000
2010/08/25,0,93000,-97000,-4000
2010/08/26,0,123000,-99000,24000
2010/08/27,0,263000,-58000,205000
2010/08/30,0,50000,-56000,-6000
2010/08/31,0,54000,-23000,31000
2010/09/01,0,69000,-1000,68000
2010/09/02,0,64000,-2000,62000
2010/09/03,0,37000,0,37000
2010/09/06,0,122000,0,122000
2010/09/07,0,55000,0,55000
2010/09/08,0,23000,-7000,16000
2010/09/09,0,106000,-42000,64000
2010/09/10,0,91000,-42000,49000
2010/09/13,0,110000,-73000,37000
2010/09/14,0,70000,-71000,-1000
2010/09/15,0,62000,0,62000
2010/09/16,0,54000,0,54000
2010/09/17,0,222000,-51000,171000
2010/09/20,0,37000,-6000,31000
2010/09/21,0,52000,-26000,26000
2010/09/22,0,0,0,0
2010/09/23,0,38277,-26000,12277
2010/09/24,0,117000,-45000,72000
2010/09/27,0,46000,-30000,16000
2010/09/28,0,75000,-25000,50000
2010/09/29,0,193000,-15000,178000
2010/09/30,0,195000,-17000,178000
2010/10/01,0,33000,-38000,-5000
2010/10/04,0,12000,-21000,-9000
2010/10/05,0,7000,-38000,-31000
2010/10/06,0,18000,-34000,-16000
2010/10/07,0,42000,-31000,11000
2010/10/08,0,66000,-21000,45000
2010/10/11,0,136000,-46000,90000
2010/10/12,0,43000,-25000,18000
2010/10/13,0,160000,-101000,59000
2010/10/14,0,106000,-53000,53000
2010/10/15,0,16000,-51000,-35000
2010/10/18,0,13000,-62000,-49000
2010/10/19,0,16000,-89000,-73000
2010/10/20,0,1000,-36000,-35000
2010/10/21,0,23000,-18000,5000
2010/10/22,0,37000,-39000,-2000
2010/10/25,0,24000,-31000,-7000
2010/10/26,0,28000,-44000,-16000
2010/10/27,0,5000,-12000,-7000
2010/10/28,0,29000,-42000,-13000
2010/10/29,0,38000,-26000,12000
2010/11/01,0,131000,-72000,59000
2010/11/02,0,98000,-40000,58000
2010/11/03,0,129000,-36000,93000
2010/11/04,0,27000,-16000,11000
2010/11/05,0,77000,-26000,51000
2010/11/08,0,19000,-104000,-85000
2010/11/09,0,60000,-51000,9000
2010/11/10,0,6000,-14000,-8000
2010/11/11,0,49000,-37000,12000
2010/11/12,0,16000,-20000,-4000
2010/11/15,0,7000,-31000,-24000
2010/11/16,0,19000,-34000,-15000
2010/11/17,0,25000,-39000,-14000
2010/11/18,0,22000,0,22000
2010/11/19,0,40000,-8000,32000
2010/11/22,0,48000,-36000,12000
2010/11/23,0,56000,-53000,3000
2010/11/24,0,89000,-63000,26000
2010/11/25,0,60000,-33000,27000
2010/11/26,0,36000,-10000,26000
2010/11/29,0,28000,-59621,-31621
2010/11/30,0,301846,-377000,-75154
2010/12/01,0,43000,-83000,-40000
2010/12/02,0,137000,-160955,-23955
2010/12/03,0,99000,-82000,17000
2010/12/06,0,556000,-248000,308000
2010/12/07,0,292000,-254700,37300
2010/12/08,0,35000,-2000,33000
2010/12/09,0,79000,-8000,71000
2010/12/10,0,17000,-1000,16000
2010/12/13,0,27000,-2000,25000
2010/12/14,0,313000,-166000,147000
2010/12/15,0,210000,-107000,103000
2010/12/16,0,207000,-45000,162000
2010/12/17,0,242000,-72000,170000
2010/12/20,0,701000,-518600,182400
2010/12/21,0,577000,-332600,244400
2010/12/22,0,220000,-57000,163000
2010/12/23,0,39000,-30000,9000
2010/12/24,0,42000,-37000,5000
2010/12/27,0,74000,-32400,41600
2010/12/28,0,107000,-107000,0
2010/12/29,0,95000,0,95000
2010/12/30,0,100000,-84000,16000
2010/12/31,0,34000,-101000,-67000
2011/01/03,0,23000,-92000,-69000
2011/01/04,0,47000,-49000,-2000
2011/01/05,0,76000,-78000,-2000
2011/01/06,0,444000,-517000,-73000
2011/01/07,0,336000,-267000,69000
2011/01/10,0,60000,-19000,41000
2011/01/11,0,1000,-83000,-82000
2011/01/12,0,2000,-24000,-22000
2011/01/13,0,7782,-144000,-136218
2011/01/14,0,16000,-52000,-36000
2011/01/17,0,57000,-98000,-41000
2011/01/18,0,191000,-359300,-168300
2011/01/19,0,217000,-307000,-90000
2011/01/20,0,95000,-342000,-247000
2011/01/21,0,81000,-235636,-154636
2011/01/24,0,73000,-209000,-136000
2011/01/25,0,88000,-109000,-21000
2011/01/26,0,455000,-1518000,-1063000
2011/01/27,0,47000,-76000,-29000
2011/01/28,0,71000,-238000,-167000
2011/01/31,0,0,0,0
2011/02/01,0,0,0,0
2011/02/02,0,0,0,0
2011/02/03,0,0,0,0
2011/02/04,0,0,0,0
2011/02/07,0,0,0,0
2011/02/08,0,212000,-246000,-34000
2011/02/09,0,126000,-159000,-33000
2011/02/10,0,9000,-39000,-30000
2011/02/11,0,74000,-82000,-8000
2011/02/14,0,191000,-233000,-42000
2011/02/15,0,78000,-212000,-134000
2011/02/16,0,74000,-122000,-48000
2011/02/17,0,116000,-146076,-30076
2011/02/18,0,39000,-12000,27000
2011/02/21,0,59000,-63000,-4000
2011/02/22,0,91000,-179000,-88000
2011/02/23,0,48217,-78000,-29783
2011/02/24,0,82000,-11000,71000
2011/02/25,0,149000,-84000,65000
2011/02/28,0,0,0,0
2011/03/01,0,16000,-20000,-4000
2011/03/02,0,78000,-137000,-59000
2011/03/03,0,44000,-72000,-28000
2011/03/04,0,25000,0,25000
2011/03/07,0,31000,-50000,-19000
2011/03/08,0,26000,-28000,-2000
2011/03/09,0,31000,-38000,-7000
2011/03/10,0,1556000,-1558000,-2000
2011/03/11,0,0,-48000,-48000
2011/03/14,0,0,-16000,-16000
2011/03/15,0,35000,-178000,-143000
2011/03/16,0,63000,-223000,-160000
2011/03/17,0,27000,-82000,-55000
2011/03/18,0,17000,-175808,-158808
2011/03/21,0,140000,-475000,-335000
2011/03/22,0,160000,-448000,-288000
2011/03/23,0,1000,-56000,-55000
2011/03/24,0,0,-80000,-80000
2011/03/25,0,50000,-194624,-144624
2011/03/28,0,24000,-12000,12000
2011/03/29,0,64000,-163900,-99900
2011/03/30,0,192000,-268000,-76000
2011/03/31,0,130680,-327100,-196420
2011/04/01,0,16000,-400000,-384000
2011/04/04,0,0,0,0
2011/04/05,0,0,0,0
2011/04/06,0,247000,-167000,80000
2011/04/07,0,40000,-82000,-42000
2011/04/08,0,192543,-155000,37543
2011/04/11,0,83000,-149000,-66000
2011/04/12,0,112000,-80000,32000
2011/04/13,0,97000,-298000,-201000
2011/04/14,0,40000,-98000,-58000
2011/04/15,0,17000,-228000,-211000
2011/04/18,0,185000,-375000,-190000
2011/04/19,0,138000,-76000,62000
2011/04/20,0,219826,-1000,218826
2011/04/21,0,221000,-4000,217000
2011/04/22,0,134000,0,134000
2011/04/25,0,75000,0,75000
2011/04/26,0,83348,-4000,79348
2011/04/27,0,27000,-2000,25000
2011/04/28,0,27000,-4000,23000
2011/04/29,0,43741,-41000,2741
2011/05/02,0,0,0,0
2011/05/03,0,342000,-39700,302300
2011/05/04,0,96000,-59000,37000
2011/05/05,0,33000,-40000,-7000
2011/05/06,0,59000,-99100,-40100
2011/05/09,0,66000,-39000,27000
2011/05/10,0,104000,-95000,9000
2011/05/11,0,123000,-6000,117000
2011/05/12,0,60000,-5000,55000
2011/05/13,0,48000,-30000,18000
2011/05/16,0,66000,-75341,-9341
2011/05/17,0,39000,-3000,36000
2011/05/18,0,147000,-8000,139000
2011/05/19,0,96000,-82000,14000
2011/05/20,0,95000,-14000,81000
2011/05/23,0,64000,-33000,31000
2011/05/24,0,137000,-3000,134000
2011/05/25,0,25000,-57274,-32274
2011/05/26,0,36000,-24704,11296
2011/05/27,0,14000,-6000,8000
2011/05/30,0,52000,-19000,33000
2011/05/31,0,162000,-34000,128000
2011/06/01,0,80000,-1000,79000
2011/06/02,0,201000,-69000,132000
2011/06/03,0,148000,-281000,-133000
2011/06/06,0,0,0,0
2011/06/07,0,148000,-150000,-2000
2011/06/08,0,75000,-34000,41000
2011/06/09,0,93000,-50000,43000
2011/06/10,0,29000,-384000,-355000
2011/06/13,0,47000,-49000,-2000
2011/06/14,0,61000,-1000,60000
2011/06/15,0,544000,-226000,318000
2011/06/16,0,8000,-202000,-194000
2011/06/17,0,289964,-292000,-2036
2011/06/20,0,129000,-118000,11000
2011/06/21,0,125000,-86000,39000
2011/06/22,0,31000,-141000,-110000
2011/06/23,0,118000,-96000,22000
2011/06/24,0,156000,-248000,-92000
2011/06/27,0,2000,-79000,-77000
2011/06/28,0,60000,-83000,-23000
2011/06/29,0,96000,-233000,-137000
2011/06/30,0,123000,-633000,-510000
2011/07/01,0,24000,-1206200,-1182200
2011/07/04,0,96000,-584000,-488000
2011/07/05,0,158000,-449000,-291000
2011/07/06,0,245660,-604000,-358340
2011/07/07,0,114101,-552000,-437899
2011/07/08,0,31863,-676000,-644137
2011/07/11,0,26032,-357000,-330968
2011/07/12,0,191618,-466228,-274610
2011/07/13,0,237094,-444000,-206906
2011/07/14,0,51073,-202000,-150927
2011/07/15,0,73000,-278000,-205000
2011/07/18,0,19392,-310000,-290608
2011/07/19,0,58000,-217000,-159000
2011/07/20,0,292303,-314000,-21697
2011/07/21,0,117482,-144000,-26518
2011/07/22,0,70969,-235000,-164031
2011/07/25,0,24000,-65000,-41000
2011/07/26,0,71992,-118000,-46008
2011/07/27,0,112936,-70000,42936
2011/07/28,0,15957,-31000,-15043
2011/07/29,0,27026,-47400,-20374
2011/08/01,0,216000,-111000,105000
2011/08/02,0,60017,-27000,33017
2011/08/03,0,79307,-71000,8307
2011/08/04,0,142904,-144772,-1868
2011/08/05,0,147728,-235000,-87272
2011/08/08,0,16748,-467267,-450519
2011/08/09,0,99000,-296000,-197000
2011/08/10,0,273000,-659400,-386400
2011/08/11,0,141000,-157200,-16200
2011/08/12,0,27000,-209200,-182200
2011/08/15,0,142000,-258000,-116000
2011/08/16,0,230000,-238000,-8000
2011/08/17,0,247206,-229000,18206
2011/08/18,0,266586,-301000,-34414
2011/08/19,0,76997,-182100,-105103
2011/08/22,0,69761,-141000,-71239
2011/08/23,0,178000,-408000,-230000
2011/08/24,0,18794,-141000,-122206
2011/08/25,0,39932,-74000,-34068
2011/08/26,0,26767,-123000,-96233
2011/08/29,0,126000,-398000,-272000
2011/08/30,0,17983,-170000,-152017
2011/08/31,0,35096,-154000,-118904
2011/09/01,0,65316,-250000,-184684
2011/09/02,0,357506,-716000,-358494
2011/09/05,0,7000,-290000,-283000
2011/09/06,0,10084,-167000,-156916
2011/09/07,0,39657,-215733,-176076
2011/09/08,0,117830,-180690,-62860
2011/09/09,0,24000,-227000,-203000
2011/09/12,0,0,0,0
2011/09/13,0,59075,-220000,-160925
2011/09/14,0,27661,-288000,-260339
2011/09/15,0,49000,-205000,-156000
2011/09/16,0,508000,-212000,296000
2011/09/19,0,46230,-1000,45230
2011/09/20,0,18000,-280000,-262000
2011/09/21,0,79945,-45000,34945
2011/09/22,0,151000,-337000,-186000
2011/09/23,0,98159,-297000,-198841
2011/09/26,0,316989,-331000,-14011
2011/09/27,0,267501,-234000,33501
2011/09/28,0,418024,-277000,141024
2011/09/29,0,272104,-254000,18104
2011/09/30,0,193000,-379000,-186000
2011/10/03,0,140230,-535500,-395270
2011/10/04,0,324000,-206500,117500
2011/10/05,0,214000,-227000,-13000
2011/10/06,0,291000,-518000,-227000
2011/10/07,0,12000,-53000,-41000
2011/10/10,0,0,0,0
2011/10/11,0,84000,-94000,-10000
2011/10/12,0,62000,-49000,13000
2011/10/13,0,102166,-55000,47166
2011/10/14,0,101865,-54000,47865
2011/10/17,0,211765,-155000,56765
2011/10/18,0,136319,-72000,64319
2011/10/19,0,40929,-93000,-52071
2011/10/20,0,141851,-377000,-235149
2011/10/21,0,30953,-261000,-230047
2011/10/24,0,128830,-3000,125830
2011/10/25,0,67710,0,67710
2011/10/26,0,54000,-36000,18000
2011/10/27,0,43000,-14000,29000
2011/10/28,0,153000,-145000,8000
2011/10/31,0,42000,-43000,-1000
2011/11/01,0,207000,-179000,28000
2011/11/02,0,187000,-76000,111000
2011/11/03,0,27000,-143000,-116000
2011/11/04,0,106000,-215000,-109000
2011/11/07,0,12000,-10000,2000
2011/11/08,0,167000,-258000,-91000
2011/11/09,0,55000,-170000,-115000
2011/11/10,0,21000,-51000,-30000
2011/11/11,0,1000,-273000,-272000
2011/11/14,0,9000,-33000,-24000
2011/11/15,0,80000,-42000,38000
2011/11/16,0,77000,-58000,19000
2011/11/17,0,39000,-96000,-57000
2011/11/18,0,78000,-72000,6000
2011/11/21,0,84000,-90000,-6000
2011/11/22,0,153000,-89000,64000
2011/11/23,0,163000,-192000,-29000
2011/11/24,0,105000,-118000,-13000
2011/11/25,0,9000,-115000,-106000
2011/11/28,0,116000,-194000,-78000
2011/11/29,0,253000,-614000,-361000
2011/11/30,0,339000,-689000,-350000
2011/12/01,0,223000,-509000,-286000
2011/12/02,0,368000,-474000,-106000
2011/12/05,0,42000,-268000,-226000
2011/12/06,0,30000,-267000,-237000
2011/12/07,0,102000,-190000,-88000
2011/12/08,0,165000,-468000,-303000
2011/12/09,0,107000,-356000,-249000
2011/12/12,0,6000,-313000,-307000
2011/12/13,0,129000,-122000,7000
2011/12/14,0,96000,-204000,-108000
2011/12/15,0,42000,-143000,-101000
2011/12/16,0,133000,-223000,-90000
2011/12/19,0,47000,-310000,-263000
2011/12/20,0,103000,-296000,-193000
2011/12/21,0,205000,-194000,11000
2011/12/22,0,323000,-214000,109000
2011/12/23,0,74000,-213000,-139000
2011/12/26,0,4000,-212000,-208000
2011/12/27,0,68000,-361000,-293000
2011/12/28,0,49000,-168000,-119000
2011/12/29,0,208000,-286000,-78000
2011/12/30,0,90001,-315000,-224999
2012/01/02,0,115000,-409000,-294000
2012/01/03,0,14000,-238000,-224000
2012/01/04,0,122000,-495000,-373000
2012/01/05,0,252000,-458000,-206000
2012/01/06,0,51000,-514235,-463235
2012/01/09,0,35000,-103000,-68000
2012/01/10,0,205000,-14000,191000
2012/01/11,0,20000,-31000,-11000
2012/01/12,0,83000,-25000,58000
2012/01/13,0,182000,-45000,137000
2012/01/16,0,70000,-125000,-55000
2012/01/17,0,154000,-2000,152000
2012/01/18,0,271000,-122000,149000
2012/01/19,0,0,0,0
2012/01/20,0,0,0,0
2012/01/23,0,0,0,0
2012/01/24,0,0,0,0
2012/01/25,0,0,0,0
2012/01/26,0,0,0,0
2012/01/27,0,0,0,0
2012/01/30,0,171000,-30000,141000
2012/01/31,0,170327,-87000,83327
2012/02/01,0,219000,-134000,85000
2012/02/02,0,473000,-108000,365000
2012/02/03,0,74000,-95000,-21000
2012/02/06,0,138000,-153000,-15000
2012/02/07,0,139000,-24000,115000
2012/02/08,0,164000,-36000,128000
2012/02/09,0,74000,-68000,6000
2012/02/10,0,225000,-128000,97000
2012/02/13,0,645000,-95000,550000
2012/02/14,0,207000,-161000,46000
2012/02/15,0,204000,0,204000
2012/02/16,0,196000,-27000,169000
2012/02/17,0,293000,-17000,276000
2012/02/20,0,359000,-3000,356000
2012/02/21,0,288000,-145000,143000
2012/02/22,0,208000,-165000,43000
2012/02/23,0,179000,-79000,100000
2012/02/24,0,238000,-108000,130000
2012/02/27,0,0,0,0
2012/02/28,0,0,0,0
2012/02/29,0,398348,-156000,242348
2012/03/01,0,242000,-241000,1000
2012/03/02,0,227000,-10000,217000
2012/03/05,0,282000,-9000,273000
2012/03/06,0,227000,-65419,161581
2012/03/07,0,124000,-16000,108000
2012/03/08,0,249000,-155581,93419
2012/03/09,0,66000,-24000,42000
2012/03/12,0,98000,-13000,85000
2012/03/13,0,90000,0,90000
2012/03/14,0,122000,-2000,120000
2012/03/15,0,200000,-9000,191000
2012/03/16,0,46000,-41000,5000
2012/03/19,0,92000,-29000,63000
2012/03/20,0,100000,-103000,-3000
2012/03/21,0,90000,-70000,20000
2012/03/22,0,135000,-5000,130000
2012/03/23,0,52000,-6000,46000
2012/03/26,0,71000,-46000,25000
2012/03/27,0,42000,-24000,18000
2012/03/28,0,44000,-22000,22000
2012/03/29,0,71000,-18000,53000
2012/03/30,0,553410,-52000,501410
2012/04/02,0,150000,-55000,95000
2012/04/03,0,296000,-82000,214000
2012/04/04,0,0,0,0
2012/04/05,0,72000,-98000,-26000
2012/04/06,0,26000,-118000,-92000
2012/04/09,0,39000,-53000,-14000
2012/04/10,0,330000,-8000,322000
2012/04/11,0,31000,-39000,-8000
2012/04/12,0,6000,-129000,-123000
2012/04/13,0,13000,-85000,-72000
2012/04/16,0,28000,-16000,12000
2012/04/17,0,60000,-20000,40000
2012/04/18,0,37000,-53000,-16000
2012/04/19,0,139000,-65000,74000
2012/04/20,0,18000,-29000,-11000
2012/04/23,0,29000,-34000,-5000
2012/04/24,0,32000,-52000,-20000
2012/04/25,0,61000,-73000,-12000
2012/04/26,0,39000,-38000,1000
2012/04/27,0,87000,-71149,15851
2012/04/30,0,39000,0,39000
2012/05/01,0,0,0,0
2012/05/02,0,137000,0,137000
2012/05/03,0,67000,-12000,55000
2012/05/04,0,89000,-11000,78000
2012/05/07,0,141000,-79000,62000
2012/05/08,0,44000,-23000,21000
2012/05/09,0,81000,-32000,49000
2012/05/10,0,65717,-10000,55717
2012/05/11,0,64747,-32000,32747
2012/05/14,0,76000,-15000,61000
2012/05/15,0,211000,-7000,204000
2012/05/16,0,145000,-34000,111000
2012/05/17,0,128000,-101000,27000
2012/05/18,0,308000,-362000,-54000
2012/05/21,0,95000,-70000,25000
2012/05/22,0,35000,-21000,14000
2012/05/23,0,90000,-66000,24000
2012/05/24,0,80000,-5000,75000
2012/05/25,0,178000,-25000,153000
2012/05/28,0,121000,-16000,105000
2012/05/29,0,151000,-35000,116000
2012/05/30,0,132000,-138000,-6000
2012/05/31,0,107000,-66000,41000
2012/06/01,0,257000,-251000,6000
2012/06/04,0,266000,-107000,159000
2012/06/05,0,108000,-43000,65000
2012/06/06,0,19000,0,19000
2012/06/07,0,79721,-66000,13721
2012/06/08,0,67177,-13000,54177
2012/06/11,0,46638,-82000,-35362
2012/06/12,0,277000,-23000,254000
2012/06/13,0,63754,-8000,55754
2012/06/14,0,125706,-23000,102706
2012/06/15,0,293678,-432005,-138327
2012/06/18,0,179129,-25000,154129
2012/06/19,0,40595,-44000,-3405
2012/06/20,0,48537,-19000,29537
2012/06/21,0,92529,-85000,7529
2012/06/22,0,66641,-43000,23641
2012/06/25,0,54000,-27000,27000
2012/06/26,0,34000,-24000,10000
2012/06/27,0,0,-2000,-2000
2012/06/28,0,34208,0,34208
2012/06/29,0,34208,-14200,20008
2012/07/02,0,27000,-12000,15000
2012/07/03,0,73000,0,73000
2012/07/04,0,22958,-13000,9958
2012/07/05,0,0,-12000,-12000
2012/07/06,0,9000,-3000,6000
2012/07/09,0,7000,-15000,-8000
2012/07/10,0,85000,-6000,79000
2012/07/11,0,10000,-11000,-1000
2012/07/12,0,4000,-66000,-62000
2012/07/13,0,732,-86000,-85268
2012/07/16,0,61000,-124000,-63000
2012/07/17,0,72000,-142000,-70000
2012/07/18,0,162000,-166000,-4000
2012/07/19,0,93000,-124000,-31000
2012/07/20,0,10000,-144000,-134000
2012/07/23,0,29000,-155000,-126000
2012/07/24,0,44000,-84000,-40000
2012/07/25,0,82000,-164000,-82000
2012/07/26,0,81000,-274000,-193000
2012/07/27,0,56000,-159000,-103000
2012/07/30,0,73000,-176000,-103000
2012/07/31,0,41000,-425341,-384341
2012/08/01,0,38000,-82000,-44000
2012/08/02,0,0,0,0
2012/08/03,0,38000,-429000,-391000
2012/08/06,0,52000,-101000,-49000
2012/08/07,0,63000,-132000,-69000
2012/08/08,0,67000,-100000,-33000
2012/08/09,0,44000,-357000,-313000
2012/08/10,0,106000,-221000,-115000
2012/08/13,0,11000,-106000,-95000
2012/08/14,0,53000,0,53000
2012/08/15,0,101000,0,101000
2012/08/16,0,28000,-3000,25000
2012/08/17,0,67000,-1000,66000
2012/08/20,0,43000,-13000,30000
2012/08/21,0,209000,0,209000
2012/08/22,0,493000,-2000,491000
2012/08/23,0,24000,-3000,21000
2012/08/24,0,1000,-13000,-12000
2012/08/27,0,4000,-16000,-12000
2012/08/28,0,67000,-13000,54000
2012/08/29,0,149000,-2000,147000
2012/08/30,0,114000,-30000,84000
2012/08/31,0,73722,-75000,-1278
2012/09/03,0,5000,-1000,4000
2012/09/04,0,70000,-43000,27000
2012/09/05,0,54000,-96000,-42000
2012/09/06,0,5000,-23000,-18000
2012/09/07,0,46869,0,46869
2012/09/10,0,73000,-43019,29981
2012/09/11,0,99000,-6000,93000
2012/09/12,0,36000,-1000,35000
2012/09/13,0,1000,0,1000
2012/09/14,0,123000,-5067,117933
2012/09/17,0,5000,0,5000
2012/09/18,0,112000,-21000,91000
2012/09/19,0,297000,0,297000
2012/09/20,0,241000,-12000,229000
2012/09/21,0,172000,-9000,163000
2012/09/24,0,46000,-7000,39000
2012/09/25,0,154000,-6000,148000
2012/09/26,0,11000,-4000,7000
2012/09/27,0,51000,-28000,23000
2012/09/28,0,273000,0,273000
2012/10/01,0,78000,-44000,34000
2012/10/02,0,76000,-43000,33000
2012/10/03,0,502000,-1000,501000
2012/10/04,0,271000,0,271000
2012/10/05,0,38000,0,38000
2012/10/08,0,19000,-72000,-53000
2012/10/09,0,122000,-56000,66000
2012/10/10,0,0,0,0
2012/10/11,0,224000,-39000,185000
2012/10/12,0,127000,-34000,93000
2012/10/15,0,129000,-64000,65000
2012/10/16,0,156000,-78000,78000
2012/10/17,0,219000,-176000,43000
2012/10/18,0,241000,-140000,101000
2012/10/19,0,27000,-32000,-5000
2012/10/22,0,63000,-26669,36331
2012/10/23,0,39000,-12000,27000
2012/10/24,0,47000,-4000,43000
2012/10/25,0,25000,-32000,-7000
2012/10/26,0,92000,-225000,-133000
2012/10/29,0,80000,-14000,66000
2012/10/30,0,146000,-4000,142000
2012/10/31,0,20000,-14000,6000
2012/11/01,0,145000,-61000,84000
2012/11/02,0,159000,-527000,-368000
2012/11/05,0,142000,-46000,96000
2012/11/06,0,36000,-3000,33000
2012/11/07,0,39000,0,39000
2012/11/08,0,101000,-81000,20000
2012/11/09,0,121000,-22000,99000
2012/11/12,0,47000,-6000,41000
2012/11/13,0,92000,-163000,-71000
2012/11/14,0,29000,-59981,-30981
2012/11/15,0,306000,-34000,272000
2012/11/16,0,59000,-140000,-81000
2012/11/19,0,138000,-147000,-9000
2012/11/20,0,37000,-40000,-3000
2012/11/21,0,44000,-51000,-7000
2012/11/22,0,9000,0,9000
2012/11/23,0,86000,0,86000
2012/11/26,0,44000,-56000,-12000
2012/11/27,0,112000,-53000,59000
2012/11/28,0,4000,-72000,-68000
2012/11/29,0,80000,-14000,66000
2012/11/30,0,167000,-2000,165000
2012/12/03,0,202000,-19000,183000
2012/12/04,0,76000,-1000,75000
2012/12/05,0,67000,-25000,42000
2012/12/06,0,57000,-108000,-51000
2012/12/07,0,16000,-3000,13000
2012/12/10,0,68000,-39000,29000
2012/12/11,0,55000,-6000,49000
2012/12/12,0,90000,-46000,44000
2012/12/13,0,255000,-187000,68000
2012/12/14,0,213000,-83000,130000
2012/12/17,0,102000,-36000,66000
2012/12/18,0,209000,-11000,198000
2012/12/19,0,89000,-52000,37000
2012/12/20,0,59000,-195000,-136000
2012/12/21,0,183000,-567000,-384000
2012/12/24,0,18000,-16000,2000
2012/12/25,0,56000,-3000,53000
2012/12/26,0,92000,-76000,16000
2012/12/27,0,119367,-113000,6367
2012/12/28,0,153000,-200000,-47000
2012/12/31,0,0,0,0
2013/01/01,0,0,0,0
2013/01/02,0,62000,-137000,-75000
2013/01/03,0,120000,-201000,-81000
2013/01/04,0,193000,-185000,8000
2013/01/07,0,137000,-112000,25000
2013/01/08,0,214000,-250000,-36000
2013/01/09,0,88000,-133000,-45000
2013/01/10,0,272000,-527000,-255000
2013/01/11,0,78000,-141000,-63000
2013/01/14,0,53000,-70000,-17000
2013/01/15,0,107000,-159933,-52933
2013/01/16,0,166000,-229000,-63000
2013/01/17,0,47000,-220000,-173000
2013/01/18,0,121000,-106000,15000
2013/01/21,0,39000,-78000,-39000
2013/01/22,0,32000,-91000,-59000
2013/01/23,0,166000,-232000,-66000
2013/01/24,0,47000,-130000,-83000
2013/01/25,0,74000,-280000,-206000
2013/01/28,0,221000,-230308,-9308
2013/01/29,0,162000,-43000,119000
2013/01/30,0,141000,-1000,140000
2013/01/31,0,187000,-364000,-177000
2013/02/01,0,210000,-19000,191000
2013/02/04,0,98000,-86000,12000
2013/02/05,0,185000,-22000,163000
2013/02/06,0,241000,-59000,182000
2013/02/07,0,0,0,0
2013/02/08,0,0,0,0
2013/02/11,0,0,0,0
2013/02/12,0,0,0,0
2013/02/13,0,0,0,0
2013/02/14,0,0,0,0
2013/02/15,0,0,0,0
2013/02/18,0,90000,-75000,15000
2013/02/19,0,30000,-107000,-77000
2013/02/20,0,128000,-88000,40000
2013/02/21,0,60000,-124000,-64000
2013/02/22,0,77000,-16000,61000
2013/02/25,0,65000,-83000,-18000
2013/02/26,0,83000,-15000,68000
2013/02/27,0,22000,-20000,2000
2013/02/28,0,0,0,0
2013/03/01,0,215000,-142371,72629
2013/03/04,0,310000,-441000,-131000
2013/03/05,0,81000,-146000,-65000
2013/03/06,0,38000,-64000,-26000
2013/03/07,0,45000,-99000,-54000
2013/03/08,0,131000,-122000,9000
2013/03/11,0,62000,-31000,31000
2013/03/12,0,34000,-62000,-28000
2013/03/13,0,17000,-1000,16000
2013/03/14,0,25000,-75000,-50000
2013/03/15,0,89000,-136000,-47000
2013/03/18,0,2000,-130000,-128000
2013/03/19,0,120000,-260000,-140000
2013/03/20,0,127000,-208000,-81000
2013/03/21,0,53000,-24000,29000
2013/03/22,0,26000,-70250,-44250
2013/03/25,0,137000,-125000,12000
2013/03/26,0,149000,-190000,-41000
2013/03/27,0,233000,-266000,-33000
2013/03/28,0,10000,-67000,-57000
2013/03/29,0,9000,-34000,-25000
2013/04/01,0,80000,-49000,31000
2013/04/02,0,41000,-40000,1000
2013/04/03,0,7000,-17000,-10000
2013/04/04,0,0,0,0
2013/04/05,0,0,0,0
2013/04/08,0,12000,-26000,-14000
2013/04/09,0,113000,-89000,24000
2013/04/10,0,104000,-115000,-11000
2013/04/11,0,49000,-45000,4000
2013/04/12,0,49000,-43000,6000
2013/04/15,0,54000,-14000,40000
2013/04/16,0,273000,-20000,253000
2013/04/17,0,24000,-55200,-31200
2013/04/18,0,61000,-43000,18000
2013/04/19,0,40000,-2800,37200
2013/04/22,0,111000,-600,110400
2013/04/23,0,194000,-18000,176000
2013/04/24,0,89000,-46000,43000
2013/04/25,0,75000,-17400,57600
2013/04/26,0,200000,-51600,148400
2013/04/29,0,151000,-13000,138000
2013/04/30,0,200000,-300,199700
2013/05/01,0,0,0,0
2013/05/02,0,139000,-5000,134000
2013/05/03,0,39000,0,39000
2013/05/06,0,59000,0,59000
2013/05/07,0,138000,-5500,132500
2013/05/08,0,79000,-100,78900
2013/05/09,0,116000,-43100,72900
2013/05/10,0,237000,-100000,137000
2013/05/13,0,75000,-37200,37800
2013/05/14,0,143000,-31000,112000
2013/05/15,0,184000,-4112,179888
2013/05/16,0,325000,0,325000
2013/05/17,0,77000,-57000,20000
2013/05/20,0,32000,-11000,21000
2013/05/21,0,22000,0,22000
2013/05/22,0,30000,-5000,25000
2013/05/23,0,104000,-42000,62000
2013/05/24,0,30000,-27000,3000
2013/05/27,0,12000,-37000,-25000
2013/05/28,0,157000,-56000,101000
2013/05/29,0,103000,-130000,-27000
2013/05/30,0,26000,-113000,-87000
2013/05/31,0,36000,-50235,-14235
2013/06/03,0,26000,-57000,-31000
2013/06/04,0,114000,-119000,-5000
2013/06/05,0,90000,-101000,-11000
2013/06/06,0,81000,-93000,-12000
2013/06/07,0,136000,-147000,-11000
2013/06/10,0,42000,-57000,-15000
2013/06/11,0,40000,-131000,-91000
2013/06/12,0,0,0,0
2013/06/13,0,21000,-93000,-72000
2013/06/14,0,126000,-147000,-21000
2013/06/17,0,26000,-172000,-146000
2013/06/18,0,133000,-86000,47000
2013/06/19,0,72000,-106000,-34000
2013/06/20,0,23000,-164000,-141000
2013/06/21,0,283000,-864000,-581000
2013/06/24,0,188000,-1259107,-1071107
2013/06/25,0,94000,-72598,21402
2013/06/26,0,406000,-219000,187000
2013/06/27,0,181000,-115000,66000
2013/06/28,0,26000,-127000,-101000
2013/07/01,0,297000,-501000,-204000
2013/07/02,0,175000,-185414,-10414
2013/07/03,0,96000,-178000,-82000
2013/07/04,0,60000,-133000,-73000
2013/07/05,0,40000,-176000,-136000
2013/07/08,0,75000,-275000,-200000
2013/07/09,0,97000,-313000,-216000
2013/07/10,0,30000,-297000,-267000
2013/07/11,0,98000,-669000,-571000
2013/07/12,0,169000,-378000,-209000
2013/07/15,0,50000,-997000,-947000
2013/07/16,0,63000,-732000,-669000
2013/07/17,0,79000,-387000,-308000
2013/07/18,0,80000,-211000,-131000
2013/07/19,0,152000,-330000,-178000
2013/07/22,0,33000,-364000,-331000
2013/07/23,0,509000,-624000,-115000
2013/07/24,0,41000,-166000,-125000
2013/07/25,0,133000,-294000,-161000
2013/07/26,0,115000,-382000,-267000
2013/07/29,0,6000,-43000,-37000
2013/07/30,0,143000,-25000,118000
2013/07/31,0,26000,-37000,-11000
2013/08/01,0,131000,-94000,37000
2013/08/02,0,84000,-170000,-86000
2013/08/05,0,240000,-40000,200000
2013/08/06,0,29000,-143000,-114000
2013/08/07,0,149000,-114000,35000
2013/08/08,0,1000,-72000,-71000
2013/08/09,0,10000,-66000,-56000
2013/08/12,0,227000,-111000,116000
2013/08/13,0,356000,-78000,278000
2013/08/14,0,154000,-66000,88000
2013/08/15,0,385000,-56000,329000
2013/08/16,0,302000,-59000,243000
2013/08/19,0,102000,-42000,60000
2013/08/20,0,196000,-58000,138000
2013/08/21,0,0,0,0
2013/08/22,0,84000,-98000,-14000
2013/08/23,0,69000,-38000,31000
2013/08/26,0,21000,-28000,-7000
2013/08/27,0,25000,-18000,7000
2013/08/28,0,117000,-25000,92000
2013/08/29,0,156000,-22000,134000
2013/08/30,0,195000,-118000,77000
2013/09/02,0,5000,-9000,-4000
2013/09/03,0,45000,-18000,27000
2013/09/04,0,4000,-1000,3000
2013/09/05,0,34000,-30000,4000
2013/09/06,0,23000,-5000,18000
2013/09/09,0,28000,-30000,-2000
2013/09/10,0,57000,-53000,4000
2013/09/11,0,16000,-4000,12000
2013/09/12,0,99000,-1000,98000
2013/09/13,0,15000,-21000,-6000
2013/09/16,0,38000,-63000,-25000
2013/09/17,0,100000,-61000,39000
2013/09/18,0,19000,-59000,-40000
2013/09/19,0,0,0,0
2013/09/20,0,0,0,0
2013/09/23,0,36000,-12000,24000
2013/09/24,0,66000,-21000,45000
2013/09/25,0,77000,-14000,63000
2013/09/26,0,90000,-3000,87000
2013/09/27,0,65000,-3000,62000
2013/09/30,0,42000,-20000,22000
2013/10/01,0,21000,-33000,-12000
2013/10/02,0,4000,-11000,-7000
2013/10/03,0,19000,-26000,-7000
2013/10/04,0,49000,0,49000
2013/10/07,0,2000,-8000,-6000
2013/10/08,0,38000,-1000,37000
2013/10/09,0,0,-1000,-1000
2013/10/10,0,0,0,0
2013/10/11,0,31000,-23000,8000
2013/10/14,0,98000,-7000,91000
2013/10/15,0,34000,-1000,33000
2013/10/16,0,46000,-60000,-14000
2013/10/17,0,14000,-1000,13000
2013/10/18,0,27000,-3000,24000
2013/10/21,0,0,-47000,-47000
2013/10/22,0,3000,-6000,-3000
2013/10/23,0,20000,-39000,-19000
2013/10/24,0,14000,-17000,-3000
2013/10/25,0,14000,-83000,-69000
2013/10/28,0,28000,-41000,-13000
2013/10/29,0,20000,-1004000,-984000
2013/10/30,0,6000,-35000,-29000
2013/10/31,0,17000,-32000,-15000
2013/11/01,0,3000,-53000,-50000
2013/11/04,0,2000,-35000,-33000
2013/11/05,0,0,-94000,-94000
2013/11/06,0,44000,-52000,-8000
2013/11/07,0,85000,-96000,-11000
2013/11/08,0,87000,-57000,30000
2013/11/11,0,10000,-68543,-58543
2013/11/12,0,135000,-113000,22000
2013/11/13,0,43000,-51000,-8000
2013/11/14,0,124000,-142000,-18000
2013/11/15,0,28000,-57000,-29000
2013/11/18,0,25000,-28000,-3000
2013/11/19,0,32000,-1065000,-1033000
2013/11/20,0,26000,-45000,-19000
2013/11/21,0,57000,-53000,4000
2013/11/22,0,29000,-69000,-40000
2013/11/25,0,93000,-193000,-100000
2013/11/26,0,54000,-54000,0
2013/11/27,0,42000,-469000,-427000
2013/11/28,0,108000,-67000,41000
2013/11/29,0,140000,-127000,13000
2013/12/02,0,123000,-122000,1000
2013/12/03,0,98000,-84000,14000
2013/12/04,0,177000,-140000,37000
2013/12/05,0,284000,-330000,-46000
2013/12/06,0,252000,-306000,-54000
2013/12/09,0,184000,-401000,-217000
2013/12/10,0,345759,-353759,-8000
2013/12/11,0,316000,-287241,28759
2013/12/12,0,191000,-338000,-147000
2013/12/13,0,227000,-330000,-103000
2013/12/16,0,263000,-254000,9000
2013/12/17,0,217000,-260000,-43000
2013/12/18,0,141000,-253000,-112000
2013/12/19,0,162000,-286000,-124000
2013/12/20,0,243000,-467000,-224000
2013/12/23,0,129000,-85000,44000
2013/12/24,0,61000,-105000,-44000
2013/12/25,0,9000,-125000,-116000
2013/12/26,0,14000,-57000,-43000
2013/12/27,0,166000,-140000,26000
2013/12/30,0,71000,-77000,-6000
2013/12/31,0,40000,-97000,-57000
2014/01/02,0,85000,-112000,-27000
2014/01/03,0,142000,-222000,-80000
2014/01/06,0,130000,-114000,16000
2014/01/07,0,94000,-214000,-120000
2014/01/08,0,34000,-114000,-80000
2014/01/09,0,89000,-99000,-10000
2014/01/10,0,177000,-224000,-47000
2014/01/13,0,135000,-92000,43000
2014/01/14,0,85000,-109000,-24000
2014/01/15,0,135000,-197000,-62000
2014/01/16,0,71000,-71000,0
2014/01/17,0,123000,-92000,31000
2014/01/20,0,73000,-118000,-45000
2014/01/21,0,116000,-141000,-25000
2014/01/22,0,214000,-210000,4000
2014/01/23,0,51000,-176000,-125000
2014/01/24,0,146000,-144000,2000
2014/01/27,0,145000,-212000,-67000
2014/02/05,0,127000,-413000,-286000
2014/02/06,0,81000,-257000,-176000
2014/02/07,0,154000,-275000,-121000
2014/02/10,0,93000,-169000,-76000
2014/02/11,0,76000,-101000,-25000
2014/02/12,0,64000,-317000,-253000
2014/02/13,0,52000,-228000,-176000
2014/02/14,0,11000,-176000,-165000
2014/02/17,0,44000,-87000,-43000
2014/02/18,0,6000,-80000,-74000
2014/02/19,0,135000,-130000,5000
2014/02/20,0,2000,-53000,-51000
2014/02/21,0,6000,-79000,-73000
2014/02/24,0,2000,-45000,-43000
2014/02/25,0,2000,-67000,-65000
2014/02/26,0,29000,-92000,-63000
2014/02/27,0,117000,-102000,15000
2014/03/03,0,2000,-117000,-115000
2014/03/04,0,13000,-143000,-130000
2014/03/05,0,6000,-80000,-74000
2014/03/06,0,7000,-84000,-77000
2014/03/07,0,30000,-54000,-24000
2014/03/10,0,32000,-229000,-197000
2014/03/11,0,68000,-270000,-202000
2014/03/12,0,39000,-113000,-74000
2014/03/13,0,41000,-106000,-65000
2014/03/14,0,37000,-110000,-73000
2014/03/17,0,56000,-98000,-42000
2014/03/18,0,14000,-62000,-48000
2014/03/19,0,8000,-79000,-71000
2014/03/20,0,24000,-163000,-139000
2014/03/21,0,55323,-404000,-348677
2014/03/24,0,89000,-162000,-73000
2014/03/25,0,53000,-97000,-44000
2014/03/26,0,69000,-212000,-143000
2014/03/27,0,102000,-179000,-77000
2014/03/28,0,41000,-108000,-67000
2014/03/31,0,49000,-75000,-26000
2014/04/01,0,3000,-156000,-153000
2014/04/02,0,2000,-106000,-104000
2014/04/03,0,62000,-145000,-83000
2014/04/07,0,223000,-357000,-134000
2014/04/08,0,155000,-249000,-94000
2014/04/09,0,211000,-245000,-34000
2014/04/10,0,76000,-128759,-52759
2014/04/11,0,0,-132000,-132000
2014/04/14,0,9001,-85000,-75999
2014/04/15,0,6000,-58000,-52000
2014/04/16,0,223000,-262000,-39000
2014/04/17,0,10000,-144000,-134000
2014/04/18,0,8000,-169000,-161000
2014/04/21,0,10000,-140000,-130000
2014/04/22,0,114000,-169000,-55000
2014/04/23,0,65001,-160000,-94999
2014/04/24,0,70000,-183000,-113000
2014/04/25,0,14000,-323000,-309000
2014/04/28,0,136000,-902000,-766000
2014/04/29,0,437000,-738000,-301000
2014/04/30,0,141000,-251000,-110000
2014/05/02,0,31000,-77000,-46000
2014/05/05,0,12000,-36000,-24000
2014/05/06,0,6000,-50000,-44000
2014/05/07,0,110000,-175000,-65000
2014/05/08,0,0,-48000,-48000
2014/05/09,0,21000,-148530,-127530
2014/05/12,0,14000,-127000,-113000
2014/05/13,0,10000,-168000,-158000
2014/05/14,0,6000,-57000,-51000
2014/05/15,0,191000,-129000,62000
2014/05/16,0,0,-88000,-88000
2014/05/19,0,72000,-92000,-20000
2014/05/20,0,97983,-48000,49983
2014/05/21,0,121000,-148000,-27000
2014/05/22,0,118000,-101000,17000
2014/05/23,0,94000,-178000,-84000
2014/05/26,0,51000,-108000,-57000
2014/05/27,0,114000,-105000,9000
2014/05/28,0,36000,-138000,-102000
2014/05/29,0,68000,-191030,-123030
2014/05/30,0,281000,-283000,-2000
2014/06/03,0,69300,-198000,-128700
2014/06/04,0,106000,-178000,-72000
2014/06/05,0,163000,-99000,64000
2014/06/06,0,44000,-91000,-47000
2014/06/09,0,6000,-106000,-100000
2014/06/10,0,6142,-75100,-68958
2014/06/11,0,4000,-49100,-45100
2014/06/12,0,49000,-57000,-8000
2014/06/13,0,77000,-89000,-12000
2014/06/16,0,29000,-55000,-26000
2014/06/17,0,141000,-93000,48000
2014/06/18,0,341100,-165000,176100
2014/06/19,0,103100,-125000,-21900
2014/06/20,0,26000,-102000,-76000
2014/06/23,0,60000,-79000,-19000
2014/06/24,0,109000,-104000,5000
2014/06/25,0,145000,-182000,-37000
2014/06/26,0,109212,-111000,-1788
2014/06/27,0,66000,-107000,-41000
2014/06/30,0,30000,-65000,-35000
2014/07/01,0,34000,-42000,-8000
2014/07/02,0,159000,-161000,-2000
2014/07/03,0,117000,-137000,-20000
2014/07/04,0,82000,-167000,-85000
2014/07/07,0,108000,-103000,5000
2014/07/08,0,8000,-55000,-47000
2014/07/09,0,84000,-129000,-45000
2014/07/10,0,20000,-73000,-53000
2014/07/11,0,135000,-71000,64000
2014/07/14,0,88000,-131000,-43000
2014/07/15,0,78071,-108000,-29929
2014/07/16,0,887000,-907000,-20000
2014/07/17,0,91764,-60000,31764
2014/07/18,0,275000,-228000,47000
2014/07/21,0,1000,-46000,-45000
2014/07/22,0,182000,-107000,75000
2014/07/23,0,0,0,0
2014/07/24,0,579000,-427000,152000
2014/07/25,0,85000,-74000,11000
2014/07/28,0,373000,-205000,168000
2014/07/29,0,294000,-228000,66000
2014/07/30,0,194000,-11000,183000
2014/07/31,0,206000,-15000,191000
2014/08/01,0,102000,-1000,101000
2014/08/04,0,96000,-8000,88000
2014/08/05,0,27000,-45000,-18000
2014/08/06,0,138000,-9000,129000
2014/08/07,0,31159,-35000,-3841
2014/08/08,0,69000,-41000,28000
2014/08/11,0,47000,-13000,34000
2014/08/12,0,97000,-26000,71000
2014/08/13,0,308000,-20000,288000
2014/08/14,0,252000,-98000,154000
2014/08/15,0,451000,-109000,342000
2014/08/18,0,133000,-125000,8000
2014/08/19,0,251000,-38000,213000
2014/08/20,0,235000,-50000,185000
2014/08/21,0,244000,-39000,205000
2014/08/22,0,173000,-253000,-80000
2014/08/25,0,121000,-41000,80000
2014/08/26,0,201000,-55000,146000
2014/08/27,0,452000,-302000,150000
2014/08/28,0,153000,-200000,-47000
2014/08/29,0,373692,-161000,212692
2014/09/01,0,74000,-68000,6000
2014/09/02,0,167445,-213000,-45555
2014/09/03,0,197000,-78000,119000
2014/09/04,0,528000,-250000,278000
2014/09/05,0,429000,-376000,53000
2014/09/09,0,695296,-442000,253296
2014/09/10,0,485000,-384000,101000
2014/09/11,0,534000,-341000,193000
2014/09/12,0,183386,-93000,90386
2014/09/15,0,286000,-26000,260000
2014/09/16,0,381457,-24000,357457
2014/09/17,0,302000,-165000,137000
2014/09/18,0,67000,-60000,7000
2014/09/19,0,684000,-524824,159176
2014/09/22,0,43000,-13000,30000
2014/09/23,0,60315,-15000,45315
2014/09/24,0,257000,-81000,176000
2014/09/25,0,198000,-151000,47000
2014/09/26,0,286000,-41000,245000
2014/09/29,0,722000,-81000,641000
2014/09/30,0,696858,-112000,584858
2014/10/01,0,322000,-53000,269000
2014/10/02,0,189000,-17000,172000
2014/10/03,0,241000,-5000,236000
2014/10/06,0,420000,-10000,410000
2014/10/07,0,307000,-78000,229000
2014/10/08,0,475551,-31765,443786
2014/10/09,0,477000,-15000,462000
2014/10/13,0,294000,-27770,266230
2014/10/14,0,348590,-45000,303590
2014/10/15,0,533000,-93000,440000
2014/10/16,0,542000,-78000,464000
2014/10/17,0,398000,-170000,228000
2014/10/20,0,220000,-159000,61000
2014/10/21,0,422000,-148318,273682
2014/10/22,0,591000,-188000,403000
2014/10/23,0,451000,-256000,195000
2014/10/24,0,1405000,-356000,1049000
2014/10/27,0,882000,-127925,754075
2014/10/28,0,185532,-31000,154532
2014/10/29,0,150000,-26090,123910
2014/10/30,0,198000,-14460,183540
2014/10/31,0,82000,-36000,46000
2014/11/03,0,105000,-323745,-218745
2014/11/04,0,348850,-161000,187850
2014/11/05,0,248000,-81380,166620
2014/11/06,0,83000,-58000,25000
2014/11/07,0,80110,-31000,49110
2014/11/10,0,117000,-21000,96000
2014/11/11,0,123274,-35000,88274
2014/11/12,0,38000,-65615,-27615
2014/11/13,0,66000,-45000,21000
2014/11/14,0,47864,-113000,-65136
2014/11/17,0,68000,-75000,-7000
2014/11/18,0,128000,-83359,44641
2014/11/19,0,65000,-36000,29000
2014/11/20,0,30000,-25055,4945
2014/11/21,0,23000,-52000,-29000
2014/11/24,0,68000,-20000,48000
2014/11/25,0,32776,-70000,-37224
2014/11/26,0,11000,-94000,-83000
2014/11/27,0,13000,-14000,-1000
2014/11/28,0,174000,-17000,157000
2014/12/01,0,107000,-46000,61000
2014/12/02,0,574000,-384000,190000
2014/12/03,0,360509,-391000,-30491
2014/12/04,0,24000,-9000,15000
2014/12/05,0,17501,-42000,-24499
2014/12/08,0,285000,-289135,-4135
2014/12/09,0,167937,-169000,-1063
2014/12/10,0,23000,-92000,-69000
2014/12/11,0,23000,-51000,-28000
2014/12/12,0,21000,-42000,-21000
2014/12/15,0,32000,-25000,7000
2014/12/16,0,127036,-67000,60036
2014/12/17,0,75000,-110162,-35162
2014/12/18,0,156000,-71000,85000
2014/12/19,0,42000,-54000,-12000
2014/12/22,0,3282735,-3297735,-15000
2014/12/23,0,10000,-24000,-14000
2014/12/24,0,9000,-27000,-18000
2014/12/25,0,19000,-9000,10000
2014/12/26,0,23000,-6000,17000
2014/12/29,0,18000,-5000,13000
2014/12/30,0,12000,-97000,-85000
2014/12/31,0,27000,-21000,6000
2015/01/01,0,0,0,0
2015/01/02,0,0,0,0
2015/01/05,0,73000,-81000,-8000
2015/01/06,0,46000,-44000,2000
2015/01/07,0,91000,-66000,25000
2015/01/08,0,118000,-16000,102000
2015/01/09,0,58000,-38000,20000
2015/01/12,0,70000,-66671,3329
2015/01/13,0,129000,-185487,-56487
2015/01/14,0,277000,-252000,25000
2015/01/15,0,258000,-311000,-53000
2015/01/16,0,11000,-100658,-89658
2015/01/19,0,52000,-43000,9000
2015/01/20,0,29330,-49000,-19670
2015/01/21,0,33000,-102000,-69000
2015/01/22,0,95000,-130000,-35000
2015/01/23,0,52000,-69000,-17000
2015/01/26,0,65000,-145000,-80000
2015/01/27,0,5000,-36000,-31000
2015/01/28,0,434000,-395000,39000
2015/01/29,0,42000,-1000,41000
2015/01/30,0,15000,-25000,-10000
2015/02/02,0,118000,-22000,96000
2015/02/03,0,50000,-57000,-7000
2015/02/04,0,23000,-118000,-95000
2015/02/05,0,11000,-87443,-76443
2015/02/06,0,283000,-215000,68000
2015/02/09,0,92000,-26000,66000
2015/02/10,0,339000,-113300,225700
2015/02/11,0,104000,-15105,88895
2015/02/12,0,131000,-21000,110000
2015/02/13,0,91000,-79000,12000
2015/02/16,0,0,0,0
2015/02/17,0,0,0,0
2015/02/18,0,0,0,0
2015/02/19,0,0,0,0
2015/02/20,0,0,0,0
2015/02/23,0,0,0,0
2015/02/24,0,202779,-56000,146779
2015/02/25,0,575395,-233000,342395
2015/02/26,0,240000,-14000,226000
2015/02/27,0,0,0,0
2015/03/02,0,99000,-36000,63000
2015/03/03,0,29394,-21000,8394
2015/03/04,0,45000,-5075,39925
2015/03/05,0,27000,-8000,19000
2015/03/06,0,21000,-5000,16000
2015/03/09,0,48000,-43000,5000
2015/03/10,0,34561,-6000,28561
2015/03/11,0,5000,-65000,-60000
2015/03/12,0,109000,-31000,78000
2015/03/13,0,2000,-9000,-7000
2015/03/16,0,12000,-34013,-22013
2015/03/17,0,13571,-18000,-4429
2015/03/18,0,21000,-15340,5660
2015/03/19,0,33000,-21000,12000
2015/03/20,0,258000,-58000,200000
2015/03/23,0,88000,-21060,66940
2015/03/24,0,13084,-88000,-74916
2015/03/25,0,120000,-4000,116000
2015/03/26,0,235000,-274000,-39000
2015/03/27,0,236000,-187000,49000
2015/03/30,0,124000,-122026,1974
2015/03/31,0,149000,-147000,2000
2015/04/01,0,78000,-26000,52000
2015/04/02,0,50000,-28105,21895
2015/04/03,0,0,0,0
2015/04/06,0,0,0,0
2015/04/07,0,144000,-43000,101000
2015/04/08,0,81000,-34173,46827
2015/04/09,0,161000,-23000,138000
2015/04/10,0,166000,-23000,143000
2015/04/13,0,380000,-195000,185000
2015/04/14,0,323000,-143000,180000
2015/04/15,0,411000,-297000,114000
2015/04/16,0,380000,-139000,241000
2015/04/17,0,236000,-179000,57000
2015/04/20,0,171000,-69000,102000
2015/04/21,0,172000,-20000,152000
2015/04/22,0,218000,-80000,138000
2015/04/23,0,242000,-109330,132670
2015/04/24,0,299000,-221000,78000
2015/04/27,0,444000,-192000,252000
2015/04/28,0,551000,-336000,215000
2015/04/29,0,400000,-410000,-10000
2015/04/30,0,553000,-400000,153000
2015/05/01,0,0,0,0
2015/05/04,0,758000,-416000,342000
2015/05/05,0,360000,-161000,199000
2015/05/06,0,404000,-160000,244000
2015/05/07,0,532000,-257000,275000
2015/05/08,0,558000,-369000,189000
2015/05/11,0,415000,-256030,158970
2015/05/12,0,477000,-186015,290985
2015/05/13,0,326000,-237000,89000
2015/05/14,0,542000,-424500,117500
2015/05/15,0,370000,-193000,177000
2015/05/18,0,1226000,-677000,549000
2015/05/19,0,510000,-526000,-16000
2015/05/20,0,308000,-248000,60000
2015/05/21,0,335000,-511000,-176000
2015/05/22,0,269000,-475740,-206740
2015/05/25,0,161000,-120000,41000
2015/05/26,0,359000,-131000,228000
2015/05/27,0,467000,-260000,207000
2015/05/28,0,447000,-161340,285660
2015/05/29,0,351000,-221000,130000
2015/06/01,0,215000,-23000,192000
2015/06/02,0,269000,-126000,143000
2015/06/03,0,230000,-145000,85000
2015/06/04,0,174000,-131000,43000
2015/06/05,0,230000,-323000,-93000
2015/06/08,0,153000,-88000,65000
2015/06/09,0,81000,-224000,-143000
2015/06/10,0,71000,-115000,-44000
2015/06/11,0,185349,-154000,31349
2015/06/12,0,98000,-103000,-5000
2015/06/15,0,468751,-401000,67751
2015/06/16,0,131000,-231000,-100000
2015/06/17,0,617000,-524100,92900
2015/06/18,0,185000,-331913,-146913
2015/06/19,0,0,0,0
2015/06/22,0,136000,-70000,66000
2015/06/23,0,81000,-98670,-17670
2015/06/24,0,63000,-60000,3000
2015/06/25,0,244000,-288473,-44473
2015/06/26,0,83000,-80000,3000
2015/06/29,0,123000,-109506,13494
2015/06/30,0,258000,-105425,152575
2015/07/01,0,92000,-35000,57000
2015/07/02,0,83000,-137058,-54058
2015/07/03,0,47000,-103000,-56000
2015/07/06,0,181000,-136871,44129
2015/07/07,0,38000,-83013,-45013
2015/07/08,0,129000,-131148,-2148
2015/07/09,0,95000,-180000,-85000
2015/07/10,0,0,0,0
2015/07/13,0,67000,-206686,-139686
2015/07/14,0,429000,-361053,67947
2015/07/15,0,115000,-241000,-126000
2015/07/16,0,164000,-205667,-41667
2015/07/17,0,83000,-176000,-93000
2015/07/20,0,41000,-87000,-46000
2015/07/21,0,174000,-312000,-138000
2015/07/22,0,150000,-299000,-149000
2015/07/23,0,132000,-222000,-90000
2015/07/24,0,176000,-120000,56000
2015/07/27,0,109000,-91105,17895
2015/07/28,0,165000,-125000,40000
2015/07/29,0,278000,-43035,234965
2015/07/30,0,441000,-70000,371000
2015/07/31,0,184000,-126000,58000
2015/08/03,0,633000,-562000,71000
2015/08/04,0,167000,-70000,97000
2015/08/05,0,157000,-53000,104000
2015/08/06,0,210000,-181000,29000
2015/08/07,0,95000,-78000,17000
2015/08/10,0,142000,-107000,35000
2015/08/11,0,134000,-97000,37000
2015/08/12,0,100000,-65000,35000
2015/08/13,0,178000,-147892,30108
2015/08/14,0,124000,-78000,46000
2015/08/17,0,142000,-159000,-17000
2015/08/18,0,211000,-275000,-64000
2015/08/19,0,524000,-498494,25506
2015/08/20,0,470000,-818000,-348000
2015/08/21,0,222000,-300642,-78642
2015/08/24,0,287000,-972000,-685000
2015/08/25,0,195400,-566739,-371339
2015/08/26,0,346000,-299998,46002
2015/08/27,0,115000,-425784,-310784
2015/08/28,0,329000,-739655,-410655
2015/08/31,0,225000,-682485,-457485
2015/09/01,0,146000,-487835,-341835
2015/09/02,0,140000,-432000,-292000
2015/09/03,0,61000,-203000,-142000
2015/09/04,0,45000,-367214,-322214
2015/09/07,0,53000,-134842,-81842
2015/09/08,0,31000,-344586,-313586
2015/09/09,0,192000,-425000,-233000
2015/09/10,0,122000,-280332,-158332
2015/09/11,0,86000,-51000,35000
2015/09/14,0,36000,-310300,-274300
2015/09/15,0,91000,-70000,21000
2015/09/16,0,117000,-262500,-145500
2015/09/17,0,143000,-146100,-3100
2015/09/18,0,240000,-245075,-5075
2015/09/21,0,246000,-207000,39000
2015/09/22,0,203299,-286000,-82701
2015/09/23,0,281000,-649405,-368405
2015/09/24,0,404000,-348000,56000
2015/09/25,0,442000,-206000,236000
2015/09/28,0,0,0,0
2015/09/29,0,0,0,0
2015/09/30,0,821000,-608390,212610
2015/10/01,0,456000,-284000,172000
2015/10/02,0,373000,-227031,145969
2015/10/05,0,512000,-9000,503000
2015/10/06,0,634000,-177000,457000
2015/10/07,0,151000,-177560,-26560
2015/10/08,0,184000,-181000,3000
2015/10/09,0,0,0,0
2015/10/12,0,299000,-440820,-141820
2015/10/13,0,273000,-404630,-131630
2015/10/14,0,209000,-235000,-26000
2015/10/15,0,249000,-284000,-35000
2015/10/16,0,327000,-442000,-115000
2015/10/19,0,166000,-129000,37000
2015/10/20,0,395000,-151649,243351
2015/10/21,0,365000,-165000,200000
2015/10/22,0,272000,-69000,203000
2015/10/23,0,226000,-101000,125000
2015/10/26,0,624540,-435040,189500
2015/10/27,0,164000,-135000,29000
2015/10/28,0,206920,-57000,149920
2015/10/29,0,218000,-129000,89000
2015/10/30,0,526000,-50000,476000
2015/11/02,0,357000,-270000,87000
2015/11/03,0,228000,-236000,-8000
2015/11/04,0,576000,-309000,267000
2015/11/05,0,301000,-205000,96000
2015/11/06,0,239000,-271405,-32405
2015/11/09,0,238000,-178000,60000
2015/11/10,0,109000,-216520,-107520
2015/11/11,0,147000,-310000,-163000
2015/11/12,0,72000,-144000,-72000
2015/11/13,0,78000,-202000,-124000
2015/11/16,0,98000,-191962,-93962
2015/11/17,0,75000,-266527,-191527
2015/11/18,0,68000,-144615,-76615
2015/11/19,0,96000,-148000,-52000
2015/11/20,0,92000,-120000,-28000
2015/11/23,0,177000,-101000,76000
2015/11/24,0,117000,-299000,-182000
2015/11/25,0,91000,-297000,-206000
2015/11/26,0,51000,-67000,-16000
2015/11/27,0,64000,-208000,-144000
2015/11/30,0,181000,-325000,-144000
2015/12/01,0,84000,-97969,-13969
2015/12/02,0,116000,-114000,2000
2015/12/03,0,57000,-166000,-109000
2015/12/04,0,39000,-55000,-16000
2015/12/07,0,101000,-104000,-3000
2015/12/08,0,111000,-58000,53000
2015/12/09,0,193000,-70025,122975
2015/12/10,0,47000,-253090,-206090
2015/12/11,0,32000,-238000,-206000
2015/12/14,0,50000,-176000,-126000
2015/12/15,0,21000,-206045,-185045
2015/12/16,0,69000,-131000,-62000
2015/12/17,0,321000,-149015,171985
2015/12/18,0,179000,-151000,28000
2015/12/21,0,41000,-190000,-149000
2015/12/22,0,66000,-124000,-58000
2015/12/23,0,31000,-98000,-67000
2015/12/24,0,21000,-48000,-27000
2015/12/25,0,16000,-28000,-12000
2015/12/28,0,127000,-71000,56000
2015/12/29,0,58000,-112000,-54000
2015/12/30,0,115000,-118000,-3000
2015/12/31,0,38000,-135000,-97000
2016/01/01,0,0,0,0
2016/01/04,0,35000,-150000,-115000
2016/01/05,0,38000,-147000,-109000
2016/01/06,0,57000,-75000,-18000
2016/01/07,0,24000,-218000,-194000
2016/01/08,0,74000,-204000,-130000
2016/01/11,0,143000,-189000,-46000
2016/01/12,0,46900,-117000,-70100
2016/01/13,0,68000,-274000,-206000
2016/01/14,0,110000,-251000,-141000
2016/01/15,0,128000,-179330,-51330
2016/01/18,0,69000,-75000,-6000
2016/01/19,0,141000,-218000,-77000
2016/01/20,0,107000,-154000,-47000
2016/01/21,0,176000,-164000,12000
2016/01/22,0,154000,-159000,-5000
2016/01/25,0,112000,-76645,35355
2016/01/26,0,69000,-32000,37000
2016/01/27,0,229000,-163000,66000
2016/01/28,0,172000,-320000,-148000
2016/01/29,0,97000,-59000,38000
2016/02/01,0,674000,-223000,451000
2016/02/02,0,330000,-292000,38000
2016/02/03,0,425000,-265000,160000
2016/02/04,0,0,0,0
2016/02/05,0,0,0,0
2016/02/08,0,0,0,0
2016/02/09,0,0,0,0
2016/02/10,0,0,0,0
2016/02/11,0,0,0,0
2016/02/12,0,0,0,0
2016/02/15,0,463000,-384000,79000
2016/02/16,0,54000,-535000,-481000
2016/02/17,0,157000,-114000,43000
2016/02/18,0,32000,-95020,-63020
2016/02/19,0,55000,-84847,-29847
2016/02/22,0,39000,-176000,-137000
2016/02/23,0,80000,-54000,26000
2016/02/24,0,330000,-159000,171000
2016/02/25,0,75000,-61000,14000
2016/02/26,0,309000,-257000,52000
2016/02/29,0,0,0,0
2016/03/01,0,63000,-56000,7000
2016/03/02,0,56000,-104000,-48000
2016/03/03,0,131000,-113000,18000
2016/03/04,0,150000,-243000,-93000
2016/03/07,0,106500,-132000,-25500
2016/03/08,0,120000,-382000,-262000
2016/03/09,0,126000,-171000,-45000
2016/03/10,0,110000,-29000,81000
2016/03/11,0,139000,-37000,102000
2016/03/14,0,74000,-36109,37891
2016/03/15,0,9000,-34000,-25000
2016/03/16,0,111000,-112000,-1000
2016/03/17,0,312000,-233000,79000
2016/03/18,0,245000,-183030,61970
2016/03/21,0,22000,-48000,-26000
2016/03/22,0,40000,-162400,-122400
2016/03/23,0,192000,-46000,146000
2016/03/24,0,28000,-25000,3000
2016/03/25,0,6000,-54000,-48000
2016/03/28,0,23000,-43000,-20000
2016/03/29,0,147000,-157000,-10000
2016/03/30,0,272000,-172023,99977
2016/03/31,0,237000,-434000,-197000
2016/04/01,0,113000,-46000,67000
2016/04/04,0,0,0,0
2016/04/05,0,0,0,0
2016/04/06,0,134000,-164000,-30000
2016/04/07,0,91000,-118210,-27210
2016/04/08,0,173000,-175000,-2000
2016/04/11,0,128000,-149000,-21000
2016/04/12,0,38000,-207000,-169000
2016/04/13,0,123000,-81000,42000
2016/04/14,0,31000,-95900,-64900
2016/04/15,0,31000,-70000,-39000
2016/04/18,0,96000,-96000,0
2016/04/19,0,22000,-29000,-7000
2016/04/20,0,51335,-61000,-9665
2016/04/21,0,15000,-132000,-117000
2016/04/22,0,10000,-152555,-142555
2016/04/25,0,22000,-37000,-15000
2016/04/26,0,69000,-167000,-98000
2016/04/27,0,8000,-91000,-83000
2016/04/28,0,38753,-123000,-84247
2016/04/29,0,29000,-129615,-100615
2016/05/02,0,0,0,0
2016/05/03,0,52800,-142000,-89200
2016/05/04,0,15000,-126390,-111390
2016/05/05,0,7000,-246000,-239000
2016/05/06,0,59000,-262000,-203000
2016/05/09,0,14000,-224000,-210000
2016/05/10,0,114000,-63000,51000
2016/05/11,0,103000,-214000,-111000
2016/05/12,0,100000,-142000,-42000
2016/05/13,0,128000,-74000,54000
2016/05/16,0,40000,-66000,-26000
2016/05/17,0,55000,-141000,-86000
2016/05/18,0,47000,-49000,-2000
2016/05/19,0,20000,-283000,-263000
2016/05/20,0,48000,-172000,-124000
2016/05/23,0,82000,-64000,18000
2016/05/24,0,64000,-85000,-21000
2016/05/25,0,49000,-100000,-51000
2016/05/26,0,38000,-72000,-34000
2016/05/27,0,67000,-123140,-56140
2016/05/30,0,20000,-47000,-27000
2016/05/31,0,102000,-305000,-203000
2016/06/01,0,42000,-134000,-92000
2016/06/02,0,40000,-93000,-53000
2016/06/03,0,232000,-406000,-174000
2016/06/06,0,13000,-99150,-86150
2016/06/07,0,75000,-190000,-115000
2016/06/08,0,24000,-199000,-175000
2016/06/09,0,0,0,0
2016/06/10,0,0,0,0
2016/06/13,0,59000,-77000,-18000
2016/06/14,0,11000,-88075,-77075
2016/06/15,0,26000,-59000,-33000
2016/06/16,0,22000,-86000,-64000
2016/06/17,0,41000,-265000,-224000
2016/06/20,0,17000,-270000,-253000
2016/06/21,0,35000,-264001,-229001
2016/06/22,0,8000,-159035,-151035
2016/06/23,0,16000,-61000,-45000
2016/06/24,0,11000,-130000,-119000
2016/06/27,0,1000,-327000,-326000
2016/06/28,0,9000,-215465,-206465
2016/06/29,0,304000,-215000,89000
2016/06/30,0,37000,-85371,-48371
2016/07/01,0,56000,-21000,35000
2016/07/04,0,93000,-49120,43880
2016/07/05,0,134000,-103000,31000
2016/07/06,0,127000,-253150,-126150
2016/07/07,0,72000,-111119,-39119
2016/07/08,0,0,0,0
2016/07/11,0,200000,-235166,-35166
2016/07/12,0,109000,-136000,-27000
2016/07/13,0,140000,-135000,5000
2016/07/14,0,57000,-165000,-108000
2016/07/15,0,83000,-130000,-47000
2016/07/18,0,70000,-35000,35000
2016/07/19,0,80000,-73000,7000
2016/07/20,0,282000,-78000,204000
2016/07/21,0,108000,-117000,-9000
2016/07/22,0,57000,-17000,40000
2016/07/25,0,84000,-56000,28000
2016/07/26,0,37000,-86000,-49000
2016/07/27,0,28000,-15000,13000
2016/07/28,0,40000,-43000,-3000
2016/07/29,0,57000,-58000,-1000
2016/08/01,0,76000,-69000,7000
2016/08/02,0,108000,-95000,13000
2016/08/03,0,110000,-70000,40000
2016/08/04,0,36000,-57000,-21000
2016/08/05,0,85000,-96133,-11133
2016/08/08,0,53000,-114000,-61000
2016/08/09,0,85189,-160000,-74811
2016/08/10,0,481000,-83915,397085
2016/08/11,0,131000,-73195,57805
2016/08/12,0,224000,-3000,221000
2016/08/15,0,213000,-74000,139000
2016/08/16,0,150000,-122000,28000
2016/08/17,0,151380,-92000,59380
2016/08/18,0,79000,-68000,11000
2016/08/19,0,67000,-154229,-87229
2016/08/22,0,46000,-114000,-68000
2016/08/23,0,20000,-68000,-48000
2016/08/24,0,20000,-56000,-36000
2016/08/25,0,66000,-132000,-66000
2016/08/26,0,19000,-169000,-150000
2016/08/29,0,15000,-50000,-35000
2016/08/30,0,1000,-93000,-92000
2016/08/31,0,11000,-530000,-519000
2016/09/01,0,22000,-71000,-49000
2016/09/02,0,51000,-59000,-8000
2016/09/05,0,233000,-286000,-53000
2016/09/06,0,61000,-4000,57000
2016/09/07,0,76000,-92000,-16000
2016/09/08,0,126000,-173000,-47000
2016/09/09,0,85000,-68000,17000
2016/09/12,0,72000,-92000,-20000
2016/09/13,0,135685,-117000,18685
2016/09/14,0,95000,-73527,21473
2016/09/15,0,0,0,0
2016/09/16,0,0,0,0
2016/09/19,0,46000,-46000,0
2016/09/20,0,47000,-21000,26000
2016/09/21,0,146000,-48171,97829
2016/09/22,0,11000,-16000,-5000
2016/09/23,0,36000,-207500,-171500
2016/09/26,0,33000,-4000,29000
2016/09/27,0,0,0,0
2016/09/28,0,0,0,0
2016/09/29,0,85000,-59000,26000
2016/09/30,0,50000,-179000,-129000
2016/10/03,0,28000,-76000,-48000
2016/10/04,0,40000,-13045,26955
2016/10/05,0,71047,-111047,-40000
2016/10/06,0,77953,-64453,13500
2016/10/07,0,18000,-69000,-51000
2016/10/10,0,0,0,0
2016/10/11,0,47000,-87000,-40000
2016/10/12,0,66165,-108000,-41835
2016/10/13,0,113000,-203000,-90000
2016/10/14,0,22000,-105000,-83000
2016/10/17,0,124000,-47000,77000
2016/10/18,0,62000,-69400,-7400
2016/10/19,0,60000,-214000,-154000
2016/10/20,0,3000,-131000,-128000
2016/10/21,0,136000,-310000,-174000
2016/10/24,0,29000,-112045,-83045
2016/10/25,0,6000,-58000,-52000
2016/10/26,0,34000,-91000,-57000
2016/10/27,0,28000,-52000,-24000
2016/10/28,0,4000,-135000,-131000
2016/10/31,0,29000,-52000,-23000
2016/11/01,0,15000,-34000,-19000
2016/11/02,0,22000,-68000,-46000
2016/11/03,0,54000,-69000,-15000
2016/11/04,0,2000,-42000,-40000
2016/11/07,0,5000,-57000,-52000
2016/11/08,0,12000,-48000,-36000
2016/11/09,0,23000,-49000,-26000
2016/11/10,0,108000,-69000,39000
2016/11/11,0,6000,-82000,-76000
2016/11/14,0,8000,-51000,-43000
2016/11/15,0,17000,-100000,-83000
2016/11/16,0,41000,-98000,-57000
2016/11/17,0,58000,-31000,27000
2016/11/18,0,55000,-124000,-69000
2016/11/21,0,29000,-34000,-5000
2016/11/22,0,308000,-219000,89000
2016/11/23,0,52000,-65000,-13000
2016/11/24,0,36000,-39000,-3000
2016/11/25,0,5000,-27000,-22000
2016/11/28,0,35000,-45000,-10000
2016/11/29,0,45000,-139000,-94000
2016/11/30,0,110000,-202000,-92000
2016/12/01,0,84000,-49000,35000
2016/12/02,0,26000,-37000,-11000
2016/12/05,0,5000,-141000,-136000
2016/12/06,0,41000,-51000,-10000
2016/12/07,0,41000,-37000,4000
2016/12/08,0,60000,-111000,-51000
2016/12/09,0,103000,-66711,36289
2016/12/12,0,40000,-57465,-17465
2016/12/13,0,197000,-49000,148000
2016/12/14,0,128000,-90000,38000
2016/12/15,0,92000,-87000,5000
2016/12/16,0,148000,-93000,55000
2016/12/19,0,49000,-105000,-56000
2016/12/20,0,89000,-24000,65000
2016/12/21,0,30000,-64000,-34000
2016/12/22,0,53000,-34000,19000
2016/12/23,0,17000,-42000,-25000
2016/12/26,0,12000,-102000,-90000
2016/12/27,0,38000,-60000,-22000
2016/12/28,0,8000,-134000,-126000
2016/12/29,0,23000,-55000,-32000
2016/12/30,0,194000,-281000,-87000
2017/01/02,0,0,0,0
2017/01/03,0,240000,-302000,-62000
2017/01/04,0,46000,-30000,16000
2017/01/05,0,135000,-21000,114000
2017/01/06,0,29000,-29000,0
2017/01/09,0,26000,-9000,17000
2017/01/10,0,62950,-30000,32950
2017/01/11,0,152000,-12000,140000
2017/01/12,0,76000,-34000,42000
2017/01/13,0,24000,-47000,-23000
2017/01/16,0,15000,-54000,-39000
2017/01/17,0,49955,-29000,20955
2017/01/18,0,126000,-59000,67000
2017/01/19,0,35000,-146673,-111673
2017/01/20,0,39000,-49000,-10000
2017/01/23,0,14000,-7000,7000
2017/01/24,0,52000,-18000,34000
2017/01/25,0,0,0,0
2017/01/26,0,0,0,0
2017/01/27,0,0,0,0
2017/01/30,0,0,0,0
2017/01/31,0,0,0,0
2017/02/01,0,0,0,0
2017/02/02,0,64586,-33000,31586
2017/02/03,0,53000,-16000,37000
2017/02/06,0,47000,-34120,12880
2017/02/07,0,69000,-39000,30000
2017/02/08,0,117000,-8000,109000
2017/02/09,0,111000,-25000,86000
2017/02/10,0,172000,-174000,-2000
2017/02/13,0,2982000,-2939000,43000
2017/02/14,0,109000,-122111,-13111
2017/02/15,0,109000,-34000,75000
2017/02/16,0,48000,-30000,18000
2017/02/17,0,95000,-82000,13000
2017/02/20,0,78000,-107435,-29435
2017/02/21,0,46000,-14000,32000
2017/02/22,0,37000,-12000,25000
2017/02/23,0,85000,-121000,-36000
2017/02/24,0,106000,-117438,-11438
2017/02/27,0,0,0,0
2017/02/28,0,0,0,0
2017/03/01,0,67000,-104000,-37000
2017/03/02,0,144000,-98000,46000
2017/03/03,0,47000,-67000,-20000
2017/03/06,0,82000,-84000,-2000
2017/03/07,0,147000,-157000,-10000
2017/03/08,0,36000,-112000,-76000
2017/03/09,0,35000,-195250,-160250
2017/03/10,0,34000,-146503,-112503
2017/03/13,0,171000,-80030,90970
2017/03/14,0,109000,-162000,-53000
2017/03/15,0,100000,-146000,-46000
2017/03/16,0,186910,-165000,21910
2017/03/17,0,241000,-201090,39910
2017/03/20,0,113000,-172000,-59000
2017/03/21,0,160000,-193000,-33000
2017/03/22,0,130000,-151000,-21000
2017/03/23,0,84000,-47000,37000
2017/03/24,0,53000,-33000,20000
2017/03/27,0,89000,-68000,21000
2017/03/28,0,263000,-187600,75400
2017/03/29,0,94000,-82000,12000
2017/03/30,0,34000,-46000,-12000
2017/03/31,0,45000,-66000,-21000
2017/04/03,0,0,0,0
2017/04/04,0,0,0,0
2017/04/05,0,119001,-153000,-33999
2017/04/06,0,227000,-245000,-18000
2017/04/07,0,156000,-178000,-22000
2017/04/10,0,202001,-283000,-80999
2017/04/11,0,710000,-731000,-21000
2017/04/12,0,187000,-131000,56000
2017/04/13,0,162001,-185000,-22999
2017/04/14,0,45000,-58000,-13000
2017/04/17,0,39000,-53000,-14000
2017/04/18,0,184000,-110000,74000
2017/04/19,0,99000,-127000,-28000
2017/04/20,0,64000,-113000,-49000
2017/04/21,0,361000,-1082000,-721000
2017/04/24,0,152000,-172000,-20000
2017/04/25,0,382000,-366000,16000
2017/04/26,0,143000,-238000,-95000
2017/04/27,0,92000,-209000,-117000
2017/04/28,0,147000,-191000,-44000
2017/05/01,0,0,0,0
2017/05/02,0,173000,-131816,41184
2017/05/03,0,113000,-64000,49000
2017/05/04,0,206000,-91000,115000
2017/05/05,0,97000,-59455,37545
2017/05/08,0,100000,-123000,-23000
2017/05/09,0,58000,-316000,-258000
2017/05/10,0,177000,-239000,-62000
2017/05/11,0,74000,-312000,-238000
2017/05/12,0,212000,-390000,-178000
2017/05/15,0,62000,-150465,-88465
2017/05/16,0,149000,-82000,67000
2017/05/17,0,126000,-170000,-44000
2017/05/18,0,142000,-125000,17000
2017/05/19,0,103000,-79000,24000
2017/05/22,0,120000,-89000,31000
2017/05/23,0,238000,-109000,129000
2017/05/24,0,176000,-94000,82000
2017/05/25,0,53000,-332860,-279860
2017/05/26,0,0,0,0
2017/05/29,0,0,0,0
2017/05/30,0,0,0,0
2017/05/31,0,268000,-334000,-66000
2017/06/01,0,73000,-78000,-5000
2017/06/02,0,197000,-177450,19550
2017/06/05,0,153000,-218000,-65000
2017/06/06,0,155000,-254000,-99000
2017/06/07,0,159000,-234000,-75000
2017/06/08,0,212000,-213000,-1000
2017/06/09,0,207000,-153000,54000
2017/06/12,0,37000,-49000,-12000
2017/06/13,0,107000,-75000,32000
2017/06/14,0,88000,-78000,10000
2017/06/15,0,76000,-118000,-42000
2017/06/16,0,341076,-218488,122588
2017/06/19,0,173000,-95000,78000
2017/06/20,0,17000,-103000,-86000
2017/06/21,0,293000,-102000,191000
2017/06/22,0,93000,-63000,30000
2017/06/23,0,40000,-67000,-27000
2017/06/26,0,224000,-5000,219000
2017/06/27,0,94000,-68000,26000
2017/06/28,0,65000,-38000,27000
2017/06/29,0,87000,-11000,76000
2017/06/30,0,66000,-24000,42000
2017/07/03,0,125000,-65000,60000
2017/07/04,0,93000,-34000,59000
2017/07/05,0,44000,-77000,-33000
2017/07/06,0,43000,-24000,19000
2017/07/07,0,4000,-42156,-38156
2017/07/10,0,14000,-102726,-88726
2017/07/11,0,54000,-74093,-20093
2017/07/12,0,59000,-130987,-71987
2017/07/13,0,69000,-89266,-20266
2017/07/14,0,31000,-116702,-85702
2017/07/17,0,60000,-116455,-56455
2017/07/18,0,26000,-120496,-94496
2017/07/19,0,80000,-136663,-56663
2017/07/20,0,119000,-213000,-94000
2017/07/21,0,74000,-70000,4000
2017/07/24,0,102000,-72000,30000
2017/07/25,0,69000,-125000,-56000
2017/07/26,0,28000,-174000,-146000
2017/07/27,0,71000,-85000,-14000
2017/07/28,0,86000,-78000,8000
2017/07/31,0,37000,-44000,-7000
2017/08/01,0,13000,-16000,-3000
2017/08/02,0,38000,-39000,-1000
2017/08/03,0,44000,-12000,32000
2017/08/04,0,16000,-35000,-19000
2017/08/07,0,42000,-25000,17000
2017/08/08,0,35000,-41000,-6000
2017/08/09,0,31000,-89000,-58000
2017/08/10,0,103000,-102000,1000
2017/08/11,0,8000,-14000,-6000
2017/08/14,0,38000,-89000,-51000
2017/08/15,0,28000,-58000,-30000
2017/08/16,0,83000,-279000,-196000
2017/08/17,0,23000,-73000,-50000
2017/08/18,0,36000,-163000,-127000
