Date,Open,Buy,Sell,Total
2007/01/02,0,81000,-28000,53000
2007/01/03,0,193000,-39000,154000
2007/01/04,0,6000,-84000,-78000
2007/01/05,0,9000,-439000,-430000
2007/01/08,0,24000,-531630,-507630
2007/01/09,0,8000,-237000,-229000
2007/01/10,0,23000,-824000,-801000
2007/01/11,0,9000,-463000,-454000
2007/01/12,0,28000,-108000,-80000
2007/01/15,0,2000,-224000,-222000
2007/01/16,0,1000,-149000,-148000
2007/01/17,0,12000,-670000,-658000
2007/01/18,0,62000,-32000,30000
2007/01/19,0,72000,-569000,-497000
2007/01/22,0,54000,-377000,-323000
2007/01/23,0,4000,-12000,-8000
2007/01/24,0,97000,-9000,88000
2007/01/25,0,289000,-49000,240000
2007/01/26,0,5000,-87000,-82000
2007/01/29,0,3000,-538000,-535000
2007/01/30,0,11000,-208000,-197000
2007/01/31,0,104000,-364500,-260500
2007/02/01,0,16000,-76000,-60000
2007/02/02,0,177000,-155000,22000
2007/02/05,0,42000,-114000,-72000
2007/02/06,0,50000,-118000,-68000
2007/02/07,0,1000,-15000,-14000
2007/02/08,0,157000,-137000,20000
2007/02/09,0,94000,-44000,50000
2007/02/12,0,10000,-41000,-31000
2007/02/13,0,34000,-167000,-133000
2007/02/14,0,151000,-291000,-140000
2007/02/15,0,0,0,0
2007/02/16,0,0,0,0
2007/02/19,0,0,0,0
2007/02/20,0,0,0,0
2007/02/21,0,0,0,0
2007/02/22,0,0,0,0
2007/02/23,0,0,0,0
2007/02/26,0,371000,-492757,-121757
2007/02/27,0,344000,-693000,-349000
2007/02/28,0,0,0,0
2007/03/01,0,469000,-1048000,-579000
2007/03/02,0,269000,-368000,-99000
2007/03/05,0,297000,-461000,-164000
2007/03/06,0,88000,-199000,-111000
2007/03/07,0,110100,-268967,-158867
2007/03/08,0,22000,-181000,-159000
2007/03/09,0,7000,-74160,-67160
2007/03/12,0,3000,-41000,-38000
2007/03/13,0,4000,-45000,-41000
2007/03/14,0,19000,-217000,-198000
2007/03/15,0,19000,-54000,-35000
2007/03/16,0,40000,-175000,-135000
2007/03/19,0,15000,-274000,-259000
2007/03/20,0,19000,-548000,-529000
2007/03/21,0,68000,-121000,-53000
2007/03/22,0,1242000,-427000,815000
2007/03/23,0,531000,-747000,-216000
2007/03/26,0,299000,-255000,44000
2007/03/27,0,394000,-463000,-69000
2007/03/28,0,90000,-265000,-175000
2007/03/29,0,147000,-335000,-188000
2007/03/30,0,14000,-33000,-19000
2007/04/02,0,230000,-36000,194000
2007/04/03,0,341000,-69000,272000
2007/04/04,0,406000,-250000,156000
2007/04/05,0,0,0,0
2007/04/06,0,0,0,0
2007/04/09,0,104000,-267000,-163000
2007/04/10,0,205000,0,205000
2007/04/11,0,142000,-41000,101000
2007/04/12,0,357000,-20000,337000
2007/04/13,0,324000,-16000,308000
2007/04/16,0,147000,-483000,-336000
2007/04/17,0,248000,-271033,-23033
2007/04/18,0,101000,-310000,-209000
2007/04/19,0,17000,-603000,-586000
2007/04/20,0,0,-126000,-126000
2007/04/23,0,71000,-16000,55000
2007/04/24,0,21000,-37000,-16000
2007/04/25,0,908000,-173000,735000
2007/04/26,0,1030000,-86000,944000
2007/04/27,0,601000,-158000,443000
2007/04/30,0,66000,-165333,-99333
2007/05/01,0,0,0,0
2007/05/02,0,716000,-99000,617000
2007/05/03,0,192000,-246000,-54000
2007/05/04,0,166000,-205000,-39000
2007/05/07,0,111000,-32000,79000
2007/05/08,0,285000,-254000,31000
2007/05/09,0,254000,-35000,219000
2007/05/10,0,91000,-50000,41000
2007/05/11,0,177000,-96000,81000
2007/05/14,0,175000,-79000,96000
2007/05/15,0,939000,-476000,463000
2007/05/16,0,276000,-119000,157000
2007/05/17,0,107000,-99580,7420
2007/05/18,0,133000,-88000,45000
2007/05/21,0,78000,-17000,61000
2007/05/22,0,293000,-258380,34620
2007/05/23,0,189000,-265000,-76000
2007/05/24,0,6000,-147000,-141000
2007/05/25,0,10000,-307000,-297000
2007/05/28,0,190000,-1097000,-907000
2007/05/29,0,124000,-302000,-178000
2007/05/30,0,294000,-1271361,-977361
2007/05/31,0,1542000,-4467334,-2925334
2007/06/01,0,1257000,-1381023,-124023
2007/06/04,0,117000,-189000,-72000
2007/06/05,0,213000,-344304,-131304
2007/06/06,0,78000,-573000,-495000
2007/06/07,0,0,-314000,-314000
2007/06/08,0,0,-160000,-160000
2007/06/11,0,228000,-342000,-114000
2007/06/12,0,1627500,-1763000,-135500
2007/06/13,0,1000,-127000,-126000
2007/06/14,0,0,-434000,-434000
2007/06/15,0,19000,-445070,-426070
2007/06/18,0,0,0,0
2007/06/19,0,0,0,0
2007/06/20,0,449000,-869000,-420000
2007/06/21,0,234000,-409000,-175000
2007/06/22,0,112000,-830000,-718000
2007/06/25,0,99000,-1287000,-1188000
2007/06/26,0,46000,-4659000,-4613000
2007/06/27,0,510000,-8969000,-8459000
2007/06/28,0,52000,-3427000,-3375000
2007/06/29,0,18000,-2847333,-2829333
2007/07/02,0,19000,-2147000,-2128000
2007/07/03,0,31000,-3438000,-3407000
2007/07/04,0,136000,-96000,40000
2007/07/05,0,202000,-1266000,-1064000
2007/07/06,0,41000,-2177000,-2136000
2007/07/09,0,31000,-814000,-783000
2007/07/10,0,42000,-5270,36730
2007/07/11,0,0,-6000,-6000
2007/07/12,0,0,-33000,-33000
2007/07/13,0,162000,-193780,-31780
2007/07/16,0,1000,-4000,-3000
2007/07/17,0,46000,-83000,-37000
2007/07/18,0,46000,-14000,32000
2007/07/19,0,56000,-244000,-188000
2007/07/20,0,62000,-5000,57000
2007/07/23,0,33000,-19000,14000
2007/07/24,0,34000,-295000,-261000
2007/07/25,0,92000,-20000,72000
2007/07/26,0,69000,-306000,-237000
2007/07/27,0,71000,-1082000,-1011000
2007/07/30,0,0,-307000,-307000
2007/07/31,0,23000,-864000,-841000
2007/08/01,0,84000,-573220,-489220
2007/08/02,0,29000,-574000,-545000
2007/08/03,0,65000,-82000,-17000
2007/08/06,0,137000,-123660,13340
2007/08/07,0,53000,-119000,-66000
2007/08/08,0,236000,-69000,167000
2007/08/09,0,105000,-155000,-50000
2007/08/10,0,32000,-134000,-102000
2007/08/13,0,212000,-59000,153000
2007/08/14,0,12000,-499000,-487000
2007/08/15,0,3000,-153000,-150000
2007/08/16,0,102000,-45000,57000
2007/08/17,0,57000,-140000,-83000
2007/08/20,0,900000,-100000,800000
2007/08/21,0,786000,-855000,-69000
2007/08/22,0,53000,-106898,-53898
2007/08/23,0,8000,-88000,-80000
2007/08/24,0,0,-7000,-7000
2007/08/27,0,0,0,0
2007/08/28,0,26000,-212000,-186000
2007/08/29,0,53000,-918000,-865000
2007/08/30,0,246000,-8000,238000
2007/08/31,0,177000,-6000,171000
2007/09/03,0,54000,-686000,-632000
2007/09/04,0,4000,-62000,-58000
2007/09/05,0,0,-8000,-8000
2007/09/06,0,375000,-253000,122000
2007/09/07,0,381000,-27000,354000
2007/09/10,0,33000,-19000,14000
2007/09/11,0,0,-39000,-39000
2007/09/12,0,345000,-15000,330000
2007/09/13,0,6000,-35000,-29000
2007/09/14,0,36000,-6000,30000
2007/09/17,0,30000,-66000,-36000
2007/09/18,0,0,0,0
2007/09/19,0,50000,-8000,42000
2007/09/20,0,69000,-24000,45000
2007/09/21,0,106000,-356000,-250000
2007/09/24,0,0,0,0
2007/09/25,0,0,0,0
2007/09/26,0,214000,-543000,-329000
2007/09/27,0,40000,-104000,-64000
2007/09/28,0,123000,-117000,6000
2007/10/01,0,219000,-107000,112000
2007/10/02,0,69000,-130095,-61095
2007/10/03,0,283000,-35000,248000
2007/10/04,0,103000,-67000,36000
2007/10/05,0,143000,-8000,135000
2007/10/08,0,3000,-46360,-43360
2007/10/09,0,228000,-6000,222000
2007/10/10,0,0,0,0
2007/10/11,0,245000,-127000,118000
2007/10/12,0,806000,-16000,790000
2007/10/15,0,272000,-5000,267000
2007/10/16,0,26000,-45000,-19000
2007/10/17,0,8000,-143000,-135000
2007/10/18,0,220000,-99000,121000
2007/10/19,0,13000,-40000,-27000
2007/10/22,0,176000,-159000,17000
2007/10/23,0,18000,-30000,-12000
2007/10/24,0,2000,-479000,-477000
2007/10/25,0,380000,-200000,180000
2007/10/26,0,70000,-14000,56000
2007/10/29,0,93000,-850000,-757000
2007/10/30,0,450000,-27000,423000
2007/10/31,0,39000,-120000,-81000
2007/11/01,0,623000,-15000,608000
2007/11/02,0,175000,-137000,38000
2007/11/05,0,40000,-62000,-22000
2007/11/06,0,0,-39000,-39000
2007/11/07,0,0,-110000,-110000
2007/11/08,0,44000,-124000,-80000
2007/11/09,0,84000,0,84000
2007/11/12,0,74000,-128000,-54000
2007/11/13,0,50000,-58000,-8000
2007/11/14,0,184000,-77000,107000
2007/11/15,0,196000,-130000,66000
2007/11/16,0,1000,-42000,-41000
2007/11/19,0,29000,-70000,-41000
2007/11/20,0,299000,-55000,244000
2007/11/21,0,1000,-105000,-104000
2007/11/22,0,413000,-25000,388000
2007/11/23,0,3000,-74000,-71000
2007/11/26,0,380000,-1000,379000
2007/11/27,0,289000,-31000,258000
2007/11/28,0,696000,-13000,683000
2007/11/29,0,377000,-25000,352000
2007/11/30,0,1427000,-365000,1062000
2007/12/03,0,33000,-41000,-8000
2007/12/04,0,571000,-471000,100000
2007/12/05,0,487000,-300000,187000
2007/12/06,0,513000,-3000,510000
2007/12/07,0,274000,-72176,201824
2007/12/10,0,145000,-13000,132000
2007/12/11,0,465000,-472000,-7000
2007/12/12,0,530000,-246000,284000
2007/12/13,0,93000,-52000,41000
2007/12/14,0,29000,-26000,3000
2007/12/17,0,277000,-50000,227000
2007/12/18,0,52000,-23000,29000
2007/12/19,0,57000,-195000,-138000
2007/12/20,0,5000,-92000,-87000
2007/12/21,0,6000,-121000,-115000
2007/12/24,0,53000,-1000,52000
2007/12/25,0,2000,-4000,-2000
2007/12/26,0,37000,-1000,36000
2007/12/27,0,79000,-226000,-147000
2007/12/28,0,92000,-48910,43090
2007/12/31,0,25000,-3000,22000
2008/01/01,0,0,0,0
2008/01/02,0,3000,-37000,-34000
2008/01/03,0,13000,-11000,2000
2008/01/04,0,8000,-202000,-194000
2008/01/07,0,238000,-24000,214000
2008/01/08,0,115000,-21000,94000
2008/01/09,0,15000,-17000,-2000
2008/01/10,0,14000,-84000,-70000
2008/01/11,0,61000,-3000,58000
2008/01/14,0,63000,0,63000
2008/01/15,0,117000,-49800,67200
2008/01/16,0,110000,-39000,71000
2008/01/17,0,241000,-101000,140000
2008/01/18,0,40000,-19000,21000
2008/01/21,0,47000,-355000,-308000
2008/01/22,0,22000,-8000,14000
2008/01/23,0,32000,-52000,-20000
2008/01/24,0,8000,-181000,-173000
2008/01/25,0,82000,-165000,-83000
2008/01/28,0,61000,-144000,-83000
2008/01/29,0,321000,-216000,105000
2008/01/30,0,19000,-325000,-306000
2008/01/31,0,62000,-243000,-181000
2008/02/01,0,24000,-48000,-24000
2008/02/04,0,0,0,0
2008/02/05,0,0,0,0
2008/02/06,0,0,0,0
2008/02/07,0,0,0,0
2008/02/08,0,0,0,0
2008/02/11,0,0,0,0
2008/02/12,0,17000,-26000,-9000
2008/02/13,0,1000,-23000,-22000
2008/02/14,0,136000,-68000,68000
2008/02/15,0,79000,-65000,14000
2008/02/18,0,54000,-90000,-36000
2008/02/19,0,146000,-175000,-29000
2008/02/20,0,153000,-65000,88000
2008/02/21,0,57000,-106000,-49000
2008/02/22,0,30000,-77000,-47000
2008/02/25,0,34000,-77000,-43000
2008/02/26,0,67000,-100000,-33000
2008/02/27,0,35000,-324000,-289000
2008/02/28,0,0,0,0
2008/02/29,0,156000,-108000,48000
2008/03/03,0,85000,-166260,-81260
2008/03/04,0,145000,-9000,136000
2008/03/05,0,92000,-20000,72000
2008/03/06,0,151000,-112000,39000
2008/03/07,0,53000,-56000,-3000
2008/03/10,0,125000,-121000,4000
2008/03/11,0,190000,-105000,85000
2008/03/12,0,408000,-104000,304000
2008/03/13,0,321000,-225000,96000
2008/03/14,0,100000,-107000,-7000
2008/03/17,0,3000,-66000,-63000
2008/03/18,0,61000,-74000,-13000
2008/03/19,0,37000,-18000,19000
2008/03/20,0,208000,-74000,134000
2008/03/21,0,115000,-61000,54000
2008/03/24,0,362000,-60000,302000
2008/03/25,0,184000,-1000,183000
2008/03/26,0,28000,0,28000
2008/03/27,0,38000,-33000,5000
2008/03/28,0,101000,-15000,86000
2008/03/31,0,13000,-62000,-49000
2008/04/01,0,13000,-70000,-57000
2008/04/02,0,49000,-33000,16000
2008/04/03,0,47000,-97000,-50000
2008/04/04,0,0,0,0
2008/04/07,0,370000,-101000,269000
2008/04/08,0,26000,-88000,-62000
2008/04/09,0,40000,-44000,-4000
2008/04/10,0,63000,-8000,55000
2008/04/11,0,185000,-8000,177000
2008/04/14,0,711000,-25000,686000
2008/04/15,0,254000,-40000,214000
2008/04/16,0,666000,-2000,664000
2008/04/17,0,735000,-29000,706000
2008/04/18,0,324000,-2000,322000
2008/04/21,0,502000,-81000,421000
2008/04/22,0,144000,-63000,81000
2008/04/23,0,113000,-115000,-2000
2008/04/24,0,1000,-18000,-17000
2008/04/25,0,24000,-51000,-27000
2008/04/28,0,122000,-28000,94000
2008/04/29,0,408000,-49000,359000
2008/04/30,0,90000,-40000,50000
2008/05/01,0,0,0,0
2008/05/02,0,23000,-62000,-39000
2008/05/05,0,97000,-147000,-50000
2008/05/06,0,195500,-42000,153500
2008/05/07,0,664500,-288000,376500
2008/05/08,0,246000,-147000,99000
2008/05/09,0,15000,-89000,-74000
2008/05/12,0,6000,-48000,-42000
2008/05/13,0,27000,-19000,8000
2008/05/14,0,380734,-26000,354734
2008/05/15,0,131000,-15000,116000
2008/05/16,0,40000,-76000,-36000
2008/05/19,0,88000,0,88000
2008/05/20,0,114000,-26000,88000
2008/05/21,0,36000,-40000,-4000
2008/05/22,0,102000,-323000,-221000
2008/05/23,0,78000,-66000,12000
2008/05/26,0,276000,-21000,255000
2008/05/27,0,53000,-65000,-12000
2008/05/28,0,573000,-290000,283000
2008/05/29,0,75000,-263000,-188000
2008/05/30,0,705000,-291000,414000
2008/06/02,0,26000,-494000,-468000
2008/06/03,0,18000,-888000,-870000
2008/06/04,0,14000,-404734,-390734
2008/06/05,0,46000,-131000,-85000
2008/06/06,0,72000,-15000,57000
2008/06/09,0,597000,-116000,481000
2008/06/10,0,76000,-870000,-794000
2008/06/11,0,73000,-1180000,-1107000
2008/06/12,0,356800,-96000,260800
2008/06/13,0,544000,-132000,412000
2008/06/16,0,260000,-369000,-109000
2008/06/17,0,284000,-231000,53000
2008/06/18,0,387000,-821000,-434000
2008/06/19,0,17000,-85000,-68000
2008/06/20,0,644000,-200000,444000
2008/06/23,0,138000,-261000,-123000
2008/06/24,0,44000,-141000,-97000
2008/06/25,0,232000,-278000,-46000
2008/06/26,0,914000,-472000,442000
2008/06/27,0,395000,-281000,114000
2008/06/30,0,416000,-582000,-166000
2008/07/01,0,1087000,-886000,201000
2008/07/02,0,887000,-469000,418000
2008/07/03,0,440000,-565000,-125000
2008/07/04,0,970000,-468000,502000
2008/07/07,0,133000,-338000,-205000
2008/07/08,0,813000,-423000,390000
2008/07/09,0,383000,-426000,-43000
2008/07/10,0,546000,-81000,465000
2008/07/11,0,406000,-194000,212000
2008/07/14,0,155000,-56000,99000
2008/07/15,0,81000,-1308000,-1227000
2008/07/16,0,252000,-39000,213000
2008/07/17,0,601000,-168000,433000
2008/07/18,0,96000,-167000,-71000
2008/07/21,0,174000,-43000,131000
2008/07/22,0,408000,-12000,396000
2008/07/23,0,933000,-168000,765000
2008/07/24,0,146000,-4000,142000
2008/07/25,0,55000,-37000,18000
2008/07/28,0,0,0,0
2008/07/29,0,128000,-479000,-351000
2008/07/30,0,162000,-148000,14000
2008/07/31,0,307000,-530000,-223000
2008/08/01,0,1143000,-1565000,-422000
2008/08/04,0,147000,-149000,-2000
2008/08/05,0,1396000,-1022000,374000
2008/08/06,0,131000,-77000,54000
2008/08/07,0,202000,-324000,-122000
2008/08/08,0,344000,-380000,-36000
2008/08/11,0,408650,-821000,-412350
2008/08/12,0,310000,-759000,-449000
2008/08/13,0,463000,-134000,329000
2008/08/14,0,401000,-87000,314000
2008/08/15,0,263000,-298000,-35000
2008/08/18,0,10000,-90100,-80100
2008/08/19,0,349176,-233000,116176
2008/08/20,0,612000,-330000,282000
2008/08/21,0,257000,-117000,140000
2008/08/22,0,84000,-64000,20000
2008/08/25,0,88000,-140000,-52000
2008/08/26,0,218000,0,218000
2008/08/27,0,579000,-151000,428000
2008/08/28,0,799000,-23000,776000
2008/08/29,0,1028000,-4000,1024000
2008/09/01,0,322000,-14000,308000
2008/09/02,0,726000,-92000,634000
2008/09/03,0,770695,-31000,739695
2008/09/04,0,87000,0,87000
2008/09/05,0,713000,-126000,587000
2008/09/08,0,324000,-267000,57000
2008/09/09,0,246000,-70000,176000
2008/09/10,0,387000,-734000,-347000
2008/09/11,0,224000,-601000,-377000
2008/09/12,0,159000,-301000,-142000
2008/09/15,0,826000,-51000,775000
2008/09/16,0,204000,-1000,203000
2008/09/17,0,211000,-109000,102000
2008/09/18,0,700000,-144000,556000
2008/09/19,0,116000,-91000,25000
2008/09/22,0,261000,-61000,200000
2008/09/23,0,247000,-14000,233000
2008/09/24,0,215317,-177317,38000
2008/09/25,0,47000,-103000,-56000
2008/09/26,0,134808,-72000,62808
2008/09/29,0,0,0,0
2008/09/30,0,118000,-651600,-533600
2008/10/01,0,556000,-129300,426700
2008/10/02,0,150000,-75000,75000
2008/10/03,0,274950,-385000,-110050
2008/10/06,0,409600,-479450,-69850
2008/10/07,0,565000,-546950,18050
2008/10/08,0,331000,-395000,-64000
2008/10/09,0,10000,-295750,-285750
2008/10/10,0,0,0,0
2008/10/13,0,3000,-24000,-21000
2008/10/14,0,287000,-1126000,-839000
2008/10/15,0,0,-4000,-4000
2008/10/16,0,297000,-203849,93151
2008/10/17,0,343000,-1227000,-884000
2008/10/20,0,6000,-196850,-190850
2008/10/21,0,843000,-1282071,-439071
2008/10/22,0,105000,-1356729,-1251729
2008/10/23,0,23000,-365000,-342000
2008/10/24,0,473000,-817000,-344000
2008/10/27,0,517000,-1051000,-534000
2008/10/28,0,263000,-254250,8750
2008/10/29,0,440000,-193000,247000
2008/10/30,0,699000,-843000,-144000
2008/10/31,0,267000,-256598,10402
2008/11/03,0,324000,-113000,211000
2008/11/04,0,924000,-134000,790000
2008/11/05,0,596000,-47900,548100
2008/11/06,0,18000,-231000,-213000
2008/11/07,0,598000,-92000,506000
2008/11/10,0,734000,-7000,727000
2008/11/11,0,696000,-85000,611000
2008/11/12,0,465000,-361000,104000
2008/11/13,0,1194000,-76000,1118000
2008/11/14,0,357000,-52000,305000
2008/11/17,0,281000,-23000,258000
2008/11/18,0,588000,-57000,531000
2008/11/19,0,473000,-346000,127000
2008/11/20,0,1078000,-123000,955000
2008/11/21,0,494000,-77000,417000
2008/11/24,0,47000,-73000,-26000
2008/11/25,0,691000,-49000,642000
2008/11/26,0,2127000,-206850,1920150
2008/11/27,0,685716,-81000,604716
2008/11/28,0,556000,-374000,182000
2008/12/01,0,336000,-968000,-632000
2008/12/02,0,90000,-360000,-270000
2008/12/03,0,836000,-1268000,-432000
2008/12/04,0,764000,-779000,-15000
2008/12/05,0,236300,-464300,-228000
2008/12/08,0,60000,-460050,-400050
2008/12/09,0,769000,-493000,276000
2008/12/10,0,87000,-455000,-368000
2008/12/11,0,529050,-932000,-402950
2008/12/12,0,221000,-616000,-395000
2008/12/15,0,110000,-202000,-92000
2008/12/16,0,554000,-1065000,-511000
2008/12/17,0,233000,-564000,-331000
2008/12/18,0,250000,-1292000,-1042000
2008/12/19,0,106000,-316940,-210940
2008/12/22,0,87000,-206000,-119000
2008/12/23,0,5000,-38000,-33000
2008/12/24,0,31800,-66000,-34200
2008/12/25,0,2000,-56000,-54000
2008/12/26,0,12000,-18000,-6000
2008/12/29,0,11000,-18200,-7200
2008/12/30,0,23000,-128600,-105600
2008/12/31,0,171000,-4000,167000
2009/01/01,0,0,0,0
2009/01/02,0,0,0,0
2009/01/05,0,327000,-355000,-28000
2009/01/06,0,77000,-691000,-614000
2009/01/07,0,140132,-347000,-206868
2009/01/08,0,553000,-410000,143000
2009/01/09,0,849000,-84000,765000
2009/01/12,0,385000,-50000,335000
2009/01/13,0,1021000,-59000,962000
2009/01/14,0,505000,-81000,424000
2009/01/15,0,766000,-241000,525000
2009/01/16,0,115000,-550926,-435926
2009/01/19,0,368000,-4000,364000
2009/01/20,0,326000,-126000,200000
2009/01/21,0,153000,-40000,113000
2009/01/22,0,0,0,0
2009/01/23,0,0,0,0
2009/01/26,0,0,0,0
2009/01/27,0,0,0,0
2009/01/28,0,0,0,0
2009/01/29,0,0,0,0
2009/01/30,0,0,0,0
2009/02/02,0,1243867,-698867,545000
2009/02/03,0,1249000,-63000,1186000
2009/02/04,0,307000,-12000,295000
2009/02/05,0,472000,-6000,466000
2009/02/06,0,246000,0,246000
2009/02/09,0,158000,-52850,105150
2009/02/10,0,355000,-267000,88000
2009/02/11,0,214924,-209924,5000
2009/02/12,0,122000,-24000,98000
2009/02/13,0,383000,-200000,183000
2009/02/16,0,450000,-278500,171500
2009/02/17,0,393000,0,393000
2009/02/18,0,674000,-924000,-250000
2009/02/19,0,314000,-1193000,-879000
2009/02/20,0,36000,-1853000,-1817000
2009/02/23,0,152000,-1219000,-1067000
2009/02/24,0,17000,-492950,-475950
2009/02/25,0,716400,-583000,133400
2009/02/26,0,390000,-52250,337750
2009/02/27,0,165000,-124000,41000
2009/03/02,0,16759,-18000,-1241
2009/03/03,0,428000,-265000,163000
2009/03/04,0,747000,-162750,584250
2009/03/05,0,208000,-1477000,-1269000
2009/03/06,0,178000,-809000,-631000
2009/03/09,0,603000,-846000,-243000
2009/03/10,0,453000,-1200950,-747950
2009/03/11,0,381000,-44894,336106
2009/03/12,0,407500,-114000,293500
2009/03/13,0,67000,-137000,-70000
2009/03/16,0,78000,-337000,-259000
2009/03/17,0,217000,-144000,73000
2009/03/18,0,274000,-106000,168000
2009/03/19,0,144000,-158000,-14000
2009/03/20,0,11000,-246555,-235555
2009/03/23,0,26000,-513000,-487000
2009/03/24,0,455008,-34000,421008
2009/03/25,0,221000,-1216945,-995945
2009/03/26,0,169000,-369000,-200000
2009/03/27,0,95248,-1442211,-1346963
2009/03/30,0,80000,-509000,-429000
2009/03/31,0,128000,-358050,-230050
2009/04/01,0,175000,-299150,-124150
2009/04/02,0,569000,-1144000,-575000
2009/04/03,0,380000,-558000,-178000
2009/04/06,0,724000,-980650,-256650
2009/04/07,0,209000,-182000,27000
2009/04/08,0,2781000,-172000,2609000
2009/04/09,0,1566000,-1005000,561000
2009/04/10,0,149000,-170000,-21000
2009/04/13,0,136000,-4000,132000
2009/04/14,0,298000,-551000,-253000
2009/04/15,0,1076000,-312800,763200
2009/04/16,0,156000,-66000,90000
2009/04/17,0,795000,-352000,443000
2009/04/20,0,791000,-193000,598000
2009/04/21,0,125000,-109000,16000
2009/04/22,0,402000,-165000,237000
2009/04/23,0,50000,-552000,-502000
2009/04/24,0,51000,-149750,-98750
2009/04/27,0,1584000,-828000,756000
2009/04/28,0,411000,-187000,224000
2009/04/29,0,514000,-284100,229900
2009/04/30,0,3026750,-788000,2238750
2009/05/01,0,0,0,0
2009/05/04,0,964000,-231000,733000
2009/05/05,0,169000,-502000,-333000
2009/05/06,0,497000,-277000,220000
2009/05/07,0,559000,-411000,148000
2009/05/08,0,1150933,-178933,972000
2009/05/11,0,662000,-152000,510000
2009/05/12,0,399000,-171100,227900
2009/05/13,0,1060000,-146000,914000
2009/05/14,0,2431000,-890000,1541000
2009/05/15,0,818000,-173000,645000
2009/05/18,0,1802000,-485000,1317000
2009/05/19,0,643000,-832000,-189000
2009/05/20,0,795000,-897000,-102000
2009/05/21,0,580000,-539000,41000
2009/05/22,0,3021000,-75000,2946000
2009/05/25,0,1249713,-300000,949713
2009/05/26,0,1342000,-366000,976000
2009/05/27,0,7251771,-5003613,2248158
2009/05/28,0,0,0,0
2009/05/29,0,0,0,0
2009/06/01,0,36000,-271950,-235950
2009/06/02,0,2337000,-1786000,551000
2009/06/03,0,821000,-757000,64000
2009/06/04,0,792000,-500000,292000
2009/06/05,0,961402,-289000,672402
2009/06/08,0,2124000,-730000,1394000
2009/06/09,0,288000,-241000,47000
2009/06/10,0,183000,-32106,150894
2009/06/11,0,199000,-105000,94000
2009/06/12,0,57000,-236000,-179000
2009/06/15,0,125881,-269000,-143119
2009/06/16,0,93000,-542070,-449070
2009/06/17,0,502000,-495000,7000
2009/06/18,0,142000,-216000,-74000
2009/06/19,0,25001,-101000,-75999
2009/06/22,0,74000,-129000,-55000
2009/06/23,0,28100,-475000,-446900
2009/06/24,0,741000,-689000,52000
2009/06/25,0,248000,-614000,-366000
2009/06/26,0,295000,-224000,71000
2009/06/29,0,482000,-326000,156000
2009/06/30,0,586000,-264102,321898
2009/07/01,0,170000,-6000,164000
2009/07/02,0,216000,-317000,-101000
2009/07/03,0,34180,-30000,4180
2009/07/06,0,110000,-107000,3000
2009/07/07,0,524350,-250160,274190
2009/07/08,0,322000,-188000,134000
2009/07/09,0,789000,-124000,665000
2009/07/10,0,300000,-102000,198000
2009/07/13,0,574000,-310000,264000
2009/07/14,0,181000,-82210,98790
2009/07/15,0,330000,-70000,260000
2009/07/16,0,802000,-36000,766000
2009/07/17,0,214000,-24741,189259
2009/07/20,0,1259000,-66000,1193000
2009/07/21,0,1372000,-158430,1213570
2009/07/22,0,759000,-133200,625800
2009/07/23,0,469000,-340750,128250
2009/07/24,0,568000,-60890,507110
2009/07/27,0,597000,-364000,233000
2009/07/28,0,330000,-251000,79000
2009/07/29,0,348491,-35000,313491
2009/07/30,0,466000,-235000,231000
2009/07/31,0,532000,-214000,318000
2009/08/03,0,383000,-115000,268000
2009/08/04,0,520000,-275000,245000
2009/08/05,0,221900,-168000,53900
2009/08/06,0,420000,-217100,202900
2009/08/07,0,0,0,0
2009/08/10,0,1685000,-417272,1267728
2009/08/11,0,101000,-193000,-92000
2009/08/12,0,274000,-197000,77000
2009/08/13,0,473000,-37000,436000
2009/08/14,0,502000,-130000,372000
2009/08/17,0,154000,-242300,-88300
2009/08/18,0,34000,-241000,-207000
2009/08/19,0,10000,-149516,-139516
2009/08/20,0,431000,-208000,223000
2009/08/21,0,172000,-321340,-149340
2009/08/24,0,380000,-153000,227000
2009/08/25,0,263000,-119000,144000
2009/08/26,0,360000,-317500,42500
2009/08/27,0,463000,-78000,385000
2009/08/28,0,618000,-32000,586000
2009/08/31,0,261000,-262409,-1409
2009/09/01,0,251000,-361500,-110500
2009/09/02,0,474000,-409000,65000
2009/09/03,0,264970,-275000,-10030
2009/09/04,0,177000,-691000,-514000
2009/09/07,0,284000,-244000,40000
2009/09/08,0,752000,-289000,463000
2009/09/09,0,241000,-222000,19000
2009/09/10,0,844457,-256020,588437
2009/09/11,0,425000,-149000,276000
2009/09/14,0,396000,-296000,100000
2009/09/15,0,319000,-188000,131000
2009/09/16,0,640000,-10000,630000
2009/09/17,0,434000,-29690,404310
2009/09/18,0,383000,-468600,-85600
2009/09/21,0,212000,-109000,103000
2009/09/22,0,19000,-192200,-173200
2009/09/23,0,399000,-488800,-89800
2009/09/24,0,21000,-141200,-120200
2009/09/25,0,278000,-650370,-372370
2009/09/28,0,586000,-743000,-157000
2009/09/29,0,732000,-1178800,-446800
2009/09/30,0,545218,-44000,501218
2009/10/01,0,678000,-78000,600000
2009/10/02,0,228000,-223960,4040
2009/10/05,0,235600,-375020,-139420
2009/10/06,0,754400,-65000,689400
2009/10/07,0,574000,-126960,447040
2009/10/08,0,1286800,-96000,1190800
2009/10/09,0,355471,-146000,209471
2009/10/12,0,338000,-197000,141000
2009/10/13,0,359660,-333772,25888
2009/10/14,0,496000,-7000,489000
2009/10/15,0,799000,-299000,500000
2009/10/16,0,448006,-165000,283006
2009/10/19,0,170000,-121223,48777
2009/10/20,0,386000,-213700,172300
2009/10/21,0,398000,-168020,229980
2009/10/22,0,262200,-330000,-67800
2009/10/23,0,43000,-34000,9000
2009/10/26,0,228000,-9800,218200
2009/10/27,0,252000,-136000,116000
2009/10/28,0,79000,-238000,-159000
2009/10/29,0,67000,-661800,-594800
2009/10/30,0,428000,-420000,8000
2009/11/02,0,32000,-221300,-189300
2009/11/03,0,102000,-255000,-153000
2009/11/04,0,305013,-192552,112461
2009/11/05,0,294700,-229000,65700
2009/11/06,0,378000,-18000,360000
2009/11/09,0,729000,-46000,683000
2009/11/10,0,320000,-70705,249295
2009/11/11,0,770000,-325200,444800
2009/11/12,0,309000,-63000,246000
2009/11/13,0,530000,-5260,524740
2009/11/16,0,414000,-3000,411000
2009/11/17,0,462000,-19000,443000
2009/11/18,0,493000,-178000,315000
2009/11/19,0,232000,-83000,149000
2009/11/20,0,691000,-377500,313500
2009/11/23,0,461000,-51000,410000
2009/11/24,0,350000,-63000,287000
2009/11/25,0,402000,-284000,118000
2009/11/26,0,300000,-42000,258000
2009/11/27,0,293800,-547000,-253200
2009/11/30,0,555381,-857960,-302579
2009/12/01,0,383000,-390000,-7000
2009/12/02,0,190000,-95000,95000
2009/12/03,0,216200,-7270,208930
2009/12/04,0,1376350,-830750,545600
2009/12/07,0,363000,-175000,188000
2009/12/08,0,310200,-66000,244200
2009/12/09,0,146000,-69650,76350
2009/12/10,0,768000,-516540,251460
2009/12/11,0,341000,-346600,-5600
2009/12/14,0,1067000,-813760,253240
2009/12/15,0,704000,-74600,629400
2009/12/16,0,111000,-101000,10000
2009/12/17,0,726520,-481000,245520
2009/12/18,0,443000,-149000,294000
2009/12/21,0,371000,-7600,363400
2009/12/22,0,636000,-63000,573000
2009/12/23,0,352000,-102473,249527
2009/12/24,0,351000,0,351000
2009/12/25,0,283000,-69000,214000
2009/12/28,0,511000,-42000,469000
2009/12/29,0,235000,-46400,188600
2009/12/30,0,384000,-246000,138000
2009/12/31,0,261000,-278000,-17000
2010/01/01,0,0,0,0
2010/01/04,0,152000,-89000,63000
2010/01/05,0,126000,-499000,-373000
2010/01/06,0,492000,-436000,56000
2010/01/07,0,979022,-721460,257562
2010/01/08,0,386100,-424000,-37900
2010/01/11,0,344000,-308000,36000
2010/01/12,0,383000,-234000,149000
2010/01/13,0,247000,-103000,144000
2010/01/14,0,33000,-255710,-222710
2010/01/15,0,118000,-103000,15000
2010/01/18,0,282000,-167000,115000
2010/01/19,0,374000,-267140,106860
2010/01/20,0,358000,-189000,169000
2010/01/21,0,646000,-357000,289000
2010/01/22,0,527000,-284200,242800
2010/01/25,0,152280,-254000,-101720
2010/01/26,0,170000,-576000,-406000
2010/01/27,0,66000,-141820,-75820
2010/01/28,0,436000,-553000,-117000
2010/01/29,0,649000,-760750,-111750
2010/02/01,0,239000,-257620,-18620
2010/02/02,0,527000,-461300,65700
2010/02/03,0,238020,-196000,42020
2010/02/04,0,297000,-242000,55000
2010/02/05,0,60000,-331870,-271870
2010/02/08,0,99268,-329590,-230322
2010/02/09,0,164000,-121780,42220
2010/02/10,0,367000,-528100,-161100
2010/02/11,0,0,0,0
2010/02/12,0,0,0,0
2010/02/15,0,0,0,0
2010/02/16,0,0,0,0
2010/02/17,0,0,0,0
2010/02/18,0,0,0,0
2010/02/19,0,0,0,0
2010/02/22,0,734000,-194000,540000
2010/02/23,0,1251238,-116000,1135238
2010/02/24,0,477999,-268000,209999
2010/02/25,0,622000,-649000,-27000
2010/02/26,0,241097,-257446,-16349
2010/03/01,0,641000,-486000,155000
2010/03/02,0,160000,-148000,12000
2010/03/03,0,360000,-295000,65000
2010/03/04,0,547000,-828000,-281000
2010/03/05,0,833000,-525800,307200
2010/03/08,0,252000,-95000,157000
2010/03/09,0,345720,-132000,213720
2010/03/10,0,622203,-275497,346706
2010/03/11,0,403000,-192000,211000
2010/03/12,0,610000,-519800,90200
2010/03/15,0,160000,-183500,-23500
2010/03/16,0,69000,-69000,0
2010/03/17,0,702000,-392000,310000
2010/03/18,0,324000,-208000,116000
2010/03/19,0,2179000,-2299634,-120634
2010/03/22,0,100000,-633130,-533130
2010/03/23,0,440000,-355400,84600
2010/03/24,0,726000,-734400,-8400
2010/03/25,0,763975,-635000,128975
2010/03/26,0,516000,-266500,249500
2010/03/29,0,1349000,-278000,1071000
2010/03/30,0,773000,-223800,549200
2010/03/31,0,828000,-47775,780225
2010/04/01,0,818000,-247380,570620
2010/04/02,0,747000,-81000,666000
2010/04/05,0,0,0,0
2010/04/06,0,289000,-71000,218000
2010/04/07,0,1088310,-334000,754310
2010/04/08,0,374000,-392600,-18600
2010/04/09,0,526000,-335560,190440
2010/04/12,0,266690,-134000,132690
2010/04/13,0,412000,-158000,254000
2010/04/14,0,577000,-197420,379580
2010/04/15,0,104000,-47000,57000
2010/04/16,0,263420,-238000,25420
2010/04/19,0,238000,-299000,-61000
2010/04/20,0,212000,-213000,-1000
2010/04/21,0,179300,-198000,-18700
2010/04/22,0,308000,-462650,-154650
2010/04/23,0,164000,-208000,-44000
2010/04/26,0,923000,-839000,84000
2010/04/27,0,1256750,-1690750,-434000
2010/04/28,0,89000,-906420,-817420
2010/04/29,0,266000,-442000,-176000
2010/04/30,0,280000,-55400,224600
2010/05/03,0,171000,-95000,76000
2010/05/04,0,571000,-393000,178000
2010/05/05,0,671414,-873560,-202146
2010/05/06,0,586208,-901432,-315224
2010/05/07,0,243763,-233590,10173
2010/05/10,0,301360,-186430,114930
2010/05/11,0,521000,-491000,30000
2010/05/12,0,242685,-76000,166685
2010/05/13,0,323000,-14000,309000
2010/05/14,0,215000,-80000,135000
2010/05/17,0,315200,-185000,130200
2010/05/18,0,397000,-194000,203000
2010/05/19,0,664000,-436000,228000
2010/05/20,0,613000,-477000,136000
2010/05/21,0,494000,-254790,239210
2010/05/24,0,442000,-396000,46000
2010/05/25,0,742000,-691000,51000
2010/05/26,0,1358000,-1156780,201220
2010/05/27,0,1307889,-1316780,-8891
2010/05/28,0,722000,-766000,-44000
2010/05/31,0,381000,-397000,-16000
2010/06/01,0,1021000,-1054000,-33000
2010/06/02,0,447000,-449000,-2000
2010/06/03,0,189000,-199000,-10000
2010/06/04,0,165000,-160000,5000
2010/06/07,0,984000,-1090000,-106000
2010/06/08,0,503000,-530400,-27400
2010/06/09,0,229000,-257000,-28000
2010/06/10,0,278000,-41000,237000
2010/06/11,0,88713,-48000,40713
2010/06/14,0,199593,-15000,184593
2010/06/15,0,353187,-109790,243397
2010/06/16,0,0,0,0
2010/06/17,0,669695,-209573,460122
2010/06/18,0,138557,-74910,63647
2010/06/21,0,580499,-205155,375344
2010/06/22,0,298672,-54000,244672
2010/06/23,0,53590,-20134,33456
2010/06/24,0,144000,-101843,42157
2010/06/25,0,182588,-198732,-16144
2010/06/28,0,170000,-193775,-23775
2010/06/29,0,335775,-328000,7775
2010/06/30,0,420000,-518000,-98000
2010/07/01,0,286000,-547820,-261820
2010/07/02,0,210000,-126350,83650
2010/07/05,0,285420,-155000,130420
2010/07/06,0,447000,-178000,269000
2010/07/07,0,270646,-129000,141646
2010/07/08,0,183000,-48000,135000
2010/07/09,0,79377,-32000,47377
2010/07/12,0,213042,-47008,166034
2010/07/13,0,64000,-40000,24000
2010/07/14,0,393120,-328090,65030
2010/07/15,0,128000,-131000,-3000
2010/07/16,0,196066,-301000,-104934
2010/07/19,0,112000,-63000,49000
2010/07/20,0,328120,-147040,181080
2010/07/21,0,227000,-145000,82000
2010/07/22,0,134001,-141000,-6999
2010/07/23,0,464000,-350000,114000
2010/07/26,0,419310,-271000,148310
2010/07/27,0,138506,-124000,14506
2010/07/28,0,338000,-126000,212000
2010/07/29,0,336000,-254551,81449
2010/07/30,0,447494,-472000,-24506
2010/08/02,0,684000,-653000,31000
2010/08/03,0,916000,-943000,-27000
2010/08/04,0,519000,-927000,-408000
2010/08/05,0,481000,-375000,106000
2010/08/06,0,570000,-404000,166000
2010/08/09,0,316000,-242000,74000
2010/08/10,0,380000,-492600,-112600
2010/08/11,0,351000,-687685,-336685
2010/08/12,0,188000,-269000,-81000
2010/08/13,0,248831,-165000,83831
2010/08/16,0,199664,-556000,-356336
2010/08/17,0,316000,-56000,260000
2010/08/18,0,121000,-159000,-38000
2010/08/19,0,239000,-350000,-111000
2010/08/20,0,192000,-340000,-148000
2010/08/23,0,196000,-154000,42000
2010/08/24,0,916000,-471000,445000
2010/08/25,0,135000,-738000,-603000
2010/08/26,0,182000,-367000,-185000
2010/08/27,0,575000,-312800,262200
2010/08/30,0,509289,-232200,277089
2010/08/31,0,458000,-358504,99496
2010/09/01,0,838000,-676520,161480
2010/09/02,0,943000,-1149396,-206396
2010/09/03,0,95000,-212000,-117000
2010/09/06,0,628000,-335000,293000
2010/09/07,0,93293,-79390,13903
2010/09/08,0,470450,-283000,187450
2010/09/09,0,513000,-538000,-25000
2010/09/10,0,105243,-384000,-278757
2010/09/13,0,608000,-524245,83755
2010/09/14,0,134993,-153000,-18007
2010/09/15,0,316403,-325000,-8597
2010/09/16,0,86000,-261600,-175600
2010/09/17,0,402000,-324000,78000
2010/09/20,0,381000,-467000,-86000
2010/09/21,0,65000,-87000,-22000
2010/09/22,0,0,0,0
2010/09/23,0,158936,-173360,-14424
2010/09/24,0,214340,-114000,100340
2010/09/27,0,259260,-98000,161260
2010/09/28,0,265280,-124000,141280
2010/09/29,0,555000,-584000,-29000
2010/09/30,0,477000,-332000,145000
2010/10/01,0,158260,-104000,54260
2010/10/04,0,697880,-45000,652880
2010/10/05,0,222230,-77010,145220
2010/10/06,0,1380000,-582000,798000
2010/10/07,0,768230,-431000,337230
2010/10/08,0,431397,-381291,50106
2010/10/11,0,226440,-202093,24347
2010/10/12,0,699920,-609600,90320
2010/10/13,0,1002972,-1013736,-10764
2010/10/14,0,432310,-328500,103810
2010/10/15,0,559390,-189000,370390
2010/10/18,0,146000,-179000,-33000
2010/10/19,0,482870,-337972,144898
2010/10/20,0,306921,-146000,160921
2010/10/21,0,218000,-180000,38000
2010/10/22,0,148603,-107676,40927
2010/10/25,0,287200,-106000,181200
2010/10/26,0,261668,-128000,133668
2010/10/27,0,635330,-603000,32330
2010/10/28,0,872317,-280000,592317
2010/10/29,0,304000,-119000,185000
2010/11/01,0,447000,-290000,157000
2010/11/02,0,87000,-7000,80000
2010/11/03,0,368000,-159000,209000
2010/11/04,0,130000,-65000,65000
2010/11/05,0,179000,-154906,24094
2010/11/08,0,32000,-29900,2100
2010/11/09,0,201000,-133000,68000
2010/11/10,0,506530,-237450,269080
2010/11/11,0,265000,-240871,24129
2010/11/12,0,187270,-207000,-19730
2010/11/15,0,148995,-223284,-74289
2010/11/16,0,253000,-353000,-100000
2010/11/17,0,409000,-337168,71832
2010/11/18,0,105000,-106374,-1374
2010/11/19,0,453755,-542712,-88957
2010/11/22,0,80710,-36000,44710
2010/11/23,0,105010,-115000,-9990
2010/11/24,0,184000,-64000,120000
2010/11/25,0,224000,-170000,54000
2010/11/26,0,73000,-112000,-39000
2010/11/29,0,303000,-229934,73066
2010/11/30,0,352281,-497756,-145475
2010/12/01,0,692000,-641272,50728
2010/12/02,0,224600,-239693,-15093
2010/12/03,0,49000,-38250,10750
2010/12/06,0,141000,-240353,-99353
2010/12/07,0,30190,-46000,-15810
2010/12/08,0,215000,-97000,118000
2010/12/09,0,207000,-177000,30000
2010/12/10,0,271000,-270000,1000
2010/12/13,0,78000,-68000,10000
2010/12/14,0,56521,-74191,-17670
2010/12/15,0,240000,-179971,60029
2010/12/16,0,54000,-169000,-115000
2010/12/17,0,194000,-182000,12000
2010/12/20,0,120180,-53000,67180
2010/12/21,0,81000,-64360,16640
2010/12/22,0,261000,-206870,54130
2010/12/23,0,90000,-134000,-44000
2010/12/24,0,41215,-5000,36215
2010/12/27,0,91000,-40000,51000
2010/12/28,0,141000,-52000,89000
2010/12/29,0,125120,-92000,33120
2010/12/30,0,252000,-185000,67000
2010/12/31,0,112000,-44010,67990
2011/01/03,0,152000,-46000,106000
2011/01/04,0,41000,-124000,-83000
2011/01/05,0,80000,-245047,-165047
2011/01/06,0,195000,-154000,41000
2011/01/07,0,262000,-251000,11000
2011/01/10,0,177000,-38000,139000
2011/01/11,0,194000,-55000,139000
2011/01/12,0,186112,-103000,83112
2011/01/13,0,180261,-90000,90261
2011/01/14,0,251000,-240000,11000
2011/01/17,0,224138,-231000,-6862
2011/01/18,0,223000,-194200,28800
2011/01/19,0,247000,-202887,44113
2011/01/20,0,181000,-242000,-61000
2011/01/21,0,93436,-480675,-387239
2011/01/24,0,316000,-179802,136198
2011/01/25,0,144000,-197000,-53000
2011/01/26,0,162675,-72000,90675
2011/01/27,0,313000,-269680,43320
2011/01/28,0,406720,-661000,-254280
2011/01/31,0,0,0,0
2011/02/01,0,0,0,0
2011/02/02,0,0,0,0
2011/02/03,0,0,0,0
2011/02/04,0,0,0,0
2011/02/07,0,0,0,0
2011/02/08,0,435000,-792654,-357654
2011/02/09,0,324000,-245623,78377
2011/02/10,0,484000,-411901,72099
2011/02/11,0,749000,-564066,184934
2011/02/14,0,1016000,-954210,61790
2011/02/15,0,432000,-511202,-79202
2011/02/16,0,322000,-176000,146000
2011/02/17,0,190000,-298580,-108580
2011/02/18,0,110000,-261000,-151000
2011/02/21,0,399000,-463880,-64880
2011/02/22,0,355000,-655827,-300827
2011/02/23,0,620423,-353270,267153
2011/02/24,0,887000,-645073,241927
2011/02/25,0,293000,-209304,83696
2011/02/28,0,0,0,0
2011/03/01,0,438000,-289681,148319
2011/03/02,0,441000,-506000,-65000
2011/03/03,0,275000,-299193,-24193
2011/03/04,0,169000,-49000,120000
2011/03/07,0,88000,-14001,73999
2011/03/08,0,319000,-51000,268000
2011/03/09,0,353000,-285620,67380
2011/03/10,0,109802,-56260,53542
2011/03/11,0,479000,-392640,86360
2011/03/14,0,631000,-123000,508000
2011/03/15,0,323000,-212790,110210
2011/03/16,0,207000,-125530,81470
2011/03/17,0,140000,-131610,8390
2011/03/18,0,51000,-178538,-127538
2011/03/21,0,62000,-118000,-56000
2011/03/22,0,38000,-328176,-290176
2011/03/23,0,172000,-130000,42000
2011/03/24,0,568000,-306000,262000
2011/03/25,0,283000,-267605,15395
2011/03/28,0,339000,-147000,192000
2011/03/29,0,233200,-183000,50200
2011/03/30,0,366000,-69605,296395
2011/03/31,0,178000,-50715,127285
2011/04/01,0,667000,-107000,560000
2011/04/04,0,0,0,0
2011/04/05,0,0,0,0
2011/04/06,0,733920,-636861,97059
2011/04/07,0,280200,-204200,76000
2011/04/08,0,386690,-198000,188690
2011/04/11,0,1763255,-1851255,-88000
2011/04/12,0,81372,-120000,-38628
2011/04/13,0,235000,-241303,-6303
2011/04/14,0,430000,-224255,205745
2011/04/15,0,486000,-476000,10000
2011/04/18,0,486000,-410506,75494
2011/04/19,0,337000,-573000,-236000
2011/04/20,0,258058,-521850,-263792
2011/04/21,0,450263,-204000,246263
2011/04/22,0,88000,-42000,46000
2011/04/25,0,70000,-49000,21000
2011/04/26,0,114288,-651309,-537021
2011/04/27,0,135000,-724000,-589000
2011/04/28,0,165725,-68000,97725
2011/04/29,0,250309,-403200,-152891
2011/05/02,0,0,0,0
2011/05/03,0,366000,-552015,-186015
2011/05/04,0,332000,-995700,-663700
2011/05/05,0,361000,-642300,-281300
2011/05/06,0,215000,-246591,-31591
2011/05/09,0,364000,-520000,-156000
2011/05/10,0,144000,-612000,-468000
2011/05/11,0,312500,-529193,-216693
2011/05/12,0,106000,-681000,-575000
2011/05/13,0,97000,-597000,-500000
2011/05/16,0,177000,-775000,-598000
2011/05/17,0,290000,-553258,-263258
2011/05/18,0,437313,-1273313,-836000
2011/05/19,0,700000,-1709089,-1009089
2011/05/20,0,2089000,-1969489,119511
2011/05/23,0,671000,-1351200,-680200
2011/05/24,0,218000,-186045,31955
2011/05/25,0,203000,-282407,-79407
2011/05/26,0,178000,-275452,-97452
2011/05/27,0,306000,-329000,-23000
2011/05/30,0,380000,-419000,-39000
2011/05/31,0,751000,-737986,13014
2011/06/01,0,282737,-493605,-210868
2011/06/02,0,282000,-274250,7750
2011/06/03,0,390000,-344000,46000
2011/06/06,0,0,0,0
2011/06/07,0,402000,-474802,-72802
2011/06/08,0,168000,-148000,20000
2011/06/09,0,281000,-169841,111159
2011/06/10,0,535665,-333337,202328
2011/06/13,0,244000,-216647,27353
2011/06/14,0,245000,-291035,-46035
2011/06/15,0,1414000,-1218439,195561
2011/06/16,0,621663,-569000,52663
2011/06/17,0,483000,-490222,-7222
2011/06/20,0,361000,-257008,103992
2011/06/21,0,181000,-96000,85000
2011/06/22,0,434000,-612249,-178249
2011/06/23,0,377044,-402323,-25279
2011/06/24,0,494000,-162520,331480
2011/06/27,0,328000,-57998,270002
2011/06/28,0,366000,-252308,113692
2011/06/29,0,566000,-254000,312000
2011/06/30,0,408000,-117000,291000
2011/07/01,0,444067,-494000,-49933
2011/07/04,0,594581,-609267,-14686
2011/07/05,0,1589196,-1624567,-35371
2011/07/06,0,653657,-488970,164687
2011/07/07,0,507720,-788000,-280280
2011/07/08,0,281843,-45000,236843
2011/07/11,0,109706,-104000,5706
2011/07/12,0,235903,-102000,133903
2011/07/13,0,161380,-364000,-202620
2011/07/14,0,166262,-180000,-13738
2011/07/15,0,415810,-138000,277810
2011/07/18,0,98850,-143000,-44150
2011/07/19,0,32000,-184400,-152400
2011/07/20,0,162811,-111000,51811
2011/07/21,0,132340,-151000,-18660
2011/07/22,0,608661,-290337,318324
2011/07/25,0,344518,-285000,59518
2011/07/26,0,318755,-296000,22755
2011/07/27,0,690647,-318000,372647
2011/07/28,0,265548,-189000,76548
2011/07/29,0,510487,-131000,379487
2011/08/01,0,464650,-197844,266806
2011/08/02,0,632466,-660000,-27534
2011/08/03,0,1463595,-697107,766488
2011/08/04,0,1004970,-364000,640970
2011/08/05,0,292891,-408019,-115128
2011/08/08,0,71346,-334000,-262654
2011/08/09,0,881636,-1274764,-393128
2011/08/10,0,1062000,-747000,315000
2011/08/11,0,940000,-758138,181862
2011/08/12,0,362000,-770891,-408891
2011/08/15,0,245253,-188000,57253
2011/08/16,0,275000,-186000,89000
2011/08/17,0,328996,-262000,66996
2011/08/18,0,288120,-374000,-85880
2011/08/19,0,77349,-171000,-93651
2011/08/22,0,124244,-172000,-47756
2011/08/23,0,311848,-215316,96532
2011/08/24,0,215692,-288000,-72308
2011/08/25,0,383645,-165815,217830
2011/08/26,0,369125,-51000,318125
2011/08/29,0,296000,-165000,131000
2011/08/30,0,306667,-99000,207667
2011/08/31,0,233370,-275000,-41630
2011/09/01,0,1099262,-137975,961287
2011/09/02,0,359009,-329000,30009
2011/09/05,0,430000,-431030,-1030
2011/09/06,0,473158,-416112,57046
2011/09/07,0,121076,-76000,45076
2011/09/08,0,117153,-166000,-48847
2011/09/09,0,152000,-47093,104907
2011/09/12,0,0,0,0
2011/09/13,0,340599,-365000,-24401
2011/09/14,0,366632,-308724,57908
2011/09/15,0,298000,-188585,109415
2011/09/16,0,504000,-265634,238366
2011/09/19,0,83886,-137000,-53114
2011/09/20,0,415191,-544000,-128809
2011/09/21,0,286650,-358141,-71491
2011/09/22,0,319578,-376000,-56422
2011/09/23,0,60300,-228000,-167700
2011/09/26,0,209562,-275000,-65438
2011/09/27,0,331898,-150900,180998
2011/09/28,0,297143,-96000,201143
2011/09/29,0,192276,-79000,113276
2011/09/30,0,188000,-208000,-20000
2011/10/03,0,250307,-368000,-117693
2011/10/04,0,347000,-278000,69000
2011/10/05,0,218000,-196000,22000
2011/10/06,0,425000,-183000,242000
2011/10/07,0,241000,-148000,93000
2011/10/10,0,0,0,0
2011/10/11,0,416000,-367000,49000
2011/10/12,0,195000,-218000,-23000
2011/10/13,0,143349,-78000,65349
2011/10/14,0,29169,-52000,-22831
2011/10/17,0,169016,-109000,60016
2011/10/18,0,103371,-91506,11865
2011/10/19,0,130198,-100000,30198
2011/10/20,0,151163,-127000,24163
2011/10/21,0,749208,-735854,13354
2011/10/24,0,377154,-384000,-6846
2011/10/25,0,128100,-114000,14100
2011/10/26,0,91000,-40000,51000
2011/10/27,0,75000,-190000,-115000
2011/10/28,0,429000,-278000,151000
2011/10/31,0,164000,-65000,99000
2011/11/01,0,339000,-127600,211400
2011/11/02,0,228000,-342000,-114000
2011/11/03,0,42000,-377000,-335000
2011/11/04,0,163000,-69000,94000
2011/11/07,0,65000,-56000,9000
2011/11/08,0,201000,-175846,25154
2011/11/09,0,345000,-176000,169000
2011/11/10,0,345000,-169000,176000
2011/11/11,0,123000,-141000,-18000
2011/11/14,0,219000,-47000,172000
2011/11/15,0,153000,-29000,124000
2011/11/16,0,145000,-109000,36000
2011/11/17,0,105361,-70569,34792
2011/11/18,0,189000,-198464,-9464
2011/11/21,0,113000,-152000,-39000
2011/11/22,0,146000,-119000,27000
2011/11/23,0,470000,-688000,-218000
2011/11/24,0,116000,-394000,-278000
2011/11/25,0,161000,-397000,-236000
2011/11/28,0,196196,-146000,50196
2011/11/29,0,179000,-168000,11000
2011/11/30,0,275421,-387000,-111579
2011/12/01,0,395000,-170099,224901
2011/12/02,0,180000,-58000,122000
2011/12/05,0,2050000,-2023000,27000
2011/12/06,0,151500,-86000,65500
2011/12/07,0,218000,-151988,66012
2011/12/08,0,186000,-165604,20396
2011/12/09,0,27651,-144000,-116349
2011/12/12,0,102000,-20000,82000
2011/12/13,0,79000,-62000,17000
2011/12/14,0,133000,-38000,95000
2011/12/15,0,53000,-247000,-194000
2011/12/16,0,55000,-44000,11000
2011/12/19,0,57000,-52000,5000
2011/12/20,0,73000,-70300,2700
2011/12/21,0,129000,-61554,67446
2011/12/22,0,102000,-128600,-26600
2011/12/23,0,174000,-59000,115000
2011/12/26,0,23000,0,23000
2011/12/27,0,143000,-16000,127000
2011/12/28,0,96000,-31000,65000
2011/12/29,0,149000,-64197,84803
2011/12/30,0,177129,-25000,152129
2012/01/02,0,38000,-54000,-16000
2012/01/03,0,142000,-3282,138718
2012/01/04,0,70000,-41000,29000
2012/01/05,0,169000,-146012,22988
2012/01/06,0,380267,-202167,178100
2012/01/09,0,180000,-71000,109000
2012/01/10,0,673000,-241000,432000
2012/01/11,0,209000,-247000,-38000
2012/01/12,0,481000,-423000,58000
2012/01/13,0,491000,-315000,176000
2012/01/16,0,166000,-143000,23000
2012/01/17,0,522000,-358000,164000
2012/01/18,0,570000,-443000,127000
2012/01/19,0,0,0,0
2012/01/20,0,0,0,0
2012/01/23,0,0,0,0
2012/01/24,0,0,0,0
2012/01/25,0,0,0,0
2012/01/26,0,0,0,0
2012/01/27,0,0,0,0
2012/01/30,0,1259338,-895000,364338
2012/01/31,0,904646,-837150,67496
2012/02/01,0,563000,-813000,-250000
2012/02/02,0,536000,-650000,-114000
2012/02/03,0,664000,-734000,-70000
2012/02/06,0,247000,-335000,-88000
2012/02/07,0,98000,-34000,64000
2012/02/08,0,341000,-366000,-25000
2012/02/09,0,282000,-39834,242166
2012/02/10,0,443000,-457000,-14000
2012/02/13,0,363000,-533000,-170000
2012/02/14,0,59509,-286700,-227191
2012/02/15,0,651400,-66000,585400
2012/02/16,0,465000,-281000,184000
2012/02/17,0,433000,-488060,-55060
2012/02/20,0,192000,-117000,75000
2012/02/21,0,80000,-28000,52000
2012/02/22,0,854600,-89000,765600
2012/02/23,0,441000,-296000,145000
2012/02/24,0,491000,-597000,-106000
2012/02/27,0,0,0,0
2012/02/28,0,0,0,0
2012/02/29,0,913488,-790620,122868
2012/03/01,0,176812,-657495,-480683
2012/03/02,0,166705,-651000,-484295
2012/03/05,0,102000,-195000,-93000
2012/03/06,0,231000,-707000,-476000
2012/03/07,0,124000,-148000,-24000
2012/03/08,0,302000,-605000,-303000
2012/03/09,0,317300,-338000,-20700
2012/03/12,0,90000,-130000,-40000
2012/03/13,0,1050000,-922000,128000
2012/03/14,0,884235,-1242301,-358066
2012/03/15,0,357192,-987288,-630096
2012/03/16,0,153000,-979000,-826000
2012/03/19,0,106000,-678000,-572000
2012/03/20,0,302000,-913000,-611000
2012/03/21,0,363737,-584737,-221000
2012/03/22,0,296000,-263000,33000
2012/03/23,0,212000,-204000,8000
2012/03/26,0,427000,-475000,-48000
2012/03/27,0,447000,-287000,160000
2012/03/28,0,211000,-487636,-276636
2012/03/29,0,601000,-1368458,-767458
2012/03/30,0,642355,-1821149,-1178794
2012/04/02,0,503000,-610788,-107788
2012/04/03,0,1274211,-759701,514510
2012/04/04,0,0,0,0
2012/04/05,0,980000,-448000,532000
2012/04/06,0,238000,-480418,-242418
2012/04/09,0,452000,-780000,-328000
2012/04/10,0,577000,-226000,351000
2012/04/11,0,292000,-317000,-25000
2012/04/12,0,657000,-379000,278000
2012/04/13,0,96321,-418400,-322079
2012/04/16,0,255000,-635300,-380300
2012/04/17,0,789000,-538604,250396
2012/04/18,0,349000,-284000,65000
2012/04/19,0,415000,-345000,70000
2012/04/20,0,287000,-176846,110154
2012/04/23,0,544000,-319745,224255
2012/04/24,0,229000,-188600,40400
2012/04/25,0,323000,-231000,92000
2012/04/26,0,127000,-143000,-16000
2012/04/27,0,241000,-153092,87908
2012/04/30,0,630000,-182266,447734
2012/05/01,0,0,0,0
2012/05/02,0,475000,-169789,305211
2012/05/03,0,168000,-99000,69000
2012/05/04,0,304000,-125000,179000
2012/05/07,0,148000,-464343,-316343
2012/05/08,0,140000,-144000,-4000
2012/05/09,0,194000,-243000,-49000
2012/05/10,0,236806,-90088,146718
2012/05/11,0,382821,-628165,-245344
2012/05/14,0,390000,-159000,231000
2012/05/15,0,333000,-200600,132400
2012/05/16,0,1198800,-1061000,137800
2012/05/17,0,709859,-575000,134859
2012/05/18,0,535250,-320000,215250
2012/05/21,0,736000,-355000,381000
2012/05/22,0,607582,-546869,60713
2012/05/23,0,1436600,-1575000,-138400
2012/05/24,0,590000,-966964,-376964
2012/05/25,0,119000,-396000,-277000
2012/05/28,0,359000,-277000,82000
2012/05/29,0,393000,-293000,100000
2012/05/30,0,1024000,-607304,416696
2012/05/31,0,1915814,-1400670,515144
2012/06/01,0,377000,-390079,-13079
2012/06/04,0,398000,-191875,206125
2012/06/05,0,175000,-152000,23000
2012/06/06,0,88000,-239000,-151000
2012/06/07,0,100634,-268000,-167366
2012/06/08,0,527977,-151317,376660
2012/06/11,0,401788,-573000,-171212
2012/06/12,0,514000,-375000,139000
2012/06/13,0,426846,-316000,110846
2012/06/14,0,410822,-367681,43141
2012/06/15,0,488000,-478767,9233
2012/06/18,0,87945,-137000,-49055
2012/06/19,0,67767,-132000,-64233
2012/06/20,0,237738,-191659,46079
2012/06/21,0,89743,-131000,-41257
2012/06/22,0,130790,-289000,-158210
2012/06/25,0,148000,-278000,-130000
2012/06/26,0,142000,-84000,58000
2012/06/27,0,495745,-144000,351745
2012/06/28,0,176700,-358000,-181300
2012/06/29,0,281016,-130000,151016
2012/07/02,0,138000,-243000,-105000
2012/07/03,0,448000,-108000,340000
2012/07/04,0,526420,-294000,232420
2012/07/05,0,673000,-314385,358615
2012/07/06,0,862900,-149590,713310
2012/07/09,0,1098000,-944000,154000
2012/07/10,0,357000,-249000,108000
2012/07/11,0,206000,-233000,-27000
2012/07/12,0,1073063,-1129177,-56114
2012/07/13,0,238362,-321459,-83097
2012/07/16,0,246000,-267000,-21000
2012/07/17,0,362000,-354000,8000
2012/07/18,0,336000,-366999,-30999
2012/07/19,0,249000,-319000,-70000
2012/07/20,0,442000,-491916,-49916
2012/07/23,0,357000,-396000,-39000
2012/07/24,0,272896,-199000,73896
2012/07/25,0,271000,-414197,-143197
2012/07/26,0,306000,-268988,37012
2012/07/27,0,586700,-124000,462700
2012/07/30,0,233059,-168000,65059
2012/07/31,0,1297000,-897789,399211
2012/08/01,0,798000,-838000,-40000
2012/08/02,0,0,0,0
2012/08/03,0,212926,-618821,-405895
2012/08/06,0,520000,-461000,59000
2012/08/07,0,591000,-142000,449000
2012/08/08,0,451241,-511631,-60390
2012/08/09,0,414000,-44000,370000
2012/08/10,0,213000,-186000,27000
2012/08/13,0,331000,-554000,-223000
2012/08/14,0,359000,-492000,-133000
2012/08/15,0,709000,-302000,407000
2012/08/16,0,435000,-137500,297500
2012/08/17,0,784000,-573946,210054
2012/08/20,0,107000,-46100,60900
2012/08/21,0,524714,-357000,167714
2012/08/22,0,71657,-270900,-199243
2012/08/23,0,290256,-404000,-113744
2012/08/24,0,33000,-265022,-232022
2012/08/27,0,138000,-215000,-77000
2012/08/28,0,281329,-662980,-381651
2012/08/29,0,590000,-753000,-163000
2012/08/30,0,528000,-758000,-230000
2012/08/31,0,177503,-197000,-19497
2012/09/03,0,473000,-343000,130000
2012/09/04,0,222000,-295000,-73000
2012/09/05,0,381000,-411858,-30858
2012/09/06,0,508000,-276000,232000
2012/09/07,0,998000,-512323,485677
2012/09/10,0,261000,-386000,-125000
2012/09/11,0,100000,-201000,-101000
2012/09/12,0,392000,-345000,47000
2012/09/13,0,386000,-41520,344480
2012/09/14,0,400000,-340000,60000
2012/09/17,0,478000,-676560,-198560
2012/09/18,0,434000,-367000,67000
2012/09/19,0,679000,-335000,344000
2012/09/20,0,203000,-219000,-16000
2012/09/21,0,337592,-324000,13592
2012/09/24,0,171000,-408900,-237900
2012/09/25,0,221000,-166000,55000
2012/09/26,0,126000,-182000,-56000
2012/09/27,0,283000,-326318,-43318
2012/09/28,0,529100,-384375,144725
2012/10/01,0,173000,-77500,95500
2012/10/02,0,241000,-100000,141000
2012/10/03,0,344000,-107250,236750
2012/10/04,0,289000,-175000,114000
2012/10/05,0,46000,-58000,-12000
2012/10/08,0,313600,-173000,140600
2012/10/09,0,651000,-158074,492926
2012/10/10,0,0,0,0
2012/10/11,0,329000,-632000,-303000
2012/10/12,0,34000,-202000,-168000
2012/10/15,0,68000,-118000,-50000
2012/10/16,0,116000,-159000,-43000
2012/10/17,0,207000,-291000,-84000
2012/10/18,0,121000,-145000,-24000
2012/10/19,0,91000,-169000,-78000
2012/10/22,0,195000,-421254,-226254
2012/10/23,0,153200,-143000,10200
2012/10/24,0,237000,-297026,-60026
2012/10/25,0,115000,-300000,-185000
2012/10/26,0,742000,-661000,81000
2012/10/29,0,101000,-81000,20000
2012/10/30,0,444000,-459000,-15000
2012/10/31,0,598000,-908000,-310000
2012/11/01,0,107000,-554000,-447000
2012/11/02,0,252000,-632000,-380000
2012/11/05,0,237000,-361000,-124000
2012/11/06,0,182000,-318000,-136000
2012/11/07,0,273000,-807400,-534400
2012/11/08,0,253000,-803400,-550400
2012/11/09,0,212000,-599235,-387235
2012/11/12,0,149000,-216500,-67500
2012/11/13,0,614000,-483000,131000
2012/11/14,0,684000,-497200,186800
2012/11/15,0,287000,-218600,68400
2012/11/16,0,337000,-325000,12000
2012/11/19,0,190800,-132000,58800
2012/11/20,0,279000,-175700,103300
2012/11/21,0,413000,-612431,-199431
2012/11/22,0,282000,-112000,170000
2012/11/23,0,341000,-88000,253000
2012/11/26,0,221000,-63000,158000
2012/11/27,0,312000,-182000,130000
2012/11/28,0,294000,-290633,3367
2012/11/29,0,405000,-270000,135000
2012/11/30,0,1217000,-552259,664741
2012/12/03,0,668000,-309035,358965
2012/12/04,0,622600,-467000,155600
2012/12/05,0,726000,-270000,456000
2012/12/06,0,583000,-535000,48000
2012/12/07,0,309000,-281000,28000
2012/12/10,0,154000,-150000,4000
2012/12/11,0,361516,-249532,111984
2012/12/12,0,609000,-369000,240000
2012/12/13,0,470470,-130000,340470
2012/12/14,0,543838,-105277,438561
2012/12/17,0,447000,-281900,165100
2012/12/18,0,601400,-368700,232700
2012/12/19,0,304000,-439400,-135400
2012/12/20,0,1218000,-1430900,-212900
2012/12/21,0,231000,-321504,-90504
2012/12/24,0,35000,-57000,-22000
2012/12/25,0,147000,-18000,129000
2012/12/26,0,172000,-18000,154000
2012/12/27,0,335348,-242400,92948
2012/12/28,0,469676,-180979,288697
2012/12/31,0,0,0,0
2013/01/01,0,0,0,0
2013/01/02,0,167000,-127000,40000
2013/01/03,0,253000,-272000,-19000
2013/01/04,0,194000,-248000,-54000
2013/01/07,0,248000,-442900,-194900
2013/01/08,0,336000,-629619,-293619
2013/01/09,0,315000,-236000,79000
2013/01/10,0,534324,-253000,281324
2013/01/11,0,239000,-17000,222000
2013/01/14,0,330427,-399800,-69373
2013/01/15,0,170000,-93000,77000
2013/01/16,0,135000,-166000,-31000
2013/01/17,0,353400,-177000,176400
2013/01/18,0,126000,-243000,-117000
2013/01/21,0,83000,-204000,-121000
2013/01/22,0,312000,-455154,-143154
2013/01/23,0,163000,-252706,-89706
2013/01/24,0,983000,-2417000,-1434000
2013/01/25,0,572000,-683000,-111000
2013/01/28,0,137000,-397000,-260000
2013/01/29,0,384200,-543000,-158800
2013/01/30,0,527000,-379000,148000
2013/01/31,0,597200,-866000,-268800
2013/02/01,0,383000,-642000,-259000
2013/02/04,0,463298,-491200,-27902
2013/02/05,0,420000,-102524,317476
2013/02/06,0,497349,-116000,381349
2013/02/07,0,0,0,0
2013/02/08,0,0,0,0
2013/02/11,0,0,0,0
2013/02/12,0,0,0,0
2013/02/13,0,0,0,0
2013/02/14,0,0,0,0
2013/02/15,0,0,0,0
2013/02/18,0,664368,-241153,423215
2013/02/19,0,384790,-162000,222790
2013/02/20,0,549664,-169000,380664
2013/02/21,0,407000,-299922,107078
2013/02/22,0,103000,-159000,-56000
2013/02/25,0,113000,-148242,-35242
2013/02/26,0,213000,-400780,-187780
2013/02/27,0,259000,-293838,-34838
2013/02/28,0,0,0,0
2013/03/01,0,538800,-590000,-51200
2013/03/04,0,352000,-536000,-184000
2013/03/05,0,276000,-212000,64000
2013/03/06,0,561000,-580000,-19000
2013/03/07,0,623800,-894320,-270520
2013/03/08,0,395400,-318000,77400
2013/03/11,0,208000,-115000,93000
2013/03/12,0,100000,-100710,-710
2013/03/13,0,174000,-265000,-91000
2013/03/14,0,172000,-197396,-25396
2013/03/15,0,248818,-497000,-248182
2013/03/18,0,86000,-482000,-396000
2013/03/19,0,223000,-383000,-160000
2013/03/20,0,407000,-545854,-138854
2013/03/21,0,476500,-674000,-197500
2013/03/22,0,679107,-648033,31074
2013/03/25,0,219000,-562400,-343400
2013/03/26,0,339000,-337776,1224
2013/03/27,0,304000,-632000,-328000
2013/03/28,0,366000,-436365,-70365
2013/03/29,0,283000,-188000,95000
2013/04/01,0,68218,-93000,-24782
2013/04/02,0,161000,-142000,19000
2013/04/03,0,397797,-293000,104797
2013/04/04,0,0,0,0
2013/04/05,0,0,0,0
2013/04/08,0,417600,-401000,16600
2013/04/09,0,169000,-350497,-181497
2013/04/10,0,752000,-539564,212436
2013/04/11,0,334991,-198000,136991
2013/04/12,0,381000,-189000,192000
2013/04/15,0,107369,-243800,-136431
2013/04/16,0,278587,-298300,-19713
2013/04/17,0,279000,-407000,-128000
2013/04/18,0,276000,-646000,-370000
2013/04/19,0,325000,-526600,-201600
2013/04/22,0,279000,-309000,-30000
2013/04/23,0,267000,-130563,136437
2013/04/24,0,428000,-237500,190500
2013/04/25,0,191000,-607000,-416000
2013/04/26,0,236000,-569000,-333000
2013/04/29,0,305000,-122000,183000
2013/04/30,0,370000,-270000,100000
2013/05/01,0,0,0,0
2013/05/02,0,188000,-330862,-142862
2013/05/03,0,174000,-321000,-147000
2013/05/06,0,580000,-289000,291000
2013/05/07,0,299000,-394515,-95515
2013/05/08,0,343195,-76000,267195
2013/05/09,0,456108,-407390,48718
2013/05/10,0,284000,-297000,-13000
2013/05/13,0,73000,-153360,-80360
2013/05/14,0,1329000,-1276000,53000
2013/05/15,0,1060000,-888640,171360
2013/05/16,0,543000,-236570,306430
2013/05/17,0,411000,-336136,74864
2013/05/20,0,468000,-172000,296000
2013/05/21,0,651000,-88622,562378
2013/05/22,0,967900,-216300,751600
2013/05/23,0,462000,-706700,-244700
2013/05/24,0,916112,-724000,192112
2013/05/27,0,602708,-218631,384077
2013/05/28,0,538000,-380000,158000
2013/05/29,0,406000,-384000,22000
2013/05/30,0,360000,-412000,-52000
2013/05/31,0,785000,-569880,215120
2013/06/03,0,457000,-521000,-64000
2013/06/04,0,708000,-874500,-166500
2013/06/05,0,881000,-729162,151838
2013/06/06,0,1069066,-1274600,-205534
2013/06/07,0,709000,-453955,255045
2013/06/10,0,985000,-191000,794000
2013/06/11,0,183000,-250000,-67000
2013/06/12,0,0,0,0
2013/06/13,0,449000,-401750,47250
2013/06/14,0,435000,-425595,9405
2013/06/17,0,544000,-261195,282805
2013/06/18,0,506000,-303000,203000
2013/06/19,0,526000,-186695,339305
2013/06/20,0,426000,-439770,-13770
2013/06/21,0,384000,-322026,61974
2013/06/24,0,385000,-424000,-39000
2013/06/25,0,593000,-466800,126200
2013/06/26,0,1130000,-895440,234560
2013/06/27,0,782000,-465730,316270
2013/06/28,0,825000,-349021,475979
2013/07/01,0,328000,-160708,167292
2013/07/02,0,249000,-86593,162407
2013/07/03,0,281000,-356200,-75200
2013/07/04,0,305000,-503000,-198000
2013/07/05,0,836000,-691000,145000
2013/07/08,0,488000,-625000,-137000
2013/07/09,0,350000,-205000,145000
2013/07/10,0,588000,-389000,199000
2013/07/11,0,910000,-668000,242000
2013/07/12,0,1029000,-1277000,-248000
2013/07/15,0,338734,-389500,-50766
2013/07/16,0,521000,-628291,-107291
2013/07/17,0,1057000,-952847,104153
2013/07/18,0,1113000,-796000,317000
2013/07/19,0,482831,-245620,237211
2013/07/22,0,762671,-730800,31871
2013/07/23,0,525000,-608200,-83200
2013/07/24,0,221000,-510000,-289000
2013/07/25,0,745000,-1020700,-275700
2013/07/26,0,739000,-523000,216000
2013/07/29,0,292000,-232900,59100
2013/07/30,0,494000,-300664,193336
2013/07/31,0,372000,-475407,-103407
2013/08/01,0,122000,-215000,-93000
2013/08/02,0,462000,-289300,172700
2013/08/05,0,339000,-642000,-303000
2013/08/06,0,299000,-855900,-556900
2013/08/07,0,242000,-779622,-537622
2013/08/08,0,216000,-385000,-169000
2013/08/09,0,327000,-435600,-108600
2013/08/12,0,164000,-183000,-19000
2013/08/13,0,1096000,-702000,394000
2013/08/14,0,221401,-662600,-441199
2013/08/15,0,243000,-600733,-357733
2013/08/16,0,256220,-517200,-260980
2013/08/19,0,345000,-330000,15000
2013/08/20,0,512000,-391000,121000
2013/08/21,0,0,0,0
2013/08/22,0,693000,-1591034,-898034
2013/08/23,0,1191000,-1014000,177000
2013/08/26,0,344000,-466500,-122500
2013/08/27,0,708000,-598000,110000
2013/08/28,0,304000,-733000,-429000
2013/08/29,0,835000,-702604,132396
2013/08/30,0,315047,-433996,-118949
2013/09/02,0,162000,-140000,22000
2013/09/03,0,226000,-203000,23000
2013/09/04,0,380000,-224000,156000
2013/09/05,0,594352,-338000,256352
2013/09/06,0,298000,-219000,79000
2013/09/09,0,451000,-223000,228000
2013/09/10,0,377000,-195000,182000
2013/09/11,0,769000,-199581,569419
2013/09/12,0,373000,-183000,190000
2013/09/13,0,277200,-353016,-75816
2013/09/16,0,403000,-216000,187000
2013/09/17,0,485000,-474969,10031
2013/09/18,0,476932,-298000,178932
2013/09/19,0,0,0,0
2013/09/20,0,0,0,0
2013/09/23,0,420000,-260300,159700
2013/09/24,0,715000,-226650,488350
2013/09/25,0,512090,-298000,214090
2013/09/26,0,303000,-404700,-101700
2013/09/27,0,829000,-813210,15790
2013/09/30,0,176000,-978953,-802953
2013/10/01,0,320000,-1055362,-735362
2013/10/02,0,666400,-799463,-133063
2013/10/03,0,439533,-213266,226267
2013/10/04,0,487000,-62000,425000
2013/10/07,0,302000,-242000,60000
2013/10/08,0,250000,-113046,136954
2013/10/09,0,324000,-123000,201000
2013/10/10,0,0,0,0
2013/10/11,0,258000,-245852,12148
2013/10/14,0,104000,-82070,21930
2013/10/15,0,321000,-39000,282000
2013/10/16,0,212205,-118900,93305
2013/10/17,0,293000,-127000,166000
2013/10/18,0,169000,-174400,-5400
2013/10/21,0,350000,-269037,80963
2013/10/22,0,176000,-268000,-92000
2013/10/23,0,324659,-280000,44659
2013/10/24,0,258100,-344610,-86510
2013/10/25,0,684000,-748538,-64538
2013/10/28,0,1176000,-1126000,50000
2013/10/29,0,555000,-442000,113000
2013/10/30,0,387000,-308578,78422
2013/10/31,0,1339000,-530043,808957
2013/11/01,0,650029,-211200,438829
2013/11/04,0,385000,-315000,70000
2013/11/05,0,783000,-413452,369548
2013/11/06,0,579000,-421000,158000
2013/11/07,0,349055,-403000,-53945
2013/11/08,0,393000,-135200,257800
2013/11/11,0,274000,-566000,-292000
2013/11/12,0,862500,-903000,-40500
2013/11/13,0,702763,-1118000,-415237
2013/11/14,0,432600,-602000,-169400
2013/11/15,0,306000,-808000,-502000
2013/11/18,0,188000,-511000,-323000
2013/11/19,0,341000,-457000,-116000
2013/11/20,0,2087443,-2775397,-687954
2013/11/21,0,186000,-836000,-650000
2013/11/22,0,325000,-229400,95600
2013/11/25,0,97000,-339125,-242125
2013/11/26,0,603168,-702934,-99766
2013/11/27,0,358000,-184000,174000
2013/11/28,0,432000,-47000,385000
2013/11/29,0,761000,-644000,117000
2013/12/02,0,306000,-143000,163000
2013/12/03,0,363000,-250221,112779
2013/12/04,0,260000,-315440,-55440
2013/12/05,0,472000,-301000,171000
2013/12/06,0,277000,-359000,-82000
2013/12/09,0,482000,-169549,312451
2013/12/10,0,352254,-235517,116737
2013/12/11,0,485000,-455000,30000
2013/12/12,0,159926,-253602,-93676
2013/12/13,0,93000,-743969,-650969
2013/12/16,0,80000,-535895,-455895
2013/12/17,0,374000,-277000,97000
2013/12/18,0,327000,-545000,-218000
2013/12/19,0,344000,-100421,243579
2013/12/20,0,105000,-144205,-39205
2013/12/23,0,242000,-147000,95000
2013/12/24,0,64000,-95000,-31000
2013/12/25,0,34000,-26000,8000
2013/12/26,0,10000,-4000,6000
2013/12/27,0,185000,-53300,131700
2013/12/30,0,157001,-75400,81601
2013/12/31,0,99000,-118900,-19900
2014/01/02,0,116000,-50000,66000
2014/01/03,0,81000,-158700,-77700
2014/01/06,0,81000,-223022,-142022
2014/01/07,0,103000,-157000,-54000
2014/01/08,0,111000,-275000,-164000
2014/01/09,0,507000,-219000,288000
2014/01/10,0,193000,-281000,-88000
2014/01/13,0,70000,-542161,-472161
2014/01/14,0,377000,-441829,-64829
2014/01/15,0,212000,-752022,-540022
2014/01/16,0,461000,-165000,296000
2014/01/17,0,490000,-260416,229584
2014/01/20,0,610000,-467000,143000
2014/01/21,0,773376,-764054,9322
2014/01/22,0,405000,-568530,-163530
2014/01/23,0,362931,-313300,49631
2014/01/24,0,417400,-332821,84579
2014/01/27,0,739000,-940170,-201170
2014/02/05,0,1473800,-1604837,-131037
2014/02/06,0,616000,-797200,-181200
2014/02/07,0,272000,-270000,2000
2014/02/10,0,197620,-172000,25620
2014/02/11,0,425404,-451501,-26097
2014/02/12,0,514000,-286300,227700
2014/02/13,0,45604,-364820,-319216
2014/02/14,0,233590,-173380,60210
2014/02/17,0,117000,-81000,36000
2014/02/18,0,140000,-137900,2100
2014/02/19,0,224000,-223000,1000
2014/02/20,0,823500,-599670,223830
2014/02/21,0,671000,-452700,218300
2014/02/24,0,519000,-478555,40445
2014/02/25,0,665414,-303000,362414
2014/02/26,0,544000,-187000,357000
2014/02/27,0,557000,-375510,181490
2014/03/03,0,589300,-309000,280300
2014/03/04,0,238100,-165000,73100
2014/03/05,0,244000,-243000,1000
2014/03/06,0,221000,-277000,-56000
2014/03/07,0,533000,-334879,198121
2014/03/10,0,356000,-277501,78499
2014/03/11,0,243248,-342600,-99352
2014/03/12,0,104000,-72000,32000
2014/03/13,0,42000,-294008,-252008
2014/03/14,0,118000,-264768,-146768
2014/03/17,0,214000,-228000,-14000
2014/03/18,0,152000,-142000,10000
2014/03/19,0,65000,-163300,-98300
2014/03/20,0,82000,-211000,-129000
2014/03/21,0,236000,-307346,-71346
2014/03/24,0,176000,-35000,141000
2014/03/25,0,81000,-294700,-213700
2014/03/26,0,262000,-520307,-258307
2014/03/27,0,553000,-1057000,-504000
2014/03/28,0,500402,-135000,365402
2014/03/31,0,560015,-207663,352352
2014/04/01,0,111000,-156066,-45066
2014/04/02,0,399400,-242100,157300
2014/04/03,0,237000,-133800,103200
2014/04/07,0,670000,-387000,283000
2014/04/08,0,294000,-297600,-3600
2014/04/09,0,199000,-135000,64000
2014/04/10,0,182000,-302731,-120731
2014/04/11,0,311000,-84000,227000
2014/04/14,0,1209000,-75000,1134000
2014/04/15,0,738712,-321000,417712
2014/04/16,0,549000,-131000,418000
2014/04/17,0,1353000,-170000,1183000
2014/04/18,0,577000,-111000,466000
2014/04/21,0,412000,-119500,292500
2014/04/22,0,694000,-360000,334000
2014/04/23,0,680000,-297000,383000
2014/04/24,0,1451409,-780859,670550
2014/04/25,0,823210,-616400,206810
2014/04/28,0,569300,-415000,154300
2014/04/29,0,360000,-262000,98000
2014/04/30,0,722000,-623680,98320
2014/05/02,0,411702,-185702,226000
2014/05/05,0,198000,-285500,-87500
2014/05/06,0,277000,-393100,-116100
2014/05/07,0,468200,-476000,-7800
2014/05/08,0,174000,-78000,96000
2014/05/09,0,205000,-291140,-86140
2014/05/12,0,220600,-82000,138600
2014/05/13,0,689000,-486922,202078
2014/05/14,0,682000,-577000,105000
2014/05/15,0,293000,-418000,-125000
2014/05/16,0,382000,-219000,163000
2014/05/19,0,297000,-129952,167048
2014/05/20,0,208000,-157965,50035
2014/05/21,0,295000,-172300,122700
2014/05/22,0,244000,-297000,-53000
2014/05/23,0,193000,-394436,-201436
2014/05/26,0,87500,-186000,-98500
2014/05/27,0,282000,-310100,-28100
2014/05/28,0,489000,-368000,121000
2014/05/29,0,486219,-118444,367775
2014/05/30,0,1461228,-1040211,421017
2014/06/03,0,620000,-317850,302150
2014/06/04,0,540000,-495000,45000
2014/06/05,0,211000,-185000,26000
2014/06/06,0,377000,-247000,130000
2014/06/09,0,540000,-265000,275000
2014/06/10,0,313624,-340200,-26576
2014/06/11,0,192000,-130000,62000
2014/06/12,0,136000,-63500,72500
2014/06/13,0,167573,-179000,-11427
2014/06/16,0,442904,-403553,39351
2014/06/17,0,97000,-111000,-14000
2014/06/18,0,808000,-677997,130003
2014/06/19,0,134816,-115000,19816
2014/06/20,0,215000,-223000,-8000
2014/06/23,0,470000,-457870,12130
2014/06/24,0,261000,-222390,38610
2014/06/25,0,163319,-129406,33913
2014/06/26,0,208073,-311000,-102927
2014/06/27,0,222000,-258369,-36369
2014/06/30,0,153000,-143900,9100
2014/07/01,0,173000,-80000,93000
2014/07/02,0,122000,-140668,-18668
2014/07/03,0,168000,-266138,-98138
2014/07/04,0,180000,-142000,38000
2014/07/07,0,349594,-267000,82594
2014/07/08,0,246000,-290000,-44000
2014/07/09,0,159000,-262000,-103000
2014/07/10,0,483000,-246900,236100
2014/07/11,0,258039,-62000,196039
2014/07/14,0,357000,-494802,-137802
2014/07/15,0,493068,-139000,354068
2014/07/16,0,179400,-65000,114400
2014/07/17,0,467598,-91000,376598
2014/07/18,0,469013,-239000,230013
2014/07/21,0,387000,-233900,153100
2014/07/22,0,228000,-189000,39000
2014/07/23,0,0,0,0
2014/07/24,0,306078,-210000,96078
2014/07/25,0,363292,-606845,-243553
2014/07/28,0,264000,-244580,19420
2014/07/29,0,449000,-467000,-18000
2014/07/30,0,360000,-366000,-6000
2014/07/31,0,195000,-355000,-160000
2014/08/01,0,283523,-94000,189523
2014/08/04,0,256700,-525531,-268831
2014/08/05,0,72000,-434864,-362864
2014/08/06,0,247232,-167790,79442
2014/08/07,0,144070,-356580,-212510
2014/08/08,0,168000,-409864,-241864
2014/08/11,0,348219,-427000,-78781
2014/08/12,0,164500,-222135,-57635
2014/08/13,0,590563,-88000,502563
2014/08/14,0,208000,-192000,16000
2014/08/15,0,313000,-96000,217000
2014/08/18,0,417000,-182000,235000
2014/08/19,0,328768,-227697,101071
2014/08/20,0,364629,-76000,288629
2014/08/21,0,377000,-224000,153000
2014/08/22,0,486366,-78361,408005
2014/08/25,0,75000,-158000,-83000
2014/08/26,0,154503,-221638,-67135
2014/08/27,0,335000,-274365,60635
2014/08/28,0,226039,-276000,-49961
2014/08/29,0,149000,-179000,-30000
2014/09/01,0,168000,-47000,121000
2014/09/02,0,196000,-244000,-48000
2014/09/03,0,315049,-178270,136779
2014/09/04,0,59000,-163570,-104570
2014/09/05,0,67000,-114000,-47000
2014/09/09,0,156000,-77600,78400
2014/09/10,0,42302,-215000,-172698
2014/09/11,0,55024,-176000,-120976
2014/09/12,0,38457,-89000,-50543
2014/09/15,0,304000,-191000,113000
2014/09/16,0,43131,-93000,-49869
2014/09/17,0,149000,-180200,-31200
2014/09/18,0,65072,-89000,-23928
2014/09/19,0,429000,-380000,49000
2014/09/22,0,237083,-257000,-19917
2014/09/23,0,69000,-164385,-95385
2014/09/24,0,301000,-286900,14100
2014/09/25,0,274000,-242087,31913
2014/09/26,0,170000,-139000,31000
2014/09/29,0,353000,-468000,-115000
2014/09/30,0,680000,-699000,-19000
2014/10/01,0,305882,-372000,-66118
2014/10/02,0,305800,-355000,-49200
2014/10/03,0,218000,-219000,-1000
2014/10/06,0,237132,-384000,-146868
2014/10/07,0,268000,-238000,30000
2014/10/08,0,214000,-197000,17000
2014/10/09,0,268000,-158106,109894
2014/10/13,0,388000,-643190,-255190
2014/10/14,0,258000,-303000,-45000
2014/10/15,0,216000,-556574,-340574
2014/10/16,0,304026,-445066,-141040
2014/10/17,0,686000,-397000,289000
2014/10/20,0,391000,-206238,184762
2014/10/21,0,597500,-523000,74500
2014/10/22,0,674000,-480600,193400
2014/10/23,0,312000,-188300,123700
2014/10/24,0,270000,-203509,66491
2014/10/27,0,443000,-311000,132000
2014/10/28,0,534000,-520000,14000
2014/10/29,0,429000,-417000,12000
2014/10/30,0,273618,-160819,112799
2014/10/31,0,319000,-259000,60000
2014/11/03,0,284720,-292000,-7280
2014/11/04,0,396000,-555000,-159000
2014/11/05,0,440000,-341000,99000
2014/11/06,0,177000,-172000,5000
2014/11/07,0,57100,-28000,29100
2014/11/10,0,568000,-146000,422000
2014/11/11,0,139000,-82000,57000
2014/11/12,0,366000,-292000,74000
2014/11/13,0,355000,-388000,-33000
2014/11/14,0,267000,-308000,-41000
2014/11/17,0,446000,-154000,292000
2014/11/18,0,1086000,-254079,831921
2014/11/19,0,625700,-399000,226700
2014/11/20,0,206000,-184575,21425
2014/11/21,0,97000,-106200,-9200
2014/11/24,0,292000,-117666,174334
2014/11/25,0,618119,-444786,173333
2014/11/26,0,264000,-299000,-35000
2014/11/27,0,270000,-249000,21000
2014/11/28,0,161000,-151000,10000
2014/12/01,0,260000,-297507,-37507
2014/12/02,0,408000,-401000,7000
2014/12/03,0,531318,-512000,19318
2014/12/04,0,182000,-53200,128800
2014/12/05,0,274389,-210000,64389
2014/12/08,0,433000,-814476,-381476
2014/12/09,0,492000,-547000,-55000
2014/12/10,0,633404,-676932,-43528
2014/12/11,0,1576000,-1683732,-107732
2014/12/12,0,520000,-527026,-7026
2014/12/15,0,343361,-331000,12361
2014/12/16,0,2087283,-2126454,-39171
2014/12/17,0,521000,-616205,-95205
2014/12/18,0,323131,-355500,-32369
2014/12/19,0,311000,-178000,133000
2014/12/22,0,105000,-112000,-7000
2014/12/23,0,145000,-131000,14000
2014/12/24,0,178000,-161500,16500
2014/12/25,0,63000,-45000,18000
2014/12/26,0,55000,-26000,29000
2014/12/29,0,210000,-78000,132000
2014/12/30,0,262000,-249064,12936
2014/12/31,0,546000,-432000,114000
2015/01/01,0,0,0,0
2015/01/02,0,0,0,0
2015/01/05,0,463000,-571266,-108266
2015/01/06,0,495000,-633839,-138839
2015/01/07,0,263000,-392000,-129000
2015/01/08,0,759000,-707780,51220
2015/01/09,0,196000,-210066,-14066
2015/01/12,0,332000,-273374,58626
2015/01/13,0,371253,-288098,83155
2015/01/14,0,353000,-384000,-31000
2015/01/15,0,306000,-418100,-112100
2015/01/16,0,311000,-371505,-60505
2015/01/19,0,276000,-259000,17000
2015/01/20,0,358000,-105536,252464
2015/01/21,0,415000,-377180,37820
2015/01/22,0,527500,-540000,-12500
2015/01/23,0,276000,-221000,55000
2015/01/26,0,188000,-151000,37000
2015/01/27,0,200000,-106000,94000
2015/01/28,0,153000,-97000,56000
2015/01/29,0,252000,-255482,-3482
2015/01/30,0,404000,-405440,-1440
2015/02/02,0,340179,-325111,15068
2015/02/03,0,235000,-182638,52362
2015/02/04,0,480882,-330000,150882
2015/02/05,0,257000,-257000,0
2015/02/06,0,445000,-225000,220000
2015/02/09,0,168000,-101872,66128
2015/02/10,0,214000,-160000,54000
2015/02/11,0,212752,-166000,46752
2015/02/12,0,201000,-295322,-94322
2015/02/13,0,482000,-192000,290000
2015/02/16,0,0,0,0
2015/02/17,0,0,0,0
2015/02/18,0,0,0,0
2015/02/19,0,0,0,0
2015/02/20,0,0,0,0
2015/02/23,0,0,0,0
2015/02/24,0,739918,-532589,207329
2015/02/25,0,457532,-598904,-141372
2015/02/26,0,621486,-793788,-172302
2015/02/27,0,0,0,0
2015/03/02,0,363000,-353000,10000
2015/03/03,0,216801,-388755,-171954
2015/03/04,0,230000,-126000,104000
2015/03/05,0,89000,-201400,-112400
2015/03/06,0,226801,-337763,-110962
2015/03/09,0,163386,-211841,-48455
2015/03/10,0,286830,-417750,-130920
2015/03/11,0,268828,-439600,-170772
2015/03/12,0,486786,-544960,-58174
2015/03/13,0,134000,-301300,-167300
2015/03/16,0,175013,-217785,-42772
2015/03/17,0,414000,-665000,-251000
2015/03/18,0,744000,-379103,364897
2015/03/19,0,433000,-381632,51368
2015/03/20,0,463000,-235000,228000
2015/03/23,0,190540,-145000,45540
2015/03/24,0,361398,-301900,59498
2015/03/25,0,350383,-351000,-617
2015/03/26,0,3171000,-3189675,-18675
2015/03/27,0,839068,-857000,-17932
2015/03/30,0,535589,-498000,37589
2015/03/31,0,296000,-311000,-15000
2015/04/01,0,234958,-178000,56958
2015/04/02,0,358042,-260000,98042
2015/04/03,0,0,0,0
2015/04/06,0,0,0,0
2015/04/07,0,63000,-86465,-23465
2015/04/08,0,1196000,-1279000,-83000
2015/04/09,0,310574,-252375,58199
2015/04/10,0,177000,-144363,32637
2015/04/13,0,760000,-854000,-94000
2015/04/14,0,141000,-165000,-24000
2015/04/15,0,414000,-875000,-461000
2015/04/16,0,596000,-625500,-29500
2015/04/17,0,314801,-396100,-81299
2015/04/20,0,863000,-879000,-16000
2015/04/21,0,676739,-719000,-42261
2015/04/22,0,374000,-455131,-81131
2015/04/23,0,611000,-1002800,-391800
2015/04/24,0,900748,-900163,585
2015/04/27,0,445000,-1129624,-684624
2015/04/28,0,775000,-1281000,-506000
2015/04/29,0,620000,-1081000,-461000
2015/04/30,0,1099000,-1527946,-428946
2015/05/01,0,0,0,0
2015/05/04,0,1232000,-1085320,146680
2015/05/05,0,861633,-956000,-94367
2015/05/06,0,466000,-900265,-434265
2015/05/07,0,155007,-231000,-75993
2015/05/08,0,51398,-97000,-45602
2015/05/11,0,132000,-99000,33000
2015/05/12,0,363000,-536632,-173632
2015/05/13,0,133000,-138000,-5000
2015/05/14,0,741550,-1382818,-641268
2015/05/15,0,544000,-555663,-11663
2015/05/18,0,295000,-334000,-39000
2015/05/19,0,634398,-482000,152398
2015/05/20,0,657000,-839857,-182857
2015/05/21,0,409000,-688507,-279507
2015/05/22,0,309000,-462275,-153275
2015/05/25,0,166000,-219326,-53326
2015/05/26,0,264000,-269000,-5000
2015/05/27,0,764708,-854628,-89920
2015/05/28,0,402000,-472678,-70678
2015/05/29,0,696083,-746461,-50378
2015/06/01,0,611000,-549876,61124
2015/06/02,0,2654024,-2840000,-185976
2015/06/03,0,1171000,-1377000,-206000
2015/06/04,0,428000,-827000,-399000
2015/06/05,0,851174,-1044700,-193526
2015/06/08,0,814000,-559728,254272
2015/06/09,0,310797,-402801,-92004
2015/06/10,0,538000,-562000,-24000
2015/06/11,0,433000,-432000,1000
2015/06/12,0,152000,-361127,-209127
2015/06/15,0,184000,-222000,-38000
2015/06/16,0,475000,-553000,-78000
2015/06/17,0,816000,-1084504,-268504
2015/06/18,0,326000,-501073,-175073
2015/06/19,0,0,0,0
2015/06/22,0,342036,-384995,-42959
2015/06/23,0,193000,-278000,-85000
2015/06/24,0,549060,-508533,40527
2015/06/25,0,837801,-633000,204801
2015/06/26,0,332000,-217000,115000
2015/06/29,0,344000,-387000,-43000
2015/06/30,0,635455,-626576,8879
2015/07/01,0,456000,-351410,104590
2015/07/02,0,246024,-190000,56024
2015/07/03,0,227000,-284000,-57000
2015/07/06,0,441353,-469000,-27647
2015/07/07,0,275000,-230192,44808
2015/07/08,0,534000,-542913,-8913
2015/07/09,0,462000,-448908,13092
2015/07/10,0,0,0,0
2015/07/13,0,398063,-447432,-49369
2015/07/14,0,374000,-254045,119955
2015/07/15,0,374000,-281270,92730
2015/07/16,0,66000,-88000,-22000
2015/07/17,0,199000,-275000,-76000
2015/07/20,0,165036,-148000,17036
2015/07/21,0,231000,-241800,-10800
2015/07/22,0,400000,-402005,-2005
2015/07/23,0,3707000,-3735750,-28750
2015/07/24,0,157000,-103100,53900
2015/07/27,0,424158,-407099,17059
2015/07/28,0,461666,-402000,59666
2015/07/29,0,313000,-302000,11000
2015/07/30,0,289410,-252000,37410
2015/07/31,0,389175,-358000,31175
2015/08/03,0,223053,-212000,11053
2015/08/04,0,508000,-207233,300767
2015/08/05,0,393000,-170000,223000
2015/08/06,0,161000,-227000,-66000
2015/08/07,0,136000,-199000,-63000
2015/08/10,0,106000,-295000,-189000
2015/08/11,0,469000,-606000,-137000
2015/08/12,0,238000,-249001,-11001
2015/08/13,0,407000,-498165,-91165
2015/08/14,0,132000,-150000,-18000
2015/08/17,0,220329,-165264,55065
2015/08/18,0,382000,-320630,61370
2015/08/19,0,590036,-507000,83036
2015/08/20,0,426000,-524336,-98336
2015/08/21,0,376000,-420100,-44100
2015/08/24,0,515000,-470644,44356
2015/08/25,0,546000,-449682,96318
2015/08/26,0,344917,-426117,-81200
2015/08/27,0,766000,-945000,-179000
2015/08/28,0,421000,-699424,-278424
2015/08/31,0,802000,-634000,168000
2015/09/01,0,268000,-220596,47404
2015/09/02,0,234000,-245518,-11518
2015/09/03,0,192000,-187000,5000
2015/09/04,0,380280,-355089,25191
2015/09/07,0,176000,-187568,-11568
2015/09/08,0,243000,-287000,-44000
2015/09/09,0,485208,-219000,266208
2015/09/10,0,271000,-180800,90200
2015/09/11,0,246124,-188309,57815
2015/09/14,0,205000,-248000,-43000
2015/09/15,0,225000,-202738,22262
2015/09/16,0,224000,-191426,32574
2015/09/17,0,413000,-266171,146829
2015/09/18,0,155398,-150390,5008
2015/09/21,0,179000,-275284,-96284
2015/09/22,0,141000,-88281,52719
2015/09/23,0,87000,-364496,-277496
2015/09/24,0,292000,-564000,-272000
2015/09/25,0,256000,-305974,-49974
2015/09/28,0,0,0,0
2015/09/29,0,0,0,0
2015/09/30,0,754109,-818725,-64616
2015/10/01,0,404000,-312000,92000
2015/10/02,0,152000,-166071,-14071
2015/10/05,0,298700,-396419,-97719
2015/10/06,0,368302,-270000,98302
2015/10/07,0,356000,-327000,29000
2015/10/08,0,349000,-372365,-23365
2015/10/09,0,0,0,0
2015/10/12,0,517000,-364000,153000
2015/10/13,0,300000,-242894,57106
2015/10/14,0,154000,-504509,-350509
2015/10/15,0,737000,-817787,-80787
2015/10/16,0,552000,-488391,63609
2015/10/19,0,348000,-164000,184000
2015/10/20,0,434000,-225785,208215
2015/10/21,0,321000,-302826,18174
2015/10/22,0,198000,-130000,68000
2015/10/23,0,282843,-334000,-51157
2015/10/26,0,368000,-252402,115598
2015/10/27,0,243000,-326248,-83248
2015/10/28,0,311000,-356453,-45453
2015/10/29,0,302000,-445762,-143762
2015/10/30,0,329000,-181575,147425
2015/11/02,0,124299,-134000,-9701
2015/11/03,0,376575,-214375,162200
2015/11/04,0,439000,-403035,35965
2015/11/05,0,128000,-101275,26725
2015/11/06,0,257000,-488527,-231527
2015/11/09,0,396989,-593000,-196011
2015/11/10,0,555000,-1177428,-622428
2015/11/11,0,181122,-440624,-259502
2015/11/12,0,1596000,-1699000,-103000
2015/11/13,0,1405000,-1519400,-114400
2015/11/16,0,267000,-310944,-43944
2015/11/17,0,116000,-118862,-2862
2015/11/18,0,609000,-644678,-35678
2015/11/19,0,142000,-314297,-172297
2015/11/20,0,211000,-279576,-68576
2015/11/23,0,285769,-209000,76769
2015/11/24,0,356000,-275511,80489
2015/11/25,0,52441,-233441,-181000
2015/11/26,0,383000,-233144,149856
2015/11/27,0,144000,-178000,-34000
2015/11/30,0,726034,-1156789,-430755
2015/12/01,0,393000,-185712,207288
2015/12/02,0,206000,-257769,-51769
2015/12/03,0,239000,-273079,-34079
2015/12/04,0,933000,-1074753,-141753
2015/12/07,0,284000,-174935,109065
2015/12/08,0,261048,-503446,-242398
2015/12/09,0,141000,-222358,-81358
2015/12/10,0,335000,-372609,-37609
2015/12/11,0,461018,-499067,-38049
2015/12/14,0,279944,-275166,4778
2015/12/15,0,389000,-515395,-126395
2015/12/16,0,438000,-330325,107675
2015/12/17,0,510882,-421253,89629
2015/12/18,0,572060,-521960,50100
2015/12/21,0,354000,-335090,18910
2015/12/22,0,154266,-119799,34467
2015/12/23,0,181300,-93750,87550
2015/12/24,0,140000,-140615,-615
2015/12/25,0,72000,-22000,50000
2015/12/28,0,261000,-162000,99000
2015/12/29,0,106000,-71000,35000
2015/12/30,0,137086,-218453,-81367
2015/12/31,0,156000,-85000,71000
2016/01/01,0,0,0,0
2016/01/04,0,275520,-478449,-202929
2016/01/05,0,269371,-195745,73626
2016/01/06,0,343802,-246000,97802
2016/01/07,0,382319,-391626,-9307
2016/01/08,0,222000,-295401,-73401
2016/01/11,0,339024,-397000,-57976
2016/01/12,0,361000,-377861,-16861
2016/01/13,0,293000,-250026,42974
2016/01/14,0,222000,-125294,96706
2016/01/15,0,429000,-395177,33823
2016/01/18,0,424398,-381774,42624
2016/01/19,0,308000,-291674,16326
2016/01/20,0,383072,-411000,-27928
2016/01/21,0,298000,-318000,-20000
2016/01/22,0,158000,-138748,19252
2016/01/25,0,213000,-108000,105000
2016/01/26,0,107000,-130000,-23000
2016/01/27,0,155000,-200126,-45126
2016/01/28,0,675000,-154055,520945
2016/01/29,0,461382,-302000,159382
2016/02/01,0,357000,-203000,154000
2016/02/02,0,303219,-229498,73721
2016/02/03,0,198000,-416517,-218517
2016/02/04,0,0,0,0
2016/02/05,0,0,0,0
2016/02/08,0,0,0,0
2016/02/09,0,0,0,0
2016/02/10,0,0,0,0
2016/02/11,0,0,0,0
2016/02/12,0,0,0,0
2016/02/15,0,394000,-443411,-49411
2016/02/16,0,463681,-445321,18360
2016/02/17,0,151000,-210978,-59978
2016/02/18,0,269000,-364981,-95981
2016/02/19,0,199090,-280849,-81759
2016/02/22,0,100000,-231842,-131842
2016/02/23,0,212758,-267000,-54242
2016/02/24,0,155000,-493146,-338146
2016/02/25,0,290360,-408000,-117640
2016/02/26,0,316000,-373148,-57148
2016/02/29,0,0,0,0
2016/03/01,0,336971,-607000,-270029
2016/03/02,0,341846,-522000,-180154
2016/03/03,0,423077,-359000,64077
2016/03/04,0,251000,-394000,-143000
2016/03/07,0,236000,-183000,53000
2016/03/08,0,448611,-692000,-243389
2016/03/09,0,390000,-431621,-41621
2016/03/10,0,270000,-196196,73804
2016/03/11,0,247000,-209000,38000
2016/03/14,0,270000,-626000,-356000
2016/03/15,0,191000,-229000,-38000
2016/03/16,0,280000,-210000,70000
2016/03/17,0,286000,-128426,157574
2016/03/18,0,670000,-489000,181000
2016/03/21,0,200000,-237000,-37000
2016/03/22,0,240739,-292181,-51442
2016/03/23,0,153000,-136000,17000
2016/03/24,0,212678,-279000,-66322
2016/03/25,0,166000,-318000,-152000
2016/03/28,0,141400,-221000,-79600
2016/03/29,0,155000,-482000,-327000
2016/03/30,0,306000,-1153200,-847200
2016/03/31,0,718000,-1713000,-995000
2016/04/01,0,591000,-1366000,-775000
2016/04/04,0,0,0,0
2016/04/05,0,0,0,0
2016/04/06,0,1879439,-1869769,9670
2016/04/07,0,2649304,-2876660,-227356
2016/04/08,0,1069828,-814000,255828
2016/04/11,0,1161000,-827720,333280
2016/04/12,0,726000,-430000,296000
2016/04/13,0,897000,-778315,118685
2016/04/14,0,500000,-328940,171060
2016/04/15,0,385000,-322000,63000
2016/04/18,0,384000,-270000,114000
2016/04/19,0,1335973,-1258168,77805
2016/04/20,0,481353,-375000,106353
2016/04/21,0,226000,-128000,98000
2016/04/22,0,269000,-155000,114000
2016/04/25,0,293000,-105000,188000
2016/04/26,0,512582,-468000,44582
2016/04/27,0,457000,-435000,22000
2016/04/28,0,526955,-494000,32955
2016/04/29,0,175000,-231296,-56296
2016/05/02,0,0,0,0
2016/05/03,0,1037000,-920000,117000
2016/05/04,0,449759,-581792,-132033
2016/05/05,0,604000,-509000,95000
2016/05/06,0,791474,-441265,350209
2016/05/09,0,475116,-307000,168116
2016/05/10,0,404000,-494762,-90762
2016/05/11,0,286191,-399689,-113498
2016/05/12,0,291000,-203000,88000
2016/05/13,0,771000,-836933,-65933
2016/05/16,0,450000,-390000,60000
2016/05/17,0,612000,-337000,275000
2016/05/18,0,303987,-325150,-21163
2016/05/19,0,403024,-416000,-12976
2016/05/20,0,143000,-170045,-27045
2016/05/23,0,454080,-218082,235998
2016/05/24,0,169000,-156999,12001
2016/05/25,0,298000,-171000,127000
2016/05/26,0,313000,-252000,61000
2016/05/27,0,232000,-191000,41000
2016/05/30,0,351000,-257000,94000
2016/05/31,0,637199,-522901,114298
2016/06/01,0,440000,-249000,191000
2016/06/02,0,237000,-272834,-35834
2016/06/03,0,337148,-206000,131148
2016/06/06,0,115000,-109000,6000
2016/06/07,0,481000,-290200,190800
2016/06/08,0,543000,-293000,250000
2016/06/09,0,0,0,0
2016/06/10,0,0,0,0
2016/06/13,0,518000,-462341,55659
2016/06/14,0,313130,-195000,118130
2016/06/15,0,242513,-259192,-16679
2016/06/16,0,275000,-236000,39000
2016/06/17,0,256000,-197646,58354
2016/06/20,0,350000,-365000,-15000
2016/06/21,0,319000,-118957,200043
2016/06/22,0,298062,-368702,-70640
2016/06/23,0,231998,-97899,134099
2016/06/24,0,501000,-580000,-79000
2016/06/27,0,153000,-214000,-61000
2016/06/28,0,584000,-673719,-89719
2016/06/29,0,575000,-566980,8020
2016/06/30,0,734000,-819000,-85000
2016/07/01,0,623000,-454000,169000
2016/07/04,0,308000,-474000,-166000
2016/07/05,0,641941,-604397,37544
2016/07/06,0,565000,-508000,57000
2016/07/07,0,179000,-211219,-32219
2016/07/08,0,0,0,0
2016/07/11,0,555000,-286000,269000
2016/07/12,0,565000,-378000,187000
2016/07/13,0,366000,-347000,19000
2016/07/14,0,455000,-406493,48507
2016/07/15,0,802998,-295563,507435
2016/07/18,0,788824,-508000,280824
2016/07/19,0,891000,-430000,461000
2016/07/20,0,729000,-241000,488000
2016/07/21,0,644746,-618056,26690
2016/07/22,0,379483,-420000,-40517
2016/07/25,0,602430,-578000,24430
2016/07/26,0,778000,-619000,159000
2016/07/27,0,226000,-874000,-648000
2016/07/28,0,390000,-589000,-199000
2016/07/29,0,121000,-529077,-408077
2016/08/01,0,432032,-428000,4032
2016/08/02,0,120000,-557170,-437170
2016/08/03,0,86000,-237000,-151000
2016/08/04,0,288000,-223000,65000
2016/08/05,0,326000,-220877,105123
2016/08/08,0,106999,-277000,-170001
2016/08/09,0,398000,-477833,-79833
2016/08/10,0,197000,-165786,31214
2016/08/11,0,255000,-522000,-267000
2016/08/12,0,221000,-298119,-77119
2016/08/15,0,212000,-275333,-63333
2016/08/16,0,212000,-308000,-96000
2016/08/17,0,209809,-110509,99300
2016/08/18,0,223000,-426794,-203794
2016/08/19,0,299998,-369418,-69420
2016/08/22,0,172000,-193673,-21673
2016/08/23,0,276853,-140000,136853
2016/08/24,0,145000,-131715,13285
2016/08/25,0,164000,-77000,87000
2016/08/26,0,82495,-29000,53495
2016/08/29,0,174000,-290841,-116841
2016/08/30,0,146333,-191000,-44667
2016/08/31,0,389515,-466000,-76485
2016/09/01,0,303000,-329058,-26058
2016/09/02,0,467332,-461000,6332
2016/09/05,0,223000,-97000,126000
2016/09/06,0,197331,-69254,128077
2016/09/07,0,381000,-395701,-14701
2016/09/08,0,248000,-218000,30000
2016/09/09,0,103000,-119000,-16000
2016/09/12,0,276000,-316211,-40211
2016/09/13,0,262000,-359000,-97000
2016/09/14,0,393000,-350010,42990
2016/09/15,0,0,0,0
2016/09/16,0,0,0,0
2016/09/19,0,369000,-198902,170098
2016/09/20,0,125000,-162000,-37000
2016/09/21,0,342000,-274000,68000
2016/09/22,0,204665,-207000,-2335
2016/09/23,0,300693,-187291,113402
2016/09/26,0,388000,-310000,78000
2016/09/27,0,0,0,0
2016/09/28,0,0,0,0
2016/09/29,0,705245,-300394,404851
2016/09/30,0,517332,-337096,180236
2016/10/03,0,175000,-134000,41000
2016/10/04,0,118000,-112928,5072
2016/10/05,0,141700,-147700,-6000
2016/10/06,0,163832,-124000,39832
2016/10/07,0,78997,-39000,39997
2016/10/10,0,0,0,0
2016/10/11,0,177000,-145082,31918
2016/10/12,0,550000,-576528,-26528
2016/10/13,0,170000,-316000,-146000
2016/10/14,0,236000,-142678,93322
2016/10/17,0,90701,-171220,-80519
2016/10/18,0,253000,-175825,77175
2016/10/19,0,268000,-193000,75000
2016/10/20,0,55000,-55058,-58
2016/10/21,0,228000,-201730,26270
2016/10/24,0,189000,-149000,40000
2016/10/25,0,335868,-230873,104995
2016/10/26,0,542000,-231000,311000
2016/10/27,0,684858,-503000,181858
2016/10/28,0,553000,-486000,67000
2016/10/31,0,163339,-181090,-17751
2016/11/01,0,73000,-55000,18000
2016/11/02,0,156099,-135081,21018
2016/11/03,0,124000,-186001,-62001
2016/11/04,0,230000,-277000,-47000
2016/11/07,0,121000,-126398,-5398
2016/11/08,0,614429,-568000,46429
2016/11/09,0,697000,-722855,-25855
2016/11/10,0,553000,-512000,41000
2016/11/11,0,249000,-522579,-273579
2016/11/14,0,401000,-639472,-238472
2016/11/15,0,468000,-675000,-207000
2016/11/16,0,336195,-494593,-158398
2016/11/17,0,160000,-336000,-176000
2016/11/18,0,184000,-332000,-148000
2016/11/21,0,56000,-183276,-127276
2016/11/22,0,337000,-307070,29930
2016/11/23,0,582000,-542959,39041
2016/11/24,0,210000,-276000,-66000
2016/11/25,0,260000,-226000,34000
2016/11/28,0,273000,-239000,34000
2016/11/29,0,317000,-653461,-336461
2016/11/30,0,983000,-1020000,-37000
2016/12/01,0,336739,-365000,-28261
2016/12/02,0,264000,-521000,-257000
2016/12/05,0,234000,-286114,-52114
2016/12/06,0,389000,-440395,-51395
2016/12/07,0,49000,-172000,-123000
2016/12/08,0,378000,-721213,-343213
2016/12/09,0,486224,-469050,17174
2016/12/12,0,1571000,-1033029,537971
2016/12/13,0,349093,-598743,-249650
2016/12/14,0,753891,-742000,11891
2016/12/15,0,258000,-337000,-79000
2016/12/16,0,254048,-487212,-233164
2016/12/19,0,364000,-510063,-146063
2016/12/20,0,421828,-844107,-422279
2016/12/21,0,813000,-1402133,-589133
2016/12/22,0,248380,-420000,-171620
2016/12/23,0,257000,-621000,-364000
2016/12/26,0,21000,-87000,-66000
2016/12/27,0,23000,-111000,-88000
2016/12/28,0,240000,-418000,-178000
2016/12/29,0,364643,-442544,-77901
2016/12/30,0,501000,-358000,143000
2017/01/02,0,0,0,0
2017/01/03,0,220000,-218000,2000
2017/01/04,0,487000,-474000,13000
2017/01/05,0,861881,-358000,503881
2017/01/06,0,696000,-635000,61000
2017/01/09,0,425000,-337000,88000
2017/01/10,0,457000,-394000,63000
2017/01/11,0,549726,-464000,85726
2017/01/12,0,694000,-456000,238000
2017/01/13,0,146597,-228000,-81403
2017/01/16,0,78000,-129000,-51000
2017/01/17,0,268495,-157000,111495
2017/01/18,0,63000,-151994,-88994
2017/01/19,0,240000,-609529,-369529
2017/01/20,0,1281858,-276707,1005151
2017/01/23,0,529000,-601056,-72056
2017/01/24,0,360799,-246713,114086
2017/01/25,0,0,0,0
2017/01/26,0,0,0,0
2017/01/27,0,0,0,0
2017/01/30,0,0,0,0
2017/01/31,0,0,0,0
2017/02/01,0,0,0,0
2017/02/02,0,895326,-1004884,-109558
2017/02/03,0,402000,-613121,-211121
2017/02/06,0,310000,-415332,-105332
2017/02/07,0,172227,-182000,-9773
2017/02/08,0,436368,-651000,-214632
2017/02/09,0,296230,-355000,-58770
2017/02/10,0,462000,-543000,-81000
2017/02/13,0,253198,-266000,-12802
2017/02/14,0,370000,-437264,-67264
2017/02/15,0,548000,-431000,117000
2017/02/16,0,662000,-611000,51000
2017/02/17,0,94000,-284000,-190000
2017/02/20,0,335000,-366000,-31000
2017/02/21,0,232000,-325000,-93000
2017/02/22,0,136000,-280653,-144653
2017/02/23,0,635000,-697822,-62822
2017/02/24,0,601000,-554128,46872
2017/02/27,0,0,0,0
2017/02/28,0,0,0,0
2017/03/01,0,656825,-751386,-94561
2017/03/02,0,477975,-543122,-65147
2017/03/03,0,450000,-568634,-118634
2017/03/06,0,23573,-181924,-158351
2017/03/07,0,63135,-101036,-37901
2017/03/08,0,81000,-162231,-81231
2017/03/09,0,219729,-520000,-300271
2017/03/10,0,201081,-339000,-137919
2017/03/13,0,190462,-226877,-36415
2017/03/14,0,193363,-261757,-68394
2017/03/15,0,112000,-140338,-28338
2017/03/16,0,226000,-195000,31000
2017/03/17,0,477000,-578115,-101115
2017/03/20,0,546000,-502000,44000
2017/03/21,0,341066,-329147,11919
2017/03/22,0,1027000,-1051485,-24485
2017/03/23,0,322000,-353666,-31666
2017/03/24,0,208454,-250748,-42294
2017/03/27,0,268000,-331000,-63000
2017/03/28,0,1855000,-1836000,19000
2017/03/29,0,174264,-225000,-50736
2017/03/30,0,508000,-1996000,-1488000
2017/03/31,0,145000,-534000,-389000
2017/04/03,0,0,0,0
2017/04/04,0,0,0,0
2017/04/05,0,689700,-829750,-140050
2017/04/06,0,479000,-365000,114000
2017/04/07,0,167000,-230000,-63000
2017/04/10,0,116000,-133000,-17000
2017/04/11,0,115140,-159000,-43860
2017/04/12,0,164062,-207000,-42938
2017/04/13,0,135000,-137000,-2000
2017/04/14,0,68000,-30000,38000
2017/04/17,0,170000,-47000,123000
2017/04/18,0,430000,-397495,32505
2017/04/19,0,524000,-577452,-53452
2017/04/20,0,371000,-338212,32788
2017/04/21,0,238000,-307681,-69681
2017/04/24,0,440000,-415000,25000
2017/04/25,0,581000,-507574,73426
2017/04/26,0,1508404,-1803402,-294998
2017/04/27,0,1058500,-979600,78900
2017/04/28,0,683000,-592000,91000
2017/05/01,0,0,0,0
2017/05/02,0,685000,-720500,-35500
2017/05/03,0,314500,-144000,170500
2017/05/04,0,426000,-371494,54506
2017/05/05,0,182386,-180000,2386
2017/05/08,0,253930,-314927,-60997
2017/05/09,0,293173,-93000,200173
2017/05/10,0,230046,-301000,-70954
2017/05/11,0,555599,-362000,193599
2017/05/12,0,265305,-343000,-77695
2017/05/15,0,246891,-734000,-487109
2017/05/16,0,639000,-511096,127904
2017/05/17,0,267000,-256610,10390
2017/05/18,0,560326,-828000,-267674
2017/05/19,0,358000,-512800,-154800
2017/05/22,0,404155,-405000,-845
2017/05/23,0,129660,-419000,-289340
2017/05/24,0,173000,-275100,-102100
2017/05/25,0,543000,-591839,-48839
2017/05/26,0,0,0,0
2017/05/29,0,0,0,0
2017/05/30,0,0,0,0
2017/05/31,0,1153607,-1366976,-213369
2017/06/01,0,170000,-273000,-103000
2017/06/02,0,257376,-333000,-75624
2017/06/05,0,248000,-298000,-50000
2017/06/06,0,259000,-469812,-210812
2017/06/07,0,426000,-345120,80880
2017/06/08,0,337000,-346000,-9000
2017/06/09,0,337000,-457629,-120629
2017/06/12,0,501724,-408000,93724
2017/06/13,0,1431000,-1440562,-9562
2017/06/14,0,675000,-605211,69789
2017/06/15,0,276000,-320000,-44000
2017/06/16,0,331000,-291790,39210
2017/06/19,0,146198,-133000,13198
2017/06/20,0,193000,-194000,-1000
2017/06/21,0,582376,-528900,53476
2017/06/22,0,742184,-341000,401184
2017/06/23,0,142000,-235000,-93000
2017/06/26,0,384000,-183000,201000
2017/06/27,0,398000,-254140,143860
2017/06/28,0,519000,-581000,-62000
2017/06/29,0,202000,-203000,-1000
2017/06/30,0,313000,-458270,-145270
2017/07/03,0,298768,-405000,-106232
2017/07/04,0,423000,-499000,-76000
2017/07/05,0,571303,-578000,-6697
2017/07/06,0,316000,-351000,-35000
2017/07/07,0,59340,-88823,-29483
2017/07/10,0,111081,-416868,-305787
2017/07/11,0,142290,-214974,-72684
2017/07/12,0,637240,-802461,-165221
2017/07/13,0,270661,-685000,-414339
2017/07/14,0,72000,-115000,-43000
2017/07/17,0,167000,-288000,-121000
2017/07/18,0,139315,-604000,-464685
2017/07/19,0,310000,-929000,-619000
2017/07/20,0,155241,-224000,-68759
2017/07/21,0,93240,-196000,-102760
2017/07/24,0,196055,-243000,-46945
2017/07/25,0,158000,-248858,-90858
2017/07/26,0,155000,-337000,-182000
2017/07/27,0,362000,-481300,-119300
2017/07/28,0,110984,-192399,-81415
2017/07/31,0,324172,-453000,-128828
2017/08/01,0,200300,-460000,-259700
2017/08/02,0,449000,-436000,13000
2017/08/03,0,283000,-406841,-123841
2017/08/04,0,89424,-154546,-65122
2017/08/07,0,445362,-303000,142362
2017/08/08,0,210000,-233000,-23000
2017/08/09,0,347297,-201000,146297
2017/08/10,0,309396,-298000,11396
2017/08/11,0,434562,-315000,119562
2017/08/14,0,479166,-358000,121166
2017/08/15,0,262000,-458000,-196000
2017/08/16,0,435000,-432346,2654
2017/08/17,0,375228,-123000,252228
2017/08/18,0,293000,-228000,65000
