Date,Open,Buy,Sell,Total
2007/01/02,0,0,-3650000,-3650000
2007/01/03,0,47000,-609000,-562000
2007/01/04,0,13000,-903000,-890000
2007/01/05,0,354000,0,354000
2007/01/08,0,0,0,0
2007/01/09,0,0,-224000,-224000
2007/01/10,0,150000,-278000,-128000
2007/01/11,0,2000,-68000,-66000
2007/01/12,0,0,0,0
2007/01/15,0,0,0,0
2007/01/16,0,262000,-950000,-688000
2007/01/17,0,0,0,0
2007/01/18,0,0,-450000,-450000
2007/01/19,0,0,-100000,-100000
2007/01/22,0,0,0,0
2007/01/23,0,366000,0,366000
2007/01/24,0,375000,-440000,-65000
2007/01/25,0,200000,-50000,150000
2007/01/26,0,0,-295000,-295000
2007/01/29,0,50000,0,50000
2007/01/30,0,0,-157000,-157000
2007/01/31,0,0,-81000,-81000
2007/02/01,0,0,0,0
2007/02/02,0,903000,0,903000
2007/02/05,0,921000,-630000,291000
2007/02/06,0,670000,-200000,470000
2007/02/07,0,230000,-400000,-170000
2007/02/08,0,0,-1500000,-1500000
2007/02/09,0,520000,-828000,-308000
2007/02/12,0,0,-87000,-87000
2007/02/13,0,0,-200000,-200000
2007/02/14,0,0,-158000,-158000
2007/02/15,0,0,0,0
2007/02/16,0,0,0,0
2007/02/19,0,0,0,0
2007/02/20,0,0,0,0
2007/02/21,0,0,0,0
2007/02/22,0,0,0,0
2007/02/23,0,0,0,0
2007/02/26,0,41000,-140000,-99000
2007/02/27,0,670000,-250000,420000
2007/02/28,0,0,0,0
2007/03/01,0,0,-550000,-550000
2007/03/02,0,0,-50000,-50000
2007/03/05,0,330000,-270000,60000
2007/03/06,0,0,-26000,-26000
2007/03/07,0,0,-15000,-15000
2007/03/08,0,0,-25000,-25000
2007/03/09,0,0,-60000,-60000
2007/03/12,0,1000,-100000,-99000
2007/03/13,0,0,0,0
2007/03/14,0,0,0,0
2007/03/15,0,0,0,0
2007/03/16,0,600000,0,600000
2007/03/19,0,225000,-276000,-51000
2007/03/20,0,25000,0,25000
2007/03/21,0,230000,0,230000
2007/03/22,0,0,0,0
2007/03/23,0,200000,-324000,-124000
2007/03/26,0,0,-499000,-499000
2007/03/27,0,0,-19000,-19000
2007/03/28,0,0,-732000,-732000
2007/03/29,0,0,0,0
2007/03/30,0,50000,0,50000
2007/04/02,0,0,0,0
2007/04/03,0,0,0,0
2007/04/04,0,0,0,0
2007/04/05,0,0,0,0
2007/04/06,0,0,0,0
2007/04/09,0,0,-217000,-217000
2007/04/10,0,0,-584000,-584000
2007/04/11,0,0,0,0
2007/04/12,0,0,0,0
2007/04/13,0,0,0,0
2007/04/16,0,0,0,0
2007/04/17,0,50000,0,50000
2007/04/18,0,17000,0,17000
2007/04/19,0,45000,-76000,-31000
2007/04/20,0,0,-2000,-2000
2007/04/23,0,0,-307000,-307000
2007/04/24,0,3000,-96000,-93000
2007/04/25,0,0,-354000,-354000
2007/04/26,0,0,0,0
2007/04/27,0,300000,0,300000
2007/04/30,0,0,0,0
2007/05/01,0,0,0,0
2007/05/02,0,0,0,0
2007/05/03,0,266000,0,266000
2007/05/04,0,0,0,0
2007/05/07,0,0,0,0
2007/05/08,0,0,0,0
2007/05/09,0,0,0,0
2007/05/10,0,0,-2000,-2000
2007/05/11,0,0,-500000,-500000
2007/05/14,0,0,-500000,-500000
2007/05/15,0,5000,-40000,-35000
2007/05/16,0,0,-1000,-1000
2007/05/17,0,0,0,0
2007/05/18,0,0,0,0
2007/05/21,0,0,0,0
2007/05/22,0,0,0,0
2007/05/23,0,0,-440000,-440000
2007/05/24,0,0,-148000,-148000
2007/05/25,0,0,-594000,-594000
2007/05/28,0,50000,0,50000
2007/05/29,0,1000,0,1000
2007/05/30,0,0,0,0
2007/05/31,0,0,-451000,-451000
2007/06/01,0,0,-133000,-133000
2007/06/04,0,1000,0,1000
2007/06/05,0,0,-569000,-569000
2007/06/06,0,0,0,0
2007/06/07,0,0,0,0
2007/06/08,0,0,0,0
2007/06/11,0,0,0,0
2007/06/12,0,0,0,0
2007/06/13,0,0,0,0
2007/06/14,0,0,0,0
2007/06/15,0,0,-438000,-438000
2007/06/18,0,0,0,0
2007/06/19,0,0,0,0
2007/06/20,0,0,0,0
2007/06/21,0,0,0,0
2007/06/22,0,0,0,0
2007/06/25,0,3000,0,3000
2007/06/26,0,0,-350000,-350000
2007/06/27,0,0,-150000,-150000
2007/06/28,0,0,0,0
2007/06/29,0,0,0,0
2007/07/02,0,500000,0,500000
2007/07/03,0,1265000,0,1265000
2007/07/04,0,0,0,0
2007/07/05,0,0,0,0
2007/07/06,0,0,0,0
2007/07/09,0,1000,-794,206
2007/07/10,0,300000,0,300000
2007/07/11,0,0,0,0
2007/07/12,0,200000,0,200000
2007/07/13,0,0,-100000,-100000
2007/07/16,0,0,0,0
2007/07/17,0,0,0,0
2007/07/18,0,2101000,0,2101000
2007/07/19,0,3050000,-175000,2875000
2007/07/20,0,510000,0,510000
2007/07/23,0,0,0,0
2007/07/24,0,0,0,0
2007/07/25,0,661000,0,661000
2007/07/26,0,100000,0,100000
2007/07/27,0,0,0,0
2007/07/30,0,0,0,0
2007/07/31,0,0,0,0
2007/08/01,0,0,0,0
2007/08/02,0,0,-45000,-45000
2007/08/03,0,1000,-700000,-699000
2007/08/06,0,410000,-560000,-150000
2007/08/07,0,0,-725000,-725000
2007/08/08,0,1000,0,1000
2007/08/09,0,0,0,0
2007/08/10,0,0,-160000,-160000
2007/08/13,0,0,-660000,-660000
2007/08/14,0,0,-500000,-500000
2007/08/15,0,1000,-256000,-255000
2007/08/16,0,1000,-244000,-243000
2007/08/17,0,0,0,0
2007/08/20,0,601000,0,601000
2007/08/21,0,0,0,0
2007/08/22,0,0,-180000,-180000
2007/08/23,0,0,0,0
2007/08/24,0,0,-330000,-330000
2007/08/27,0,0,-220000,-220000
2007/08/28,0,0,-250000,-250000
2007/08/29,0,0,-100000,-100000
2007/08/30,0,0,0,0
2007/08/31,0,0,-13000,-13000
2007/09/03,0,0,0,0
2007/09/04,0,0,-201000,-201000
2007/09/05,0,0,0,0
2007/09/06,0,0,0,0
2007/09/07,0,0,0,0
2007/09/10,0,0,0,0
2007/09/11,0,0,0,0
2007/09/12,0,0,0,0
2007/09/13,0,0,-500000,-500000
2007/09/14,0,0,-700000,-700000
2007/09/17,0,0,-300000,-300000
2007/09/18,0,0,0,0
2007/09/19,0,0,0,0
2007/09/20,0,0,0,0
2007/09/21,0,0,0,0
2007/09/24,0,0,0,0
2007/09/25,0,0,0,0
2007/09/26,0,0,0,0
2007/09/27,0,0,0,0
2007/09/28,0,0,0,0
2007/10/01,0,0,0,0
2007/10/02,0,0,0,0
2007/10/03,0,0,-13000,-13000
2007/10/04,0,0,-19000,-19000
2007/10/05,0,0,-20000,-20000
2007/10/08,0,0,-166724,-166724
2007/10/09,0,0,-4000,-4000
2007/10/10,0,0,0,0
2007/10/11,0,0,-2100,-2100
2007/10/12,0,0,0,0
2007/10/15,0,0,0,0
2007/10/16,0,0,-200000,-200000
2007/10/17,0,0,-587000,-587000
2007/10/18,0,0,-420820,-420820
2007/10/19,0,0,-470000,-470000
2007/10/22,0,0,-270130,-270130
2007/10/23,0,0,0,0
2007/10/24,0,0,-200000,-200000
2007/10/25,0,0,0,0
2007/10/26,0,0,-500000,-500000
2007/10/29,0,0,-500000,-500000
2007/10/30,0,0,-1320000,-1320000
2007/10/31,0,0,-500900,-500900
2007/11/01,0,1000,0,1000
2007/11/02,0,0,0,0
2007/11/05,0,0,0,0
2007/11/06,0,1000,0,1000
2007/11/07,0,0,0,0
2007/11/08,0,0,0,0
2007/11/09,0,1000,0,1000
2007/11/12,0,1000,0,1000
2007/11/13,0,0,0,0
2007/11/14,0,1000,0,1000
2007/11/15,0,0,0,0
2007/11/16,0,0,0,0
2007/11/19,0,8000,0,8000
2007/11/20,0,1000,0,1000
2007/11/21,0,0,0,0
2007/11/22,0,608000,0,608000
2007/11/23,0,2000,0,2000
2007/11/26,0,1000,0,1000
2007/11/27,0,0,0,0
2007/11/28,0,0,0,0
2007/11/29,0,1000,0,1000
2007/11/30,0,0,0,0
2007/12/03,0,0,0,0
2007/12/04,0,0,0,0
2007/12/05,0,1000,-302,698
2007/12/06,0,0,0,0
2007/12/07,0,0,0,0
2007/12/10,0,0,0,0
2007/12/11,0,0,0,0
2007/12/12,0,0,0,0
2007/12/13,0,0,0,0
2007/12/14,0,0,0,0
2007/12/17,0,3000,-1000,2000
2007/12/18,0,94000,0,94000
2007/12/19,0,1000,0,1000
2007/12/20,0,0,0,0
2007/12/21,0,0,0,0
2007/12/24,0,0,0,0
2007/12/25,0,0,0,0
2007/12/26,0,0,0,0
2007/12/27,0,0,0,0
2007/12/28,0,0,0,0
2007/12/31,0,0,0,0
2008/01/01,0,0,0,0
2008/01/02,0,0,0,0
2008/01/03,0,0,0,0
2008/01/04,0,0,-1000,-1000
2008/01/07,0,1000,0,1000
2008/01/08,0,1000,0,1000
2008/01/09,0,300000,-1000,299000
2008/01/10,0,2000,0,2000
2008/01/11,0,0,0,0
2008/01/14,0,1124000,0,1124000
2008/01/15,0,1051000,0,1051000
2008/01/16,0,0,0,0
2008/01/17,0,1000,0,1000
2008/01/18,0,0,0,0
2008/01/21,0,2000,0,2000
2008/01/22,0,0,0,0
2008/01/23,0,1000,0,1000
2008/01/24,0,3000,0,3000
2008/01/25,0,1000,0,1000
2008/01/28,0,0,0,0
2008/01/29,0,1000,0,1000
2008/01/30,0,0,0,0
2008/01/31,0,0,0,0
2008/02/01,0,0,0,0
2008/02/04,0,0,0,0
2008/02/05,0,0,0,0
2008/02/06,0,0,0,0
2008/02/07,0,0,0,0
2008/02/08,0,0,0,0
2008/02/11,0,0,0,0
2008/02/12,0,0,0,0
2008/02/13,0,0,0,0
2008/02/14,0,0,0,0
2008/02/15,0,0,0,0
2008/02/18,0,0,0,0
2008/02/19,0,1000,0,1000
2008/02/20,0,0,-1000,-1000
2008/02/21,0,0,-220000,-220000
2008/02/22,0,0,-80000,-80000
2008/02/25,0,1000,0,1000
2008/02/26,0,0,0,0
2008/02/27,0,0,0,0
2008/02/28,0,0,0,0
2008/02/29,0,0,0,0
2008/03/03,0,0,0,0
2008/03/04,0,0,0,0
2008/03/05,0,1000,0,1000
2008/03/06,0,24000,0,24000
2008/03/07,0,20000,0,20000
2008/03/10,0,1000,-44000,-43000
2008/03/11,0,2000,0,2000
2008/03/12,0,2000,0,2000
2008/03/13,0,0,0,0
2008/03/14,0,80000,0,80000
2008/03/17,0,1000,0,1000
2008/03/18,0,1000,0,1000
2008/03/19,0,1000,0,1000
2008/03/20,0,1000,0,1000
2008/03/21,0,1000,0,1000
2008/03/24,0,2000,0,2000
2008/03/25,0,0,-1000,-1000
2008/03/26,0,1000,0,1000
2008/03/27,0,2000,0,2000
2008/03/28,0,1000,-290000,-289000
2008/03/31,0,6000,0,6000
2008/04/01,0,1000,0,1000
2008/04/02,0,0,0,0
2008/04/03,0,1000,0,1000
2008/04/04,0,0,0,0
2008/04/07,0,1000,0,1000
2008/04/08,0,0,0,0
2008/04/09,0,1000,0,1000
2008/04/10,0,0,0,0
2008/04/11,0,0,0,0
2008/04/14,0,0,0,0
2008/04/15,0,0,0,0
2008/04/16,0,0,-530000,-530000
2008/04/17,0,0,-297000,-297000
2008/04/18,0,0,-1000,-1000
2008/04/21,0,1000,0,1000
2008/04/22,0,1000,0,1000
2008/04/23,0,1000,0,1000
2008/04/24,0,2000,0,2000
2008/04/25,0,0,-207000,-207000
2008/04/28,0,5000,-83000,-78000
2008/04/29,0,1000,0,1000
2008/04/30,0,243000,0,243000
2008/05/01,0,0,0,0
2008/05/02,0,2000,0,2000
2008/05/05,0,1000,0,1000
2008/05/06,0,303000,0,303000
2008/05/07,0,2000,-297000,-295000
2008/05/08,0,0,0,0
2008/05/09,0,118000,0,118000
2008/05/12,0,2000,0,2000
2008/05/13,0,326000,0,326000
2008/05/14,0,0,0,0
2008/05/15,0,12000,0,12000
2008/05/16,0,0,0,0
2008/05/19,0,0,0,0
2008/05/20,0,0,-2000,-2000
2008/05/21,0,0,-476000,-476000
2008/05/22,0,3000,0,3000
2008/05/23,0,550000,0,550000
2008/05/26,0,7000,0,7000
2008/05/27,0,300000,-4000,296000
2008/05/28,0,1000,0,1000
2008/05/29,0,1000,0,1000
2008/05/30,0,1000,0,1000
2008/06/02,0,3000,0,3000
2008/06/03,0,0,0,0
2008/06/04,0,1000,-400000,-399000
2008/06/05,0,1000,0,1000
2008/06/06,0,0,0,0
2008/06/09,0,1000,0,1000
2008/06/10,0,0,-100000,-100000
2008/06/11,0,52000,0,52000
2008/06/12,0,2000,0,2000
2008/06/13,0,53000,-50000,3000
2008/06/16,0,59000,0,59000
2008/06/17,0,1000,0,1000
2008/06/18,0,0,0,0
2008/06/19,0,0,-1000,-1000
2008/06/20,0,535000,0,535000
2008/06/23,0,283000,0,283000
2008/06/24,0,1000,0,1000
2008/06/25,0,0,-1000,-1000
2008/06/26,0,0,0,0
2008/06/27,0,78000,0,78000
2008/06/30,0,197000,0,197000
2008/07/01,0,202000,0,202000
2008/07/02,0,0,-1000,-1000
2008/07/03,0,52000,0,52000
2008/07/04,0,3000,0,3000
2008/07/07,0,3000,0,3000
2008/07/08,0,0,0,0
2008/07/09,0,0,-2000,-2000
2008/07/10,0,262000,0,262000
2008/07/11,0,1000,-340000,-339000
2008/07/14,0,0,-300000,-300000
2008/07/15,0,2000,-251000,-249000
2008/07/16,0,1000,0,1000
2008/07/17,0,2000,0,2000
2008/07/18,0,0,0,0
2008/07/21,0,397000,0,397000
2008/07/22,0,301000,0,301000
2008/07/23,0,1000,-3000,-2000
2008/07/24,0,0,-26000,-26000
2008/07/25,0,0,-6084,-6084
2008/07/28,0,0,0,0
2008/07/29,0,1000,0,1000
2008/07/30,0,2000,0,2000
2008/07/31,0,0,0,0
2008/08/01,0,1000,0,1000
2008/08/04,0,1000,0,1000
2008/08/05,0,29000,0,29000
2008/08/06,0,79000,0,79000
2008/08/07,0,24000,0,24000
2008/08/08,0,88000,0,88000
2008/08/11,0,0,-181000,-181000
2008/08/12,0,0,-3000,-3000
2008/08/13,0,0,0,0
2008/08/14,0,0,0,0
2008/08/15,0,0,0,0
2008/08/18,0,0,0,0
2008/08/19,0,0,-2000,-2000
2008/08/20,0,0,-2000,-2000
2008/08/21,0,249000,0,249000
2008/08/22,0,1000,0,1000
2008/08/25,0,0,0,0
2008/08/26,0,100000,-1000,99000
2008/08/27,0,550000,0,550000
2008/08/28,0,0,0,0
2008/08/29,0,5109000,-100000,5009000
2008/09/01,0,2981000,0,2981000
2008/09/02,0,1202000,0,1202000
2008/09/03,0,1003000,0,1003000
2008/09/04,0,5000,0,5000
2008/09/05,0,403000,0,403000
2008/09/08,0,206000,0,206000
2008/09/09,0,907000,-69000,838000
2008/09/10,0,104000,0,104000
2008/09/11,0,300000,0,300000
2008/09/12,0,100000,0,100000
2008/09/15,0,0,0,0
2008/09/16,0,100000,0,100000
2008/09/17,0,600000,-2000,598000
2008/09/18,0,1000,0,1000
2008/09/19,0,0,0,0
2008/09/22,0,500000,0,500000
2008/09/23,0,0,-45000,-45000
2008/09/24,0,0,-1000,-1000
2008/09/25,0,0,-4000,-4000
2008/09/26,0,1000,0,1000
2008/09/29,0,0,0,0
2008/09/30,0,0,0,0
2008/10/01,0,19000,0,19000
2008/10/02,0,812000,0,812000
2008/10/03,0,219000,-110000,109000
2008/10/06,0,610000,-2000,608000
2008/10/07,0,289000,-2000,287000
2008/10/08,0,600000,0,600000
2008/10/09,0,188000,-2000,186000
2008/10/10,0,0,0,0
2008/10/13,0,0,0,0
2008/10/14,0,214000,-3368,210632
2008/10/15,0,2000,0,2000
2008/10/16,0,22000,0,22000
2008/10/17,0,19000,-3000,16000
2008/10/20,0,187000,0,187000
2008/10/21,0,87000,-142000,-55000
2008/10/22,0,263000,0,263000
2008/10/23,0,931000,-1000,930000
2008/10/24,0,0,-108,-108
2008/10/27,0,56000,-9000,47000
2008/10/28,0,1113000,-10000,1103000
2008/10/29,0,120000,-100000,20000
2008/10/30,0,50000,-2000,48000
2008/10/31,0,348000,0,348000
2008/11/03,0,507000,0,507000
2008/11/04,0,2000,-21000,-19000
2008/11/05,0,151000,0,151000
2008/11/06,0,446000,-1000,445000
2008/11/07,0,84000,0,84000
2008/11/10,0,1275000,0,1275000
2008/11/11,0,994000,-6000,988000
2008/11/12,0,0,0,0
2008/11/13,0,234000,0,234000
2008/11/14,0,1038000,0,1038000
2008/11/17,0,191000,0,191000
2008/11/18,0,1397000,0,1397000
2008/11/19,0,560000,-261000,299000
2008/11/20,0,1869000,0,1869000
2008/11/21,0,3430000,0,3430000
2008/11/24,0,885000,-65812,819188
2008/11/25,0,3122000,-60000,3062000
2008/11/26,0,404000,-141000,263000
2008/11/27,0,5000,0,5000
2008/11/28,0,300000,-1043000,-743000
2008/12/01,0,422000,-300000,122000
2008/12/02,0,500000,-270000,230000
2008/12/03,0,560000,-200000,360000
2008/12/04,0,315000,-611320,-296320
2008/12/05,0,0,-115000,-115000
2008/12/08,0,176000,0,176000
2008/12/09,0,209000,-50000,159000
2008/12/10,0,800000,-100000,700000
2008/12/11,0,810000,-15000,795000
2008/12/12,0,0,-226000,-226000
2008/12/15,0,0,-1000,-1000
2008/12/16,0,86000,-500000,-414000
2008/12/17,0,901000,-400000,501000
2008/12/18,0,2000,-556000,-554000
2008/12/19,0,603000,-330000,273000
2008/12/22,0,500000,-530000,-30000
2008/12/23,0,0,-900000,-900000
2008/12/24,0,0,-270000,-270000
2008/12/25,0,0,0,0
2008/12/26,0,0,-1752000,-1752000
2008/12/29,0,0,0,0
2008/12/30,0,0,0,0
2008/12/31,0,0,-290000,-290000
2009/01/01,0,0,0,0
2009/01/02,0,0,0,0
2009/01/05,0,0,-716600,-716600
2009/01/06,0,388000,-1383000,-995000
2009/01/07,0,768000,-522000,246000
2009/01/08,0,500000,0,500000
2009/01/09,0,2000,0,2000
2009/01/12,0,151000,0,151000
2009/01/13,0,1000,0,1000
2009/01/14,0,0,0,0
2009/01/15,0,0,-24000,-24000
2009/01/16,0,1000,0,1000
2009/01/19,0,0,-349000,-349000
2009/01/20,0,0,-275000,-275000
2009/01/21,0,0,-1000,-1000
2009/01/22,0,0,0,0
2009/01/23,0,0,0,0
2009/01/26,0,0,0,0
2009/01/27,0,0,0,0
2009/01/28,0,0,0,0
2009/01/29,0,0,0,0
2009/01/30,0,0,0,0
2009/02/02,0,0,0,0
2009/02/03,0,65000,0,65000
2009/02/04,0,0,-372000,-372000
2009/02/05,0,0,-1274108,-1274108
2009/02/06,0,0,-745000,-745000
2009/02/09,0,72000,-652000,-580000
2009/02/10,0,5000,-826000,-821000
2009/02/11,0,0,-1000,-1000
2009/02/12,0,105000,-500000,-395000
2009/02/13,0,0,0,0
2009/02/16,0,170000,0,170000
2009/02/17,0,128000,0,128000
2009/02/18,0,450000,-400000,50000
2009/02/19,0,500000,-106,499894
2009/02/20,0,900000,0,900000
2009/02/23,0,785000,0,785000
2009/02/24,0,810000,0,810000
2009/02/25,0,0,-585000,-585000
2009/02/26,0,100000,-889000,-789000
2009/02/27,0,0,-567000,-567000
2009/03/02,0,0,0,0
2009/03/03,0,0,-520000,-520000
2009/03/04,0,50000,-1850000,-1800000
2009/03/05,0,0,-1060000,-1060000
2009/03/06,0,0,-1119000,-1119000
2009/03/09,0,400000,-171000,229000
2009/03/10,0,200000,-400000,-200000
2009/03/11,0,879000,0,879000
2009/03/12,0,806000,-3160904,-2354904
2009/03/13,0,606000,-2402000,-1796000
2009/03/16,0,887000,-100000,787000
2009/03/17,0,575000,-502000,73000
2009/03/18,0,104000,-683000,-579000
2009/03/19,0,0,0,0
2009/03/20,0,0,-873000,-873000
2009/03/23,0,0,-1001000,-1001000
2009/03/24,0,0,-538400,-538400
2009/03/25,0,0,-400000,-400000
2009/03/26,0,0,-1038000,-1038000
2009/03/27,0,1300000,-220000,1080000
2009/03/30,0,880000,-225000,655000
2009/03/31,0,300000,-226000,74000
2009/04/01,0,0,-180000,-180000
2009/04/02,0,150000,-2000,148000
2009/04/03,0,0,-241000,-241000
2009/04/06,0,0,-2468568,-2468568
2009/04/07,0,1000,0,1000
2009/04/08,0,0,-77000,-77000
2009/04/09,0,0,-50000,-50000
2009/04/10,0,4000,0,4000
2009/04/13,0,0,-2102000,-2102000
2009/04/14,0,0,-252000,-252000
2009/04/15,0,0,0,0
2009/04/16,0,0,-2000,-2000
2009/04/17,0,0,-3000,-3000
2009/04/20,0,350000,0,350000
2009/04/21,0,1000,0,1000
2009/04/22,0,0,0,0
2009/04/23,0,0,-1201000,-1201000
2009/04/24,0,0,-1675000,-1675000
2009/04/27,0,0,-124000,-124000
2009/04/28,0,558000,0,558000
2009/04/29,0,0,0,0
2009/04/30,0,0,-393000,-393000
2009/05/01,0,0,0,0
2009/05/04,0,416000,0,416000
2009/05/05,0,4000,0,4000
2009/05/06,0,0,-3000,-3000
2009/05/07,0,0,-3000,-3000
2009/05/08,0,0,-101000,-101000
2009/05/11,0,1000,0,1000
2009/05/12,0,1000,-4000,-3000
2009/05/13,0,0,-1015988,-1015988
2009/05/14,0,0,-200000,-200000
2009/05/15,0,3000,0,3000
2009/05/18,0,0,0,0
2009/05/19,0,0,0,0
2009/05/20,0,0,-1000,-1000
2009/05/21,0,714000,0,714000
2009/05/22,0,0,-53000,-53000
2009/05/25,0,0,0,0
2009/05/26,0,614000,0,614000
2009/05/27,0,1000000,-1000,999000
2009/05/28,0,0,0,0
2009/05/29,0,0,0,0
2009/06/01,0,502000,-100000,402000
2009/06/02,0,0,0,0
2009/06/03,0,0,-46000,-46000
2009/06/04,0,0,0,0
2009/06/05,0,0,0,0
2009/06/08,0,0,0,0
2009/06/09,0,0,0,0
2009/06/10,0,0,0,0
2009/06/11,0,1000,0,1000
2009/06/12,0,0,0,0
2009/06/15,0,1901000,0,1901000
2009/06/16,0,2000,0,2000
2009/06/17,0,602000,0,602000
2009/06/18,0,619000,0,619000
2009/06/19,0,443000,-446000,-3000
2009/06/22,0,2502000,0,2502000
2009/06/23,0,0,-2000,-2000
2009/06/24,0,550000,0,550000
2009/06/25,0,1000,-352000,-351000
2009/06/26,0,0,0,0
2009/06/29,0,450000,0,450000
2009/06/30,0,400000,-100000,300000
2009/07/01,0,0,-100000,-100000
2009/07/02,0,1000,0,1000
2009/07/03,0,50000,-3000,47000
2009/07/06,0,0,-630000,-630000
2009/07/07,0,1000,-367000,-366000
2009/07/08,0,0,-1000,-1000
2009/07/09,0,0,0,0
2009/07/10,0,0,-1000,-1000
2009/07/13,0,0,-1000,-1000
2009/07/14,0,0,-604000,-604000
2009/07/15,0,752000,-13000,739000
2009/07/16,0,490000,-163000,327000
2009/07/17,0,1927000,-7000,1920000
2009/07/20,0,124000,0,124000
2009/07/21,0,0,-1000,-1000
2009/07/22,0,0,-51000,-51000
2009/07/23,0,0,-101000,-101000
2009/07/24,0,702000,-1000,701000
2009/07/27,0,0,0,0
2009/07/28,0,2035000,0,2035000
2009/07/29,0,574000,0,574000
2009/07/30,0,0,-372000,-372000
2009/07/31,0,2049000,-500000,1549000
2009/08/03,0,500000,-460000,40000
2009/08/04,0,0,-11000,-11000
2009/08/05,0,0,0,0
2009/08/06,0,60000,0,60000
2009/08/07,0,0,0,0
2009/08/10,0,1801000,0,1801000
2009/08/11,0,74000,-500000,-426000
2009/08/12,0,36000,0,36000
2009/08/13,0,785000,0,785000
2009/08/14,0,0,-250000,-250000
2009/08/17,0,0,0,0
2009/08/18,0,1000,-160000,-159000
2009/08/19,0,2000,-774000,-772000
2009/08/20,0,32000,0,32000
2009/08/21,0,0,-339000,-339000
2009/08/24,0,1000,0,1000
2009/08/25,0,0,-150000,-150000
2009/08/26,0,0,-163000,-163000
2009/08/27,0,2000,-646000,-644000
2009/08/28,0,0,-39000,-39000
2009/08/31,0,31000,-400000,-369000
2009/09/01,0,0,-550000,-550000
2009/09/02,0,0,-400000,-400000
2009/09/03,0,0,-1000,-1000
2009/09/04,0,0,-42000,-42000
2009/09/07,0,0,-1000,-1000
2009/09/08,0,0,0,0
2009/09/09,0,2000,0,2000
2009/09/10,0,0,0,0
2009/09/11,0,0,0,0
2009/09/14,0,0,-10000,-10000
2009/09/15,0,0,0,0
2009/09/16,0,0,0,0
2009/09/17,0,0,-672000,-672000
2009/09/18,0,0,-414000,-414000
2009/09/21,0,0,-1000,-1000
2009/09/22,0,0,-400000,-400000
2009/09/23,0,0,-21000,-21000
2009/09/24,0,0,0,0
2009/09/25,0,0,-679000,-679000
2009/09/28,0,0,-650000,-650000
2009/09/29,0,1000,-230200,-229200
2009/09/30,0,0,-284000,-284000
2009/10/01,0,0,-250000,-250000
2009/10/02,0,0,0,0
2009/10/05,0,0,-794000,-794000
2009/10/06,0,0,-1567000,-1567000
2009/10/07,0,0,-768000,-768000
2009/10/08,0,0,-329000,-329000
2009/10/09,0,0,-100000,-100000
2009/10/12,0,0,0,0
2009/10/13,0,1000,-125000,-124000
2009/10/14,0,0,0,0
2009/10/15,0,0,-2388000,-2388000
2009/10/16,0,190000,-2497000,-2307000
2009/10/19,0,10000,-2214000,-2204000
2009/10/20,0,0,0,0
2009/10/21,0,0,-686000,-686000
2009/10/22,0,0,-1104000,-1104000
2009/10/23,0,0,0,0
2009/10/26,0,74000,0,74000
2009/10/27,0,123000,-1109000,-986000
2009/10/28,0,0,-74000,-74000
2009/10/29,0,1000,0,1000
2009/10/30,0,75000,0,75000
2009/11/02,0,1000,0,1000
2009/11/03,0,73000,0,73000
2009/11/04,0,1000,0,1000
2009/11/05,0,81000,-450000,-369000
2009/11/06,0,80000,0,80000
2009/11/09,0,1000,-200000,-199000
2009/11/10,0,1000,-32000,-31000
2009/11/11,0,53000,0,53000
2009/11/12,0,0,-122000,-122000
2009/11/13,0,0,-1000,-1000
2009/11/16,0,0,-2000,-2000
2009/11/17,0,0,-269256,-269256
2009/11/18,0,0,-1000,-1000
2009/11/19,0,0,0,0
2009/11/20,0,223000,-751000,-528000
2009/11/23,0,0,-4000,-4000
2009/11/24,0,0,0,0
2009/11/25,0,44000,-53000,-9000
2009/11/26,0,0,0,0
2009/11/27,0,0,-160000,-160000
2009/11/30,0,0,-2000,-2000
2009/12/01,0,0,-36000,-36000
2009/12/02,0,0,0,0
2009/12/03,0,0,0,0
2009/12/04,0,0,-1000,-1000
2009/12/07,0,72000,-200000,-128000
2009/12/08,0,128000,0,128000
2009/12/09,0,0,0,0
2009/12/10,0,0,0,0
2009/12/11,0,0,0,0
2009/12/14,0,72000,0,72000
2009/12/15,0,0,0,0
2009/12/16,0,0,0,0
2009/12/17,0,0,0,0
2009/12/18,0,0,-1000,-1000
2009/12/21,0,0,0,0
2009/12/22,0,0,-1000,-1000
2009/12/23,0,124000,0,124000
2009/12/24,0,0,0,0
2009/12/25,0,0,-1000,-1000
2009/12/28,0,0,-1000,-1000
2009/12/29,0,0,-1000,-1000
2009/12/30,0,0,-2000,-2000
2009/12/31,0,0,0,0
2010/01/01,0,0,0,0
2010/01/04,0,1000,0,1000
2010/01/05,0,0,-1000,-1000
2010/01/06,0,0,0,0
2010/01/07,0,0,0,0
2010/01/08,0,200000,-1000,199000
2010/01/11,0,0,-88000,-88000
2010/01/12,0,0,-1000,-1000
2010/01/13,0,0,0,0
2010/01/14,0,0,-3000,-3000
2010/01/15,0,0,-37000,-37000
2010/01/18,0,0,-8000,-8000
2010/01/19,0,0,-34000,-34000
2010/01/20,0,0,-116000,-116000
2010/01/21,0,0,0,0
2010/01/22,0,0,0,0
2010/01/25,0,0,-1000,-1000
2010/01/26,0,0,0,0
2010/01/27,0,2000,0,2000
2010/01/28,0,1000,-1000,0
2010/01/29,0,1000,0,1000
2010/02/01,0,1000,-69000,-68000
2010/02/02,0,600000,0,600000
2010/02/03,0,100000,0,100000
2010/02/04,0,0,0,0
2010/02/05,0,1000,0,1000
2010/02/08,0,1000,0,1000
2010/02/09,0,1000,0,1000
2010/02/10,0,0,0,0
2010/02/11,0,0,0,0
2010/02/12,0,0,0,0
2010/02/15,0,0,0,0
2010/02/16,0,0,0,0
2010/02/17,0,0,0,0
2010/02/18,0,0,0,0
2010/02/19,0,0,0,0
2010/02/22,0,0,0,0
2010/02/23,0,1000,0,1000
2010/02/24,0,0,0,0
2010/02/25,0,0,0,0
2010/02/26,0,206000,0,206000
2010/03/01,0,0,0,0
2010/03/02,0,0,0,0
2010/03/03,0,0,0,0
2010/03/04,0,0,0,0
2010/03/05,0,0,0,0
2010/03/08,0,0,0,0
2010/03/09,0,0,0,0
2010/03/10,0,0,-1000,-1000
2010/03/11,0,0,0,0
2010/03/12,0,100000,-2000,98000
2010/03/15,0,26000,-136000,-110000
2010/03/16,0,128000,0,128000
2010/03/17,0,65000,0,65000
2010/03/18,0,70000,-1000,69000
2010/03/19,0,101000,-50000,51000
2010/03/22,0,175000,-1000,174000
2010/03/23,0,110000,0,110000
2010/03/24,0,50000,0,50000
2010/03/25,0,0,-51000,-51000
2010/03/26,0,0,0,0
2010/03/29,0,1000,0,1000
2010/03/30,0,0,0,0
2010/03/31,0,0,-1000,-1000
2010/04/01,0,116000,0,116000
2010/04/02,0,80000,0,80000
2010/04/05,0,0,0,0
2010/04/06,0,0,-1000,-1000
2010/04/07,0,0,0,0
2010/04/08,0,120000,-294000,-174000
2010/04/09,0,0,-50000,-50000
2010/04/12,0,0,-50000,-50000
2010/04/13,0,0,-1000,-1000
2010/04/14,0,33000,0,33000
2010/04/15,0,0,0,0
2010/04/16,0,0,-1000,-1000
2010/04/19,0,0,0,0
2010/04/20,0,0,0,0
2010/04/21,0,0,-446000,-446000
2010/04/22,0,0,-400000,-400000
2010/04/23,0,0,0,0
2010/04/26,0,0,0,0
2010/04/27,0,0,0,0
2010/04/28,0,0,-1000,-1000
2010/04/29,0,0,0,0
2010/04/30,0,0,-2000,-2000
2010/05/03,0,0,0,0
2010/05/04,0,0,-100000,-100000
2010/05/05,0,0,0,0
2010/05/06,0,0,0,0
2010/05/07,0,2000,0,2000
2010/05/10,0,35000,0,35000
2010/05/11,0,0,0,0
2010/05/12,0,165000,0,165000
2010/05/13,0,1000,0,1000
2010/05/14,0,45000,-515000,-470000
2010/05/17,0,158000,-129000,29000
2010/05/18,0,0,-98000,-98000
2010/05/19,0,116000,0,116000
2010/05/20,0,101000,0,101000
2010/05/21,0,284000,0,284000
2010/05/24,0,0,0,0
2010/05/25,0,0,0,0
2010/05/26,0,87000,0,87000
2010/05/27,0,2000,0,2000
2010/05/28,0,0,-100000,-100000
2010/05/31,0,0,0,0
2010/06/01,0,0,0,0
2010/06/02,0,0,0,0
2010/06/03,0,0,0,0
2010/06/04,0,0,0,0
2010/06/07,0,0,0,0
2010/06/08,0,1000,0,1000
2010/06/09,0,0,0,0
2010/06/10,0,1000,-1025000,-1024000
2010/06/11,0,0,0,0
2010/06/14,0,1000,-1000,0
2010/06/15,0,0,-7000,-7000
2010/06/16,0,0,0,0
2010/06/17,0,0,0,0
2010/06/18,0,0,-8000,-8000
2010/06/21,0,0,0,0
2010/06/22,0,0,0,0
2010/06/23,0,0,-1000,-1000
2010/06/24,0,6000,0,6000
2010/06/25,0,0,-1000,-1000
2010/06/28,0,0,-3000,-3000
2010/06/29,0,1000,0,1000
2010/06/30,0,0,0,0
2010/07/01,0,0,0,0
2010/07/02,0,0,0,0
2010/07/05,0,0,0,0
2010/07/06,0,1000,0,1000
2010/07/07,0,0,0,0
2010/07/08,0,0,0,0
2010/07/09,0,0,0,0
2010/07/12,0,0,0,0
2010/07/13,0,0,0,0
2010/07/14,0,0,0,0
2010/07/15,0,0,-2000,-2000
2010/07/16,0,0,-238000,-238000
2010/07/19,0,0,-14000,-14000
2010/07/20,0,0,0,0
2010/07/21,0,4000,-1000,3000
2010/07/22,0,0,0,0
2010/07/23,0,0,0,0
2010/07/26,0,0,0,0
2010/07/27,0,0,0,0
2010/07/28,0,0,0,0
2010/07/29,0,127000,0,127000
2010/07/30,0,0,-3000,-3000
2010/08/02,0,124000,-1000,123000
2010/08/03,0,0,0,0
2010/08/04,0,0,-2000,-2000
2010/08/05,0,0,-1000,-1000
2010/08/06,0,0,-72000,-72000
2010/08/09,0,0,0,0
2010/08/10,0,250000,0,250000
2010/08/11,0,250000,0,250000
2010/08/12,0,251000,-2000,249000
2010/08/13,0,120000,-34000,86000
2010/08/16,0,0,0,0
2010/08/17,0,0,0,0
2010/08/18,0,255000,0,255000
2010/08/19,0,0,0,0
2010/08/20,0,203000,0,203000
2010/08/23,0,0,0,0
2010/08/24,0,0,0,0
2010/08/25,0,0,-1000,-1000
2010/08/26,0,0,0,0
2010/08/27,0,0,0,0
2010/08/30,0,388000,0,388000
2010/08/31,0,800000,0,800000
2010/09/01,0,0,0,0
2010/09/02,0,0,0,0
2010/09/03,0,0,0,0
2010/09/06,0,0,0,0
2010/09/07,0,0,0,0
2010/09/08,0,0,0,0
2010/09/09,0,0,0,0
2010/09/10,0,0,0,0
2010/09/13,0,0,0,0
2010/09/14,0,0,-175000,-175000
2010/09/15,0,0,-178000,-178000
2010/09/16,0,0,-230000,-230000
2010/09/17,0,142000,-231000,-89000
2010/09/20,0,0,-359000,-359000
2010/09/21,0,200000,0,200000
2010/09/22,0,0,0,0
2010/09/23,0,0,0,0
2010/09/24,0,0,-1000,-1000
2010/09/27,0,0,-456000,-456000
2010/09/28,0,1000,0,1000
2010/09/29,0,0,-375000,-375000
2010/09/30,0,0,-771000,-771000
2010/10/01,0,0,-355000,-355000
2010/10/04,0,0,-328000,-328000
2010/10/05,0,0,0,0
2010/10/06,0,100000,-344000,-244000
2010/10/07,0,0,-644000,-644000
2010/10/08,0,0,-341000,-341000
2010/10/11,0,0,-243000,-243000
2010/10/12,0,0,0,0
2010/10/13,0,60000,0,60000
2010/10/14,0,1000,0,1000
2010/10/15,0,51000,-2000,49000
2010/10/18,0,37000,0,37000
2010/10/19,0,52000,0,52000
2010/10/20,0,0,0,0
2010/10/21,0,0,0,0
2010/10/22,0,200000,0,200000
2010/10/25,0,0,0,0
2010/10/26,0,0,0,0
2010/10/27,0,100000,0,100000
2010/10/28,0,0,0,0
2010/10/29,0,100000,0,100000
2010/11/01,0,0,0,0
2010/11/02,0,0,0,0
2010/11/03,0,0,0,0
2010/11/04,0,0,0,0
2010/11/05,0,0,-22000,-22000
2010/11/08,0,0,0,0
2010/11/09,0,2000,0,2000
2010/11/10,0,0,-1000,-1000
2010/11/11,0,1000,0,1000
2010/11/12,0,0,-2000,-2000
2010/11/15,0,0,0,0
2010/11/16,0,2000,0,2000
2010/11/17,0,0,0,0
2010/11/18,0,0,0,0
2010/11/19,0,0,-250000,-250000
2010/11/22,0,0,-2000,-2000
2010/11/23,0,0,0,0
2010/11/24,0,0,-221000,-221000
2010/11/25,0,0,0,0
2010/11/26,0,0,0,0
2010/11/29,0,0,0,0
2010/11/30,0,0,-360000,-360000
2010/12/01,0,0,-152000,-152000
2010/12/02,0,0,-152000,-152000
2010/12/03,0,0,-501000,-501000
2010/12/06,0,0,-529000,-529000
2010/12/07,0,0,0,0
2010/12/08,0,0,-133000,-133000
2010/12/09,0,0,0,0
2010/12/10,0,0,0,0
2010/12/13,0,0,-1000,-1000
2010/12/14,0,0,-320000,-320000
2010/12/15,0,0,0,0
2010/12/16,0,0,-1000,-1000
2010/12/17,0,138000,0,138000
2010/12/20,0,0,-3000,-3000
2010/12/21,0,1000,0,1000
2010/12/22,0,2000,-400945,-398945
2010/12/23,0,0,0,0
2010/12/24,0,0,0,0
2010/12/27,0,0,-61000,-61000
2010/12/28,0,0,0,0
2010/12/29,0,0,0,0
2010/12/30,0,0,0,0
2010/12/31,0,0,0,0
2011/01/03,0,0,-100000,-100000
2011/01/04,0,0,-630000,-630000
2011/01/05,0,0,-23000,-23000
2011/01/06,0,0,-116000,-116000
2011/01/07,0,0,0,0
2011/01/10,0,0,-2000,-2000
2011/01/11,0,0,0,0
2011/01/12,0,0,-195000,-195000
2011/01/13,0,0,0,0
2011/01/14,0,0,0,0
2011/01/17,0,0,0,0
2011/01/18,0,0,0,0
2011/01/19,0,0,-5000,-5000
2011/01/20,0,0,-1000,-1000
2011/01/21,0,66000,-728000,-662000
2011/01/24,0,16000,0,16000
2011/01/25,0,0,0,0
2011/01/26,0,0,-200000,-200000
2011/01/27,0,0,0,0
2011/01/28,0,0,-602000,-602000
2011/01/31,0,0,0,0
2011/02/01,0,0,0,0
2011/02/02,0,0,0,0
2011/02/03,0,0,0,0
2011/02/04,0,0,0,0
2011/02/07,0,0,0,0
2011/02/08,0,0,0,0
2011/02/09,0,0,0,0
2011/02/10,0,0,-2000,-2000
2011/02/11,0,4000,0,4000
2011/02/14,0,1000,0,1000
2011/02/15,0,3000,0,3000
2011/02/16,0,0,0,0
2011/02/17,0,0,0,0
2011/02/18,0,0,0,0
2011/02/21,0,0,-283000,-283000
2011/02/22,0,0,0,0
2011/02/23,0,14000,0,14000
2011/02/24,0,1000,0,1000
2011/02/25,0,2000,0,2000
2011/02/28,0,0,0,0
2011/03/01,0,0,0,0
2011/03/02,0,0,0,0
2011/03/03,0,0,0,0
2011/03/04,0,0,0,0
2011/03/07,0,0,0,0
2011/03/08,0,0,0,0
2011/03/09,0,0,-48000,-48000
2011/03/10,0,0,0,0
2011/03/11,0,0,0,0
2011/03/14,0,2000,0,2000
2011/03/15,0,1000,0,1000
2011/03/16,0,0,0,0
2011/03/17,0,0,-49000,-49000
2011/03/18,0,0,-9000,-9000
2011/03/21,0,0,0,0
2011/03/22,0,0,0,0
2011/03/23,0,0,0,0
2011/03/24,0,0,0,0
2011/03/25,0,0,0,0
2011/03/28,0,0,0,0
2011/03/29,0,0,0,0
2011/03/30,0,0,-10000,-10000
2011/03/31,0,16000,0,16000
2011/04/01,0,0,0,0
2011/04/04,0,0,0,0
2011/04/05,0,0,0,0
2011/04/06,0,0,0,0
2011/04/07,0,0,0,0
2011/04/08,0,0,0,0
2011/04/11,0,0,0,0
2011/04/12,0,0,-1000,-1000
2011/04/13,0,0,0,0
2011/04/14,0,0,-39000,-39000
2011/04/15,0,0,0,0
2011/04/18,0,0,0,0
2011/04/19,0,0,0,0
2011/04/20,0,0,0,0
2011/04/21,0,0,0,0
2011/04/22,0,0,0,0
2011/04/25,0,0,0,0
2011/04/26,0,0,0,0
2011/04/27,0,0,0,0
2011/04/28,0,0,0,0
2011/04/29,0,0,0,0
2011/05/02,0,0,0,0
2011/05/03,0,0,0,0
2011/05/04,0,0,0,0
2011/05/05,0,0,0,0
2011/05/06,0,0,0,0
2011/05/09,0,0,0,0
2011/05/10,0,0,0,0
2011/05/11,0,0,0,0
2011/05/12,0,0,-1000,-1000
2011/05/13,0,0,-1000,-1000
2011/05/16,0,0,0,0
2011/05/17,0,0,0,0
2011/05/18,0,0,0,0
2011/05/19,0,0,0,0
2011/05/20,0,0,0,0
2011/05/23,0,0,0,0
2011/05/24,0,0,0,0
2011/05/25,0,0,0,0
2011/05/26,0,0,0,0
2011/05/27,0,0,0,0
2011/05/30,0,0,0,0
2011/05/31,0,0,0,0
2011/06/01,0,0,0,0
2011/06/02,0,0,0,0
2011/06/03,0,0,0,0
2011/06/06,0,0,0,0
2011/06/07,0,0,0,0
2011/06/08,0,0,0,0
2011/06/09,0,0,0,0
2011/06/10,0,0,0,0
2011/06/13,0,0,0,0
2011/06/14,0,1000,0,1000
2011/06/15,0,151000,0,151000
2011/06/16,0,6000,0,6000
2011/06/17,0,38000,-3000,35000
2011/06/20,0,7000,-1000,6000
2011/06/21,0,4000,0,4000
2011/06/22,0,2000,0,2000
2011/06/23,0,2000,0,2000
2011/06/24,0,222000,0,222000
2011/06/27,0,230000,0,230000
2011/06/28,0,226000,0,226000
2011/06/29,0,218000,0,218000
2011/06/30,0,2000,0,2000
2011/07/01,0,0,0,0
2011/07/04,0,200000,-26000,174000
2011/07/05,0,0,-1000,-1000
2011/07/06,0,0,0,0
2011/07/07,0,0,0,0
2011/07/08,0,0,-2000,-2000
2011/07/11,0,0,0,0
2011/07/12,0,2000,0,2000
2011/07/13,0,3000,0,3000
2011/07/14,0,23000,0,23000
2011/07/15,0,4000,0,4000
2011/07/18,0,367000,0,367000
2011/07/19,0,343000,0,343000
2011/07/20,0,3000,0,3000
2011/07/21,0,1000,0,1000
2011/07/22,0,0,-4000,-4000
2011/07/25,0,0,-5000,-5000
2011/07/26,0,0,0,0
2011/07/27,0,0,-3000,-3000
2011/07/28,0,0,-5000,-5000
2011/07/29,0,0,0,0
2011/08/01,0,18000,0,18000
2011/08/02,0,0,-86000,-86000
2011/08/03,0,9000,-350000,-341000
2011/08/04,0,17000,-770000,-753000
2011/08/05,0,13000,-585000,-572000
2011/08/08,0,12000,0,12000
2011/08/09,0,13000,0,13000
2011/08/10,0,155000,0,155000
2011/08/11,0,179000,0,179000
2011/08/12,0,421000,0,421000
2011/08/15,0,147000,0,147000
2011/08/16,0,19000,-139000,-120000
2011/08/17,0,0,0,0
2011/08/18,0,410000,0,410000
2011/08/19,0,26000,0,26000
2011/08/22,0,122000,0,122000
2011/08/23,0,2000,0,2000
2011/08/24,0,0,0,0
2011/08/25,0,385000,0,385000
2011/08/26,0,166000,0,166000
2011/08/29,0,126000,0,126000
2011/08/30,0,0,0,0
2011/08/31,0,0,0,0
2011/09/01,0,0,-1000,-1000
2011/09/02,0,0,-2000,-2000
2011/09/05,0,60000,-1000,59000
2011/09/06,0,10000,0,10000
2011/09/07,0,3000,0,3000
2011/09/08,0,0,0,0
2011/09/09,0,128000,0,128000
2011/09/12,0,0,0,0
2011/09/13,0,0,-829,-829
2011/09/14,0,100000,-2000,98000
2011/09/15,0,0,-291000,-291000
2011/09/16,0,5000,-1263000,-1258000
2011/09/19,0,3000,-71794,-68794
2011/09/20,0,0,0,0
2011/09/21,0,1232,0,1232
2011/09/22,0,197000,0,197000
2011/09/23,0,1000,0,1000
2011/09/26,0,1010000,0,1010000
2011/09/27,0,146000,0,146000
2011/09/28,0,168000,0,168000
2011/09/29,0,519000,0,519000
2011/09/30,0,150000,0,150000
2011/10/03,0,0,0,0
2011/10/04,0,2000,0,2000
2011/10/05,0,0,-80000,-80000
2011/10/06,0,0,0,0
2011/10/07,0,1000,0,1000
2011/10/10,0,0,0,0
2011/10/11,0,20000,0,20000
2011/10/12,0,73000,0,73000
2011/10/13,0,116000,0,116000
2011/10/14,0,7000,-110000,-103000
2011/10/17,0,0,-878,-878
2011/10/18,0,84103,0,84103
2011/10/19,0,20000,0,20000
2011/10/20,0,98000,0,98000
2011/10/21,0,10000,0,10000
2011/10/24,0,1000,0,1000
2011/10/25,0,10000,0,10000
2011/10/26,0,26000,0,26000
2011/10/27,0,31000,0,31000
2011/10/28,0,616000,0,616000
2011/10/31,0,385000,-1000,384000
2011/11/01,0,0,-3000,-3000
2011/11/02,0,0,0,0
2011/11/03,0,1000,0,1000
2011/11/04,0,82000,-2000,80000
2011/11/07,0,10000,-192000,-182000
2011/11/08,0,12000,-120000,-108000
2011/11/09,0,0,0,0
2011/11/10,0,0,-199000,-199000
2011/11/11,0,0,0,0
2011/11/14,0,1000,-1002,-2
2011/11/15,0,0,0,0
2011/11/16,0,0,0,0
2011/11/17,0,60000,0,60000
2011/11/18,0,1000,0,1000
2011/11/21,0,203000,0,203000
2011/11/22,0,601000,-2000,599000
2011/11/23,0,539000,0,539000
2011/11/24,0,675000,0,675000
2011/11/25,0,54000,0,54000
2011/11/28,0,221000,0,221000
2011/11/29,0,182000,0,182000
2011/11/30,0,105000,0,105000
2011/12/01,0,0,-5000,-5000
2011/12/02,0,0,0,0
2011/12/05,0,395000,-49000,346000
2011/12/06,0,592000,0,592000
2011/12/07,0,51000,0,51000
2011/12/08,0,211000,0,211000
2011/12/09,0,326000,-12587,313413
2011/12/12,0,312000,0,312000
2011/12/13,0,982000,-4000,978000
2011/12/14,0,48000,-25000,23000
2011/12/15,0,26000,-26000,0
2011/12/16,0,610500,0,610500
2011/12/19,0,449000,-50,448950
2011/12/20,0,256000,0,256000
2011/12/21,0,0,0,0
2011/12/22,0,1000,0,1000
2011/12/23,0,0,-1000,-1000
2011/12/26,0,125000,-300000,-175000
2011/12/27,0,53000,-400000,-347000
2011/12/28,0,15000,-2000,13000
2011/12/29,0,238000,0,238000
2011/12/30,0,100000,-2000,98000
2012/01/02,0,3000,0,3000
2012/01/03,0,0,-4000,-4000
2012/01/04,0,0,0,0
2012/01/05,0,103529,-51000,52529
2012/01/06,0,50000,-250000,-200000
2012/01/09,0,0,0,0
2012/01/10,0,0,-301000,-301000
2012/01/11,0,0,-91000,-91000
2012/01/12,0,0,-187000,-187000
2012/01/13,0,350000,-255000,95000
2012/01/16,0,0,-2000,-2000
2012/01/17,0,0,-78000,-78000
2012/01/18,0,0,-77000,-77000
2012/01/19,0,0,0,0
2012/01/20,0,0,0,0
2012/01/23,0,0,0,0
2012/01/24,0,0,0,0
2012/01/25,0,0,0,0
2012/01/26,0,0,0,0
2012/01/27,0,0,0,0
2012/01/30,0,0,-4000,-4000
2012/01/31,0,0,-209000,-209000
2012/02/01,0,0,-1131000,-1131000
2012/02/02,0,0,-656000,-656000
2012/02/03,0,0,-581000,-581000
2012/02/06,0,0,-691000,-691000
2012/02/07,0,0,0,0
2012/02/08,0,0,-551000,-551000
2012/02/09,0,6764,-202000,-195236
2012/02/10,0,202000,-2000,200000
2012/02/13,0,0,-50000,-50000
2012/02/14,0,130000,-243000,-113000
2012/02/15,0,0,-5000,-5000
2012/02/16,0,1000,0,1000
2012/02/17,0,7000,-90000,-83000
2012/02/20,0,0,-2000,-2000
2012/02/21,0,0,0,0
2012/02/22,0,0,-190000,-190000
2012/02/23,0,0,-1000,-1000
2012/02/24,0,0,-6000,-6000
2012/02/27,0,0,0,0
2012/02/28,0,0,0,0
2012/02/29,0,80000,-1000,79000
2012/03/01,0,0,-20,-20
2012/03/02,0,0,-69000,-69000
2012/03/05,0,0,-725000,-725000
2012/03/06,0,0,0,0
2012/03/07,0,0,0,0
2012/03/08,0,0,-14820,-14820
2012/03/09,0,0,-65000,-65000
2012/03/12,0,0,-31000,-31000
2012/03/13,0,0,-2000,-2000
2012/03/14,0,14000,0,14000
2012/03/15,0,12000,0,12000
2012/03/16,0,0,-141000,-141000
2012/03/19,0,200,-131000,-130800
2012/03/20,0,0,-1000,-1000
2012/03/21,0,0,0,0
2012/03/22,0,0,0,0
2012/03/23,0,132000,0,132000
2012/03/26,0,0,-1000,-1000
2012/03/27,0,0,0,0
2012/03/28,0,120000,0,120000
2012/03/29,0,0,0,0
2012/03/30,0,83000,-2000,81000
2012/04/02,0,106000,-1000,105000
2012/04/03,0,78000,0,78000
2012/04/04,0,0,0,0
2012/04/05,0,9472,0,9472
2012/04/06,0,0,-35000,-35000
2012/04/09,0,0,-1000,-1000
2012/04/10,0,0,0,0
2012/04/11,0,0,0,0
2012/04/12,0,0,0,0
2012/04/13,0,0,0,0
2012/04/16,0,339000,-20000,319000
2012/04/17,0,0,0,0
2012/04/18,0,327000,0,327000
2012/04/19,0,97000,0,97000
2012/04/20,0,0,0,0
2012/04/23,0,1000,0,1000
2012/04/24,0,131000,0,131000
2012/04/25,0,748000,0,748000
2012/04/26,0,371000,-50000,321000
2012/04/27,0,227000,-50000,177000
2012/04/30,0,0,-250000,-250000
2012/05/01,0,0,0,0
2012/05/02,0,151000,0,151000
2012/05/03,0,0,-9175,-9175
2012/05/04,0,0,-2000,-2000
2012/05/07,0,0,-120,-120
2012/05/08,0,0,-115000,-115000
2012/05/09,0,0,0,0
2012/05/10,0,0,0,0
2012/05/11,0,271000,0,271000
2012/05/14,0,211000,0,211000
2012/05/15,0,9000,-135000,-126000
2012/05/16,0,0,-549000,-549000
2012/05/17,0,0,-548000,-548000
2012/05/18,0,0,0,0
2012/05/21,0,139000,0,139000
2012/05/22,0,0,-214000,-214000
2012/05/23,0,0,-216000,-216000
2012/05/24,0,0,0,0
2012/05/25,0,0,0,0
2012/05/28,0,0,0,0
2012/05/29,0,1000,0,1000
2012/05/30,0,2131,-1000,1131
2012/05/31,0,40000,0,40000
2012/06/01,0,0,-874000,-874000
2012/06/04,0,3000,0,3000
2012/06/05,0,30000,0,30000
2012/06/06,0,0,-108000,-108000
2012/06/07,0,0,-40000,-40000
2012/06/08,0,24000,-24000,0
2012/06/11,0,11000,0,11000
2012/06/12,0,31000,0,31000
2012/06/13,0,16000,-6000,10000
2012/06/14,0,368000,-78000,290000
2012/06/15,0,10000,0,10000
2012/06/18,0,286000,-55000,231000
2012/06/19,0,5000,0,5000
2012/06/20,0,0,0,0
2012/06/21,0,0,0,0
2012/06/22,0,327000,0,327000
2012/06/25,0,0,-2000,-2000
2012/06/26,0,0,-4237,-4237
2012/06/27,0,0,0,0
2012/06/28,0,0,-3000,-3000
2012/06/29,0,0,0,0
2012/07/02,0,0,-2000,-2000
2012/07/03,0,10000,0,10000
2012/07/04,0,0,0,0
2012/07/05,0,0,-1000,-1000
2012/07/06,0,0,-2000,-2000
2012/07/09,0,0,0,0
2012/07/10,0,0,0,0
2012/07/11,0,0,0,0
2012/07/12,0,177000,0,177000
2012/07/13,0,113000,0,113000
2012/07/16,0,101000,0,101000
2012/07/17,0,189000,-4000,185000
2012/07/18,0,100000,0,100000
2012/07/19,0,0,0,0
2012/07/20,0,0,0,0
2012/07/23,0,0,0,0
2012/07/24,0,0,0,0
2012/07/25,0,126000,0,126000
2012/07/26,0,4000,-40000,-36000
2012/07/27,0,0,0,0
2012/07/30,0,0,0,0
2012/07/31,0,0,0,0
2012/08/01,0,0,0,0
2012/08/02,0,0,0,0
2012/08/03,0,0,-130000,-130000
2012/08/06,0,6000,0,6000
2012/08/07,0,0,-134000,-134000
2012/08/08,0,34000,-8000,26000
2012/08/09,0,14000,-4000,10000
2012/08/10,0,1500,-3000,-1500
2012/08/13,0,0,-302000,-302000
2012/08/14,0,0,-1000,-1000
2012/08/15,0,0,-10000,-10000
2012/08/16,0,50000,-102000,-52000
2012/08/17,0,5639,-101000,-95361
2012/08/20,0,0,-103000,-103000
2012/08/21,0,0,0,0
2012/08/22,0,0,-1000,-1000
2012/08/23,0,1000,0,1000
2012/08/24,0,0,-325000,-325000
2012/08/27,0,0,-1000,-1000
2012/08/28,0,0,0,0
2012/08/29,0,0,-3000,-3000
2012/08/30,0,88000,-1000,87000
2012/08/31,0,3000,-1000,2000
2012/09/03,0,0,0,0
2012/09/04,0,0,0,0
2012/09/05,0,1000,-1000,0
2012/09/06,0,0,0,0
2012/09/07,0,1000,-1000,0
2012/09/10,0,0,0,0
2012/09/11,0,100000,0,100000
2012/09/12,0,0,0,0
2012/09/13,0,1000,0,1000
2012/09/14,0,0,0,0
2012/09/17,0,20000,0,20000
2012/09/18,0,20000,-1000,19000
2012/09/19,0,9000,-1000,8000
2012/09/20,0,0,0,0
2012/09/21,0,0,-1000,-1000
2012/09/24,0,0,0,0
2012/09/25,0,0,0,0
2012/09/26,0,0,-1000,-1000
2012/09/27,0,80000,0,80000
2012/09/28,0,18000,0,18000
2012/10/01,0,0,-257000,-257000
2012/10/02,0,0,-250000,-250000
2012/10/03,0,0,0,0
2012/10/04,0,0,-347000,-347000
2012/10/05,0,0,0,0
2012/10/08,0,0,0,0
2012/10/09,0,0,0,0
2012/10/10,0,0,0,0
2012/10/11,0,0,0,0
2012/10/12,0,0,-1000,-1000
2012/10/15,0,0,0,0
2012/10/16,0,0,-2000,-2000
2012/10/17,0,1000,0,1000
2012/10/18,0,0,-15000,-15000
2012/10/19,0,0,0,0
2012/10/22,0,0,0,0
2012/10/23,0,0,0,0
2012/10/24,0,0,-82000,-82000
2012/10/25,0,0,-24000,-24000
2012/10/26,0,0,0,0
2012/10/29,0,0,-2880,-2880
2012/10/30,0,0,0,0
2012/10/31,0,0,-8000,-8000
2012/11/01,0,0,-16000,-16000
2012/11/02,0,2000,0,2000
2012/11/05,0,76000,0,76000
2012/11/06,0,0,0,0
2012/11/07,0,0,0,0
2012/11/08,0,48000,0,48000
2012/11/09,0,0,0,0
2012/11/12,0,0,0,0
2012/11/13,0,0,0,0
2012/11/14,0,0,0,0
2012/11/15,0,0,0,0
2012/11/16,0,0,-115000,-115000
2012/11/19,0,0,0,0
2012/11/20,0,228000,0,228000
2012/11/21,0,35000,0,35000
2012/11/22,0,349000,-3000,346000
2012/11/23,0,348000,0,348000
2012/11/26,0,0,0,0
2012/11/27,0,104000,0,104000
2012/11/28,0,0,-57000,-57000
2012/11/29,0,27000,0,27000
2012/11/30,0,0,0,0
2012/12/03,0,0,0,0
2012/12/04,0,19000,-120000,-101000
2012/12/05,0,0,-1000,-1000
2012/12/06,0,0,0,0
2012/12/07,0,0,0,0
2012/12/10,0,40000,-2000,38000
2012/12/11,0,377000,-150,376850
2012/12/12,0,0,0,0
2012/12/13,0,0,-2000,-2000
2012/12/14,0,305000,-1000,304000
2012/12/17,0,100000,0,100000
2012/12/18,0,0,0,0
2012/12/19,0,0,0,0
2012/12/20,0,0,-3000,-3000
2012/12/21,0,0,-6000,-6000
2012/12/24,0,0,0,0
2012/12/25,0,0,0,0
2012/12/26,0,0,0,0
2012/12/27,0,115000,0,115000
2012/12/28,0,115000,-72000,43000
2012/12/31,0,0,0,0
2013/01/01,0,0,0,0
2013/01/02,0,0,0,0
2013/01/03,0,0,0,0
2013/01/04,0,0,-103000,-103000
2013/01/07,0,0,-12000,-12000
2013/01/08,0,130000,-1000,129000
2013/01/09,0,37000,0,37000
2013/01/10,0,0,0,0
2013/01/11,0,17000,-76000,-59000
2013/01/14,0,4000,-45000,-41000
2013/01/15,0,0,-1000,-1000
2013/01/16,0,0,-3000,-3000
2013/01/17,0,0,-312546,-312546
2013/01/18,0,0,0,0
2013/01/21,0,0,-6000,-6000
2013/01/22,0,0,0,0
2013/01/23,0,0,0,0
2013/01/24,0,1000,-2000,-1000
2013/01/25,0,0,-2000,-2000
2013/01/28,0,0,-138000,-138000
2013/01/29,0,0,-150000,-150000
2013/01/30,0,0,-146000,-146000
2013/01/31,0,3000,-389000,-386000
2013/02/01,0,0,-194000,-194000
2013/02/04,0,0,-10000,-10000
2013/02/05,0,0,-9000,-9000
2013/02/06,0,0,-11000,-11000
2013/02/07,0,0,0,0
2013/02/08,0,0,0,0
2013/02/11,0,0,0,0
2013/02/12,0,0,0,0
2013/02/13,0,0,0,0
2013/02/14,0,0,0,0
2013/02/15,0,0,0,0
2013/02/18,0,0,0,0
2013/02/19,0,0,0,0
2013/02/20,0,0,0,0
2013/02/21,0,0,-1000,-1000
2013/02/22,0,70000,-50000,20000
2013/02/25,0,0,-42000,-42000
2013/02/26,0,0,-360000,-360000
2013/02/27,0,0,-20000,-20000
2013/02/28,0,0,0,0
2013/03/01,0,0,0,0
2013/03/04,0,17000,0,17000
2013/03/05,0,144000,0,144000
2013/03/06,0,0,-2000,-2000
2013/03/07,0,0,-38000,-38000
2013/03/08,0,361000,-2000,359000
2013/03/11,0,42000,0,42000
2013/03/12,0,0,-173000,-173000
2013/03/13,0,0,-41000,-41000
2013/03/14,0,179000,0,179000
2013/03/15,0,3003000,0,3003000
2013/03/18,0,176000,-14000,162000
2013/03/19,0,162000,-45000,117000
2013/03/20,0,34000,0,34000
2013/03/21,0,458000,0,458000
2013/03/22,0,9000,-16000,-7000
2013/03/25,0,0,0,0
2013/03/26,0,36000,-15000,21000
2013/03/27,0,16000,-367000,-351000
2013/03/28,0,0,-39000,-39000
2013/03/29,0,0,0,0
2013/04/01,0,0,0,0
2013/04/02,0,0,0,0
2013/04/03,0,19000,-15000,4000
2013/04/04,0,0,0,0
2013/04/05,0,0,0,0
2013/04/08,0,0,0,0
2013/04/09,0,0,-137000,-137000
2013/04/10,0,0,-98000,-98000
2013/04/11,0,0,-50000,-50000
2013/04/12,0,0,-160000,-160000
2013/04/15,0,0,-132000,-132000
2013/04/16,0,0,-23000,-23000
2013/04/17,0,36000,-47000,-11000
2013/04/18,0,0,0,0
2013/04/19,0,4877,-49000,-44123
2013/04/22,0,0,0,0
2013/04/23,0,0,-2000,-2000
2013/04/24,0,4000,-126000,-122000
2013/04/25,0,0,-197000,-197000
2013/04/26,0,0,-100000,-100000
2013/04/29,0,0,-170000,-170000
2013/04/30,0,0,-209000,-209000
2013/05/01,0,0,0,0
2013/05/02,0,0,-563000,-563000
2013/05/03,0,0,-298000,-298000
2013/05/06,0,0,-262000,-262000
2013/05/07,0,0,-361000,-361000
2013/05/08,0,0,0,0
2013/05/09,0,0,-193000,-193000
2013/05/10,0,63000,-1000,62000
2013/05/13,0,0,-1000,-1000
2013/05/14,0,0,-1000,-1000
2013/05/15,0,0,-1000,-1000
2013/05/16,0,0,0,0
2013/05/17,0,0,0,0
2013/05/20,0,0,-1000,-1000
2013/05/21,0,0,0,0
2013/05/22,0,0,-45000,-45000
2013/05/23,0,0,0,0
2013/05/24,0,0,-62000,-62000
2013/05/27,0,0,-132000,-132000
2013/05/28,0,0,-133000,-133000
2013/05/29,0,0,0,0
2013/05/30,0,0,-163000,-163000
2013/05/31,0,2000,-58000,-56000
2013/06/03,0,0,0,0
2013/06/04,0,0,-137000,-137000
2013/06/05,0,0,-162000,-162000
2013/06/06,0,0,-94000,-94000
2013/06/07,0,0,0,0
2013/06/10,0,0,0,0
2013/06/11,0,6000,0,6000
2013/06/12,0,0,0,0
2013/06/13,0,5000,-186000,-181000
2013/06/14,0,0,-58000,-58000
2013/06/17,0,0,-84000,-84000
2013/06/18,0,0,-193000,-193000
2013/06/19,0,0,0,0
2013/06/20,0,0,0,0
2013/06/21,0,8000,-219000,-211000
2013/06/24,0,51000,-1000,50000
2013/06/25,0,0,0,0
2013/06/26,0,0,-2000,-2000
2013/06/27,0,0,-177000,-177000
2013/06/28,0,127000,-174000,-47000
2013/07/01,0,0,-285000,-285000
2013/07/02,0,0,-235000,-235000
2013/07/03,0,50000,0,50000
2013/07/04,0,0,0,0
2013/07/05,0,0,-35000,-35000
2013/07/08,0,0,0,0
2013/07/09,0,0,0,0
2013/07/10,0,0,-261000,-261000
2013/07/11,0,0,-651,-651
2013/07/12,0,0,-9000,-9000
2013/07/15,0,0,0,0
2013/07/16,0,97000,0,97000
2013/07/17,0,0,0,0
2013/07/18,0,0,0,0
2013/07/19,0,1000,0,1000
2013/07/22,0,0,0,0
2013/07/23,0,0,0,0
2013/07/24,0,0,0,0
2013/07/25,0,0,0,0
2013/07/26,0,0,0,0
2013/07/29,0,0,0,0
2013/07/30,0,11000,0,11000
2013/07/31,0,0,0,0
2013/08/01,0,0,0,0
2013/08/02,0,0,0,0
2013/08/05,0,0,-2000,-2000
2013/08/06,0,0,0,0
2013/08/07,0,0,0,0
2013/08/08,0,0,-130000,-130000
2013/08/09,0,0,0,0
2013/08/12,0,0,0,0
2013/08/13,0,0,0,0
2013/08/14,0,0,0,0
2013/08/15,0,0,0,0
2013/08/16,0,0,0,0
2013/08/19,0,1000,0,1000
2013/08/20,0,0,-7000,-7000
2013/08/21,0,0,0,0
2013/08/22,0,1000,-590000,-589000
2013/08/23,0,18000,-61000,-43000
2013/08/26,0,265000,0,265000
2013/08/27,0,100000,0,100000
2013/08/28,0,75000,0,75000
2013/08/29,0,0,0,0
2013/08/30,0,73000,0,73000
2013/09/02,0,0,0,0
2013/09/03,0,8319,0,8319
2013/09/04,0,0,0,0
2013/09/05,0,0,0,0
2013/09/06,0,1000,0,1000
2013/09/09,0,0,0,0
2013/09/10,0,1000,0,1000
2013/09/11,0,3000,0,3000
2013/09/12,0,1000,0,1000
2013/09/13,0,1000,-61000,-60000
2013/09/16,0,1000,0,1000
2013/09/17,0,0,-465000,-465000
2013/09/18,0,344000,0,344000
2013/09/19,0,0,0,0
2013/09/20,0,0,0,0
2013/09/23,0,0,-4000,-4000
2013/09/24,0,500,-79000,-78500
2013/09/25,0,0,0,0
2013/09/26,0,0,0,0
2013/09/27,0,1000,0,1000
2013/09/30,0,1000,0,1000
2013/10/01,0,0,0,0
2013/10/02,0,0,-1000,-1000
2013/10/03,0,1000,0,1000
2013/10/04,0,59000,0,59000
2013/10/07,0,0,0,0
2013/10/08,0,0,0,0
2013/10/09,0,0,0,0
2013/10/10,0,0,0,0
2013/10/11,0,0,0,0
2013/10/14,0,0,0,0
2013/10/15,0,0,0,0
2013/10/16,0,0,0,0
2013/10/17,0,0,0,0
2013/10/18,0,0,0,0
2013/10/21,0,0,0,0
2013/10/22,0,0,-2000,-2000
2013/10/23,0,0,0,0
2013/10/24,0,0,0,0
2013/10/25,0,0,0,0
2013/10/28,0,0,-2000,-2000
2013/10/29,0,0,0,0
2013/10/30,0,0,0,0
2013/10/31,0,0,0,0
2013/11/01,0,0,-1000,-1000
2013/11/04,0,0,0,0
2013/11/05,0,0,0,0
2013/11/06,0,0,0,0
2013/11/07,0,0,0,0
2013/11/08,0,0,0,0
2013/11/11,0,0,0,0
2013/11/12,0,0,0,0
2013/11/13,0,0,0,0
2013/11/14,0,0,-18000,-18000
2013/11/15,0,0,-150000,-150000
2013/11/18,0,0,0,0
2013/11/19,0,0,0,0
2013/11/20,0,0,0,0
2013/11/21,0,0,0,0
2013/11/22,0,0,-59000,-59000
2013/11/25,0,0,-8255,-8255
2013/11/26,0,0,0,0
2013/11/27,0,0,0,0
2013/11/28,0,0,0,0
2013/11/29,0,0,0,0
2013/12/02,0,0,-1000,-1000
2013/12/03,0,0,0,0
2013/12/04,0,0,0,0
2013/12/05,0,0,0,0
2013/12/06,0,0,0,0
2013/12/09,0,0,0,0
2013/12/10,0,0,0,0
2013/12/11,0,0,0,0
2013/12/12,0,0,0,0
2013/12/13,0,0,0,0
2013/12/16,0,0,0,0
2013/12/17,0,0,-13000,-13000
2013/12/18,0,0,-8957,-8957
2013/12/19,0,0,0,0
2013/12/20,0,106000,-4000,102000
2013/12/23,0,21000,0,21000
2013/12/24,0,0,-5000,-5000
2013/12/25,0,0,-1000,-1000
2013/12/26,0,0,0,0
2013/12/27,0,0,0,0
2013/12/30,0,0,-4000,-4000
2013/12/31,0,0,0,0
2014/01/02,0,0,-5000,-5000
2014/01/03,0,0,0,0
2014/01/06,0,0,0,0
2014/01/07,0,0,0,0
2014/01/08,0,0,0,0
2014/01/09,0,0,0,0
2014/01/10,0,0,0,0
2014/01/13,0,0,0,0
2014/01/14,0,0,0,0
2014/01/15,0,1000,0,1000
2014/01/16,0,0,0,0
2014/01/17,0,0,0,0
2014/01/20,0,0,0,0
2014/01/21,0,0,-1000,-1000
2014/01/22,0,0,0,0
2014/01/23,0,0,0,0
2014/01/24,0,0,-110000,-110000
2014/01/27,0,0,0,0
2014/02/05,0,0,-1000,-1000
2014/02/06,0,0,0,0
2014/02/07,0,110000,0,110000
2014/02/10,0,0,0,0
2014/02/11,0,0,0,0
2014/02/12,0,0,0,0
2014/02/13,0,0,-6867,-6867
2014/02/14,0,0,0,0
2014/02/17,0,0,0,0
2014/02/18,0,0,0,0
2014/02/19,0,0,-7000,-7000
2014/02/20,0,0,-7000,-7000
2014/02/21,0,0,0,0
2014/02/24,0,68000,0,68000
2014/02/25,0,0,0,0
2014/02/26,0,0,0,0
2014/02/27,0,0,0,0
2014/03/03,0,0,0,0
2014/03/04,0,0,0,0
2014/03/05,0,0,0,0
2014/03/06,0,0,0,0
2014/03/07,0,0,0,0
2014/03/10,0,0,-1000,-1000
2014/03/11,0,0,-1000,-1000
2014/03/12,0,0,0,0
2014/03/13,0,0,0,0
2014/03/14,0,0,0,0
2014/03/17,0,0,0,0
2014/03/18,0,49000,0,49000
2014/03/19,0,0,0,0
2014/03/20,0,0,0,0
2014/03/21,0,0,-458000,-458000
2014/03/24,0,0,-1000,-1000
2014/03/25,0,35000,0,35000
2014/03/26,0,92000,0,92000
2014/03/27,0,0,0,0
2014/03/28,0,0,0,0
2014/03/31,0,0,0,0
2014/04/01,0,0,-8000,-8000
2014/04/02,0,0,0,0
2014/04/03,0,281000,-9000,272000
2014/04/07,0,269000,0,269000
2014/04/08,0,0,0,0
2014/04/09,0,0,0,0
2014/04/10,0,3135,0,3135
2014/04/11,0,35000,0,35000
2014/04/14,0,650000,0,650000
2014/04/15,0,100000,0,100000
2014/04/16,0,0,0,0
2014/04/17,0,0,0,0
2014/04/18,0,0,-47000,-47000
2014/04/21,0,0,-1000,-1000
2014/04/22,0,50000,0,50000
2014/04/23,0,804000,0,804000
2014/04/24,0,0,0,0
2014/04/25,0,69000,0,69000
2014/04/28,0,0,0,0
2014/04/29,0,400000,0,400000
2014/04/30,0,10000,0,10000
2014/05/02,0,5000,0,5000
2014/05/05,0,950000,0,950000
2014/05/06,0,20000,0,20000
2014/05/07,0,69000,-1000,68000
2014/05/08,0,7000,-14000,-7000
2014/05/09,0,8000,0,8000
2014/05/12,0,4000,0,4000
2014/05/13,0,0,-1000,-1000
2014/05/14,0,87000,0,87000
2014/05/15,0,24000,-67000,-43000
2014/05/16,0,0,-115000,-115000
2014/05/19,0,0,0,0
2014/05/20,0,0,0,0
2014/05/21,0,0,-60000,-60000
2014/05/22,0,0,0,0
2014/05/23,0,0,0,0
2014/05/26,0,9000,0,9000
2014/05/27,0,8000,-70000,-62000
2014/05/28,0,0,-487000,-487000
2014/05/29,0,0,-104000,-104000
2014/05/30,0,0,0,0
2014/06/03,0,0,0,0
2014/06/04,0,0,0,0
2014/06/05,0,0,0,0
2014/06/06,0,0,-125000,-125000
2014/06/09,0,0,0,0
2014/06/10,0,0,-1000,-1000
2014/06/11,0,0,-2000,-2000
2014/06/12,0,0,-4000,-4000
2014/06/13,0,45000,-112000,-67000
2014/06/16,0,5000,-1000,4000
2014/06/17,0,0,0,0
2014/06/18,0,0,0,0
2014/06/19,0,0,-84000,-84000
2014/06/20,0,87000,-45000,42000
2014/06/23,0,17490,-206000,-188510
2014/06/24,0,59000,0,59000
2014/06/25,0,58000,-1000,57000
2014/06/26,0,57000,0,57000
2014/06/27,0,58000,0,58000
2014/06/30,0,59000,-5000,54000
2014/07/01,0,114000,0,114000
2014/07/02,0,41000,-174000,-133000
2014/07/03,0,40000,0,40000
2014/07/04,0,191000,0,191000
2014/07/07,0,39000,0,39000
2014/07/08,0,35000,-1000,34000
2014/07/09,0,35000,0,35000
2014/07/10,0,34000,0,34000
2014/07/11,0,36000,0,36000
2014/07/14,0,36000,0,36000
2014/07/15,0,53000,-1000,52000
2014/07/16,0,82000,0,82000
2014/07/17,0,57000,0,57000
2014/07/18,0,54000,-26000,28000
2014/07/21,0,54000,0,54000
2014/07/22,0,3000,-36000,-33000
2014/07/23,0,0,0,0
2014/07/24,0,1000,-7000,-6000
2014/07/25,0,1000,-27000,-26000
2014/07/28,0,0,0,0
2014/07/29,0,1000,0,1000
2014/07/30,0,14000,0,14000
2014/07/31,0,5000,0,5000
2014/08/01,0,5000,-93000,-88000
2014/08/04,0,0,0,0
2014/08/05,0,0,0,0
2014/08/06,0,1000,0,1000
2014/08/07,0,16000,0,16000
2014/08/08,0,59000,0,59000
2014/08/11,0,3000,0,3000
2014/08/12,0,6000,-96000,-90000
2014/08/13,0,4000,0,4000
2014/08/14,0,3000,0,3000
2014/08/15,0,1000,0,1000
2014/08/18,0,0,0,0
2014/08/19,0,1000,0,1000
2014/08/20,0,3000,0,3000
2014/08/21,0,1000,-3000,-2000
2014/08/22,0,0,0,0
2014/08/25,0,3000,0,3000
2014/08/26,0,0,0,0
2014/08/27,0,0,0,0
2014/08/28,0,6000,0,6000
2014/08/29,0,0,-4000,-4000
2014/09/01,0,0,0,0
2014/09/02,0,0,0,0
2014/09/03,0,2000,0,2000
2014/09/04,0,3000,0,3000
2014/09/05,0,3000,0,3000
2014/09/09,0,0,0,0
2014/09/10,0,0,0,0
2014/09/11,0,4000,0,4000
2014/09/12,0,4000,-46000,-42000
2014/09/15,0,1000,0,1000
2014/09/16,0,0,0,0
2014/09/17,0,2000,0,2000
2014/09/18,0,0,-195000,-195000
2014/09/19,0,1000,-959000,-958000
2014/09/22,0,6808,-32000,-25192
2014/09/23,0,2000,0,2000
2014/09/24,0,0,0,0
2014/09/25,0,0,0,0
2014/09/26,0,0,0,0
2014/09/29,0,0,0,0
2014/09/30,0,285000,0,285000
2014/10/01,0,0,0,0
2014/10/02,0,0,0,0
2014/10/03,0,0,-40000,-40000
2014/10/06,0,2000,0,2000
2014/10/07,0,0,0,0
2014/10/08,0,42000,0,42000
2014/10/09,0,49000,-42000,7000
2014/10/13,0,0,0,0
2014/10/14,0,0,0,0
2014/10/15,0,0,0,0
2014/10/16,0,0,-37000,-37000
2014/10/17,0,0,0,0
2014/10/20,0,0,0,0
2014/10/21,0,1000,0,1000
2014/10/22,0,0,0,0
2014/10/23,0,1000,0,1000
2014/10/24,0,0,0,0
2014/10/27,0,0,0,0
2014/10/28,0,30000,-86000,-56000
2014/10/29,0,1000,0,1000
2014/10/30,0,0,0,0
2014/10/31,0,0,0,0
2014/11/03,0,0,-1000,-1000
2014/11/04,0,0,0,0
2014/11/05,0,0,0,0
2014/11/06,0,0,-17000,-17000
2014/11/07,0,0,0,0
2014/11/10,0,0,0,0
2014/11/11,0,5000,0,5000
2014/11/12,0,2000,0,2000
2014/11/13,0,0,0,0
2014/11/14,0,0,0,0
2014/11/17,0,0,0,0
2014/11/18,0,0,0,0
2014/11/19,0,0,0,0
2014/11/20,0,1000,0,1000
2014/11/21,0,0,-49000,-49000
2014/11/24,0,0,0,0
2014/11/25,0,0,0,0
2014/11/26,0,27000,0,27000
2014/11/27,0,0,0,0
2014/11/28,0,0,0,0
2014/12/01,0,0,0,0
2014/12/02,0,0,0,0
2014/12/03,0,0,-1000,-1000
2014/12/04,0,0,-100000,-100000
2014/12/05,0,0,-1000,-1000
2014/12/08,0,0,0,0
2014/12/09,0,0,0,0
2014/12/10,0,0,0,0
2014/12/11,0,0,-1063,-1063
2014/12/12,0,0,0,0
2014/12/15,0,0,0,0
2014/12/16,0,0,-268000,-268000
2014/12/17,0,0,0,0
2014/12/18,0,0,0,0
2014/12/19,0,0,-4000,-4000
2014/12/22,0,0,0,0
2014/12/23,0,0,-10000,-10000
2014/12/24,0,0,0,0
2014/12/25,0,0,0,0
2014/12/26,0,0,0,0
2014/12/29,0,0,0,0
2014/12/30,0,0,0,0
2014/12/31,0,0,0,0
2015/01/01,0,0,0,0
2015/01/02,0,0,0,0
2015/01/05,0,0,0,0
2015/01/06,0,0,0,0
2015/01/07,0,0,0,0
2015/01/08,0,0,0,0
2015/01/09,0,0,0,0
2015/01/12,0,0,0,0
2015/01/13,0,0,0,0
2015/01/14,0,0,0,0
2015/01/15,0,0,0,0
2015/01/16,0,0,0,0
2015/01/19,0,0,-1000,-1000
2015/01/20,0,0,-127000,-127000
2015/01/21,0,0,0,0
2015/01/22,0,0,-23000,-23000
2015/01/23,0,45000,0,45000
2015/01/26,0,0,0,0
2015/01/27,0,0,0,0
2015/01/28,0,0,0,0
2015/01/29,0,0,0,0
2015/01/30,0,0,-45000,-45000
2015/02/02,0,0,0,0
2015/02/03,0,0,0,0
2015/02/04,0,0,0,0
2015/02/05,0,0,0,0
2015/02/06,0,0,0,0
2015/02/09,0,0,0,0
2015/02/10,0,0,0,0
2015/02/11,0,0,0,0
2015/02/12,0,0,0,0
2015/02/13,0,0,0,0
2015/02/16,0,0,0,0
2015/02/17,0,0,0,0
2015/02/18,0,0,0,0
2015/02/19,0,0,0,0
2015/02/20,0,0,0,0
2015/02/23,0,0,0,0
2015/02/24,0,0,0,0
2015/02/25,0,29000,0,29000
2015/02/26,0,0,0,0
2015/02/27,0,0,0,0
2015/03/02,0,0,0,0
2015/03/03,0,0,0,0
2015/03/04,0,2000,0,2000
2015/03/05,0,0,-221000,-221000
2015/03/06,0,0,0,0
2015/03/09,0,0,0,0
2015/03/10,0,0,0,0
2015/03/11,0,0,0,0
2015/03/12,0,450,0,450
2015/03/13,0,0,0,0
2015/03/16,0,0,-1000,-1000
2015/03/17,0,0,0,0
2015/03/18,0,0,-377000,-377000
2015/03/19,0,0,-700000,-700000
2015/03/20,0,0,-904000,-904000
2015/03/23,0,0,-200181,-200181
2015/03/24,0,0,0,0
2015/03/25,0,0,0,0
2015/03/26,0,0,0,0
2015/03/27,0,43000,0,43000
2015/03/30,0,0,0,0
2015/03/31,0,0,0,0
2015/04/01,0,0,0,0
2015/04/02,0,77000,0,77000
2015/04/03,0,0,0,0
2015/04/06,0,0,0,0
2015/04/07,0,0,0,0
2015/04/08,0,0,0,0
2015/04/09,0,0,0,0
2015/04/10,0,0,0,0
2015/04/13,0,75000,0,75000
2015/04/14,0,0,-133000,-133000
2015/04/15,0,17000,0,17000
2015/04/16,0,0,0,0
2015/04/17,0,20000,0,20000
2015/04/20,0,3000,0,3000
2015/04/21,0,400000,0,400000
2015/04/22,0,227000,0,227000
2015/04/23,0,0,0,0
2015/04/24,0,57000,-1000,56000
2015/04/27,0,0,0,0
2015/04/28,0,0,0,0
2015/04/29,0,0,-1000,-1000
2015/04/30,0,0,0,0
2015/05/01,0,0,0,0
2015/05/04,0,0,0,0
2015/05/05,0,0,0,0
2015/05/06,0,19000,0,19000
2015/05/07,0,0,0,0
2015/05/08,0,0,0,0
2015/05/11,0,0,0,0
2015/05/12,0,0,0,0
2015/05/13,0,49000,0,49000
2015/05/14,0,0,0,0
2015/05/15,0,0,0,0
2015/05/18,0,0,0,0
2015/05/19,0,0,0,0
2015/05/20,0,0,0,0
2015/05/21,0,0,0,0
2015/05/22,0,0,0,0
2015/05/25,0,0,0,0
2015/05/26,0,0,0,0
2015/05/27,0,0,0,0
2015/05/28,0,0,0,0
2015/05/29,0,0,0,0
2015/06/01,0,0,0,0
2015/06/02,0,0,0,0
2015/06/03,0,0,0,0
2015/06/04,0,0,-340,-340
2015/06/05,0,0,-1000,-1000
2015/06/08,0,0,0,0
2015/06/09,0,0,0,0
2015/06/10,0,0,-17000,-17000
2015/06/11,0,0,0,0
2015/06/12,0,0,-1000,-1000
2015/06/15,0,0,0,0
2015/06/16,0,0,0,0
2015/06/17,0,0,0,0
2015/06/18,0,0,-1000,-1000
2015/06/19,0,0,0,0
2015/06/22,0,0,-8000,-8000
2015/06/23,0,0,0,0
2015/06/24,0,0,-27000,-27000
2015/06/25,0,0,0,0
2015/06/26,0,0,0,0
2015/06/29,0,0,0,0
2015/06/30,0,0,-29000,-29000
2015/07/01,0,0,-30000,-30000
2015/07/02,0,0,0,0
2015/07/03,0,0,0,0
2015/07/06,0,0,0,0
2015/07/07,0,0,0,0
2015/07/08,0,0,0,0
2015/07/09,0,0,-23000,-23000
2015/07/10,0,0,0,0
2015/07/13,0,0,-1000,-1000
2015/07/14,0,0,-109000,-109000
2015/07/15,0,4000,0,4000
2015/07/16,0,0,0,0
2015/07/17,0,47000,-59000,-12000
2015/07/20,0,0,0,0
2015/07/21,0,1000,0,1000
2015/07/22,0,0,0,0
2015/07/23,0,1000,0,1000
2015/07/24,0,112000,0,112000
2015/07/27,0,273000,0,273000
2015/07/28,0,128000,0,128000
2015/07/29,0,199000,0,199000
2015/07/30,0,11000,0,11000
2015/07/31,0,90000,0,90000
2015/08/03,0,23000,0,23000
2015/08/04,0,0,0,0
2015/08/05,0,0,0,0
2015/08/06,0,13000,0,13000
2015/08/07,0,0,0,0
2015/08/10,0,0,0,0
2015/08/11,0,21000,0,21000
2015/08/12,0,30000,0,30000
2015/08/13,0,12000,0,12000
2015/08/14,0,30000,0,30000
2015/08/17,0,100000,0,100000
2015/08/18,0,50000,0,50000
2015/08/19,0,98000,0,98000
2015/08/20,0,54000,-32000,22000
2015/08/21,0,0,0,0
2015/08/24,0,0,0,0
2015/08/25,0,0,-701,-701
2015/08/26,0,0,-18000,-18000
2015/08/27,0,0,0,0
2015/08/28,0,0,0,0
2015/08/31,0,0,-5000,-5000
2015/09/01,0,7000,-9000,-2000
2015/09/02,0,0,0,0
2015/09/03,0,7000,0,7000
2015/09/04,0,0,0,0
2015/09/07,0,3000,0,3000
2015/09/08,0,2000,0,2000
2015/09/09,0,0,0,0
2015/09/10,0,0,0,0
2015/09/11,0,3000,0,3000
2015/09/14,0,1000,0,1000
2015/09/15,0,1000,0,1000
2015/09/16,0,0,0,0
2015/09/17,0,0,0,0
2015/09/18,0,0,0,0
2015/09/21,0,1000,-44000,-43000
2015/09/22,0,1518,0,1518
2015/09/23,0,0,0,0
2015/09/24,0,0,0,0
2015/09/25,0,0,0,0
2015/09/28,0,0,0,0
2015/09/29,0,0,0,0
2015/09/30,0,0,0,0
2015/10/01,0,2000,-378000,-376000
2015/10/02,0,2000,0,2000
2015/10/05,0,20000,0,20000
2015/10/06,0,0,0,0
2015/10/07,0,1000,0,1000
2015/10/08,0,0,0,0
2015/10/09,0,0,0,0
2015/10/12,0,0,0,0
2015/10/13,0,0,0,0
2015/10/14,0,0,0,0
2015/10/15,0,0,0,0
2015/10/16,0,1000,0,1000
2015/10/19,0,0,0,0
2015/10/20,0,100000,0,100000
2015/10/21,0,0,0,0
2015/10/22,0,0,0,0
2015/10/23,0,0,-17000,-17000
2015/10/26,0,251000,0,251000
2015/10/27,0,0,0,0
2015/10/28,0,0,-80000,-80000
2015/10/29,0,0,-50000,-50000
2015/10/30,0,0,-30000,-30000
2015/11/02,0,0,-50000,-50000
2015/11/03,0,1000,-30000,-29000
2015/11/04,0,3000,-50000,-47000
2015/11/05,0,0,-80000,-80000
2015/11/06,0,0,-68000,-68000
2015/11/09,0,0,0,0
2015/11/10,0,0,0,0
2015/11/11,0,0,-50000,-50000
2015/11/12,0,0,-180000,-180000
2015/11/13,0,0,-353000,-353000
2015/11/16,0,0,-353000,-353000
2015/11/17,0,0,-172000,-172000
2015/11/18,0,72000,-722000,-650000
2015/11/19,0,0,0,0
2015/11/20,0,0,-600000,-600000
2015/11/23,0,0,0,0
2015/11/24,0,106000,0,106000
2015/11/25,0,378000,0,378000
2015/11/26,0,0,0,0
2015/11/27,0,0,0,0
2015/11/30,0,150000,-30878,119122
2015/12/01,0,145000,-124,144876
2015/12/02,0,386000,-149000,237000
2015/12/03,0,0,0,0
2015/12/04,0,53000,0,53000
2015/12/07,0,100000,0,100000
2015/12/08,0,0,-600000,-600000
2015/12/09,0,100000,0,100000
2015/12/10,0,0,0,0
2015/12/11,0,163000,0,163000
2015/12/14,0,145000,-373,144627
2015/12/15,0,100000,0,100000
2015/12/16,0,70000,0,70000
2015/12/17,0,80000,0,80000
2015/12/18,0,148000,0,148000
2015/12/21,0,70000,0,70000
2015/12/22,0,80000,0,80000
2015/12/23,0,0,0,0
2015/12/24,0,0,0,0
2015/12/25,0,100000,0,100000
2015/12/28,0,50000,-5000,45000
2015/12/29,0,85000,-6000,79000
2015/12/30,0,190000,0,190000
2015/12/31,0,37000,0,37000
2016/01/01,0,0,0,0
2016/01/04,0,113000,0,113000
2016/01/05,0,189000,0,189000
2016/01/06,0,42000,0,42000
2016/01/07,0,120000,0,120000
2016/01/08,0,166000,0,166000
2016/01/11,0,20000,0,20000
2016/01/12,0,70000,0,70000
2016/01/13,0,0,0,0
2016/01/14,0,60000,0,60000
2016/01/15,0,0,-1000,-1000
2016/01/18,0,0,0,0
2016/01/19,0,0,0,0
2016/01/20,0,67000,-1000,66000
2016/01/21,0,0,0,0
2016/01/22,0,0,0,0
2016/01/25,0,0,0,0
2016/01/26,0,0,0,0
2016/01/27,0,0,0,0
2016/01/28,0,0,0,0
2016/01/29,0,20000,0,20000
2016/02/01,0,0,0,0
2016/02/02,0,0,0,0
2016/02/03,0,0,-18000,-18000
2016/02/04,0,0,0,0
2016/02/05,0,0,0,0
2016/02/08,0,0,0,0
2016/02/09,0,0,0,0
2016/02/10,0,0,0,0
2016/02/11,0,0,0,0
2016/02/12,0,0,0,0
2016/02/15,0,0,-180,-180
2016/02/16,0,0,0,0
2016/02/17,0,0,0,0
2016/02/18,0,0,0,0
2016/02/19,0,1000,0,1000
2016/02/22,0,0,0,0
2016/02/23,0,88000,0,88000
2016/02/24,0,0,0,0
2016/02/25,0,54000,0,54000
2016/02/26,0,71000,0,71000
2016/02/29,0,0,0,0
2016/03/01,0,19000,0,19000
2016/03/02,0,120000,-1000,119000
2016/03/03,0,25000,0,25000
2016/03/04,0,170000,0,170000
2016/03/07,0,10000,0,10000
2016/03/08,0,10000,-1000,9000
2016/03/09,0,380000,-90000,290000
2016/03/10,0,0,-185000,-185000
2016/03/11,0,42000,0,42000
2016/03/14,0,449000,0,449000
2016/03/15,0,0,-1000,-1000
2016/03/16,0,1205000,-206000,999000
2016/03/17,0,1579000,0,1579000
2016/03/18,0,5835000,-73000,5762000
2016/03/21,0,339000,0,339000
2016/03/22,0,130000,0,130000
2016/03/23,0,0,-44000,-44000
2016/03/24,0,50000,0,50000
2016/03/25,0,100000,-152000,-52000
2016/03/28,0,0,0,0
2016/03/29,0,0,0,0
2016/03/30,0,70000,0,70000
2016/03/31,0,0,0,0
2016/04/01,0,0,-42000,-42000
2016/04/04,0,0,0,0
2016/04/05,0,0,0,0
2016/04/06,0,0,0,0
2016/04/07,0,0,0,0
2016/04/08,0,0,-196000,-196000
2016/04/11,0,0,0,0
2016/04/12,0,0,-1000,-1000
2016/04/13,0,0,0,0
2016/04/14,0,0,0,0
2016/04/15,0,27000,0,27000
2016/04/18,0,160000,0,160000
2016/04/19,0,160000,0,160000
2016/04/20,0,127000,-84000,43000
2016/04/21,0,100000,0,100000
2016/04/22,0,0,0,0
2016/04/25,0,0,0,0
2016/04/26,0,30000,0,30000
2016/04/27,0,0,0,0
2016/04/28,0,0,0,0
2016/04/29,0,0,0,0
2016/05/02,0,0,0,0
2016/05/03,0,0,0,0
2016/05/04,0,0,0,0
2016/05/05,0,0,0,0
2016/05/06,0,0,0,0
2016/05/09,0,0,0,0
2016/05/10,0,0,-188,-188
2016/05/11,0,0,0,0
2016/05/12,0,0,0,0
2016/05/13,0,38000,0,38000
2016/05/16,0,200000,0,200000
2016/05/17,0,62000,0,62000
2016/05/18,0,38000,0,38000
2016/05/19,0,0,0,0
2016/05/20,0,19000,-65000,-46000
2016/05/23,0,0,-20000,-20000
2016/05/24,0,0,-141000,-141000
2016/05/25,0,0,-92000,-92000
2016/05/26,0,54000,-1000,53000
2016/05/27,0,0,-54000,-54000
2016/05/30,0,0,0,0
2016/05/31,0,0,0,0
2016/06/01,0,0,-30000,-30000
2016/06/02,0,0,-10000,-10000
2016/06/03,0,0,-15000,-15000
2016/06/06,0,0,-132000,-132000
2016/06/07,0,0,-40000,-40000
2016/06/08,0,0,0,0
2016/06/09,0,0,0,0
2016/06/10,0,0,0,0
2016/06/13,0,0,-17000,-17000
2016/06/14,0,0,0,0
2016/06/15,0,0,0,0
2016/06/16,0,0,-42000,-42000
2016/06/17,0,125000,0,125000
2016/06/20,0,0,0,0
2016/06/21,0,0,0,0
2016/06/22,0,0,0,0
2016/06/23,0,0,-131000,-131000
2016/06/24,0,0,-75000,-75000
2016/06/27,0,0,-60000,-60000
2016/06/28,0,1000,0,1000
2016/06/29,0,0,-30000,-30000
2016/06/30,0,0,-72000,-72000
2016/07/01,0,55000,0,55000
2016/07/04,0,30000,-60000,-30000
2016/07/05,0,0,0,0
2016/07/06,0,0,-81000,-81000
2016/07/07,0,0,0,0
2016/07/08,0,0,0,0
2016/07/11,0,29000,0,29000
2016/07/12,0,0,0,0
2016/07/13,0,0,0,0
2016/07/14,0,62000,-50000,12000
2016/07/15,0,0,0,0
2016/07/18,0,0,0,0
2016/07/19,0,25000,0,25000
2016/07/20,0,0,-13000,-13000
2016/07/21,0,0,-2000,-2000
2016/07/22,0,0,-1000,-1000
2016/07/25,0,25000,0,25000
2016/07/26,0,10000,0,10000
2016/07/27,0,0,0,0
2016/07/28,0,0,0,0
2016/07/29,0,1233,-1000,233
2016/08/01,0,0,0,0
2016/08/02,0,0,0,0
2016/08/03,0,0,-31000,-31000
2016/08/04,0,0,-234000,-234000
2016/08/05,0,0,-127000,-127000
2016/08/08,0,8000,-232000,-224000
2016/08/09,0,16000,-83000,-67000
2016/08/10,0,0,-81000,-81000
2016/08/11,0,130000,-211000,-81000
2016/08/12,0,28000,-367000,-339000
2016/08/15,0,27000,0,27000
2016/08/16,0,100000,-51000,49000
2016/08/17,0,9000,0,9000
2016/08/18,0,130000,0,130000
2016/08/19,0,0,0,0
2016/08/22,0,0,0,0
2016/08/23,0,10000,-15000,-5000
2016/08/24,0,0,-156000,-156000
2016/08/25,0,0,-135000,-135000
2016/08/26,0,0,-80000,-80000
2016/08/29,0,13000,-201000,-188000
2016/08/30,0,19000,-80000,-61000
2016/08/31,0,0,0,0
2016/09/01,0,0,-85000,-85000
2016/09/02,0,0,0,0
2016/09/05,0,0,0,0
2016/09/06,0,0,0,0
2016/09/07,0,0,0,0
2016/09/08,0,0,-1000,-1000
2016/09/09,0,285000,-115000,170000
2016/09/12,0,80000,-49000,31000
2016/09/13,0,190000,-238000,-48000
2016/09/14,0,320000,-1603000,-1283000
2016/09/15,0,0,0,0
2016/09/16,0,0,0,0
2016/09/19,0,270000,0,270000
2016/09/20,0,180000,0,180000
2016/09/21,0,100000,0,100000
2016/09/22,0,0,0,0
2016/09/23,0,0,0,0
2016/09/26,0,100000,0,100000
2016/09/27,0,0,0,0
2016/09/28,0,0,0,0
2016/09/29,0,100000,0,100000
2016/09/30,0,300000,-946,299054
2016/10/03,0,100000,0,100000
2016/10/04,0,90000,0,90000
2016/10/05,0,0,0,0
2016/10/06,0,0,0,0
2016/10/07,0,0,0,0
2016/10/10,0,0,0,0
2016/10/11,0,0,0,0
2016/10/12,0,0,0,0
2016/10/13,0,0,0,0
2016/10/14,0,430000,0,430000
2016/10/17,0,0,0,0
2016/10/18,0,22000,0,22000
2016/10/19,0,356000,0,356000
2016/10/20,0,0,-2000,-2000
2016/10/21,0,87000,-3000,84000
2016/10/24,0,10000,0,10000
2016/10/25,0,31000,-41000,-10000
2016/10/26,0,0,0,0
2016/10/27,0,0,0,0
2016/10/28,0,0,0,0
2016/10/31,0,22000,0,22000
2016/11/01,0,0,0,0
2016/11/02,0,124049,0,124049
2016/11/03,0,0,0,0
2016/11/04,0,34000,0,34000
2016/11/07,0,0,0,0
2016/11/08,0,52000,0,52000
2016/11/09,0,51000,0,51000
2016/11/10,0,0,-40000,-40000
2016/11/11,0,30000,-50000,-20000
2016/11/14,0,83000,-40000,43000
2016/11/15,0,4000,-32000,-28000
2016/11/16,0,34000,0,34000
2016/11/17,0,0,0,0
2016/11/18,0,20000,0,20000
2016/11/21,0,250000,0,250000
2016/11/22,0,62000,0,62000
2016/11/23,0,0,0,0
2016/11/24,0,160000,0,160000
2016/11/25,0,0,0,0
2016/11/28,0,0,0,0
2016/11/29,0,3000,0,3000
2016/11/30,0,0,0,0
2016/12/01,0,8000,-100000,-92000
2016/12/02,0,60000,0,60000
2016/12/05,0,0,-150000,-150000
2016/12/06,0,0,-100000,-100000
2016/12/07,0,0,0,0
2016/12/08,0,0,-100000,-100000
2016/12/09,0,0,-60000,-60000
2016/12/12,0,0,0,0
2016/12/13,0,0,0,0
2016/12/14,0,0,0,0
2016/12/15,0,0,0,0
2016/12/16,0,0,0,0
2016/12/19,0,0,0,0
2016/12/20,0,0,0,0
2016/12/21,0,0,-550000,-550000
2016/12/22,0,0,0,0
2016/12/23,0,0,0,0
2016/12/26,0,0,0,0
2016/12/27,0,0,0,0
2016/12/28,0,0,0,0
2016/12/29,0,0,0,0
2016/12/30,0,0,0,0
2017/01/02,0,0,0,0
2017/01/03,0,0,0,0
2017/01/04,0,0,0,0
2017/01/05,0,4000,0,4000
2017/01/06,0,0,-204000,-204000
2017/01/09,0,0,0,0
2017/01/10,0,0,0,0
2017/01/11,0,0,0,0
2017/01/12,0,0,-80000,-80000
2017/01/13,0,2000,0,2000
2017/01/16,0,0,0,0
2017/01/17,0,0,-140000,-140000
2017/01/18,0,0,-130000,-130000
2017/01/19,0,0,0,0
2017/01/20,0,0,-120000,-120000
2017/01/23,0,8148,-20000,-11852
2017/01/24,0,0,-216000,-216000
2017/01/25,0,0,0,0
2017/01/26,0,0,0,0
2017/01/27,0,0,0,0
2017/01/30,0,0,0,0
2017/01/31,0,0,0,0
2017/02/01,0,0,0,0
2017/02/02,0,0,-85000,-85000
2017/02/03,0,3000,-220000,-217000
2017/02/06,0,0,-20000,-20000
2017/02/07,0,0,-20000,-20000
2017/02/08,0,0,-20000,-20000
2017/02/09,0,0,-77000,-77000
2017/02/10,0,0,-31000,-31000
2017/02/13,0,0,0,0
2017/02/14,0,0,0,0
2017/02/15,0,0,0,0
2017/02/16,0,0,0,0
2017/02/17,0,0,0,0
2017/02/20,0,0,0,0
2017/02/21,0,0,0,0
2017/02/22,0,0,0,0
2017/02/23,0,0,0,0
2017/02/24,0,0,0,0
2017/02/27,0,0,0,0
2017/02/28,0,0,0,0
2017/03/01,0,0,0,0
2017/03/02,0,0,-128000,-128000
2017/03/03,0,0,-150000,-150000
2017/03/06,0,0,-138000,-138000
2017/03/07,0,0,-83000,-83000
2017/03/08,0,0,-120000,-120000
2017/03/09,0,0,0,0
2017/03/10,0,0,0,0
2017/03/13,0,0,0,0
2017/03/14,0,0,0,0
2017/03/15,0,0,0,0
2017/03/16,0,0,0,0
2017/03/17,0,74000,-115000,-41000
2017/03/20,0,47000,-101000,-54000
2017/03/21,0,0,-100000,-100000
2017/03/22,0,0,-301000,-301000
2017/03/23,0,100000,0,100000
2017/03/24,0,100000,0,100000
2017/03/27,0,100000,0,100000
2017/03/28,0,0,-320000,-320000
2017/03/29,0,0,-120000,-120000
2017/03/30,0,0,-100000,-100000
2017/03/31,0,30000,-100000,-70000
2017/04/03,0,0,0,0
2017/04/04,0,0,0,0
2017/04/05,0,0,-100000,-100000
2017/04/06,0,100000,0,100000
2017/04/07,0,0,-136000,-136000
2017/04/10,0,0,-190000,-190000
2017/04/11,0,0,-180000,-180000
2017/04/12,0,0,-100000,-100000
2017/04/13,0,0,-150000,-150000
2017/04/14,0,0,-1000,-1000
2017/04/17,0,0,0,0
2017/04/18,0,0,0,0
2017/04/19,0,0,0,0
2017/04/20,0,0,0,0
2017/04/21,0,0,0,0
2017/04/24,0,0,0,0
2017/04/25,0,36,0,36
2017/04/26,0,0,0,0
2017/04/27,0,0,0,0
2017/04/28,0,0,-198000,-198000
2017/05/01,0,0,0,0
2017/05/02,0,0,0,0
2017/05/03,0,0,-100000,-100000
2017/05/04,0,0,0,0
2017/05/05,0,0,-138000,-138000
2017/05/08,0,0,0,0
2017/05/09,0,0,0,0
2017/05/10,0,0,0,0
2017/05/11,0,0,0,0
2017/05/12,0,0,0,0
2017/05/15,0,30000,0,30000
2017/05/16,0,88000,0,88000
2017/05/17,0,0,0,0
2017/05/18,0,0,-1000,-1000
2017/05/19,0,0,-30000,-30000
2017/05/22,0,0,0,0
2017/05/23,0,0,0,0
2017/05/24,0,0,0,0
2017/05/25,0,0,-1000,-1000
2017/05/26,0,0,-4000,-4000
2017/05/29,0,0,0,0
2017/05/30,0,0,0,0
2017/05/31,0,0,0,0
2017/06/01,0,305000,0,305000
2017/06/02,0,180000,-3000,177000
2017/06/05,0,0,-12000,-12000
2017/06/06,0,100000,-17000,83000
2017/06/07,0,0,-31000,-31000
2017/06/08,0,0,0,0
2017/06/09,0,0,-2000,-2000
2017/06/12,0,0,0,0
2017/06/13,0,0,0,0
2017/06/14,0,0,0,0
2017/06/15,0,0,-234000,-234000
2017/06/16,0,0,-572000,-572000
2017/06/19,0,164000,-1000,163000
2017/06/20,0,0,-3000,-3000
2017/06/21,0,5000,0,5000
2017/06/22,0,0,0,0
2017/06/23,0,0,0,0
2017/06/26,0,0,-1000,-1000
2017/06/27,0,0,-1000,-1000
2017/06/28,0,0,0,0
2017/06/29,0,0,0,0
2017/06/30,0,0,0,0
2017/07/03,0,0,0,0
2017/07/04,0,0,-1000,-1000
2017/07/05,0,0,0,0
2017/07/06,0,0,0,0
2017/07/07,0,0,0,0
2017/07/10,0,0,-1000,-1000
2017/07/11,0,0,0,0
2017/07/12,0,0,-1000,-1000
2017/07/13,0,0,-2000,-2000
2017/07/14,0,0,-1000,-1000
2017/07/17,0,157,0,157
2017/07/18,0,2000,0,2000
2017/07/19,0,0,0,0
2017/07/20,0,0,0,0
2017/07/21,0,121000,0,121000
2017/07/24,0,0,0,0
2017/07/25,0,0,0,0
2017/07/26,0,0,0,0
2017/07/27,0,0,-13000,-13000
2017/07/28,0,0,-50000,-50000
2017/07/31,0,0,-102000,-102000
2017/08/01,0,0,-126000,-126000
2017/08/02,0,120000,-51000,69000
2017/08/03,0,0,-25000,-25000
2017/08/04,0,2000,-25000,-23000
2017/08/07,0,8000,0,8000
2017/08/08,0,0,-334000,-334000
2017/08/09,0,16000,-282000,-266000
2017/08/10,0,10000,-45000,-35000
2017/08/11,0,1000,-31000,-30000
2017/08/14,0,0,0,0
2017/08/15,0,120000,-257000,-137000
2017/08/16,0,14000,-66000,-52000
2017/08/17,0,0,0,0
2017/08/18,0,0,0,0
