Date,Open,Buy,Sell,Total
2007/04/23,0,100000,-91000,9000
2007/04/24,0,61000,-33000,28000
2007/04/25,0,0,-185000,-185000
2007/04/26,0,0,-124000,-124000
2007/04/27,0,0,-153000,-153000
2007/04/30,0,30000,-456000,-426000
2007/05/01,0,0,0,0
2007/05/02,0,70000,-76000,-6000
2007/05/03,0,0,-65000,-65000
2007/05/04,0,18000,-40000,-22000
2007/05/07,0,107000,-20000,87000
2007/05/08,0,5000,-5000,0
2007/05/09,0,0,-101000,-101000
2007/05/10,0,54000,-55000,-1000
2007/05/11,0,10000,-135000,-125000
2007/05/14,0,0,-45000,-45000
2007/05/15,0,0,-20000,-20000
2007/05/16,0,3000,-4000,-1000
2007/05/17,0,0,0,0
2007/05/18,0,0,0,0
2007/05/21,0,0,-1000,-1000
2007/05/22,0,250000,-71000,179000
2007/05/23,0,0,-7000,-7000
2007/05/24,0,0,-12000,-12000
2007/05/25,0,0,-6000,-6000
2007/05/28,0,0,-80000,-80000
2007/05/29,0,70000,-290000,-220000
2007/05/30,0,2000,-409000,-407000
2007/05/31,0,0,0,0
2007/06/01,0,0,0,0
2007/06/04,0,1000,-10000,-9000
2007/06/05,0,62000,-13000,49000
2007/06/06,0,0,-15000,-15000
2007/06/07,0,9000,0,9000
2007/06/08,0,1000,-2000,-1000
2007/06/11,0,0,-2000,-2000
2007/06/12,0,1000,-5000,-4000
2007/06/13,0,0,-12000,-12000
2007/06/14,0,0,-4000,-4000
2007/06/15,0,0,-4000,-4000
2007/06/18,0,0,0,0
2007/06/19,0,0,0,0
2007/06/20,0,24000,-18000,6000
2007/06/21,0,1000,-5000,-4000
2007/06/22,0,0,-10000,-10000
2007/06/25,0,8000,-10000,-2000
2007/06/26,0,599000,-15000,584000
2007/06/27,0,267000,-155000,112000
2007/06/28,0,631000,0,631000
2007/06/29,0,241000,-10000,231000
2007/07/02,0,186000,-97000,89000
2007/07/03,0,115000,-16000,99000
2007/07/04,0,33000,-35000,-2000
2007/07/05,0,35000,0,35000
2007/07/06,0,8000,0,8000
2007/07/09,0,12000,0,12000
2007/07/10,0,5000,-25000,-20000
2007/07/11,0,0,-25000,-25000
2007/07/12,0,152000,-12000,140000
2007/07/13,0,16000,-59000,-43000
2007/07/16,0,0,-62000,-62000
2007/07/17,0,105000,-6000,99000
2007/07/18,0,91000,0,91000
2007/07/19,0,777000,-456000,321000
2007/07/20,0,150000,-110000,40000
2007/07/23,0,50000,0,50000
2007/07/24,0,81000,-90000,-9000
2007/07/25,0,194000,-192000,2000
2007/07/26,0,43000,-305000,-262000
2007/07/27,0,0,-148000,-148000
2007/07/30,0,66000,-24000,42000
2007/07/31,0,505000,-2000,503000
2007/08/01,0,183000,-24000,159000
2007/08/02,0,11000,-280000,-269000
2007/08/03,0,18000,-53000,-35000
2007/08/06,0,0,-143000,-143000
2007/08/07,0,30000,-523000,-493000
2007/08/08,0,46000,-12000,34000
2007/08/09,0,4000,-4000,0
2007/08/10,0,0,-36000,-36000
2007/08/13,0,17000,-10000,7000
2007/08/14,0,56000,-15000,41000
2007/08/15,0,6000,-549000,-543000
2007/08/16,0,27000,-621000,-594000
2007/08/17,0,18000,-505000,-487000
2007/08/20,0,192000,-122000,70000
2007/08/21,0,0,-1000,-1000
2007/08/22,0,30000,0,30000
2007/08/23,0,1000,-30000,-29000
2007/08/24,0,0,-2000,-2000
2007/08/27,0,0,-19000,-19000
2007/08/28,0,0,0,0
2007/08/29,0,0,-80000,-80000
2007/08/30,0,0,0,0
2007/08/31,0,311000,0,311000
2007/09/03,0,1000,0,1000
2007/09/04,0,2000,0,2000
2007/09/05,0,15000,-1000,14000
2007/09/06,0,0,-3000,-3000
2007/09/07,0,0,0,0
2007/09/10,0,20000,-91000,-71000
2007/09/11,0,2000,-30000,-28000
2007/09/12,0,5000,0,5000
2007/09/13,0,9000,-48000,-39000
2007/09/14,0,3000,-21000,-18000
2007/09/17,0,0,-2000,-2000
2007/09/18,0,0,0,0
2007/09/19,0,19000,-80000,-61000
2007/09/20,0,38000,-19000,19000
2007/09/21,0,18000,-21000,-3000
2007/09/24,0,0,0,0
2007/09/25,0,0,0,0
2007/09/26,0,0,0,0
2007/09/27,0,13000,0,13000
2007/09/28,0,21000,-7000,14000
2007/10/01,0,30000,-1000,29000
2007/10/02,0,5000,0,5000
2007/10/03,0,5000,0,5000
2007/10/04,0,111000,0,111000
2007/10/05,0,0,0,0
2007/10/08,0,30000,-2000,28000
2007/10/09,0,167000,-13000,154000
2007/10/10,0,0,0,0
2007/10/11,0,19000,0,19000
2007/10/12,0,25000,-4000,21000
2007/10/15,0,0,-8000,-8000
2007/10/16,0,0,-15000,-15000
2007/10/17,0,5000,-4000,1000
2007/10/18,0,0,0,0
2007/10/19,0,4000,-6000,-2000
2007/10/22,0,0,-21000,-21000
2007/10/23,0,0,-1000,-1000
2007/10/24,0,9000,-2000,7000
2007/10/25,0,6000,0,6000
2007/10/26,0,287000,-185000,102000
2007/10/29,0,7000,0,7000
2007/10/30,0,4000,-1000,3000
2007/10/31,0,11000,0,11000
2007/11/01,0,5000,-1000,4000
2007/11/02,0,0,-318000,-318000
2007/11/05,0,0,-92000,-92000
2007/11/06,0,9000,-28000,-19000
2007/11/07,0,0,-40000,-40000
2007/11/08,0,0,-331000,-331000
2007/11/09,0,25000,-69000,-44000
2007/11/12,0,4000,-139000,-135000
2007/11/13,0,19000,-53000,-34000
2007/11/14,0,1000,-20000,-19000
2007/11/15,0,19000,-10000,9000
2007/11/16,0,2000,-10000,-8000
2007/11/19,0,4000,-5000,-1000
2007/11/20,0,10000,-79000,-69000
2007/11/21,0,21000,-3000,18000
2007/11/22,0,0,-3000,-3000
2007/11/23,0,0,-49000,-49000
2007/11/26,0,2000,0,2000
2007/11/27,0,25000,-22000,3000
2007/11/28,0,16000,-12000,4000
2007/11/29,0,12000,-15000,-3000
2007/11/30,0,5000,0,5000
2007/12/03,0,17000,0,17000
2007/12/04,0,0,0,0
2007/12/05,0,0,-4000,-4000
2007/12/06,0,10000,-10000,0
2007/12/07,0,4000,-5000,-1000
2007/12/10,0,2000,-27000,-25000
2007/12/11,0,4000,0,4000
2007/12/12,0,3000,-22000,-19000
2007/12/13,0,1000,-1000,0
2007/12/14,0,6000,-29000,-23000
2007/12/17,0,0,-17000,-17000
2007/12/18,0,23000,-6000,17000
2007/12/19,0,21000,-22000,-1000
2007/12/20,0,0,-29000,-29000
2007/12/21,0,18000,-2000,16000
2007/12/24,0,4000,-3000,1000
2007/12/25,0,0,-30000,-30000
2007/12/26,0,0,-2505,-2505
2007/12/27,0,9000,-20000,-11000
2007/12/28,0,1000,-18000,-17000
2007/12/31,0,1000,0,1000
2008/01/01,0,0,0,0
2008/01/02,0,0,-3000,-3000
2008/01/03,0,38000,0,38000
2008/01/04,0,19000,-15000,4000
2008/01/07,0,28000,-6000,22000
2008/01/08,0,141000,-15000,126000
2008/01/09,0,40000,-25000,15000
2008/01/10,0,7000,-17000,-10000
2008/01/11,0,0,-1000,-1000
2008/01/14,0,15000,0,15000
2008/01/15,0,23000,0,23000
2008/01/16,0,32000,-19000,13000
2008/01/17,0,3000,0,3000
2008/01/18,0,27000,-32000,-5000
2008/01/21,0,1000,-2000,-1000
2008/01/22,0,0,-2000,-2000
2008/01/23,0,11000,0,11000
2008/01/24,0,24000,-32000,-8000
2008/01/25,0,7000,-8000,-1000
2008/01/28,0,3000,-20000,-17000
2008/01/29,0,3000,0,3000
2008/01/30,0,23000,-4000,19000
2008/01/31,0,4000,-3000,1000
2008/02/01,0,1000,-3478,-2478
2008/02/04,0,0,0,0
2008/02/05,0,0,0,0
2008/02/06,0,0,0,0
2008/02/07,0,0,0,0
2008/02/08,0,0,0,0
2008/02/11,0,0,0,0
2008/02/12,0,3000,-8000,-5000
2008/02/13,0,0,-5000,-5000
2008/02/14,0,11000,0,11000
2008/02/15,0,11000,0,11000
2008/02/18,0,2000,-7000,-5000
2008/02/19,0,0,0,0
2008/02/20,0,0,-1000,-1000
2008/02/21,0,1000,-8000,-7000
2008/02/22,0,0,-9000,-9000
2008/02/25,0,0,-1000,-1000
2008/02/26,0,0,-30000,-30000
2008/02/27,0,0,-15000,-15000
2008/02/28,0,0,0,0
2008/02/29,0,1000,-9000,-8000
2008/03/03,0,5000,-3000,2000
2008/03/04,0,25000,-142000,-117000
2008/03/05,0,17000,-5000,12000
2008/03/06,0,6000,-16000,-10000
2008/03/07,0,9000,-4000,5000
2008/03/10,0,9000,0,9000
2008/03/11,0,18000,-5000,13000
2008/03/12,0,9000,-1000,8000
2008/03/13,0,22000,-1000,21000
2008/03/14,0,0,-20000,-20000
2008/03/17,0,1000,-7000,-6000
2008/03/18,0,0,0,0
2008/03/19,0,0,-12000,-12000
2008/03/20,0,0,-32000,-32000
2008/03/21,0,0,-16000,-16000
2008/03/24,0,14000,-22000,-8000
2008/03/25,0,14000,-6000,8000
2008/03/26,0,3000,-3000,0
2008/03/27,0,81000,-18000,63000
2008/03/28,0,16000,-1000,15000
2008/03/31,0,0,-39000,-39000
2008/04/01,0,3000,-8000,-5000
2008/04/02,0,0,-4000,-4000
2008/04/03,0,0,0,0
2008/04/04,0,0,0,0
2008/04/07,0,18000,0,18000
2008/04/08,0,5000,-7000,-2000
2008/04/09,0,15000,-4000,11000
2008/04/10,0,2000,-1000,1000
2008/04/11,0,12000,-9000,3000
2008/04/14,0,50000,0,50000
2008/04/15,0,5000,-26000,-21000
2008/04/16,0,0,-15000,-15000
2008/04/17,0,23000,-2000,21000
2008/04/18,0,5000,0,5000
2008/04/21,0,59000,-1000,58000
2008/04/22,0,3000,0,3000
2008/04/23,0,3000,-2000,1000
2008/04/24,0,4000,-21000,-17000
2008/04/25,0,5000,0,5000
2008/04/28,0,34000,0,34000
2008/04/29,0,26000,0,26000
2008/04/30,0,7000,-1000,6000
2008/05/01,0,0,0,0
2008/05/02,0,84000,0,84000
2008/05/05,0,3000,-1000,2000
2008/05/06,0,17000,-2000,15000
2008/05/07,0,18000,-1000,17000
2008/05/08,0,4000,-19000,-15000
2008/05/09,0,6000,-9000,-3000
2008/05/12,0,9000,-1000,8000
2008/05/13,0,11000,0,11000
2008/05/14,0,11000,-20000,-9000
2008/05/15,0,16000,-2000,14000
2008/05/16,0,3000,0,3000
2008/05/19,0,12000,0,12000
2008/05/20,0,31000,0,31000
2008/05/21,0,1000,0,1000
2008/05/22,0,2000,0,2000
2008/05/23,0,893000,-40000,853000
2008/05/26,0,8000,-5000,3000
2008/05/27,0,20000,-100000,-80000
2008/05/28,0,0,0,0
2008/05/29,0,14000,-180000,-166000
2008/05/30,0,0,-156000,-156000
2008/06/02,0,3000,0,3000
2008/06/03,0,0,0,0
2008/06/04,0,0,0,0
2008/06/05,0,18000,-104000,-86000
2008/06/06,0,4000,0,4000
2008/06/09,0,0,-320000,-320000
2008/06/10,0,0,-6000,-6000
2008/06/11,0,32000,-21000,11000
2008/06/12,0,6000,-41000,-35000
2008/06/13,0,3000,-58000,-55000
2008/06/16,0,7000,-11000,-4000
2008/06/17,0,1000,-5000,-4000
2008/06/18,0,0,-5000,-5000
2008/06/19,0,0,-37000,-37000
2008/06/20,0,23000,-25000,-2000
2008/06/23,0,34000,0,34000
2008/06/24,0,3000,-21000,-18000
2008/06/25,0,19000,0,19000
2008/06/26,0,0,0,0
2008/06/27,0,21000,-20000,1000
2008/06/30,0,5000,-25000,-20000
2008/07/01,0,29000,-4000,25000
2008/07/02,0,16000,0,16000
2008/07/03,0,22000,-1000,21000
2008/07/04,0,0,-5000,-5000
2008/07/07,0,0,-9000,-9000
2008/07/08,0,0,-69000,-69000
2008/07/09,0,4000,-84000,-80000
2008/07/10,0,5000,0,5000
2008/07/11,0,3000,-10000,-7000
2008/07/14,0,7000,0,7000
2008/07/15,0,0,-47000,-47000
2008/07/16,0,7000,-114000,-107000
2008/07/17,0,0,-7000,-7000
2008/07/18,0,7000,-13000,-6000
2008/07/21,0,21000,-19000,2000
2008/07/22,0,35000,-2000,33000
2008/07/23,0,12000,0,12000
2008/07/24,0,3000,-5000,-2000
2008/07/25,0,4000,0,4000
2008/07/28,0,0,0,0
2008/07/29,0,14000,-7000,7000
2008/07/30,0,3000,-8000,-5000
2008/07/31,0,11000,0,11000
2008/08/01,0,10000,-1000,9000
2008/08/04,0,4000,-21000,-17000
2008/08/05,0,21000,-5000,16000
2008/08/06,0,15000,0,15000
2008/08/07,0,1000,-9000,-8000
2008/08/08,0,7000,0,7000
2008/08/11,0,0,0,0
2008/08/12,0,0,-1000,-1000
2008/08/13,0,0,-7000,-7000
2008/08/14,0,1000,0,1000
2008/08/15,0,11000,-8000,3000
2008/08/18,0,10000,-13000,-3000
2008/08/19,0,0,-6000,-6000
2008/08/20,0,0,-8000,-8000
2008/08/21,0,0,-34000,-34000
2008/08/22,0,1000,-11000,-10000
2008/08/25,0,24000,0,24000
2008/08/26,0,60000,0,60000
2008/08/27,0,35000,-11000,24000
2008/08/28,0,106000,-85000,21000
2008/08/29,0,461000,-40000,421000
2008/09/01,0,300000,0,300000
2008/09/02,0,19000,-5000,14000
2008/09/03,0,13000,-2000,11000
2008/09/04,0,16000,-15000,1000
2008/09/05,0,264000,0,264000
2008/09/08,0,0,-167000,-167000
2008/09/09,0,4000,-20000,-16000
2008/09/10,0,14000,0,14000
2008/09/11,0,3000,-17000,-14000
2008/09/12,0,14000,-180000,-166000
2008/09/15,0,0,-17012,-17012
2008/09/16,0,84000,-5000,79000
2008/09/17,0,10000,-126000,-116000
2008/09/18,0,3000,-4000,-1000
2008/09/19,0,0,-319000,-319000
2008/09/22,0,18000,-81000,-63000
2008/09/23,0,17000,-25000,-8000
2008/09/24,0,10000,-100000,-90000
2008/09/25,0,16000,-16000,0
2008/09/26,0,8000,-16000,-8000
2008/09/29,0,0,0,0
2008/09/30,0,13000,-11000,2000
2008/10/01,0,3000,-10000,-7000
2008/10/02,0,0,-8000,-8000
2008/10/03,0,0,-10000,-10000
2008/10/06,0,20000,0,20000
2008/10/07,0,16000,-151000,-135000
2008/10/08,0,1000,-16000,-15000
2008/10/09,0,16000,-214000,-198000
2008/10/10,0,0,0,0
2008/10/13,0,0,0,0
2008/10/14,0,6000,-13020,-7020
2008/10/15,0,0,-12000,-12000
2008/10/16,0,0,0,0
2008/10/17,0,16000,0,16000
2008/10/20,0,0,-4000,-4000
2008/10/21,0,1000,-1000,0
2008/10/22,0,2000,-15024,-13024
2008/10/23,0,0,0,0
2008/10/24,0,16000,0,16000
2008/10/27,0,16000,-16000,0
2008/10/28,0,0,-16000,-16000
2008/10/29,0,0,0,0
2008/10/30,0,1000,0,1000
2008/10/31,0,17000,-1000,16000
2008/11/03,0,10000,-16000,-6000
2008/11/04,0,26000,-6000,20000
2008/11/05,0,71000,-3000,68000
2008/11/06,0,23000,-13000,10000
2008/11/07,0,15000,-31000,-16000
2008/11/10,0,48000,-14000,34000
2008/11/11,0,18000,-15000,3000
2008/11/12,0,9000,-13000,-4000
2008/11/13,0,7000,-3000,4000
2008/11/14,0,4000,-7000,-3000
2008/11/17,0,7000,-16000,-9000
2008/11/18,0,16000,-4000,12000
2008/11/19,0,3000,-19000,-16000
2008/11/20,0,0,-117000,-117000
2008/11/21,0,2000,0,2000
2008/11/24,0,15000,-318,14682
2008/11/25,0,180000,0,180000
2008/11/26,0,480000,0,480000
2008/11/27,0,300000,-130000,170000
2008/11/28,0,287000,-17000,270000
2008/12/01,0,326000,0,326000
2008/12/02,0,69000,-12000,57000
2008/12/03,0,137000,-37048,99952
2008/12/04,0,12000,-25000,-13000
2008/12/05,0,0,-1000,-1000
2008/12/08,0,99000,0,99000
2008/12/09,0,4000,-262000,-258000
2008/12/10,0,8000,-261000,-253000
2008/12/11,0,2000,-7000,-5000
2008/12/12,0,3000,-17000,-14000
2008/12/15,0,16000,-11000,5000
2008/12/16,0,0,-6000,-6000
2008/12/17,0,0,-5000,-5000
2008/12/18,0,0,0,0
2008/12/19,0,0,-2000,-2000
2008/12/22,0,5000,-5000,0
2008/12/23,0,17000,-5000,12000
2008/12/24,0,39000,-10000,29000
2008/12/25,0,0,-2000,-2000
2008/12/26,0,10000,0,10000
2008/12/29,0,0,0,0
2008/12/30,0,41000,-133,40867
2008/12/31,0,743000,-2000,741000
2009/01/01,0,0,0,0
2009/01/02,0,0,0,0
2009/01/05,0,144000,0,144000
2009/01/06,0,161000,0,161000
2009/01/07,0,100000,-44000,56000
2009/01/08,0,60000,-1000,59000
2009/01/09,0,30000,-6000,24000
2009/01/12,0,5000,0,5000
2009/01/13,0,0,0,0
2009/01/14,0,10000,-30000,-20000
2009/01/15,0,0,-11000,-11000
2009/01/16,0,0,0,0
2009/01/19,0,0,-10000,-10000
2009/01/20,0,629000,0,629000
2009/01/21,0,0,-17000,-17000
2009/01/22,0,0,0,0
2009/01/23,0,0,0,0
2009/01/26,0,0,0,0
2009/01/27,0,0,0,0
2009/01/28,0,0,0,0
2009/01/29,0,0,0,0
2009/01/30,0,0,0,0
2009/02/02,0,10000,0,10000
2009/02/03,0,107000,-6000,101000
2009/02/04,0,0,0,0
2009/02/05,0,446000,-50000,396000
2009/02/06,0,243000,0,243000
2009/02/09,0,358000,-4000,354000
2009/02/10,0,42000,-28000,14000
2009/02/11,0,0,-30000,-30000
2009/02/12,0,26000,0,26000
2009/02/13,0,1000,-101000,-100000
2009/02/16,0,0,-1000,-1000
2009/02/17,0,0,-13000,-13000
2009/02/18,0,3000,-10000,-7000
2009/02/19,0,10000,-4000,6000
2009/02/20,0,1000,-317242,-316242
2009/02/23,0,9000,-451000,-442000
2009/02/24,0,0,0,0
2009/02/25,0,50000,-140,49860
2009/02/26,0,51000,-35000,16000
2009/02/27,0,12000,-246000,-234000
2009/03/02,0,220000,-3000,217000
2009/03/03,0,7000,-430000,-423000
2009/03/04,0,0,-105000,-105000
2009/03/05,0,2000,-1000,1000
2009/03/06,0,2000,0,2000
2009/03/09,0,7000,-14000,-7000
2009/03/10,0,7000,-12000,-5000
2009/03/11,0,7000,-1000,6000
2009/03/12,0,11000,-16000,-5000
2009/03/13,0,35000,0,35000
2009/03/16,0,610000,0,610000
2009/03/17,0,12000,-12000,0
2009/03/18,0,1000,-30000,-29000
2009/03/19,0,0,0,0
2009/03/20,0,17000,-21000,-4000
2009/03/23,0,36000,-3000,33000
2009/03/24,0,1310000,0,1310000
2009/03/25,0,32000,-9000,23000
2009/03/26,0,43000,-7000,36000
2009/03/27,0,100000,-96000,4000
2009/03/30,0,0,-8000,-8000
2009/03/31,0,7000,-210000,-203000
2009/04/01,0,222000,-11000,211000
2009/04/02,0,437000,-58000,379000
2009/04/03,0,30000,-54000,-24000
2009/04/06,0,345000,-201000,144000
2009/04/07,0,50000,-602000,-552000
2009/04/08,0,16000,-39000,-23000
2009/04/09,0,7000,-151000,-144000
2009/04/10,0,477000,-2012000,-1535000
2009/04/13,0,528000,-318000,210000
2009/04/14,0,0,-354000,-354000
2009/04/15,0,0,-41000,-41000
2009/04/16,0,48000,-8000,40000
2009/04/17,0,20000,-1346000,-1326000
2009/04/20,0,167000,-502000,-335000
2009/04/21,0,19000,-9000,10000
2009/04/22,0,0,-41750,-41750
2009/04/23,0,100000,-37000,63000
2009/04/24,0,134000,-24000,110000
2009/04/27,0,42000,0,42000
2009/04/28,0,13000,-11000,2000
2009/04/29,0,30000,0,30000
2009/04/30,0,215000,-210000,5000
2009/05/01,0,0,0,0
2009/05/04,0,100000,-250000,-150000
2009/05/05,0,53000,-3000,50000
2009/05/06,0,66000,-6000,60000
2009/05/07,0,262000,-45000,217000
2009/05/08,0,34000,-24000,10000
2009/05/11,0,5000,-22559,-17559
2009/05/12,0,11000,-403000,-392000
2009/05/13,0,0,-270000,-270000
2009/05/14,0,0,-21000,-21000
2009/05/15,0,3000,-41000,-38000
2009/05/18,0,0,-27000,-27000
2009/05/19,0,5000,-115000,-110000
2009/05/20,0,1000,-13000,-12000
2009/05/21,0,286000,-31000,255000
2009/05/22,0,0,-11000,-11000
2009/05/25,0,0,-451000,-451000
2009/05/26,0,31000,-506000,-475000
2009/05/27,0,253000,-511000,-258000
2009/05/28,0,0,0,0
2009/05/29,0,0,0,0
2009/06/01,0,94000,-404000,-310000
2009/06/02,0,35000,-2041,32959
2009/06/03,0,25000,-32000,-7000
2009/06/04,0,65000,-52000,13000
2009/06/05,0,0,-292000,-292000
2009/06/08,0,11000,-238000,-227000
2009/06/09,0,111000,-78000,33000
2009/06/10,0,18000,-15000,3000
2009/06/11,0,113000,-39000,74000
2009/06/12,0,83000,-76000,7000
2009/06/15,0,53000,-14000,39000
2009/06/16,0,9000,-29253,-20253
2009/06/17,0,65000,0,65000
2009/06/18,0,1000,-17000,-16000
2009/06/19,0,7000,-158000,-151000
2009/06/22,0,15000,-116000,-101000
2009/06/23,0,0,-124000,-124000
2009/06/24,0,230000,-95250,134750
2009/06/25,0,239000,-10000,229000
2009/06/26,0,200000,-3000,197000
2009/06/29,0,286000,-13000,273000
2009/06/30,0,165000,-2000,163000
2009/07/01,0,175000,-15000,160000
2009/07/02,0,114000,0,114000
2009/07/03,0,305000,-9000,296000
2009/07/06,0,32000,-20000,12000
2009/07/07,0,17248,-20000,-2752
2009/07/08,0,21000,-170000,-149000
2009/07/09,0,282000,-15000,267000
2009/07/10,0,96000,-123000,-27000
2009/07/13,0,114000,-38000,76000
2009/07/14,0,290000,-353245,-63245
2009/07/15,0,306635,-83000,223635
2009/07/16,0,437000,-421000,16000
2009/07/17,0,222000,-300000,-78000
2009/07/20,0,249000,-354000,-105000
2009/07/21,0,58000,-105000,-47000
2009/07/22,0,45000,-73000,-28000
2009/07/23,0,56000,-455000,-399000
2009/07/24,0,160306,-191000,-30694
2009/07/27,0,18000,-175000,-157000
2009/07/28,0,34000,-506000,-472000
2009/07/29,0,84000,-284000,-200000
2009/07/30,0,24000,-46000,-22000
2009/07/31,0,1000,-21000,-20000
2009/08/03,0,50935,-50000,935
2009/08/04,0,100000,-20000,80000
2009/08/05,0,0,-31003,-31003
2009/08/06,0,0,-151168,-151168
2009/08/07,0,0,0,0
2009/08/10,0,0,-120000,-120000
2009/08/11,0,10000,-3000,7000
2009/08/12,0,0,-3000,-3000
2009/08/13,0,0,-4000,-4000
2009/08/14,0,0,-3000,-3000
2009/08/17,0,0,-20000,-20000
2009/08/18,0,5000,-70000,-65000
2009/08/19,0,34000,-109000,-75000
2009/08/20,0,116000,-26000,90000
2009/08/21,0,0,-198000,-198000
2009/08/24,0,110000,-2155,107845
2009/08/25,0,69000,-3000,66000
2009/08/26,0,76000,-170000,-94000
2009/08/27,0,0,-11000,-11000
2009/08/28,0,0,-30000,-30000
2009/08/31,0,50000,-27000,23000
2009/09/01,0,110000,-5000,105000
2009/09/02,0,580000,0,580000
2009/09/03,0,108000,-30000,78000
2009/09/04,0,13000,-22000,-9000
2009/09/07,0,19000,-31000,-12000
2009/09/08,0,40000,-20000,20000
2009/09/09,0,148000,-163000,-15000
2009/09/10,0,136000,-719000,-583000
2009/09/11,0,71000,-134000,-63000
2009/09/14,0,0,-113000,-113000
2009/09/15,0,0,-49000,-49000
2009/09/16,0,7000,-19000,-12000
2009/09/17,0,4000,0,4000
2009/09/18,0,54000,-20000,34000
2009/09/21,0,70000,-65000,5000
2009/09/22,0,99000,-5000,94000
2009/09/23,0,197000,-113000,84000
2009/09/24,0,50000,-49000,1000
2009/09/25,0,0,-3000,-3000
2009/09/28,0,84000,-750,83250
2009/09/29,0,6000,-18000,-12000
2009/09/30,0,30000,-171000,-141000
2009/10/01,0,0,-23000,-23000
2009/10/02,0,0,-238000,-238000
2009/10/05,0,1000,-17000,-16000
2009/10/06,0,1000,-24000,-23000
2009/10/07,0,12000,-15000,-3000
2009/10/08,0,0,-5000,-5000
2009/10/09,0,0,-26000,-26000
2009/10/12,0,111000,-29000,82000
2009/10/13,0,0,-6000,-6000
2009/10/14,0,137000,0,137000
2009/10/15,0,347000,-201000,146000
2009/10/16,0,430000,-81000,349000
2009/10/19,0,180000,-7000,173000
2009/10/20,0,211000,0,211000
2009/10/21,0,0,-2000,-2000
2009/10/22,0,114000,0,114000
2009/10/23,0,24000,0,24000
2009/10/26,0,16000,0,16000
2009/10/27,0,0,-314302,-314302
2009/10/28,0,0,-217000,-217000
2009/10/29,0,302000,-151000,151000
2009/10/30,0,0,-430000,-430000
2009/11/02,0,3000,-3000,0
2009/11/03,0,0,-36000,-36000
2009/11/04,0,51000,-10000,41000
2009/11/05,0,224000,-19000,205000
2009/11/06,0,40000,-65000,-25000
2009/11/09,0,31000,-2000,29000
2009/11/10,0,17000,-240000,-223000
2009/11/11,0,21000,-61000,-40000
2009/11/12,0,0,-231000,-231000
2009/11/13,0,29000,-138000,-109000
2009/11/16,0,0,-124000,-124000
2009/11/17,0,26000,-127000,-101000
2009/11/18,0,0,-20000,-20000
2009/11/19,0,3000,-25000,-22000
2009/11/20,0,0,-2000,-2000
2009/11/23,0,0,-45000,-45000
2009/11/24,0,2000,-30000,-28000
2009/11/25,0,6000,0,6000
2009/11/26,0,6000,0,6000
2009/11/27,0,0,-11000,-11000
2009/11/30,0,0,-22000,-22000
2009/12/01,0,4000,-88000,-84000
2009/12/02,0,18000,-1000,17000
2009/12/03,0,0,0,0
2009/12/04,0,0,-4000,-4000
2009/12/07,0,0,0,0
2009/12/08,0,0,0,0
2009/12/09,0,1000,-3000,-2000
2009/12/10,0,2000,-41000,-39000
2009/12/11,0,0,-3000,-3000
2009/12/14,0,0,-14000,-14000
2009/12/15,0,0,-32000,-32000
2009/12/16,0,3000,-56000,-53000
2009/12/17,0,5000,0,5000
2009/12/18,0,82000,0,82000
2009/12/21,0,50000,-50000,0
2009/12/22,0,30000,-5000,25000
2009/12/23,0,0,-13000,-13000
2009/12/24,0,0,-10000,-10000
2009/12/25,0,0,0,0
2009/12/28,0,24000,0,24000
2009/12/29,0,26000,0,26000
2009/12/30,0,0,0,0
2009/12/31,0,7000,0,7000
2010/01/01,0,0,0,0
2010/01/04,0,51000,-16000,35000
2010/01/05,0,0,-9000,-9000
2010/01/06,0,22000,-32000,-10000
2010/01/07,0,13000,-32000,-19000
2010/01/08,0,64000,-8000,56000
2010/01/11,0,9000,-95000,-86000
2010/01/12,0,2000,-1000,1000
2010/01/13,0,45000,-40000,5000
2010/01/14,0,6000,-16000,-10000
2010/01/15,0,0,-10797,-10797
2010/01/18,0,3000,-20000,-17000
2010/01/19,0,20000,-75000,-55000
2010/01/20,0,534,-19000,-18466
2010/01/21,0,5000,-1000,4000
2010/01/22,0,1000,-3000,-2000
2010/01/25,0,0,-19000,-19000
2010/01/26,0,0,-77000,-77000
2010/01/27,0,16000,-122000,-106000
2010/01/28,0,0,-244000,-244000
2010/01/29,0,3000,-130000,-127000
2010/02/01,0,22000,-213000,-191000
2010/02/02,0,5000,-13000,-8000
2010/02/03,0,0,-17000,-17000
2010/02/04,0,16000,0,16000
2010/02/05,0,2000,-1000,1000
2010/02/08,0,15000,0,15000
2010/02/09,0,3000,-1000,2000
2010/02/10,0,0,-8000,-8000
2010/02/11,0,0,0,0
2010/02/12,0,0,0,0
2010/02/15,0,0,0,0
2010/02/16,0,0,0,0
2010/02/17,0,0,0,0
2010/02/18,0,0,0,0
2010/02/19,0,0,0,0
2010/02/22,0,38000,-540,37460
2010/02/23,0,0,-3000,-3000
2010/02/24,0,2000,0,2000
2010/02/25,0,15000,-21000,-6000
2010/02/26,0,6000,-1000,5000
2010/03/01,0,33000,-1000,32000
2010/03/02,0,50000,-809,49191
2010/03/03,0,10000,0,10000
2010/03/04,0,0,-41000,-41000
2010/03/05,0,121000,-38000,83000
2010/03/08,0,125000,-112000,13000
2010/03/09,0,30000,0,30000
2010/03/10,0,61000,-4000,57000
2010/03/11,0,0,-77000,-77000
2010/03/12,0,30000,-223000,-193000
2010/03/15,0,0,-32000,-32000
2010/03/16,0,6000,0,6000
2010/03/17,0,74000,0,74000
2010/03/18,0,69000,0,69000
2010/03/19,0,1000,-4000,-3000
2010/03/22,0,0,-29000,-29000
2010/03/23,0,8000,0,8000
2010/03/24,0,23000,-4000,19000
2010/03/25,0,74000,0,74000
2010/03/26,0,35000,-1000,34000
2010/03/29,0,153000,0,153000
2010/03/30,0,80000,-12000,68000
2010/03/31,0,20000,0,20000
2010/04/01,0,37000,0,37000
2010/04/02,0,240000,-966,239034
2010/04/05,0,0,0,0
2010/04/06,0,105000,0,105000
2010/04/07,0,5000,-49000,-44000
2010/04/08,0,32000,-330262,-298262
2010/04/09,0,4000,0,4000
2010/04/12,0,0,0,0
2010/04/13,0,8000,-20217,-12217
2010/04/14,0,0,-6000,-6000
2010/04/15,0,8000,0,8000
2010/04/16,0,0,-7000,-7000
2010/04/19,0,86000,-12000,74000
2010/04/20,0,5000,-171000,-166000
2010/04/21,0,5000,-96000,-91000
2010/04/22,0,5000,-67000,-62000
2010/04/23,0,20000,-93000,-73000
2010/04/26,0,110000,-14000,96000
2010/04/27,0,63000,-20000,43000
2010/04/28,0,0,-27000,-27000
2010/04/29,0,0,-11000,-11000
2010/04/30,0,6000,-214000,-208000
2010/05/03,0,189000,-65000,124000
2010/05/04,0,5000,0,5000
2010/05/05,0,0,-32000,-32000
2010/05/06,0,0,-50000,-50000
2010/05/07,0,22000,-20000,2000
2010/05/10,0,60000,-39263,20737
2010/05/11,0,0,-81560,-81560
2010/05/12,0,0,-10000,-10000
2010/05/13,0,8000,0,8000
2010/05/14,0,58000,-18000,40000
2010/05/17,0,0,-126000,-126000
2010/05/18,0,32000,0,32000
2010/05/19,0,65000,-12000,53000
2010/05/20,0,30000,-23000,7000
2010/05/21,0,3000,-11000,-8000
2010/05/24,0,1000,0,1000
2010/05/25,0,50000,-23000,27000
2010/05/26,0,46000,-3000,43000
2010/05/27,0,15000,0,15000
2010/05/28,0,0,-5000,-5000
2010/05/31,0,0,-16000,-16000
2010/06/01,0,0,-27000,-27000
2010/06/02,0,0,0,0
2010/06/03,0,0,0,0
2010/06/04,0,20000,0,20000
2010/06/07,0,0,-40000,-40000
2010/06/08,0,0,0,0
2010/06/09,0,0,-25000,-25000
2010/06/10,0,1000,-10000,-9000
2010/06/11,0,0,0,0
2010/06/14,0,4000,0,4000
2010/06/15,0,65000,-20000,45000
2010/06/16,0,0,0,0
2010/06/17,0,109000,0,109000
2010/06/18,0,7000,-6000,1000
2010/06/21,0,14000,0,14000
2010/06/22,0,0,0,0
2010/06/23,0,0,0,0
2010/06/24,0,0,-716,-716
2010/06/25,0,0,0,0
2010/06/28,0,0,-1000,-1000
2010/06/29,0,2000,0,2000
2010/06/30,0,0,0,0
2010/07/01,0,0,-710,-710
2010/07/02,0,0,-65000,-65000
2010/07/05,0,0,-2000,-2000
2010/07/06,0,1000,0,1000
2010/07/07,0,0,-15000,-15000
2010/07/08,0,1000,0,1000
2010/07/09,0,0,0,0
2010/07/12,0,0,0,0
2010/07/13,0,0,0,0
2010/07/14,0,0,0,0
2010/07/15,0,0,-16000,-16000
2010/07/16,0,0,0,0
2010/07/19,0,0,0,0
2010/07/20,0,7000,0,7000
2010/07/21,0,9000,-2000,7000
2010/07/22,0,2000,0,2000
2010/07/23,0,9000,-518,8482
2010/07/26,0,0,0,0
2010/07/27,0,0,-14000,-14000
2010/07/28,0,0,0,0
2010/07/29,0,2000,0,2000
2010/07/30,0,0,-12000,-12000
2010/08/02,0,11000,0,11000
2010/08/03,0,0,0,0
2010/08/04,0,0,-25000,-25000
2010/08/05,0,0,-3000,-3000
2010/08/06,0,1000,-4000,-3000
2010/08/09,0,3000,-19000,-16000
2010/08/10,0,60000,0,60000
2010/08/11,0,0,-3000,-3000
2010/08/12,0,24000,-5000,19000
2010/08/13,0,17000,-11000,6000
2010/08/16,0,0,-9000,-9000
2010/08/17,0,0,-14000,-14000
2010/08/18,0,137000,-31000,106000
2010/08/19,0,4000,-206000,-202000
2010/08/20,0,22000,-15553,6447
2010/08/23,0,61000,-223000,-162000
2010/08/24,0,0,-52000,-52000
2010/08/25,0,1000,-55000,-54000
2010/08/26,0,0,-34000,-34000
2010/08/27,0,0,-12000,-12000
2010/08/30,0,21000,-191000,-170000
2010/08/31,0,31000,-917000,-886000
2010/09/01,0,5000,-77000,-72000
2010/09/02,0,0,-211000,-211000
2010/09/03,0,1000,-22000,-21000
2010/09/06,0,0,-60000,-60000
2010/09/07,0,0,-94000,-94000
2010/09/08,0,0,-2000,-2000
2010/09/09,0,0,-17000,-17000
2010/09/10,0,0,0,0
2010/09/13,0,7000,-22000,-15000
2010/09/14,0,0,-14000,-14000
2010/09/15,0,0,0,0
2010/09/16,0,0,-2000,-2000
2010/09/17,0,8000,0,8000
2010/09/20,0,0,0,0
2010/09/21,0,0,-32000,-32000
2010/09/22,0,0,0,0
2010/09/23,0,6000,-34000,-28000
2010/09/24,0,5000,0,5000
2010/09/27,0,5000,0,5000
2010/09/28,0,180,0,180
2010/09/29,0,1000,0,1000
2010/09/30,0,0,-9000,-9000
2010/10/01,0,0,0,0
2010/10/04,0,0,-3000,-3000
2010/10/05,0,1000,-7000,-6000
2010/10/06,0,0,-48000,-48000
2010/10/07,0,0,-4621,-4621
2010/10/08,0,0,0,0
2010/10/11,0,633,-63000,-62367
2010/10/12,0,0,-19000,-19000
2010/10/13,0,8727,-10000,-1273
2010/10/14,0,11351,-105000,-93649
2010/10/15,0,11000,-5000,6000
2010/10/18,0,2000,-7000,-5000
2010/10/19,0,0,-21000,-21000
2010/10/20,0,7000,-2000,5000
2010/10/21,0,0,-2000,-2000
2010/10/22,0,0,-157000,-157000
2010/10/25,0,6000,-15000,-9000
2010/10/26,0,3000,-311000,-308000
2010/10/27,0,522,-38000,-37478
2010/10/28,0,4000,0,4000
2010/10/29,0,3000,0,3000
2010/11/01,0,66000,0,66000
2010/11/02,0,46086,-30000,16086
2010/11/03,0,2000,0,2000
2010/11/04,0,5000,-17000,-12000
2010/11/05,0,2000,-17000,-15000
2010/11/08,0,17000,-8145,8855
2010/11/09,0,2000,-17000,-15000
2010/11/10,0,0,0,0
2010/11/11,0,3000,-24000,-21000
2010/11/12,0,0,-35000,-35000
2010/11/15,0,2000,-2000,0
2010/11/16,0,63000,0,63000
2010/11/17,0,0,0,0
2010/11/18,0,1000,0,1000
2010/11/19,0,0,-20000,-20000
2010/11/22,0,0,0,0
2010/11/23,0,0,-44000,-44000
2010/11/24,0,9000,0,9000
2010/11/25,0,0,-22000,-22000
2010/11/26,0,15000,0,15000
2010/11/29,0,24000,-22000,2000
2010/11/30,0,81000,0,81000
2010/12/01,0,1000,0,1000
2010/12/02,0,16000,0,16000
2010/12/03,0,16000,-3000,13000
2010/12/06,0,31000,-4000,27000
2010/12/07,0,15000,-27000,-12000
2010/12/08,0,16000,-37056,-21056
2010/12/09,0,34000,0,34000
2010/12/10,0,3000,0,3000
2010/12/13,0,56000,-14000,42000
2010/12/14,0,0,-53000,-53000
2010/12/15,0,0,-2000,-2000
2010/12/16,0,0,0,0
2010/12/17,0,0,0,0
2010/12/20,0,0,-12000,-12000
2010/12/21,0,0,-13000,-13000
2010/12/22,0,0,-5000,-5000
2010/12/23,0,0,-19000,-19000
2010/12/24,0,0,0,0
2010/12/27,0,41000,0,41000
2010/12/28,0,0,-4000,-4000
2010/12/29,0,5000,-1000,4000
2010/12/30,0,2000,-2000,0
2010/12/31,0,0,0,0
2011/01/03,0,0,-16000,-16000
2011/01/04,0,0,-28000,-28000
2011/01/05,0,3000,-6000,-3000
2011/01/06,0,47000,-19000,28000
2011/01/07,0,4000,-18000,-14000
2011/01/10,0,9000,-2000,7000
2011/01/11,0,34000,-13000,21000
2011/01/12,0,0,-1000,-1000
2011/01/13,0,0,-31000,-31000
2011/01/14,0,0,-2000,-2000
2011/01/17,0,4000,-6000,-2000
2011/01/18,0,1000,-13000,-12000
2011/01/19,0,0,-57000,-57000
2011/01/20,0,0,-10000,-10000
2011/01/21,0,0,-55000,-55000
2011/01/24,0,0,-30000,-30000
2011/01/25,0,10000,0,10000
2011/01/26,0,48000,0,48000
2011/01/27,0,0,0,0
2011/01/28,0,1000,-18000,-17000
2011/01/31,0,0,0,0
2011/02/01,0,0,0,0
2011/02/02,0,0,0,0
2011/02/03,0,0,0,0
2011/02/04,0,0,0,0
2011/02/07,0,0,0,0
2011/02/08,0,17000,0,17000
2011/02/09,0,28000,-19000,9000
2011/02/10,0,20000,-46000,-26000
2011/02/11,0,26000,-41000,-15000
2011/02/14,0,0,-8000,-8000
2011/02/15,0,1000,-41000,-40000
2011/02/16,0,5000,-38000,-33000
2011/02/17,0,0,-17000,-17000
2011/02/18,0,0,-1000,-1000
2011/02/21,0,0,-11000,-11000
2011/02/22,0,0,-4000,-4000
2011/02/23,0,0,0,0
2011/02/24,0,0,0,0
2011/02/25,0,9000,0,9000
2011/02/28,0,0,0,0
2011/03/01,0,4000,0,4000
2011/03/02,0,0,-10000,-10000
2011/03/03,0,4000,0,4000
2011/03/04,0,0,-7000,-7000
2011/03/07,0,16000,0,16000
2011/03/08,0,27000,0,27000
2011/03/09,0,0,0,0
2011/03/10,0,0,0,0
2011/03/11,0,0,-88000,-88000
2011/03/14,0,10000,-32000,-22000
2011/03/15,0,29000,-10000,19000
2011/03/16,0,44000,-1000,43000
2011/03/17,0,2000,-25000,-23000
2011/03/18,0,0,-41000,-41000
2011/03/21,0,0,-17000,-17000
2011/03/22,0,0,-10000,-10000
2011/03/23,0,0,-3000,-3000
2011/03/24,0,0,-2000,-2000
2011/03/25,0,0,0,0
2011/03/28,0,6000,-6000,0
2011/03/29,0,3000,0,3000
2011/03/30,0,0,0,0
2011/03/31,0,0,0,0
2011/04/01,0,33000,0,33000
2011/04/04,0,0,0,0
2011/04/05,0,0,0,0
2011/04/06,0,25000,0,25000
2011/04/07,0,76000,-5000,71000
2011/04/08,0,41000,0,41000
2011/04/11,0,62000,-5000,57000
2011/04/12,0,52000,0,52000
2011/04/13,0,16000,-1000,15000
2011/04/14,0,19000,-7000,12000
2011/04/15,0,0,-5000,-5000
2011/04/18,0,63000,-5000,58000
2011/04/19,0,78000,-18000,60000
2011/04/20,0,66000,-1000,65000
2011/04/21,0,175000,0,175000
2011/04/22,0,34000,0,34000
2011/04/25,0,36000,0,36000
2011/04/26,0,2000,-25000,-23000
2011/04/27,0,104000,-76000,28000
2011/04/28,0,49000,0,49000
2011/04/29,0,49000,-20000,29000
2011/05/02,0,0,0,0
2011/05/03,0,3000,-22000,-19000
2011/05/04,0,0,-2000,-2000
2011/05/05,0,11000,0,11000
2011/05/06,0,6000,0,6000
2011/05/09,0,5000,0,5000
2011/05/10,0,16000,-28000,-12000
2011/05/11,0,200000,-50000,150000
2011/05/12,0,0,-200000,-200000
2011/05/13,0,0,-32000,-32000
2011/05/16,0,18000,0,18000
2011/05/17,0,0,-64000,-64000
2011/05/18,0,0,-14000,-14000
2011/05/19,0,0,-2000,-2000
2011/05/20,0,0,0,0
2011/05/23,0,21000,-2000,19000
2011/05/24,0,0,-10000,-10000
2011/05/25,0,0,-24000,-24000
2011/05/26,0,0,-46000,-46000
2011/05/27,0,0,-21000,-21000
2011/05/30,0,1000,-17000,-16000
2011/05/31,0,0,0,0
2011/06/01,0,0,0,0
2011/06/02,0,0,0,0
2011/06/03,0,0,0,0
2011/06/06,0,0,0,0
2011/06/07,0,0,-100000,-100000
2011/06/08,0,0,-182000,-182000
2011/06/09,0,0,-181000,-181000
2011/06/10,0,0,-2000,-2000
2011/06/13,0,0,-17000,-17000
2011/06/14,0,0,-16000,-16000
2011/06/15,0,8000,-77000,-69000
2011/06/16,0,26000,0,26000
2011/06/17,0,0,-34000,-34000
2011/06/20,0,0,0,0
2011/06/21,0,6000,0,6000
2011/06/22,0,0,-19000,-19000
2011/06/23,0,0,-17000,-17000
2011/06/24,0,0,-9000,-9000
2011/06/27,0,0,0,0
2011/06/28,0,0,-9000,-9000
2011/06/29,0,1000,-9000,-8000
2011/06/30,0,4000,-163000,-159000
2011/07/01,0,0,0,0
2011/07/04,0,0,0,0
2011/07/05,0,0,-57913,-57913
2011/07/06,0,10000,-8000,2000
2011/07/07,0,0,0,0
2011/07/08,0,0,-54000,-54000
2011/07/11,0,7000,0,7000
2011/07/12,0,1000,0,1000
2011/07/13,0,17000,0,17000
2011/07/14,0,0,0,0
2011/07/15,0,0,0,0
2011/07/18,0,0,0,0
2011/07/19,0,0,0,0
2011/07/20,0,0,-11000,-11000
2011/07/21,0,0,0,0
2011/07/22,0,0,0,0
2011/07/25,0,0,0,0
2011/07/26,0,0,0,0
2011/07/27,0,0,0,0
2011/07/28,0,0,0,0
2011/07/29,0,0,0,0
2011/08/01,0,0,0,0
2011/08/02,0,0,-2601,-2601
2011/08/03,0,0,0,0
2011/08/04,0,67000,0,67000
2011/08/05,0,125000,0,125000
2011/08/08,0,2000,0,2000
2011/08/09,0,71000,0,71000
2011/08/10,0,0,-1000,-1000
2011/08/11,0,0,-2000,-2000
2011/08/12,0,0,0,0
2011/08/15,0,0,0,0
2011/08/16,0,0,0,0
2011/08/17,0,0,0,0
2011/08/18,0,0,-5000,-5000
2011/08/19,0,0,0,0
2011/08/22,0,8000,0,8000
2011/08/23,0,2000,-12000,-10000
2011/08/24,0,0,0,0
2011/08/25,0,7000,0,7000
2011/08/26,0,0,0,0
2011/08/29,0,0,0,0
2011/08/30,0,0,0,0
2011/08/31,0,0,0,0
2011/09/01,0,0,0,0
2011/09/02,0,0,0,0
2011/09/05,0,0,-10000,-10000
2011/09/06,0,0,-2000,-2000
2011/09/07,0,0,0,0
2011/09/08,0,0,-10000,-10000
2011/09/09,0,0,0,0
2011/09/12,0,0,0,0
2011/09/13,0,0,0,0
2011/09/14,0,0,-1000,-1000
2011/09/15,0,0,0,0
2011/09/16,0,0,0,0
2011/09/19,0,8000,0,8000
2011/09/20,0,12000,0,12000
2011/09/21,0,12000,0,12000
2011/09/22,0,3000,0,3000
2011/09/23,0,11000,0,11000
2011/09/26,0,4000,0,4000
2011/09/27,0,0,0,0
2011/09/28,0,5000,-1000,4000
2011/09/29,0,2000,0,2000
2011/09/30,0,0,-2000,-2000
2011/10/03,0,0,0,0
2011/10/04,0,250000,0,250000
2011/10/05,0,50000,0,50000
2011/10/06,0,103000,-879,102121
2011/10/07,0,3000,0,3000
2011/10/10,0,0,0,0
2011/10/11,0,50000,0,50000
2011/10/12,0,300000,0,300000
2011/10/13,0,0,0,0
2011/10/14,0,50000,0,50000
2011/10/17,0,0,0,0
2011/10/18,0,0,-76,-76
2011/10/19,0,0,-6000,-6000
2011/10/20,0,0,0,0
2011/10/21,0,0,0,0
2011/10/24,0,6000,0,6000
2011/10/25,0,1000,-700000,-699000
2011/10/26,0,7000,0,7000
2011/10/27,0,0,0,0
2011/10/28,0,15000,0,15000
2011/10/31,0,202000,0,202000
2011/11/01,0,406000,0,406000
2011/11/02,0,50000,0,50000
2011/11/03,0,0,-1000,-1000
2011/11/04,0,20000,0,20000
2011/11/07,0,0,-750000,-750000
2011/11/08,0,0,-1000,-1000
2011/11/09,0,0,0,0
2011/11/10,0,0,0,0
2011/11/11,0,0,-3000,-3000
2011/11/14,0,0,0,0
2011/11/15,0,3000,0,3000
2011/11/16,0,0,-2000,-2000
2011/11/17,0,3000,-4709,-1709
2011/11/18,0,1000,-1000,0
2011/11/21,0,2000,-1000,1000
2011/11/22,0,4000,0,4000
2011/11/23,0,0,-4000,-4000
2011/11/24,0,1000,0,1000
2011/11/25,0,0,-10000,-10000
2011/11/28,0,102000,-2000,100000
2011/11/29,0,0,0,0
2011/11/30,0,40000,-114000,-74000
2011/12/01,0,4000,0,4000
2011/12/02,0,25000,0,25000
2011/12/05,0,1000,0,1000
2011/12/06,0,0,-1000,-1000
2011/12/07,0,24000,0,24000
2011/12/08,0,0,-2000,-2000
2011/12/09,0,30000,-9000,21000
2011/12/12,0,0,0,0
2011/12/13,0,0,-6000,-6000
2011/12/14,0,0,0,0
2011/12/15,0,0,0,0
2011/12/16,0,32000,-1000,31000
2011/12/19,0,3000,-4000,-1000
2011/12/20,0,13000,-3000,10000
2011/12/21,0,0,-1000,-1000
2011/12/22,0,5000,0,5000
2011/12/23,0,0,0,0
2011/12/26,0,10000,0,10000
2011/12/27,0,0,0,0
2011/12/28,0,4000,0,4000
2011/12/29,0,3000,0,3000
2011/12/30,0,8000,-20000,-12000
2012/01/02,0,0,0,0
2012/01/03,0,8000,0,8000
2012/01/04,0,0,-7000,-7000
2012/01/05,0,50000,-10000,40000
2012/01/06,0,60000,-5000,55000
2012/01/09,0,0,0,0
2012/01/10,0,56000,-3000,53000
2012/01/11,0,30000,0,30000
2012/01/12,0,59000,0,59000
2012/01/13,0,34000,-1000,33000
2012/01/16,0,0,-12000,-12000
2012/01/17,0,20000,-5000,15000
2012/01/18,0,13000,-1000,12000
2012/01/19,0,0,0,0
2012/01/20,0,0,0,0
2012/01/23,0,0,0,0
2012/01/24,0,0,0,0
2012/01/25,0,0,0,0
2012/01/26,0,0,0,0
2012/01/27,0,0,0,0
2012/01/30,0,1000,0,1000
2012/01/31,0,12000,-51000,-39000
2012/02/01,0,7000,-215000,-208000
2012/02/02,0,3000,-3000,0
2012/02/03,0,0,-12000,-12000
2012/02/06,0,18000,-3000,15000
2012/02/07,0,0,0,0
2012/02/08,0,60000,0,60000
2012/02/09,0,40000,-10000,30000
2012/02/10,0,0,0,0
2012/02/13,0,88000,0,88000
2012/02/14,0,3000,-209000,-206000
2012/02/15,0,163000,0,163000
2012/02/16,0,34000,-3000,31000
2012/02/17,0,27000,-2000,25000
2012/02/20,0,0,0,0
2012/02/21,0,0,-22000,-22000
2012/02/22,0,9000,0,9000
2012/02/23,0,3000,-14000,-11000
2012/02/24,0,0,-9000,-9000
2012/02/27,0,0,0,0
2012/02/28,0,0,0,0
2012/02/29,0,2000,-7000,-5000
2012/03/01,0,22000,0,22000
2012/03/02,0,0,0,0
2012/03/05,0,0,-10000,-10000
2012/03/06,0,73000,0,73000
2012/03/07,0,10000,-3000,7000
2012/03/08,0,3000,-26000,-23000
2012/03/09,0,2000,-5000,-3000
2012/03/12,0,0,-9000,-9000
2012/03/13,0,17000,0,17000
2012/03/14,0,52000,0,52000
2012/03/15,0,30000,-3000,27000
2012/03/16,0,50000,0,50000
2012/03/19,0,50000,-4000,46000
2012/03/20,0,1000,-15000,-14000
2012/03/21,0,0,-4000,-4000
2012/03/22,0,8000,0,8000
2012/03/23,0,105000,0,105000
2012/03/26,0,0,-9000,-9000
2012/03/27,0,0,-2000,-2000
2012/03/28,0,0,-2000,-2000
2012/03/29,0,0,-1073,-1073
2012/03/30,0,1127000,0,1127000
2012/04/02,0,91000,-39000,52000
2012/04/03,0,22000,0,22000
2012/04/04,0,0,0,0
2012/04/05,0,429000,-4000,425000
2012/04/06,0,0,-20000,-20000
2012/04/09,0,36000,-8000,28000
2012/04/10,0,50000,-8000,42000
2012/04/11,0,50000,-2000,48000
2012/04/12,0,50000,-412000,-362000
2012/04/13,0,2000,-262000,-260000
2012/04/16,0,15000,-502307,-487307
2012/04/17,0,0,-1202000,-1202000
2012/04/18,0,43000,-337000,-294000
2012/04/19,0,2000,-360000,-358000
2012/04/20,0,0,-364000,-364000
2012/04/23,0,4000,-167000,-163000
2012/04/24,0,0,-354000,-354000
2012/04/25,0,34000,-924000,-890000
2012/04/26,0,0,-824000,-824000
2012/04/27,0,8000,-443000,-435000
2012/04/30,0,1000,-10000,-9000
2012/05/01,0,0,0,0
2012/05/02,0,2000,-292000,-290000
2012/05/03,0,0,-30000,-30000
2012/05/04,0,0,0,0
2012/05/07,0,0,-8000,-8000
2012/05/08,0,5000,-349,4651
2012/05/09,0,1000,-6000,-5000
2012/05/10,0,100000,0,100000
2012/05/11,0,0,-1000,-1000
2012/05/14,0,240000,0,240000
2012/05/15,0,360000,0,360000
2012/05/16,0,11000,-1509000,-1498000
2012/05/17,0,0,-11000,-11000
2012/05/18,0,0,0,0
2012/05/21,0,0,0,0
2012/05/22,0,5000,-5000,0
2012/05/23,0,0,-7000,-7000
2012/05/24,0,0,-3000,-3000
2012/05/25,0,0,-6000,-6000
2012/05/28,0,0,-18000,-18000
2012/05/29,0,0,-1000,-1000
2012/05/30,0,0,0,0
2012/05/31,0,0,-855000,-855000
2012/06/01,0,8000,0,8000
2012/06/04,0,3000,-2000,1000
2012/06/05,0,0,-2000,-2000
2012/06/06,0,0,0,0
2012/06/07,0,0,0,0
2012/06/08,0,0,-1064,-1064
2012/06/11,0,0,0,0
2012/06/12,0,0,0,0
2012/06/13,0,0,-9000,-9000
2012/06/14,0,69000,0,69000
2012/06/15,0,4000,-65000,-61000
2012/06/18,0,10000,-3000,7000
2012/06/19,0,14000,0,14000
2012/06/20,0,3000,0,3000
2012/06/21,0,0,0,0
2012/06/22,0,0,-6000,-6000
2012/06/25,0,0,-20000,-20000
2012/06/26,0,1000,0,1000
2012/06/27,0,0,-15000,-15000
2012/06/28,0,0,-1000,-1000
2012/06/29,0,0,0,0
2012/07/02,0,0,-1000,-1000
2012/07/03,0,1000,0,1000
2012/07/04,0,4000,0,4000
2012/07/05,0,3000,0,3000
2012/07/06,0,35000,-11000,24000
2012/07/09,0,17000,0,17000
2012/07/10,0,1000,0,1000
2012/07/11,0,3000,0,3000
2012/07/12,0,13000,-1000,12000
2012/07/13,0,0,-26000,-26000
2012/07/16,0,0,0,0
2012/07/17,0,0,0,0
2012/07/18,0,0,0,0
2012/07/19,0,2000,0,2000
2012/07/20,0,0,-1000,-1000
2012/07/23,0,10000,0,10000
2012/07/24,0,2000,-1000,1000
2012/07/25,0,0,-1000,-1000
2012/07/26,0,13000,-1000,12000
2012/07/27,0,0,-53000,-53000
2012/07/30,0,0,-10000,-10000
2012/07/31,0,20000,0,20000
2012/08/01,0,0,0,0
2012/08/02,0,0,0,0
2012/08/03,0,10000,0,10000
2012/08/06,0,0,0,0
2012/08/07,0,0,-3000,-3000
2012/08/08,0,0,0,0
2012/08/09,0,17000,0,17000
2012/08/10,0,42000,0,42000
2012/08/13,0,14000,-2000,12000
2012/08/14,0,46000,0,46000
2012/08/15,0,1000,0,1000
2012/08/16,0,0,0,0
2012/08/17,0,54000,0,54000
2012/08/20,0,0,-2000,-2000
2012/08/21,0,13000,-10000,3000
2012/08/22,0,5000,-1000,4000
2012/08/23,0,3000,0,3000
2012/08/24,0,15000,0,15000
2012/08/27,0,0,-4000,-4000
2012/08/28,0,1000,-15000,-14000
2012/08/29,0,0,0,0
2012/08/30,0,0,-25000,-25000
2012/08/31,0,10000,0,10000
2012/09/03,0,10000,0,10000
2012/09/04,0,0,-8000,-8000
2012/09/05,0,0,-23000,-23000
2012/09/06,0,0,-6000,-6000
2012/09/07,0,0,-8000,-8000
2012/09/10,0,0,-3000,-3000
2012/09/11,0,0,0,0
2012/09/12,0,6000,-4000,2000
2012/09/13,0,54000,0,54000
2012/09/14,0,8000,0,8000
2012/09/17,0,1000,0,1000
2012/09/18,0,0,0,0
2012/09/19,0,6000,0,6000
2012/09/20,0,0,0,0
2012/09/21,0,0,0,0
2012/09/24,0,1000,-13000,-12000
2012/09/25,0,0,0,0
2012/09/26,0,44000,0,44000
2012/09/27,0,9000,-60000,-51000
2012/09/28,0,0,0,0
2012/10/01,0,0,0,0
2012/10/02,0,4000,0,4000
2012/10/03,0,0,0,0
2012/10/04,0,63000,0,63000
2012/10/05,0,1000,-17000,-16000
2012/10/08,0,1000,-17000,-16000
2012/10/09,0,10000,0,10000
2012/10/10,0,0,0,0
2012/10/11,0,3000,-3000,0
2012/10/12,0,50000,-13000,37000
2012/10/15,0,0,-13000,-13000
2012/10/16,0,8000,-12000,-4000
2012/10/17,0,2000,-7000,-5000
2012/10/18,0,0,-10000,-10000
2012/10/19,0,0,-33000,-33000
2012/10/22,0,0,-8000,-8000
2012/10/23,0,0,-48000,-48000
2012/10/24,0,0,-1000,-1000
2012/10/25,0,0,-68000,-68000
2012/10/26,0,55000,-31000,24000
2012/10/29,0,0,0,0
2012/10/30,0,7000,0,7000
2012/10/31,0,20000,-4000,16000
2012/11/01,0,0,-102000,-102000
2012/11/02,0,0,-1000,-1000
2012/11/05,0,10000,-1000,9000
2012/11/06,0,2000,0,2000
2012/11/07,0,0,-8000,-8000
2012/11/08,0,0,-14000,-14000
2012/11/09,0,0,-1000,-1000
2012/11/12,0,0,0,0
2012/11/13,0,0,-1000,-1000
2012/11/14,0,0,-4264,-4264
2012/11/15,0,0,-1000,-1000
2012/11/16,0,4000,0,4000
2012/11/19,0,0,0,0
2012/11/20,0,13000,0,13000
2012/11/21,0,18000,-16000,2000
2012/11/22,0,20000,0,20000
2012/11/23,0,0,0,0
2012/11/26,0,1000,0,1000
2012/11/27,0,3000,-6000,-3000
2012/11/28,0,0,-4000,-4000
2012/11/29,0,17000,0,17000
2012/11/30,0,13000,-2000,11000
2012/12/03,0,13000,0,13000
2012/12/04,0,14000,0,14000
2012/12/05,0,98000,0,98000
2012/12/06,0,12000,0,12000
2012/12/07,0,7000,0,7000
2012/12/10,0,1000,-2000,-1000
2012/12/11,0,12000,0,12000
2012/12/12,0,20000,0,20000
2012/12/13,0,2000,0,2000
2012/12/14,0,53000,0,53000
2012/12/17,0,10000,-1000,9000
2012/12/18,0,0,-60000,-60000
2012/12/19,0,0,0,0
2012/12/20,0,0,-25000,-25000
2012/12/21,0,0,-24000,-24000
2012/12/24,0,16000,-6000,10000
2012/12/25,0,25000,0,25000
2012/12/26,0,0,-50000,-50000
2012/12/27,0,0,-7000,-7000
2012/12/28,0,0,-2000,-2000
2012/12/31,0,0,0,0
2013/01/01,0,0,0,0
2013/01/02,0,28000,0,28000
2013/01/03,0,31000,-3000,28000
2013/01/04,0,0,-15000,-15000
2013/01/07,0,1000,-13000,-12000
2013/01/08,0,0,-11000,-11000
2013/01/09,0,10000,-4000,6000
2013/01/10,0,52000,-14000,38000
2013/01/11,0,31000,0,31000
2013/01/14,0,0,-33000,-33000
2013/01/15,0,0,-12000,-12000
2013/01/16,0,0,-9000,-9000
2013/01/17,0,0,-11000,-11000
2013/01/18,0,0,0,0
2013/01/21,0,0,-31000,-31000
2013/01/22,0,0,0,0
2013/01/23,0,1000,0,1000
2013/01/24,0,0,0,0
2013/01/25,0,0,-6000,-6000
2013/01/28,0,0,0,0
2013/01/29,0,24000,-4000,20000
2013/01/30,0,2000,-22000,-20000
2013/01/31,0,50000,-1000,49000
2013/02/01,0,14000,0,14000
2013/02/04,0,5000,0,5000
2013/02/05,0,9000,0,9000
2013/02/06,0,40000,0,40000
2013/02/07,0,0,0,0
2013/02/08,0,0,0,0
2013/02/11,0,0,0,0
2013/02/12,0,0,0,0
2013/02/13,0,0,0,0
2013/02/14,0,0,0,0
2013/02/15,0,0,0,0
2013/02/18,0,36000,0,36000
2013/02/19,0,25000,-16000,9000
2013/02/20,0,8000,0,8000
2013/02/21,0,30000,-88000,-58000
2013/02/22,0,8000,-1000,7000
2013/02/25,0,0,-2000,-2000
2013/02/26,0,0,-2000,-2000
2013/02/27,0,12000,0,12000
2013/02/28,0,0,0,0
2013/03/01,0,118000,-3000,115000
2013/03/04,0,0,-35000,-35000
2013/03/05,0,0,0,0
2013/03/06,0,0,0,0
2013/03/07,0,1000,0,1000
2013/03/08,0,13000,-90000,-77000
2013/03/11,0,0,-10000,-10000
2013/03/12,0,43000,-31000,12000
2013/03/13,0,0,-22000,-22000
2013/03/14,0,41000,-6000,35000
2013/03/15,0,11000,-23000,-12000
2013/03/18,0,23000,-5000,18000
2013/03/19,0,25000,-99000,-74000
2013/03/20,0,23000,-14000,9000
2013/03/21,0,61000,0,61000
2013/03/22,0,0,0,0
2013/03/25,0,0,0,0
2013/03/26,0,1000,-2000,-1000
2013/03/27,0,0,-4000,-4000
2013/03/28,0,12000,-60000,-48000
2013/03/29,0,13000,-20000,-7000
2013/04/01,0,12000,-30000,-18000
2013/04/02,0,11000,-1000,10000
2013/04/03,0,11000,0,11000
2013/04/04,0,0,0,0
2013/04/05,0,0,0,0
2013/04/08,0,40000,-5000,35000
2013/04/09,0,62000,0,62000
2013/04/10,0,13000,-5000,8000
2013/04/11,0,13000,-3000,10000
2013/04/12,0,12000,-8000,4000
2013/04/15,0,12000,-1000,11000
2013/04/16,0,12000,-1000,11000
2013/04/17,0,12000,-13000,-1000
2013/04/18,0,11000,0,11000
2013/04/19,0,11000,0,11000
2013/04/22,0,11000,0,11000
2013/04/23,0,12000,0,12000
2013/04/24,0,12000,-8000,4000
2013/04/25,0,18000,-24000,-6000
2013/04/26,0,12000,-15000,-3000
2013/04/29,0,11000,-7000,4000
2013/04/30,0,12000,-16000,-4000
2013/05/01,0,0,0,0
2013/05/02,0,13000,-31000,-18000
2013/05/03,0,11000,0,11000
2013/05/06,0,12000,-9000,3000
2013/05/07,0,24000,-3000,21000
2013/05/08,0,27000,-16000,11000
2013/05/09,0,31000,-47000,-16000
2013/05/10,0,27000,0,27000
2013/05/13,0,22000,-15000,7000
2013/05/14,0,42000,0,42000
2013/05/15,0,27000,-11000,16000
2013/05/16,0,51000,-16000,35000
2013/05/17,0,36000,0,36000
2013/05/20,0,24000,-9000,15000
2013/05/21,0,24000,-13000,11000
2013/05/22,0,24000,-3000,21000
2013/05/23,0,58000,-42000,16000
2013/05/24,0,24000,-4000,20000
2013/05/27,0,12000,0,12000
2013/05/28,0,0,-2000,-2000
2013/05/29,0,0,0,0
2013/05/30,0,0,-31000,-31000
2013/05/31,0,0,-2000,-2000
2013/06/03,0,2000,-4000,-2000
2013/06/04,0,16000,-19000,-3000
2013/06/05,0,0,-1000,-1000
2013/06/06,0,0,-7000,-7000
2013/06/07,0,8000,-4000,4000
2013/06/10,0,7000,0,7000
2013/06/11,0,8000,0,8000
2013/06/12,0,0,0,0
2013/06/13,0,39000,0,39000
2013/06/14,0,26000,0,26000
2013/06/17,0,16000,0,16000
2013/06/18,0,7000,0,7000
2013/06/19,0,0,-21000,-21000
2013/06/20,0,20000,-1000,19000
2013/06/21,0,82000,0,82000
2013/06/24,0,24000,0,24000
2013/06/25,0,55000,-3000,52000
2013/06/26,0,16000,0,16000
2013/06/27,0,11000,-6000,5000
2013/06/28,0,0,-5000,-5000
2013/07/01,0,0,-64000,-64000
2013/07/02,0,0,-11000,-11000
2013/07/03,0,40000,0,40000
2013/07/04,0,42000,-47000,-5000
2013/07/05,0,37000,-177000,-140000
2013/07/08,0,0,-31000,-31000
2013/07/09,0,3000,0,3000
2013/07/10,0,35000,0,35000
2013/07/11,0,32000,-43000,-11000
2013/07/12,0,0,-8000,-8000
2013/07/15,0,1000,-40000,-39000
2013/07/16,0,14000,-16000,-2000
2013/07/17,0,22000,-9000,13000
2013/07/18,0,12000,-2000,10000
2013/07/19,0,4000,-6000,-2000
2013/07/22,0,0,-2000,-2000
2013/07/23,0,29000,-20000,9000
2013/07/24,0,35000,-24000,11000
2013/07/25,0,41000,0,41000
2013/07/26,0,2000,0,2000
2013/07/29,0,2000,-41000,-39000
2013/07/30,0,29000,-22000,7000
2013/07/31,0,0,0,0
2013/08/01,0,14000,-1000,13000
2013/08/02,0,7000,0,7000
2013/08/05,0,0,-7000,-7000
2013/08/06,0,0,-14000,-14000
2013/08/07,0,26000,-27000,-1000
2013/08/08,0,16000,-8000,8000
2013/08/09,0,21000,-41000,-20000
2013/08/12,0,8000,-6000,2000
2013/08/13,0,0,-7000,-7000
2013/08/14,0,5000,-19000,-14000
2013/08/15,0,28000,-38000,-10000
2013/08/16,0,32000,-5000,27000
2013/08/19,0,21000,-101000,-80000
2013/08/20,0,104000,-3000,101000
2013/08/21,0,0,0,0
2013/08/22,0,192000,-1000,191000
2013/08/23,0,6000,-2000,4000
2013/08/26,0,8000,-1000,7000
2013/08/27,0,18000,-68000,-50000
2013/08/28,0,30000,0,30000
2013/08/29,0,2000,0,2000
2013/08/30,0,0,-17000,-17000
2013/09/02,0,0,0,0
2013/09/03,0,0,-17000,-17000
2013/09/04,0,0,-1000,-1000
2013/09/05,0,0,-26000,-26000
2013/09/06,0,2000,0,2000
2013/09/09,0,2000,-8000,-6000
2013/09/10,0,0,-8000,-8000
2013/09/11,0,10000,-10000,0
2013/09/12,0,2000,-1000,1000
2013/09/13,0,0,0,0
2013/09/16,0,1000,0,1000
2013/09/17,0,4000,0,4000
2013/09/18,0,0,-1000,-1000
2013/09/19,0,0,0,0
2013/09/20,0,0,0,0
2013/09/23,0,1000,-3000,-2000
2013/09/24,0,15000,0,15000
2013/09/25,0,3000,0,3000
2013/09/26,0,29000,0,29000
2013/09/27,0,37000,0,37000
2013/09/30,0,117000,0,117000
2013/10/01,0,76000,-4000,72000
2013/10/02,0,41000,-41000,0
2013/10/03,0,7000,0,7000
2013/10/04,0,10000,-3000,7000
2013/10/07,0,38000,0,38000
2013/10/08,0,0,0,0
2013/10/09,0,29000,-5000,24000
2013/10/10,0,0,0,0
2013/10/11,0,29000,0,29000
2013/10/14,0,39000,0,39000
2013/10/15,0,26000,0,26000
2013/10/16,0,38000,0,38000
2013/10/17,0,10000,-1000,9000
2013/10/18,0,0,0,0
2013/10/21,0,41000,-6000,35000
2013/10/22,0,0,0,0
2013/10/23,0,0,-5000,-5000
2013/10/24,0,64000,0,64000
2013/10/25,0,64000,-8000,56000
2013/10/28,0,18000,0,18000
2013/10/29,0,18000,0,18000
2013/10/30,0,1000,0,1000
2013/10/31,0,31000,-26000,5000
2013/11/01,0,83000,0,83000
2013/11/04,0,98000,-4000,94000
2013/11/05,0,58000,-1000,57000
2013/11/06,0,37000,-1000,36000
2013/11/07,0,10000,0,10000
2013/11/08,0,54000,-32000,22000
2013/11/11,0,107000,-1000,106000
2013/11/12,0,81000,0,81000
2013/11/13,0,93000,-19000,74000
2013/11/14,0,56000,0,56000
2013/11/15,0,25000,-1000,24000
2013/11/18,0,50000,-2000,48000
2013/11/19,0,0,0,0
2013/11/20,0,27000,-10000,17000
2013/11/21,0,179000,-8000,171000
2013/11/22,0,46000,-6000,40000
2013/11/25,0,2000,0,2000
2013/11/26,0,28000,-98000,-70000
2013/11/27,0,0,0,0
2013/11/28,0,10000,-36000,-26000
2013/11/29,0,5000,-36000,-31000
2013/12/02,0,12000,-2000,10000
2013/12/03,0,0,0,0
2013/12/04,0,26000,-48000,-22000
2013/12/05,0,0,-93000,-93000
2013/12/06,0,0,-47000,-47000
2013/12/09,0,34000,-48000,-14000
2013/12/10,0,15000,-46000,-31000
2013/12/11,0,1000,-48000,-47000
2013/12/12,0,27000,-44000,-17000
2013/12/13,0,6000,-42000,-36000
2013/12/16,0,0,-46000,-46000
2013/12/17,0,0,-48000,-48000
2013/12/18,0,0,-50043,-50043
2013/12/19,0,0,-48000,-48000
2013/12/20,0,0,-48000,-48000
2013/12/23,0,0,-6000,-6000
2013/12/24,0,0,0,0
2013/12/25,0,0,0,0
2013/12/26,0,0,0,0
2013/12/27,0,1000,-29000,-28000
2013/12/30,0,3000,-13000,-10000
2013/12/31,0,21000,-9000,12000
2014/01/02,0,8000,-198000,-190000
2014/01/03,0,0,-2000,-2000
2014/01/06,0,12000,0,12000
2014/01/07,0,13000,0,13000
2014/01/08,0,0,0,0
2014/01/09,0,9000,-31000,-22000
2014/01/10,0,0,-9000,-9000
2014/01/13,0,0,-29000,-29000
2014/01/14,0,0,0,0
2014/01/15,0,0,-29000,-29000
2014/01/16,0,2,-19000,-18998
2014/01/17,0,0,-9000,-9000
2014/01/20,0,2000,-37000,-35000
2014/01/21,0,0,-10000,-10000
2014/01/22,0,0,0,0
2014/01/23,0,7000,-17000,-10000
2014/01/24,0,2000,-24000,-22000
2014/01/27,0,0,-4000,-4000
2014/02/05,0,124000,-7000,117000
2014/02/06,0,58000,0,58000
2014/02/07,0,9000,-5000,4000
2014/02/10,0,0,0,0
2014/02/11,0,11000,0,11000
2014/02/12,0,0,-1000,-1000
2014/02/13,0,0,-10000,-10000
2014/02/14,0,2000,-10000,-8000
2014/02/17,0,1000,0,1000
2014/02/18,0,3000,0,3000
2014/02/19,0,3000,0,3000
2014/02/20,0,0,-27000,-27000
2014/02/21,0,6000,-9000,-3000
2014/02/24,0,1000,-1000,0
2014/02/25,0,0,-9000,-9000
2014/02/26,0,0,0,0
2014/02/27,0,0,-6000,-6000
2014/03/03,0,0,-4000,-4000
2014/03/04,0,0,0,0
2014/03/05,0,0,0,0
2014/03/06,0,1000,-20000,-19000
2014/03/07,0,0,0,0
2014/03/10,0,0,0,0
2014/03/11,0,2000,0,2000
2014/03/12,0,0,0,0
2014/03/13,0,3000,-12000,-9000
2014/03/14,0,2000,0,2000
2014/03/17,0,0,0,0
2014/03/18,0,0,-19000,-19000
2014/03/19,0,0,0,0
2014/03/20,0,1000,-2000,-1000
2014/03/21,0,0,-2000,-2000
2014/03/24,0,3000,-25000,-22000
2014/03/25,0,0,0,0
2014/03/26,0,0,-33000,-33000
2014/03/27,0,88000,-9000,79000
2014/03/28,0,125000,-17000,108000
2014/03/31,0,38000,-17000,21000
2014/04/01,0,0,-27000,-27000
2014/04/02,0,26000,-24000,2000
2014/04/03,0,57000,-13000,44000
2014/04/07,0,16000,0,16000
2014/04/08,0,40000,-25000,15000
2014/04/09,0,0,-17000,-17000
2014/04/10,0,221000,-33000,188000
2014/04/11,0,0,0,0
2014/04/14,0,23000,-166000,-143000
2014/04/15,0,30000,-109000,-79000
2014/04/16,0,0,-91000,-91000
2014/04/17,0,0,-22000,-22000
2014/04/18,0,16000,-11000,5000
2014/04/21,0,10000,-12000,-2000
2014/04/22,0,0,-8000,-8000
2014/04/23,0,0,-57000,-57000
2014/04/24,0,32000,-2000,30000
2014/04/25,0,16000,-1000,15000
2014/04/28,0,16000,0,16000
2014/04/29,0,0,-1000,-1000
2014/04/30,0,43000,-18000,25000
2014/05/02,0,11000,-10000,1000
2014/05/05,0,26000,-21000,5000
2014/05/06,0,1000,-22000,-21000
2014/05/07,0,0,-41000,-41000
2014/05/08,0,0,-495,-495
2014/05/09,0,2000,-78000,-76000
2014/05/12,0,0,-2000,-2000
2014/05/13,0,2000,-1000,1000
2014/05/14,0,38000,0,38000
2014/05/15,0,1000,-2000,-1000
2014/05/16,0,40000,0,40000
2014/05/19,0,20000,0,20000
2014/05/20,0,10000,0,10000
2014/05/21,0,20681,-2000,18681
2014/05/22,0,0,-9000,-9000
2014/05/23,0,22000,-26000,-4000
2014/05/26,0,50000,-24000,26000
2014/05/27,0,61000,-10000,51000
2014/05/28,0,171000,-221000,-50000
2014/05/29,0,1000,-10000,-9000
2014/05/30,0,184000,-45000,139000
2014/06/03,0,10000,-9000,1000
2014/06/04,0,10000,-4000,6000
2014/06/05,0,0,-19000,-19000
2014/06/06,0,10000,-9000,1000
2014/06/09,0,30000,0,30000
2014/06/10,0,0,0,0
2014/06/11,0,0,-28000,-28000
2014/06/12,0,0,-16000,-16000
2014/06/13,0,0,0,0
2014/06/16,0,0,-30000,-30000
2014/06/17,0,12000,-2000,10000
2014/06/18,0,7000,-132000,-125000
2014/06/19,0,0,-124000,-124000
2014/06/20,0,0,-152000,-152000
2014/06/23,0,6000,-66000,-60000
2014/06/24,0,7000,-43000,-36000
2014/06/25,0,0,0,0
2014/06/26,0,7000,0,7000
2014/06/27,0,0,0,0
2014/06/30,0,2000,-1000,1000
2014/07/01,0,7000,-11000,-4000
2014/07/02,0,1000,-9000,-8000
2014/07/03,0,0,-17000,-17000
2014/07/04,0,0,-22000,-22000
2014/07/07,0,0,-23000,-23000
2014/07/08,0,0,-10000,-10000
2014/07/09,0,0,-14000,-14000
2014/07/10,0,12000,-365000,-353000
2014/07/11,0,5000,-1000,4000
2014/07/14,0,0,-12000,-12000
2014/07/15,0,0,-8000,-8000
2014/07/16,0,9000,-23000,-14000
2014/07/17,0,0,0,0
2014/07/18,0,0,-23000,-23000
2014/07/21,0,7000,0,7000
2014/07/22,0,6000,-9000,-3000
2014/07/23,0,0,0,0
2014/07/24,0,0,0,0
2014/07/25,0,1000,-2000,-1000
2014/07/28,0,10000,0,10000
2014/07/29,0,19000,0,19000
2014/07/30,0,1000,-1000,0
2014/07/31,0,0,-4000,-4000
2014/08/01,0,3000,0,3000
2014/08/04,0,125000,-11000,114000
2014/08/05,0,0,-21000,-21000
2014/08/06,0,8000,-13000,-5000
2014/08/07,0,0,-141000,-141000
2014/08/08,0,0,0,0
2014/08/11,0,0,0,0
2014/08/12,0,0,-31000,-31000
2014/08/13,0,0,0,0
2014/08/14,0,0,-42000,-42000
2014/08/15,0,0,-4000,-4000
2014/08/18,0,0,-52000,-52000
2014/08/19,0,0,0,0
2014/08/20,0,0,-9000,-9000
2014/08/21,0,0,0,0
2014/08/22,0,2000,-18000,-16000
2014/08/25,0,19000,-9000,10000
2014/08/26,0,0,0,0
2014/08/27,0,1000,0,1000
2014/08/28,0,0,-23000,-23000
2014/08/29,0,0,-30000,-30000
2014/09/01,0,0,0,0
2014/09/02,0,40000,0,40000
2014/09/03,0,0,0,0
2014/09/04,0,31000,0,31000
2014/09/05,0,23000,-5000,18000
2014/09/09,0,0,0,0
2014/09/10,0,23000,-30000,-7000
2014/09/11,0,9000,0,9000
2014/09/12,0,55000,-1000,54000
2014/09/15,0,10000,-48000,-38000
2014/09/16,0,40000,0,40000
2014/09/17,0,28000,-20000,8000
2014/09/18,0,27000,0,27000
2014/09/19,0,55000,0,55000
2014/09/22,0,31000,-3000,28000
2014/09/23,0,45000,0,45000
2014/09/24,0,7000,0,7000
2014/09/25,0,33000,-4856,28144
2014/09/26,0,6000,0,6000
2014/09/29,0,10000,0,10000
2014/09/30,0,27000,0,27000
2014/10/01,0,33000,-9000,24000
2014/10/02,0,7000,-1000,6000
2014/10/03,0,0,-11000,-11000
2014/10/06,0,0,-21000,-21000
2014/10/07,0,46000,-1000,45000
2014/10/08,0,3000,-55000,-52000
2014/10/09,0,17000,-1000,16000
2014/10/13,0,51000,0,51000
2014/10/14,0,28000,-8000,20000
2014/10/15,0,43000,-5000,38000
2014/10/16,0,70000,-2000,68000
2014/10/17,0,104000,-2000,102000
2014/10/20,0,6000,-33000,-27000
2014/10/21,0,24000,-2000,22000
2014/10/22,0,15000,-25000,-10000
2014/10/23,0,26000,-18000,8000
2014/10/24,0,70000,-61000,9000
2014/10/27,0,21000,0,21000
2014/10/28,0,10000,-3000,7000
2014/10/29,0,0,0,0
2014/10/30,0,0,-1000,-1000
2014/10/31,0,5000,-10000,-5000
2014/11/03,0,16000,-4000,12000
2014/11/04,0,0,-6000,-6000
2014/11/05,0,8000,0,8000
2014/11/06,0,5000,-2000,3000
2014/11/07,0,6000,-10000,-4000
2014/11/10,0,7000,-10000,-3000
2014/11/11,0,20000,0,20000
2014/11/12,0,12000,-1000,11000
2014/11/13,0,11000,-1000,10000
2014/11/14,0,16000,-4000,12000
2014/11/17,0,10000,-43000,-33000
2014/11/18,0,28000,0,28000
2014/11/19,0,1000,0,1000
2014/11/20,0,2000,0,2000
2014/11/21,0,0,0,0
2014/11/24,0,6000,-8000,-2000
2014/11/25,0,8000,-2000,6000
2014/11/26,0,5000,0,5000
2014/11/27,0,0,0,0
2014/11/28,0,0,0,0
2014/12/01,0,7000,0,7000
2014/12/02,0,1000,0,1000
2014/12/03,0,0,-5000,-5000
2014/12/04,0,0,-19000,-19000
2014/12/05,0,0,-19287,-19287
2014/12/08,0,1000,0,1000
2014/12/09,0,2000,0,2000
2014/12/10,0,0,0,0
2014/12/11,0,0,0,0
2014/12/12,0,2000,-2000,0
2014/12/15,0,2000,0,2000
2014/12/16,0,3000,0,3000
2014/12/17,0,8000,0,8000
2014/12/18,0,6000,-1000,5000
2014/12/19,0,0,-5000,-5000
2014/12/22,0,1000,0,1000
2014/12/23,0,0,-1000,-1000
2014/12/24,0,1000,0,1000
2014/12/25,0,0,-6000,-6000
2014/12/26,0,0,0,0
2014/12/29,0,0,-21000,-21000
2014/12/30,0,34000,-11000,23000
2014/12/31,0,3000,0,3000
2015/01/01,0,0,0,0
2015/01/02,0,0,0,0
2015/01/05,0,0,-4000,-4000
2015/01/06,0,24000,-52000,-28000
2015/01/07,0,0,0,0
2015/01/08,0,0,0,0
2015/01/09,0,1000,0,1000
2015/01/12,0,0,-6000,-6000
2015/01/13,0,7000,-5000,2000
2015/01/14,0,2000,-7000,-5000
2015/01/15,0,0,-4000,-4000
2015/01/16,0,0,-4000,-4000
2015/01/19,0,0,-1000,-1000
2015/01/20,0,0,-16000,-16000
2015/01/21,0,0,-9000,-9000
2015/01/22,0,20000,-23000,-3000
2015/01/23,0,0,-18000,-18000
2015/01/26,0,0,-6000,-6000
2015/01/27,0,0,-11000,-11000
2015/01/28,0,0,-22000,-22000
2015/01/29,0,1000,0,1000
2015/01/30,0,0,0,0
2015/02/02,0,1000,0,1000
2015/02/03,0,0,0,0
2015/02/04,0,1000,-6219,-5219
2015/02/05,0,0,-5000,-5000
2015/02/06,0,0,-3000,-3000
2015/02/09,0,0,-1000,-1000
2015/02/10,0,11000,0,11000
2015/02/11,0,0,0,0
2015/02/12,0,0,0,0
2015/02/13,0,22000,-19000,3000
2015/02/16,0,0,0,0
2015/02/17,0,0,0,0
2015/02/18,0,0,0,0
2015/02/19,0,0,0,0
2015/02/20,0,0,0,0
2015/02/23,0,0,0,0
2015/02/24,0,0,-7000,-7000
2015/02/25,0,1000,-12000,-11000
2015/02/26,0,107000,-6000,101000
2015/02/27,0,0,0,0
2015/03/02,0,21000,0,21000
2015/03/03,0,10000,0,10000
2015/03/04,0,0,-11000,-11000
2015/03/05,0,4000,-9298,-5298
2015/03/06,0,0,0,0
2015/03/09,0,0,-144000,-144000
2015/03/10,0,0,-49000,-49000
2015/03/11,0,0,-1000,-1000
2015/03/12,0,0,-2000,-2000
2015/03/13,0,0,0,0
2015/03/16,0,11000,-5000,6000
2015/03/17,0,0,-179,-179
2015/03/18,0,0,-3000,-3000
2015/03/19,0,6000,-6000,0
2015/03/20,0,4000,0,4000
2015/03/23,0,0,-283,-283
2015/03/24,0,0,0,0
2015/03/25,0,92000,-1149,90851
2015/03/26,0,2000,-1000,1000
2015/03/27,0,0,0,0
2015/03/30,0,42000,0,42000
2015/03/31,0,90000,-1000,89000
2015/04/01,0,0,-6000,-6000
2015/04/02,0,15000,0,15000
2015/04/03,0,0,0,0
2015/04/06,0,0,0,0
2015/04/07,0,49000,0,49000
2015/04/08,0,79000,-3000,76000
2015/04/09,0,7000,-50000,-43000
2015/04/10,0,22000,-20000,2000
2015/04/13,0,25000,0,25000
2015/04/14,0,0,-10000,-10000
2015/04/15,0,14000,-61000,-47000
2015/04/16,0,6000,-7000,-1000
2015/04/17,0,0,0,0
2015/04/20,0,0,-6000,-6000
2015/04/21,0,0,0,0
2015/04/22,0,5000,-1000,4000
2015/04/23,0,11000,-1000,10000
2015/04/24,0,78000,-2000,76000
2015/04/27,0,8000,-194000,-186000
2015/04/28,0,7000,0,7000
2015/04/29,0,40000,0,40000
2015/04/30,0,4000,-7000,-3000
2015/05/01,0,0,0,0
2015/05/04,0,0,-20000,-20000
2015/05/05,0,1000,0,1000
2015/05/06,0,2000,-19000,-17000
2015/05/07,0,0,-2000,-2000
2015/05/08,0,1000,-2000,-1000
2015/05/11,0,13000,-67000,-54000
2015/05/12,0,13000,0,13000
2015/05/13,0,0,-28000,-28000
2015/05/14,0,0,-24000,-24000
2015/05/15,0,0,-35000,-35000
2015/05/18,0,9000,-2000,7000
2015/05/19,0,3000,-3000,0
2015/05/20,0,9000,-28000,-19000
2015/05/21,0,1000,-71000,-70000
2015/05/22,0,0,-30000,-30000
2015/05/25,0,2000,-4000,-2000
2015/05/26,0,0,-3000,-3000
2015/05/27,0,0,-9000,-9000
2015/05/28,0,0,-10000,-10000
2015/05/29,0,0,0,0
2015/06/01,0,1000,0,1000
2015/06/02,0,0,-1000,-1000
2015/06/03,0,0,-3000,-3000
2015/06/04,0,1000,-1000,0
2015/06/05,0,0,-1000,-1000
2015/06/08,0,0,0,0
2015/06/09,0,0,0,0
2015/06/10,0,1000,0,1000
2015/06/11,0,1000,-1591,-591
2015/06/12,0,0,0,0
2015/06/15,0,0,0,0
2015/06/16,0,0,0,0
2015/06/17,0,6000,-1000,5000
2015/06/18,0,72000,-5000,67000
2015/06/19,0,0,0,0
2015/06/22,0,29000,0,29000
2015/06/23,0,0,0,0
2015/06/24,0,0,-17000,-17000
2015/06/25,0,0,-9000,-9000
2015/06/26,0,0,-9000,-9000
2015/06/29,0,0,-8000,-8000
2015/06/30,0,37000,0,37000
2015/07/01,0,3000,0,3000
2015/07/02,0,0,0,0
2015/07/03,0,0,0,0
2015/07/06,0,0,0,0
2015/07/07,0,6000,0,6000
2015/07/08,0,14000,0,14000
2015/07/09,0,6000,0,6000
2015/07/10,0,0,0,0
2015/07/13,0,0,-5000,-5000
2015/07/14,0,0,-6000,-6000
2015/07/15,0,0,0,0
2015/07/16,0,0,0,0
2015/07/17,0,0,-8000,-8000
2015/07/20,0,0,0,0
2015/07/21,0,0,0,0
2015/07/22,0,5000,0,5000
2015/07/23,0,8000,0,8000
2015/07/24,0,3000,0,3000
2015/07/27,0,37000,0,37000
2015/07/28,0,46000,-19000,27000
2015/07/29,0,1000,-3000,-2000
2015/07/30,0,0,-1000,-1000
2015/07/31,0,12000,-17000,-5000
2015/08/03,0,0,-8000,-8000
2015/08/04,0,33000,-32000,1000
2015/08/05,0,22000,0,22000
2015/08/06,0,0,-2000,-2000
2015/08/07,0,0,-3000,-3000
2015/08/10,0,0,-2000,-2000
2015/08/11,0,2000,-45000,-43000
2015/08/12,0,19000,0,19000
2015/08/13,0,0,0,0
2015/08/14,0,0,-29000,-29000
2015/08/17,0,1000,-2000,-1000
2015/08/18,0,0,-25000,-25000
2015/08/19,0,2000,-6000,-4000
2015/08/20,0,0,-6000,-6000
2015/08/21,0,1000,-4000,-3000
2015/08/24,0,49000,-43000,6000
2015/08/25,0,7000,-7000,0
2015/08/26,0,0,-2000,-2000
2015/08/27,0,4000,-20000,-16000
2015/08/28,0,0,-6000,-6000
2015/08/31,0,6000,-20000,-14000
2015/09/01,0,0,-16000,-16000
2015/09/02,0,0,-16000,-16000
2015/09/03,0,20000,-5000,15000
2015/09/04,0,90000,-1000,89000
2015/09/07,0,10000,0,10000
2015/09/08,0,12000,-1000,11000
2015/09/09,0,23000,0,23000
2015/09/10,0,32000,0,32000
2015/09/11,0,87000,0,87000
2015/09/14,0,75000,-18000,57000
2015/09/15,0,11000,0,11000
2015/09/16,0,0,0,0
2015/09/17,0,6000,0,6000
2015/09/18,0,0,0,0
2015/09/21,0,0,-8000,-8000
2015/09/22,0,70000,-20000,50000
2015/09/23,0,0,0,0
2015/09/24,0,2000,0,2000
2015/09/25,0,50000,0,50000
2015/09/28,0,0,0,0
2015/09/29,0,0,0,0
2015/09/30,0,7000,0,7000
2015/10/01,0,7000,-7000,0
2015/10/02,0,20000,0,20000
2015/10/05,0,26000,-1000,25000
2015/10/06,0,0,0,0
2015/10/07,0,0,0,0
2015/10/08,0,0,0,0
2015/10/09,0,0,0,0
2015/10/12,0,5000,0,5000
2015/10/13,0,0,0,0
2015/10/14,0,0,-2000,-2000
2015/10/15,0,2000,0,2000
2015/10/16,0,0,-1000,-1000
2015/10/19,0,0,-1000,-1000
2015/10/20,0,0,0,0
2015/10/21,0,0,0,0
2015/10/22,0,0,0,0
2015/10/23,0,6000,0,6000
2015/10/26,0,0,0,0
2015/10/27,0,0,0,0
2015/10/28,0,0,0,0
2015/10/29,0,31000,0,31000
2015/10/30,0,1000,0,1000
2015/11/02,0,0,0,0
2015/11/03,0,0,0,0
2015/11/04,0,3000,0,3000
2015/11/05,0,25000,0,25000
2015/11/06,0,0,-7000,-7000
2015/11/09,0,0,-1000,-1000
2015/11/10,0,0,0,0
2015/11/11,0,0,-34000,-34000
2015/11/12,0,0,-3000,-3000
2015/11/13,0,1000,-103000,-102000
2015/11/16,0,16000,-37000,-21000
2015/11/17,0,0,0,0
2015/11/18,0,0,0,0
2015/11/19,0,9000,-3000,6000
2015/11/20,0,0,0,0
2015/11/23,0,0,0,0
2015/11/24,0,0,-26000,-26000
2015/11/25,0,19000,-75000,-56000
2015/11/26,0,0,-93000,-93000
2015/11/27,0,0,-23000,-23000
2015/11/30,0,308000,-8000,300000
2015/12/01,0,1000,-94371,-93371
2015/12/02,0,16000,0,16000
2015/12/03,0,66000,-3000,63000
2015/12/04,0,5000,0,5000
2015/12/07,0,0,0,0
2015/12/08,0,5000,-23000,-18000
2015/12/09,0,0,0,0
2015/12/10,0,56000,0,56000
2015/12/11,0,18000,0,18000
2015/12/14,0,3000,0,3000
2015/12/15,0,44000,0,44000
2015/12/16,0,52000,0,52000
2015/12/17,0,105000,0,105000
2015/12/18,0,30000,-6000,24000
2015/12/21,0,59000,0,59000
2015/12/22,0,0,0,0
2015/12/23,0,14000,0,14000
2015/12/24,0,0,0,0
2015/12/25,0,44000,-120000,-76000
2015/12/28,0,0,-3000,-3000
2015/12/29,0,72000,0,72000
2015/12/30,0,70000,0,70000
2015/12/31,0,2000,-240000,-238000
2016/01/01,0,0,0,0
2016/01/04,0,5000,-9000,-4000
2016/01/05,0,34000,0,34000
2016/01/06,0,15000,0,15000
2016/01/07,0,64000,0,64000
2016/01/08,0,95000,-15000,80000
2016/01/11,0,257000,0,257000
2016/01/12,0,18000,-2000,16000
2016/01/13,0,50000,-14000,36000
2016/01/14,0,64000,-10000,54000
2016/01/15,0,0,-3000,-3000
2016/01/18,0,25000,-10000,15000
2016/01/19,0,97000,-25000,72000
2016/01/20,0,91000,-47000,44000
2016/01/21,0,17000,-11000,6000
2016/01/22,0,36000,-16000,20000
2016/01/25,0,34000,-15000,19000
2016/01/26,0,56000,-8000,48000
2016/01/27,0,29000,-32000,-3000
2016/01/28,0,170000,-130000,40000
2016/01/29,0,56000,-69000,-13000
2016/02/01,0,50000,-29000,21000
2016/02/02,0,0,-99000,-99000
2016/02/03,0,7000,-19000,-12000
2016/02/04,0,0,0,0
2016/02/05,0,0,0,0
2016/02/08,0,0,0,0
2016/02/09,0,0,0,0
2016/02/10,0,0,0,0
2016/02/11,0,0,0,0
2016/02/12,0,0,0,0
2016/02/15,0,0,-3000,-3000
2016/02/16,0,9000,0,9000
2016/02/17,0,25000,-31000,-6000
2016/02/18,0,2000,-1000,1000
2016/02/19,0,0,0,0
2016/02/22,0,52000,-2000,50000
2016/02/23,0,34000,-46000,-12000
2016/02/24,0,82000,-29000,53000
2016/02/25,0,376000,-51000,325000
2016/02/26,0,25000,-167000,-142000
2016/02/29,0,0,0,0
2016/03/01,0,162000,-18000,144000
2016/03/02,0,236000,-109000,127000
2016/03/03,0,268000,-41000,227000
2016/03/04,0,82000,-341000,-259000
2016/03/07,0,132000,-189000,-57000
2016/03/08,0,46000,-67000,-21000
2016/03/09,0,844000,-99000,745000
2016/03/10,0,242000,-503000,-261000
2016/03/11,0,23000,-172000,-149000
2016/03/14,0,2000,-31000,-29000
2016/03/15,0,4000,-449000,-445000
2016/03/16,0,163000,-136000,27000
2016/03/17,0,716000,-226000,490000
2016/03/18,0,133000,-517000,-384000
2016/03/21,0,20000,-105000,-85000
2016/03/22,0,8000,-375000,-367000
2016/03/23,0,4000,-10000,-6000
2016/03/24,0,137000,-6000,131000
2016/03/25,0,73000,-161000,-88000
2016/03/28,0,27000,-50000,-23000
2016/03/29,0,91000,-43000,48000
2016/03/30,0,59000,-72000,-13000
2016/03/31,0,112000,-67000,45000
2016/04/01,0,32000,-108000,-76000
2016/04/04,0,0,0,0
2016/04/05,0,0,0,0
2016/04/06,0,95000,-16000,79000
2016/04/07,0,110000,-96000,14000
2016/04/08,0,13000,-27000,-14000
2016/04/11,0,25000,-47000,-22000
2016/04/12,0,7000,-4000,3000
2016/04/13,0,0,0,0
2016/04/14,0,553000,-15000,538000
2016/04/15,0,3000,-361000,-358000
2016/04/18,0,1000,-113000,-112000
2016/04/19,0,33000,-7000,26000
2016/04/20,0,79000,-29000,50000
2016/04/21,0,60000,-102000,-42000
2016/04/22,0,49000,-2000,47000
2016/04/25,0,2000,0,2000
2016/04/26,0,20000,-2000,18000
2016/04/27,0,33000,-34000,-1000
2016/04/28,0,84000,-12000,72000
2016/04/29,0,131000,-40000,91000
2016/05/02,0,0,0,0
2016/05/03,0,244000,0,244000
2016/05/04,0,326000,-22000,304000
2016/05/05,0,240000,-77000,163000
2016/05/06,0,226000,0,226000
2016/05/09,0,216000,0,216000
2016/05/10,0,160000,-5000,155000
2016/05/11,0,228000,0,228000
2016/05/12,0,133000,-91000,42000
2016/05/13,0,580000,-7000,573000
2016/05/16,0,695000,-36000,659000
2016/05/17,0,239000,-513000,-274000
2016/05/18,0,105000,-59000,46000
2016/05/19,0,154000,-52000,102000
2016/05/20,0,67000,-114000,-47000
2016/05/23,0,62000,-43000,19000
2016/05/24,0,146000,-247000,-101000
2016/05/25,0,106000,-143000,-37000
2016/05/26,0,4000,-52000,-48000
2016/05/27,0,1000,-24000,-23000
2016/05/30,0,50000,-39000,11000
2016/05/31,0,0,-39000,-39000
2016/06/01,0,0,-124000,-124000
2016/06/02,0,91000,-206000,-115000
2016/06/03,0,24000,-159000,-135000
2016/06/06,0,17000,-75000,-58000
2016/06/07,0,13000,-413000,-400000
2016/06/08,0,3000,-67000,-64000
2016/06/09,0,0,0,0
2016/06/10,0,0,0,0
2016/06/13,0,26000,-117000,-91000
2016/06/14,0,6000,-83000,-77000
2016/06/15,0,0,-30000,-30000
2016/06/16,0,22000,-181000,-159000
2016/06/17,0,1000,-45000,-44000
2016/06/20,0,16000,-41000,-25000
2016/06/21,0,204000,-84000,120000
2016/06/22,0,53000,-50000,3000
2016/06/23,0,50000,-49000,1000
2016/06/24,0,4000,-64000,-60000
2016/06/27,0,0,-58000,-58000
2016/06/28,0,1000,-29000,-28000
2016/06/29,0,19000,-164000,-145000
2016/06/30,0,0,-170000,-170000
2016/07/01,0,373000,-134000,239000
2016/07/04,0,335000,-205000,130000
2016/07/05,0,344000,-39000,305000
2016/07/06,0,315000,-165000,150000
2016/07/07,0,310000,-33000,277000
2016/07/08,0,0,0,0
2016/07/11,0,295000,-209000,86000
2016/07/12,0,343000,-108000,235000
2016/07/13,0,335000,-180000,155000
2016/07/14,0,303000,-97000,206000
2016/07/15,0,301000,-172000,129000
2016/07/18,0,391000,-448000,-57000
2016/07/19,0,344000,-112000,232000
2016/07/20,0,306000,-121000,185000
2016/07/21,0,497000,-115000,382000
2016/07/22,0,318000,-106000,212000
2016/07/25,0,619000,-130000,489000
2016/07/26,0,258000,-265000,-7000
2016/07/27,0,156000,-87000,69000
2016/07/28,0,171000,-100000,71000
2016/07/29,0,114000,-154000,-40000
2016/08/01,0,22000,-166000,-144000
2016/08/02,0,6000,-128000,-122000
2016/08/03,0,39000,-86000,-47000
2016/08/04,0,52000,-223000,-171000
2016/08/05,0,22000,-127000,-105000
2016/08/08,0,0,-107000,-107000
2016/08/09,0,1000,-59000,-58000
2016/08/10,0,13000,-77000,-64000
2016/08/11,0,32000,-107000,-75000
2016/08/12,0,1000,-24000,-23000
2016/08/15,0,0,-64000,-64000
2016/08/16,0,20000,-114000,-94000
2016/08/17,0,3000,-65000,-62000
2016/08/18,0,3000,-80000,-77000
2016/08/19,0,0,-24000,-24000
2016/08/22,0,1000,-26000,-25000
2016/08/23,0,35000,-36000,-1000
2016/08/24,0,0,-15000,-15000
2016/08/25,0,3000,-40000,-37000
2016/08/26,0,0,-99000,-99000
2016/08/29,0,0,-18000,-18000
2016/08/30,0,0,-55000,-55000
2016/08/31,0,0,-45000,-45000
2016/09/01,0,0,-8000,-8000
2016/09/02,0,1000,-15000,-14000
2016/09/05,0,8000,-13000,-5000
2016/09/06,0,0,-39000,-39000
2016/09/07,0,26000,-80000,-54000
2016/09/08,0,28000,-69000,-41000
2016/09/09,0,6000,-67000,-61000
2016/09/12,0,0,-21000,-21000
2016/09/13,0,144000,-9000,135000
2016/09/14,0,13000,0,13000
2016/09/15,0,0,0,0
2016/09/16,0,0,0,0
2016/09/19,0,2000,-9000,-7000
2016/09/20,0,4000,-4000,0
2016/09/21,0,0,-4000,-4000
2016/09/22,0,11000,-33000,-22000
2016/09/23,0,0,-8000,-8000
2016/09/26,0,0,0,0
2016/09/27,0,0,0,0
2016/09/28,0,0,0,0
2016/09/29,0,19000,-370000,-351000
2016/09/30,0,156000,-658000,-502000
2016/10/03,0,27000,-200000,-173000
2016/10/04,0,0,-200000,-200000
2016/10/05,0,0,-3000,-3000
2016/10/06,0,14000,-4000,10000
2016/10/07,0,52000,0,52000
2016/10/10,0,0,0,0
2016/10/11,0,75000,-3000,72000
2016/10/12,0,39000,-8000,31000
2016/10/13,0,74000,-2000,72000
2016/10/14,0,72000,0,72000
2016/10/17,0,29000,0,29000
2016/10/18,0,28000,-9000,19000
2016/10/19,0,88000,-11000,77000
2016/10/20,0,63000,-9000,54000
2016/10/21,0,52000,-77000,-25000
2016/10/24,0,28000,0,28000
2016/10/25,0,41000,0,41000
2016/10/26,0,147000,0,147000
2016/10/27,0,35000,0,35000
2016/10/28,0,12000,0,12000
2016/10/31,0,23000,0,23000
2016/11/01,0,24000,-1000,23000
2016/11/02,0,89000,-5000,84000
2016/11/03,0,40000,-41000,-1000
2016/11/04,0,34000,-7000,27000
2016/11/07,0,23000,-1000,22000
2016/11/08,0,0,0,0
2016/11/09,0,275000,-50000,225000
2016/11/10,0,11000,0,11000
2016/11/11,0,227000,0,227000
2016/11/14,0,152000,-1000,151000
2016/11/15,0,68000,-1000,67000
2016/11/16,0,20000,-9000,11000
2016/11/17,0,94000,-32000,62000
2016/11/18,0,51000,0,51000
2016/11/21,0,9000,-6000,3000
2016/11/22,0,51000,-3000,48000
2016/11/23,0,23000,-1000,22000
2016/11/24,0,5000,0,5000
2016/11/25,0,3000,-3000,0
2016/11/28,0,24000,-9000,15000
2016/11/29,0,6000,-11000,-5000
2016/11/30,0,0,-20000,-20000
2016/12/01,0,20000,-2000,18000
2016/12/02,0,29000,-5000,24000
2016/12/05,0,34000,-1000,33000
2016/12/06,0,12000,-2000,10000
2016/12/07,0,12000,-7000,5000
2016/12/08,0,3000,-22000,-19000
2016/12/09,0,0,-10000,-10000
2016/12/12,0,27000,-24000,3000
2016/12/13,0,9000,-1000,8000
2016/12/14,0,0,0,0
2016/12/15,0,5000,-7000,-2000
2016/12/16,0,21000,-7000,14000
2016/12/19,0,35000,-20000,15000
2016/12/20,0,62000,-10000,52000
2016/12/21,0,27000,0,27000
2016/12/22,0,44000,-23000,21000
2016/12/23,0,78000,0,78000
2016/12/26,0,34000,-30000,4000
2016/12/27,0,25000,0,25000
2016/12/28,0,8000,0,8000
2016/12/29,0,11000,0,11000
2016/12/30,0,2000,0,2000
2017/01/02,0,0,0,0
2017/01/03,0,0,-128000,-128000
2017/01/04,0,0,-9000,-9000
2017/01/05,0,0,-1000,-1000
2017/01/06,0,40000,-19000,21000
2017/01/09,0,0,-3000,-3000
2017/01/10,0,0,-25000,-25000
2017/01/11,0,30000,-37000,-7000
2017/01/12,0,15000,-36000,-21000
2017/01/13,0,5000,-9000,-4000
2017/01/16,0,10000,-30000,-20000
2017/01/17,0,0,-22000,-22000
2017/01/18,0,11000,-8000,3000
2017/01/19,0,6000,-4000,2000
2017/01/20,0,205000,0,205000
2017/01/23,0,5000,-3000,2000
2017/01/24,0,10000,-8000,2000
2017/01/25,0,0,0,0
2017/01/26,0,0,0,0
2017/01/27,0,0,0,0
2017/01/30,0,0,0,0
2017/01/31,0,0,0,0
2017/02/01,0,0,0,0
2017/02/02,0,0,-3000,-3000
2017/02/03,0,3000,-20000,-17000
2017/02/06,0,0,-27000,-27000
2017/02/07,0,43000,0,43000
2017/02/08,0,1000,-5000,-4000
2017/02/09,0,11000,-7000,4000
2017/02/10,0,10000,-8000,2000
2017/02/13,0,5000,-18000,-13000
2017/02/14,0,25000,-94000,-69000
2017/02/15,0,30000,-26000,4000
2017/02/16,0,0,-168000,-168000
2017/02/17,0,0,-53000,-53000
2017/02/20,0,5000,0,5000
2017/02/21,0,0,-25000,-25000
2017/02/22,0,4000,-18000,-14000
2017/02/23,0,0,-46000,-46000
2017/02/24,0,0,0,0
2017/02/27,0,0,0,0
2017/02/28,0,0,0,0
2017/03/01,0,10000,-9000,1000
2017/03/02,0,43000,-10000,33000
2017/03/03,0,0,0,0
2017/03/06,0,0,0,0
2017/03/07,0,10000,-24000,-14000
2017/03/08,0,5000,0,5000
2017/03/09,0,0,0,0
2017/03/10,0,35000,-15000,20000
2017/03/13,0,5000,-5000,0
2017/03/14,0,0,-18000,-18000
2017/03/15,0,0,0,0
2017/03/16,0,20000,-27000,-7000
2017/03/17,0,0,-25000,-25000
2017/03/20,0,0,-47000,-47000
2017/03/21,0,10000,-121000,-111000
2017/03/22,0,2000,0,2000
2017/03/23,0,15000,-2000,13000
2017/03/24,0,10000,-7000,3000
2017/03/27,0,35000,0,35000
2017/03/28,0,71000,-31000,40000
2017/03/29,0,64000,-3000,61000
2017/03/30,0,2000,-10000,-8000
2017/03/31,0,0,-1000,-1000
2017/04/03,0,0,0,0
2017/04/04,0,0,0,0
2017/04/05,0,2000,-3000,-1000
2017/04/06,0,34000,-5000,29000
2017/04/07,0,0,-3000,-3000
2017/04/10,0,4000,0,4000
2017/04/11,0,29000,0,29000
2017/04/12,0,27000,-15000,12000
2017/04/13,0,10000,0,10000
2017/04/14,0,81000,-1000,80000
2017/04/17,0,119000,-15000,104000
2017/04/18,0,24000,-1000,23000
2017/04/19,0,68000,-1000,67000
2017/04/20,0,63000,0,63000
2017/04/21,0,36000,-5000,31000
2017/04/24,0,9000,0,9000
2017/04/25,0,14000,0,14000
2017/04/26,0,18000,0,18000
2017/04/27,0,1000,0,1000
2017/04/28,0,10000,-18000,-8000
2017/05/01,0,0,0,0
2017/05/02,0,0,-45000,-45000
2017/05/03,0,5000,0,5000
2017/05/04,0,0,-27000,-27000
2017/05/05,0,0,-60000,-60000
2017/05/08,0,0,-28000,-28000
2017/05/09,0,0,0,0
2017/05/10,0,20000,0,20000
2017/05/11,0,10000,0,10000
2017/05/12,0,0,-9000,-9000
2017/05/15,0,0,-43000,-43000
2017/05/16,0,0,-62000,-62000
2017/05/17,0,0,-16000,-16000
2017/05/18,0,0,0,0
2017/05/19,0,0,-18000,-18000
2017/05/22,0,0,0,0
2017/05/23,0,0,-2000,-2000
2017/05/24,0,0,-37000,-37000
2017/05/25,0,0,0,0
2017/05/26,0,0,-18000,-18000
2017/05/29,0,0,0,0
2017/05/30,0,0,0,0
2017/05/31,0,2000,0,2000
2017/06/01,0,0,-4000,-4000
2017/06/02,0,5000,0,5000
2017/06/05,0,0,-36000,-36000
2017/06/06,0,2000,-140987,-138987
2017/06/07,0,4000,-87000,-83000
2017/06/08,0,0,-12000,-12000
2017/06/09,0,1000,-102000,-101000
2017/06/12,0,2000,-81000,-79000
2017/06/13,0,0,-31000,-31000
2017/06/14,0,0,-28000,-28000
2017/06/15,0,6000,0,6000
2017/06/16,0,19000,0,19000
2017/06/19,0,1000,-76000,-75000
2017/06/20,0,28000,-16000,12000
2017/06/21,0,25000,-55000,-30000
2017/06/22,0,0,-29000,-29000
2017/06/23,0,0,-16000,-16000
2017/06/26,0,51000,-31000,20000
2017/06/27,0,18000,-19000,-1000
2017/06/28,0,23000,-24000,-1000
2017/06/29,0,0,-28000,-28000
2017/06/30,0,0,-5000,-5000
2017/07/03,0,19000,-116000,-97000
2017/07/04,0,0,-100000,-100000
2017/07/05,0,60000,-110000,-50000
2017/07/06,0,0,-108000,-108000
2017/07/07,0,0,-100000,-100000
2017/07/10,0,1000,-100000,-99000
2017/07/11,0,31000,-107000,-76000
2017/07/12,0,0,-137000,-137000
2017/07/13,0,0,-114000,-114000
2017/07/14,0,0,-123000,-123000
2017/07/17,0,30000,-124000,-94000
2017/07/18,0,0,-111000,-111000
2017/07/19,0,0,-116000,-116000
2017/07/20,0,150000,-100000,50000
2017/07/21,0,150000,-102000,48000
2017/07/24,0,0,-108000,-108000
2017/07/25,0,85000,-119000,-34000
2017/07/26,0,0,-139000,-139000
2017/07/27,0,1000,-8000,-7000
2017/07/28,0,5000,0,5000
2017/07/31,0,8000,0,8000
2017/08/01,0,0,0,0
2017/08/02,0,0,-12000,-12000
2017/08/03,0,0,-14000,-14000
2017/08/04,0,0,-11000,-11000
2017/08/07,0,0,0,0
2017/08/08,0,0,-21000,-21000
2017/08/09,0,9000,-39000,-30000
2017/08/10,0,52000,0,52000
2017/08/11,0,41000,-135000,-94000
2017/08/14,0,49000,-75000,-26000
2017/08/15,0,34000,-109000,-75000
2017/08/16,0,62000,-1000,61000
2017/08/17,0,2000,-4000,-2000
2017/08/18,0,45000,0,45000
