Date,Open,Buy,Sell,Total
2007/01/02,0,107000,-189000,-82000
2007/01/03,0,2891000,-702000,2189000
2007/01/04,0,758000,-2590000,-1832000
2007/01/05,0,71000,-795000,-724000
2007/01/08,0,18000,-2115073,-2097073
2007/01/09,0,57000,-887000,-830000
2007/01/10,0,617000,-76000,541000
2007/01/11,0,143000,-692000,-549000
2007/01/12,0,7000,0,7000
2007/01/15,0,688000,-95000,593000
2007/01/16,0,8000,-20000,-12000
2007/01/17,0,50000,-482000,-432000
2007/01/18,0,1663000,-785000,878000
2007/01/19,0,444000,-119000,325000
2007/01/22,0,604000,-143000,461000
2007/01/23,0,0,-1869023,-1869023
2007/01/24,0,484000,-6791000,-6307000
2007/01/25,0,658000,-1181000,-523000
2007/01/26,0,313000,-2050000,-1737000
2007/01/29,0,102000,-1109441,-1007441
2007/01/30,0,1859000,-2059305,-200305
2007/01/31,0,315000,-1444000,-1129000
2007/02/01,0,1136000,0,1136000
2007/02/02,0,1147351,-185000,962351
2007/02/05,0,286000,-427000,-141000
2007/02/06,0,118000,-1024468,-906468
2007/02/07,0,843000,-1000,842000
2007/02/08,0,567000,-514836,52164
2007/02/09,0,407000,0,407000
2007/02/12,0,125000,-51000,74000
2007/02/13,0,74000,-64000,10000
2007/02/14,0,278000,-267492,10508
2007/02/15,0,0,0,0
2007/02/16,0,0,0,0
2007/02/19,0,0,0,0
2007/02/20,0,0,0,0
2007/02/21,0,0,0,0
2007/02/22,0,0,0,0
2007/02/23,0,0,0,0
2007/02/26,0,106000,-1000207,-894207
2007/02/27,0,900000,-1189362,-289362
2007/02/28,0,0,0,0
2007/03/01,0,128000,-562000,-434000
2007/03/02,0,3000,-464000,-461000
2007/03/05,0,139000,-292000,-153000
2007/03/06,0,24000,-60000,-36000
2007/03/07,0,0,-921000,-921000
2007/03/08,0,268000,-316000,-48000
2007/03/09,0,40000,-1000,39000
2007/03/12,0,0,-324000,-324000
2007/03/13,0,33000,-58000,-25000
2007/03/14,0,0,-28000,-28000
2007/03/15,0,9000,-809000,-800000
2007/03/16,0,17000,-3000,14000
2007/03/19,0,0,-19000,-19000
2007/03/20,0,184000,-724000,-540000
2007/03/21,0,0,-594567,-594567
2007/03/22,0,59000,-429000,-370000
2007/03/23,0,39000,0,39000
2007/03/26,0,2000,0,2000
2007/03/27,0,12000,-16000,-4000
2007/03/28,0,91000,-4000,87000
2007/03/29,0,72000,-12000,60000
2007/03/30,0,600000,-56000,544000
2007/04/02,0,90000,-653000,-563000
2007/04/03,0,403000,-104000,299000
2007/04/04,0,65000,-351000,-286000
2007/04/05,0,0,0,0
2007/04/06,0,0,0,0
2007/04/09,0,295000,-187000,108000
2007/04/10,0,78000,-20000,58000
2007/04/11,0,122000,-291000,-169000
2007/04/12,0,35000,-39000,-4000
2007/04/13,0,1000,-292000,-291000
2007/04/16,0,175000,-411000,-236000
2007/04/17,0,2000,-1409000,-1407000
2007/04/18,0,65000,-66000,-1000
2007/04/19,0,248836,-2923000,-2674164
2007/04/20,0,549000,-1720000,-1171000
2007/04/23,0,68000,-124000,-56000
2007/04/24,0,140000,-156000,-16000
2007/04/25,0,19000,-95000,-76000
2007/04/26,0,140000,-324000,-184000
2007/04/27,0,449000,-1315000,-866000
2007/04/30,0,424000,-1512000,-1088000
2007/05/01,0,0,0,0
2007/05/02,0,42000,-512000,-470000
2007/05/03,0,36000,-894000,-858000
2007/05/04,0,664000,0,664000
2007/05/07,0,1210000,0,1210000
2007/05/08,0,331000,-9000,322000
2007/05/09,0,467000,-600000,-133000
2007/05/10,0,632000,-2109000,-1477000
2007/05/11,0,838000,-2945000,-2107000
2007/05/14,0,1546000,-1367000,179000
2007/05/15,0,1000,-686000,-685000
2007/05/16,0,20000,-1621000,-1601000
2007/05/17,0,710000,-1110000,-400000
2007/05/18,0,1198000,-588639,609361
2007/05/21,0,718000,-997000,-279000
2007/05/22,0,1060000,-3525175,-2465175
2007/05/23,0,1019000,-678000,341000
2007/05/24,0,507000,-233000,274000
2007/05/25,0,513000,-319000,194000
2007/05/28,0,10000,-159000,-149000
2007/05/29,0,71000,-7000,64000
2007/05/30,0,34000,-80000,-46000
2007/05/31,0,34000,-140000,-106000
2007/06/01,0,39000,-41000,-2000
2007/06/04,0,11000,-41000,-30000
2007/06/05,0,74000,-244000,-170000
2007/06/06,0,66900,-506000,-439100
2007/06/07,0,26000,-18000,8000
2007/06/08,0,115000,-51000,64000
2007/06/11,0,239000,-1000,238000
2007/06/12,0,626000,-463000,163000
2007/06/13,0,22000,-1000,21000
2007/06/14,0,9000,-8000,1000
2007/06/15,0,86000,-7000,79000
2007/06/18,0,0,0,0
2007/06/19,0,0,0,0
2007/06/20,0,1129000,-7000,1122000
2007/06/21,0,431000,-14000,417000
2007/06/22,0,134000,0,134000
2007/06/25,0,1976000,-1000,1975000
2007/06/26,0,1581000,-186000,1395000
2007/06/27,0,898000,-277000,621000
2007/06/28,0,56000,-613000,-557000
2007/06/29,0,43000,-325000,-282000
2007/07/02,0,252000,0,252000
2007/07/03,0,329000,-541000,-212000
2007/07/04,0,163000,-24000,139000
2007/07/05,0,406000,-70000,336000
2007/07/06,0,1265000,-1930915,-665915
2007/07/09,0,118000,-159000,-41000
2007/07/10,0,210000,-119000,91000
2007/07/11,0,55500,-115000,-59500
2007/07/12,0,66000,-32000,34000
2007/07/13,0,126000,-15000,111000
2007/07/16,0,98000,-24000,74000
2007/07/17,0,267300,-13000,254300
2007/07/18,0,125000,-27000,98000
2007/07/19,0,165000,-302000,-137000
2007/07/20,0,29000,-192000,-163000
2007/07/23,0,89000,-219000,-130000
2007/07/24,0,112000,-10000,102000
2007/07/25,0,99000,-877000,-778000
2007/07/26,0,201000,-753000,-552000
2007/07/27,0,324000,-67870,256130
2007/07/30,0,275000,-343000,-68000
2007/07/31,0,81000,-379000,-298000
2007/08/01,0,3000,-735000,-732000
2007/08/02,0,47000,-208000,-161000
2007/08/03,0,76000,-999000,-923000
2007/08/06,0,83000,-496000,-413000
2007/08/07,0,13000,-45000,-32000
2007/08/08,0,630000,-148000,482000
2007/08/09,0,543000,-71000,472000
2007/08/10,0,61000,-160000,-99000
2007/08/13,0,3000,-65000,-62000
2007/08/14,0,108000,-568000,-460000
2007/08/15,0,16000,-75000,-59000
2007/08/16,0,0,-436000,-436000
2007/08/17,0,50000,-142000,-92000
2007/08/20,0,596000,-20000,576000
2007/08/21,0,16000,-8000,8000
2007/08/22,0,15000,-2825000,-2810000
2007/08/23,0,67000,-1925000,-1858000
2007/08/24,0,10000,-9000,1000
2007/08/27,0,4000,-7000,-3000
2007/08/28,0,6000,-409000,-403000
2007/08/29,0,330000,-5000,325000
2007/08/30,0,12000,-4000,8000
2007/08/31,0,164000,-45000,119000
2007/09/03,0,7000,-508000,-501000
2007/09/04,0,69000,-81386,-12386
2007/09/05,0,514000,-66000,448000
2007/09/06,0,475000,0,475000
2007/09/07,0,187000,-84000,103000
2007/09/10,0,44000,-163000,-119000
2007/09/11,0,244000,-106000,138000
2007/09/12,0,509811,-28000,481811
2007/09/13,0,57000,-56000,1000
2007/09/14,0,22000,-24000,-2000
2007/09/17,0,425000,-66000,359000
2007/09/18,0,0,0,0
2007/09/19,0,37000,-6000,31000
2007/09/20,0,711000,-47000,664000
2007/09/21,0,122000,-4000,118000
2007/09/24,0,0,0,0
2007/09/25,0,0,0,0
2007/09/26,0,53000,-24000,29000
2007/09/27,0,416000,-29000,387000
2007/09/28,0,234000,-122000,112000
2007/10/01,0,326000,-33000,293000
2007/10/02,0,586000,-72000,514000
2007/10/03,0,77000,-63000,14000
2007/10/04,0,749000,-88000,661000
2007/10/05,0,20000,-34600,-14600
2007/10/08,0,565000,-19000,546000
2007/10/09,0,833000,-70800,762200
2007/10/10,0,0,0,0
2007/10/11,0,267000,-7600,259400
2007/10/12,0,790000,-569324,220676
2007/10/15,0,244000,-53800,190200
2007/10/16,0,403000,-12000,391000
2007/10/17,0,266000,-120000,146000
2007/10/18,0,335000,-85000,250000
2007/10/19,0,18000,-22575,-4575
2007/10/22,0,289000,-128000,161000
2007/10/23,0,3000,-104000,-101000
2007/10/24,0,21000,-70425,-49425
2007/10/25,0,29000,-28712,288
2007/10/26,0,71000,-13000,58000
2007/10/29,0,90000,-23000,67000
2007/10/30,0,259000,-2819,256181
2007/10/31,0,341000,-28000,313000
2007/11/01,0,138000,-361000,-223000
2007/11/02,0,254000,-448000,-194000
2007/11/05,0,110000,-625000,-515000
2007/11/06,0,15000,-357000,-342000
2007/11/07,0,2000,-150900,-148900
2007/11/08,0,6000,-228000,-222000
2007/11/09,0,131000,-396000,-265000
2007/11/12,0,59000,-408000,-349000
2007/11/13,0,296000,-302000,-6000
2007/11/14,0,200000,-17000,183000
2007/11/15,0,229000,-43000,186000
2007/11/16,0,213000,-135000,78000
2007/11/19,0,230000,-343000,-113000
2007/11/20,0,284000,-388687,-104687
2007/11/21,0,206000,-158000,48000
2007/11/22,0,247000,-621058,-374058
2007/11/23,0,205000,-336000,-131000
2007/11/26,0,226000,-208000,18000
2007/11/27,0,255000,-142000,113000
2007/11/28,0,203000,-278000,-75000
2007/11/29,0,589000,-430000,159000
2007/11/30,0,245000,-245000,0
2007/12/03,0,316873,-347193,-30320
2007/12/04,0,0,-199000,-199000
2007/12/05,0,29000,-56000,-27000
2007/12/06,0,235000,-313000,-78000
2007/12/07,0,235000,-289607,-54607
2007/12/10,0,20000,-101000,-81000
2007/12/11,0,30000,-156000,-126000
2007/12/12,0,48000,-223000,-175000
2007/12/13,0,12000,-253000,-241000
2007/12/14,0,17000,-226000,-209000
2007/12/17,0,3000,-236000,-233000
2007/12/18,0,26000,-214000,-188000
2007/12/19,0,8000,-40000,-32000
2007/12/20,0,4000,-30000,-26000
2007/12/21,0,4000,-9000,-5000
2007/12/24,0,904000,-11000,893000
2007/12/25,0,117000,-15000,102000
2007/12/26,0,46000,-11000,35000
2007/12/27,0,11000,-87000,-76000
2007/12/28,0,246000,-130826,115174
2007/12/31,0,1000,-927342,-926342
2008/01/01,0,0,0,0
2008/01/02,0,12000,-94095,-82095
2008/01/03,0,94000,-17000,77000
2008/01/04,0,34000,-49000,-15000
2008/01/07,0,965000,-41000,924000
2008/01/08,0,122000,-30000,92000
2008/01/09,0,105000,-65000,40000
2008/01/10,0,2000,-138755,-136755
2008/01/11,0,219000,-17000,202000
2008/01/14,0,147000,-129000,18000
2008/01/15,0,99000,-82740,16260
2008/01/16,0,142245,-144000,-1755
2008/01/17,0,163000,-291000,-128000
2008/01/18,0,179000,-169771,9229
2008/01/21,0,2000,-32000,-30000
2008/01/22,0,11000,-31000,-20000
2008/01/23,0,115000,-110000,5000
2008/01/24,0,593000,-59837,533163
2008/01/25,0,564000,-133651,430349
2008/01/28,0,0,-77000,-77000
2008/01/29,0,6000,-8000,-2000
2008/01/30,0,932000,-150891,781109
2008/01/31,0,1420000,-141000,1279000
2008/02/01,0,885000,-44037,840963
2008/02/04,0,0,0,0
2008/02/05,0,0,0,0
2008/02/06,0,0,0,0
2008/02/07,0,0,0,0
2008/02/08,0,0,0,0
2008/02/11,0,0,0,0
2008/02/12,0,596000,-114849,481151
2008/02/13,0,500000,-151000,349000
2008/02/14,0,1228000,-1000,1227000
2008/02/15,0,854000,-42000,812000
2008/02/18,0,712000,-23000,689000
2008/02/19,0,450000,-31000,419000
2008/02/20,0,16000,-79172,-63172
2008/02/21,0,359000,0,359000
2008/02/22,0,351000,0,351000
2008/02/25,0,356000,-57000,299000
2008/02/26,0,39000,-44000,-5000
2008/02/27,0,2290000,-1000,2289000
2008/02/28,0,0,0,0
2008/02/29,0,3084000,-745000,2339000
2008/03/03,0,17000,-319000,-302000
2008/03/04,0,217000,-70000,147000
2008/03/05,0,97000,-81000,16000
2008/03/06,0,255000,-5000,250000
2008/03/07,0,172000,-23000,149000
2008/03/10,0,69000,-307000,-238000
2008/03/11,0,217000,-327000,-110000
2008/03/12,0,675000,-475040,199960
2008/03/13,0,216000,-574000,-358000
2008/03/14,0,1320000,-377000,943000
2008/03/17,0,27000,-97000,-70000
2008/03/18,0,542000,-139000,403000
2008/03/19,0,563000,-913000,-350000
2008/03/20,0,1140000,-617000,523000
2008/03/21,0,1186000,-460000,726000
2008/03/24,0,1627000,-211000,1416000
2008/03/25,0,838000,-128441,709559
2008/03/26,0,461000,-1008000,-547000
2008/03/27,0,425000,-43000,382000
2008/03/28,0,733000,-120478,612522
2008/03/31,0,331000,-243000,88000
2008/04/01,0,274000,-50000,224000
2008/04/02,0,594000,-24000,570000
2008/04/03,0,4000,-87000,-83000
2008/04/04,0,0,0,0
2008/04/07,0,783000,-40000,743000
2008/04/08,0,327000,-385000,-58000
2008/04/09,0,1640000,-576000,1064000
2008/04/10,0,462000,-338364,123636
2008/04/11,0,354000,-366000,-12000
2008/04/14,0,904000,-150000,754000
2008/04/15,0,414000,-296000,118000
2008/04/16,0,114000,-2041000,-1927000
2008/04/17,0,644000,-1131100,-487100
2008/04/18,0,114000,-987001,-873001
2008/04/21,0,57000,-754669,-697669
2008/04/22,0,230302,-4000,226302
2008/04/23,0,235000,-271000,-36000
2008/04/24,0,739000,-471000,268000
2008/04/25,0,473000,-175000,298000
2008/04/28,0,580000,-285000,295000
2008/04/29,0,337000,-158000,179000
2008/04/30,0,912000,-1078000,-166000
2008/05/01,0,0,0,0
2008/05/02,0,485000,-161000,324000
2008/05/05,0,729000,-63000,666000
2008/05/06,0,26000,-84000,-58000
2008/05/07,0,0,-9000,-9000
2008/05/08,0,429000,-556000,-127000
2008/05/09,0,629000,-87000,542000
2008/05/12,0,218000,-10000,208000
2008/05/13,0,113000,-19000,94000
2008/05/14,0,414000,-48000,366000
2008/05/15,0,70000,-10000,60000
2008/05/16,0,42000,-6000,36000
2008/05/19,0,219000,-520000,-301000
2008/05/20,0,304000,-501000,-197000
2008/05/21,0,491000,-787000,-296000
2008/05/22,0,629000,-1442826,-813826
2008/05/23,0,211000,-308000,-97000
2008/05/26,0,835000,-510260,324740
2008/05/27,0,466000,-1141836,-675836
2008/05/28,0,92000,-368000,-276000
2008/05/29,0,188000,-562000,-374000
2008/05/30,0,271000,-438000,-167000
2008/06/02,0,47000,-524000,-477000
2008/06/03,0,230000,-298000,-68000
2008/06/04,0,7000,-452000,-445000
2008/06/05,0,158000,-1623000,-1465000
2008/06/06,0,30000,-1339000,-1309000
2008/06/09,0,0,-568000,-568000
2008/06/10,0,1872000,-1791420,80580
2008/06/11,0,2448000,-2091000,357000
2008/06/12,0,513000,-82000,431000
2008/06/13,0,143000,-554000,-411000
2008/06/16,0,31000,-511260,-480260
2008/06/17,0,556000,-632000,-76000
2008/06/18,0,347000,-619000,-272000
2008/06/19,0,185000,-267000,-82000
2008/06/20,0,1238000,-1490000,-252000
2008/06/23,0,702000,-907130,-205130
2008/06/24,0,295000,-31735,263265
2008/06/25,0,542000,-255000,287000
2008/06/26,0,380000,-563000,-183000
2008/06/27,0,36000,-35646,354
2008/06/30,0,370000,-44000,326000
2008/07/01,0,558000,-416000,142000
2008/07/02,0,280000,-366000,-86000
2008/07/03,0,428000,-872000,-444000
2008/07/04,0,160000,-653000,-493000
2008/07/07,0,144000,-652000,-508000
2008/07/08,0,249000,-500000,-251000
2008/07/09,0,568000,-943000,-375000
2008/07/10,0,319000,-367000,-48000
2008/07/11,0,668000,-90000,578000
2008/07/14,0,51000,-1000,50000
2008/07/15,0,0,-77000,-77000
2008/07/16,0,27000,-253000,-226000
2008/07/17,0,202000,-759000,-557000
2008/07/18,0,242000,-316000,-74000
2008/07/21,0,397000,-49000,348000
2008/07/22,0,203000,-90000,113000
2008/07/23,0,586000,-88000,498000
2008/07/24,0,176000,-84000,92000
2008/07/25,0,37000,0,37000
2008/07/28,0,0,0,0
2008/07/29,0,92000,-23000,69000
2008/07/30,0,364000,-32000,332000
2008/07/31,0,352000,-20000,332000
2008/08/01,0,257000,-260000,-3000
2008/08/04,0,800000,-1262550,-462550
2008/08/05,0,667000,-713499,-46499
2008/08/06,0,1071000,-954000,117000
2008/08/07,0,660000,-1375000,-715000
2008/08/08,0,5000,-1780000,-1775000
2008/08/11,0,206000,-1091000,-885000
2008/08/12,0,32000,-813000,-781000
2008/08/13,0,79000,-1684000,-1605000
2008/08/14,0,216000,-1895000,-1679000
2008/08/15,0,0,-1421000,-1421000
2008/08/18,0,608000,-1722000,-1114000
2008/08/19,0,501000,-2194348,-1693348
2008/08/20,0,370000,-2310000,-1940000
2008/08/21,0,37000,-648000,-611000
2008/08/22,0,3000,-549000,-546000
2008/08/25,0,2073000,-2495000,-422000
2008/08/26,0,637000,-2082000,-1445000
2008/08/27,0,1333000,-3123000,-1790000
2008/08/28,0,801000,-3198000,-2397000
2008/08/29,0,1528000,-10229000,-8701000
2008/09/01,0,615000,-5696000,-5081000
2008/09/02,0,830000,-1727000,-897000
2008/09/03,0,657000,-1218000,-561000
2008/09/04,0,910000,-1072000,-162000
2008/09/05,0,245000,-1928043,-1683043
2008/09/08,0,924000,-1444000,-520000
2008/09/09,0,5000,-1153737,-1148737
2008/09/10,0,1392000,-1037551,354449
2008/09/11,0,31000,-702000,-671000
2008/09/12,0,660000,-111000,549000
2008/09/15,0,176000,-29000,147000
2008/09/16,0,94000,-43844,50156
2008/09/17,0,77000,-191000,-114000
2008/09/18,0,111000,-76000,35000
2008/09/19,0,577000,-99000,478000
2008/09/22,0,179000,-269000,-90000
2008/09/23,0,177000,-220000,-43000
2008/09/24,0,3649984,-3237984,412000
2008/09/25,0,954000,-516000,438000
2008/09/26,0,466000,-721000,-255000
2008/09/29,0,0,0,0
2008/09/30,0,891000,-150000,741000
2008/10/01,0,474000,-184000,290000
2008/10/02,0,660000,-159000,501000
2008/10/03,0,474000,-421000,53000
2008/10/06,0,875000,-560000,315000
2008/10/07,0,15000,-1158000,-1143000
2008/10/08,0,27000,-592000,-565000
2008/10/09,0,526000,-1284934,-758934
2008/10/10,0,0,0,0
2008/10/13,0,2000,-148756,-146756
2008/10/14,0,70001,-498609,-428608
2008/10/15,0,30000,-345024,-315024
2008/10/16,0,0,-18157,-18157
2008/10/17,0,6000,-23487,-17487
2008/10/20,0,388000,-605597,-217597
2008/10/21,0,517000,-264000,253000
2008/10/22,0,156000,-198000,-42000
2008/10/23,0,37000,-24000,13000
2008/10/24,0,310000,-641174,-331174
2008/10/27,0,38000,-341000,-303000
2008/10/28,0,7000,-325807,-318807
2008/10/29,0,51000,-1011344,-960344
2008/10/30,0,78000,-314000,-236000
2008/10/31,0,2098000,-358249,1739751
2008/11/03,0,4003000,-3593000,410000
2008/11/04,0,44000,-38708,5292
2008/11/05,0,49000,-64000,-15000
2008/11/06,0,13000,-624000,-611000
2008/11/07,0,37000,-281000,-244000
2008/11/10,0,51000,-21000,30000
2008/11/11,0,53000,-78000,-25000
2008/11/12,0,26000,-275640,-249640
2008/11/13,0,7000,-55222,-48222
2008/11/14,0,646000,-440819,205181
2008/11/17,0,158000,-259000,-101000
2008/11/18,0,512000,-817000,-305000
2008/11/19,0,30000,-250000,-220000
2008/11/20,0,127000,-802000,-675000
2008/11/21,0,61000,-890000,-829000
2008/11/24,0,49000,-321000,-272000
2008/11/25,0,79000,-558000,-479000
2008/11/26,0,153000,-345000,-192000
2008/11/27,0,18000,-1154000,-1136000
2008/11/28,0,261000,-703000,-442000
2008/12/01,0,137000,-208000,-71000
2008/12/02,0,113000,-43000,70000
2008/12/03,0,608000,-34000,574000
2008/12/04,0,934000,-1360388,-426388
2008/12/05,0,527000,-507780,19220
2008/12/08,0,75896,-1066530,-990634
2008/12/09,0,150000,-160000,-10000
2008/12/10,0,323000,-290000,33000
2008/12/11,0,84099,-22000,62099
2008/12/12,0,37000,-807000,-770000
2008/12/15,0,31000,-32000,-1000
2008/12/16,0,89000,-551000,-462000
2008/12/17,0,132000,-2839639,-2707639
2008/12/18,0,300000,-850796,-550796
2008/12/19,0,1514000,-1547000,-33000
2008/12/22,0,36000,-847000,-811000
2008/12/23,0,45000,-93000,-48000
2008/12/24,0,160000,-56000,104000
2008/12/25,0,12000,-51000,-39000
2008/12/26,0,32000,-60000,-28000
2008/12/29,0,29000,-28000,1000
2008/12/30,0,118000,-76000,42000
2008/12/31,0,68000,-33000,35000
2009/01/01,0,0,0,0
2009/01/02,0,0,0,0
2009/01/05,0,4000,-92000,-88000
2009/01/06,0,1641000,-329000,1312000
2009/01/07,0,79000,-125000,-46000
2009/01/08,0,15000,-290919,-275919
2009/01/09,0,177000,-77000,100000
2009/01/12,0,4000,-242000,-238000
2009/01/13,0,13000,-12012,988
2009/01/14,0,8000,-17000,-9000
2009/01/15,0,12000,-15000,-3000
2009/01/16,0,0,-37000,-37000
2009/01/19,0,695000,-1231000,-536000
2009/01/20,0,26000,-690609,-664609
2009/01/21,0,338000,-470000,-132000
2009/01/22,0,0,0,0
2009/01/23,0,0,0,0
2009/01/26,0,0,0,0
2009/01/27,0,0,0,0
2009/01/28,0,0,0,0
2009/01/29,0,0,0,0
2009/01/30,0,0,0,0
2009/02/02,0,537000,-11000,526000
2009/02/03,0,437000,-16000,421000
2009/02/04,0,1203000,-1384000,-181000
2009/02/05,0,35000,-2535000,-2500000
2009/02/06,0,84000,-2171000,-2087000
2009/02/09,0,0,-1251256,-1251256
2009/02/10,0,420000,-591000,-171000
2009/02/11,0,31689,-31689,0
2009/02/12,0,22000,0,22000
2009/02/13,0,47000,-434000,-387000
2009/02/16,0,0,0,0
2009/02/17,0,17000,-132000,-115000
2009/02/18,0,0,-207000,-207000
2009/02/19,0,54000,-126000,-72000
2009/02/20,0,0,-54000,-54000
2009/02/23,0,21000,-86000,-65000
2009/02/24,0,0,-21000,-21000
2009/02/25,0,7000,-84000,-77000
2009/02/26,0,6000,-80000,-74000
2009/02/27,0,0,-300000,-300000
2009/03/02,0,0,-81000,-81000
2009/03/03,0,0,-45000,-45000
2009/03/04,0,0,-103648,-103648
2009/03/05,0,26000,0,26000
2009/03/06,0,1003000,-547500,455500
2009/03/09,0,60000,-707476,-647476
2009/03/10,0,0,-83000,-83000
2009/03/11,0,4000,-45000,-41000
2009/03/12,0,135000,-3000,132000
2009/03/13,0,319000,-138480,180520
2009/03/16,0,190000,-441749,-251749
2009/03/17,0,9000,-67000,-58000
2009/03/18,0,121000,-363658,-242658
2009/03/19,0,128000,-68000,60000
2009/03/20,0,168000,-317588,-149588
2009/03/23,0,352000,-62000,290000
2009/03/24,0,2588000,0,2588000
2009/03/25,0,1336000,-252000,1084000
2009/03/26,0,78000,-868012,-790012
2009/03/27,0,183000,-165000,18000
2009/03/30,0,0,-416000,-416000
2009/03/31,0,31000,-264000,-233000
2009/04/01,0,23000,-16000,7000
2009/04/02,0,994000,-1338489,-344489
2009/04/03,0,10000,-3926576,-3916576
2009/04/06,0,241000,-2170000,-1929000
2009/04/07,0,157000,-84000,73000
2009/04/08,0,1101000,-1581000,-480000
2009/04/09,0,729000,-3412000,-2683000
2009/04/10,0,410000,-12080,397920
2009/04/13,0,236000,-288000,-52000
2009/04/14,0,602000,-6000,596000
2009/04/15,0,1059000,-19000,1040000
2009/04/16,0,150000,-19000,131000
2009/04/17,0,1420000,-73000,1347000
2009/04/20,0,831000,-1023000,-192000
2009/04/21,0,52000,-28000,24000
2009/04/22,0,255000,-96000,159000
2009/04/23,0,490000,-132000,358000
2009/04/24,0,126000,-79000,47000
2009/04/27,0,602000,-185000,417000
2009/04/28,0,59000,-99000,-40000
2009/04/29,0,106000,-12000,94000
2009/04/30,0,1474000,0,1474000
2009/05/01,0,0,0,0
2009/05/04,0,1527000,0,1527000
2009/05/05,0,3174000,-1071011,2102989
2009/05/06,0,168000,-457021,-289021
2009/05/07,0,148000,-985000,-837000
2009/05/08,0,200000,-625000,-425000
2009/05/11,0,1000,-595768,-594768
2009/05/12,0,103000,-729340,-626340
2009/05/13,0,1702000,-544000,1158000
2009/05/14,0,63000,-120000,-57000
2009/05/15,0,233000,-769000,-536000
2009/05/18,0,426000,-185258,240742
2009/05/19,0,1398000,-237408,1160592
2009/05/20,0,1180000,-313691,866309
2009/05/21,0,1060000,-127000,933000
2009/05/22,0,295000,-184000,111000
2009/05/25,0,67000,-976000,-909000
2009/05/26,0,18634000,-1874176,16759824
2009/05/27,0,6414000,-1336209,5077791
2009/05/28,0,0,0,0
2009/05/29,0,0,0,0
2009/06/01,0,4970000,-3944000,1026000
2009/06/02,0,2287000,-99054,2187946
2009/06/03,0,695000,-1674000,-979000
2009/06/04,0,20000,-71000,-51000
2009/06/05,0,756000,-16000,740000
2009/06/08,0,173000,-843000,-670000
2009/06/09,0,294000,-104000,190000
2009/06/10,0,35000,-409000,-374000
2009/06/11,0,845500,-602000,243500
2009/06/12,0,1446000,-538000,908000
2009/06/15,0,651000,-302000,349000
2009/06/16,0,1489000,-148000,1341000
2009/06/17,0,416000,-1809000,-1393000
2009/06/18,0,1118000,-629000,489000
2009/06/19,0,2623000,-250000,2373000
2009/06/22,0,4759000,-609000,4150000
2009/06/23,0,2092000,-145000,1947000
2009/06/24,0,7515000,-300000,7215000
2009/06/25,0,5752000,-1131000,4621000
2009/06/26,0,1537000,-58000,1479000
2009/06/29,0,201000,-124000,77000
2009/06/30,0,372000,-399800,-27800
2009/07/01,0,904000,-5000,899000
2009/07/02,0,164000,-392000,-228000
2009/07/03,0,284000,-662300,-378300
2009/07/06,0,113000,-156000,-43000
2009/07/07,0,104000,-109000,-5000
2009/07/08,0,308000,-238000,70000
2009/07/09,0,1160000,-6000,1154000
2009/07/10,0,924000,-267000,657000
2009/07/13,0,146000,-148000,-2000
2009/07/14,0,1583000,-95000,1488000
2009/07/15,0,3715000,-144000,3571000
2009/07/16,0,2410000,-390000,2020000
2009/07/17,0,408000,-29000,379000
2009/07/20,0,2143000,-243000,1900000
2009/07/21,0,324000,-711000,-387000
2009/07/22,0,573000,-85000,488000
2009/07/23,0,2649198,-398000,2251198
2009/07/24,0,3872000,-502000,3370000
2009/07/27,0,1743000,-122000,1621000
2009/07/28,0,2067000,-94000,1973000
2009/07/29,0,4282000,-288432,3993568
2009/07/30,0,1566000,-278000,1288000
2009/07/31,0,2177000,-465000,1712000
2009/08/03,0,1279000,-44000,1235000
2009/08/04,0,1932000,-260000,1672000
2009/08/05,0,1059000,-369000,690000
2009/08/06,0,5941000,-129000,5812000
2009/08/07,0,0,0,0
2009/08/10,0,798000,-81000,717000
2009/08/11,0,2114000,-1818000,296000
2009/08/12,0,1697000,-114000,1583000
2009/08/13,0,3979000,-2700400,1278600
2009/08/14,0,2624000,-642516,1981484
2009/08/17,0,84000,-694320,-610320
2009/08/18,0,296000,-425728,-129728
2009/08/19,0,408000,-149000,259000
2009/08/20,0,128000,-930000,-802000
2009/08/21,0,186000,-549000,-363000
2009/08/24,0,135000,-453000,-318000
2009/08/25,0,1692000,-2124000,-432000
2009/08/26,0,1312000,-741000,571000
2009/08/27,0,653000,-78000,575000
2009/08/28,0,53000,-270000,-217000
2009/08/31,0,28000,-314000,-286000
2009/09/01,0,81000,-96000,-15000
2009/09/02,0,1352000,-872000,480000
2009/09/03,0,529000,-486000,43000
2009/09/04,0,2159000,-208000,1951000
2009/09/07,0,2430000,-301000,2129000
2009/09/08,0,1566000,-836417,729583
2009/09/09,0,2731000,-470000,2261000
2009/09/10,0,1409000,-367000,1042000
2009/09/11,0,126000,-286571,-160571
2009/09/14,0,3000,-88000,-85000
2009/09/15,0,145000,-616939,-471939
2009/09/16,0,792000,-298400,493600
2009/09/17,0,695000,-515000,180000
2009/09/18,0,989000,-704000,285000
2009/09/21,0,21000,-377000,-356000
2009/09/22,0,0,-85000,-85000
2009/09/23,0,363000,-258000,105000
2009/09/24,0,38000,-115000,-77000
2009/09/25,0,63000,-281000,-218000
2009/09/28,0,142000,-2149000,-2007000
2009/09/29,0,204000,-349000,-145000
2009/09/30,0,391326,-998000,-606674
2009/10/01,0,1540000,-1048000,492000
2009/10/02,0,1292000,-1216500,75500
2009/10/05,0,1020000,-2379000,-1359000
2009/10/06,0,1880000,-1168972,711028
2009/10/07,0,560000,-286000,274000
2009/10/08,0,170000,-768000,-598000
2009/10/09,0,1087000,-2166429,-1079429
2009/10/12,0,196000,-1002000,-806000
2009/10/13,0,221000,-1292000,-1071000
2009/10/14,0,139000,-2269932,-2130932
2009/10/15,0,745000,-3935120,-3190120
2009/10/16,0,556000,-1977172,-1421172
2009/10/19,0,532000,-79000,453000
2009/10/20,0,229000,-430000,-201000
2009/10/21,0,75000,-139000,-64000
2009/10/22,0,1152000,-765000,387000
2009/10/23,0,1091000,-904000,187000
2009/10/26,0,27000,-212000,-185000
2009/10/27,0,166000,-95000,71000
2009/10/28,0,0,-750120,-750120
2009/10/29,0,47000,-266000,-219000
2009/10/30,0,107000,-662000,-555000
2009/11/02,0,43000,-284000,-241000
2009/11/03,0,3205000,-4422000,-1217000
2009/11/04,0,1328000,-1909000,-581000
2009/11/05,0,1782000,-374000,1408000
2009/11/06,0,66000,-44000,22000
2009/11/09,0,101000,-10000,91000
2009/11/10,0,96000,-680000,-584000
2009/11/11,0,99000,-633000,-534000
2009/11/12,0,3394000,-3293000,101000
2009/11/13,0,790000,-691000,99000
2009/11/16,0,1490000,-761000,729000
2009/11/17,0,3341000,-2387000,954000
2009/11/18,0,3239000,-4192819,-953819
2009/11/19,0,530000,-487000,43000
2009/11/20,0,2884000,-1929000,955000
2009/11/23,0,302000,-238000,64000
2009/11/24,0,1091000,-1775000,-684000
2009/11/25,0,877000,-1484096,-607096
2009/11/26,0,774000,-201662,572338
2009/11/27,0,885000,-552000,333000
2009/11/30,0,892000,-710000,182000
2009/12/01,0,725000,-1243000,-518000
2009/12/02,0,2295300,-1351000,944300
2009/12/03,0,372000,-56000,316000
2009/12/04,0,618000,-54000,564000
2009/12/07,0,695000,-93000,602000
2009/12/08,0,1493000,-354000,1139000
2009/12/09,0,948000,-336000,612000
2009/12/10,0,813000,-129000,684000
2009/12/11,0,233000,-120000,113000
2009/12/14,0,158000,-175000,-17000
2009/12/15,0,489000,-242000,247000
2009/12/16,0,1465000,-12000,1453000
2009/12/17,0,1626000,-268000,1358000
2009/12/18,0,2117000,-360000,1757000
2009/12/21,0,2446000,0,2446000
2009/12/22,0,2237000,-248000,1989000
2009/12/23,0,1696000,-102000,1594000
2009/12/24,0,581000,0,581000
2009/12/25,0,26000,-1000,25000
2009/12/28,0,188000,-25000,163000
2009/12/29,0,299000,-10000,289000
2009/12/30,0,1722000,-169000,1553000
2009/12/31,0,3838000,-94000,3744000
2010/01/01,0,0,0,0
2010/01/04,0,1579000,-127000,1452000
2010/01/05,0,998000,-48000,950000
2010/01/06,0,1515000,-3000,1512000
2010/01/07,0,1640000,-5000,1635000
2010/01/08,0,2077000,-80000,1997000
2010/01/11,0,4755000,-358000,4397000
2010/01/12,0,1217000,-216396,1000604
2010/01/13,0,999000,-144000,855000
2010/01/14,0,637000,-37792,599208
2010/01/15,0,658000,-6000,652000
2010/01/18,0,580000,-654000,-74000
2010/01/19,0,857000,-321000,536000
2010/01/20,0,938000,-508000,430000
2010/01/21,0,785000,-119000,666000
2010/01/22,0,402000,-20000,382000
2010/01/25,0,767000,-924000,-157000
2010/01/26,0,1864000,-937000,927000
2010/01/27,0,1330000,-102000,1228000
2010/01/28,0,656000,-181000,475000
2010/01/29,0,1808000,-167000,1641000
2010/02/01,0,2594000,-373000,2221000
2010/02/02,0,768000,-392000,376000
2010/02/03,0,676000,-58142,617858
2010/02/04,0,1165000,-1448757,-283757
2010/02/05,0,1283000,-645000,638000
2010/02/08,0,331000,-374000,-43000
2010/02/09,0,559000,-435000,124000
2010/02/10,0,615000,-662000,-47000
2010/02/11,0,0,0,0
2010/02/12,0,0,0,0
2010/02/15,0,0,0,0
2010/02/16,0,0,0,0
2010/02/17,0,0,0,0
2010/02/18,0,0,0,0
2010/02/19,0,0,0,0
2010/02/22,0,1106000,-1579000,-473000
2010/02/23,0,548000,-802000,-254000
2010/02/24,0,299000,-378000,-79000
2010/02/25,0,542000,-387000,155000
2010/02/26,0,327000,-443066,-116066
2010/03/01,0,891000,-837000,54000
2010/03/02,0,1222000,-798000,424000
2010/03/03,0,521000,-673000,-152000
2010/03/04,0,543000,-292000,251000
2010/03/05,0,148000,-353000,-205000
2010/03/08,0,107000,-245000,-138000
2010/03/09,0,89000,-146000,-57000
2010/03/10,0,128000,-508000,-380000
2010/03/11,0,96000,-533000,-437000
2010/03/12,0,915500,-1924000,-1008500
2010/03/15,0,93000,-514000,-421000
2010/03/16,0,520000,-1076000,-556000
2010/03/17,0,420000,-575000,-155000
2010/03/18,0,856000,-1257000,-401000
2010/03/19,0,733000,-632000,101000
2010/03/22,0,789000,-1003000,-214000
2010/03/23,0,1079000,-1805000,-726000
2010/03/24,0,1559000,-1618000,-59000
2010/03/25,0,448000,-592000,-144000
2010/03/26,0,989000,-928000,61000
2010/03/29,0,642000,-963000,-321000
2010/03/30,0,608000,-339000,269000
2010/03/31,0,697000,-307000,390000
2010/04/01,0,849000,-178000,671000
2010/04/02,0,724000,-4000,720000
2010/04/05,0,0,0,0
2010/04/06,0,1163000,-228048,934952
2010/04/07,0,1066000,-373000,693000
2010/04/08,0,1008000,-1166934,-158934
2010/04/09,0,694000,-169000,525000
2010/04/12,0,589000,-332000,257000
2010/04/13,0,750000,-297204,452796
2010/04/14,0,509000,-306000,203000
2010/04/15,0,669000,-290000,379000
2010/04/16,0,1572000,-226000,1346000
2010/04/19,0,1360000,-246000,1114000
2010/04/20,0,618000,-414000,204000
2010/04/21,0,1040000,-689184,350816
2010/04/22,0,665000,-715000,-50000
2010/04/23,0,305000,-524000,-219000
2010/04/26,0,341000,-91000,250000
2010/04/27,0,183000,-212000,-29000
2010/04/28,0,612000,-868773,-256773
2010/04/29,0,706000,-622856,83144
2010/04/30,0,892000,-831000,61000
2010/05/03,0,788000,-99000,689000
2010/05/04,0,1354000,-1484000,-130000
2010/05/05,0,1423000,-2652000,-1229000
2010/05/06,0,354000,-378000,-24000
2010/05/07,0,713000,-165000,548000
2010/05/10,0,554000,-144000,410000
2010/05/11,0,653000,-487000,166000
2010/05/12,0,145000,-48000,97000
2010/05/13,0,411000,-445000,-34000
2010/05/14,0,515000,-682000,-167000
2010/05/17,0,1378000,-1374000,4000
2010/05/18,0,445000,-330000,115000
2010/05/19,0,400000,-189000,211000
2010/05/20,0,71000,-282000,-211000
2010/05/21,0,243000,-279000,-36000
2010/05/24,0,180000,-94000,86000
2010/05/25,0,26000,-892000,-866000
2010/05/26,0,298000,-573698,-275698
2010/05/27,0,284000,-191000,93000
2010/05/28,0,326000,-266000,60000
2010/05/31,0,131000,-56000,75000
2010/06/01,0,259000,-98000,161000
2010/06/02,0,262000,-209000,53000
2010/06/03,0,1256000,-1491000,-235000
2010/06/04,0,644000,-1195000,-551000
2010/06/07,0,623000,-295000,328000
2010/06/08,0,307000,-371000,-64000
2010/06/09,0,507000,-311000,196000
2010/06/10,0,1702000,-1148505,553495
2010/06/11,0,450050,-282600,167450
2010/06/14,0,1221050,-794000,427050
2010/06/15,0,592101,-495000,97101
2010/06/16,0,0,0,0
2010/06/17,0,833009,-860680,-27671
2010/06/18,0,1211864,-631000,580864
2010/06/21,0,610856,-922000,-311144
2010/06/22,0,391108,-555000,-163892
2010/06/23,0,208148,-311377,-103229
2010/06/24,0,176000,-164000,12000
2010/06/25,0,144244,-123096,21148
2010/06/28,0,762000,-563310,198690
2010/06/29,0,341000,-1182400,-841400
2010/06/30,0,103000,-506000,-403000
2010/07/01,0,99000,-47000,52000
2010/07/02,0,40000,-151000,-111000
2010/07/05,0,84185,-220000,-135815
2010/07/06,0,324000,-346000,-22000
2010/07/07,0,458000,-1197000,-739000
2010/07/08,0,126000,-59000,67000
2010/07/09,0,87000,-14000,73000
2010/07/12,0,38000,-173018,-135018
2010/07/13,0,130000,-182000,-52000
2010/07/14,0,41000,-294000,-253000
2010/07/15,0,284000,-761000,-477000
2010/07/16,0,325000,-388000,-63000
2010/07/19,0,211000,-257000,-46000
2010/07/20,0,318000,-253000,65000
2010/07/21,0,89000,-17000,72000
2010/07/22,0,4000,-320000,-316000
2010/07/23,0,173000,-479000,-306000
2010/07/26,0,172000,-20000,152000
2010/07/27,0,905000,-54000,851000
2010/07/28,0,1130000,-1262000,-132000
2010/07/29,0,819000,-811722,7278
2010/07/30,0,482000,-223000,259000
2010/08/02,0,804000,-114000,690000
2010/08/03,0,147000,-385000,-238000
2010/08/04,0,85000,-262000,-177000
2010/08/05,0,157000,-109000,48000
2010/08/06,0,316000,-242000,74000
2010/08/09,0,128000,-378000,-250000
2010/08/10,0,34000,-104000,-70000
2010/08/11,0,305000,-97000,208000
2010/08/12,0,717000,-82000,635000
2010/08/13,0,674000,-244000,430000
2010/08/16,0,5000,-58000,-53000
2010/08/17,0,702000,-8000,694000
2010/08/18,0,1350000,-69000,1281000
2010/08/19,0,1367000,-329000,1038000
2010/08/20,0,1041000,-246000,795000
2010/08/23,0,1827000,-228000,1599000
2010/08/24,0,983000,-1181000,-198000
2010/08/25,0,750000,-177000,573000
2010/08/26,0,1153000,-817000,336000
2010/08/27,0,437000,-203000,234000
2010/08/30,0,865000,-95000,770000
2010/08/31,0,1899000,-24000,1875000
2010/09/01,0,48000,-44000,4000
2010/09/02,0,125000,-16000,109000
2010/09/03,0,328000,-10000,318000
2010/09/06,0,401000,0,401000
2010/09/07,0,70530,0,70530
2010/09/08,0,142000,-142000,0
2010/09/09,0,416000,-288000,128000
2010/09/10,0,113000,-3000,110000
2010/09/13,0,284000,0,284000
2010/09/14,0,238000,-345000,-107000
2010/09/15,0,636000,-742000,-106000
2010/09/16,0,1676000,-341000,1335000
2010/09/17,0,1932000,-163000,1769000
2010/09/20,0,370000,-17000,353000
2010/09/21,0,811000,-118000,693000
2010/09/22,0,0,0,0
2010/09/23,0,1352533,-30000,1322533
2010/09/24,0,893000,-472000,421000
2010/09/27,0,1159000,-437000,722000
2010/09/28,0,150000,-65000,85000
2010/09/29,0,1209000,-176623,1032377
2010/09/30,0,1169000,-38000,1131000
2010/10/01,0,393000,-20000,373000
2010/10/04,0,120000,-43000,77000
2010/10/05,0,695000,-25000,670000
2010/10/06,0,479000,-101000,378000
2010/10/07,0,589250,-26000,563250
2010/10/08,0,386000,-19000,367000
2010/10/11,0,717000,-32000,685000
2010/10/12,0,257000,-104000,153000
2010/10/13,0,216000,-82000,134000
2010/10/14,0,869000,-64000,805000
2010/10/15,0,562000,-10000,552000
2010/10/18,0,668000,-1184317,-516317
2010/10/19,0,421000,-351000,70000
2010/10/20,0,174000,-113000,61000
2010/10/21,0,587000,-48000,539000
2010/10/22,0,1151000,-148000,1003000
2010/10/25,0,656000,0,656000
2010/10/26,0,139000,0,139000
2010/10/27,0,501000,-161000,340000
2010/10/28,0,224000,-104000,120000
2010/10/29,0,358000,-315000,43000
2010/11/01,0,517000,0,517000
2010/11/02,0,390000,0,390000
2010/11/03,0,328000,-67000,261000
2010/11/04,0,205000,0,205000
2010/11/05,0,359000,0,359000
2010/11/08,0,192000,-147000,45000
2010/11/09,0,475000,-175000,300000
2010/11/10,0,211000,-150000,61000
2010/11/11,0,830000,-360000,470000
2010/11/12,0,855000,-480000,375000
2010/11/15,0,82000,-349000,-267000
2010/11/16,0,139000,-504000,-365000
2010/11/17,0,151000,-442000,-291000
2010/11/18,0,134000,-243000,-109000
2010/11/19,0,352000,-185000,167000
2010/11/22,0,22000,-180000,-158000
2010/11/23,0,8000,-452000,-444000
2010/11/24,0,217000,-425000,-208000
2010/11/25,0,11000,-245000,-234000
2010/11/26,0,156000,-255000,-99000
2010/11/29,0,136000,-319000,-183000
2010/11/30,0,809000,-835000,-26000
2010/12/01,0,1723000,-1229000,494000
2010/12/02,0,1046000,-1656000,-610000
2010/12/03,0,233000,-224000,9000
2010/12/06,0,185000,-332400,-147400
2010/12/07,0,586000,-212000,374000
2010/12/08,0,72000,-190000,-118000
2010/12/09,0,228000,-81000,147000
2010/12/10,0,98000,-286000,-188000
2010/12/13,0,105000,-137000,-32000
2010/12/14,0,204000,-254456,-50456
2010/12/15,0,157000,-118000,39000
2010/12/16,0,279000,-115000,164000
2010/12/17,0,302000,-67000,235000
2010/12/20,0,204000,-42000,162000
2010/12/21,0,401000,-268000,133000
2010/12/22,0,91140,-581333,-490193
2010/12/23,0,42000,-184000,-142000
2010/12/24,0,74000,-430000,-356000
2010/12/27,0,108000,-166000,-58000
2010/12/28,0,194000,-367000,-173000
2010/12/29,0,144000,-171000,-27000
2010/12/30,0,143000,-200000,-57000
2010/12/31,0,48000,-696000,-648000
2011/01/03,0,106000,-13000,93000
2011/01/04,0,251000,-228000,23000
2011/01/05,0,295000,-78000,217000
2011/01/06,0,360000,-54000,306000
2011/01/07,0,63000,-192000,-129000
2011/01/10,0,245000,-65000,180000
2011/01/11,0,371000,-245000,126000
2011/01/12,0,361000,-25000,336000
2011/01/13,0,102900,-40000,62900
2011/01/14,0,147000,-84000,63000
2011/01/17,0,108000,-52000,56000
2011/01/18,0,569000,-174000,395000
2011/01/19,0,624000,-156000,468000
2011/01/20,0,67000,-472000,-405000
2011/01/21,0,100000,-280000,-180000
2011/01/24,0,19000,-468000,-449000
2011/01/25,0,73000,-548000,-475000
2011/01/26,0,0,-406000,-406000
2011/01/27,0,21000,-203000,-182000
2011/01/28,0,605000,-211000,394000
2011/01/31,0,0,0,0
2011/02/01,0,0,0,0
2011/02/02,0,0,0,0
2011/02/03,0,0,0,0
2011/02/04,0,0,0,0
2011/02/07,0,0,0,0
2011/02/08,0,1157000,-758000,399000
2011/02/09,0,167000,-332463,-165463
2011/02/10,0,74000,-699800,-625800
2011/02/11,0,181000,-675280,-494280
2011/02/14,0,328000,-598758,-270758
2011/02/15,0,92000,-495000,-403000
2011/02/16,0,22000,-263100,-241100
2011/02/17,0,52000,-689464,-637464
2011/02/18,0,597000,-838800,-241800
2011/02/21,0,307000,-1105000,-798000
2011/02/22,0,332000,-656585,-324585
2011/02/23,0,204570,-274350,-69780
2011/02/24,0,211000,-133280,77720
2011/02/25,0,179000,-58700,120300
2011/02/28,0,0,0,0
2011/03/01,0,409000,-574176,-165176
2011/03/02,0,239000,-415310,-176310
2011/03/03,0,702000,-843132,-141132
2011/03/04,0,398000,-414480,-16480
2011/03/07,0,248000,-235300,12700
2011/03/08,0,220000,-298240,-78240
2011/03/09,0,259000,-254355,4645
2011/03/10,0,207000,-321330,-114330
2011/03/11,0,282000,-218580,63420
2011/03/14,0,448000,-518800,-70800
2011/03/15,0,65000,-415435,-350435
2011/03/16,0,178000,-306725,-128725
2011/03/17,0,44000,-276395,-232395
2011/03/18,0,223000,-412422,-189422
2011/03/21,0,220000,-401680,-181680
2011/03/22,0,187000,-303535,-116535
2011/03/23,0,142000,-451540,-309540
2011/03/24,0,41000,-357670,-316670
2011/03/25,0,57000,-571755,-514755
2011/03/28,0,67000,-284555,-217555
2011/03/29,0,103000,-705359,-602359
2011/03/30,0,39000,-604500,-565500
2011/03/31,0,235875,-674368,-438493
2011/04/01,0,3330000,-3519000,-189000
2011/04/04,0,0,0,0
2011/04/05,0,0,0,0
2011/04/06,0,231000,-286000,-55000
2011/04/07,0,1333000,-941000,392000
2011/04/08,0,2154000,-1793000,361000
2011/04/11,0,470000,-424000,46000
2011/04/12,0,705000,-1025000,-320000
2011/04/13,0,628000,-662000,-34000
2011/04/14,0,238000,-3058000,-2820000
2011/04/15,0,1212000,-730000,482000
2011/04/18,0,1200000,-202000,998000
2011/04/19,0,830000,-85000,745000
2011/04/20,0,2490586,-2380000,110586
2011/04/21,0,1005000,-407000,598000
2011/04/22,0,1243000,-457000,786000
2011/04/25,0,349000,-192000,157000
2011/04/26,0,550462,-304000,246462
2011/04/27,0,732000,-358000,374000
2011/04/28,0,1211000,-411000,800000
2011/04/29,0,1288713,-158000,1130713
2011/05/02,0,0,0,0
2011/05/03,0,422000,-100000,322000
2011/05/04,0,328000,-94000,234000
2011/05/05,0,556000,-145000,411000
2011/05/06,0,798000,-496000,302000
2011/05/09,0,316000,-166000,150000
2011/05/10,0,817000,-65000,752000
2011/05/11,0,508000,-482872,25128
2011/05/12,0,145000,-478000,-333000
2011/05/13,0,1262000,-663000,599000
2011/05/16,0,1058000,-219000,839000
2011/05/17,0,1496000,-724000,772000
2011/05/18,0,337000,-669000,-332000
2011/05/19,0,215000,-278000,-63000
2011/05/20,0,165000,-26000,139000
2011/05/23,0,536000,-408000,128000
2011/05/24,0,865000,-548000,317000
2011/05/25,0,1354000,-1421322,-67322
2011/05/26,0,711000,-668993,42007
2011/05/27,0,780000,-423000,357000
2011/05/30,0,683000,-453000,230000
2011/05/31,0,1769000,-1603000,166000
2011/06/01,0,368000,-511960,-143960
2011/06/02,0,494000,-166000,328000
2011/06/03,0,362000,-157000,205000
2011/06/06,0,0,0,0
2011/06/07,0,431000,-724000,-293000
2011/06/08,0,276000,-63000,213000
2011/06/09,0,253000,-129000,124000
2011/06/10,0,68000,-594000,-526000
2011/06/13,0,285000,-379000,-94000
2011/06/14,0,580000,-7000,573000
2011/06/15,0,812000,-518000,294000
2011/06/16,0,192000,-447000,-255000
2011/06/17,0,444490,-930239,-485749
2011/06/20,0,140000,-120000,20000
2011/06/21,0,333000,-40000,293000
2011/06/22,0,74000,-322000,-248000
2011/06/23,0,477000,-226000,251000
2011/06/24,0,447000,-523000,-76000
2011/06/27,0,190000,-125000,65000
2011/06/28,0,201000,-174000,27000
2011/06/29,0,685000,-281000,404000
2011/06/30,0,347000,-424000,-77000
2011/07/01,0,258000,-5000,253000
2011/07/04,0,73000,-217000,-144000
2011/07/05,0,148000,-190000,-42000
2011/07/06,0,311314,-436806,-125492
2011/07/07,0,508145,-166000,342145
2011/07/08,0,168744,-589000,-420256
2011/07/11,0,150376,-54000,96376
2011/07/12,0,317574,-311000,6574
2011/07/13,0,339188,-382000,-42812
2011/07/14,0,88423,-167000,-78577
2011/07/15,0,504000,-234000,270000
2011/07/18,0,338914,-1082000,-743086
2011/07/19,0,55000,-147000,-92000
2011/07/20,0,432324,-189000,243324
2011/07/21,0,198860,-208000,-9140
2011/07/22,0,363856,-91000,272856
2011/07/25,0,572000,-68000,504000
2011/07/26,0,381149,-154000,227149
2011/07/27,0,2480707,-2594000,-113293
2011/07/28,0,350056,-65000,285056
2011/07/29,0,330945,-490000,-159055
2011/08/01,0,379000,-727000,-348000
2011/08/02,0,915505,-2201000,-1285495
2011/08/03,0,152273,-1988000,-1835727
2011/08/04,0,862561,-1000,861561
2011/08/05,0,648096,-171000,477096
2011/08/08,0,440794,-1178453,-737659
2011/08/09,0,640000,-287000,353000
2011/08/10,0,1476000,-1419547,56453
2011/08/11,0,874000,-642000,232000
2011/08/12,0,383000,-798000,-415000
2011/08/15,0,333000,-245000,88000
2011/08/16,0,365000,-244000,121000
2011/08/17,0,70801652,-70983272,-181620
2011/08/18,0,1493658,-1080000,413658
2011/08/19,0,3218746,-2265000,953746
2011/08/22,0,444121,-770000,-325879
2011/08/23,0,1275000,-1190000,85000
2011/08/24,0,849039,-1660000,-810961
2011/08/25,0,527697,-541000,-13303
2011/08/26,0,125613,-193000,-67387
2011/08/29,0,507000,-47000,460000
2011/08/30,0,356831,-213000,143831
2011/08/31,0,769776,-171000,598776
2011/09/01,0,1652359,-722000,930359
2011/09/02,0,1495922,-714000,781922
2011/09/05,0,604000,-494000,110000
2011/09/06,0,1074746,-1154000,-79254
2011/09/07,0,925322,-191000,734322
2011/09/08,0,21048781,-20552000,496781
2011/09/09,0,428000,-335000,93000
2011/09/12,0,0,0,0
2011/09/13,0,245365,-114000,131365
2011/09/14,0,1213687,-269000,944687
2011/09/15,0,1171000,-551000,620000
2011/09/16,0,1901000,-410000,1491000
2011/09/19,0,673193,-194000,479193
2011/09/20,0,831000,-401000,430000
2011/09/21,0,6177731,-5412000,765731
2011/09/22,0,3607000,-4162000,-555000
2011/09/23,0,1402652,-727000,675652
2011/09/26,0,1100139,-977000,123139
2011/09/27,0,1117203,-960000,157203
2011/09/28,0,1229754,-1582000,-352246
2011/09/29,0,287506,-764000,-476494
2011/09/30,0,1878000,-2275000,-397000
2011/10/03,0,570694,-550000,20694
2011/10/04,0,909000,-1904000,-995000
2011/10/05,0,708000,-556000,152000
2011/10/06,0,601000,-434000,167000
2011/10/07,0,1173000,-594500,578500
2011/10/10,0,0,0,0
2011/10/11,0,626000,-571817,54183
2011/10/12,0,671000,-338000,333000
2011/10/13,0,709316,-444000,265316
2011/10/14,0,323873,-113000,210873
2011/10/17,0,2017900,-2028000,-10100
2011/10/18,0,548075,-219000,329075
2011/10/19,0,1783043,-1232045,550998
2011/10/20,0,913835,-180000,733835
2011/10/21,0,711107,-98000,613107
2011/10/24,0,1099782,-52000,1047782
2011/10/25,0,1567463,-207000,1360463
2011/10/26,0,417000,-120000,297000
2011/10/27,0,1098000,-187000,911000
2011/10/28,0,463000,-497000,-34000
2011/10/31,0,463000,-399612,63388
2011/11/01,0,1777000,-1124000,653000
2011/11/02,0,402000,-128000,274000
2011/11/03,0,616000,-538056,77944
2011/11/04,0,890000,-474000,416000
2011/11/07,0,2621000,-3078000,-457000
2011/11/08,0,1379000,-1197756,181244
2011/11/09,0,1259000,-487000,772000
2011/11/10,0,714000,-186000,528000
2011/11/11,0,566000,-746953,-180953
2011/11/14,0,167000,-281000,-114000
2011/11/15,0,434000,-569000,-135000
2011/11/16,0,1013000,-973000,40000
2011/11/17,0,164000,-142000,22000
2011/11/18,0,148000,-226000,-78000
2011/11/21,0,221000,-292000,-71000
2011/11/22,0,172400,-452000,-279600
2011/11/23,0,745200,-938000,-192800
2011/11/24,0,579000,-924000,-345000
2011/11/25,0,717000,-841000,-124000
2011/11/28,0,1020000,-1429000,-409000
2011/11/29,0,452000,-752000,-300000
2011/11/30,0,759000,-834000,-75000
2011/12/01,0,1393000,-10307000,-8914000
2011/12/02,0,883000,-496000,387000
2011/12/05,0,1447000,-1006000,441000
2011/12/06,0,939000,-1982000,-1043000
2011/12/07,0,648000,-740000,-92000
2011/12/08,0,1447300,-1552000,-104700
2011/12/09,0,1933100,-1849000,84100
2011/12/12,0,550000,-828000,-278000
2011/12/13,0,174200,-947000,-772800
2011/12/14,0,116000,-315000,-199000
2011/12/15,0,199000,-305000,-106000
2011/12/16,0,350000,-662965,-312965
2011/12/19,0,329000,-249000,80000
2011/12/20,0,891000,-342000,549000
2011/12/21,0,996000,-190000,806000
2011/12/22,0,487000,-96000,391000
2011/12/23,0,434000,-181000,253000
2011/12/26,0,87000,-137000,-50000
2011/12/27,0,546000,-5000,541000
2011/12/28,0,175000,-45000,130000
2011/12/29,0,110000,-48000,62000
2011/12/30,0,122000,-258000,-136000
2012/01/02,0,25000,-132000,-107000
2012/01/03,0,63000,-164000,-101000
2012/01/04,0,98000,-208000,-110000
2012/01/05,0,537000,-65000,472000
2012/01/06,0,239000,-866000,-627000
2012/01/09,0,410000,-83000,327000
2012/01/10,0,729000,-115889,613111
2012/01/11,0,163000,-255000,-92000
2012/01/12,0,467000,-332000,135000
2012/01/13,0,955000,-324000,631000
2012/01/16,0,229000,-432000,-203000
2012/01/17,0,432000,-355000,77000
2012/01/18,0,729000,-436000,293000
2012/01/19,0,0,0,0
2012/01/20,0,0,0,0
2012/01/23,0,0,0,0
2012/01/24,0,0,0,0
2012/01/25,0,0,0,0
2012/01/26,0,0,0,0
2012/01/27,0,0,0,0
2012/01/30,0,2371000,-1739332,631668
2012/01/31,0,1732512,-2480000,-747488
2012/02/01,0,770000,-1318000,-548000
2012/02/02,0,1811800,-1314000,497800
2012/02/03,0,214000,-586000,-372000
2012/02/06,0,1514000,-905000,609000
2012/02/07,0,1041062,-1000000,41062
2012/02/08,0,304000,-52000,252000
2012/02/09,0,629000,-9000,620000
2012/02/10,0,84000,-802000,-718000
2012/02/13,0,514500,-196000,318500
2012/02/14,0,591296,-412000,179296
2012/02/15,0,1686830,-628000,1058830
2012/02/16,0,778000,-434000,344000
2012/02/17,0,474000,-200000,274000
2012/02/20,0,49000,-236000,-187000
2012/02/21,0,1109000,-304000,805000
2012/02/22,0,740000,-434000,306000
2012/02/23,0,412000,-209827,202173
2012/02/24,0,1200000,-405000,795000
2012/02/27,0,0,0,0
2012/02/28,0,0,0,0
2012/02/29,0,417000,-203000,214000
2012/03/01,0,3600000,-957000,2643000
2012/03/02,0,130000,-384000,-254000
2012/03/05,0,260000,-911000,-651000
2012/03/06,0,541100,-1697864,-1156764
2012/03/07,0,668000,-1280000,-612000
2012/03/08,0,595000,-182770,412230
2012/03/09,0,689150,-305000,384150
2012/03/12,0,437000,-360000,77000
2012/03/13,0,383000,-236253,146747
2012/03/14,0,552000,-246000,306000
2012/03/15,0,25000,-199000,-174000
2012/03/16,0,480000,-165000,315000
2012/03/19,0,2735000,-1534000,1201000
2012/03/20,0,867000,-462890,404110
2012/03/21,0,330200,-68000,262200
2012/03/22,0,1009000,-641000,368000
2012/03/23,0,388000,-111000,277000
2012/03/26,0,97000,-54000,43000
2012/03/27,0,420100,-138658,281442
2012/03/28,0,415000,-19000,396000
2012/03/29,0,1342000,-323000,1019000
2012/03/30,0,1290896,-1414000,-123104
2012/04/02,0,1757000,-427000,1330000
2012/04/03,0,450000,-304000,146000
2012/04/04,0,0,0,0
2012/04/05,0,804000,-470239,333761
2012/04/06,0,10000,-308000,-298000
2012/04/09,0,170000,-131000,39000
2012/04/10,0,1030000,-129000,901000
2012/04/11,0,1057000,-783001,273999
2012/04/12,0,1445000,-418591,1026409
2012/04/13,0,516000,-130000,386000
2012/04/16,0,902000,-159000,743000
2012/04/17,0,2338000,-248000,2090000
2012/04/18,0,571000,-680000,-109000
2012/04/19,0,636000,-35000,601000
2012/04/20,0,1212000,-439363,772637
2012/04/23,0,700000,-124000,576000
2012/04/24,0,1060000,-417000,643000
2012/04/25,0,2736000,-184000,2552000
2012/04/26,0,2955000,-1665000,1290000
2012/04/27,0,1271700,-1102381,169319
2012/04/30,0,1358000,-752000,606000
2012/05/01,0,0,0,0
2012/05/02,0,2526000,-979000,1547000
2012/05/03,0,1931000,-1818000,113000
2012/05/04,0,1278000,-784000,494000
2012/05/07,0,2288000,-2727000,-439000
2012/05/08,0,641000,-465000,176000
2012/05/09,0,1074000,-603000,471000
2012/05/10,0,1089330,-1127500,-38170
2012/05/11,0,1837409,-1789000,48409
2012/05/14,0,1494000,-1266000,228000
2012/05/15,0,1599000,-1322000,277000
2012/05/16,0,8921000,-4621000,4300000
2012/05/17,0,2318000,-2379396,-61396
2012/05/18,0,1786000,-2151000,-365000
2012/05/21,0,4306000,-3647000,659000
2012/05/22,0,4124000,-3617000,507000
2012/05/23,0,3896000,-2439000,1457000
2012/05/24,0,2745000,-1563000,1182000
2012/05/25,0,2401910,-1934780,467130
2012/05/28,0,1276000,-691000,585000
2012/05/29,0,1606000,-1015000,591000
2012/05/30,0,2935000,-3076600,-141600
2012/05/31,0,36180149,-31691226,4488923
2012/06/01,0,3448000,-2754997,693003
2012/06/04,0,1542000,-1504527,37473
2012/06/05,0,1465000,-1421000,44000
2012/06/06,0,1790000,-1927000,-137000
2012/06/07,0,1402667,-1160000,242667
2012/06/08,0,1136418,-1150000,-13582
2012/06/11,0,2071697,-2852000,-780303
2012/06/12,0,840000,-1311000,-471000
2012/06/13,0,776999,-459000,317999
2012/06/14,0,1021874,-2340500,-1318626
2012/06/15,0,3527000,-4015342,-488342
2012/06/18,0,1489686,-1702000,-212314
2012/06/19,0,1253586,-621000,632586
2012/06/20,0,1206433,-1268315,-61882
2012/06/21,0,548467,-728000,-179533
2012/06/22,0,1774705,-2956000,-1181295
2012/06/25,0,1460000,-1329000,131000
2012/06/26,0,2567000,-2223000,344000
2012/06/27,0,484000,-359000,125000
2012/06/28,0,1095000,-926000,169000
2012/06/29,0,1093000,-358000,735000
2012/07/02,0,1070000,-806000,264000
2012/07/03,0,1141897,-296000,845897
2012/07/04,0,840565,-723000,117565
2012/07/05,0,738000,-171000,567000
2012/07/06,0,795000,-401000,394000
2012/07/09,0,877000,-368000,509000
2012/07/10,0,1582000,-578849,1003151
2012/07/11,0,2263000,-300000,1963000
2012/07/12,0,417000,-756104,-339104
2012/07/13,0,448909,-456770,-7861
2012/07/16,0,233000,-230000,3000
2012/07/17,0,1297000,-877000,420000
2012/07/18,0,292000,-1008765,-716765
2012/07/19,0,847000,-528000,319000
2012/07/20,0,1088000,-258000,830000
2012/07/23,0,671013,-1635000,-963987
2012/07/24,0,582000,-1209367,-627367
2012/07/25,0,631000,-932000,-301000
2012/07/26,0,374000,-741623,-367623
2012/07/27,0,1709000,-600883,1108117
2012/07/30,0,939305,-350000,589305
2012/07/31,0,1524000,-2162531,-638531
2012/08/01,0,968000,-931000,37000
2012/08/02,0,0,0,0
2012/08/03,0,987906,-1995432,-1007526
2012/08/06,0,1166000,-603000,563000
2012/08/07,0,859000,-274000,585000
2012/08/08,0,1331486,-476187,855299
2012/08/09,0,1346000,-117000,1229000
2012/08/10,0,915000,-563250,351750
2012/08/13,0,343000,-208000,135000
2012/08/14,0,803000,-599185,203815
2012/08/15,0,1140000,-697000,443000
2012/08/16,0,905000,-601000,304000
2012/08/17,0,832000,-504722,327278
2012/08/20,0,153838,-299000,-145162
2012/08/21,0,1272498,-754898,517600
2012/08/22,0,607374,-408000,199374
2012/08/23,0,349591,-164000,185591
2012/08/24,0,682000,-547000,135000
2012/08/27,0,484000,-284000,200000
2012/08/28,0,201663,-125932,75731
2012/08/29,0,842000,-494000,348000
2012/08/30,0,1469000,-877250,591750
2012/08/31,0,741973,-352808,389165
2012/09/03,0,179000,-248000,-69000
2012/09/04,0,202000,-377651,-175651
2012/09/05,0,655000,-1133000,-478000
2012/09/06,0,1055000,-651000,404000
2012/09/07,0,1267867,-320000,947867
2012/09/10,0,960000,-154296,805704
2012/09/11,0,1324000,-138250,1185750
2012/09/12,0,1570000,-464000,1106000
2012/09/13,0,1340000,-46243,1293757
2012/09/14,0,1361000,-92355,1268645
2012/09/17,0,858000,-382000,476000
2012/09/18,0,839000,-440287,398713
2012/09/19,0,1642000,-135750,1506250
2012/09/20,0,827980,-508000,319980
2012/09/21,0,1020000,-473000,547000
2012/09/24,0,980000,-295000,685000
2012/09/25,0,830000,-394000,436000
2012/09/26,0,986000,-417000,569000
2012/09/27,0,2654000,-486751,2167249
2012/09/28,0,2507879,-1394059,1113820
2012/10/01,0,1462000,-862000,600000
2012/10/02,0,833000,-1009000,-176000
2012/10/03,0,949000,-974000,-25000
2012/10/04,0,2144000,-1647000,497000
2012/10/05,0,499000,-290000,209000
2012/10/08,0,1127800,-482238,645562
2012/10/09,0,1717000,-520137,1196863
2012/10/10,0,0,0,0
2012/10/11,0,3479488,-3485078,-5590
2012/10/12,0,1373000,-1334000,39000
2012/10/15,0,514000,-173000,341000
2012/10/16,0,744000,-440000,304000
2012/10/17,0,835000,-877119,-42119
2012/10/18,0,660000,-392000,268000
2012/10/19,0,1440000,-872000,568000
2012/10/22,0,421000,-760860,-339860
2012/10/23,0,259400,-293000,-33600
2012/10/24,0,1136000,-1284980,-148980
2012/10/25,0,690000,-826000,-136000
2012/10/26,0,701000,-1060000,-359000
2012/10/29,0,894500,-816000,78500
2012/10/30,0,604000,-885000,-281000
2012/10/31,0,780000,-1188000,-408000
2012/11/01,0,1211000,-1447000,-236000
2012/11/02,0,1586000,-2003000,-417000
2012/11/05,0,1101000,-882577,218423
2012/11/06,0,618000,-520000,98000
2012/11/07,0,1161000,-1280000,-119000
2012/11/08,0,748000,-1024048,-276048
2012/11/09,0,322000,-495000,-173000
2012/11/12,0,446000,-459000,-13000
2012/11/13,0,694000,-1040000,-346000
2012/11/14,0,1172000,-1033000,139000
2012/11/15,0,975000,-1835000,-860000
2012/11/16,0,1164000,-2221000,-1057000
2012/11/19,0,2545000,-3457000,-912000
2012/11/20,0,1716000,-2765000,-1049000
2012/11/21,0,2842000,-1451488,1390512
2012/11/22,0,990000,-1303000,-313000
2012/11/23,0,979000,-1310000,-331000
2012/11/26,0,994000,-1180224,-186224
2012/11/27,0,1192000,-831000,361000
2012/11/28,0,1003200,-1846440,-843240
2012/11/29,0,1431000,-1192427,238573
2012/11/30,0,2414000,-2943341,-529341
2012/12/03,0,1389444,-1869000,-479556
2012/12/04,0,1418000,-788098,629902
2012/12/05,0,1368000,-1139000,229000
2012/12/06,0,666000,-654000,12000
2012/12/07,0,1402000,-1757102,-355102
2012/12/10,0,505000,-780289,-275289
2012/12/11,0,2260333,-3065959,-805626
2012/12/12,0,1980000,-1445000,535000
2012/12/13,0,1217147,-546000,671147
2012/12/14,0,2219852,-1729770,490082
2012/12/17,0,1943000,-2075000,-132000
2012/12/18,0,1691000,-1147000,544000
2012/12/19,0,1374000,-1101000,273000
2012/12/20,0,2140000,-2105020,34980
2012/12/21,0,1358000,-2351215,-993215
2012/12/24,0,295000,-406000,-111000
2012/12/25,0,292000,-26000,266000
2012/12/26,0,484000,-264000,220000
2012/12/27,0,709552,-527000,182552
2012/12/28,0,1085000,-1078000,7000
2012/12/31,0,0,0,0
2013/01/01,0,0,0,0
2013/01/02,0,489000,-466000,23000
2013/01/03,0,791000,-1797000,-1006000
2013/01/04,0,1952000,-2134000,-182000
2013/01/07,0,1297000,-1705100,-408100
2013/01/08,0,1075000,-1191000,-116000
2013/01/09,0,366000,-566000,-200000
2013/01/10,0,2214000,-1440994,773006
2013/01/11,0,624000,-357000,267000
2013/01/14,0,613000,-820000,-207000
2013/01/15,0,329000,-497000,-168000
2013/01/16,0,274000,-593000,-319000
2013/01/17,0,1705000,-1212000,493000
2013/01/18,0,892000,-1210009,-318009
2013/01/21,0,247000,-340000,-93000
2013/01/22,0,311000,-246518,64482
2013/01/23,0,676000,-1157895,-481895
2013/01/24,0,665000,-757000,-92000
2013/01/25,0,670000,-860000,-190000
2013/01/28,0,780000,-745570,34430
2013/01/29,0,925000,-1139000,-214000
2013/01/30,0,1467400,-1385000,82400
2013/01/31,0,1596000,-2341000,-745000
2013/02/01,0,1765000,-1478588,286412
2013/02/04,0,1406000,-916682,489318
2013/02/05,0,1015000,-898000,117000
2013/02/06,0,1374715,-1817000,-442285
2013/02/07,0,0,0,0
2013/02/08,0,0,0,0
2013/02/11,0,0,0,0
2013/02/12,0,0,0,0
2013/02/13,0,0,0,0
2013/02/14,0,0,0,0
2013/02/15,0,0,0,0
2013/02/18,0,3321508,-2377000,944508
2013/02/19,0,1744893,-1155000,589893
2013/02/20,0,2176590,-1532000,644590
2013/02/21,0,991000,-973351,17649
2013/02/22,0,560000,-980000,-420000
2013/02/25,0,726000,-1483080,-757080
2013/02/26,0,751000,-815181,-64181
2013/02/27,0,2501000,-2545228,-44228
2013/02/28,0,0,0,0
2013/03/01,0,1654090,-894000,760090
2013/03/04,0,602000,-1366000,-764000
2013/03/05,0,1640000,-1449000,191000
2013/03/06,0,2626000,-2720000,-94000
2013/03/07,0,697000,-240000,457000
2013/03/08,0,1278600,-356500,922100
2013/03/11,0,1254000,-1000000,254000
2013/03/12,0,1535000,-1604591,-69591
2013/03/13,0,508000,-330000,178000
2013/03/14,0,505238,-813271,-308033
2013/03/15,0,529000,-3764000,-3235000
2013/03/18,0,474000,-2811000,-2337000
2013/03/19,0,2089000,-5075000,-2986000
2013/03/20,0,1136000,-4196926,-3060926
2013/03/21,0,1063000,-1569692,-506692
2013/03/22,0,511622,-2873443,-2361821
2013/03/25,0,419000,-774000,-355000
2013/03/26,0,381000,-1508000,-1127000
2013/03/27,0,1001000,-1813000,-812000
2013/03/28,0,376000,-1470000,-1094000
2013/03/29,0,186000,-895000,-709000
2013/04/01,0,234446,-343000,-108554
2013/04/02,0,268000,-520000,-252000
2013/04/03,0,1240000,-1141000,99000
2013/04/04,0,0,0,0
2013/04/05,0,0,0,0
2013/04/08,0,860000,-2236000,-1376000
2013/04/09,0,1492000,-1834479,-342479
2013/04/10,0,707000,-1904180,-1197180
2013/04/11,0,229304,-1083700,-854396
2013/04/12,0,199000,-1267000,-1068000
2013/04/15,0,584894,-1147000,-562106
2013/04/16,0,2953201,-3031000,-77799
2013/04/17,0,1676000,-2048013,-372013
2013/04/18,0,1055000,-786000,269000
2013/04/19,0,1304000,-1601500,-297500
2013/04/22,0,231000,-638250,-407250
2013/04/23,0,771000,-700060,70940
2013/04/24,0,516000,-1327000,-811000
2013/04/25,0,978000,-2630250,-1652250
2013/04/26,0,1014000,-2103000,-1089000
2013/04/29,0,945000,-144000,801000
2013/04/30,0,612000,-439000,173000
2013/05/01,0,0,0,0
2013/05/02,0,1016000,-894123,121877
2013/05/03,0,122000,-553278,-431278
2013/05/06,0,468000,-770000,-302000
2013/05/07,0,380171,-723000,-342829
2013/05/08,0,795006,-472000,323006
2013/05/09,0,573783,-387012,186771
2013/05/10,0,991000,-508000,483000
2013/05/13,0,107000,-215570,-108570
2013/05/14,0,321000,-322000,-1000
2013/05/15,0,614000,-228651,385349
2013/05/16,0,938000,-702000,236000
2013/05/17,0,441958,-347400,94558
2013/05/20,0,129548,-946000,-816452
2013/05/21,0,356000,-351317,4683
2013/05/22,0,662000,-746880,-84880
2013/05/23,0,478000,-1230120,-752120
2013/05/24,0,506000,-1123000,-617000
2013/05/27,0,312771,-432000,-119229
2013/05/28,0,397000,-312000,85000
2013/05/29,0,3019000,-3206000,-187000
2013/05/30,0,2262000,-3036000,-774000
2013/05/31,0,2220000,-1948931,271069
2013/06/03,0,941000,-1461500,-520500
2013/06/04,0,820000,-1803000,-983000
2013/06/05,0,1353000,-2744378,-1391378
2013/06/06,0,1493181,-2440500,-947319
2013/06/07,0,292000,-799084,-507084
2013/06/10,0,427000,-874000,-447000
2013/06/11,0,222000,-558000,-336000
2013/06/12,0,0,0,0
2013/06/13,0,866000,-1214500,-348500
2013/06/14,0,1117000,-1800736,-683736
2013/06/17,0,1451000,-2068718,-617718
2013/06/18,0,1137000,-1833000,-696000
2013/06/19,0,785000,-1565178,-780178
2013/06/20,0,1331000,-2061000,-730000
2013/06/21,0,3101000,-4106836,-1005836
2013/06/24,0,981000,-1493000,-512000
2013/06/25,0,851000,-2605000,-1754000
2013/06/26,0,1606000,-3228000,-1622000
2013/06/27,0,1138000,-1251000,-113000
2013/06/28,0,2121000,-1876000,245000
2013/07/01,0,1766000,-2191161,-425161
2013/07/02,0,1616000,-1705527,-89527
2013/07/03,0,4168000,-2726300,1441700
2013/07/04,0,952000,-1050000,-98000
2013/07/05,0,1768000,-273000,1495000
2013/07/08,0,582000,-517000,65000
2013/07/09,0,776000,-1487000,-711000
2013/07/10,0,550000,-258000,292000
2013/07/11,0,1191000,-242000,949000
2013/07/12,0,944000,-701000,243000
2013/07/15,0,1662000,-172000,1490000
2013/07/16,0,1030000,-1143000,-113000
2013/07/17,0,907000,-613000,294000
2013/07/18,0,1285000,-1033000,252000
2013/07/19,0,915113,-764386,150727
2013/07/22,0,727373,-795000,-67627
2013/07/23,0,1114000,-1230000,-116000
2013/07/24,0,788000,-691000,97000
2013/07/25,0,331000,-627000,-296000
2013/07/26,0,207000,-488000,-281000
2013/07/29,0,434000,-560250,-126250
2013/07/30,0,647000,-497000,150000
2013/07/31,0,630000,-1486000,-856000
2013/08/01,0,267000,-294000,-27000
2013/08/02,0,524000,-641000,-117000
2013/08/05,0,96000,-560000,-464000
2013/08/06,0,188000,-1520250,-1332250
2013/08/07,0,551000,-288000,263000
2013/08/08,0,163000,-513000,-350000
2013/08/09,0,818000,-867000,-49000
2013/08/12,0,109000,-92000,17000
2013/08/13,0,1439000,-2207250,-768250
2013/08/14,0,393006,-2155000,-1761994
2013/08/15,0,302000,-1777146,-1475146
2013/08/16,0,1061700,-3517250,-2455550
2013/08/19,0,2034250,-2098000,-63750
2013/08/20,0,771000,-2495069,-1724069
2013/08/21,0,0,0,0
2013/08/22,0,1844000,-3624000,-1780000
2013/08/23,0,2759000,-1282000,1477000
2013/08/26,0,2584000,-3363000,-779000
2013/08/27,0,3467000,-2684000,783000
2013/08/28,0,366000,-1352000,-986000
2013/08/29,0,410000,-1159000,-749000
2013/08/30,0,971298,-1553000,-581702
2013/09/02,0,211000,-407000,-196000
2013/09/03,0,316000,-494000,-178000
2013/09/04,0,826400,-795000,31400
2013/09/05,0,811252,-745000,66252
2013/09/06,0,493000,-1276000,-783000
2013/09/09,0,1825000,-1470000,355000
2013/09/10,0,911000,-927000,-16000
2013/09/11,0,1312000,-1451601,-139601
2013/09/12,0,1952000,-1895000,57000
2013/09/13,0,2223000,-2198000,25000
2013/09/16,0,1246000,-1075000,171000
2013/09/17,0,1409000,-1843000,-434000
2013/09/18,0,1328358,-2140412,-812054
2013/09/19,0,0,0,0
2013/09/20,0,0,0,0
2013/09/23,0,1125188,-1498000,-372812
2013/09/24,0,611000,-888000,-277000
2013/09/25,0,758000,-752000,6000
2013/09/26,0,877000,-1171000,-294000
2013/09/27,0,1154000,-964179,189821
2013/09/30,0,995779,-1203000,-207221
2013/10/01,0,1086000,-411335,674665
2013/10/02,0,1783800,-999841,783959
2013/10/03,0,2365290,-1705000,660290
2013/10/04,0,2177000,-1057000,1120000
2013/10/07,0,1765655,-2175000,-409345
2013/10/08,0,2096000,-1801000,295000
2013/10/09,0,490000,-524000,-34000
2013/10/10,0,0,0,0
2013/10/11,0,749000,-597000,152000
2013/10/14,0,968000,-845612,122388
2013/10/15,0,778000,-1057000,-279000
2013/10/16,0,793000,-349000,444000
2013/10/17,0,571000,-208000,363000
2013/10/18,0,592000,-825000,-233000
2013/10/21,0,877000,-1382000,-505000
2013/10/22,0,1286000,-1563000,-277000
2013/10/23,0,1371183,-961000,410183
2013/10/24,0,345000,-231000,114000
2013/10/25,0,449000,-393000,56000
2013/10/28,0,585000,-493000,92000
2013/10/29,0,487000,-432000,55000
2013/10/30,0,555000,-477000,78000
2013/10/31,0,1055000,-1030000,25000
2013/11/01,0,196000,-204000,-8000
2013/11/04,0,473000,-429000,44000
2013/11/05,0,449000,-391000,58000
2013/11/06,0,195000,-230000,-35000
2013/11/07,0,279000,-625000,-346000
2013/11/08,0,414000,-531000,-117000
2013/11/11,0,182000,-369000,-187000
2013/11/12,0,289000,-757000,-468000
2013/11/13,0,385931,-635000,-249069
2013/11/14,0,465000,-870000,-405000
2013/11/15,0,499000,-1049000,-550000
2013/11/18,0,704000,-941000,-237000
2013/11/19,0,718000,-1007177,-289177
2013/11/20,0,661000,-1849000,-1188000
2013/11/21,0,510000,-2178018,-1668018
2013/11/22,0,1539000,-1879000,-340000
2013/11/25,0,626000,-745000,-119000
2013/11/26,0,1295000,-1000661,294339
2013/11/27,0,119655,-387000,-267345
2013/11/28,0,347000,-211000,136000
2013/11/29,0,318000,-511000,-193000
2013/12/02,0,267655,-954000,-686345
2013/12/03,0,1041000,-1418824,-377824
2013/12/04,0,326000,-256000,70000
2013/12/05,0,352000,-324000,28000
2013/12/06,0,473000,-275000,198000
2013/12/09,0,744000,-627000,117000
2013/12/10,0,370000,-1159900,-789900
2013/12/11,0,280000,-195000,85000
2013/12/12,0,2000,-532473,-530473
2013/12/13,0,163000,-1349000,-1186000
2013/12/16,0,778000,-624000,154000
2013/12/17,0,267000,-252000,15000
2013/12/18,0,781000,-886000,-105000
2013/12/19,0,344000,-476000,-132000
2013/12/20,0,304898,-815000,-510102
2013/12/23,0,405000,-389000,16000
2013/12/24,0,76000,-164000,-88000
2013/12/25,0,48000,-6000,42000
2013/12/26,0,3000,-89000,-86000
2013/12/27,0,437000,-49000,388000
2013/12/30,0,593000,-344000,249000
2013/12/31,0,408000,-48000,360000
2014/01/02,0,35000,-389000,-354000
2014/01/03,0,62000,-93000,-31000
2014/01/06,0,134546,-519000,-384454
2014/01/07,0,510000,-466000,44000
2014/01/08,0,875000,-1166000,-291000
2014/01/09,0,348000,-624000,-276000
2014/01/10,0,731000,-776000,-45000
2014/01/13,0,275000,-746000,-471000
2014/01/14,0,699000,-1372226,-673226
2014/01/15,0,776000,-2108000,-1332000
2014/01/16,0,961000,-853000,108000
2014/01/17,0,1708655,-1336000,372655
2014/01/20,0,427000,-1245000,-818000
2014/01/21,0,540000,-907158,-367158
2014/01/22,0,873000,-1195000,-322000
2014/01/23,0,755000,-1470000,-715000
2014/01/24,0,699000,-5541000,-4842000
2014/01/27,0,1025000,-1924266,-899266
2014/02/05,0,1443860,-4176000,-2732140
2014/02/06,0,1814000,-3041000,-1227000
2014/02/07,0,899000,-859000,40000
2014/02/10,0,1339000,-542000,797000
2014/02/11,0,302096,-1046000,-743904
2014/02/12,0,113000,-339000,-226000
2014/02/13,0,661532,-1638000,-976468
2014/02/14,0,1093000,-1204500,-111500
2014/02/17,0,293000,-325000,-32000
2014/02/18,0,694000,-922000,-228000
2014/02/19,0,891000,-570621,320379
2014/02/20,0,1192000,-1082000,110000
2014/02/21,0,871000,-666000,205000
2014/02/24,0,170000,-512000,-342000
2014/02/25,0,820361,-501000,319361
2014/02/26,0,706000,-1138000,-432000
2014/02/27,0,989000,-2267962,-1278962
2014/03/03,0,1389000,-1221690,167310
2014/03/04,0,878000,-577000,301000
2014/03/05,0,558000,-769000,-211000
2014/03/06,0,925000,-549000,376000
2014/03/07,0,672000,-338000,334000
2014/03/10,0,620000,-623000,-3000
2014/03/11,0,116000,-977000,-861000
2014/03/12,0,592000,-1071000,-479000
2014/03/13,0,552000,-1033628,-481628
2014/03/14,0,560000,-424000,136000
2014/03/17,0,517000,-753000,-236000
2014/03/18,0,207000,-307000,-100000
2014/03/19,0,438000,-451000,-13000
2014/03/20,0,333000,-1178000,-845000
2014/03/21,0,598000,-558000,40000
2014/03/24,0,977000,-310000,667000
2014/03/25,0,346000,-489000,-143000
2014/03/26,0,454000,-497000,-43000
2014/03/27,0,1286000,-404000,882000
2014/03/28,0,1706000,-411000,1295000
2014/03/31,0,980655,-440000,540655
2014/04/01,0,227000,-798440,-571440
2014/04/02,0,333000,-552000,-219000
2014/04/03,0,2313000,-1318500,994500
2014/04/07,0,1281000,-1605000,-324000
2014/04/08,0,1900000,-1792000,108000
2014/04/09,0,1353000,-527000,826000
2014/04/10,0,1355640,-1167000,188640
2014/04/11,0,940000,-406000,534000
2014/04/14,0,2140890,-715000,1425890
2014/04/15,0,2762000,-602000,2160000
2014/04/16,0,1108000,-1088000,20000
2014/04/17,0,1058000,-724000,334000
2014/04/18,0,404000,-172000,232000
2014/04/21,0,118000,-421000,-303000
2014/04/22,0,1147000,-1683000,-536000
2014/04/23,0,1837000,-1916000,-79000
2014/04/24,0,1032000,-1864000,-832000
2014/04/25,0,2578000,-1407000,1171000
2014/04/28,0,1873000,-1085000,788000
2014/04/29,0,2597000,-2010000,587000
2014/04/30,0,1984000,-2323943,-339943
2014/05/02,0,1038000,-1980000,-942000
2014/05/05,0,783000,-579000,204000
2014/05/06,0,417000,-235000,182000
2014/05/07,0,4503000,-4290000,213000
2014/05/08,0,4812000,-4900000,-88000
2014/05/09,0,1611000,-889624,721376
2014/05/12,0,2056000,-2071500,-15500
2014/05/13,0,1140000,-794000,346000
2014/05/14,0,1961000,-1680000,281000
2014/05/15,0,985000,-1248000,-263000
2014/05/16,0,2574000,-1426282,1147718
2014/05/19,0,823000,-257129,565871
2014/05/20,0,2508000,-1655868,852132
2014/05/21,0,1996000,-1786000,210000
2014/05/22,0,509000,-104000,405000
2014/05/23,0,1054000,-831000,223000
2014/05/26,0,585000,-135000,450000
2014/05/27,0,183000,-239000,-56000
2014/05/28,0,1613000,-1324500,288500
2014/05/29,0,1302000,-418024,883976
2014/05/30,0,2096000,-1096692,999308
2014/06/03,0,1240000,-632000,608000
2014/06/04,0,659000,-439000,220000
2014/06/05,0,1187000,-967000,220000
2014/06/06,0,1922000,-1037000,885000
2014/06/09,0,2805000,-1770000,1035000
2014/06/10,0,1515708,-1072000,443708
2014/06/11,0,1080000,-638000,442000
2014/06/12,0,1662000,-173000,1489000
2014/06/13,0,864000,-649000,215000
2014/06/16,0,898000,-833000,65000
2014/06/17,0,1073000,-1034000,39000
2014/06/18,0,1039000,-635000,404000
2014/06/19,0,299865,-547000,-247135
2014/06/20,0,928000,-1303000,-375000
2014/06/23,0,977000,-800254,176746
2014/06/24,0,906000,-951288,-45288
2014/06/25,0,492000,-458570,33430
2014/06/26,0,271880,-882405,-610525
2014/06/27,0,452000,-774000,-322000
2014/06/30,0,456000,-714000,-258000
2014/07/01,0,382000,-866000,-484000
2014/07/02,0,252000,-598571,-346571
2014/07/03,0,55000,-588000,-533000
2014/07/04,0,276000,-639000,-363000
2014/07/07,0,900000,-604000,296000
2014/07/08,0,194000,-277000,-83000
2014/07/09,0,227000,-169000,58000
2014/07/10,0,984000,-842000,142000
2014/07/11,0,1977000,-2601000,-624000
2014/07/14,0,1691000,-1438000,253000
2014/07/15,0,1106000,-363000,743000
2014/07/16,0,1299000,-1322000,-23000
2014/07/17,0,370862,-257039,113823
2014/07/18,0,723000,-622000,101000
2014/07/21,0,190000,-548599,-358599
2014/07/22,0,753000,-381000,372000
2014/07/23,0,0,0,0
2014/07/24,0,953000,-1669000,-716000
2014/07/25,0,503000,-487000,16000
2014/07/28,0,745000,-246000,499000
2014/07/29,0,665000,-445000,220000
2014/07/30,0,650000,-236000,414000
2014/07/31,0,335000,-1078499,-743499
2014/08/01,0,764000,-717000,47000
2014/08/04,0,611000,-514000,97000
2014/08/05,0,738000,-1455368,-717368
2014/08/06,0,925000,-874000,51000
2014/08/07,0,1605899,-533245,1072654
2014/08/08,0,257000,-338384,-81384
2014/08/11,0,402000,-699000,-297000
2014/08/12,0,587000,-547550,39450
2014/08/13,0,731000,-152000,579000
2014/08/14,0,219000,-289000,-70000
2014/08/15,0,284000,-202000,82000
2014/08/18,0,232000,-184000,48000
2014/08/19,0,311780,-104000,207780
2014/08/20,0,281780,-55000,226780
2014/08/21,0,185000,-91000,94000
2014/08/22,0,1211172,-278571,932601
2014/08/25,0,624600,-340000,284600
2014/08/26,0,492208,-430030,62178
2014/08/27,0,940000,-222000,718000
2014/08/28,0,562000,-604500,-42500
2014/08/29,0,801000,-578000,223000
2014/09/01,0,365000,-217000,148000
2014/09/02,0,725000,-408000,317000
2014/09/03,0,623094,-417000,206094
2014/09/04,0,569000,-830671,-261671
2014/09/05,0,885000,-358000,527000
2014/09/09,0,517000,-668000,-151000
2014/09/10,0,209000,-947000,-738000
2014/09/11,0,622000,-917000,-295000
2014/09/12,0,325517,-746000,-420483
2014/09/15,0,2363000,-2719000,-356000
2014/09/16,0,227000,-387000,-160000
2014/09/17,0,1145000,-840080,304920
2014/09/18,0,429000,-1139204,-710204
2014/09/19,0,1445000,-701500,743500
2014/09/22,0,1006000,-1429000,-423000
2014/09/23,0,822000,-765000,57000
2014/09/24,0,1169000,-1083094,85906
2014/09/25,0,799000,-1653000,-854000
2014/09/26,0,559000,-964000,-405000
2014/09/29,0,891000,-1261000,-370000
2014/09/30,0,1995000,-1480000,515000
2014/10/01,0,981000,-1485362,-504362
2014/10/02,0,550000,-1585000,-1035000
2014/10/03,0,191000,-270000,-79000
2014/10/06,0,492000,-423000,69000
2014/10/07,0,343000,-985000,-642000
2014/10/08,0,653000,-414000,239000
2014/10/09,0,284000,-160000,124000
2014/10/13,0,363000,-631000,-268000
2014/10/14,0,442000,-359000,83000
2014/10/15,0,489000,-928000,-439000
2014/10/16,0,461000,-794000,-333000
2014/10/17,0,1028000,-1626000,-598000
2014/10/20,0,626000,-310343,315657
2014/10/21,0,491175,-661000,-169825
2014/10/22,0,548000,-707000,-159000
2014/10/23,0,990450,-1419000,-428550
2014/10/24,0,879000,-1038000,-159000
2014/10/27,0,408000,-547000,-139000
2014/10/28,0,921000,-637400,283600
2014/10/29,0,647000,-917000,-270000
2014/10/30,0,910000,-729000,181000
2014/10/31,0,1349000,-1293000,56000
2014/11/03,0,728000,-720000,8000
2014/11/04,0,1009000,-472000,537000
2014/11/05,0,956000,-678000,278000
2014/11/06,0,781000,-528000,253000
2014/11/07,0,171330,-176000,-4670
2014/11/10,0,682000,-279600,402400
2014/11/11,0,436000,-340000,96000
2014/11/12,0,643000,-830379,-187379
2014/11/13,0,432000,-441000,-9000
2014/11/14,0,443000,-883000,-440000
2014/11/17,0,683000,-398000,285000
2014/11/18,0,720347,-345270,375077
2014/11/19,0,940000,-879000,61000
2014/11/20,0,340000,-423000,-83000
2014/11/21,0,189000,-436000,-247000
2014/11/24,0,168000,-144000,24000
2014/11/25,0,959099,-1235765,-276666
2014/11/26,0,302000,-500000,-198000
2014/11/27,0,392000,-380000,12000
2014/11/28,0,637000,-246790,390210
2014/12/01,0,299000,-607000,-308000
2014/12/02,0,547000,-691000,-144000
2014/12/03,0,692229,-396000,296229
2014/12/04,0,923000,-545883,377117
2014/12/05,0,211000,-258000,-47000
2014/12/08,0,172000,-252000,-80000
2014/12/09,0,503000,-91000,412000
2014/12/10,0,415200,-440000,-24800
2014/12/11,0,116000,-249000,-133000
2014/12/12,0,634347,-362000,272347
2014/12/15,0,359000,-442000,-83000
2014/12/16,0,987916,-549896,438020
2014/12/17,0,1401000,-921000,480000
2014/12/18,0,433000,-553000,-120000
2014/12/19,0,550000,-327000,223000
2014/12/22,0,633000,-115000,518000
2014/12/23,0,407000,-68000,339000
2014/12/24,0,374000,-357000,17000
2014/12/25,0,105000,-4000,101000
2014/12/26,0,150000,-21000,129000
2014/12/29,0,544000,-28000,516000
2014/12/30,0,532000,-74000,458000
2014/12/31,0,146000,-171000,-25000
2015/01/01,0,0,0,0
2015/01/02,0,0,0,0
2015/01/05,0,392000,-425000,-33000
2015/01/06,0,727000,-944000,-217000
2015/01/07,0,422000,-751000,-329000
2015/01/08,0,627000,-492500,134500
2015/01/09,0,522000,-459000,63000
2015/01/12,0,445000,-367000,78000
2015/01/13,0,354000,-287000,67000
2015/01/14,0,346000,-385000,-39000
2015/01/15,0,209000,-154000,55000
2015/01/16,0,373000,-567616,-194616
2015/01/19,0,158000,-189000,-31000
2015/01/20,0,418000,-332805,85195
2015/01/21,0,382000,-175000,207000
2015/01/22,0,396000,-300000,96000
2015/01/23,0,798000,-354000,444000
2015/01/26,0,208000,-431000,-223000
2015/01/27,0,712000,-672000,40000
2015/01/28,0,373000,-421000,-48000
2015/01/29,0,778000,-709000,69000
2015/01/30,0,1091000,-1248000,-157000
2015/02/02,0,414000,-504000,-90000
2015/02/03,0,363000,-402000,-39000
2015/02/04,0,885000,-906000,-21000
2015/02/05,0,704000,-632000,72000
2015/02/06,0,123000,-145000,-22000
2015/02/09,0,159000,-255000,-96000
2015/02/10,0,364000,-395000,-31000
2015/02/11,0,372000,-306555,65445
2015/02/12,0,420000,-131000,289000
2015/02/13,0,364000,-207120,156880
2015/02/16,0,0,0,0
2015/02/17,0,0,0,0
2015/02/18,0,0,0,0
2015/02/19,0,0,0,0
2015/02/20,0,0,0,0
2015/02/23,0,0,0,0
2015/02/24,0,524000,-161000,363000
2015/02/25,0,574000,-181000,393000
2015/02/26,0,512000,-340492,171508
2015/02/27,0,0,0,0
2015/03/02,0,639000,-626000,13000
2015/03/03,0,697912,-425000,272912
2015/03/04,0,93000,-255000,-162000
2015/03/05,0,94000,-584000,-490000
2015/03/06,0,491000,-533000,-42000
2015/03/09,0,312000,-426000,-114000
2015/03/10,0,733756,-393500,340256
2015/03/11,0,121000,-465000,-344000
2015/03/12,0,456000,-203000,253000
2015/03/13,0,75000,-307583,-232583
2015/03/16,0,255000,-298752,-43752
2015/03/17,0,221000,-319000,-98000
2015/03/18,0,412000,-428812,-16812
2015/03/19,0,351000,-284000,67000
2015/03/20,0,651000,-192475,458525
2015/03/23,0,1343000,-688000,655000
2015/03/24,0,1225000,-138000,1087000
2015/03/25,0,136000,-453000,-317000
2015/03/26,0,436000,-647000,-211000
2015/03/27,0,750000,-493000,257000
2015/03/30,0,446000,-344000,102000
2015/03/31,0,805000,-1430000,-625000
2015/04/01,0,202000,-400000,-198000
2015/04/02,0,503347,-430000,73347
2015/04/03,0,0,0,0
2015/04/06,0,0,0,0
2015/04/07,0,958000,-82000,876000
2015/04/08,0,384000,-548000,-164000
2015/04/09,0,488000,-828000,-340000
2015/04/10,0,1260000,-408000,852000
2015/04/13,0,405000,-467000,-62000
2015/04/14,0,311000,-235000,76000
2015/04/15,0,755000,-997000,-242000
2015/04/16,0,1153000,-43000,1110000
2015/04/17,0,333912,-159000,174912
2015/04/20,0,526000,-177000,349000
2015/04/21,0,311000,-382000,-71000
2015/04/22,0,830000,-704903,125097
2015/04/23,0,1139000,-331000,808000
2015/04/24,0,1438000,-485000,953000
2015/04/27,0,1117000,-268000,849000
2015/04/28,0,965000,-346556,618444
2015/04/29,0,827000,-264000,563000
2015/04/30,0,792000,-817440,-25440
2015/05/01,0,0,0,0
2015/05/04,0,306000,-172000,134000
2015/05/05,0,276000,-141000,135000
2015/05/06,0,716000,-431000,285000
2015/05/07,0,292000,-679000,-387000
2015/05/08,0,306000,-500000,-194000
2015/05/11,0,540000,-367000,173000
2015/05/12,0,642000,-583000,59000
2015/05/13,0,514000,-494000,20000
2015/05/14,0,2514000,-1844000,670000
2015/05/15,0,1357000,-1136000,221000
2015/05/18,0,579000,-436000,143000
2015/05/19,0,268000,-959000,-691000
2015/05/20,0,540000,-834000,-294000
2015/05/21,0,739000,-971000,-232000
2015/05/22,0,520000,-495000,25000
2015/05/25,0,194000,-225000,-31000
2015/05/26,0,671000,-479000,192000
2015/05/27,0,545000,-504000,41000
2015/05/28,0,673000,-1128912,-455912
2015/05/29,0,918667,-1032332,-113665
2015/06/01,0,325000,-576000,-251000
2015/06/02,0,250000,-306000,-56000
2015/06/03,0,91000,-327000,-236000
2015/06/04,0,470000,-692351,-222351
2015/06/05,0,559000,-747000,-188000
2015/06/08,0,633000,-527000,106000
2015/06/09,0,371000,-358912,12088
2015/06/10,0,647148,-527000,120148
2015/06/11,0,331000,-701000,-370000
2015/06/12,0,318000,-552000,-234000
2015/06/15,0,498000,-349000,149000
2015/06/16,0,238449,-552000,-313551
2015/06/17,0,499000,-912000,-413000
2015/06/18,0,578000,-1336542,-758542
2015/06/19,0,0,0,0
2015/06/22,0,474000,-1118992,-644992
2015/06/23,0,256000,-1088000,-832000
2015/06/24,0,503000,-463000,40000
2015/06/25,0,997259,-659000,338259
2015/06/26,0,802000,-385000,417000
2015/06/29,0,656000,-339000,317000
2015/06/30,0,1827083,-1303000,524083
2015/07/01,0,351000,-385000,-34000
2015/07/02,0,1064000,-283000,781000
2015/07/03,0,221000,-740000,-519000
2015/07/06,0,375000,-509000,-134000
2015/07/07,0,544000,-656000,-112000
2015/07/08,0,446000,-1265000,-819000
2015/07/09,0,493000,-689000,-196000
2015/07/10,0,0,0,0
2015/07/13,0,857000,-800231,56769
2015/07/14,0,748000,-261000,487000
2015/07/15,0,361000,-268717,92283
2015/07/16,0,510000,-430000,80000
2015/07/17,0,185000,-284000,-99000
2015/07/20,0,192000,-390000,-198000
2015/07/21,0,283000,-421000,-138000
2015/07/22,0,616000,-612710,3290
2015/07/23,0,117000,-313000,-196000
2015/07/24,0,608347,-551000,57347
2015/07/27,0,600000,-471000,129000
2015/07/28,0,604000,-1213000,-609000
2015/07/29,0,752000,-992000,-240000
2015/07/30,0,404000,-346000,58000
2015/07/31,0,1341000,-1105000,236000
2015/08/03,0,278000,-834000,-556000
2015/08/04,0,745000,-422000,323000
2015/08/05,0,602000,-485000,117000
2015/08/06,0,307000,-471000,-164000
2015/08/07,0,239000,-367000,-128000
2015/08/10,0,36000,-435000,-399000
2015/08/11,0,631000,-1021000,-390000
2015/08/12,0,515000,-355000,160000
2015/08/13,0,733000,-656000,77000
2015/08/14,0,607000,-484000,123000
2015/08/17,0,227587,-237000,-9413
2015/08/18,0,463000,-564000,-101000
2015/08/19,0,585000,-723000,-138000
2015/08/20,0,395000,-1026000,-631000
2015/08/21,0,410000,-1321000,-911000
2015/08/24,0,570000,-1336000,-766000
2015/08/25,0,1060000,-748456,311544
2015/08/26,0,1281000,-1041684,239316
2015/08/27,0,594000,-1057000,-463000
2015/08/28,0,1087000,-385050,701950
2015/08/31,0,1106000,-1279777,-173777
2015/09/01,0,1089000,-769000,320000
2015/09/02,0,511000,-555912,-44912
2015/09/03,0,563000,-660000,-97000
2015/09/04,0,655912,-973220,-317308
2015/09/07,0,443000,-475000,-32000
2015/09/08,0,143000,-306000,-163000
2015/09/09,0,1156102,-1280000,-123898
2015/09/10,0,959996,-1053000,-93004
2015/09/11,0,634000,-1377000,-743000
2015/09/14,0,613000,-1764000,-1151000
2015/09/15,0,1325000,-1336000,-11000
2015/09/16,0,776000,-884678,-108678
2015/09/17,0,754000,-1088000,-334000
2015/09/18,0,1447772,-1380000,67772
2015/09/21,0,487000,-938456,-451456
2015/09/22,0,513000,-1173000,-660000
2015/09/23,0,962000,-827295,134705
2015/09/24,0,444846,-844000,-399154
2015/09/25,0,276000,-702000,-426000
2015/09/28,0,0,0,0
2015/09/29,0,0,0,0
2015/09/30,0,1878000,-2248000,-370000
2015/10/01,0,969000,-674000,295000
2015/10/02,0,861000,-539000,322000
2015/10/05,0,935000,-867000,68000
2015/10/06,0,1361000,-2003000,-642000
2015/10/07,0,1163000,-675000,488000
2015/10/08,0,436000,-992000,-556000
2015/10/09,0,0,0,0
2015/10/12,0,745000,-1065000,-320000
2015/10/13,0,1110347,-1029596,80751
2015/10/14,0,552000,-860000,-308000
2015/10/15,0,751000,-1005000,-254000
2015/10/16,0,1271000,-597000,674000
2015/10/19,0,1598000,-1823000,-225000
2015/10/20,0,1231000,-1439000,-208000
2015/10/21,0,670000,-687000,-17000
2015/10/22,0,1119000,-1224000,-105000
2015/10/23,0,837000,-1535000,-698000
2015/10/26,0,883000,-1038000,-155000
2015/10/27,0,982000,-1441000,-459000
2015/10/28,0,777000,-807507,-30507
2015/10/29,0,236000,-723121,-487121
2015/10/30,0,597000,-470000,127000
2015/11/02,0,193000,-613000,-420000
2015/11/03,0,698000,-448642,249358
2015/11/04,0,3928000,-3918581,9419
2015/11/05,0,421000,-991000,-570000
2015/11/06,0,225000,-1243000,-1018000
2015/11/09,0,240000,-1046000,-806000
2015/11/10,0,413000,-1128000,-715000
2015/11/11,0,574000,-1679996,-1105996
2015/11/12,0,648000,-1946000,-1298000
2015/11/13,0,685000,-4004597,-3319597
2015/11/16,0,2210200,-4855000,-2644800
2015/11/17,0,1531000,-2136000,-605000
2015/11/18,0,1624200,-1468000,156200
2015/11/19,0,718000,-2781000,-2063000
2015/11/20,0,394000,-1244509,-850509
2015/11/23,0,589000,-1645980,-1056980
2015/11/24,0,2922000,-4491787,-1569787
2015/11/25,0,1384000,-5662000,-4278000
2015/11/26,0,678000,-2365003,-1687003
2015/11/27,0,1028000,-2573846,-1545846
2015/11/30,0,39021600,-48222708,-9201108
2015/12/01,0,6340000,-5519001,820999
2015/12/02,0,2393000,-4757367,-2364367
2015/12/03,0,2570000,-3357000,-787000
2015/12/04,0,1796000,-2936806,-1140806
2015/12/07,0,1461000,-954000,507000
2015/12/08,0,1651000,-5105000,-3454000
2015/12/09,0,475000,-468000,7000
2015/12/10,0,1154000,-2758829,-1604829
2015/12/11,0,1996000,-4059000,-2063000
2015/12/14,0,763000,-5226000,-4463000
2015/12/15,0,3285000,-4670306,-1385306
2015/12/16,0,1285000,-2298000,-1013000
2015/12/17,0,1189000,-2284000,-1095000
2015/12/18,0,1172651,-2073442,-900791
2015/12/21,0,301000,-1360710,-1059710
2015/12/22,0,542000,-2034000,-1492000
2015/12/23,0,873000,-2362000,-1489000
2015/12/24,0,625000,-595000,30000
2015/12/25,0,101000,-730000,-629000
2015/12/28,0,457000,-554000,-97000
2015/12/29,0,335000,-687000,-352000
2015/12/30,0,137000,-883000,-746000
2015/12/31,0,219000,-649000,-430000
2016/01/01,0,0,0,0
2016/01/04,0,1624000,-1709000,-85000
2016/01/05,0,1143000,-2705990,-1562990
2016/01/06,0,547000,-535000,12000
2016/01/07,0,556000,-1216000,-660000
2016/01/08,0,595000,-1396000,-801000
2016/01/11,0,767000,-2105000,-1338000
2016/01/12,0,738000,-984000,-246000
2016/01/13,0,1093000,-1973000,-880000
2016/01/14,0,1159000,-1179000,-20000
2016/01/15,0,1088000,-1516164,-428164
2016/01/18,0,1063000,-802000,261000
2016/01/19,0,524000,-856231,-332231
2016/01/20,0,786000,-1476000,-690000
2016/01/21,0,238000,-534000,-296000
2016/01/22,0,117000,-1224000,-1107000
2016/01/25,0,472000,-377000,95000
2016/01/26,0,223000,-501000,-278000
2016/01/27,0,283000,-1008000,-725000
2016/01/28,0,976000,-616000,360000
2016/01/29,0,346000,-1195000,-849000
2016/02/01,0,1039000,-1010000,29000
2016/02/02,0,649000,-1208000,-559000
2016/02/03,0,751000,-1137000,-386000
2016/02/04,0,0,0,0
2016/02/05,0,0,0,0
2016/02/08,0,0,0,0
2016/02/09,0,0,0,0
2016/02/10,0,0,0,0
2016/02/11,0,0,0,0
2016/02/12,0,0,0,0
2016/02/15,0,613000,-945000,-332000
2016/02/16,0,1160000,-1788555,-628555
2016/02/17,0,260000,-888000,-628000
2016/02/18,0,257062,-1130000,-872938
2016/02/19,0,340000,-817000,-477000
2016/02/22,0,201000,-1153000,-952000
2016/02/23,0,607000,-742000,-135000
2016/02/24,0,477000,-1879000,-1402000
2016/02/25,0,915000,-1188000,-273000
2016/02/26,0,296000,-1209000,-913000
2016/02/29,0,0,0,0
2016/03/01,0,736000,-1201000,-465000
2016/03/02,0,689000,-616000,73000
2016/03/03,0,1706000,-612000,1094000
2016/03/04,0,3029782,-648000,2381782
2016/03/07,0,3084000,-1810000,1274000
2016/03/08,0,791000,-315000,476000
2016/03/09,0,762000,-450000,312000
2016/03/10,0,3317000,-1238000,2079000
2016/03/11,0,1908000,-2058000,-150000
2016/03/14,0,492000,-782000,-290000
2016/03/15,0,947000,-499000,448000
2016/03/16,0,2253000,-747000,1506000
2016/03/17,0,2095000,-1441694,653306
2016/03/18,0,1198000,-3101819,-1903819
2016/03/21,0,702000,-1052000,-350000
2016/03/22,0,1344000,-476000,868000
2016/03/23,0,707000,-308000,399000
2016/03/24,0,1993000,-696000,1297000
2016/03/25,0,437000,-813000,-376000
2016/03/28,0,490000,-307000,183000
2016/03/29,0,1076000,-804000,272000
2016/03/30,0,1676000,-1099000,577000
2016/03/31,0,2708000,-3061000,-353000
2016/04/01,0,1627000,-1940000,-313000
2016/04/04,0,0,0,0
2016/04/05,0,0,0,0
2016/04/06,0,2543000,-2533000,10000
2016/04/07,0,1612000,-1985000,-373000
2016/04/08,0,1862000,-2674000,-812000
2016/04/11,0,1373000,-1920000,-547000
2016/04/12,0,1794102,-1589000,205102
2016/04/13,0,505000,-1241000,-736000
2016/04/14,0,2670000,-1184000,1486000
2016/04/15,0,1173000,-1419000,-246000
2016/04/18,0,738000,-719000,19000
2016/04/19,0,2586833,-1540000,1046833
2016/04/20,0,1457000,-1056000,401000
2016/04/21,0,400000,-716000,-316000
2016/04/22,0,362000,-298000,64000
2016/04/25,0,171444,-246000,-74556
2016/04/26,0,986579,-886000,100579
2016/04/27,0,678000,-585000,93000
2016/04/28,0,347000,-384000,-37000
2016/04/29,0,366000,-826000,-460000
2016/05/02,0,0,0,0
2016/05/03,0,1595000,-839000,756000
2016/05/04,0,838000,-1331000,-493000
2016/05/05,0,379000,-607000,-228000
2016/05/06,0,685000,-460000,225000
2016/05/09,0,505000,-591000,-86000
2016/05/10,0,583000,-610000,-27000
2016/05/11,0,1239000,-343000,896000
2016/05/12,0,754000,-317000,437000
2016/05/13,0,1898611,-365000,1533611
2016/05/16,0,2913000,-1243000,1670000
2016/05/17,0,2583222,-528000,2055222
2016/05/18,0,1745000,-1023000,722000
2016/05/19,0,2722000,-1321000,1401000
2016/05/20,0,1414628,-1067039,347589
2016/05/23,0,1992211,-675000,1317211
2016/05/24,0,3314000,-1722000,1592000
2016/05/25,0,2040000,-1226000,814000
2016/05/26,0,2432000,-1170000,1262000
2016/05/27,0,1937000,-747000,1190000
2016/05/30,0,1170000,-171000,999000
2016/05/31,0,2744000,-676000,2068000
2016/06/01,0,1998000,-329000,1669000
2016/06/02,0,2528000,-305000,2223000
2016/06/03,0,1638000,-376000,1262000
2016/06/06,0,992000,-1118000,-126000
2016/06/07,0,2461000,-381500,2079500
2016/06/08,0,1911000,-568000,1343000
2016/06/09,0,0,0,0
2016/06/10,0,0,0,0
2016/06/13,0,878000,-1354000,-476000
2016/06/14,0,1263218,-622000,641218
2016/06/15,0,1460000,-754700,705300
2016/06/16,0,2428000,-2345900,82100
2016/06/17,0,1141000,-1321777,-180777
2016/06/20,0,643000,-477000,166000
2016/06/21,0,598000,-689000,-91000
2016/06/22,0,397000,-446000,-49000
2016/06/23,0,541000,-677000,-136000
2016/06/24,0,527000,-1074062,-547062
2016/06/27,0,1453000,-1175000,278000
2016/06/28,0,1341000,-1445000,-104000
2016/06/29,0,1714000,-1425000,289000
2016/06/30,0,1296000,-1112000,184000
2016/07/01,0,1038000,-657000,381000
2016/07/04,0,355000,-781000,-426000
2016/07/05,0,487000,-662000,-175000
2016/07/06,0,707000,-888000,-181000
2016/07/07,0,992000,-706000,286000
2016/07/08,0,0,0,0
2016/07/11,0,1101238,-419000,682238
2016/07/12,0,1113000,-342780,770220
2016/07/13,0,1350000,-505000,845000
2016/07/14,0,821000,-507000,314000
2016/07/15,0,1713000,-738000,975000
2016/07/18,0,245000,-414000,-169000
2016/07/19,0,1106000,-1514000,-408000
2016/07/20,0,795000,-566118,228882
2016/07/21,0,1013000,-771000,242000
2016/07/22,0,1179823,-1513823,-334000
2016/07/25,0,616000,-964000,-348000
2016/07/26,0,324000,-2317000,-1993000
2016/07/27,0,1028330,-1049316,-20986
2016/07/28,0,965665,-620000,345665
2016/07/29,0,1391000,-1729000,-338000
2016/08/01,0,1697995,-794000,903995
2016/08/02,0,579000,-881000,-302000
2016/08/03,0,42000,-1045050,-1003050
2016/08/04,0,753000,-1455920,-702920
2016/08/05,0,663000,-1831000,-1168000
2016/08/08,0,689000,-707000,-18000
2016/08/09,0,1414000,-1027000,387000
2016/08/10,0,1151000,-949000,202000
2016/08/11,0,2029000,-1269000,760000
2016/08/12,0,1288000,-840000,448000
2016/08/15,0,437660,-509000,-71340
2016/08/16,0,1455000,-1247000,208000
2016/08/17,0,1186712,-525000,661712
2016/08/18,0,1983000,-1241748,741252
2016/08/19,0,415000,-1110493,-695493
2016/08/22,0,1172000,-1713000,-541000
2016/08/23,0,705330,-735000,-29670
2016/08/24,0,862665,-1686000,-823335
2016/08/25,0,1722000,-1151000,571000
2016/08/26,0,1382670,-500000,882670
2016/08/29,0,887000,-702000,185000
2016/08/30,0,901000,-1015000,-114000
2016/08/31,0,2047000,-1957000,90000
2016/09/01,0,660000,-622000,38000
2016/09/02,0,1081000,-748000,333000
2016/09/05,0,816000,-1033000,-217000
2016/09/06,0,1263000,-2769000,-1506000
2016/09/07,0,32076430,-71494000,-39417570
2016/09/08,0,5393145,-7145000,-1751855
2016/09/09,0,2022000,-3166000,-1144000
2016/09/12,0,537000,-2669000,-2132000
2016/09/13,0,1367000,-1995000,-628000
2016/09/14,0,1375000,-1523000,-148000
2016/09/15,0,0,0,0
2016/09/16,0,0,0,0
2016/09/19,0,2756520,-3548684,-792164
2016/09/20,0,536000,-472982,63018
2016/09/21,0,640000,-880000,-240000
2016/09/22,0,431000,-508000,-77000
2016/09/23,0,1440000,-1474882,-34882
2016/09/26,0,1150172,-1190000,-39828
2016/09/27,0,0,0,0
2016/09/28,0,0,0,0
2016/09/29,0,5214000,-2498684,2715316
2016/09/30,0,3528100,-3854938,-326838
2016/10/03,0,1564706,-1499000,65706
2016/10/04,0,727000,-1474826,-747826
2016/10/05,0,386000,-543000,-157000
2016/10/06,0,1021000,-712000,309000
2016/10/07,0,454000,-391000,63000
2016/10/10,0,0,0,0
2016/10/11,0,474000,-419000,55000
2016/10/12,0,385000,-487589,-102589
2016/10/13,0,1255000,-1325000,-70000
2016/10/14,0,215000,-622796,-407796
2016/10/17,0,339000,-726082,-387082
2016/10/18,0,1008000,-630000,378000
2016/10/19,0,794000,-516000,278000
2016/10/20,0,1259000,-756960,502040
2016/10/21,0,1040000,-956960,83040
2016/10/24,0,839000,-847080,-8080
2016/10/25,0,904000,-767080,136920
2016/10/26,0,1341000,-1910000,-569000
2016/10/27,0,357000,-618000,-261000
2016/10/28,0,349000,-415000,-66000
2016/10/31,0,473000,-463000,10000
2016/11/01,0,356000,-464000,-108000
2016/11/02,0,752000,-700000,52000
2016/11/03,0,1003000,-800000,203000
2016/11/04,0,765000,-312000,453000
2016/11/07,0,203000,-354000,-151000
2016/11/08,0,273000,-141000,132000
2016/11/09,0,617000,-480000,137000
2016/11/10,0,662000,-786000,-124000
2016/11/11,0,1552000,-758000,794000
2016/11/14,0,2421000,-769000,1652000
2016/11/15,0,1976000,-1086000,890000
2016/11/16,0,1925000,-2313000,-388000
2016/11/17,0,1255000,-1173000,82000
2016/11/18,0,984000,-69000,915000
2016/11/21,0,633000,-202000,431000
2016/11/22,0,1487000,-761000,726000
2016/11/23,0,2095000,-276000,1819000
2016/11/24,0,480000,-229000,251000
2016/11/25,0,1265000,-63000,1202000
2016/11/28,0,1100000,-191000,909000
2016/11/29,0,553000,-297000,256000
2016/11/30,0,898000,-167000,731000
2016/12/01,0,999000,-86000,913000
2016/12/02,0,729000,-1308600,-579600
2016/12/05,0,1193000,-831000,362000
2016/12/06,0,2008000,-1006000,1002000
2016/12/07,0,605000,-831000,-226000
2016/12/08,0,985000,-291000,694000
2016/12/09,0,317000,-267108,49892
2016/12/12,0,823000,-520000,303000
2016/12/13,0,554000,-417000,137000
2016/12/14,0,787000,-495000,292000
2016/12/15,0,566000,-786000,-220000
2016/12/16,0,791000,-1062600,-271600
2016/12/19,0,304000,-663000,-359000
2016/12/20,0,1050000,-1158000,-108000
2016/12/21,0,328000,-297000,31000
2016/12/22,0,1307000,-426000,881000
2016/12/23,0,28000,-466996,-438996
2016/12/26,0,84000,-274000,-190000
2016/12/27,0,136000,-177000,-41000
2016/12/28,0,544000,-132000,412000
2016/12/29,0,519000,-167000,352000
2016/12/30,0,215000,-161000,54000
2017/01/02,0,0,0,0
2017/01/03,0,439000,-177000,262000
2017/01/04,0,583000,-598985,-15985
2017/01/05,0,390000,-751000,-361000
2017/01/06,0,1691000,-1204000,487000
2017/01/09,0,674000,-615000,59000
2017/01/10,0,1438000,-1047906,390094
2017/01/11,0,1444000,-2354000,-910000
2017/01/12,0,1082000,-1473000,-391000
2017/01/13,0,133000,-858000,-725000
2017/01/16,0,68000,-831000,-763000
2017/01/17,0,271000,-634537,-363537
2017/01/18,0,428000,-644702,-216702
2017/01/19,0,106000,-683835,-577835
2017/01/20,0,103000,-382000,-279000
2017/01/23,0,190000,-527000,-337000
2017/01/24,0,1979000,-1006000,973000
2017/01/25,0,0,0,0
2017/01/26,0,0,0,0
2017/01/27,0,0,0,0
2017/01/30,0,0,0,0
2017/01/31,0,0,0,0
2017/02/01,0,0,0,0
2017/02/02,0,1346000,-2244000,-898000
2017/02/03,0,820000,-453000,367000
2017/02/06,0,497000,-333000,164000
2017/02/07,0,387000,-382000,5000
2017/02/08,0,957000,-483985,473015
2017/02/09,0,891000,-736204,154796
2017/02/10,0,164000,-209000,-45000
2017/02/13,0,510000,-489518,20482
2017/02/14,0,1173000,-765750,407250
2017/02/15,0,2007000,-735000,1272000
2017/02/16,0,1888000,-410831,1477169
2017/02/17,0,1662000,-1419606,242394
2017/02/20,0,338000,-344649,-6649
2017/02/21,0,678000,-542180,135820
2017/02/22,0,496000,-495000,1000
2017/02/23,0,577000,-675660,-98660
2017/02/24,0,717000,-1116630,-399630
2017/02/27,0,0,0,0
2017/02/28,0,0,0,0
2017/03/01,0,439000,-629000,-190000
2017/03/02,0,708000,-616000,92000
2017/03/03,0,447000,-389220,57780
2017/03/06,0,387000,-370000,17000
2017/03/07,0,349000,-1162000,-813000
2017/03/08,0,489000,-327568,161432
2017/03/09,0,153000,-191000,-38000
2017/03/10,0,598000,-653000,-55000
2017/03/13,0,359408,-222000,137408
2017/03/14,0,457000,-426000,31000
2017/03/15,0,740000,-749000,-9000
2017/03/16,0,584000,-489000,95000
2017/03/17,0,844000,-691000,153000
2017/03/20,0,137000,-153000,-16000
2017/03/21,0,478000,-465738,12262
2017/03/22,0,698000,-321949,376051
2017/03/23,0,389000,-667600,-278600
2017/03/24,0,661000,-483000,178000
2017/03/27,0,1386000,-1106388,279612
2017/03/28,0,1856000,-386192,1469808
2017/03/29,0,584000,-662000,-78000
2017/03/30,0,1011000,-522000,489000
2017/03/31,0,995000,-327000,668000
2017/04/03,0,0,0,0
2017/04/04,0,0,0,0
2017/04/05,0,947000,-846163,100837
2017/04/06,0,474000,-332996,141004
2017/04/07,0,819000,-356000,463000
2017/04/10,0,1148000,-1068036,79964
2017/04/11,0,1383000,-288041,1094959
2017/04/12,0,826000,-435000,391000
2017/04/13,0,195243,-422000,-226757
2017/04/14,0,46000,-184000,-138000
2017/04/17,0,61000,-234000,-173000
2017/04/18,0,448000,-416000,32000
2017/04/19,0,421000,-497329,-76329
2017/04/20,0,16392000,-16236730,155270
2017/04/21,0,1071535,-379783,691752
2017/04/24,0,136000,-242000,-106000
2017/04/25,0,426000,-328000,98000
2017/04/26,0,1334000,-365000,969000
2017/04/27,0,696000,-627000,69000
2017/04/28,0,799000,-146000,653000
2017/05/01,0,0,0,0
2017/05/02,0,441000,-390000,51000
2017/05/03,0,129000,-183000,-54000
2017/05/04,0,379000,-387700,-8700
2017/05/05,0,280000,-372000,-92000
2017/05/08,0,332000,-198000,134000
2017/05/09,0,616535,-316400,300135
2017/05/10,0,616000,-190000,426000
2017/05/11,0,246000,-416000,-170000
2017/05/12,0,139000,-248000,-109000
2017/05/15,0,266000,-492000,-226000
2017/05/16,0,2162000,-2454821,-292821
2017/05/17,0,345000,-721000,-376000
2017/05/18,0,337000,-1006968,-669968
2017/05/19,0,403000,-868865,-465865
2017/05/22,0,595000,-559000,36000
2017/05/23,0,1065000,-1159000,-94000
2017/05/24,0,411000,-1067000,-656000
2017/05/25,0,310000,-429000,-119000
2017/05/26,0,0,0,0
2017/05/29,0,0,0,0
2017/05/30,0,0,0,0
2017/05/31,0,1194000,-1397200,-203200
2017/06/01,0,757000,-1785172,-1028172
2017/06/02,0,431121,-1423000,-991879
2017/06/05,0,294000,-1226000,-932000
2017/06/06,0,128000,-404000,-276000
2017/06/07,0,2462828,-2272979,189849
2017/06/08,0,1036000,-1445000,-409000
2017/06/09,0,554000,-1358310,-804310
2017/06/12,0,162000,-587000,-425000
2017/06/13,0,219000,-401000,-182000
2017/06/14,0,492000,-580000,-88000
2017/06/15,0,89000,-627000,-538000
2017/06/16,0,527685,-1064000,-536315
2017/06/19,0,388000,-520000,-132000
2017/06/20,0,44000,-583000,-539000
2017/06/21,0,1036000,-455000,581000
2017/06/22,0,937000,-723000,214000
2017/06/23,0,240000,-729000,-489000
2017/06/26,0,229000,-359000,-130000
2017/06/27,0,335000,-715000,-380000
2017/06/28,0,334000,-491950,-157950
2017/06/29,0,517000,-691921,-174921
2017/06/30,0,2259000,-1330000,929000
2017/07/03,0,388000,-210000,178000
2017/07/04,0,329000,-209000,120000
2017/07/05,0,509000,-279000,230000
2017/07/06,0,509000,-767000,-258000
2017/07/07,0,300000,-229976,70024
2017/07/10,0,138000,-252916,-114916
2017/07/11,0,306000,-81000,225000
2017/07/12,0,282000,-298000,-16000
2017/07/13,0,588000,-736324,-148324
2017/07/14,0,373000,-146000,227000
2017/07/17,0,182000,-65000,117000
2017/07/18,0,552000,-692000,-140000
2017/07/19,0,542984,-329000,213984
2017/07/20,0,471000,-359000,112000
2017/07/21,0,680000,-515000,165000
2017/07/24,0,825000,-164000,661000
2017/07/25,0,928000,-369000,559000
2017/07/26,0,1146000,-689000,457000
2017/07/27,0,263000,-1222000,-959000
2017/07/28,0,222000,-773000,-551000
2017/07/31,0,509000,-533000,-24000
2017/08/01,0,414000,-358000,56000
2017/08/02,0,148000,-222000,-74000
2017/08/03,0,168000,-310000,-142000
2017/08/04,0,556000,-640000,-84000
2017/08/07,0,92000,-25000,67000
2017/08/08,0,623000,-400000,223000
2017/08/09,0,368000,-104000,264000
2017/08/10,0,625048,-531000,94048
2017/08/11,0,305000,-546000,-241000
2017/08/14,0,442000,-914000,-472000
2017/08/15,0,424000,-167000,257000
2017/08/16,0,420000,-555000,-135000
2017/08/17,0,210000,-1104304,-894304
2017/08/18,0,641000,-818000,-177000
