Date,Open,Buy,Sell,Total
2007/01/02,0,17000,0,17000
2007/01/03,0,10000,-1000,9000
2007/01/04,0,106000,-3000,103000
2007/01/05,0,25000,0,25000
2007/01/08,0,24000,-7000,17000
2007/01/09,0,60000,-365000,-305000
2007/01/10,0,125000,-14000,111000
2007/01/11,0,1757000,0,1757000
2007/01/12,0,2287000,-15000,2272000
2007/01/15,0,1263000,-68539,1194461
2007/01/16,0,111000,-502000,-391000
2007/01/17,0,971000,-211000,760000
2007/01/18,0,606000,-222000,384000
2007/01/19,0,753000,-151000,602000
2007/01/22,0,1490000,-201000,1289000
2007/01/23,0,944000,-1997000,-1053000
2007/01/24,0,704000,-53000,651000
2007/01/25,0,555000,-93000,462000
2007/01/26,0,724000,-520000,204000
2007/01/29,0,2293000,-354000,1939000
2007/01/30,0,337000,-218383,118617
2007/01/31,0,625000,-1135000,-510000
2007/02/01,0,977000,-760000,217000
2007/02/02,0,37000,-100000,-63000
2007/02/05,0,76000,-114000,-38000
2007/02/06,0,115000,-857000,-742000
2007/02/07,0,0,-401000,-401000
2007/02/08,0,4000,-74000,-70000
2007/02/09,0,3000,-100000,-97000
2007/02/12,0,0,-106000,-106000
2007/02/13,0,1000,-100000,-99000
2007/02/14,0,422000,0,422000
2007/02/15,0,0,0,0
2007/02/16,0,0,0,0
2007/02/19,0,0,0,0
2007/02/20,0,0,0,0
2007/02/21,0,0,0,0
2007/02/22,0,0,0,0
2007/02/23,0,0,0,0
2007/02/26,0,160000,-9000,151000
2007/02/27,0,695000,0,695000
2007/02/28,0,0,0,0
2007/03/01,0,1148000,-15000,1133000
2007/03/02,0,480000,-580000,-100000
2007/03/05,0,435000,-391000,44000
2007/03/06,0,122000,-7000,115000
2007/03/07,0,200000,-898000,-698000
2007/03/08,0,530000,-513000,17000
2007/03/09,0,419000,-409000,10000
2007/03/12,0,278000,-317000,-39000
2007/03/13,0,110000,-351000,-241000
2007/03/14,0,4000,-360000,-356000
2007/03/15,0,7000,-756000,-749000
2007/03/16,0,0,-2364318,-2364318
2007/03/19,0,0,-40000,-40000
2007/03/20,0,4000,-355000,-351000
2007/03/21,0,615000,-155000,460000
2007/03/22,0,2154000,-1430000,724000
2007/03/23,0,574000,-501000,73000
2007/03/26,0,101000,-759000,-658000
2007/03/27,0,445000,-15000,430000
2007/03/28,0,973000,-870000,103000
2007/03/29,0,918000,-1163000,-245000
2007/03/30,0,210000,-158000,52000
2007/04/02,0,87000,-435000,-348000
2007/04/03,0,880000,-901000,-21000
2007/04/04,0,218000,-459000,-241000
2007/04/05,0,0,0,0
2007/04/06,0,0,0,0
2007/04/09,0,13000,-605000,-592000
2007/04/10,0,612000,-1067000,-455000
2007/04/11,0,650000,-9000,641000
2007/04/12,0,0,-107000,-107000
2007/04/13,0,6000,-42000,-36000
2007/04/16,0,903000,0,903000
2007/04/17,0,322000,-3000,319000
2007/04/18,0,292000,0,292000
2007/04/19,0,760000,-13000,747000
2007/04/20,0,2000,-8000,-6000
2007/04/23,0,3000,0,3000
2007/04/24,0,610000,-453000,157000
2007/04/25,0,0,-9000,-9000
2007/04/26,0,807000,0,807000
2007/04/27,0,1843000,-86000,1757000
2007/04/30,0,644000,-484000,160000
2007/05/01,0,0,0,0
2007/05/02,0,188000,-8000,180000
2007/05/03,0,205000,0,205000
2007/05/04,0,0,0,0
2007/05/07,0,1000,-20000,-19000
2007/05/08,0,14000,0,14000
2007/05/09,0,744000,-7000,737000
2007/05/10,0,290000,-59000,231000
2007/05/11,0,2146000,-138000,2008000
2007/05/14,0,310000,-16000,294000
2007/05/15,0,42000,-7000,35000
2007/05/16,0,35000,-179000,-144000
2007/05/17,0,206000,-6000,200000
2007/05/18,0,11000,-15000,-4000
2007/05/21,0,16000,-5000,11000
2007/05/22,0,0,-12000,-12000
2007/05/23,0,539000,-92000,447000
2007/05/24,0,749000,-87000,662000
2007/05/25,0,9000,-28000,-19000
2007/05/28,0,19000,-3000,16000
2007/05/29,0,74000,0,74000
2007/05/30,0,15000,-5000,10000
2007/05/31,0,60000,0,60000
2007/06/01,0,29000,0,29000
2007/06/04,0,51000,-13000,38000
2007/06/05,0,957000,-54000,903000
2007/06/06,0,325000,-14000,311000
2007/06/07,0,3000,-7000,-4000
2007/06/08,0,7000,-755000,-748000
2007/06/11,0,16000,-47000,-31000
2007/06/12,0,92000,-232000,-140000
2007/06/13,0,1271000,-424000,847000
2007/06/14,0,1730000,-1153000,577000
2007/06/15,0,519000,-228000,291000
2007/06/18,0,0,0,0
2007/06/19,0,0,0,0
2007/06/20,0,311000,-496000,-185000
2007/06/21,0,474000,-194000,280000
2007/06/22,0,153000,-160000,-7000
2007/06/25,0,622000,-191000,431000
2007/06/26,0,51000,-415000,-364000
2007/06/27,0,94000,-75000,19000
2007/06/28,0,59000,-492000,-433000
2007/06/29,0,85000,-80000,5000
2007/07/02,0,74000,-627000,-553000
2007/07/03,0,47000,-1728000,-1681000
2007/07/04,0,78000,-1870000,-1792000
2007/07/05,0,87000,-82000,5000
2007/07/06,0,50000,-1577000,-1527000
2007/07/09,0,60000,-3000,57000
2007/07/10,0,85000,-30000,55000
2007/07/11,0,100000,-20000,80000
2007/07/12,0,23000,-13000,10000
2007/07/13,0,26000,-1000,25000
2007/07/16,0,7000,-50000,-43000
2007/07/17,0,47000,-5000,42000
2007/07/18,0,154000,-38000,116000
2007/07/19,0,129000,-60000,69000
2007/07/20,0,22000,-29000,-7000
2007/07/23,0,47000,-1072000,-1025000
2007/07/24,0,98000,-455000,-357000
2007/07/25,0,314000,-555000,-241000
2007/07/26,0,144000,-256000,-112000
2007/07/27,0,76000,-297000,-221000
2007/07/30,0,124000,-909000,-785000
2007/07/31,0,51000,-175000,-124000
2007/08/01,0,62000,-1356000,-1294000
2007/08/02,0,169000,-826000,-657000
2007/08/03,0,22000,-105000,-83000
2007/08/06,0,19000,-22000,-3000
2007/08/07,0,303000,-7000,296000
2007/08/08,0,171000,-32000,139000
2007/08/09,0,0,0,0
2007/08/10,0,131000,-654000,-523000
2007/08/13,0,49000,-700000,-651000
2007/08/14,0,27000,-729000,-702000
2007/08/15,0,16000,-923022,-907022
2007/08/16,0,4000,-45000,-41000
2007/08/17,0,255000,-7000,248000
2007/08/20,0,195000,-14000,181000
2007/08/21,0,22000,-85000,-63000
2007/08/22,0,0,-22000,-22000
2007/08/23,0,210000,0,210000
2007/08/24,0,91000,0,91000
2007/08/27,0,136000,-16000,120000
2007/08/28,0,79000,-56000,23000
2007/08/29,0,232000,-21000,211000
2007/08/30,0,5000,-569000,-564000
2007/08/31,0,111000,-435000,-324000
2007/09/03,0,824000,-574000,250000
2007/09/04,0,3000,-141000,-138000
2007/09/05,0,1000,-205000,-204000
2007/09/06,0,236000,-1296000,-1060000
2007/09/07,0,243000,-360000,-117000
2007/09/10,0,201000,-996000,-795000
2007/09/11,0,0,-356000,-356000
2007/09/12,0,81000,-33000,48000
2007/09/13,0,0,-7000,-7000
2007/09/14,0,54000,-10000,44000
2007/09/17,0,1003000,-157000,846000
2007/09/18,0,0,0,0
2007/09/19,0,50000,-346000,-296000
2007/09/20,0,559000,-227000,332000
2007/09/21,0,37000,-78000,-41000
2007/09/24,0,0,0,0
2007/09/25,0,0,0,0
2007/09/26,0,45000,-39000,6000
2007/09/27,0,241000,-13000,228000
2007/09/28,0,210000,-28000,182000
2007/10/01,0,0,-50000,-50000
2007/10/02,0,27000,-543909,-516909
2007/10/03,0,31000,-8000,23000
2007/10/04,0,67000,-11000,56000
2007/10/05,0,252000,-689000,-437000
2007/10/08,0,8000,-580030,-572030
2007/10/09,0,2000,-70013,-68013
2007/10/10,0,0,0,0
2007/10/11,0,19000,0,19000
2007/10/12,0,23000,-518001,-495001
2007/10/15,0,0,-6000,-6000
2007/10/16,0,22000,-4000,18000
2007/10/17,0,8000,-10000,-2000
2007/10/18,0,0,-3000,-3000
2007/10/19,0,0,-7000,-7000
2007/10/22,0,3000,-554904,-551904
2007/10/23,0,0,-616000,-616000
2007/10/24,0,2000,-11000,-9000
2007/10/25,0,331000,-100000,231000
2007/10/26,0,21000,-139000,-118000
2007/10/29,0,63000,-352000,-289000
2007/10/30,0,112000,0,112000
2007/10/31,0,474000,-802809,-328809
2007/11/01,0,67000,-580000,-513000
2007/11/02,0,452000,-1639000,-1187000
2007/11/05,0,57000,-1303096,-1246096
2007/11/06,0,55000,-613637,-558637
2007/11/07,0,361000,-36000,325000
2007/11/08,0,140000,-828000,-688000
2007/11/09,0,104000,-451000,-347000
2007/11/12,0,150000,-371000,-221000
2007/11/13,0,161000,-16000,145000
2007/11/14,0,0,-6000,-6000
2007/11/15,0,64000,-15000,49000
2007/11/16,0,6000,-49000,-43000
2007/11/19,0,12000,-5000,7000
2007/11/20,0,25000,-51000,-26000
2007/11/21,0,417000,-58000,359000
2007/11/22,0,7000,0,7000
2007/11/23,0,2000,-44000,-42000
2007/11/26,0,11000,-6000,5000
2007/11/27,0,458980,-6000,452980
2007/11/28,0,41000,-8000,33000
2007/11/29,0,1568000,0,1568000
2007/11/30,0,300000,-100000,200000
2007/12/03,0,205000,-1000,204000
2007/12/04,0,292000,-23000,269000
2007/12/05,0,0,-47000,-47000
2007/12/06,0,454198,-42000,412198
2007/12/07,0,1000,-1823,-823
2007/12/10,0,4000,0,4000
2007/12/11,0,1000,0,1000
2007/12/12,0,45000,-170000,-125000
2007/12/13,0,5000,-17000,-12000
2007/12/14,0,102000,-17000,85000
2007/12/17,0,983000,-46000,937000
2007/12/18,0,271000,-18000,253000
2007/12/19,0,263000,-402000,-139000
2007/12/20,0,43000,-30000,13000
2007/12/21,0,485000,-7000,478000
2007/12/24,0,267000,-11000,256000
2007/12/25,0,23000,-76000,-53000
2007/12/26,0,19000,-14000,5000
2007/12/27,0,4000,-36000,-32000
2007/12/28,0,11000,-17000,-6000
2007/12/31,0,512000,-58000,454000
2008/01/01,0,0,0,0
2008/01/02,0,5000,-56300,-51300
2008/01/03,0,37000,-4000,33000
2008/01/04,0,7000,-5000,2000
2008/01/07,0,28000,-25000,3000
2008/01/08,0,25000,-340000,-315000
2008/01/09,0,22000,-24000,-2000
2008/01/10,0,7000,-74000,-67000
2008/01/11,0,0,-32000,-32000
2008/01/14,0,42000,0,42000
2008/01/15,0,40000,-20000,20000
2008/01/16,0,94000,-1027000,-933000
2008/01/17,0,56000,-3001,52999
2008/01/18,0,61000,-37000,24000
2008/01/21,0,14000,-27000,-13000
2008/01/22,0,71000,-83000,-12000
2008/01/23,0,136000,-258000,-122000
2008/01/24,0,12000,-35000,-23000
2008/01/25,0,51000,-22000,29000
2008/01/28,0,59000,-35000,24000
2008/01/29,0,117000,-1000,116000
2008/01/30,0,36000,-21000,15000
2008/01/31,0,99000,-31000,68000
2008/02/01,0,132000,-5000,127000
2008/02/04,0,0,0,0
2008/02/05,0,0,0,0
2008/02/06,0,0,0,0
2008/02/07,0,0,0,0
2008/02/08,0,0,0,0
2008/02/11,0,0,0,0
2008/02/12,0,1000,-58000,-57000
2008/02/13,0,230000,-24000,206000
2008/02/14,0,220000,-81000,139000
2008/02/15,0,230000,-2000,228000
2008/02/18,0,23000,-28000,-5000
2008/02/19,0,33000,-21000,12000
2008/02/20,0,23000,-4000,19000
2008/02/21,0,18000,-14000,4000
2008/02/22,0,35000,0,35000
2008/02/25,0,10000,-262000,-252000
2008/02/26,0,270000,0,270000
2008/02/27,0,371000,-7000,364000
2008/02/28,0,0,0,0
2008/02/29,0,75000,-297000,-222000
2008/03/03,0,19000,-133000,-114000
2008/03/04,0,47000,-81000,-34000
2008/03/05,0,36000,-19000,17000
2008/03/06,0,36000,-5000,31000
2008/03/07,0,80000,0,80000
2008/03/10,0,53000,0,53000
2008/03/11,0,58000,0,58000
2008/03/12,0,35000,-5000,30000
2008/03/13,0,19000,-2000,17000
2008/03/14,0,1000,-319000,-318000
2008/03/17,0,15000,-25000,-10000
2008/03/18,0,7000,-260000,-253000
2008/03/19,0,33000,-169000,-136000
2008/03/20,0,126000,-28000,98000
2008/03/21,0,140000,-200000,-60000
2008/03/24,0,303000,-421000,-118000
2008/03/25,0,137000,-19000,118000
2008/03/26,0,11000,-14000,-3000
2008/03/27,0,87000,0,87000
2008/03/28,0,10000,-164000,-154000
2008/03/31,0,425000,-274000,151000
2008/04/01,0,160000,-286000,-126000
2008/04/02,0,85000,-17000,68000
2008/04/03,0,16000,-20000,-4000
2008/04/04,0,0,0,0
2008/04/07,0,10000,-2000,8000
2008/04/08,0,0,-40000,-40000
2008/04/09,0,14000,-45000,-31000
2008/04/10,0,15000,-17000,-2000
2008/04/11,0,22000,-143038,-121038
2008/04/14,0,1000,-41000,-40000
2008/04/15,0,8000,-19000,-11000
2008/04/16,0,23000,-9000,14000
2008/04/17,0,62000,-70000,-8000
2008/04/18,0,12000,0,12000
2008/04/21,0,34000,-51000,-17000
2008/04/22,0,31604,0,31604
2008/04/23,0,56000,-1000,55000
2008/04/24,0,1000,-252000,-251000
2008/04/25,0,80000,-106000,-26000
2008/04/28,0,0,0,0
2008/04/29,0,79000,-178000,-99000
2008/04/30,0,46000,0,46000
2008/05/01,0,0,0,0
2008/05/02,0,230000,-141000,89000
2008/05/05,0,210000,0,210000
2008/05/06,0,107000,-312000,-205000
2008/05/07,0,142000,-29000,113000
2008/05/08,0,135000,-70000,65000
2008/05/09,0,120000,-4000,116000
2008/05/12,0,0,-1134000,-1134000
2008/05/13,0,32000,-303000,-271000
2008/05/14,0,2000,-3000,-1000
2008/05/15,0,36000,-4000,32000
2008/05/16,0,13000,-20000,-7000
2008/05/19,0,17000,0,17000
2008/05/20,0,77000,-11000,66000
2008/05/21,0,56000,-18000,38000
2008/05/22,0,131000,-54000,77000
2008/05/23,0,29000,-156000,-127000
2008/05/26,0,9000,-12000,-3000
2008/05/27,0,12000,-20000,-8000
2008/05/28,0,0,-78000,-78000
2008/05/29,0,18000,-7000,11000
2008/05/30,0,14000,-8000,6000
2008/06/02,0,85000,-9000,76000
2008/06/03,0,20000,-13000,7000
2008/06/04,0,36000,-4000,32000
2008/06/05,0,50000,-413000,-363000
2008/06/06,0,12000,-286000,-274000
2008/06/09,0,10000,-451000,-441000
2008/06/10,0,33000,-177000,-144000
2008/06/11,0,17000,-972230,-955230
2008/06/12,0,2000,-8000,-6000
2008/06/13,0,28000,-120000,-92000
2008/06/16,0,5000,-60000,-55000
2008/06/17,0,0,-10000,-10000
2008/06/18,0,24000,-68000,-44000
2008/06/19,0,0,-78000,-78000
2008/06/20,0,67000,-35000,32000
2008/06/23,0,27000,-60000,-33000
2008/06/24,0,125000,-68000,57000
2008/06/25,0,265000,-240000,25000
2008/06/26,0,58000,-27000,31000
2008/06/27,0,32000,-38000,-6000
2008/06/30,0,6000,-106000,-100000
2008/07/01,0,302000,-99000,203000
2008/07/02,0,81000,-117000,-36000
2008/07/03,0,22000,-21000,1000
2008/07/04,0,1000,-72000,-71000
2008/07/07,0,32000,-5000,27000
2008/07/08,0,0,-120000,-120000
2008/07/09,0,87000,-34000,53000
2008/07/10,0,105000,-53000,52000
2008/07/11,0,1005000,-113000,892000
2008/07/14,0,59000,-309000,-250000
2008/07/15,0,1000,-89000,-88000
2008/07/16,0,11000,-625000,-614000
2008/07/17,0,69000,-82000,-13000
2008/07/18,0,2000,-106000,-104000
2008/07/21,0,63000,-2000,61000
2008/07/22,0,58000,-8000,50000
2008/07/23,0,51000,-30000,21000
2008/07/24,0,11000,-69000,-58000
2008/07/25,0,814000,-7000,807000
2008/07/28,0,0,0,0
2008/07/29,0,0,-29000,-29000
2008/07/30,0,6000,-66000,-60000
2008/07/31,0,133000,-12000,121000
2008/08/01,0,1000,0,1000
2008/08/04,0,0,-128000,-128000
2008/08/05,0,13000,-8000,5000
2008/08/06,0,38000,-30000,8000
2008/08/07,0,21000,-16000,5000
2008/08/08,0,15000,-33000,-18000
2008/08/11,0,27000,-57000,-30000
2008/08/12,0,4000,-16000,-12000
2008/08/13,0,69000,-35000,34000
2008/08/14,0,54000,-150000,-96000
2008/08/15,0,9000,-61000,-52000
2008/08/18,0,5000,-7000,-2000
2008/08/19,0,171000,-119177,51823
2008/08/20,0,145000,-63000,82000
2008/08/21,0,212000,-395000,-183000
2008/08/22,0,184000,-9000,175000
2008/08/25,0,92000,-54000,38000
2008/08/26,0,13000,-69000,-56000
2008/08/27,0,23000,-211000,-188000
2008/08/28,0,51000,-84000,-33000
2008/08/29,0,8000,-57000,-49000
2008/09/01,0,0,-49000,-49000
2008/09/02,0,53000,-92000,-39000
2008/09/03,0,31000,-164000,-133000
2008/09/04,0,16000,-749000,-733000
2008/09/05,0,6000,-1235000,-1229000
2008/09/08,0,31000,-1086000,-1055000
2008/09/09,0,3000,-1415000,-1412000
2008/09/10,0,61000,-1124000,-1063000
2008/09/11,0,34000,-289907,-255907
2008/09/12,0,165000,-19000,146000
2008/09/15,0,1000,-185000,-184000
2008/09/16,0,3000,-1000,2000
2008/09/17,0,73000,-40000,33000
2008/09/18,0,65000,-76000,-11000
2008/09/19,0,2000,-14000,-12000
2008/09/22,0,0,-74000,-74000
2008/09/23,0,70000,0,70000
2008/09/24,0,517017,-14017,503000
2008/09/25,0,0,-756000,-756000
2008/09/26,0,0,-11000,-11000
2008/09/29,0,0,0,0
2008/09/30,0,0,-16000,-16000
2008/10/01,0,59000,-93000,-34000
2008/10/02,0,12000,-240000,-228000
2008/10/03,0,46000,-27000,19000
2008/10/06,0,0,-72400,-72400
2008/10/07,0,67000,-7000,60000
2008/10/08,0,2000,-69000,-67000
2008/10/09,0,7000,-3000,4000
2008/10/10,0,0,0,0
2008/10/13,0,0,-21000,-21000
2008/10/14,0,68000,-6000,62000
2008/10/15,0,0,-900,-900
2008/10/16,0,0,0,0
2008/10/17,0,0,-2000,-2000
2008/10/20,0,0,-67600,-67600
2008/10/21,0,42000,-346281,-304281
2008/10/22,0,0,-18000,-18000
2008/10/23,0,0,-1000,-1000
2008/10/24,0,724,0,724
2008/10/27,0,0,-34000,-34000
2008/10/28,0,11000,-17000,-6000
2008/10/29,0,22000,-5000,17000
2008/10/30,0,68000,-15000,53000
2008/10/31,0,115000,-10000,105000
2008/11/03,0,62000,-18000,44000
2008/11/04,0,12000,-39000,-27000
2008/11/05,0,47000,-12000,35000
2008/11/06,0,163000,-63000,100000
2008/11/07,0,7000,-35000,-28000
2008/11/10,0,96000,0,96000
2008/11/11,0,28000,-105000,-77000
2008/11/12,0,3000,-53000,-50000
2008/11/13,0,68000,-52000,16000
2008/11/14,0,17000,-68000,-51000
2008/11/17,0,23000,-10000,13000
2008/11/18,0,3000,-14000,-11000
2008/11/19,0,10000,-177000,-167000
2008/11/20,0,3000,-206000,-203000
2008/11/21,0,4000,-382,3618
2008/11/24,0,80000,-7000,73000
2008/11/25,0,27000,-11000,16000
2008/11/26,0,28000,0,28000
2008/11/27,0,92000,-11000,81000
2008/11/28,0,9000,-17000,-8000
2008/12/01,0,64000,-9000,55000
2008/12/02,0,6000,-53000,-47000
2008/12/03,0,35000,-24000,11000
2008/12/04,0,7000,-38000,-31000
2008/12/05,0,1000,-40000,-39000
2008/12/08,0,21000,-12000,9000
2008/12/09,0,46000,-6000,40000
2008/12/10,0,55000,-18000,37000
2008/12/11,0,14000,-18000,-4000
2008/12/12,0,242000,-82000,160000
2008/12/15,0,114000,-27000,87000
2008/12/16,0,10000,-54000,-44000
2008/12/17,0,30000,-20000,10000
2008/12/18,0,3000,-11000,-8000
2008/12/19,0,19000,-18000,1000
2008/12/22,0,12000,-49000,-37000
2008/12/23,0,6000,-45000,-39000
2008/12/24,0,12000,-65000,-53000
2008/12/25,0,46000,-12000,34000
2008/12/26,0,15000,-18000,-3000
2008/12/29,0,1000,-2000,-1000
2008/12/30,0,4000,0,4000
2008/12/31,0,8000,-7000,1000
2009/01/01,0,0,0,0
2009/01/02,0,0,0,0
2009/01/05,0,73000,-7000,66000
2009/01/06,0,9000,-10000,-1000
2009/01/07,0,44000,-21000,23000
2009/01/08,0,0,-13000,-13000
2009/01/09,0,0,-2000,-2000
2009/01/12,0,81000,-2000,79000
2009/01/13,0,1000,-15000,-14000
2009/01/14,0,4000,-1000,3000
2009/01/15,0,3000,-28000,-25000
2009/01/16,0,13000,-61000,-48000
2009/01/19,0,17000,-2000,15000
2009/01/20,0,4000,-28000,-24000
2009/01/21,0,17000,-57000,-40000
2009/01/22,0,0,0,0
2009/01/23,0,0,0,0
2009/01/26,0,0,0,0
2009/01/27,0,0,0,0
2009/01/28,0,0,0,0
2009/01/29,0,0,0,0
2009/01/30,0,0,0,0
2009/02/02,0,57000,-24000,33000
2009/02/03,0,125000,0,125000
2009/02/04,0,11000,-34000,-23000
2009/02/05,0,2000,-11000,-9000
2009/02/06,0,12000,-2000,10000
2009/02/09,0,6000,-1000,5000
2009/02/10,0,0,-1000,-1000
2009/02/11,0,0,0,0
2009/02/12,0,0,-17000,-17000
2009/02/13,0,0,0,0
2009/02/16,0,0,0,0
2009/02/17,0,10000,0,10000
2009/02/18,0,31000,-24000,7000
2009/02/19,0,8000,-39000,-31000
2009/02/20,0,3100,-8000,-4900
2009/02/23,0,0,0,0
2009/02/24,0,0,0,0
2009/02/25,0,0,-200,-200
2009/02/26,0,0,-136400,-136400
2009/02/27,0,0,0,0
2009/03/02,0,6000,0,6000
2009/03/03,0,0,-6000,-6000
2009/03/04,0,89000,0,89000
2009/03/05,0,133000,-37000,96000
2009/03/06,0,22000,-6000,16000
2009/03/09,0,0,0,0
2009/03/10,0,54000,0,54000
2009/03/11,0,41000,-28000,13000
2009/03/12,0,0,0,0
2009/03/13,0,115000,0,115000
2009/03/16,0,19000,-600,18400
2009/03/17,0,0,-43000,-43000
2009/03/18,0,162000,-22000,140000
2009/03/19,0,171000,-38000,133000
2009/03/20,0,0,-23000,-23000
2009/03/23,0,100000,-21000,79000
2009/03/24,0,0,-17,-17
2009/03/25,0,67000,-36714,30286
2009/03/26,0,2000,-20000,-18000
2009/03/27,0,224000,-55000,169000
2009/03/30,0,0,-121000,-121000
2009/03/31,0,67300,0,67300
2009/04/01,0,20000,-20000,0
2009/04/02,0,67000,-42000,25000
2009/04/03,0,8000,-128000,-120000
2009/04/06,0,115000,-5000,110000
2009/04/07,0,0,-44000,-44000
2009/04/08,0,254000,-121000,133000
2009/04/09,0,69000,0,69000
2009/04/10,0,87000,0,87000
2009/04/13,0,39000,-88000,-49000
2009/04/14,0,52000,-114000,-62000
2009/04/15,0,25000,-17000,8000
2009/04/16,0,6000,-35000,-29000
2009/04/17,0,12000,-1000,11000
2009/04/20,0,42000,-10000,32000
2009/04/21,0,127000,-14000,113000
2009/04/22,0,23000,-68000,-45000
2009/04/23,0,122000,-40000,82000
2009/04/24,0,203000,-86000,117000
2009/04/27,0,38000,-317000,-279000
2009/04/28,0,47000,-31000,16000
2009/04/29,0,93000,-3000,90000
2009/04/30,0,86000,0,86000
2009/05/01,0,0,0,0
2009/05/04,0,142000,-2000,140000
2009/05/05,0,76000,-290000,-214000
2009/05/06,0,659000,-35000,624000
2009/05/07,0,396000,-817000,-421000
2009/05/08,0,439600,-387600,52000
2009/05/11,0,38000,-32000,6000
2009/05/12,0,19000,-228000,-209000
2009/05/13,0,13000,0,13000
2009/05/14,0,74000,-5000,69000
2009/05/15,0,141000,-166601,-25601
2009/05/18,0,773000,-111000,662000
2009/05/19,0,28000,-3200,24800
2009/05/20,0,210000,-857000,-647000
2009/05/21,0,52000,-290000,-238000
2009/05/22,0,71000,-67000,4000
2009/05/25,0,10000,-107000,-97000
2009/05/26,0,35000,-15000,20000
2009/05/27,0,330000,-159000,171000
2009/05/28,0,0,0,0
2009/05/29,0,0,0,0
2009/06/01,0,246000,-155000,91000
2009/06/02,0,113000,-273000,-160000
2009/06/03,0,88000,-39000,49000
2009/06/04,0,2000,-67000,-65000
2009/06/05,0,37000,-2000,35000
2009/06/08,0,7000,-43000,-36000
2009/06/09,0,53000,-7000,46000
2009/06/10,0,56000,0,56000
2009/06/11,0,0,-57000,-57000
2009/06/12,0,128000,-39000,89000
2009/06/15,0,17000,-101000,-84000
2009/06/16,0,95000,-54000,41000
2009/06/17,0,93000,-47000,46000
2009/06/18,0,110000,-21000,89000
2009/06/19,0,27000,0,27000
2009/06/22,0,163000,-37000,126000
2009/06/23,0,25000,-73000,-48000
2009/06/24,0,148000,-72828,75172
2009/06/25,0,100000,-40000,60000
2009/06/26,0,259000,-53000,206000
2009/06/29,0,189000,-70000,119000
2009/06/30,0,7000,-25000,-18000
2009/07/01,0,8000,-7000,1000
2009/07/02,0,107000,0,107000
2009/07/03,0,1000,-115000,-114000
2009/07/06,0,53000,-1000,52000
2009/07/07,0,8000,-53000,-45000
2009/07/08,0,0,-8000,-8000
2009/07/09,0,12000,-40000,-28000
2009/07/10,0,48000,-13000,35000
2009/07/13,0,7000,-53000,-46000
2009/07/14,0,37000,-23000,14000
2009/07/15,0,412000,-46000,366000
2009/07/16,0,33000,-387000,-354000
2009/07/17,0,78000,-17000,61000
2009/07/20,0,39000,-81000,-42000
2009/07/21,0,28000,-39000,-11000
2009/07/22,0,168000,-4000,164000
2009/07/23,0,31000,0,31000
2009/07/24,0,0,-50000,-50000
2009/07/27,0,67000,0,67000
2009/07/28,0,14000,-1000,13000
2009/07/29,0,6000,-14000,-8000
2009/07/30,0,20000,-2000,18000
2009/07/31,0,22000,-28000,-6000
2009/08/03,0,118000,-4000,114000
2009/08/04,0,0,-138000,-138000
2009/08/05,0,48000,-18000,30000
2009/08/06,0,91000,-15000,76000
2009/08/07,0,0,0,0
2009/08/10,0,133000,-11000,122000
2009/08/11,0,8000,-34000,-26000
2009/08/12,0,11000,-9000,2000
2009/08/13,0,0,-29000,-29000
2009/08/14,0,0,0,0
2009/08/17,0,6000,-33000,-27000
2009/08/18,0,0,-6000,-6000
2009/08/19,0,39000,-17000,22000
2009/08/20,0,11000,-20000,-9000
2009/08/21,0,26000,-10000,16000
2009/08/24,0,31000,-22000,9000
2009/08/25,0,0,-30000,-30000
2009/08/26,0,333300,-7000,326300
2009/08/27,0,0,0,0
2009/08/28,0,198000,0,198000
2009/08/31,0,17000,-26000,-9000
2009/09/01,0,0,-17000,-17000
2009/09/02,0,9000,0,9000
2009/09/03,0,80000,0,80000
2009/09/04,0,0,-29000,-29000
2009/09/07,0,2000,0,2000
2009/09/08,0,53000,-8000,45000
2009/09/09,0,30000,-7000,23000
2009/09/10,0,114000,-20000,94000
2009/09/11,0,163000,-2000,161000
2009/09/14,0,0,-26000,-26000
2009/09/15,0,47000,-7000,40000
2009/09/16,0,121000,0,121000
2009/09/17,0,76000,0,76000
2009/09/18,0,16000,-6000,10000
2009/09/21,0,67000,-12000,55000
2009/09/22,0,122000,-60000,62000
2009/09/23,0,70000,-30000,40000
2009/09/24,0,0,-123000,-123000
2009/09/25,0,45000,0,45000
2009/09/28,0,150000,0,150000
2009/09/29,0,61000,0,61000
2009/09/30,0,3000,0,3000
2009/10/01,0,256000,0,256000
2009/10/02,0,17000,-3000,14000
2009/10/05,0,0,-20000,-20000
2009/10/06,0,51000,0,51000
2009/10/07,0,122000,-22000,100000
2009/10/08,0,17000,-92000,-75000
2009/10/09,0,62000,0,62000
2009/10/12,0,23000,-14000,9000
2009/10/13,0,419000,-62000,357000
2009/10/14,0,601000,-68000,533000
2009/10/15,0,97000,-200000,-103000
2009/10/16,0,41000,-145000,-104000
2009/10/19,0,35000,0,35000
2009/10/20,0,34000,-43000,-9000
2009/10/21,0,3000,-52000,-49000
2009/10/22,0,0,-49000,-49000
2009/10/23,0,0,-1000,-1000
2009/10/26,0,205000,0,205000
2009/10/27,0,6681000,-85000,6596000
2009/10/28,0,69000,-282000,-213000
2009/10/29,0,337000,-137000,200000
2009/10/30,0,64000,-280000,-216000
2009/11/02,0,162000,-25000,137000
2009/11/03,0,404000,-18000,386000
2009/11/04,0,91000,-275000,-184000
2009/11/05,0,192000,-60000,132000
2009/11/06,0,0,-41000,-41000
2009/11/09,0,93000,-32000,61000
2009/11/10,0,0,-2000,-2000
2009/11/11,0,47000,-104000,-57000
2009/11/12,0,14000,-1000,13000
2009/11/13,0,174000,-161000,13000
2009/11/16,0,68000,-47000,21000
2009/11/17,0,24000,-102000,-78000
2009/11/18,0,89000,-74000,15000
2009/11/19,0,0,-37000,-37000
2009/11/20,0,121000,-6000,115000
2009/11/23,0,78000,-101000,-23000
2009/11/24,0,35000,-196000,-161000
2009/11/25,0,15000,0,15000
2009/11/26,0,14000,0,14000
2009/11/27,0,1000,-595000,-594000
2009/11/30,0,17000,-209000,-192000
2009/12/01,0,51000,-56000,-5000
2009/12/02,0,0,-6725,-6725
2009/12/03,0,1000,0,1000
2009/12/04,0,917000,-82000,835000
2009/12/07,0,575000,-6000,569000
2009/12/08,0,0,-12000,-12000
2009/12/09,0,167000,-80000,87000
2009/12/10,0,32000,-197000,-165000
2009/12/11,0,0,-35000,-35000
2009/12/14,0,4000,-25000,-21000
2009/12/15,0,38000,0,38000
2009/12/16,0,46000,-20000,26000
2009/12/17,0,24000,-63000,-39000
2009/12/18,0,37000,-2000,35000
2009/12/21,0,3000,-6000,-3000
2009/12/22,0,15000,-5000,10000
2009/12/23,0,100000,0,100000
2009/12/24,0,0,-75000,-75000
2009/12/25,0,0,-12000,-12000
2009/12/28,0,0,0,0
2009/12/29,0,19000,-8000,11000
2009/12/30,0,202000,-10000,192000
2009/12/31,0,0,-206000,-206000
2010/01/01,0,0,0,0
2010/01/04,0,0,-13000,-13000
2010/01/05,0,37000,0,37000
2010/01/06,0,37000,0,37000
2010/01/07,0,104000,0,104000
2010/01/08,0,99000,0,99000
2010/01/11,0,0,-1836000,-1836000
2010/01/12,0,45000,-884000,-839000
2010/01/13,0,61000,-1154000,-1093000
2010/01/14,0,108000,-2032000,-1924000
2010/01/15,0,122000,-2559000,-2437000
2010/01/18,0,60000,-173000,-113000
2010/01/19,0,31000,-7000,24000
2010/01/20,0,23000,0,23000
2010/01/21,0,109000,-5000,104000
2010/01/22,0,7000,-6000,1000
2010/01/25,0,45000,0,45000
2010/01/26,0,199000,-62000,137000
2010/01/27,0,194000,-14000,180000
2010/01/28,0,201000,-48000,153000
2010/01/29,0,18000,-216000,-198000
2010/02/01,0,124000,-169000,-45000
2010/02/02,0,86000,-156000,-70000
2010/02/03,0,64000,-18000,46000
2010/02/04,0,5000,-67000,-62000
2010/02/05,0,0,-160000,-160000
2010/02/08,0,62000,-145000,-83000
2010/02/09,0,42000,-190000,-148000
2010/02/10,0,0,-133000,-133000
2010/02/11,0,0,0,0
2010/02/12,0,0,0,0
2010/02/15,0,0,0,0
2010/02/16,0,0,0,0
2010/02/17,0,0,0,0
2010/02/18,0,0,0,0
2010/02/19,0,0,0,0
2010/02/22,0,147000,0,147000
2010/02/23,0,0,-163000,-163000
2010/02/24,0,0,-1000,-1000
2010/02/25,0,0,-32000,-32000
2010/02/26,0,4000,-91000,-87000
2010/03/01,0,226000,-6000,220000
2010/03/02,0,52000,-73000,-21000
2010/03/03,0,84000,0,84000
2010/03/04,0,2000,-9000,-7000
2010/03/05,0,60000,-4000,56000
2010/03/08,0,59000,-4000,55000
2010/03/09,0,9000,-2000,7000
2010/03/10,0,3000,-11000,-8000
2010/03/11,0,9000,0,9000
2010/03/12,0,53000,-3000,50000
2010/03/15,0,72000,-108000,-36000
2010/03/16,0,60000,-123000,-63000
2010/03/17,0,141000,0,141000
2010/03/18,0,282000,-21000,261000
2010/03/19,0,114000,-106000,8000
2010/03/22,0,80000,-195000,-115000
2010/03/23,0,0,-18000,-18000
2010/03/24,0,3000,-6000,-3000
2010/03/25,0,65000,-8000,57000
2010/03/26,0,211000,-51000,160000
2010/03/29,0,66000,0,66000
2010/03/30,0,22000,-41000,-19000
2010/03/31,0,29000,-74000,-45000
2010/04/01,0,81000,-54000,27000
2010/04/02,0,24000,-37000,-13000
2010/04/05,0,0,0,0
2010/04/06,0,110000,-8000,102000
2010/04/07,0,46000,-4000,42000
2010/04/08,0,51000,-142000,-91000
2010/04/09,0,165000,-172000,-7000
2010/04/12,0,62000,0,62000
2010/04/13,0,116000,-63000,53000
2010/04/14,0,13000,-82000,-69000
2010/04/15,0,9000,-53000,-44000
2010/04/16,0,17000,-10000,7000
2010/04/19,0,17000,-180000,-163000
2010/04/20,0,120000,-97000,23000
2010/04/21,0,24000,-60000,-36000
2010/04/22,0,57000,-82000,-25000
2010/04/23,0,113000,-71000,42000
2010/04/26,0,570000,-7000,563000
2010/04/27,0,331000,-50000,281000
2010/04/28,0,303000,-20000,283000
2010/04/29,0,170000,-64000,106000
2010/04/30,0,47000,-124000,-77000
2010/05/03,0,20000,0,20000
2010/05/04,0,38000,-64000,-26000
2010/05/05,0,33000,-187000,-154000
2010/05/06,0,0,-100000,-100000
2010/05/07,0,149000,-27000,122000
2010/05/10,0,38000,-33000,5000
2010/05/11,0,0,-165000,-165000
2010/05/12,0,2000,-33000,-31000
2010/05/13,0,30000,0,30000
2010/05/14,0,16000,0,16000
2010/05/17,0,0,-22000,-22000
2010/05/18,0,94000,-8000,86000
2010/05/19,0,64000,-35000,29000
2010/05/20,0,17000,-41000,-24000
2010/05/21,0,23000,-61000,-38000
2010/05/24,0,82000,-22000,60000
2010/05/25,0,0,-99000,-99000
2010/05/26,0,49000,-35000,14000
2010/05/27,0,172000,-3000,169000
2010/05/28,0,48000,-101000,-53000
2010/05/31,0,11000,-9000,2000
2010/06/01,0,27000,-34000,-7000
2010/06/02,0,36000,-42000,-6000
2010/06/03,0,99000,-14000,85000
2010/06/04,0,12000,-1000,11000
2010/06/07,0,132000,-223000,-91000
2010/06/08,0,4000,-182000,-178000
2010/06/09,0,25000,-72000,-47000
2010/06/10,0,15000,-53000,-38000
2010/06/11,0,95000,-4000,91000
2010/06/14,0,88000,0,88000
2010/06/15,0,53000,0,53000
2010/06/16,0,0,0,0
2010/06/17,0,145000,0,145000
2010/06/18,0,98000,-19000,79000
2010/06/21,0,128000,0,128000
2010/06/22,0,218000,-109000,109000
2010/06/23,0,2000,-314000,-312000
2010/06/24,0,227000,-6000,221000
2010/06/25,0,69000,-108000,-39000
2010/06/28,0,1000,0,1000
2010/06/29,0,0,-2000,-2000
2010/06/30,0,176000,-37000,139000
2010/07/01,0,124000,-48000,76000
2010/07/02,0,37000,-9000,28000
2010/07/05,0,12000,-33000,-21000
2010/07/06,0,98000,-201000,-103000
2010/07/07,0,188000,-54000,134000
2010/07/08,0,41000,-150000,-109000
2010/07/09,0,73000,-1000,72000
2010/07/12,0,32000,-7000,25000
2010/07/13,0,1000,-7000,-6000
2010/07/14,0,111000,-1000,110000
2010/07/15,0,4000,-70000,-66000
2010/07/16,0,6000,-19479,-13479
2010/07/19,0,40000,-2000,38000
2010/07/20,0,18000,-22000,-4000
2010/07/21,0,104000,-5000,99000
2010/07/22,0,84000,-5000,79000
2010/07/23,0,94000,0,94000
2010/07/26,0,73000,0,73000
2010/07/27,0,1000,0,1000
2010/07/28,0,26000,-4000,22000
2010/07/29,0,122000,-25000,97000
2010/07/30,0,357000,-75000,282000
2010/08/02,0,97000,-15000,82000
2010/08/03,0,46000,-28000,18000
2010/08/04,0,0,-169000,-169000
2010/08/05,0,101000,-175000,-74000
2010/08/06,0,13000,-107000,-94000
2010/08/09,0,1000,-68000,-67000
2010/08/10,0,42000,-9000,33000
2010/08/11,0,33000,-36000,-3000
2010/08/12,0,3000,-48000,-45000
2010/08/13,0,1000,-26000,-25000
2010/08/16,0,0,0,0
2010/08/17,0,25000,0,25000
2010/08/18,0,83000,-33000,50000
2010/08/19,0,41000,0,41000
2010/08/20,0,7000,-30000,-23000
2010/08/23,0,56000,-126000,-70000
2010/08/24,0,0,-4000,-4000
2010/08/25,0,103000,-229000,-126000
2010/08/26,0,12000,-226000,-214000
2010/08/27,0,31000,-21000,10000
2010/08/30,0,1000,-12000,-11000
2010/08/31,0,6000,-147000,-141000
2010/09/01,0,219000,-94000,125000
2010/09/02,0,247000,-233000,14000
2010/09/03,0,265000,-33000,232000
2010/09/06,0,55000,-34000,21000
2010/09/07,0,53000,-5000,48000
2010/09/08,0,39000,-174000,-135000
2010/09/09,0,117000,-310000,-193000
2010/09/10,0,7000,-5000,2000
2010/09/13,0,69000,-18000,51000
2010/09/14,0,91000,0,91000
2010/09/15,0,358000,-2000,356000
2010/09/16,0,277000,0,277000
2010/09/17,0,64000,-117809,-53809
2010/09/20,0,281000,0,281000
2010/09/21,0,14000,-11200,2800
2010/09/22,0,0,0,0
2010/09/23,0,5751,-9000,-3249
2010/09/24,0,182000,-157000,25000
2010/09/27,0,239000,-6000,233000
2010/09/28,0,0,-24000,-24000
2010/09/29,0,225000,-12000,213000
2010/09/30,0,320000,-13000,307000
2010/10/01,0,93000,-50000,43000
2010/10/04,0,6000,-91000,-85000
2010/10/05,0,0,-48000,-48000
2010/10/06,0,40000,-15000,25000
2010/10/07,0,15000,-3000,12000
2010/10/08,0,1135000,-5000,1130000
2010/10/11,0,1092000,-223000,869000
2010/10/12,0,50000,-162000,-112000
2010/10/13,0,22000,-147000,-125000
2010/10/14,0,134000,-61000,73000
2010/10/15,0,144000,-137750,6250
2010/10/18,0,39000,-147000,-108000
2010/10/19,0,39000,-12000,27000
2010/10/20,0,160000,-95000,65000
2010/10/21,0,134000,-46000,88000
2010/10/22,0,185450,-72000,113450
2010/10/25,0,33000,-18000,15000
2010/10/26,0,35000,-6000,29000
2010/10/27,0,4000,-123000,-119000
2010/10/28,0,47000,-91000,-44000
2010/10/29,0,96000,0,96000
2010/11/01,0,87000,0,87000
2010/11/02,0,89000,-67000,22000
2010/11/03,0,142000,-51000,91000
2010/11/04,0,58000,0,58000
2010/11/05,0,136000,-9000,127000
2010/11/08,0,5000,-38000,-33000
2010/11/09,0,39000,0,39000
2010/11/10,0,14000,-9000,5000
2010/11/11,0,80000,0,80000
2010/11/12,0,5000,-170000,-165000
2010/11/15,0,8000,-68000,-60000
2010/11/16,0,0,-86000,-86000
2010/11/17,0,43000,-199000,-156000
2010/11/18,0,48000,-104000,-56000
2010/11/19,0,32000,-4000,28000
2010/11/22,0,109000,0,109000
2010/11/23,0,9000,-94000,-85000
2010/11/24,0,137000,-50000,87000
2010/11/25,0,20000,-11000,9000
2010/11/26,0,14000,-64000,-50000
2010/11/29,0,136000,-19000,117000
2010/11/30,0,32000,-32000,0
2010/12/01,0,7000,-26000,-19000
2010/12/02,0,3000,0,3000
2010/12/03,0,2000,-1000,1000
2010/12/06,0,59000,-154000,-95000
2010/12/07,0,241000,-210000,31000
2010/12/08,0,237000,-150000,87000
2010/12/09,0,246000,-131000,115000
2010/12/10,0,84000,-147000,-63000
2010/12/13,0,85000,-20000,65000
2010/12/14,0,109000,-188000,-79000
2010/12/15,0,77000,-287000,-210000
2010/12/16,0,11000,-9000,2000
2010/12/17,0,2000,-18000,-16000
2010/12/20,0,56000,-133000,-77000
2010/12/21,0,62000,-32150,29850
2010/12/22,0,23000,-3000,20000
2010/12/23,0,71000,-3000,68000
2010/12/24,0,3000,0,3000
2010/12/27,0,49000,0,49000
2010/12/28,0,36000,0,36000
2010/12/29,0,317000,-138000,179000
2010/12/30,0,59000,-146000,-87000
2010/12/31,0,88000,-326000,-238000
2011/01/03,0,34000,-7151,26849
2011/01/04,0,70000,0,70000
2011/01/05,0,50000,-425000,-375000
2011/01/06,0,67000,-258187,-191187
2011/01/07,0,15000,-151000,-136000
2011/01/10,0,16000,-45925,-29925
2011/01/11,0,7000,-460612,-453612
2011/01/12,0,10000,0,10000
2011/01/13,0,3000,-3000,0
2011/01/14,0,150000,0,150000
2011/01/17,0,58000,0,58000
2011/01/18,0,26000,-89000,-63000
2011/01/19,0,117000,-31000,86000
2011/01/20,0,26000,-3000,23000
2011/01/21,0,18000,-8000,10000
2011/01/24,0,39000,-8000,31000
2011/01/25,0,5000,0,5000
2011/01/26,0,46000,-2000,44000
2011/01/27,0,1000,0,1000
2011/01/28,0,7000,0,7000
2011/01/31,0,0,0,0
2011/02/01,0,0,0,0
2011/02/02,0,0,0,0
2011/02/03,0,0,0,0
2011/02/04,0,0,0,0
2011/02/07,0,0,0,0
2011/02/08,0,15000,-160000,-145000
2011/02/09,0,24000,-18000,6000
2011/02/10,0,12000,-14000,-2000
2011/02/11,0,18000,-77000,-59000
2011/02/14,0,22000,-65000,-43000
2011/02/15,0,1000,-71000,-70000
2011/02/16,0,33000,-50000,-17000
2011/02/17,0,1000,-88000,-87000
2011/02/18,0,42000,0,42000
2011/02/21,0,33000,-21000,12000
2011/02/22,0,12000,-108000,-96000
2011/02/23,0,25000,-57000,-32000
2011/02/24,0,25000,-30000,-5000
2011/02/25,0,35000,-90000,-55000
2011/02/28,0,0,0,0
2011/03/01,0,8000,-89000,-81000
2011/03/02,0,59000,-54000,5000
2011/03/03,0,46000,-15000,31000
2011/03/04,0,62000,-120000,-58000
2011/03/07,0,185000,-206000,-21000
2011/03/08,0,78000,-68000,10000
2011/03/09,0,94000,-90000,4000
2011/03/10,0,0,-38000,-38000
2011/03/11,0,1000,-182000,-181000
2011/03/14,0,149000,-39000,110000
2011/03/15,0,177000,-126000,51000
2011/03/16,0,32000,-347000,-315000
2011/03/17,0,59000,-100000,-41000
2011/03/18,0,657000,-151000,506000
2011/03/21,0,11000,-36000,-25000
2011/03/22,0,20000,-2000,18000
2011/03/23,0,25000,-42000,-17000
2011/03/24,0,16000,-14000,2000
2011/03/25,0,36000,-38000,-2000
2011/03/28,0,34000,-3000,31000
2011/03/29,0,70000,0,70000
2011/03/30,0,33000,-66000,-33000
2011/03/31,0,93654,-16000,77654
2011/04/01,0,181000,-1000,180000
2011/04/04,0,0,0,0
2011/04/05,0,0,0,0
2011/04/06,0,49000,-1000,48000
2011/04/07,0,57000,-31000,26000
2011/04/08,0,66000,0,66000
2011/04/11,0,0,-27000,-27000
2011/04/12,0,3000,-58000,-55000
2011/04/13,0,73000,0,73000
2011/04/14,0,170000,-72000,98000
2011/04/15,0,69000,-47850,21150
2011/04/18,0,0,-37000,-37000
2011/04/19,0,37000,-23000,14000
2011/04/20,0,96000,-681000,-585000
2011/04/21,0,378000,-294000,84000
2011/04/22,0,93000,-159000,-66000
2011/04/25,0,91000,0,91000
2011/04/26,0,56000,-17000,39000
2011/04/27,0,382000,-17000,365000
2011/04/28,0,68000,-44000,24000
2011/04/29,0,44000,-27000,17000
2011/05/02,0,0,0,0
2011/05/03,0,24000,-80000,-56000
2011/05/04,0,42000,-50000,-8000
2011/05/05,0,20000,-9000,11000
2011/05/06,0,43000,-17000,26000
2011/05/09,0,109000,-61000,48000
2011/05/10,0,18000,-3000,15000
2011/05/11,0,114000,-7000,107000
2011/05/12,0,0,-51000,-51000
2011/05/13,0,30000,-183000,-153000
2011/05/16,0,24000,-64000,-40000
2011/05/17,0,166000,-122000,44000
2011/05/18,0,59000,-37000,22000
2011/05/19,0,252000,-13000,239000
2011/05/20,0,565000,-61000,504000
2011/05/23,0,373000,-60000,313000
2011/05/24,0,54000,-21000,33000
2011/05/25,0,33000,-24000,9000
2011/05/26,0,24000,-31382,-7382
2011/05/27,0,2000,-47000,-45000
2011/05/30,0,30000,-24000,6000
2011/05/31,0,288000,-9000,279000
2011/06/01,0,38000,-16000,22000
2011/06/02,0,100000,-15000,85000
2011/06/03,0,19000,-78000,-59000
2011/06/06,0,0,0,0
2011/06/07,0,52000,-1000,51000
2011/06/08,0,10000,-185000,-175000
2011/06/09,0,16000,-133000,-117000
2011/06/10,0,600000,-353000,247000
2011/06/13,0,520000,-152000,368000
2011/06/14,0,206000,-63000,143000
2011/06/15,0,292000,-161000,131000
2011/06/16,0,33000,-50000,-17000
2011/06/17,0,24000,-35000,-11000
2011/06/20,0,72000,-38000,34000
2011/06/21,0,106000,-28000,78000
2011/06/22,0,41000,-25000,16000
2011/06/23,0,23000,-6000,17000
2011/06/24,0,129000,-8000,121000
2011/06/27,0,22000,-17000,5000
2011/06/28,0,11000,-153000,-142000
2011/06/29,0,40000,-151000,-111000
2011/06/30,0,24000,-181000,-157000
2011/07/01,0,70000,-325000,-255000
2011/07/04,0,26000,-152000,-126000
2011/07/05,0,4000,-293000,-289000
2011/07/06,0,6000,-287000,-281000
2011/07/07,0,167000,-204000,-37000
2011/07/08,0,11000,-253000,-242000
2011/07/11,0,7000,-163000,-156000
2011/07/12,0,12000,-393000,-381000
2011/07/13,0,49000,-73000,-24000
2011/07/14,0,16000,-92000,-76000
2011/07/15,0,41000,-142000,-101000
2011/07/18,0,18000,-9000,9000
2011/07/19,0,147000,-23000,124000
2011/07/20,0,127000,-7000,120000
2011/07/21,0,323000,-11000,312000
2011/07/22,0,666000,-301500,364500
2011/07/25,0,2000,-29000,-27000
2011/07/26,0,12000,0,12000
2011/07/27,0,59000,-10000,49000
2011/07/28,0,15000,-7000,8000
2011/07/29,0,147000,-10000,137000
2011/08/01,0,135000,-2000,133000
2011/08/02,0,31000,-26000,5000
2011/08/03,0,9000,-143000,-134000
2011/08/04,0,118000,-113000,5000
2011/08/05,0,97000,-306000,-209000
2011/08/08,0,40000,-384000,-344000
2011/08/09,0,86000,-115000,-29000
2011/08/10,0,71000,-192000,-121000
2011/08/11,0,47000,-60000,-13000
2011/08/12,0,134000,-164000,-30000
2011/08/15,0,141000,-22000,119000
2011/08/16,0,130000,-332000,-202000
2011/08/17,0,62000,-96000,-34000
2011/08/18,0,121000,-133000,-12000
2011/08/19,0,84000,-28000,56000
2011/08/22,0,98000,-63600,34400
2011/08/23,0,355000,0,355000
2011/08/24,0,33000,-109000,-76000
2011/08/25,0,66000,-2000,64000
2011/08/26,0,15000,-75000,-60000
2011/08/29,0,41000,-13000,28000
2011/08/30,0,10000,-42000,-32000
2011/08/31,0,38000,-118000,-80000
2011/09/01,0,64000,-178050,-114050
2011/09/02,0,300000,-93000,207000
2011/09/05,0,6000,-112000,-106000
2011/09/06,0,6000,-36000,-30000
2011/09/07,0,28000,-25000,3000
2011/09/08,0,55000,-11000,44000
2011/09/09,0,70000,-12000,58000
2011/09/12,0,0,0,0
2011/09/13,0,78000,-368000,-290000
2011/09/14,0,83000,-59000,24000
2011/09/15,0,71000,-4000,67000
2011/09/16,0,84000,0,84000
2011/09/19,0,3000,-11000,-8000
2011/09/20,0,11000,-14000,-3000
2011/09/21,0,34000,-1000,33000
2011/09/22,0,21000,-96000,-75000
2011/09/23,0,50000,-117000,-67000
2011/09/26,0,23000,-449000,-426000
2011/09/27,0,42000,-166000,-124000
2011/09/28,0,18000,-109000,-91000
2011/09/29,0,34000,-6000,28000
2011/09/30,0,27000,-110000,-83000
2011/10/03,0,0,-32000,-32000
2011/10/04,0,24000,0,24000
2011/10/05,0,11000,-33000,-22000
2011/10/06,0,43000,0,43000
2011/10/07,0,11000,0,11000
2011/10/10,0,0,0,0
2011/10/11,0,39000,-3000,36000
2011/10/12,0,39000,0,39000
2011/10/13,0,71000,-2000,69000
2011/10/14,0,20000,-2000,18000
2011/10/17,0,20000,-2000,18000
2011/10/18,0,17000,0,17000
2011/10/19,0,20000,-3000,17000
2011/10/20,0,3000,-1000,2000
2011/10/21,0,18000,0,18000
2011/10/24,0,104000,-3000,101000
2011/10/25,0,23000,-1000,22000
2011/10/26,0,16000,-67000,-51000
2011/10/27,0,79000,-4000,75000
2011/10/28,0,85000,-1000,84000
2011/10/31,0,34000,-33000,1000
2011/11/01,0,142000,0,142000
2011/11/02,0,109000,0,109000
2011/11/03,0,30000,-24000,6000
2011/11/04,0,107000,0,107000
2011/11/07,0,47000,-18000,29000
2011/11/08,0,20000,0,20000
2011/11/09,0,48000,0,48000
2011/11/10,0,11000,-2000,9000
2011/11/11,0,34000,-7000,27000
2011/11/14,0,25000,-2000,23000
2011/11/15,0,19000,0,19000
2011/11/16,0,24000,-21000,3000
2011/11/17,0,11000,-9000,2000
2011/11/18,0,20000,-2000,18000
2011/11/21,0,190000,-19000,171000
2011/11/22,0,170000,-25000,145000
2011/11/23,0,124000,-56000,68000
2011/11/24,0,39000,-4000,35000
2011/11/25,0,138000,-66000,72000
2011/11/28,0,36000,-1000,35000
2011/11/29,0,42000,0,42000
2011/11/30,0,49000,-26000,23000
2011/12/01,0,289000,-1000,288000
2011/12/02,0,42000,-18000,24000
2011/12/05,0,13000,0,13000
2011/12/06,0,17000,-9000,8000
2011/12/07,0,110000,-8000,102000
2011/12/08,0,35000,-25000,10000
2011/12/09,0,5000,-45000,-40000
2011/12/12,0,16000,-1000,15000
2011/12/13,0,9000,0,9000
2011/12/14,0,5000,-2000,3000
2011/12/15,0,15001,-24000,-8999
2011/12/16,0,39000,-69000,-30000
2011/12/19,0,12000,-57000,-45000
2011/12/20,0,34000,-16000,18000
2011/12/21,0,21000,-21000,0
2011/12/22,0,33000,-36000,-3000
2011/12/23,0,17000,-5000,12000
2011/12/26,0,31000,-7000,24000
2011/12/27,0,26000,-16000,10000
2011/12/28,0,28500,-13500,15000
2011/12/29,0,49000,-6000,43000
2011/12/30,0,10000,-4000,6000
2012/01/02,0,23000,-8000,15000
2012/01/03,0,47000,-1000,46000
2012/01/04,0,36000,-43000,-7000
2012/01/05,0,157000,-23500,133500
2012/01/06,0,122000,-78000,44000
2012/01/09,0,45000,-11000,34000
2012/01/10,0,93000,-64000,29000
2012/01/11,0,92000,-57000,35000
2012/01/12,0,55000,-47000,8000
2012/01/13,0,30000,0,30000
2012/01/16,0,6000,-64000,-58000
2012/01/17,0,31000,-10000,21000
2012/01/18,0,40000,-38000,2000
2012/01/19,0,0,0,0
2012/01/20,0,0,0,0
2012/01/23,0,0,0,0
2012/01/24,0,0,0,0
2012/01/25,0,0,0,0
2012/01/26,0,0,0,0
2012/01/27,0,0,0,0
2012/01/30,0,214000,-8000,206000
2012/01/31,0,27000,-140000,-113000
2012/02/01,0,29000,-176000,-147000
2012/02/02,0,125000,-294000,-169000
2012/02/03,0,44000,-269000,-225000
2012/02/06,0,51000,-213000,-162000
2012/02/07,0,36000,-37000,-1000
2012/02/08,0,70000,-21000,49000
2012/02/09,0,77000,-4000,73000
2012/02/10,0,68000,-24000,44000
2012/02/13,0,111000,-3000,108000
2012/02/14,0,29000,-53000,-24000
2012/02/15,0,64000,-1000,63000
2012/02/16,0,33000,-93000,-60000
2012/02/17,0,80000,-61000,19000
2012/02/20,0,81000,-18000,63000
2012/02/21,0,29000,-58000,-29000
2012/02/22,0,80000,0,80000
2012/02/23,0,17000,-4000,13000
2012/02/24,0,32000,-13000,19000
2012/02/27,0,0,0,0
2012/02/28,0,0,0,0
2012/02/29,0,30000,-1000,29000
2012/03/01,0,62000,-2000,60000
2012/03/02,0,69000,-55000,14000
2012/03/05,0,18000,-72000,-54000
2012/03/06,0,47000,-56000,-9000
2012/03/07,0,37000,-4000,33000
2012/03/08,0,37000,-24000,13000
2012/03/09,0,43000,-18000,25000
2012/03/12,0,9000,-11000,-2000
2012/03/13,0,111000,-3000,108000
2012/03/14,0,76000,0,76000
2012/03/15,0,31000,0,31000
2012/03/16,0,212000,-3000,209000
2012/03/19,0,222000,-59000,163000
2012/03/20,0,210000,-28000,182000
2012/03/21,0,75000,-21000,54000
2012/03/22,0,117000,-192000,-75000
2012/03/23,0,12000,-9000,3000
2012/03/26,0,4000,-16000,-12000
2012/03/27,0,28000,-4000,24000
2012/03/28,0,0,-14000,-14000
2012/03/29,0,40000,-220000,-180000
2012/03/30,0,195000,-14000,181000
2012/04/02,0,7000,-39000,-32000
2012/04/03,0,45000,-87000,-42000
2012/04/04,0,0,0,0
2012/04/05,0,63000,-240000,-177000
2012/04/06,0,32000,-77000,-45000
2012/04/09,0,28000,-70000,-42000
2012/04/10,0,30000,-21000,9000
2012/04/11,0,0,-26000,-26000
2012/04/12,0,91000,-212000,-121000
2012/04/13,0,98000,-201000,-103000
2012/04/16,0,23000,-123000,-100000
2012/04/17,0,27000,-233000,-206000
2012/04/18,0,17000,-29000,-12000
2012/04/19,0,22000,-333000,-311000
2012/04/20,0,55000,-15000,40000
2012/04/23,0,21000,-18000,3000
2012/04/24,0,17000,-19000,-2000
2012/04/25,0,18000,-48000,-30000
2012/04/26,0,4000,-22000,-18000
2012/04/27,0,16000,-17000,-1000
2012/04/30,0,11000,-9000,2000
2012/05/01,0,0,0,0
2012/05/02,0,85000,-3000,82000
2012/05/03,0,26000,-9000,17000
2012/05/04,0,9000,-30000,-21000
2012/05/07,0,25000,-25000,0
2012/05/08,0,83000,-25000,58000
2012/05/09,0,19000,-26000,-7000
2012/05/10,0,10000,0,10000
2012/05/11,0,45000,-47000,-2000
2012/05/14,0,19000,-5000,14000
2012/05/15,0,14000,-22000,-8000
2012/05/16,0,5000,-16000,-11000
2012/05/17,0,76000,-34000,42000
2012/05/18,0,65000,-64000,1000
2012/05/21,0,10000,-18000,-8000
2012/05/22,0,18000,-15000,3000
2012/05/23,0,13000,-40000,-27000
2012/05/24,0,27000,-9000,18000
2012/05/25,0,0,-1000,-1000
2012/05/28,0,32000,-10000,22000
2012/05/29,0,37000,-6000,31000
2012/05/30,0,6000,-24000,-18000
2012/05/31,0,22000,-50000,-28000
2012/06/01,0,0,-2650,-2650
2012/06/04,0,18000,-13000,5000
2012/06/05,0,22000,-33000,-11000
2012/06/06,0,46000,-3000,43000
2012/06/07,0,24000,0,24000
2012/06/08,0,12000,-12000,0
2012/06/11,0,25000,-4000,21000
2012/06/12,0,4000,-12000,-8000
2012/06/13,0,5000,-15000,-10000
2012/06/14,0,13000,-5000,8000
2012/06/15,0,15000,-3000,12000
2012/06/18,0,47000,-1000,46000
2012/06/19,0,6000,-3000,3000
2012/06/20,0,15000,0,15000
2012/06/21,0,6000,0,6000
2012/06/22,0,27000,-5000,22000
2012/06/25,0,6000,-7000,-1000
2012/06/26,0,12000,-9000,3000
2012/06/27,0,14000,-6000,8000
2012/06/28,0,45435,-21000,24435
2012/06/29,0,62435,-54000,8435
2012/07/02,0,17000,-67000,-50000
2012/07/03,0,23000,-2000,21000
2012/07/04,0,18000,0,18000
2012/07/05,0,44000,-25000,19000
2012/07/06,0,2000,-6000,-4000
2012/07/09,0,11000,-8000,3000
2012/07/10,0,2000,-5000,-3000
2012/07/11,0,0,-2000,-2000
2012/07/12,0,3000,-3000,0
2012/07/13,0,1000,-20000,-19000
2012/07/16,0,0,-21000,-21000
2012/07/17,0,18000,-1000,17000
2012/07/18,0,2000,-3000,-1000
2012/07/19,0,38000,0,38000
2012/07/20,0,0,-4000,-4000
2012/07/23,0,0,-16000,-16000
2012/07/24,0,29000,-39000,-10000
2012/07/25,0,43000,-188000,-145000
2012/07/26,0,21000,-26000,-5000
2012/07/27,0,13000,0,13000
2012/07/30,0,6000,-18000,-12000
2012/07/31,0,47000,-39000,8000
2012/08/01,0,12000,0,12000
2012/08/02,0,0,0,0
2012/08/03,0,9000,-4000,5000
2012/08/06,0,13000,-95000,-82000
2012/08/07,0,28000,0,28000
2012/08/08,0,39000,0,39000
2012/08/09,0,16000,0,16000
2012/08/10,0,10000,0,10000
2012/08/13,0,13000,-18000,-5000
2012/08/14,0,32000,0,32000
2012/08/15,0,27000,0,27000
2012/08/16,0,14000,-1000,13000
2012/08/17,0,34000,0,34000
2012/08/20,0,24000,0,24000
2012/08/21,0,59000,-1000,58000
2012/08/22,0,27000,-8000,19000
2012/08/23,0,21000,-1000,20000
2012/08/24,0,19000,-4000,15000
2012/08/27,0,55000,-12000,43000
2012/08/28,0,25000,-7000,18000
2012/08/29,0,30000,-46000,-16000
2012/08/30,0,53000,-9000,44000
2012/08/31,0,4000,-57873,-53873
2012/09/03,0,16000,-3000,13000
2012/09/04,0,29000,-11000,18000
2012/09/05,0,0,-51000,-51000
2012/09/06,0,1000,-39050,-38050
2012/09/07,0,18000,-8000,10000
2012/09/10,0,46000,-6000,40000
2012/09/11,0,7000,-6000,1000
2012/09/12,0,17000,0,17000
2012/09/13,0,12000,0,12000
2012/09/14,0,34000,0,34000
2012/09/17,0,14000,0,14000
2012/09/18,0,7000,0,7000
2012/09/19,0,26000,0,26000
2012/09/20,0,3000,0,3000
2012/09/21,0,19000,0,19000
2012/09/24,0,4000,-2000,2000
2012/09/25,0,34000,-42000,-8000
2012/09/26,0,10000,-11000,-1000
2012/09/27,0,42000,0,42000
2012/09/28,0,15000,0,15000
2012/10/01,0,111000,0,111000
2012/10/02,0,88000,0,88000
2012/10/03,0,8000,-8000,0
2012/10/04,0,21000,0,21000
2012/10/05,0,5000,-2000,3000
2012/10/08,0,6000,-21000,-15000
2012/10/09,0,56000,-22000,34000
2012/10/10,0,0,0,0
2012/10/11,0,41000,-17000,24000
2012/10/12,0,3000,-32000,-29000
2012/10/15,0,4000,-11000,-7000
2012/10/16,0,0,-4000,-4000
2012/10/17,0,0,-30000,-30000
2012/10/18,0,10000,-7000,3000
2012/10/19,0,1000,-13000,-12000
2012/10/22,0,0,-17000,-17000
2012/10/23,0,0,-2000,-2000
2012/10/24,0,12000,-13000,-1000
2012/10/25,0,0,-24000,-24000
2012/10/26,0,43000,-37000,6000
2012/10/29,0,36000,-59000,-23000
2012/10/30,0,30000,-5000,25000
2012/10/31,0,3000,-15000,-12000
2012/11/01,0,8000,-11000,-3000
2012/11/02,0,0,-5000,-5000
2012/11/05,0,23000,-24000,-1000
2012/11/06,0,14000,-15000,-1000
2012/11/07,0,13000,-8000,5000
2012/11/08,0,0,-2000,-2000
2012/11/09,0,17000,-30000,-13000
2012/11/12,0,3000,-7000,-4000
2012/11/13,0,4000,-48000,-44000
2012/11/14,0,9000,-15000,-6000
2012/11/15,0,3000,-24000,-21000
2012/11/16,0,8000,-37000,-29000
2012/11/19,0,21000,-9000,12000
2012/11/20,0,0,-6000,-6000
2012/11/21,0,0,-35000,-35000
2012/11/22,0,11000,-6000,5000
2012/11/23,0,51000,-5000,46000
2012/11/26,0,32000,-9000,23000
2012/11/27,0,7000,-9210,-2210
2012/11/28,0,29000,-7000,22000
2012/11/29,0,50000,-21000,29000
2012/11/30,0,50000,-12820,37180
2012/12/03,0,203000,-62000,141000
2012/12/04,0,29000,-14000,15000
2012/12/05,0,30000,-23000,7000
2012/12/06,0,46000,-66000,-20000
2012/12/07,0,11000,-11000,0
2012/12/10,0,4000,-17000,-13000
2012/12/11,0,30000,-3000,27000
2012/12/12,0,32000,0,32000
2012/12/13,0,50000,0,50000
2012/12/14,0,54000,-16000,38000
2012/12/17,0,10000,0,10000
2012/12/18,0,14000,-45000,-31000
2012/12/19,0,41000,-12000,29000
2012/12/20,0,0,-3000,-3000
2012/12/21,0,3000,-14000,-11000
2012/12/24,0,22000,-4000,18000
2012/12/25,0,41000,0,41000
2012/12/26,0,54000,0,54000
2012/12/27,0,23000,-4000,19000
2012/12/28,0,35000,0,35000
2012/12/31,0,0,0,0
2013/01/01,0,0,0,0
2013/01/02,0,47000,0,47000
2013/01/03,0,91000,0,91000
2013/01/04,0,36000,-9000,27000
2013/01/07,0,33000,-14000,19000
2013/01/08,0,23000,-29000,-6000
2013/01/09,0,8000,-2000,6000
2013/01/10,0,11000,0,11000
2013/01/11,0,44000,-9000,35000
2013/01/14,0,27000,-2000,25000
2013/01/15,0,27000,-5000,22000
2013/01/16,0,21000,-50000,-29000
2013/01/17,0,109000,-43000,66000
2013/01/18,0,38000,-12000,26000
2013/01/21,0,3000,-4000,-1000
2013/01/22,0,19000,-2000,17000
2013/01/23,0,33000,0,33000
2013/01/24,0,14000,-13000,1000
2013/01/25,0,34000,-41000,-7000
2013/01/28,0,9000,-49000,-40000
2013/01/29,0,8000,-115000,-107000
2013/01/30,0,172000,-119000,53000
2013/01/31,0,13000,-135000,-122000
2013/02/01,0,0,-48000,-48000
2013/02/04,0,40000,-97000,-57000
2013/02/05,0,0,-104000,-104000
2013/02/06,0,5000,-51000,-46000
2013/02/07,0,0,0,0
2013/02/08,0,0,0,0
2013/02/11,0,0,0,0
2013/02/12,0,0,0,0
2013/02/13,0,0,0,0
2013/02/14,0,0,0,0
2013/02/15,0,0,0,0
2013/02/18,0,12000,-34000,-22000
2013/02/19,0,128000,-31000,97000
2013/02/20,0,152000,-200000,-48000
2013/02/21,0,55000,-318420,-263420
2013/02/22,0,162000,-160000,2000
2013/02/25,0,23000,-153000,-130000
2013/02/26,0,6000,-152500,-146500
2013/02/27,0,27000,-29000,-2000
2013/02/28,0,0,0,0
2013/03/01,0,123000,-6000,117000
2013/03/04,0,11000,-176000,-165000
2013/03/05,0,71173,-105000,-33827
2013/03/06,0,17000,-104000,-87000
2013/03/07,0,32000,-114000,-82000
2013/03/08,0,0,-66000,-66000
2013/03/11,0,16000,-214088,-198088
2013/03/12,0,10000,-1000,9000
2013/03/13,0,16000,-15000,1000
2013/03/14,0,21000,-10000,11000
2013/03/15,0,4000,-107000,-103000
2013/03/18,0,1000,-29000,-28000
2013/03/19,0,18000,-38000,-20000
2013/03/20,0,1000,-76000,-75000
2013/03/21,0,53000,-8000,45000
2013/03/22,0,14000,-1000,13000
2013/03/25,0,45000,0,45000
2013/03/26,0,2000,-7000,-5000
2013/03/27,0,106000,-1000,105000
2013/03/28,0,91000,0,91000
2013/03/29,0,47000,-2000,45000
2013/04/01,0,14000,-16000,-2000
2013/04/02,0,73000,-7000,66000
2013/04/03,0,321000,-23000,298000
2013/04/04,0,0,0,0
2013/04/05,0,0,0,0
2013/04/08,0,20000,-56000,-36000
2013/04/09,0,66000,-52000,14000
2013/04/10,0,51000,-121000,-70000
2013/04/11,0,20000,-30000,-10000
2013/04/12,0,2000,-45000,-43000
2013/04/15,0,25000,-4000,21000
2013/04/16,0,28000,-1000,27000
2013/04/17,0,60000,-1000,59000
2013/04/18,0,105000,-3000,102000
2013/04/19,0,2000,-1000,1000
2013/04/22,0,6000,0,6000
2013/04/23,0,4000,-3000,1000
2013/04/24,0,29000,-2000,27000
2013/04/25,0,42000,-12000,30000
2013/04/26,0,84000,-6000,78000
2013/04/29,0,4000,0,4000
2013/04/30,0,3000,-19000,-16000
2013/05/01,0,0,0,0
2013/05/02,0,23000,-7000,16000
2013/05/03,0,24000,-11000,13000
2013/05/06,0,81000,-7000,74000
2013/05/07,0,32000,0,32000
2013/05/08,0,59063,-3000,56063
2013/05/09,0,43000,-126,42874
2013/05/10,0,49000,-16000,33000
2013/05/13,0,35000,-14000,21000
2013/05/14,0,49000,0,49000
2013/05/15,0,48000,0,48000
2013/05/16,0,34000,-18000,16000
2013/05/17,0,38000,0,38000
2013/05/20,0,35000,-4000,31000
2013/05/21,0,271000,0,271000
2013/05/22,0,198000,-13000,185000
2013/05/23,0,214000,-24000,190000
2013/05/24,0,16000,-21000,-5000
2013/05/27,0,9000,0,9000
2013/05/28,0,35000,0,35000
2013/05/29,0,37000,0,37000
2013/05/30,0,7000,-17000,-10000
2013/05/31,0,67000,-8000,59000
2013/06/03,0,0,-23000,-23000
2013/06/04,0,0,-64000,-64000
2013/06/05,0,5000,-23000,-18000
2013/06/06,0,2000,-21000,-19000
2013/06/07,0,10000,-19000,-9000
2013/06/10,0,24000,0,24000
2013/06/11,0,9000,-1000,8000
2013/06/12,0,0,0,0
2013/06/13,0,0,-1000,-1000
2013/06/14,0,0,-6000,-6000
2013/06/17,0,0,-8000,-8000
2013/06/18,0,13000,-3000,10000
2013/06/19,0,10000,-12050,-2050
2013/06/20,0,0,-40000,-40000
2013/06/21,0,8000,-23000,-15000
2013/06/24,0,0,-11000,-11000
2013/06/25,0,4000,-96590,-92590
2013/06/26,0,9000,0,9000
2013/06/27,0,72000,0,72000
2013/06/28,0,4000,-4000,0
2013/07/01,0,0,-465000,-465000
2013/07/02,0,34000,-55167,-21167
2013/07/03,0,36000,-47000,-11000
2013/07/04,0,55000,-73000,-18000
2013/07/05,0,11000,-62000,-51000
2013/07/08,0,0,-44000,-44000
2013/07/09,0,73000,-3000,70000
2013/07/10,0,24000,-21000,3000
2013/07/11,0,21000,-79500,-58500
2013/07/12,0,21000,0,21000
2013/07/15,0,16000,-3000,13000
2013/07/16,0,133000,-211000,-78000
2013/07/17,0,9000,-70000,-61000
2013/07/18,0,7000,-57000,-50000
2013/07/19,0,34000,-41000,-7000
2013/07/22,0,0,-38000,-38000
2013/07/23,0,222000,-194000,28000
2013/07/24,0,26000,-171000,-145000
2013/07/25,0,117000,-144000,-27000
2013/07/26,0,19000,-204000,-185000
2013/07/29,0,139000,-22000,117000
2013/07/30,0,305000,-161000,144000
2013/07/31,0,295000,-476140,-181140
2013/08/01,0,30000,-216000,-186000
2013/08/02,0,220000,-27000,193000
2013/08/05,0,96000,-109000,-13000
2013/08/06,0,77000,-126000,-49000
2013/08/07,0,141000,-38000,103000
2013/08/08,0,105000,-112822,-7822
2013/08/09,0,767000,-116260,650740
2013/08/12,0,56000,-313651,-257651
2013/08/13,0,456000,-21000,435000
2013/08/14,0,182000,-100000,82000
2013/08/15,0,538000,-173000,365000
2013/08/16,0,25000,-76000,-51000
2013/08/19,0,263000,-284000,-21000
2013/08/20,0,101000,-181000,-80000
2013/08/21,0,0,0,0
2013/08/22,0,374000,-114000,260000
2013/08/23,0,52000,-219000,-167000
2013/08/26,0,40000,-15000,25000
2013/08/27,0,257000,-197000,60000
2013/08/28,0,154000,-9000,145000
2013/08/29,0,49000,-40140,8860
2013/08/30,0,92000,-317112,-225112
2013/09/02,0,15000,-39000,-24000
2013/09/03,0,75000,-47000,28000
2013/09/04,0,28000,-61000,-33000
2013/09/05,0,266000,-163000,103000
2013/09/06,0,7000,-442000,-435000
2013/09/09,0,50000,-214000,-164000
2013/09/10,0,5000,-274000,-269000
2013/09/11,0,628000,-150000,478000
2013/09/12,0,107000,-148000,-41000
2013/09/13,0,1241000,-57000,1184000
2013/09/16,0,815000,-61000,754000
2013/09/17,0,12000,-92000,-80000
2013/09/18,0,922000,-80000,842000
2013/09/19,0,0,0,0
2013/09/20,0,0,0,0
2013/09/23,0,113000,-197000,-84000
2013/09/24,0,3000,-136458,-133458
2013/09/25,0,34000,-12000,22000
2013/09/26,0,13000,-46000,-33000
2013/09/27,0,55000,-65000,-10000
2013/09/30,0,352000,-40000,312000
2013/10/01,0,285000,-42250,242750
2013/10/02,0,286000,-81000,205000
2013/10/03,0,169000,-179210,-10210
2013/10/04,0,731000,-88000,643000
2013/10/07,0,944000,-205000,739000
2013/10/08,0,597000,-219000,378000
2013/10/09,0,269000,-92000,177000
2013/10/10,0,0,0,0
2013/10/11,0,1014000,-16000,998000
2013/10/14,0,829000,-274000,555000
2013/10/15,0,90000,-332000,-242000
2013/10/16,0,313000,-1427000,-1114000
2013/10/17,0,434000,-638000,-204000
2013/10/18,0,619000,-489000,130000
2013/10/21,0,96000,-107609,-11609
2013/10/22,0,266000,-307000,-41000
2013/10/23,0,40000,-168000,-128000
2013/10/24,0,132000,-98000,34000
2013/10/25,0,59000,-621000,-562000
2013/10/28,0,166000,-211000,-45000
2013/10/29,0,935000,-474670,460330
2013/10/30,0,791000,-415000,376000
2013/10/31,0,885000,0,885000
2013/11/01,0,377000,-110000,267000
2013/11/04,0,613000,-211000,402000
2013/11/05,0,1810000,-301000,1509000
2013/11/06,0,433000,-232000,201000
2013/11/07,0,451000,-332000,119000
2013/11/08,0,277000,-371000,-94000
2013/11/11,0,149000,-71000,78000
2013/11/12,0,248000,-88000,160000
2013/11/13,0,122000,-122000,0
2013/11/14,0,94000,-185000,-91000
2013/11/15,0,110000,-412000,-302000
2013/11/18,0,242000,-163000,79000
2013/11/19,0,452000,-148000,304000
2013/11/20,0,301000,-389000,-88000
2013/11/21,0,392000,-346000,46000
2013/11/22,0,332000,-210000,122000
2013/11/25,0,188000,-115000,73000
2013/11/26,0,258000,-205000,53000
2013/11/27,0,366000,-450000,-84000
2013/11/28,0,590000,-175000,415000
2013/11/29,0,229000,-185000,44000
2013/12/02,0,347000,-123000,224000
2013/12/03,0,312000,-84000,228000
2013/12/04,0,572000,-44000,528000
2013/12/05,0,855000,-158000,697000
2013/12/06,0,653000,-160000,493000
2013/12/09,0,683000,-201000,482000
2013/12/10,0,354000,-432000,-78000
2013/12/11,0,381000,-92000,289000
2013/12/12,0,356000,-183000,173000
2013/12/13,0,189000,-168000,21000
2013/12/16,0,163000,-259000,-96000
2013/12/17,0,433000,-495000,-62000
2013/12/18,0,303000,-2000,301000
2013/12/19,0,795000,-55000,740000
2013/12/20,0,362260,-167000,195260
2013/12/23,0,384000,-108000,276000
2013/12/24,0,268000,-62000,206000
2013/12/25,0,59000,-440000,-381000
2013/12/26,0,22000,-425000,-403000
2013/12/27,0,102000,-210000,-108000
2013/12/30,0,125000,-27001,97999
2013/12/31,0,64000,-79000,-15000
2014/01/02,0,111000,-177000,-66000
2014/01/03,0,781000,-419000,362000
2014/01/06,0,595000,-534000,61000
2014/01/07,0,53000,-153000,-100000
2014/01/08,0,27000,-339000,-312000
2014/01/09,0,169000,-575000,-406000
2014/01/10,0,206000,-28000,178000
2014/01/13,0,119000,-143020,-24020
2014/01/14,0,39000,-166000,-127000
2014/01/15,0,197000,-203000,-6000
2014/01/16,0,327000,-703000,-376000
2014/01/17,0,370000,-577000,-207000
2014/01/20,0,302000,-665000,-363000
2014/01/21,0,1383000,-328000,1055000
2014/01/22,0,2648000,-1412000,1236000
2014/01/23,0,1715000,-1839000,-124000
2014/01/24,0,112000,-414000,-302000
2014/01/27,0,135000,-676540,-541540
2014/02/05,0,378000,-1175645,-797645
2014/02/06,0,193000,-791000,-598000
2014/02/07,0,93000,-671176,-578176
2014/02/10,0,132000,-44000,88000
2014/02/11,0,21000,-125000,-104000
2014/02/12,0,99000,-890000,-791000
2014/02/13,0,113000,-183000,-70000
2014/02/14,0,100000,-117000,-17000
2014/02/17,0,206000,-94000,112000
2014/02/18,0,35000,-789158,-754158
2014/02/19,0,36000,-615268,-579268
2014/02/20,0,82001,-905000,-822999
2014/02/21,0,1400000,-129000,1271000
2014/02/24,0,454000,-1098376,-644376
2014/02/25,0,326000,-423000,-97000
2014/02/26,0,80000,-397000,-317000
2014/02/27,0,525000,-578000,-53000
2014/03/03,0,272000,-310210,-38210
2014/03/04,0,51000,-150000,-99000
2014/03/05,0,625000,-1591466,-966466
2014/03/06,0,177000,-32000,145000
2014/03/07,0,422000,-463000,-41000
2014/03/10,0,366000,-1237262,-871262
2014/03/11,0,202000,-337000,-135000
2014/03/12,0,267000,-799000,-532000
2014/03/13,0,1352000,-790000,562000
2014/03/14,0,1163001,-641000,522001
2014/03/17,0,1769000,-314000,1455000
2014/03/18,0,1935000,-1765000,170000
2014/03/19,0,1291000,-271000,1020000
2014/03/20,0,368000,-67000,301000
2014/03/21,0,1079000,-1371000,-292000
2014/03/24,0,1071000,-125000,946000
2014/03/25,0,388000,-231000,157000
2014/03/26,0,148000,-413000,-265000
2014/03/27,0,88000,-589000,-501000
2014/03/28,0,84000,-539000,-455000
2014/03/31,0,1064000,-291000,773000
2014/04/01,0,509000,-266000,243000
2014/04/02,0,33000,-447000,-414000
2014/04/03,0,24000,-393000,-369000
2014/04/07,0,1421000,-630000,791000
2014/04/08,0,1168000,-257000,911000
2014/04/09,0,2093000,-912000,1181000
2014/04/10,0,1224000,-366000,858000
2014/04/11,0,708000,-71000,637000
2014/04/14,0,573000,-529000,44000
2014/04/15,0,977000,-124000,853000
2014/04/16,0,663000,-203000,460000
2014/04/17,0,466000,-1189000,-723000
2014/04/18,0,13000,-60000,-47000
2014/04/21,0,329000,-291000,38000
2014/04/22,0,144000,-123000,21000
2014/04/23,0,477000,-95000,382000
2014/04/24,0,196000,-49000,147000
2014/04/25,0,579000,-106000,473000
2014/04/28,0,330000,-110000,220000
2014/04/29,0,468000,-184000,284000
2014/04/30,0,89000,-526000,-437000
2014/05/02,0,324000,-131000,193000
2014/05/05,0,104000,-491000,-387000
2014/05/06,0,247000,-886000,-639000
2014/05/07,0,1010000,-112000,898000
2014/05/08,0,2249000,-476000,1773000
2014/05/09,0,456000,-347000,109000
2014/05/12,0,824000,-198000,626000
2014/05/13,0,742000,-15000,727000
2014/05/14,0,756000,-395000,361000
2014/05/15,0,247000,-2000,245000
2014/05/16,0,535000,-170000,365000
2014/05/19,0,198000,-283000,-85000
2014/05/20,0,402711,-385017,17694
2014/05/21,0,535000,-1285000,-750000
2014/05/22,0,165000,-564000,-399000
2014/05/23,0,585000,-196190,388810
2014/05/26,0,750000,-424000,326000
2014/05/27,0,135000,-306000,-171000
2014/05/28,0,372000,-1312000,-940000
2014/05/29,0,342000,-242787,99213
2014/05/30,0,219000,-101000,118000
2014/06/03,0,455000,-504054,-49054
2014/06/04,0,274000,-325000,-51000
2014/06/05,0,570000,-253000,317000
2014/06/06,0,396000,-136000,260000
2014/06/09,0,282000,-169000,113000
2014/06/10,0,234492,-71000,163492
2014/06/11,0,900000,-148000,752000
2014/06/12,0,38000,-266000,-228000
2014/06/13,0,147000,-138000,9000
2014/06/16,0,458000,-160000,298000
2014/06/17,0,1025000,-164000,861000
2014/06/18,0,726000,-495000,231000
2014/06/19,0,223000,-131000,92000
2014/06/20,0,71000,-309000,-238000
2014/06/23,0,205000,-538000,-333000
2014/06/24,0,203000,-124000,79000
2014/06/25,0,485000,-317150,167850
2014/06/26,0,608000,-233000,375000
2014/06/27,0,78000,-589000,-511000
2014/06/30,0,101000,-468000,-367000
2014/07/01,0,91000,-73000,18000
2014/07/02,0,60000,-195711,-135711
2014/07/03,0,56000,-49000,7000
2014/07/04,0,37000,-122000,-85000
2014/07/07,0,47000,-265000,-218000
2014/07/08,0,160000,-299850,-139850
2014/07/09,0,791000,-61000,730000
2014/07/10,0,286000,-681000,-395000
2014/07/11,0,287000,-130000,157000
2014/07/14,0,320000,-507000,-187000
2014/07/15,0,482000,-34000,448000
2014/07/16,0,319000,-37000,282000
2014/07/17,0,364000,-384000,-20000
2014/07/18,0,218000,-365000,-147000
2014/07/21,0,277000,-134000,143000
2014/07/22,0,444000,-545000,-101000
2014/07/23,0,0,0,0
2014/07/24,0,255000,-263000,-8000
2014/07/25,0,290000,-302000,-12000
2014/07/28,0,258000,-154000,104000
2014/07/29,0,267000,-140000,127000
2014/07/30,0,311000,-167000,144000
2014/07/31,0,225000,-328000,-103000
2014/08/01,0,247000,-391000,-144000
2014/08/04,0,147000,-155000,-8000
2014/08/05,0,122000,-157000,-35000
2014/08/06,0,194000,-200000,-6000
2014/08/07,0,14000,-287000,-273000
2014/08/08,0,76000,-143000,-67000
2014/08/11,0,65000,-82000,-17000
2014/08/12,0,55000,-130000,-75000
2014/08/13,0,172000,-244000,-72000
2014/08/14,0,136000,-264000,-128000
2014/08/15,0,574000,-160000,414000
2014/08/18,0,117000,-139000,-22000
2014/08/19,0,204000,-97000,107000
2014/08/20,0,41000,-77000,-36000
2014/08/21,0,55000,-128000,-73000
2014/08/22,0,393000,-113000,280000
2014/08/25,0,147000,-113000,34000
2014/08/26,0,268000,-70000,198000
2014/08/27,0,175000,-42000,133000
2014/08/28,0,26000,-122456,-96456
2014/08/29,0,50000,-241000,-191000
2014/09/01,0,55000,-39000,16000
2014/09/02,0,253000,-26000,227000
2014/09/03,0,118000,-132000,-14000
2014/09/04,0,38000,-66000,-28000
2014/09/05,0,46000,-161000,-115000
2014/09/09,0,67000,-58000,9000
2014/09/10,0,60000,-50000,10000
2014/09/11,0,9000,-59000,-50000
2014/09/12,0,33000,-455000,-422000
2014/09/15,0,56000,-443000,-387000
2014/09/16,0,42000,-43000,-1000
2014/09/17,0,271000,-226000,45000
2014/09/18,0,64000,-429000,-365000
2014/09/19,0,188000,-64000,124000
2014/09/22,0,19000,-77000,-58000
2014/09/23,0,37000,-25000,12000
2014/09/24,0,137000,-91000,46000
2014/09/25,0,34000,-52000,-18000
2014/09/26,0,85000,-29000,56000
2014/09/29,0,46000,-39000,7000
2014/09/30,0,176000,-50000,126000
2014/10/01,0,76000,-83966,-7966
2014/10/02,0,43000,-25000,18000
2014/10/03,0,195000,-66000,129000
2014/10/06,0,269000,-365000,-96000
2014/10/07,0,557000,-318003,238997
2014/10/08,0,604000,-580000,24000
2014/10/09,0,537000,-334007,202993
2014/10/13,0,539000,-261000,278000
2014/10/14,0,1014000,-465833,548167
2014/10/15,0,352000,-408000,-56000
2014/10/16,0,527000,-256000,271000
2014/10/17,0,1259000,-876000,383000
2014/10/20,0,1365000,-321262,1043738
2014/10/21,0,1685000,-224000,1461000
2014/10/22,0,512000,-219000,293000
2014/10/23,0,756081,-67000,689081
2014/10/24,0,531000,-245000,286000
2014/10/27,0,602000,-100803,501197
2014/10/28,0,1195000,-140000,1055000
2014/10/29,0,1422000,-178000,1244000
2014/10/30,0,555000,-77000,478000
2014/10/31,0,874000,-128159,745841
2014/11/03,0,1101000,-344000,757000
2014/11/04,0,2001000,-178000,1823000
2014/11/05,0,1305000,-183000,1122000
2014/11/06,0,1194000,-63000,1131000
2014/11/07,0,474000,-161000,313000
2014/11/10,0,838000,-5000,833000
2014/11/11,0,568000,-31000,537000
2014/11/12,0,181000,-546000,-365000
2014/11/13,0,321000,-278000,43000
2014/11/14,0,289000,-203000,86000
2014/11/17,0,418000,-312000,106000
2014/11/18,0,661000,-573000,88000
2014/11/19,0,1079000,-169000,910000
2014/11/20,0,393000,-365000,28000
2014/11/21,0,503000,-189000,314000
2014/11/24,0,347100,-137000,210100
2014/11/25,0,40000,-267000,-227000
2014/11/26,0,143000,-10000,133000
2014/11/27,0,65000,-104000,-39000
2014/11/28,0,376000,-38000,338000
2014/12/01,0,209000,-85062,123938
2014/12/02,0,399100,-155000,244100
2014/12/03,0,577000,-150000,427000
2014/12/04,0,249000,-90000,159000
2014/12/05,0,283000,-400000,-117000
2014/12/08,0,104000,-392000,-288000
2014/12/09,0,350000,-482000,-132000
2014/12/10,0,358300,-546000,-187700
2014/12/11,0,449900,-460000,-10100
2014/12/12,0,355000,-342000,13000
2014/12/15,0,317200,-866000,-548800
2014/12/16,0,494000,-688000,-194000
2014/12/17,0,155000,-541000,-386000
2014/12/18,0,675000,-724000,-49000
2014/12/19,0,99000,-223000,-124000
2014/12/22,0,105000,-419000,-314000
2014/12/23,0,459000,-336000,123000
2014/12/24,0,55000,-344000,-289000
2014/12/25,0,174000,-136820,37180
2014/12/26,0,242000,-542000,-300000
2014/12/29,0,106000,-461000,-355000
2014/12/30,0,293000,-723000,-430000
2014/12/31,0,63000,-131000,-68000
2015/01/01,0,0,0,0
2015/01/02,0,0,0,0
2015/01/05,0,162000,-171000,-9000
2015/01/06,0,3061000,-543000,2518000
2015/01/07,0,85000,-554000,-469000
2015/01/08,0,265000,-330000,-65000
2015/01/09,0,375000,-36000,339000
2015/01/12,0,915000,-169000,746000
2015/01/13,0,1829000,-175000,1654000
2015/01/14,0,559000,-981000,-422000
2015/01/15,0,321000,-171000,150000
2015/01/16,0,525000,-159000,366000
2015/01/19,0,427000,-79000,348000
2015/01/20,0,1301000,-55000,1246000
2015/01/21,0,1820900,-202081,1618819
2015/01/22,0,966021,-347000,619021
2015/01/23,0,403000,-243000,160000
2015/01/26,0,177000,-1256000,-1079000
2015/01/27,0,880000,-336000,544000
2015/01/28,0,439000,-204000,235000
2015/01/29,0,656000,-292000,364000
2015/01/30,0,3244000,-598000,2646000
2015/02/02,0,1204749,-1028000,176749
2015/02/03,0,1464000,-65000,1399000
2015/02/04,0,1477000,-512000,965000
2015/02/05,0,885000,-522000,363000
2015/02/06,0,641000,-736000,-95000
2015/02/09,0,299000,-184000,115000
2015/02/10,0,698000,-78000,620000
2015/02/11,0,2332001,-74000,2258001
2015/02/12,0,825000,-771000,54000
2015/02/13,0,1236000,-117000,1119000
2015/02/16,0,0,0,0
2015/02/17,0,0,0,0
2015/02/18,0,0,0,0
2015/02/19,0,0,0,0
2015/02/20,0,0,0,0
2015/02/23,0,0,0,0
2015/02/24,0,941000,-353000,588000
2015/02/25,0,2062000,-739000,1323000
2015/02/26,0,1622000,-637000,985000
2015/02/27,0,0,0,0
2015/03/02,0,929000,-633900,295100
2015/03/03,0,1451000,-281000,1170000
2015/03/04,0,1102000,-275000,827000
2015/03/05,0,361000,-534000,-173000
2015/03/06,0,394000,-279000,115000
2015/03/09,0,853000,-222000,631000
2015/03/10,0,318000,-1036100,-718100
2015/03/11,0,382000,-259000,123000
2015/03/12,0,532000,-338000,194000
2015/03/13,0,849000,-773000,76000
2015/03/16,0,757000,-139000,618000
2015/03/17,0,850000,-1071000,-221000
2015/03/18,0,2180000,-1127156,1052844
2015/03/19,0,2060000,-236000,1824000
2015/03/20,0,1888000,-881000,1007000
2015/03/23,0,617000,-979000,-362000
2015/03/24,0,869000,-264000,605000
2015/03/25,0,559000,-468980,90020
2015/03/26,0,225000,-611432,-386432
2015/03/27,0,492407,-480000,12407
2015/03/30,0,808000,-662146,145854
2015/03/31,0,1142000,-841000,301000
2015/04/01,0,548000,-631000,-83000
2015/04/02,0,352000,-1229000,-877000
2015/04/03,0,0,0,0
2015/04/06,0,0,0,0
2015/04/07,0,536000,-570390,-34390
2015/04/08,0,856000,-1496557,-640557
2015/04/09,0,3153000,-1708000,1445000
2015/04/10,0,2320000,-2644005,-324005
2015/04/13,0,3551231,-927000,2624231
2015/04/14,0,2025000,-1158000,867000
2015/04/15,0,2097000,-1825000,272000
2015/04/16,0,557000,-1027000,-470000
2015/04/17,0,843000,-810000,33000
2015/04/20,0,508000,-469000,39000
2015/04/21,0,2495000,-312000,2183000
2015/04/22,0,1700000,-210000,1490000
2015/04/23,0,945000,-1656000,-711000
2015/04/24,0,340000,-596000,-256000
2015/04/27,0,718000,-1588000,-870000
2015/04/28,0,569000,-1191992,-622992
2015/04/29,0,812000,-439000,373000
2015/04/30,0,292000,-418900,-126900
2015/05/01,0,0,0,0
2015/05/04,0,377000,-235000,142000
2015/05/05,0,125000,-451000,-326000
2015/05/06,0,442000,-252000,190000
2015/05/07,0,528966,-244000,284966
2015/05/08,0,619000,-325000,294000
2015/05/11,0,347000,-431000,-84000
2015/05/12,0,610000,-1444000,-834000
2015/05/13,0,668690,-828000,-159310
2015/05/14,0,535536,-577000,-41464
2015/05/15,0,1232000,-1253600,-21600
2015/05/18,0,625000,-1033000,-408000
2015/05/19,0,1203604,-193000,1010604
2015/05/20,0,440000,-734000,-294000
2015/05/21,0,1228000,-668000,560000
2015/05/22,0,584000,-551255,32745
2015/05/25,0,17000,-449000,-432000
2015/05/26,0,205000,-405600,-200600
2015/05/27,0,1956000,-49000,1907000
2015/05/28,0,671665,-347000,324665
2015/05/29,0,1440000,-1164000,276000
2015/06/01,0,826563,-1668000,-841437
2015/06/02,0,318000,-974000,-656000
2015/06/03,0,448000,-837000,-389000
2015/06/04,0,1200000,-1553462,-353462
2015/06/05,0,596000,-690000,-94000
2015/06/08,0,1053000,-844000,209000
2015/06/09,0,809000,-172000,637000
2015/06/10,0,211242,-126000,85242
2015/06/11,0,490000,-530000,-40000
2015/06/12,0,155000,-932000,-777000
2015/06/15,0,136000,-439000,-303000
2015/06/16,0,115000,-324000,-209000
2015/06/17,0,280877,-854000,-573123
2015/06/18,0,273000,-316000,-43000
2015/06/19,0,0,0,0
2015/06/22,0,414000,-199567,214433
2015/06/23,0,586404,-808000,-221596
2015/06/24,0,281000,-726000,-445000
2015/06/25,0,328000,-806000,-478000
2015/06/26,0,113252,-299000,-185748
2015/06/29,0,177000,-1024400,-847400
2015/06/30,0,279000,-622000,-343000
2015/07/01,0,209000,-436000,-227000
2015/07/02,0,670000,-1002000,-332000
2015/07/03,0,1118283,-592000,526283
2015/07/06,0,235000,-450217,-215217
2015/07/07,0,721000,-591538,129462
2015/07/08,0,835244,-547000,288244
2015/07/09,0,1845000,-582000,1263000
2015/07/10,0,0,0,0
2015/07/13,0,702097,-985000,-282903
2015/07/14,0,531877,-1944800,-1412923
2015/07/15,0,755000,-714800,40200
2015/07/16,0,1442000,-1492050,-50050
2015/07/17,0,358773,-2179829,-1821056
2015/07/20,0,879000,-1413800,-534800
2015/07/21,0,1004628,-1590000,-585372
2015/07/22,0,938000,-1819000,-881000
2015/07/23,0,1146000,-1839100,-693100
2015/07/24,0,496000,-1950000,-1454000
2015/07/27,0,708000,-1586332,-878332
2015/07/28,0,1076000,-2483000,-1407000
2015/07/29,0,647000,-1657000,-1010000
2015/07/30,0,691000,-1394000,-703000
2015/07/31,0,407000,-2001000,-1594000
2015/08/03,0,430000,-923000,-493000
2015/08/04,0,182000,-1430000,-1248000
2015/08/05,0,1479000,-1286000,193000
2015/08/06,0,2101000,-2254000,-153000
2015/08/07,0,1128000,-1400401,-272401
2015/08/10,0,1492000,-1172000,320000
2015/08/11,0,1467000,-1206000,261000
2015/08/12,0,1454000,-534000,920000
2015/08/13,0,319000,-628000,-309000
2015/08/14,0,368000,-133000,235000
2015/08/17,0,394000,-499000,-105000
2015/08/18,0,291000,-540681,-249681
2015/08/19,0,1415000,-202000,1213000
2015/08/20,0,2671000,-274000,2397000
2015/08/21,0,307000,-1548000,-1241000
2015/08/24,0,488000,-763000,-275000
2015/08/25,0,332000,-732076,-400076
2015/08/26,0,270000,-798000,-528000
2015/08/27,0,303000,-543000,-240000
2015/08/28,0,166000,-354000,-188000
2015/08/31,0,247000,-721000,-474000
2015/09/01,0,590000,-331000,259000
2015/09/02,0,356000,-727000,-371000
2015/09/03,0,305000,-509000,-204000
2015/09/04,0,387000,-1105000,-718000
2015/09/07,0,1139000,-684000,455000
2015/09/08,0,778000,-867000,-89000
2015/09/09,0,945000,-784281,160719
2015/09/10,0,1332000,-843663,488337
2015/09/11,0,385000,-600000,-215000
2015/09/14,0,264000,-116000,148000
2015/09/15,0,349000,-284000,65000
2015/09/16,0,329000,-426000,-97000
2015/09/17,0,101000,-186200,-85200
2015/09/18,0,1896000,-202000,1694000
2015/09/21,0,349000,-397000,-48000
2015/09/22,0,181000,-753755,-572755
2015/09/23,0,476600,-245000,231600
2015/09/24,0,147000,-168000,-21000
2015/09/25,0,790000,-139000,651000
2015/09/28,0,0,0,0
2015/09/29,0,0,0,0
2015/09/30,0,967000,-1149000,-182000
2015/10/01,0,395000,-361000,34000
2015/10/02,0,326000,-513000,-187000
2015/10/05,0,254000,-193000,61000
2015/10/06,0,630000,-250000,380000
2015/10/07,0,176000,-802000,-626000
2015/10/08,0,815000,-4023000,-3208000
2015/10/09,0,0,0,0
2015/10/12,0,927000,-1871889,-944889
2015/10/13,0,1359000,-1677000,-318000
2015/10/14,0,138000,-714000,-576000
2015/10/15,0,1507000,-97000,1410000
2015/10/16,0,714000,-1243000,-529000
2015/10/19,0,562000,-283000,279000
2015/10/20,0,583000,-797000,-214000
2015/10/21,0,977000,-432000,545000
2015/10/22,0,157000,-223000,-66000
2015/10/23,0,324000,-443000,-119000
2015/10/26,0,176000,-329750,-153750
2015/10/27,0,391000,-494000,-103000
2015/10/28,0,432000,-431133,867
2015/10/29,0,780000,-377300,402700
2015/10/30,0,90000,-365000,-275000
2015/11/02,0,633000,-169000,464000
2015/11/03,0,281000,-95000,186000
2015/11/04,0,529000,-326000,203000
2015/11/05,0,328000,-198000,130000
2015/11/06,0,635588,-343000,292588
2015/11/09,0,515000,-131000,384000
2015/11/10,0,479000,-795710,-316710
2015/11/11,0,775000,-293000,482000
2015/11/12,0,481000,-327000,154000
2015/11/13,0,550052,-337000,213052
2015/11/16,0,236000,-254000,-18000
2015/11/17,0,874000,-438000,436000
2015/11/18,0,795000,-738000,57000
2015/11/19,0,221000,-792000,-571000
2015/11/20,0,451000,-614000,-163000
2015/11/23,0,748229,-102000,646229
2015/11/24,0,260000,-352000,-92000
2015/11/25,0,503000,-403000,100000
2015/11/26,0,482000,-296000,186000
2015/11/27,0,363000,-492000,-129000
2015/11/30,0,553000,-434000,119000
2015/12/01,0,599000,-215500,383500
2015/12/02,0,642000,-443000,199000
2015/12/03,0,1748000,-672000,1076000
2015/12/04,0,984000,-1140000,-156000
2015/12/07,0,572000,-537000,35000
2015/12/08,0,375000,-453000,-78000
2015/12/09,0,1843000,-654000,1189000
2015/12/10,0,1081000,-1919247,-838247
2015/12/11,0,773000,-1075800,-302800
2015/12/14,0,503000,-1891000,-1388000
2015/12/15,0,812000,-1239000,-427000
2015/12/16,0,417000,-1647100,-1230100
2015/12/17,0,890000,-1375123,-485123
2015/12/18,0,1060000,-1984000,-924000
2015/12/21,0,733000,-1137000,-404000
2015/12/22,0,473000,-822143,-349143
2015/12/23,0,1054000,-1818432,-764432
2015/12/24,0,143000,-225000,-82000
2015/12/25,0,136000,-102000,34000
2015/12/28,0,91000,-152000,-61000
2015/12/29,0,62000,-105284,-43284
2015/12/30,0,215000,-383410,-168410
2015/12/31,0,328000,-735000,-407000
2016/01/01,0,0,0,0
2016/01/04,0,98000,-469000,-371000
2016/01/05,0,359000,-939000,-580000
2016/01/06,0,590000,-580000,10000
2016/01/07,0,477000,-742000,-265000
2016/01/08,0,1175000,-1603000,-428000
2016/01/11,0,301000,-604000,-303000
2016/01/12,0,199000,-303000,-104000
2016/01/13,0,160000,-334000,-174000
2016/01/14,0,336000,-629000,-293000
2016/01/15,0,1350000,-827651,522349
2016/01/18,0,1352000,-275000,1077000
2016/01/19,0,1642000,-1306000,336000
2016/01/20,0,929000,-805000,124000
2016/01/21,0,1514251,-889000,625251
2016/01/22,0,1800000,-643000,1157000
2016/01/25,0,818000,-493650,324350
2016/01/26,0,1155000,-546000,609000
2016/01/27,0,1385417,-130745,1254672
2016/01/28,0,1161000,-76000,1085000
2016/01/29,0,1281000,-289000,992000
2016/02/01,0,962000,-404000,558000
2016/02/02,0,1188000,-414000,774000
2016/02/03,0,500668,-161000,339668
2016/02/04,0,0,0,0
2016/02/05,0,0,0,0
2016/02/08,0,0,0,0
2016/02/09,0,0,0,0
2016/02/10,0,0,0,0
2016/02/11,0,0,0,0
2016/02/12,0,0,0,0
2016/02/15,0,892000,-490000,402000
2016/02/16,0,360000,-981000,-621000
2016/02/17,0,674000,-420000,254000
2016/02/18,0,1024000,-524032,499968
2016/02/19,0,829000,-807000,22000
2016/02/22,0,70000,-405000,-335000
2016/02/23,0,222417,-336000,-113583
2016/02/24,0,292000,-518000,-226000
2016/02/25,0,169000,-740000,-571000
2016/02/26,0,243251,-605000,-361749
2016/02/29,0,0,0,0
2016/03/01,0,233000,-223000,10000
2016/03/02,0,1050000,-605000,445000
2016/03/03,0,1334000,-1470000,-136000
2016/03/04,0,1396000,-866000,530000
2016/03/07,0,405000,-372000,33000
2016/03/08,0,1755000,-1068000,687000
2016/03/09,0,1432000,-344000,1088000
2016/03/10,0,708000,-439000,269000
2016/03/11,0,279000,-185000,94000
2016/03/14,0,214000,-309000,-95000
2016/03/15,0,587000,-223000,364000
2016/03/16,0,1545000,-302000,1243000
2016/03/17,0,1186000,-1063000,123000
2016/03/18,0,2833000,-950000,1883000
2016/03/21,0,3597000,-816000,2781000
2016/03/22,0,2713417,-820300,1893117
2016/03/23,0,2150400,-562000,1588400
2016/03/24,0,2203000,-1754300,448700
2016/03/25,0,1039000,-481400,557600
2016/03/28,0,1072000,-93000,979000
2016/03/29,0,911000,-514000,397000
2016/03/30,0,938000,-222000,716000
2016/03/31,0,693000,-1035300,-342300
2016/04/01,0,193000,-356000,-163000
2016/04/04,0,0,0,0
2016/04/05,0,0,0,0
2016/04/06,0,500000,-1824000,-1324000
2016/04/07,0,141000,-1058000,-917000
2016/04/08,0,411000,-841000,-430000
2016/04/11,0,428000,-304000,124000
2016/04/12,0,1307000,-622671,684329
2016/04/13,0,881000,-791000,90000
2016/04/14,0,1652000,-1385000,267000
2016/04/15,0,614000,-405900,208100
2016/04/18,0,701000,-325000,376000
2016/04/19,0,351000,-868000,-517000
2016/04/20,0,611000,-1099000,-488000
2016/04/21,0,905000,-257000,648000
2016/04/22,0,923000,-520000,403000
2016/04/25,0,2523000,-115000,2408000
2016/04/26,0,1431000,-595000,836000
2016/04/27,0,355000,-136000,219000
2016/04/28,0,456000,-280000,176000
2016/04/29,0,487000,-446000,41000
2016/05/02,0,0,0,0
2016/05/03,0,325000,-133000,192000
2016/05/04,0,150000,-116000,34000
2016/05/05,0,690000,-164000,526000
2016/05/06,0,249000,-821000,-572000
2016/05/09,0,471000,-206000,265000
2016/05/10,0,2195000,-1736000,459000
2016/05/11,0,552000,-137000,415000
2016/05/12,0,1606000,-1197000,409000
2016/05/13,0,819540,-868000,-48460
2016/05/16,0,458000,-218000,240000
2016/05/17,0,345000,-279000,66000
2016/05/18,0,550000,-719000,-169000
2016/05/19,0,511000,-569000,-58000
2016/05/20,0,732000,-127000,605000
2016/05/23,0,330000,-221000,109000
2016/05/24,0,222000,-565000,-343000
2016/05/25,0,782000,-452000,330000
2016/05/26,0,342000,-356000,-14000
2016/05/27,0,742000,-860000,-118000
2016/05/30,0,437000,-292000,145000
2016/05/31,0,1038000,-1280000,-242000
2016/06/01,0,490000,-248000,242000
2016/06/02,0,731000,-376000,355000
2016/06/03,0,136000,-445000,-309000
2016/06/06,0,55000,-364000,-309000
2016/06/07,0,461000,-482000,-21000
2016/06/08,0,132000,-610000,-478000
2016/06/09,0,0,0,0
2016/06/10,0,0,0,0
2016/06/13,0,398500,-583000,-184500
2016/06/14,0,432000,-578000,-146000
2016/06/15,0,219000,-816000,-597000
2016/06/16,0,1028000,-1683000,-655000
2016/06/17,0,2109000,-1658000,451000
2016/06/20,0,266000,-351000,-85000
2016/06/21,0,1494000,-1234000,260000
2016/06/22,0,836315,-724000,112315
2016/06/23,0,296000,-423000,-127000
2016/06/24,0,748000,-729000,19000
2016/06/27,0,347000,-426000,-79000
2016/06/28,0,922000,-498400,423600
2016/06/29,0,795000,-917000,-122000
2016/06/30,0,433000,-1155000,-722000
2016/07/01,0,88000,-790000,-702000
2016/07/04,0,189000,-440000,-251000
2016/07/05,0,185000,-354000,-169000
2016/07/06,0,278000,-532000,-254000
2016/07/07,0,511000,-1214000,-703000
2016/07/08,0,0,0,0
2016/07/11,0,547000,-764000,-217000
2016/07/12,0,551000,-1007000,-456000
2016/07/13,0,1083000,-640000,443000
2016/07/14,0,2044000,-417000,1627000
2016/07/15,0,1498000,-692000,806000
2016/07/18,0,1211900,-553000,658900
2016/07/19,0,1150000,-728000,422000
2016/07/20,0,537000,-246000,291000
2016/07/21,0,561000,-144000,417000
2016/07/22,0,398000,-166000,232000
2016/07/25,0,139000,-125000,14000
2016/07/26,0,325000,-252000,73000
2016/07/27,0,143000,-88000,55000
2016/07/28,0,322000,-201000,121000
2016/07/29,0,1185000,-556000,629000
2016/08/01,0,302000,-403000,-101000
2016/08/02,0,216000,-381000,-165000
2016/08/03,0,355000,-541000,-186000
2016/08/04,0,521000,-509000,12000
2016/08/05,0,321000,-241000,80000
2016/08/08,0,123000,-105000,18000
2016/08/09,0,505000,-1103000,-598000
2016/08/10,0,1064000,-957000,107000
2016/08/11,0,697000,-484405,212595
2016/08/12,0,1201000,-388000,813000
2016/08/15,0,332700,-685000,-352300
2016/08/16,0,547000,-442000,105000
2016/08/17,0,384232,-467000,-82768
2016/08/18,0,255000,-105000,150000
2016/08/19,0,511000,-522232,-11232
2016/08/22,0,298000,-322000,-24000
2016/08/23,0,107000,-167000,-60000
2016/08/24,0,440000,-118000,322000
2016/08/25,0,360000,-116852,243148
2016/08/26,0,166000,-70000,96000
2016/08/29,0,434000,-312000,122000
2016/08/30,0,117000,-156000,-39000
2016/08/31,0,465000,-1094000,-629000
2016/09/01,0,130400,-237000,-106600
2016/09/02,0,338350,-179000,159350
2016/09/05,0,266000,-307000,-41000
2016/09/06,0,643000,-100000,543000
2016/09/07,0,2283000,-186000,2097000
2016/09/08,0,212300,-627000,-414700
2016/09/09,0,225000,-167000,58000
2016/09/12,0,358000,-736000,-378000
2016/09/13,0,486000,-118000,368000
2016/09/14,0,2077000,-731701,1345299
2016/09/15,0,0,0,0
2016/09/16,0,0,0,0
2016/09/19,0,1668000,-586000,1082000
2016/09/20,0,457000,-826000,-369000
2016/09/21,0,730000,-768500,-38500
2016/09/22,0,458000,-173000,285000
2016/09/23,0,430400,-209000,221400
2016/09/26,0,702000,-123000,579000
2016/09/27,0,0,0,0
2016/09/28,0,0,0,0
2016/09/29,0,1278000,-459000,819000
2016/09/30,0,503000,-251000,252000
2016/10/03,0,1107500,-691000,416500
2016/10/04,0,593000,-61088,531912
2016/10/05,0,1378000,-681000,697000
2016/10/06,0,664000,-1307000,-643000
2016/10/07,0,1070000,-225000,845000
2016/10/10,0,0,0,0
2016/10/11,0,1413000,-1046000,367000
2016/10/12,0,630000,-888000,-258000
2016/10/13,0,1281280,-692000,589280
2016/10/14,0,1205000,-608000,597000
2016/10/17,0,723000,-336000,387000
2016/10/18,0,417000,-565000,-148000
2016/10/19,0,585000,-203000,382000
2016/10/20,0,197000,-215000,-18000
2016/10/21,0,420000,-281000,139000
2016/10/24,0,212000,-210000,2000
2016/10/25,0,167000,-225000,-58000
2016/10/26,0,255000,-233000,22000
2016/10/27,0,428000,-62000,366000
2016/10/28,0,528000,-361000,167000
2016/10/31,0,102000,-518000,-416000
2016/11/01,0,780000,-164000,616000
2016/11/02,0,620000,-684000,-64000
2016/11/03,0,626000,-233000,393000
2016/11/04,0,1057000,-356000,701000
2016/11/07,0,442000,-392000,50000
2016/11/08,0,2361000,-1214000,1147000
2016/11/09,0,481000,-667000,-186000
2016/11/10,0,210000,-158000,52000
2016/11/11,0,246000,-278000,-32000
2016/11/14,0,340000,-393000,-53000
2016/11/15,0,268000,-616000,-348000
2016/11/16,0,536000,-865000,-329000
2016/11/17,0,442000,-354000,88000
2016/11/18,0,124000,-280000,-156000
2016/11/21,0,308000,-265000,43000
2016/11/22,0,799531,-680315,119216
2016/11/23,0,638000,-651148,-13148
2016/11/24,0,203000,-1212540,-1009540
2016/11/25,0,352000,-258000,94000
2016/11/28,0,44000,-313000,-269000
2016/11/29,0,85000,-97000,-12000
2016/11/30,0,162000,-179000,-17000
2016/12/01,0,109000,-74000,35000
2016/12/02,0,45000,-130000,-85000
2016/12/05,0,87000,-65000,22000
2016/12/06,0,175000,-288000,-113000
2016/12/07,0,122000,-363187,-241187
2016/12/08,0,297900,-393000,-95100
2016/12/09,0,92000,-306000,-214000
2016/12/12,0,99000,-621000,-522000
2016/12/13,0,103000,-136000,-33000
2016/12/14,0,158000,-120000,38000
2016/12/15,0,107000,-126000,-19000
2016/12/16,0,100000,-453000,-353000
2016/12/19,0,66000,-105000,-39000
2016/12/20,0,259000,-213000,46000
2016/12/21,0,94000,-439000,-345000
2016/12/22,0,84000,-503000,-419000
2016/12/23,0,107000,-665000,-558000
2016/12/26,0,337000,-127000,210000
2016/12/27,0,147000,-122900,24100
2016/12/28,0,417000,-105000,312000
2016/12/29,0,379000,-363000,16000
2016/12/30,0,547000,-555000,-8000
2017/01/02,0,0,0,0
2017/01/03,0,410000,-186000,224000
2017/01/04,0,221000,-157000,64000
2017/01/05,0,257000,-96000,161000
2017/01/06,0,256000,-229000,27000
2017/01/09,0,474000,-1112000,-638000
2017/01/10,0,198000,-447000,-249000
2017/01/11,0,99000,-343000,-244000
2017/01/12,0,330000,-649000,-319000
2017/01/13,0,337000,-1314000,-977000
2017/01/16,0,269000,-648531,-379531
2017/01/17,0,179000,-213000,-34000
2017/01/18,0,314950,-278000,36950
2017/01/19,0,135000,-1074689,-939689
2017/01/20,0,133000,-476000,-343000
2017/01/23,0,75000,-209000,-134000
2017/01/24,0,206000,-747000,-541000
2017/01/25,0,0,0,0
2017/01/26,0,0,0,0
2017/01/27,0,0,0,0
2017/01/30,0,0,0,0
2017/01/31,0,0,0,0
2017/02/01,0,0,0,0
2017/02/02,0,220000,-734000,-514000
2017/02/03,0,234000,-607000,-373000
2017/02/06,0,848200,-1228630,-380430
2017/02/07,0,332000,-1140000,-808000
2017/02/08,0,252000,-761000,-509000
2017/02/09,0,289000,-700000,-411000
2017/02/10,0,506000,-334830,171170
2017/02/13,0,173000,-350000,-177000
2017/02/14,0,158000,-866000,-708000
2017/02/15,0,466000,-1123000,-657000
2017/02/16,0,113000,-575000,-462000
2017/02/17,0,292000,-856000,-564000
2017/02/20,0,244000,-230000,14000
2017/02/21,0,254000,-248000,6000
2017/02/22,0,124000,-378000,-254000
2017/02/23,0,265050,-304000,-38950
2017/02/24,0,277000,-544000,-267000
2017/02/27,0,0,0,0
2017/02/28,0,0,0,0
2017/03/01,0,198000,-420800,-222800
2017/03/02,0,51000,-397000,-346000
2017/03/03,0,172980,-44000,128980
2017/03/06,0,445000,-514200,-69200
2017/03/07,0,239000,-306000,-67000
2017/03/08,0,543000,-630200,-87200
2017/03/09,0,1251000,-891600,359400
2017/03/10,0,1194000,-217700,976300
2017/03/13,0,393001,-267000,126001
2017/03/14,0,787000,-301000,486000
2017/03/15,0,389250,-426000,-36750
2017/03/16,0,2123089,-598000,1525089
2017/03/17,0,553000,-425813,127187
2017/03/20,0,878000,-265000,613000
2017/03/21,0,878000,-149000,729000
2017/03/22,0,857578,-700000,157578
2017/03/23,0,482001,-26000,456001
2017/03/24,0,305000,-114000,191000
2017/03/27,0,547000,-112000,435000
2017/03/28,0,641000,-340000,301000
2017/03/29,0,235000,-542000,-307000
2017/03/30,0,266000,-322000,-56000
2017/03/31,0,594000,-849000,-255000
2017/04/03,0,0,0,0
2017/04/04,0,0,0,0
2017/04/05,0,693000,-466000,227000
2017/04/06,0,282000,-561000,-279000
2017/04/07,0,70000,-315000,-245000
2017/04/10,0,110000,-409000,-299000
2017/04/11,0,140000,-90000,50000
2017/04/12,0,90000,-97000,-7000
2017/04/13,0,367000,-411000,-44000
2017/04/14,0,158000,-170000,-12000
2017/04/17,0,271000,-185000,86000
2017/04/18,0,240000,-102000,138000
2017/04/19,0,635000,-211000,424000
