Date,Open,Buy,Sell,Total
2007/01/02,0,0,-1000,-1000
2007/01/03,0,200000,-65000,135000
2007/01/04,0,0,-710000,-710000
2007/01/05,0,0,-1100000,-1100000
2007/01/08,0,0,-150000,-150000
2007/01/09,0,1100000,-200000,900000
2007/01/10,0,0,0,0
2007/01/11,0,1000,-2460000,-2459000
2007/01/12,0,1201000,-414000,787000
2007/01/15,0,100000,-414000,-314000
2007/01/16,0,431000,-700000,-269000
2007/01/17,0,700000,0,700000
2007/01/18,0,1300000,-200000,1100000
2007/01/19,0,0,-503000,-503000
2007/01/22,0,500000,-125000,375000
2007/01/23,0,105000,0,105000
2007/01/24,0,80000,0,80000
2007/01/25,0,0,-1525000,-1525000
2007/01/26,0,0,-1800000,-1800000
2007/01/29,0,0,-1000000,-1000000
2007/01/30,0,5000,0,5000
2007/01/31,0,0,0,0
2007/02/01,0,0,0,0
2007/02/02,0,1100000,0,1100000
2007/02/05,0,1000000,0,1000000
2007/02/06,0,356000,-4788000,-4432000
2007/02/07,0,302000,-500000,-198000
2007/02/08,0,1000,-1345000,-1344000
2007/02/09,0,50000,-1265000,-1215000
2007/02/12,0,625000,0,625000
2007/02/13,0,1065000,0,1065000
2007/02/14,0,544000,0,544000
2007/02/15,0,0,0,0
2007/02/16,0,0,0,0
2007/02/19,0,0,0,0
2007/02/20,0,0,0,0
2007/02/21,0,0,0,0
2007/02/22,0,0,0,0
2007/02/23,0,0,0,0
2007/02/26,0,2740000,0,2740000
2007/02/27,0,720000,0,720000
2007/02/28,0,0,0,0
2007/03/01,0,0,-300000,-300000
2007/03/02,0,20000,0,20000
2007/03/05,0,700000,-167000,533000
2007/03/06,0,0,-1423000,-1423000
2007/03/07,0,0,-190000,-190000
2007/03/08,0,0,0,0
2007/03/09,0,0,-1240000,-1240000
2007/03/12,0,0,0,0
2007/03/13,0,50000,0,50000
2007/03/14,0,0,-365000,-365000
2007/03/15,0,0,-700000,-700000
2007/03/16,0,0,-600000,-600000
2007/03/19,0,0,0,0
2007/03/20,0,0,-5000,-5000
2007/03/21,0,0,-1000,-1000
2007/03/22,0,0,-425000,-425000
2007/03/23,0,0,0,0
2007/03/26,0,1000,0,1000
2007/03/27,0,185000,-958000,-773000
2007/03/28,0,0,0,0
2007/03/29,0,2380000,0,2380000
2007/03/30,0,1263000,-63000,1200000
2007/04/02,0,285000,0,285000
2007/04/03,0,500000,0,500000
2007/04/04,0,900000,0,900000
2007/04/05,0,0,0,0
2007/04/06,0,0,0,0
2007/04/09,0,0,0,0
2007/04/10,0,54000,-1000,53000
2007/04/11,0,46000,0,46000
2007/04/12,0,0,-3000,-3000
2007/04/13,0,0,0,0
2007/04/16,0,1065000,0,1065000
2007/04/17,0,1560000,-390000,1170000
2007/04/18,0,0,-395000,-395000
2007/04/19,0,0,0,0
2007/04/20,0,54000,0,54000
2007/04/23,0,400000,0,400000
2007/04/24,0,4000,-116000,-112000
2007/04/25,0,319000,-387000,-68000
2007/04/26,0,0,-1287000,-1287000
2007/04/27,0,0,-1695000,-1695000
2007/04/30,0,0,-150000,-150000
2007/05/01,0,0,0,0
2007/05/02,0,140000,0,140000
2007/05/03,0,0,-175000,-175000
2007/05/04,0,600000,-459000,141000
2007/05/07,0,1038000,-481000,557000
2007/05/08,0,0,-365000,-365000
2007/05/09,0,0,-1395000,-1395000
2007/05/10,0,50000,-2000,48000
2007/05/11,0,0,0,0
2007/05/14,0,0,-200000,-200000
2007/05/15,0,6000,0,6000
2007/05/16,0,0,-1000,-1000
2007/05/17,0,0,-1000,-1000
2007/05/18,0,0,-800000,-800000
2007/05/21,0,0,-200000,-200000
2007/05/22,0,0,0,0
2007/05/23,0,0,-20000,-20000
2007/05/24,0,0,-730000,-730000
2007/05/25,0,463000,-1900000,-1437000
2007/05/28,0,0,0,0
2007/05/29,0,1000,0,1000
2007/05/30,0,0,-500000,-500000
2007/05/31,0,0,0,0
2007/06/01,0,200000,0,200000
2007/06/04,0,1000,-5180000,-5179000
2007/06/05,0,0,-400000,-400000
2007/06/06,0,2313000,0,2313000
2007/06/07,0,224000,0,224000
2007/06/08,0,200000,-960000,-760000
2007/06/11,0,0,-580000,-580000
2007/06/12,0,0,0,0
2007/06/13,0,150000,0,150000
2007/06/14,0,572000,0,572000
2007/06/15,0,1200000,-251000,949000
2007/06/18,0,0,0,0
2007/06/19,0,0,0,0
2007/06/20,0,2230000,-1000,2229000
2007/06/21,0,500000,-250000,250000
2007/06/22,0,0,-290000,-290000
2007/06/25,0,2088000,0,2088000
2007/06/26,0,500000,-450000,50000
2007/06/27,0,0,-742000,-742000
2007/06/28,0,0,0,0
2007/06/29,0,680000,-1462000,-782000
2007/07/02,0,2535000,-60000,2475000
2007/07/03,0,150000,0,150000
2007/07/04,0,1573000,0,1573000
2007/07/05,0,137000,-312000,-175000
2007/07/06,0,135000,-1870000,-1735000
2007/07/09,0,127000,-727000,-600000
2007/07/10,0,1000,-650000,-649000
2007/07/11,0,0,-460000,-460000
2007/07/12,0,0,-845000,-845000
2007/07/13,0,0,-20000,-20000
2007/07/16,0,150000,0,150000
2007/07/17,0,937000,-1000,936000
2007/07/18,0,1121000,0,1121000
2007/07/19,0,1286000,0,1286000
2007/07/20,0,601000,0,601000
2007/07/23,0,0,-1097000,-1097000
2007/07/24,0,0,-600000,-600000
2007/07/25,0,651000,-1992000,-1341000
2007/07/26,0,3382000,0,3382000
2007/07/27,0,3674000,0,3674000
2007/07/30,0,1542000,0,1542000
2007/07/31,0,2121000,0,2121000
2007/08/01,0,7059000,0,7059000
2007/08/02,0,2799000,-266000,2533000
2007/08/03,0,610000,0,610000
2007/08/06,0,280000,0,280000
2007/08/07,0,4962000,-10000,4952000
2007/08/08,0,4279000,-1460000,2819000
2007/08/09,0,1530000,-375000,1155000
2007/08/10,0,1348000,-189000,1159000
2007/08/13,0,2634000,-10000,2624000
2007/08/14,0,1500000,-30000,1470000
2007/08/15,0,100000,-410000,-310000
2007/08/16,0,1121000,-4000,1117000
2007/08/17,0,1170000,-12000,1158000
2007/08/20,0,300000,-605000,-305000
2007/08/21,0,1781000,0,1781000
2007/08/22,0,724000,-1544000,-820000
2007/08/23,0,300000,-984000,-684000
2007/08/24,0,100000,-218000,-118000
2007/08/27,0,102000,-165000,-63000
2007/08/28,0,100000,-50000,50000
2007/08/29,0,100000,-300000,-200000
2007/08/30,0,0,-855000,-855000
2007/08/31,0,1809000,-300000,1509000
2007/09/03,0,0,-2064000,-2064000
2007/09/04,0,2000,-1316000,-1314000
2007/09/05,0,100000,-1485000,-1385000
2007/09/06,0,3000,-2610000,-2607000
2007/09/07,0,200000,-146000,54000
2007/09/10,0,2000,-800000,-798000
2007/09/11,0,252000,-300000,-48000
2007/09/12,0,100000,-525000,-425000
2007/09/13,0,0,-2392000,-2392000
2007/09/14,0,0,-906000,-906000
2007/09/17,0,100000,0,100000
2007/09/18,0,0,0,0
2007/09/19,0,0,-1009000,-1009000
2007/09/20,0,0,-200000,-200000
2007/09/21,0,0,-2565000,-2565000
2007/09/24,0,0,0,0
2007/09/25,0,0,0,0
2007/09/26,0,0,-130000,-130000
2007/09/27,0,0,-90000,-90000
2007/09/28,0,1000000,-2205000,-1205000
2007/10/01,0,2070000,-400000,1670000
2007/10/02,0,930000,-760000,170000
2007/10/03,0,1555000,0,1555000
2007/10/04,0,100000,-245000,-145000
2007/10/05,0,0,-635000,-635000
2007/10/08,0,0,-704000,-704000
2007/10/09,0,0,-1300000,-1300000
2007/10/10,0,0,0,0
2007/10/11,0,0,0,0
2007/10/12,0,0,-3007000,-3007000
2007/10/15,0,0,-6888000,-6888000
2007/10/16,0,0,-3537000,-3537000
2007/10/17,0,0,-1434000,-1434000
2007/10/18,0,0,-1264000,-1264000
2007/10/19,0,0,-12000,-12000
2007/10/22,0,1000,-1000000,-999000
2007/10/23,0,0,0,0
2007/10/24,0,100000,0,100000
2007/10/25,0,0,-1000,-1000
2007/10/26,0,0,0,0
2007/10/29,0,1000,0,1000
2007/10/30,0,0,-1000000,-1000000
2007/10/31,0,0,0,0
2007/11/01,0,0,0,0
2007/11/02,0,3000,-505000,-502000
2007/11/05,0,865000,0,865000
2007/11/06,0,0,0,0
2007/11/07,0,1500000,0,1500000
2007/11/08,0,1000,0,1000
2007/11/09,0,1000,-400000,-399000
2007/11/12,0,1000,0,1000
2007/11/13,0,1000,-2890000,-2889000
2007/11/14,0,0,0,0
2007/11/15,0,0,0,0
2007/11/16,0,154000,0,154000
2007/11/19,0,0,-1000,-1000
2007/11/20,0,51000,-3885000,-3834000
2007/11/21,0,0,-364000,-364000
2007/11/22,0,1000,-1475000,-1474000
2007/11/23,0,2000,-1823000,-1821000
2007/11/26,0,0,-119000,-119000
2007/11/27,0,0,-669000,-669000
2007/11/28,0,1000,-598000,-597000
2007/11/29,0,0,-350000,-350000
2007/11/30,0,500000,0,500000
2007/12/03,0,2051000,0,2051000
2007/12/04,0,1050000,0,1050000
2007/12/05,0,703000,0,703000
2007/12/06,0,100000,0,100000
2007/12/07,0,0,0,0
2007/12/10,0,0,0,0
2007/12/11,0,0,-1000000,-1000000
2007/12/12,0,0,0,0
2007/12/13,0,0,-889000,-889000
2007/12/14,0,105000,-500000,-395000
2007/12/17,0,12000,-650000,-638000
2007/12/18,0,1418000,0,1418000
2007/12/19,0,250000,-720000,-470000
2007/12/20,0,0,0,0
2007/12/21,0,501000,-1000,500000
2007/12/24,0,0,0,0
2007/12/25,0,0,-1000,-1000
2007/12/26,0,0,-500000,-500000
2007/12/27,0,371000,0,371000
2007/12/28,0,710000,-1000,709000
2007/12/31,0,1100000,0,1100000
2008/01/01,0,0,0,0
2008/01/02,0,1500000,-750000,750000
2008/01/03,0,0,-750000,-750000
2008/01/04,0,300000,-5000,295000
2008/01/07,0,12712000,-720000,11992000
2008/01/08,0,4131000,-1420000,2711000
2008/01/09,0,60000,-100000,-40000
2008/01/10,0,1976000,0,1976000
2008/01/11,0,513000,-1130000,-617000
2008/01/14,0,910000,-110000,800000
2008/01/15,0,1150000,-720000,430000
2008/01/16,0,881000,-820000,61000
2008/01/17,0,505000,0,505000
2008/01/18,0,614000,-765000,-151000
2008/01/21,0,4882000,0,4882000
2008/01/22,0,1037000,-75000,962000
2008/01/23,0,1982000,-200000,1782000
2008/01/24,0,142000,0,142000
2008/01/25,0,297000,0,297000
2008/01/28,0,0,-528000,-528000
2008/01/29,0,1000,-1887000,-1886000
2008/01/30,0,20000,-1010000,-990000
2008/01/31,0,0,0,0
2008/02/01,0,232000,-870000,-638000
2008/02/04,0,0,0,0
2008/02/05,0,0,0,0
2008/02/06,0,0,0,0
2008/02/07,0,0,0,0
2008/02/08,0,0,0,0
2008/02/11,0,0,0,0
2008/02/12,0,220000,0,220000
2008/02/13,0,60000,-1200000,-1140000
2008/02/14,0,0,-1621000,-1621000
2008/02/15,0,0,-2639000,-2639000
2008/02/18,0,0,-811000,-811000
2008/02/19,0,891000,0,891000
2008/02/20,0,1675000,-830000,845000
2008/02/21,0,866000,0,866000
2008/02/22,0,857000,0,857000
2008/02/25,0,1003000,-50000,953000
2008/02/26,0,300000,-18000,282000
2008/02/27,0,610000,-82000,528000
2008/02/28,0,0,0,0
2008/02/29,0,30000,0,30000
2008/03/03,0,2920000,0,2920000
2008/03/04,0,1367000,0,1367000
2008/03/05,0,5284000,-575000,4709000
2008/03/06,0,2480000,-1967000,513000
2008/03/07,0,115000,-232000,-117000
2008/03/10,0,247000,-658000,-411000
2008/03/11,0,1000,-220000,-219000
2008/03/12,0,2000,-1361000,-1359000
2008/03/13,0,177000,-772000,-595000
2008/03/14,0,173000,-479000,-306000
2008/03/17,0,121000,-18000,103000
2008/03/18,0,1000,-600000,-599000
2008/03/19,0,24000,0,24000
2008/03/20,0,91000,0,91000
2008/03/21,0,4412000,0,4412000
2008/03/24,0,1558000,0,1558000
2008/03/25,0,100000,-3000,97000
2008/03/26,0,501000,-800000,-299000
2008/03/27,0,652000,-1033000,-381000
2008/03/28,0,1000,0,1000
2008/03/31,0,1000,0,1000
2008/04/01,0,0,0,0
2008/04/02,0,0,-3131000,-3131000
2008/04/03,0,1000,-327000,-326000
2008/04/04,0,0,0,0
2008/04/07,0,0,-850000,-850000
2008/04/08,0,808000,0,808000
2008/04/09,0,422000,0,422000
2008/04/10,0,276000,-200000,76000
2008/04/11,0,66000,0,66000
2008/04/14,0,0,-50000,-50000
2008/04/15,0,0,0,0
2008/04/16,0,0,0,0
2008/04/17,0,0,-1402000,-1402000
2008/04/18,0,100000,-1001000,-901000
2008/04/21,0,5000,-109000,-104000
2008/04/22,0,121000,-6836000,-6715000
2008/04/23,0,0,-1184000,-1184000
2008/04/24,0,1000,-2500000,-2499000
2008/04/25,0,1000,-1425000,-1424000
2008/04/28,0,3000,-3373000,-3370000
2008/04/29,0,1000,-4100000,-4099000
2008/04/30,0,503000,-1046000,-543000
2008/05/01,0,0,0,0
2008/05/02,0,1000,-2596000,-2595000
2008/05/05,0,21000,0,21000
2008/05/06,0,4000,0,4000
2008/05/07,0,7000,-5456000,-5449000
2008/05/08,0,9000,-1000000,-991000
2008/05/09,0,816000,0,816000
2008/05/12,0,1000,0,1000
2008/05/13,0,408000,0,408000
2008/05/14,0,8000,-801000,-793000
2008/05/15,0,222000,-600000,-378000
2008/05/16,0,0,-65000,-65000
2008/05/19,0,12000,-410000,-398000
2008/05/20,0,1000,-110000,-109000
2008/05/21,0,0,0,0
2008/05/22,0,2000,-291000,-289000
2008/05/23,0,35000,0,35000
2008/05/26,0,4000,-163000,-159000
2008/05/27,0,0,-2508000,-2508000
2008/05/28,0,1000,-1300000,-1299000
2008/05/29,0,1000,-50000,-49000
2008/05/30,0,309000,-670000,-361000
2008/06/02,0,12000,-657000,-645000
2008/06/03,0,12000,-266000,-254000
2008/06/04,0,1000,-355000,-354000
2008/06/05,0,0,-600000,-600000
2008/06/06,0,137000,0,137000
2008/06/09,0,0,0,0
2008/06/10,0,0,0,0
2008/06/11,0,1000,-1752000,-1751000
2008/06/12,0,122000,-650000,-528000
2008/06/13,0,86000,-328000,-242000
2008/06/16,0,0,-15000,-15000
2008/06/17,0,419000,0,419000
2008/06/18,0,408000,-136000,272000
2008/06/19,0,2350000,-1000,2349000
2008/06/20,0,50000,-2000,48000
2008/06/23,0,3000,0,3000
2008/06/24,0,10000,-46000,-36000
2008/06/25,0,0,-1000,-1000
2008/06/26,0,607000,-215000,392000
2008/06/27,0,51000,-636000,-585000
2008/06/30,0,3000,0,3000
2008/07/01,0,1001000,-79000,922000
2008/07/02,0,1171000,-75000,1096000
2008/07/03,0,1367000,-1110000,257000
2008/07/04,0,2003000,-10000,1993000
2008/07/07,0,1329000,0,1329000
2008/07/08,0,608000,0,608000
2008/07/09,0,5842000,-41000,5801000
2008/07/10,0,2608000,-50000,2558000
2008/07/11,0,534000,-203000,331000
2008/07/14,0,150000,0,150000
2008/07/15,0,1202000,-84000,1118000
2008/07/16,0,2003000,-50000,1953000
2008/07/17,0,421000,0,421000
2008/07/18,0,825000,-9000,816000
2008/07/21,0,404000,-200000,204000
2008/07/22,0,102000,0,102000
2008/07/23,0,1927000,-86000,1841000
2008/07/24,0,1406000,-587000,819000
2008/07/25,0,1160000,-2087000,-927000
2008/07/28,0,0,0,0
2008/07/29,0,101000,-180000,-79000
2008/07/30,0,390000,-300000,90000
2008/07/31,0,21000,-480000,-459000
2008/08/01,0,1000,0,1000
2008/08/04,0,0,-450000,-450000
2008/08/05,0,0,-1006000,-1006000
2008/08/06,0,351000,-1696000,-1345000
2008/08/07,0,0,-210000,-210000
2008/08/08,0,6000,-453000,-447000
2008/08/11,0,0,-1670000,-1670000
2008/08/12,0,0,-1318000,-1318000
2008/08/13,0,0,-1470000,-1470000
2008/08/14,0,2097000,-56000,2041000
2008/08/15,0,1000000,-208000,792000
2008/08/18,0,0,-19539,-19539
2008/08/19,0,0,-1169000,-1169000
2008/08/20,0,200000,-2000,198000
2008/08/21,0,2108000,0,2108000
2008/08/22,0,26000,0,26000
2008/08/25,0,276000,0,276000
2008/08/26,0,0,-5000,-5000
2008/08/27,0,434000,0,434000
2008/08/28,0,300000,0,300000
2008/08/29,0,7000,0,7000
2008/09/01,0,1000,0,1000
2008/09/02,0,1000,0,1000
2008/09/03,0,8000,-401000,-393000
2008/09/04,0,44000,-543000,-499000
2008/09/05,0,1482000,-1195000,287000
2008/09/08,0,600000,-879000,-279000
2008/09/09,0,9000,-252000,-243000
2008/09/10,0,52000,0,52000
2008/09/11,0,1360000,0,1360000
2008/09/12,0,386000,0,386000
2008/09/15,0,0,0,0
2008/09/16,0,1124000,0,1124000
2008/09/17,0,0,-1274000,-1274000
2008/09/18,0,0,-2082000,-2082000
2008/09/19,0,41000,-6342000,-6301000
2008/09/22,0,350000,-640000,-290000
2008/09/23,0,754000,-185000,569000
2008/09/24,0,0,-2000,-2000
2008/09/25,0,0,-3000,-3000
2008/09/26,0,451000,0,451000
2008/09/29,0,0,0,0
2008/09/30,0,426000,0,426000
2008/10/01,0,501000,-2000,499000
2008/10/02,0,46000,0,46000
2008/10/03,0,0,-2000,-2000
2008/10/06,0,2000,-173000,-171000
2008/10/07,0,0,-471000,-471000
2008/10/08,0,0,-474000,-474000
2008/10/09,0,6000,-467000,-461000
2008/10/10,0,0,0,0
2008/10/13,0,0,0,0
2008/10/14,0,0,0,0
2008/10/15,0,2000,0,2000
2008/10/16,0,4000,0,4000
2008/10/17,0,0,-4000,-4000
2008/10/20,0,0,0,0
2008/10/21,0,0,0,0
2008/10/22,0,0,0,0
2008/10/23,0,0,0,0
2008/10/24,0,0,-50000,-50000
2008/10/27,0,0,-934000,-934000
2008/10/28,0,734000,-472000,262000
2008/10/29,0,0,-535000,-535000
2008/10/30,0,3000,-2000,1000
2008/10/31,0,1000,0,1000
2008/11/03,0,143000,0,143000
2008/11/04,0,3000,0,3000
2008/11/05,0,142000,0,142000
2008/11/06,0,1000,-1000,0
2008/11/07,0,0,0,0
2008/11/10,0,2430000,0,2430000
2008/11/11,0,1395000,-3244000,-1849000
2008/11/12,0,1140000,0,1140000
2008/11/13,0,0,0,0
2008/11/14,0,170000,0,170000
2008/11/17,0,2316000,0,2316000
2008/11/18,0,3872000,0,3872000
2008/11/19,0,1680000,-777000,903000
2008/11/20,0,745000,0,745000
2008/11/21,0,363000,0,363000
2008/11/24,0,442000,-1213000,-771000
2008/11/25,0,301000,-1719000,-1418000
2008/11/26,0,150000,-160000,-10000
2008/11/27,0,3642000,0,3642000
2008/11/28,0,1380000,-130000,1250000
2008/12/01,0,3000,-150000,-147000
2008/12/02,0,782000,0,782000
2008/12/03,0,38000,-50000,-12000
2008/12/04,0,0,0,0
2008/12/05,0,0,-308000,-308000
2008/12/08,0,1000000,0,1000000
2008/12/09,0,1329000,-78000,1251000
2008/12/10,0,0,0,0
2008/12/11,0,9000,-370000,-361000
2008/12/12,0,0,-356000,-356000
2008/12/15,0,976000,0,976000
2008/12/16,0,0,0,0
2008/12/17,0,0,0,0
2008/12/18,0,2000,-552000,-550000
2008/12/19,0,411000,-9000,402000
2008/12/22,0,0,-190000,-190000
2008/12/23,0,500000,-1220000,-720000
2008/12/24,0,205000,0,205000
2008/12/25,0,153000,0,153000
2008/12/26,0,800000,-2000,798000
2008/12/29,0,0,0,0
2008/12/30,0,0,0,0
2008/12/31,0,0,0,0
2009/01/01,0,0,0,0
2009/01/02,0,0,0,0
2009/01/05,0,86000,-250000,-164000
2009/01/06,0,0,0,0
2009/01/07,0,650000,-700000,-50000
2009/01/08,0,500000,0,500000
2009/01/09,0,682000,0,682000
2009/01/12,0,1601000,-295000,1306000
2009/01/13,0,1000,-470000,-469000
2009/01/14,0,789000,-1212000,-423000
2009/01/15,0,450000,-43000,407000
2009/01/16,0,101000,0,101000
2009/01/19,0,0,-5000,-5000
2009/01/20,0,0,-450000,-450000
2009/01/21,0,100000,-1000,99000
2009/01/22,0,0,0,0
2009/01/23,0,0,0,0
2009/01/26,0,0,0,0
2009/01/27,0,0,0,0
2009/01/28,0,0,0,0
2009/01/29,0,0,0,0
2009/01/30,0,0,0,0
2009/02/02,0,0,0,0
2009/02/03,0,0,-361000,-361000
2009/02/04,0,500000,-36000,464000
2009/02/05,0,0,0,0
2009/02/06,0,0,0,0
2009/02/09,0,0,-401000,-401000
2009/02/10,0,168000,-1867000,-1699000
2009/02/11,0,150000,-2251000,-2101000
2009/02/12,0,550000,-1855000,-1305000
2009/02/13,0,600000,0,600000
2009/02/16,0,1500000,-1800000,-300000
2009/02/17,0,0,-1100000,-1100000
2009/02/18,0,493000,0,493000
2009/02/19,0,1384000,0,1384000
2009/02/20,0,0,-143000,-143000
2009/02/23,0,0,0,0
2009/02/24,0,48000,0,48000
2009/02/25,0,0,-400000,-400000
2009/02/26,0,0,-730000,-730000
2009/02/27,0,0,0,0
2009/03/02,0,0,-160000,-160000
2009/03/03,0,240000,-1000000,-760000
2009/03/04,0,0,-407000,-407000
2009/03/05,0,600000,0,600000
2009/03/06,0,0,-4179000,-4179000
2009/03/09,0,0,-1000,-1000
2009/03/10,0,300000,0,300000
2009/03/11,0,0,0,0
2009/03/12,0,0,-146000,-146000
2009/03/13,0,0,-550000,-550000
2009/03/16,0,800000,0,800000
2009/03/17,0,600000,0,600000
2009/03/18,0,0,0,0
2009/03/19,0,750000,-207000,543000
2009/03/20,0,2377000,-290000,2087000
2009/03/23,0,0,0,0
2009/03/24,0,35000,-227000,-192000
2009/03/25,0,250000,-120000,130000
2009/03/26,0,214000,0,214000
2009/03/27,0,0,-120000,-120000
2009/03/30,0,0,0,0
2009/03/31,0,551000,0,551000
2009/04/01,0,0,0,0
2009/04/02,0,0,0,0
2009/04/03,0,870000,-570000,300000
2009/04/06,0,150000,-151000,-1000
2009/04/07,0,0,0,0
2009/04/08,0,0,-170000,-170000
2009/04/09,0,797000,-825000,-28000
2009/04/10,0,1555000,0,1555000
2009/04/13,0,220000,-500000,-280000
2009/04/14,0,0,0,0
2009/04/15,0,441000,-240000,201000
2009/04/16,0,768000,-1350000,-582000
2009/04/17,0,0,-1530000,-1530000
2009/04/20,0,0,-1611000,-1611000
2009/04/21,0,102000,-1500000,-1398000
2009/04/22,0,67000,0,67000
2009/04/23,0,475000,0,475000
2009/04/24,0,77000,-1000000,-923000
2009/04/27,0,150000,-18000,132000
2009/04/28,0,0,-1378000,-1378000
2009/04/29,0,0,-1660000,-1660000
2009/04/30,0,0,0,0
2009/05/01,0,0,0,0
2009/05/04,0,930000,0,930000
2009/05/05,0,100000,0,100000
2009/05/06,0,0,-300000,-300000
2009/05/07,0,20000,-300000,-280000
2009/05/08,0,0,-1200000,-1200000
2009/05/11,0,0,-903000,-903000
2009/05/12,0,2343000,-200000,2143000
2009/05/13,0,1800000,-720000,1080000
2009/05/14,0,0,0,0
2009/05/15,0,0,0,0
2009/05/18,0,0,0,0
2009/05/19,0,0,-216000,-216000
2009/05/20,0,2391000,0,2391000
2009/05/21,0,2576000,0,2576000
2009/05/22,0,1437000,-1200000,237000
2009/05/25,0,20000,-5000,15000
2009/05/26,0,1089000,-100000,989000
2009/05/27,0,1556000,-508000,1048000
2009/05/28,0,0,0,0
2009/05/29,0,0,0,0
2009/06/01,0,2428000,-5000,2423000
2009/06/02,0,1700000,-10000,1690000
2009/06/03,0,0,-30000,-30000
2009/06/04,0,0,-720000,-720000
2009/06/05,0,0,-674000,-674000
2009/06/08,0,100000,0,100000
2009/06/09,0,0,-469000,-469000
2009/06/10,0,0,-306000,-306000
2009/06/11,0,2000,-1564000,-1562000
2009/06/12,0,267000,0,267000
2009/06/15,0,1120000,0,1120000
2009/06/16,0,153000,-1656000,-1503000
2009/06/17,0,1053000,0,1053000
2009/06/18,0,52000,-150000,-98000
2009/06/19,0,301000,0,301000
2009/06/22,0,454000,0,454000
2009/06/23,0,50000,-2000,48000
2009/06/24,0,1000,0,1000
2009/06/25,0,260000,0,260000
2009/06/26,0,1150000,0,1150000
2009/06/29,0,462000,0,462000
2009/06/30,0,0,-200000,-200000
2009/07/01,0,0,0,0
2009/07/02,0,238000,0,238000
2009/07/03,0,1050000,-4000,1046000
2009/07/06,0,250000,0,250000
2009/07/07,0,1054000,-157000,897000
2009/07/08,0,0,-1293000,-1293000
2009/07/09,0,0,-250000,-250000
2009/07/10,0,0,-238000,-238000
2009/07/13,0,0,-580000,-580000
2009/07/14,0,138000,-337000,-199000
2009/07/15,0,0,-30000,-30000
2009/07/16,0,163000,-151000,12000
2009/07/17,0,0,-8000,-8000
2009/07/20,0,155000,-209000,-54000
2009/07/21,0,188000,-2000,186000
2009/07/22,0,0,-1000,-1000
2009/07/23,0,0,-1000,-1000
2009/07/24,0,0,-1000,-1000
2009/07/27,0,0,-89000,-89000
2009/07/28,0,0,-575000,-575000
2009/07/29,0,0,0,0
2009/07/30,0,0,-914000,-914000
2009/07/31,0,0,-169000,-169000
2009/08/03,0,0,0,0
2009/08/04,0,166000,0,166000
2009/08/05,0,0,0,0
2009/08/06,0,0,-155000,-155000
2009/08/07,0,0,0,0
2009/08/10,0,3000,-546000,-543000
2009/08/11,0,1000,-335000,-334000
2009/08/12,0,0,-125000,-125000
2009/08/13,0,0,-182000,-182000
2009/08/14,0,0,0,0
2009/08/17,0,0,-1000,-1000
2009/08/18,0,2000,-530000,-528000
2009/08/19,0,1060000,-903000,157000
2009/08/20,0,1000,-1430000,-1429000
2009/08/21,0,600000,-159000,441000
2009/08/24,0,501000,0,501000
2009/08/25,0,300000,0,300000
2009/08/26,0,300000,0,300000
2009/08/27,0,202000,0,202000
2009/08/28,0,0,-450000,-450000
2009/08/31,0,0,-400000,-400000
2009/09/01,0,0,-1113000,-1113000
2009/09/02,0,486000,-200000,286000
2009/09/03,0,625000,-201000,424000
2009/09/04,0,302000,-2000,300000
2009/09/07,0,200000,-151000,49000
2009/09/08,0,690000,0,690000
2009/09/09,0,200000,-9000,191000
2009/09/10,0,0,0,0
2009/09/11,0,0,0,0
2009/09/14,0,0,-12000,-12000
2009/09/15,0,0,0,0
2009/09/16,0,80000,0,80000
2009/09/17,0,0,-128000,-128000
2009/09/18,0,0,-394000,-394000
2009/09/21,0,0,0,0
2009/09/22,0,0,0,0
2009/09/23,0,0,-1000,-1000
2009/09/24,0,200000,0,200000
2009/09/25,0,2812000,0,2812000
2009/09/28,0,365000,0,365000
2009/09/29,0,2000,0,2000
2009/09/30,0,0,0,0
2009/10/01,0,200000,0,200000
2009/10/02,0,556000,-2700000,-2144000
2009/10/05,0,340000,-1000,339000
2009/10/06,0,764000,0,764000
2009/10/07,0,800000,0,800000
2009/10/08,0,1763000,0,1763000
2009/10/09,0,200000,-2566000,-2366000
2009/10/12,0,0,-85000,-85000
2009/10/13,0,719000,0,719000
2009/10/14,0,304000,0,304000
2009/10/15,0,0,0,0
2009/10/16,0,300000,-504000,-204000
2009/10/19,0,0,0,0
2009/10/20,0,450000,-80000,370000
2009/10/21,0,500000,0,500000
2009/10/22,0,0,-947000,-947000
2009/10/23,0,0,-424000,-424000
2009/10/26,0,500000,-166000,334000
2009/10/27,0,1000,-572000,-571000
2009/10/28,0,1141000,-1070000,71000
2009/10/29,0,250000,-55000,195000
2009/10/30,0,250000,-2288000,-2038000
2009/11/02,0,686000,-542000,144000
2009/11/03,0,901000,-2337000,-1436000
2009/11/04,0,605000,0,605000
2009/11/05,0,1000,0,1000
2009/11/06,0,1000,0,1000
2009/11/09,0,876000,0,876000
2009/11/10,0,0,-1000000,-1000000
2009/11/11,0,0,-643000,-643000
2009/11/12,0,0,0,0
2009/11/13,0,0,-1000,-1000
2009/11/16,0,700000,-1000,699000
2009/11/17,0,464000,-400000,64000
2009/11/18,0,0,-202000,-202000
2009/11/19,0,8000,-1160000,-1152000
2009/11/20,0,153000,-1825000,-1672000
2009/11/23,0,4000,-749000,-745000
2009/11/24,0,250000,-1940000,-1690000
2009/11/25,0,365000,0,365000
2009/11/26,0,440000,-800000,-360000
2009/11/27,0,0,-300000,-300000
2009/11/30,0,0,-204000,-204000
2009/12/01,0,30000,-820000,-790000
2009/12/02,0,888000,-300000,588000
2009/12/03,0,3781000,-698000,3083000
2009/12/04,0,360000,-136000,224000
2009/12/07,0,75000,-984000,-909000
2009/12/08,0,1238000,0,1238000
2009/12/09,0,1462000,-135000,1327000
2009/12/10,0,361000,0,361000
2009/12/11,0,301000,0,301000
2009/12/14,0,1069000,0,1069000
2009/12/15,0,1263000,0,1263000
2009/12/16,0,0,-1000,-1000
2009/12/17,0,1210000,0,1210000
2009/12/18,0,0,-1000,-1000
2009/12/21,0,0,0,0
2009/12/22,0,0,0,0
2009/12/23,0,150000,-200000,-50000
2009/12/24,0,399000,-385000,14000
2009/12/25,0,0,-2000,-2000
2009/12/28,0,284000,-36000,248000
2009/12/29,0,0,-37000,-37000
2009/12/30,0,44000,-37000,7000
2009/12/31,0,0,-223000,-223000
2010/01/01,0,0,0,0
2010/01/04,0,219000,0,219000
2010/01/05,0,400000,0,400000
2010/01/06,0,394000,-40000,354000
2010/01/07,0,56000,0,56000
2010/01/08,0,0,0,0
2010/01/11,0,0,-189000,-189000
2010/01/12,0,0,0,0
2010/01/13,0,100000,-464000,-364000
2010/01/14,0,500000,0,500000
2010/01/15,0,500000,-2000,498000
2010/01/18,0,850000,0,850000
2010/01/19,0,311000,-219000,92000
2010/01/20,0,0,-194000,-194000
2010/01/21,0,1050000,0,1050000
2010/01/22,0,0,0,0
2010/01/25,0,0,0,0
2010/01/26,0,300000,0,300000
2010/01/27,0,0,0,0
2010/01/28,0,330000,-1000,329000
2010/01/29,0,0,0,0
2010/02/01,0,1000,0,1000
2010/02/02,0,80000,0,80000
2010/02/03,0,0,0,0
2010/02/04,0,0,-8000,-8000
2010/02/05,0,35000,0,35000
2010/02/08,0,135000,0,135000
2010/02/09,0,700000,0,700000
2010/02/10,0,745000,0,745000
2010/02/11,0,0,0,0
2010/02/12,0,0,0,0
2010/02/15,0,0,0,0
2010/02/16,0,0,0,0
2010/02/17,0,0,0,0
2010/02/18,0,0,0,0
2010/02/19,0,0,0,0
2010/02/22,0,1100000,0,1100000
2010/02/23,0,351000,-10000,341000
2010/02/24,0,250000,0,250000
2010/02/25,0,880000,0,880000
2010/02/26,0,0,-10000,-10000
2010/03/01,0,501000,-645000,-144000
2010/03/02,0,0,-350000,-350000
2010/03/03,0,170000,0,170000
2010/03/04,0,710000,0,710000
2010/03/05,0,0,0,0
2010/03/08,0,200000,-50000,150000
2010/03/09,0,499000,-700000,-201000
2010/03/10,0,0,-829000,-829000
2010/03/11,0,250000,-1450000,-1200000
2010/03/12,0,230000,-1325000,-1095000
2010/03/15,0,800000,-669000,131000
2010/03/16,0,200000,-700000,-500000
2010/03/17,0,5000,-730000,-725000
2010/03/18,0,100000,-66000,34000
2010/03/19,0,127000,-1000,126000
2010/03/22,0,0,-1000,-1000
2010/03/23,0,17000,0,17000
2010/03/24,0,350000,-30000,320000
2010/03/25,0,0,-330000,-330000
2010/03/26,0,1000000,-1033000,-33000
2010/03/29,0,0,0,0
2010/03/30,0,230000,0,230000
2010/03/31,0,0,0,0
2010/04/01,0,0,0,0
2010/04/02,0,0,-280000,-280000
2010/04/05,0,0,0,0
2010/04/06,0,0,0,0
2010/04/07,0,0,-220000,-220000
2010/04/08,0,0,0,0
2010/04/09,0,540000,-178000,362000
2010/04/12,0,0,-155000,-155000
2010/04/13,0,0,-320000,-320000
2010/04/14,0,108000,-20000,88000
2010/04/15,0,0,-20000,-20000
2010/04/16,0,996000,0,996000
2010/04/19,0,0,-185000,-185000
2010/04/20,0,0,-550000,-550000
2010/04/21,0,0,0,0
2010/04/22,0,0,-200000,-200000
2010/04/23,0,889000,-1900000,-1011000
2010/04/26,0,1636000,0,1636000
2010/04/27,0,0,-331000,-331000
2010/04/28,0,0,0,0
2010/04/29,0,1275000,0,1275000
2010/04/30,0,0,-102000,-102000
2010/05/03,0,0,-933000,-933000
2010/05/04,0,0,-1015000,-1015000
2010/05/05,0,0,-791000,-791000
2010/05/06,0,0,-755000,-755000
2010/05/07,0,541000,-1419000,-878000
2010/05/10,0,328000,-95000,233000
2010/05/11,0,220000,-300000,-80000
2010/05/12,0,1750000,0,1750000
2010/05/13,0,0,0,0
2010/05/14,0,100000,0,100000
2010/05/17,0,80000,0,80000
2010/05/18,0,45000,0,45000
2010/05/19,0,350000,0,350000
2010/05/20,0,0,-35000,-35000
2010/05/21,0,25000,-515000,-490000
2010/05/24,0,906000,0,906000
2010/05/25,0,390000,-150000,240000
2010/05/26,0,917000,-95000,822000
2010/05/27,0,126000,-1916000,-1790000
2010/05/28,0,150000,-503000,-353000
2010/05/31,0,0,-59000,-59000
2010/06/01,0,0,-107000,-107000
2010/06/02,0,368000,0,368000
2010/06/03,0,369000,-35000,334000
2010/06/04,0,200000,0,200000
2010/06/07,0,1150000,-35000,1115000
2010/06/08,0,954000,-100000,854000
2010/06/09,0,1223000,-628000,595000
2010/06/10,0,124000,0,124000
2010/06/11,0,400000,0,400000
2010/06/14,0,87000,-91000,-4000
2010/06/15,0,569000,0,569000
2010/06/16,0,0,0,0
2010/06/17,0,165000,0,165000
2010/06/18,0,50000,-2000,48000
2010/06/21,0,65000,0,65000
2010/06/22,0,482000,0,482000
2010/06/23,0,250000,-111000,139000
2010/06/24,0,14000,-75000,-61000
2010/06/25,0,12000,-1030000,-1018000
2010/06/28,0,161000,-1249000,-1088000
2010/06/29,0,0,-339000,-339000
2010/06/30,0,0,-629000,-629000
2010/07/01,0,0,-170000,-170000
2010/07/02,0,2000,-274000,-272000
2010/07/05,0,25000,-1751000,-1726000
2010/07/06,0,0,-1702000,-1702000
2010/07/07,0,0,-60000,-60000
2010/07/08,0,600000,-58000,542000
2010/07/09,0,2341000,-162000,2179000
2010/07/12,0,80000,-720000,-640000
2010/07/13,0,0,-1455000,-1455000
2010/07/14,0,127000,-2488000,-2361000
2010/07/15,0,1000,-506000,-505000
2010/07/16,0,0,-642000,-642000
2010/07/19,0,1000,-12000,-11000
2010/07/20,0,100000,0,100000
2010/07/21,0,100000,-798000,-698000
2010/07/22,0,1000,-406000,-405000
2010/07/23,0,720000,0,720000
2010/07/26,0,0,0,0
2010/07/27,0,5000,0,5000
2010/07/28,0,192000,-110000,82000
2010/07/29,0,374000,0,374000
2010/07/30,0,197000,-6000,191000
2010/08/02,0,1074000,-7000,1067000
2010/08/03,0,0,0,0
2010/08/04,0,0,0,0
2010/08/05,0,0,-1000,-1000
2010/08/06,0,0,-85000,-85000
2010/08/09,0,605000,0,605000
2010/08/10,0,0,-546000,-546000
2010/08/11,0,1000,-465000,-464000
2010/08/12,0,1000,-322000,-321000
2010/08/13,0,7000,0,7000
2010/08/16,0,0,-425000,-425000
2010/08/17,0,0,0,0
2010/08/18,0,0,0,0
2010/08/19,0,0,-30000,-30000
2010/08/20,0,0,-8000,-8000
2010/08/23,0,0,-185000,-185000
2010/08/24,0,0,-76000,-76000
2010/08/25,0,4000,-115000,-111000
2010/08/26,0,0,-61000,-61000
2010/08/27,0,0,0,0
2010/08/30,0,47000,-100000,-53000
2010/08/31,0,390000,-581000,-191000
2010/09/01,0,0,-783000,-783000
2010/09/02,0,106000,-436000,-330000
2010/09/03,0,270000,-504000,-234000
2010/09/06,0,100000,-964000,-864000
2010/09/07,0,251000,-150000,101000
2010/09/08,0,0,0,0
2010/09/09,0,0,-150000,-150000
2010/09/10,0,0,0,0
2010/09/13,0,250000,-88000,162000
2010/09/14,0,0,-498000,-498000
2010/09/15,0,0,-11000,-11000
2010/09/16,0,0,-600000,-600000
2010/09/17,0,173000,-1000,172000
2010/09/20,0,50000,-30000,20000
2010/09/21,0,0,-787000,-787000
2010/09/22,0,0,0,0
2010/09/23,0,0,0,0
2010/09/24,0,0,-852000,-852000
2010/09/27,0,0,-1708000,-1708000
2010/09/28,0,0,-650000,-650000
2010/09/29,0,50000,-1228000,-1178000
2010/09/30,0,0,-493000,-493000
2010/10/01,0,0,-1409000,-1409000
2010/10/04,0,0,-2290000,-2290000
2010/10/05,0,220000,-1319000,-1099000
2010/10/06,0,50000,-882000,-832000
2010/10/07,0,0,-974000,-974000
2010/10/08,0,0,-143000,-143000
2010/10/11,0,0,-1079000,-1079000
2010/10/12,0,0,-673000,-673000
2010/10/13,0,4000,-590000,-586000
2010/10/14,0,1000,-1479000,-1478000
2010/10/15,0,0,-880000,-880000
2010/10/18,0,0,0,0
2010/10/19,0,0,-100000,-100000
2010/10/20,0,165000,-100000,65000
2010/10/21,0,0,0,0
2010/10/22,0,37000,-500000,-463000
2010/10/25,0,0,-300000,-300000
2010/10/26,0,0,-300000,-300000
2010/10/27,0,0,0,0
2010/10/28,0,0,-200000,-200000
2010/10/29,0,0,-200000,-200000
2010/11/01,0,280000,0,280000
2010/11/02,0,900000,0,900000
2010/11/03,0,19000,-124000,-105000
2010/11/04,0,0,-300000,-300000
2010/11/05,0,228000,0,228000
2010/11/08,0,240000,-430000,-190000
2010/11/09,0,1000,-187000,-186000
2010/11/10,0,213000,-380000,-167000
2010/11/11,0,7000,0,7000
2010/11/12,0,0,-135000,-135000
2010/11/15,0,27000,0,27000
2010/11/16,0,0,-287000,-287000
2010/11/17,0,0,-715000,-715000
2010/11/18,0,1125000,-1387000,-262000
2010/11/19,0,876000,-100000,776000
2010/11/22,0,0,-2000,-2000
2010/11/23,0,0,-1000,-1000
2010/11/24,0,0,0,0
2010/11/25,0,5000,0,5000
2010/11/26,0,0,0,0
2010/11/29,0,0,0,0
2010/11/30,0,1370000,-416000,954000
2010/12/01,0,0,-1299000,-1299000
2010/12/02,0,875000,-1000,874000
2010/12/03,0,0,-134000,-134000
2010/12/06,0,0,-667000,-667000
2010/12/07,0,0,-300000,-300000
2010/12/08,0,337000,-1000,336000
2010/12/09,0,452000,0,452000
2010/12/10,0,67000,0,67000
2010/12/13,0,302000,-150000,152000
2010/12/14,0,870000,0,870000
2010/12/15,0,192000,-350000,-158000
2010/12/16,0,116000,0,116000
2010/12/17,0,0,-193000,-193000
2010/12/20,0,100000,0,100000
2010/12/21,0,75000,0,75000
2010/12/22,0,101000,0,101000
2010/12/23,0,40000,0,40000
2010/12/24,0,100000,-24000,76000
2010/12/27,0,100000,-100000,0
2010/12/28,0,100000,0,100000
2010/12/29,0,0,0,0
2010/12/30,0,0,-33000,-33000
2010/12/31,0,500000,-809000,-309000
2011/01/03,0,400000,-281000,119000
2011/01/04,0,0,-831000,-831000
2011/01/05,0,122000,0,122000
2011/01/06,0,0,-800000,-800000
2011/01/07,0,180000,0,180000
2011/01/10,0,0,0,0
2011/01/11,0,0,0,0
2011/01/12,0,0,0,0
2011/01/13,0,0,-1100000,-1100000
2011/01/14,0,0,-4855000,-4855000
2011/01/17,0,0,-1591000,-1591000
2011/01/18,0,0,-481000,-481000
2011/01/19,0,0,-2057000,-2057000
2011/01/20,0,0,-1004000,-1004000
2011/01/21,0,0,-4000,-4000
2011/01/24,0,185000,-800000,-615000
2011/01/25,0,0,-781000,-781000
2011/01/26,0,0,-153000,-153000
2011/01/27,0,0,-186000,-186000
2011/01/28,0,0,-861000,-861000
2011/01/31,0,0,0,0
2011/02/01,0,0,0,0
2011/02/02,0,0,0,0
2011/02/03,0,0,0,0
2011/02/04,0,0,0,0
2011/02/07,0,0,0,0
2011/02/08,0,0,0,0
2011/02/09,0,0,0,0
2011/02/10,0,0,0,0
2011/02/11,0,0,0,0
2011/02/14,0,0,-1866000,-1866000
2011/02/15,0,0,-1100000,-1100000
2011/02/16,0,243000,-50000,193000
2011/02/17,0,394000,0,394000
2011/02/18,0,370000,0,370000
2011/02/21,0,181000,0,181000
2011/02/22,0,28000,0,28000
2011/02/23,0,705000,0,705000
2011/02/24,0,781000,0,781000
2011/02/25,0,220000,-2000,218000
2011/02/28,0,0,0,0
2011/03/01,0,0,0,0
2011/03/02,0,0,0,0
2011/03/03,0,0,0,0
2011/03/04,0,179000,0,179000
2011/03/07,0,77000,0,77000
2011/03/08,0,136000,0,136000
2011/03/09,0,1281000,0,1281000
2011/03/10,0,4217000,-256000,3961000
2011/03/11,0,500000,0,500000
2011/03/14,0,250000,0,250000
2011/03/15,0,1000,0,1000
2011/03/16,0,1252000,0,1252000
2011/03/17,0,2460000,-1000,2459000
2011/03/18,0,800000,0,800000
2011/03/21,0,0,0,0
2011/03/22,0,0,0,0
2011/03/23,0,20000,0,20000
2011/03/24,0,1174000,0,1174000
2011/03/25,0,0,0,0
2011/03/28,0,0,0,0
2011/03/29,0,0,0,0
2011/03/30,0,0,-10000,-10000
2011/03/31,0,0,-20000,-20000
2011/04/01,0,20000,0,20000
2011/04/04,0,0,0,0
2011/04/05,0,0,0,0
2011/04/06,0,50000,0,50000
2011/04/07,0,0,-275000,-275000
2011/04/08,0,350000,0,350000
2011/04/11,0,0,0,0
2011/04/12,0,0,0,0
2011/04/13,0,0,0,0
2011/04/14,0,63000,0,63000
2011/04/15,0,0,0,0
2011/04/18,0,0,0,0
2011/04/19,0,271000,0,271000
2011/04/20,0,520000,0,520000
2011/04/21,0,1000,-2000,-1000
2011/04/22,0,150000,0,150000
2011/04/25,0,0,0,0
2011/04/26,0,0,0,0
2011/04/27,0,0,0,0
2011/04/28,0,0,0,0
2011/04/29,0,0,-1426000,-1426000
2011/05/02,0,0,0,0
2011/05/03,0,6000,-2093000,-2087000
2011/05/04,0,121000,-1506000,-1385000
2011/05/05,0,6000,-1496000,-1490000
2011/05/06,0,2136000,-5000,2131000
2011/05/09,0,2170000,0,2170000
2011/05/10,0,0,0,0
2011/05/11,0,0,0,0
2011/05/12,0,0,0,0
2011/05/13,0,0,-1000,-1000
2011/05/16,0,0,0,0
2011/05/17,0,0,0,0
2011/05/18,0,0,-330000,-330000
2011/05/19,0,1000,-201000,-200000
2011/05/20,0,477000,-265000,212000
2011/05/23,0,927000,-1549000,-622000
2011/05/24,0,0,-1286000,-1286000
2011/05/25,0,0,0,0
2011/05/26,0,300000,-1091000,-791000
2011/05/27,0,500000,-1500000,-1000000
2011/05/30,0,401000,0,401000
2011/05/31,0,200000,-6000,194000
2011/06/01,0,500000,0,500000
2011/06/02,0,632000,0,632000
2011/06/03,0,772000,0,772000
2011/06/06,0,0,0,0
2011/06/07,0,178000,0,178000
2011/06/08,0,439000,-315000,124000
2011/06/09,0,0,-321000,-321000
2011/06/10,0,0,0,0
2011/06/13,0,558000,0,558000
2011/06/14,0,359000,-1029000,-670000
2011/06/15,0,0,-808000,-808000
2011/06/16,0,0,-26000,-26000
2011/06/17,0,1000,-45000,-44000
2011/06/20,0,0,-9065,-9065
2011/06/21,0,0,0,0
2011/06/22,0,0,0,0
2011/06/23,0,0,0,0
2011/06/24,0,0,0,0
2011/06/27,0,0,0,0
2011/06/28,0,0,0,0
2011/06/29,0,195000,0,195000
2011/06/30,0,1000,0,1000
2011/07/01,0,0,-110000,-110000
2011/07/04,0,155000,0,155000
2011/07/05,0,0,-460000,-460000
2011/07/06,0,0,-150000,-150000
2011/07/07,0,0,0,0
2011/07/08,0,0,0,0
2011/07/11,0,0,0,0
2011/07/12,0,124000,0,124000
2011/07/13,0,0,0,0
2011/07/14,0,0,0,0
2011/07/15,0,499000,0,499000
2011/07/18,0,1796000,0,1796000
2011/07/19,0,910000,0,910000
2011/07/20,0,371000,0,371000
2011/07/21,0,0,0,0
2011/07/22,0,680000,-704000,-24000
2011/07/25,0,0,-201000,-201000
2011/07/26,0,0,-500000,-500000
2011/07/27,0,335000,-1097000,-762000
2011/07/28,0,0,0,0
2011/07/29,0,0,-300000,-300000
2011/08/01,0,1063000,0,1063000
2011/08/02,0,620000,0,620000
2011/08/03,0,944000,-500000,444000
2011/08/04,0,1000,-707000,-706000
2011/08/05,0,3000,0,3000
2011/08/08,0,0,-4727000,-4727000
2011/08/09,0,1000,-2005000,-2004000
2011/08/10,0,0,-2544000,-2544000
2011/08/11,0,38000,0,38000
2011/08/12,0,1000,-300000,-299000
2011/08/15,0,1000,-300000,-299000
2011/08/16,0,69000,-1030000,-961000
2011/08/17,0,0,-520000,-520000
2011/08/18,0,11000,0,11000
2011/08/19,0,0,-1611000,-1611000
2011/08/22,0,8000,-303000,-295000
2011/08/23,0,500,-500000,-499500
2011/08/24,0,70000,-946000,-876000
2011/08/25,0,0,-485000,-485000
2011/08/26,0,7000,-1249000,-1242000
2011/08/29,0,0,-1114000,-1114000
2011/08/30,0,0,0,0
2011/08/31,0,0,0,0
2011/09/01,0,1000,0,1000
2011/09/02,0,9000,-1000,8000
2011/09/05,0,0,-1000,-1000
2011/09/06,0,0,-171000,-171000
2011/09/07,0,2000,0,2000
2011/09/08,0,0,0,0
2011/09/09,0,2000,0,2000
2011/09/12,0,0,0,0
2011/09/13,0,5000,-1140,3860
2011/09/14,0,0,-172000,-172000
2011/09/15,0,63000,-775000,-712000
2011/09/16,0,3000,0,3000
2011/09/19,0,1000,0,1000
2011/09/20,0,10000,0,10000
2011/09/21,0,0,-142753,-142753
2011/09/22,0,0,-1000,-1000
2011/09/23,0,101000,0,101000
2011/09/26,0,4000,-100000,-96000
2011/09/27,0,331000,0,331000
2011/09/28,0,0,-700000,-700000
2011/09/29,0,4000,0,4000
2011/09/30,0,0,0,0
2011/10/03,0,150000,-1000,149000
2011/10/04,0,3000,-55000,-52000
2011/10/05,0,5000,0,5000
2011/10/06,0,3000,0,3000
2011/10/07,0,2014000,0,2014000
2011/10/10,0,0,0,0
2011/10/11,0,1147000,0,1147000
2011/10/12,0,3364000,0,3364000
2011/10/13,0,3636000,-150000,3486000
2011/10/14,0,850000,-139000,711000
2011/10/17,0,0,-857,-857
2011/10/18,0,7487,0,7487
2011/10/19,0,0,-100000,-100000
2011/10/20,0,0,-206000,-206000
2011/10/21,0,10000,-81000,-71000
2011/10/24,0,431500,-18000,413500
2011/10/25,0,0,0,0
2011/10/26,0,1665000,-30000,1635000
2011/10/27,0,2497000,-752000,1745000
2011/10/28,0,5023000,-80000,4943000
2011/10/31,0,2164000,-145000,2019000
2011/11/01,0,1092000,-111000,981000
2011/11/02,0,1440000,-80000,1360000
2011/11/03,0,3734000,-50000,3684000
2011/11/04,0,2033000,-80000,1953000
2011/11/07,0,833000,-100000,733000
2011/11/08,0,453000,-151000,302000
2011/11/09,0,820000,-530000,290000
2011/11/10,0,2026000,-89688,1936312
2011/11/11,0,2578000,-1000,2577000
2011/11/14,0,3836000,-2232,3833768
2011/11/15,0,2844000,-40000,2804000
2011/11/16,0,1026000,0,1026000
2011/11/17,0,455000,-58000,397000
2011/11/18,0,312000,0,312000
2011/11/21,0,240000,0,240000
2011/11/22,0,555000,-29000,526000
2011/11/23,0,1755000,-649000,1106000
2011/11/24,0,1044000,-2120000,-1076000
2011/11/25,0,1012000,-1198000,-186000
2011/11/28,0,0,-150000,-150000
2011/11/29,0,151000,-189000,-38000
2011/11/30,0,0,-1006000,-1006000
2011/12/01,0,1688000,0,1688000
2011/12/02,0,1342000,0,1342000
2011/12/05,0,1266000,-1000,1265000
2011/12/06,0,663000,-874000,-211000
2011/12/07,0,476000,0,476000
2011/12/08,0,493000,0,493000
2011/12/09,0,125751,0,125751
2011/12/12,0,535000,0,535000
2011/12/13,0,125000,-3275000,-3150000
2011/12/14,0,0,-1545000,-1545000
2011/12/15,0,15000,-432000,-417000
2011/12/16,0,480000,-2000,478000
2011/12/19,0,1000,0,1000
2011/12/20,0,973000,-21000,952000
2011/12/21,0,105000,0,105000
2011/12/22,0,1001000,0,1001000
2011/12/23,0,0,-654000,-654000
2011/12/26,0,2720000,0,2720000
2011/12/27,0,259000,0,259000
2011/12/28,0,620000,-1000,619000
2011/12/29,0,0,0,0
2011/12/30,0,403000,-1000,402000
2012/01/02,0,1000,-372608,-371608
2012/01/03,0,355000,-1328000,-973000
2012/01/04,0,180000,-49000,131000
2012/01/05,0,173413,-982476,-809063
2012/01/06,0,538000,-150138,387862
2012/01/09,0,1145000,-686348,458652
2012/01/10,0,3618000,-1347000,2271000
2012/01/11,0,4993000,-401000,4592000
2012/01/12,0,76000,-721000,-645000
2012/01/13,0,100000,-282000,-182000
2012/01/16,0,1947000,-389807,1557193
2012/01/17,0,951000,0,951000
2012/01/18,0,3635000,-745000,2890000
2012/01/19,0,0,0,0
2012/01/20,0,0,0,0
2012/01/23,0,0,0,0
2012/01/24,0,0,0,0
2012/01/25,0,0,0,0
2012/01/26,0,0,0,0
2012/01/27,0,0,0,0
2012/01/30,0,20000,0,20000
2012/01/31,0,280000,0,280000
2012/02/01,0,100000,-33000,67000
2012/02/02,0,0,-1899000,-1899000
2012/02/03,0,60000,-3565000,-3505000
2012/02/06,0,457000,-1718000,-1261000
2012/02/07,0,0,-3994000,-3994000
2012/02/08,0,0,-3276000,-3276000
2012/02/09,0,7864,-142000,-134136
2012/02/10,0,3440000,0,3440000
2012/02/13,0,343000,0,343000
2012/02/14,0,0,-565000,-565000
2012/02/15,0,0,-559000,-559000
2012/02/16,0,20000,-29000,-9000
2012/02/17,0,1000,-448000,-447000
2012/02/20,0,375000,0,375000
2012/02/21,0,0,0,0
2012/02/22,0,88000,-50000,38000
2012/02/23,0,40000,-1000,39000
2012/02/24,0,533000,-2000,531000
2012/02/27,0,0,0,0
2012/02/28,0,0,0,0
2012/02/29,0,1439000,-55000,1384000
2012/03/01,0,303000,-3000,300000
2012/03/02,0,1920000,-1000,1919000
2012/03/05,0,0,-1543000,-1543000
2012/03/06,0,250000,-1514000,-1264000
2012/03/07,0,31000,-231000,-200000
2012/03/08,0,0,-2593575,-2593575
2012/03/09,0,0,-753000,-753000
2012/03/12,0,0,-223000,-223000
2012/03/13,0,2156000,-44000,2112000
2012/03/14,0,2810000,-21000,2789000
2012/03/15,0,300000,-21000,279000
2012/03/16,0,200000,-8000,192000
2012/03/19,0,500,-20000,-19500
2012/03/20,0,0,0,0
2012/03/21,0,96000,0,96000
2012/03/22,0,20000,0,20000
2012/03/23,0,100000,0,100000
2012/03/26,0,310000,-271000,39000
2012/03/27,0,680000,-52000,628000
2012/03/28,0,585000,-422000,163000
2012/03/29,0,400000,-1510000,-1110000
2012/03/30,0,120000,-1350000,-1230000
2012/04/02,0,348000,-40000,308000
2012/04/03,0,1094000,0,1094000
2012/04/04,0,0,0,0
2012/04/05,0,569000,-2551,566449
2012/04/06,0,1257000,-40000,1217000
2012/04/09,0,3169000,-2000,3167000
2012/04/10,0,923000,0,923000
2012/04/11,0,1140000,-465000,675000
2012/04/12,0,612000,-3270000,-2658000
2012/04/13,0,122000,-195000,-73000
2012/04/16,0,571000,-1601000,-1030000
2012/04/17,0,283000,-188000,95000
2012/04/18,0,306000,0,306000
2012/04/19,0,191000,-2023000,-1832000
2012/04/20,0,150000,-764000,-614000
2012/04/23,0,75000,-1029000,-954000
2012/04/24,0,501000,-380000,121000
2012/04/25,0,1270000,0,1270000
2012/04/26,0,1851000,0,1851000
2012/04/27,0,230000,-260000,-30000
2012/04/30,0,80000,-90000,-10000
2012/05/01,0,0,0,0
2012/05/02,0,348000,-70000,278000
2012/05/03,0,527000,-1339428,-812428
2012/05/04,0,483000,-26000,457000
2012/05/07,0,264000,-380,263620
2012/05/08,0,150000,0,150000
2012/05/09,0,343000,0,343000
2012/05/10,0,10000,-140000,-130000
2012/05/11,0,500000,-83000,417000
2012/05/14,0,750000,-1100000,-350000
2012/05/15,0,1000,0,1000
2012/05/16,0,1335000,-96000,1239000
2012/05/17,0,165000,-627000,-462000
2012/05/18,0,301000,-35000,266000
2012/05/21,0,1067000,-333000,734000
2012/05/22,0,1241000,-544000,697000
2012/05/23,0,104000,-373000,-269000
2012/05/24,0,45000,-535000,-490000
2012/05/25,0,67000,-899000,-832000
2012/05/28,0,89000,-3325000,-3236000
2012/05/29,0,8000,-2198100,-2190100
2012/05/30,0,98302,-266000,-167698
2012/05/31,0,0,-272000,-272000
2012/06/01,0,162000,-500,161500
2012/06/04,0,106000,-385000,-279000
2012/06/05,0,1000,0,1000
2012/06/06,0,0,0,0
2012/06/07,0,0,-62000,-62000
2012/06/08,0,572000,-170000,402000
2012/06/11,0,819000,0,819000
2012/06/12,0,171000,0,171000
2012/06/13,0,942000,-42000,900000
2012/06/14,0,33000,-2000,31000
2012/06/15,0,29000,0,29000
2012/06/18,0,18000,-150,17850
2012/06/19,0,9000,-1200000,-1191000
2012/06/20,0,0,-410000,-410000
2012/06/21,0,250000,-410000,-160000
2012/06/22,0,0,-1489000,-1489000
2012/06/25,0,0,-2000,-2000
2012/06/26,0,574000,-456073,117927
2012/06/27,0,334000,-75000,259000
2012/06/28,0,1135000,0,1135000
2012/06/29,0,764000,0,764000
2012/07/02,0,972000,0,972000
2012/07/03,0,949000,-540000,409000
2012/07/04,0,1829000,-1452000,377000
2012/07/05,0,558000,-1000,557000
2012/07/06,0,523000,-57000,466000
2012/07/09,0,60000,0,60000
2012/07/10,0,2852000,0,2852000
2012/07/11,0,2193000,0,2193000
2012/07/12,0,2462000,0,2462000
2012/07/13,0,1754000,0,1754000
2012/07/16,0,1040000,0,1040000
2012/07/17,0,235000,-125000,110000
2012/07/18,0,862000,0,862000
2012/07/19,0,1701000,0,1701000
2012/07/20,0,1101000,-38000,1063000
2012/07/23,0,556000,-123000,433000
2012/07/24,0,511000,-78000,433000
2012/07/25,0,392000,-30000,362000
2012/07/26,0,1711000,-20000,1691000
2012/07/27,0,1012000,-240000,772000
2012/07/30,0,0,0,0
2012/07/31,0,200000,-3888000,-3688000
2012/08/01,0,1071000,-3008000,-1937000
2012/08/02,0,0,0,0
2012/08/03,0,0,-635000,-635000
2012/08/06,0,141000,-130000,11000
2012/08/07,0,100000,-28000,72000
2012/08/08,0,643000,-686000,-43000
2012/08/09,0,797000,-102000,695000
2012/08/10,0,135000,-752000,-617000
2012/08/13,0,133000,-20000,113000
2012/08/14,0,133000,-23000,110000
2012/08/15,0,44000,-44000,0
2012/08/16,0,566000,-148000,418000
2012/08/17,0,5000,-1107495,-1102495
2012/08/20,0,102000,-1032000,-930000
2012/08/21,0,69000,-632000,-563000
2012/08/22,0,76000,-271000,-195000
2012/08/23,0,560000,-7000,553000
2012/08/24,0,0,-900743,-900743
2012/08/27,0,1000,-1000,0
2012/08/28,0,270000,-100000,170000
2012/08/29,0,965000,-298000,667000
2012/08/30,0,0,-21000,-21000
2012/08/31,0,185500,-7000,178500
2012/09/03,0,477000,-131000,346000
2012/09/04,0,225000,0,225000
2012/09/05,0,212000,-203000,9000
2012/09/06,0,51000,0,51000
2012/09/07,0,0,-1000,-1000
2012/09/10,0,339000,0,339000
2012/09/11,0,846000,0,846000
2012/09/12,0,631000,-7000,624000
2012/09/13,0,755000,-25000,730000
2012/09/14,0,450000,-75000,375000
2012/09/17,0,646000,-35000,611000
2012/09/18,0,730000,0,730000
2012/09/19,0,549000,-8000,541000
2012/09/20,0,767000,-295000,472000
2012/09/21,0,300000,-106000,194000
2012/09/24,0,361000,-60000,301000
2012/09/25,0,444000,-233000,211000
2012/09/26,0,113000,-1000,112000
2012/09/27,0,0,-395000,-395000
2012/09/28,0,1566000,-30000,1536000
2012/10/01,0,83000,-473000,-390000
2012/10/02,0,994000,-329000,665000
2012/10/03,0,0,0,0
2012/10/04,0,400000,0,400000
2012/10/05,0,1241000,-1051000,190000
2012/10/08,0,202000,0,202000
2012/10/09,0,637000,-20000,617000
2012/10/10,0,0,0,0
2012/10/11,0,0,0,0
2012/10/12,0,49000,-1371000,-1322000
2012/10/15,0,264000,-994000,-730000
2012/10/16,0,705000,-1000,704000
2012/10/17,0,614000,-9000,605000
2012/10/18,0,305000,-121000,184000
2012/10/19,0,44000,-100000,-56000
2012/10/22,0,173000,-520000,-347000
2012/10/23,0,300,-1290000,-1289700
2012/10/24,0,344000,-2172000,-1828000
2012/10/25,0,69000,-1743000,-1674000
2012/10/26,0,110000,-1522000,-1412000
2012/10/29,0,0,-901578,-901578
2012/10/30,0,193000,-700000,-507000
2012/10/31,0,286000,-1255000,-969000
2012/11/01,0,1831000,-1387000,444000
2012/11/02,0,806000,-430000,376000
2012/11/05,0,2834000,0,2834000
2012/11/06,0,719000,0,719000
2012/11/07,0,814000,0,814000
2012/11/08,0,163000,-552000,-389000
2012/11/09,0,178000,0,178000
2012/11/12,0,825000,0,825000
2012/11/13,0,584000,-30000,554000
2012/11/14,0,120000,0,120000
2012/11/15,0,240000,-100000,140000
2012/11/16,0,3000,-226000,-223000
2012/11/19,0,30000,-1011000,-981000
2012/11/20,0,0,-1081000,-1081000
2012/11/21,0,217000,-1010000,-793000
2012/11/22,0,0,-582000,-582000
2012/11/23,0,381000,0,381000
2012/11/26,0,302000,-40000,262000
2012/11/27,0,0,-50000,-50000
2012/11/28,0,246000,-84000,162000
2012/11/29,0,655000,-88000,567000
2012/11/30,0,149000,-33000,116000
2012/12/03,0,150000,-812000,-662000
2012/12/04,0,231000,-1080000,-849000
2012/12/05,0,1137000,-716000,421000
2012/12/06,0,584000,-1020000,-436000
2012/12/07,0,380000,0,380000
2012/12/10,0,148000,-20000,128000
2012/12/11,0,435000,-14000,421000
2012/12/12,0,775000,-20000,755000
2012/12/13,0,341000,-20000,321000
2012/12/14,0,108000,-34000,74000
2012/12/17,0,2740000,-51000,2689000
2012/12/18,0,359000,-685000,-326000
2012/12/19,0,178000,-380000,-202000
2012/12/20,0,1000,0,1000
2012/12/21,0,369000,-95000,274000
2012/12/24,0,239000,-37000,202000
2012/12/25,0,0,0,0
2012/12/26,0,255000,0,255000
2012/12/27,0,126000,-151000,-25000
2012/12/28,0,293000,0,293000
2012/12/31,0,0,0,0
2013/01/01,0,0,0,0
2013/01/02,0,489000,-329489,159511
2013/01/03,0,792000,-1001000,-209000
2013/01/04,0,911000,-273629,637371
2013/01/07,0,195000,-26000,169000
2013/01/08,0,392000,-996000,-604000
2013/01/09,0,143000,-330000,-187000
2013/01/10,0,119000,0,119000
2013/01/11,0,0,-21000,-21000
2013/01/14,0,168000,0,168000
2013/01/15,0,416000,-306000,110000
2013/01/16,0,42000,-256000,-214000
2013/01/17,0,20416,-922000,-901584
2013/01/18,0,0,-347000,-347000
2013/01/21,0,42000,-6000,36000
2013/01/22,0,75000,0,75000
2013/01/23,0,230000,-133000,97000
2013/01/24,0,38000,-3000,35000
2013/01/25,0,0,-1333000,-1333000
2013/01/28,0,40000,-277000,-237000
2013/01/29,0,85000,0,85000
2013/01/30,0,208000,-156000,52000
2013/01/31,0,567000,-244000,323000
2013/02/01,0,0,-62000,-62000
2013/02/04,0,0,-576000,-576000
2013/02/05,0,31000,-95000,-64000
2013/02/06,0,0,-55000,-55000
2013/02/07,0,0,0,0
2013/02/08,0,0,0,0
2013/02/11,0,0,0,0
2013/02/12,0,0,0,0
2013/02/13,0,0,0,0
2013/02/14,0,0,0,0
2013/02/15,0,0,0,0
2013/02/18,0,0,-8000,-8000
2013/02/19,0,125000,-1660000,-1535000
2013/02/20,0,200000,-100000,100000
2013/02/21,0,190000,-771000,-581000
2013/02/22,0,15000,-1584499,-1569499
2013/02/25,0,0,-25000,-25000
2013/02/26,0,453000,-523000,-70000
2013/02/27,0,130000,-471000,-341000
2013/02/28,0,0,0,0
2013/03/01,0,522000,0,522000
2013/03/04,0,0,-345000,-345000
2013/03/05,0,128000,-30000,98000
2013/03/06,0,0,-60000,-60000
2013/03/07,0,558000,0,558000
2013/03/08,0,392000,-151000,241000
2013/03/11,0,100000,-42000,58000
2013/03/12,0,27000,-580000,-553000
2013/03/13,0,119000,-714000,-595000
2013/03/14,0,137000,-15000,122000
2013/03/15,0,93000,-1623000,-1530000
2013/03/18,0,0,-775000,-775000
2013/03/19,0,139000,0,139000
2013/03/20,0,47500,-510000,-462500
2013/03/21,0,188000,-325000,-137000
2013/03/22,0,135000,-511000,-376000
2013/03/25,0,80000,-285000,-205000
2013/03/26,0,40000,-102000,-62000
2013/03/27,0,45000,-191000,-146000
2013/03/28,0,0,-535000,-535000
2013/03/29,0,0,-165000,-165000
2013/04/01,0,0,-175000,-175000
2013/04/02,0,50000,-383000,-333000
2013/04/03,0,0,-40000,-40000
2013/04/04,0,0,0,0
2013/04/05,0,0,0,0
2013/04/08,0,0,-3244000,-3244000
2013/04/09,0,371000,-2741000,-2370000
2013/04/10,0,867000,-572000,295000
2013/04/11,0,429000,-1091000,-662000
2013/04/12,0,124000,-912000,-788000
2013/04/15,0,269000,-2954000,-2685000
2013/04/16,0,1265000,-455000,810000
2013/04/17,0,852000,-296000,556000
2013/04/18,0,505000,-90000,415000
2013/04/19,0,454251,-468000,-13749
2013/04/22,0,336000,-1266000,-930000
2013/04/23,0,695000,-453000,242000
2013/04/24,0,105000,-606000,-501000
2013/04/25,0,35000,-512000,-477000
2013/04/26,0,424000,-1844000,-1420000
2013/04/29,0,0,-658000,-658000
2013/04/30,0,0,-2647000,-2647000
2013/05/01,0,0,0,0
2013/05/02,0,0,-2730000,-2730000
2013/05/03,0,179000,-1362000,-1183000
2013/05/06,0,159000,-698000,-539000
2013/05/07,0,0,-584000,-584000
2013/05/08,0,233000,-2101000,-1868000
2013/05/09,0,188000,-2392000,-2204000
2013/05/10,0,157000,-1158000,-1001000
2013/05/13,0,496000,-208000,288000
2013/05/14,0,373000,-168000,205000
2013/05/15,0,1015000,-375000,640000
2013/05/16,0,200000,-460000,-260000
2013/05/17,0,322000,-125000,197000
2013/05/20,0,1000000,-2000,998000
2013/05/21,0,643000,-399000,244000
2013/05/22,0,1960000,-526000,1434000
2013/05/23,0,1000000,-500000,500000
2013/05/24,0,0,-282000,-282000
2013/05/27,0,15000,-133000,-118000
2013/05/28,0,0,-83000,-83000
2013/05/29,0,376000,0,376000
2013/05/30,0,34000,-95000,-61000
2013/05/31,0,110000,-113500,-3500
2013/06/03,0,101000,-783000,-682000
2013/06/04,0,0,-522000,-522000
2013/06/05,0,0,-179000,-179000
2013/06/06,0,0,-135000,-135000
2013/06/07,0,0,0,0
2013/06/10,0,0,-45000,-45000
2013/06/11,0,161000,-99000,62000
2013/06/12,0,0,0,0
2013/06/13,0,108000,-1000,107000
2013/06/14,0,0,0,0
2013/06/17,0,148000,-230000,-82000
2013/06/18,0,0,-51000,-51000
2013/06/19,0,82000,-989000,-907000
2013/06/20,0,586000,-908000,-322000
2013/06/21,0,277000,-1714000,-1437000
2013/06/24,0,545000,-375000,170000
2013/06/25,0,774000,-624000,150000
2013/06/26,0,604000,-22000,582000
2013/06/27,0,855000,-4000,851000
2013/06/28,0,0,-1193000,-1193000
2013/07/01,0,0,-924357,-924357
2013/07/02,0,290000,-505000,-215000
2013/07/03,0,17000,-500847,-483847
2013/07/04,0,1058000,0,1058000
2013/07/05,0,540000,0,540000
2013/07/08,0,0,0,0
2013/07/09,0,0,-116000,-116000
2013/07/10,0,954000,0,954000
2013/07/11,0,2219000,-7139,2211861
2013/07/12,0,2472000,-15000,2457000
2013/07/15,0,183000,-200000,-17000
2013/07/16,0,440000,-290000,150000
2013/07/17,0,0,-117000,-117000
2013/07/18,0,1740000,-387000,1353000
2013/07/19,0,1441000,0,1441000
2013/07/22,0,805000,-74000,731000
2013/07/23,0,1952000,-166000,1786000
2013/07/24,0,232000,-81000,151000
2013/07/25,0,151000,-450000,-299000
2013/07/26,0,0,-977000,-977000
2013/07/29,0,0,-251000,-251000
2013/07/30,0,9000,-291000,-282000
2013/07/31,0,0,-485000,-485000
2013/08/01,0,0,-715000,-715000
2013/08/02,0,156000,-300000,-144000
2013/08/05,0,166000,-558000,-392000
2013/08/06,0,1790000,-50000,1740000
2013/08/07,0,83000,-162000,-79000
2013/08/08,0,169000,0,169000
2013/08/09,0,12000,-68000,-56000
2013/08/12,0,0,-552034,-552034
2013/08/13,0,80000,-313000,-233000
2013/08/14,0,150000,-456000,-306000
2013/08/15,0,160000,-1000,159000
2013/08/16,0,715000,-53000,662000
2013/08/19,0,902000,0,902000
2013/08/20,0,1270000,-107000,1163000
2013/08/21,0,0,0,0
2013/08/22,0,326000,-691000,-365000
2013/08/23,0,113000,0,113000
2013/08/26,0,3000,-127000,-124000
2013/08/27,0,0,-127000,-127000
2013/08/28,0,1000,-514000,-513000
2013/08/29,0,0,-169206,-169206
2013/08/30,0,41000,-63000,-22000
2013/09/02,0,150000,-712000,-562000
2013/09/03,0,2162,0,2162
2013/09/04,0,155000,-1806429,-1651429
2013/09/05,0,217000,-1395000,-1178000
2013/09/06,0,1000,-597000,-596000
2013/09/09,0,200000,-554386,-354386
2013/09/10,0,208000,-412000,-204000
2013/09/11,0,253000,0,253000
2013/09/12,0,59000,-264000,-205000
2013/09/13,0,253000,-297000,-44000
2013/09/16,0,322000,-73000,249000
2013/09/17,0,570000,0,570000
2013/09/18,0,3000,-667000,-664000
2013/09/19,0,0,0,0
2013/09/20,0,0,0,0
2013/09/23,0,0,-800156,-800156
2013/09/24,0,0,-615661,-615661
2013/09/25,0,0,-2452000,-2452000
2013/09/26,0,56000,-1304000,-1248000
2013/09/27,0,86000,-3211160,-3125160
2013/09/30,0,31000,-2174962,-2143962
2013/10/01,0,0,-867737,-867737
2013/10/02,0,2000,-60000,-58000
2013/10/03,0,0,-328000,-328000
2013/10/04,0,0,-56000,-56000
2013/10/07,0,0,-184000,-184000
2013/10/08,0,148000,-244688,-96688
2013/10/09,0,0,0,0
2013/10/10,0,0,0,0
2013/10/11,0,35000,-24000,11000
2013/10/14,0,30000,-80000,-50000
2013/10/15,0,45000,-185000,-140000
2013/10/16,0,482000,-179965,302035
2013/10/17,0,23000,-99000,-76000
2013/10/18,0,0,-1500,-1500
2013/10/21,0,0,-1025000,-1025000
2013/10/22,0,200000,-564000,-364000
2013/10/23,0,0,-393336,-393336
2013/10/24,0,200000,-600548,-400548
2013/10/25,0,100000,-41000,59000
2013/10/28,0,200000,-225000,-25000
2013/10/29,0,100000,0,100000
2013/10/30,0,100000,-970000,-870000
2013/10/31,0,0,0,0
2013/11/01,0,0,-6000,-6000
2013/11/04,0,0,-550000,-550000
2013/11/05,0,15000,-870000,-855000
2013/11/06,0,0,-676630,-676630
2013/11/07,0,0,-539000,-539000
2013/11/08,0,0,-571000,-571000
2013/11/11,0,10000,0,10000
2013/11/12,0,0,0,0
2013/11/13,0,0,0,0
2013/11/14,0,100000,0,100000
2013/11/15,0,807000,-596000,211000
2013/11/18,0,0,-160000,-160000
2013/11/19,0,0,0,0
2013/11/20,0,46000,-117000,-71000
2013/11/21,0,0,-1000,-1000
2013/11/22,0,0,-771000,-771000
2013/11/25,0,4128,0,4128
2013/11/26,0,16500,-200000,-183500
2013/11/27,0,25000,-50510,-25510
2013/11/28,0,0,-530000,-530000
2013/11/29,0,1000,-716622,-715622
2013/12/02,0,0,-485000,-485000
2013/12/03,0,0,-889000,-889000
2013/12/04,0,100000,-109000,-9000
2013/12/05,0,0,-669000,-669000
2013/12/06,0,0,-1437892,-1437892
2013/12/09,0,0,-567321,-567321
2013/12/10,0,0,-571084,-571084
2013/12/11,0,0,-40000,-40000
2013/12/12,0,0,-810855,-810855
2013/12/13,0,0,-25000,-25000
2013/12/16,0,0,-1468640,-1468640
2013/12/17,0,0,-1591522,-1591522
2013/12/18,0,0,-1487756,-1487756
2013/12/19,0,14000,-687000,-673000
2013/12/20,0,15000,-779000,-764000
2013/12/23,0,0,-488094,-488094
2013/12/24,0,0,-370019,-370019
2013/12/25,0,0,-52000,-52000
2013/12/26,0,0,-1928783,-1928783
2013/12/27,0,3000,-150408,-147408
2013/12/30,0,9000,-359257,-350257
2013/12/31,0,0,-891000,-891000
2014/01/02,0,9000,-355000,-346000
2014/01/03,0,0,-267207,-267207
2014/01/06,0,0,-1826997,-1826997
2014/01/07,0,0,-910675,-910675
2014/01/08,0,1000,-1910243,-1909243
2014/01/09,0,0,-1335020,-1335020
2014/01/10,0,0,-863000,-863000
2014/01/13,0,0,-2698096,-2698096
2014/01/14,0,0,-379784,-379784
2014/01/15,0,2000,-334281,-332281
2014/01/16,0,0,-300000,-300000
2014/01/17,0,0,-1118000,-1118000
2014/01/20,0,0,-1915650,-1915650
2014/01/21,0,0,-103000,-103000
2014/01/22,0,0,-74000,-74000
2014/01/23,0,0,-521000,-521000
2014/01/24,0,230000,-329000,-99000
2014/01/27,0,0,-50000,-50000
2014/02/05,0,0,-1000,-1000
2014/02/06,0,0,0,0
2014/02/07,0,0,-34000,-34000
2014/02/10,0,0,-59000,-59000
2014/02/11,0,1249000,0,1249000
2014/02/12,0,200000,0,200000
2014/02/13,0,400866,-362933,37933
2014/02/14,0,0,-73000,-73000
2014/02/17,0,400000,-116000,284000
2014/02/18,0,200000,-232000,-32000
2014/02/19,0,263000,0,263000
2014/02/20,0,62000,-187707,-125707
2014/02/21,0,1000,0,1000
2014/02/24,0,0,-152862,-152862
2014/02/25,0,0,0,0
2014/02/26,0,0,-74000,-74000
2014/02/27,0,330000,-259032,70968
2014/03/03,0,329000,-200000,129000
2014/03/04,0,0,0,0
2014/03/05,0,0,0,0
2014/03/06,0,0,-280300,-280300
2014/03/07,0,0,-1000,-1000
2014/03/10,0,0,-157000,-157000
2014/03/11,0,0,-76540,-76540
2014/03/12,0,0,-1000,-1000
2014/03/13,0,0,-163261,-163261
2014/03/14,0,0,-93000,-93000
2014/03/17,0,0,0,0
2014/03/18,0,0,0,0
2014/03/19,0,200000,-675,199325
2014/03/20,0,72000,0,72000
2014/03/21,0,2783000,-44000,2739000
2014/03/24,0,178000,-782000,-604000
2014/03/25,0,0,0,0
2014/03/26,0,0,-46000,-46000
2014/03/27,0,0,-85000,-85000
2014/03/28,0,0,-1000,-1000
2014/03/31,0,0,0,0
2014/04/01,0,0,-8000,-8000
2014/04/02,0,440000,0,440000
2014/04/03,0,29000,-1000,28000
2014/04/07,0,0,-12000,-12000
2014/04/08,0,0,0,0
2014/04/09,0,0,-52000,-52000
2014/04/10,0,3095,0,3095
2014/04/11,0,0,0,0
2014/04/14,0,0,0,0
2014/04/15,0,0,-479300,-479300
2014/04/16,0,0,-131000,-131000
2014/04/17,0,0,-2000,-2000
2014/04/18,0,0,-603289,-603289
2014/04/21,0,0,-29000,-29000
2014/04/22,0,0,-1000,-1000
2014/04/23,0,0,0,0
2014/04/24,0,0,-364000,-364000
2014/04/25,0,0,-30000,-30000
2014/04/28,0,0,0,0
2014/04/29,0,0,-47601,-47601
2014/04/30,0,1000,-15000,-14000
2014/05/02,0,0,0,0
2014/05/05,0,0,-76000,-76000
2014/05/06,0,0,0,0
2014/05/07,0,0,-124021,-124021
2014/05/08,0,0,0,0
2014/05/09,0,0,0,0
2014/05/12,0,0,0,0
2014/05/13,0,0,0,0
2014/05/14,0,0,0,0
2014/05/15,0,0,-416000,-416000
2014/05/16,0,0,-70000,-70000
2014/05/19,0,0,-25972,-25972
2014/05/20,0,0,-440000,-440000
2014/05/21,0,0,0,0
2014/05/22,0,0,0,0
2014/05/23,0,0,0,0
2014/05/26,0,0,-307000,-307000
2014/05/27,0,0,-315000,-315000
2014/05/28,0,0,-185168,-185168
2014/05/29,0,0,-1000,-1000
2014/05/30,0,43000,0,43000
2014/06/03,0,0,-1000,-1000
2014/06/04,0,0,0,0
2014/06/05,0,0,-2000,-2000
2014/06/06,0,0,0,0
2014/06/09,0,0,-96000,-96000
2014/06/10,0,0,-2000,-2000
2014/06/11,0,0,-3000,-3000
2014/06/12,0,0,-5000,-5000
2014/06/13,0,0,-3000,-3000
2014/06/16,0,0,-5906,-5906
2014/06/17,0,0,0,0
2014/06/18,0,0,0,0
2014/06/19,0,0,0,0
2014/06/20,0,19000,-2000,17000
2014/06/23,0,0,-100000,-100000
2014/06/24,0,1000,0,1000
2014/06/25,0,0,-1000,-1000
2014/06/26,0,0,-200000,-200000
2014/06/27,0,0,0,0
2014/06/30,0,0,-7000,-7000
2014/07/01,0,0,0,0
2014/07/02,0,0,-204982,-204982
2014/07/03,0,0,-150000,-150000
2014/07/04,0,0,-50000,-50000
2014/07/07,0,0,0,0
2014/07/08,0,0,-91000,-91000
2014/07/09,0,0,0,0
2014/07/10,0,0,0,0
2014/07/11,0,0,0,0
2014/07/14,0,0,-3000,-3000
2014/07/15,0,0,-3000,-3000
2014/07/16,0,0,0,0
2014/07/17,0,5000,0,5000
2014/07/18,0,0,0,0
2014/07/21,0,0,-86000,-86000
2014/07/22,0,3000,0,3000
2014/07/23,0,0,0,0
2014/07/24,0,2000,0,2000
2014/07/25,0,45000,0,45000
2014/07/28,0,0,0,0
2014/07/29,0,219000,-2058000,-1839000
2014/07/30,0,478000,0,478000
2014/07/31,0,844000,-195,843805
2014/08/01,0,86000,0,86000
2014/08/04,0,0,0,0
2014/08/05,0,630000,0,630000
2014/08/06,0,61000,0,61000
2014/08/07,0,16000,0,16000
2014/08/08,0,14000,0,14000
2014/08/11,0,3000,0,3000
2014/08/12,0,7000,0,7000
2014/08/13,0,5000,-596000,-591000
2014/08/14,0,3000,-217000,-214000
2014/08/15,0,1000,-98000,-97000
2014/08/18,0,136000,-68000,68000
2014/08/19,0,1000,0,1000
2014/08/20,0,2000,0,2000
2014/08/21,0,1000,-59000,-58000
2014/08/22,0,0,0,0
2014/08/25,0,101000,0,101000
2014/08/26,0,0,0,0
2014/08/27,0,0,0,0
2014/08/28,0,6000,-2000,4000
2014/08/29,0,1000,0,1000
2014/09/01,0,0,-90000,-90000
2014/09/02,0,0,-19000,-19000
2014/09/03,0,3000,-38000,-35000
2014/09/04,0,42000,0,42000
2014/09/05,0,3000,0,3000
2014/09/09,0,89000,0,89000
2014/09/10,0,20000,0,20000
2014/09/11,0,5000,0,5000
2014/09/12,0,5000,0,5000
2014/09/15,0,0,0,0
2014/09/16,0,0,0,0
2014/09/17,0,3000,0,3000
2014/09/18,0,125000,0,125000
2014/09/19,0,269000,-61000,208000
2014/09/22,0,7874,-20000,-12126
2014/09/23,0,1000,0,1000
2014/09/24,0,0,0,0
2014/09/25,0,0,0,0
2014/09/26,0,0,-75000,-75000
2014/09/29,0,0,-16000,-16000
2014/09/30,0,518000,0,518000
2014/10/01,0,0,-300000,-300000
2014/10/02,0,1000,-400000,-399000
2014/10/03,0,0,-248000,-248000
2014/10/06,0,22000,0,22000
2014/10/07,0,3000,0,3000
2014/10/08,0,33000,0,33000
2014/10/09,0,0,-1000,-1000
2014/10/13,0,0,0,0
2014/10/14,0,0,-382000,-382000
2014/10/15,0,30000,-289000,-259000
2014/10/16,0,0,-284007,-284007
2014/10/17,0,0,-207580,-207580
2014/10/20,0,0,-91000,-91000
2014/10/21,0,0,-15000,-15000
2014/10/22,0,0,0,0
2014/10/23,0,0,-5000,-5000
2014/10/24,0,0,0,0
2014/10/27,0,0,0,0
2014/10/28,0,0,0,0
2014/10/29,0,2000,0,2000
2014/10/30,0,0,0,0
2014/10/31,0,0,0,0
2014/11/03,0,0,-1000,-1000
2014/11/04,0,0,0,0
2014/11/05,0,0,0,0
2014/11/06,0,0,-17000,-17000
2014/11/07,0,0,0,0
2014/11/10,0,120000,0,120000
2014/11/11,0,5000,0,5000
2014/11/12,0,3000,0,3000
2014/11/13,0,0,-50000,-50000
2014/11/14,0,0,-60000,-60000
2014/11/17,0,0,-111788,-111788
2014/11/18,0,0,0,0
2014/11/19,0,0,0,0
2014/11/20,0,1000,0,1000
2014/11/21,0,0,0,0
2014/11/24,0,82000,0,82000
2014/11/25,0,4000,-135393,-131393
2014/11/26,0,0,0,0
2014/11/27,0,0,0,0
2014/11/28,0,0,0,0
2014/12/01,0,0,0,0
2014/12/02,0,0,0,0
2014/12/03,0,8000,-61000,-53000
2014/12/04,0,0,0,0
2014/12/05,0,209000,0,209000
2014/12/08,0,0,0,0
2014/12/09,0,0,0,0
2014/12/10,0,0,-19000,-19000
2014/12/11,0,395,0,395
2014/12/12,0,0,-2000,-2000
2014/12/15,0,0,0,0
2014/12/16,0,40000,-211000,-171000
2014/12/17,0,0,-109000,-109000
2014/12/18,0,0,0,0
2014/12/19,0,0,-5000,-5000
2014/12/22,0,100000,0,100000
2014/12/23,0,7000,0,7000
2014/12/24,0,0,0,0
2014/12/25,0,0,0,0
2014/12/26,0,0,0,0
2014/12/29,0,0,0,0
2014/12/30,0,315000,-20000,295000
2014/12/31,0,0,-4000,-4000
2015/01/01,0,0,0,0
2015/01/02,0,0,0,0
2015/01/05,0,0,-54000,-54000
2015/01/06,0,0,0,0
2015/01/07,0,0,-11000,-11000
2015/01/08,0,0,0,0
2015/01/09,0,0,0,0
2015/01/12,0,273000,0,273000
2015/01/13,0,0,-9000,-9000
2015/01/14,0,0,-182000,-182000
2015/01/15,0,0,0,0
2015/01/16,0,0,0,0
2015/01/19,0,0,-4000,-4000
2015/01/20,0,0,-81000,-81000
2015/01/21,0,0,-158000,-158000
2015/01/22,0,7000,-8000,-1000
2015/01/23,0,0,-20000,-20000
2015/01/26,0,0,-166481,-166481
2015/01/27,0,0,-16000,-16000
2015/01/28,0,29000,0,29000
2015/01/29,0,0,-114000,-114000
2015/01/30,0,0,-24000,-24000
2015/02/02,0,0,-339000,-339000
2015/02/03,0,0,-3000,-3000
2015/02/04,0,0,0,0
2015/02/05,0,0,-32771,-32771
2015/02/06,0,0,0,0
2015/02/09,0,0,0,0
2015/02/10,0,0,0,0
2015/02/11,0,0,0,0
2015/02/12,0,0,0,0
2015/02/13,0,4000,-97000,-93000
2015/02/16,0,0,0,0
2015/02/17,0,0,0,0
2015/02/18,0,0,0,0
2015/02/19,0,0,0,0
2015/02/20,0,0,0,0
2015/02/23,0,0,0,0
2015/02/24,0,0,0,0
2015/02/25,0,0,0,0
2015/02/26,0,0,-6000,-6000
2015/02/27,0,0,0,0
2015/03/02,0,0,0,0
2015/03/03,0,0,-1000,-1000
2015/03/04,0,24000,-3000,21000
2015/03/05,0,0,-2000,-2000
2015/03/06,0,0,0,0
2015/03/09,0,0,-365236,-365236
2015/03/10,0,0,-384000,-384000
2015/03/11,0,0,-886354,-886354
2015/03/12,0,399,-114000,-113601
2015/03/13,0,0,0,0
2015/03/16,0,3000,0,3000
2015/03/17,0,0,-6000,-6000
2015/03/18,0,0,0,0
2015/03/19,0,0,-2000,-2000
2015/03/20,0,767000,-26417,740583
2015/03/23,0,35000,-445000,-410000
2015/03/24,0,0,-2000,-2000
2015/03/25,0,0,-738000,-738000
2015/03/26,0,28000,-36000,-8000
2015/03/27,0,0,0,0
2015/03/30,0,146000,0,146000
2015/03/31,0,120000,-684,119316
2015/04/01,0,120000,0,120000
2015/04/02,0,40000,0,40000
2015/04/03,0,0,0,0
2015/04/06,0,0,0,0
2015/04/07,0,0,0,0
2015/04/08,0,0,0,0
2015/04/09,0,200000,0,200000
2015/04/10,0,980000,0,980000
2015/04/13,0,0,0,0
2015/04/14,0,86000,-128000,-42000
2015/04/15,0,749000,0,749000
2015/04/16,0,93000,0,93000
2015/04/17,0,318000,0,318000
2015/04/20,0,86000,-1000,85000
2015/04/21,0,0,0,0
2015/04/22,0,110000,-40000,70000
2015/04/23,0,645000,0,645000
2015/04/24,0,100000,0,100000
2015/04/27,0,100000,-128000,-28000
2015/04/28,0,26000,-4000,22000
2015/04/29,0,150000,-8000,142000
2015/04/30,0,237000,-1000,236000
2015/05/01,0,0,0,0
2015/05/04,0,100000,-7000,93000
2015/05/05,0,100000,0,100000
2015/05/06,0,100000,0,100000
2015/05/07,0,207000,0,207000
2015/05/08,0,80000,-139000,-59000
2015/05/11,0,1000,-36000,-35000
2015/05/12,0,70000,-297000,-227000
2015/05/13,0,80000,0,80000
2015/05/14,0,2000,-170000,-168000
2015/05/15,0,100000,-34000,66000
2015/05/18,0,0,-51000,-51000
2015/05/19,0,0,-46000,-46000
2015/05/20,0,0,-25000,-25000
2015/05/21,0,0,-62000,-62000
2015/05/22,0,0,-10000,-10000
2015/05/25,0,100000,-3000,97000
2015/05/26,0,0,-5000,-5000
2015/05/27,0,0,-1000,-1000
2015/05/28,0,0,-545345,-545345
2015/05/29,0,0,-611000,-611000
2015/06/01,0,0,-522000,-522000
2015/06/02,0,0,-850000,-850000
2015/06/03,0,0,-459000,-459000
2015/06/04,0,71000,-430,70570
2015/06/05,0,0,-1000,-1000
2015/06/08,0,0,-371000,-371000
2015/06/09,0,0,-168397,-168397
2015/06/10,0,0,-455000,-455000
2015/06/11,0,0,0,0
2015/06/12,0,0,-1847,-1847
2015/06/15,0,0,-674000,-674000
2015/06/16,0,0,-538000,-538000
2015/06/17,0,0,-88000,-88000
2015/06/18,0,89000,-69000,20000
2015/06/19,0,0,0,0
2015/06/22,0,3000,-3000,0
2015/06/23,0,0,0,0
2015/06/24,0,0,0,0
2015/06/25,0,0,0,0
2015/06/26,0,0,0,0
2015/06/29,0,0,-1000,-1000
2015/06/30,0,0,0,0
2015/07/01,0,0,0,0
2015/07/02,0,8000,0,8000
2015/07/03,0,0,0,0
2015/07/06,0,0,0,0
2015/07/07,0,0,0,0
2015/07/08,0,0,0,0
2015/07/09,0,0,-2000,-2000
2015/07/10,0,0,0,0
2015/07/13,0,833000,0,833000
2015/07/14,0,0,0,0
2015/07/15,0,6000,0,6000
2015/07/16,0,0,0,0
2015/07/17,0,0,-42000,-42000
2015/07/20,0,0,0,0
2015/07/21,0,0,-3000,-3000
2015/07/22,0,0,0,0
2015/07/23,0,1000,0,1000
2015/07/24,0,19000,0,19000
2015/07/27,0,0,-81000,-81000
2015/07/28,0,13000,-76000,-63000
2015/07/29,0,1000,-95000,-94000
2015/07/30,0,2000,-37000,-35000
2015/07/31,0,0,-69000,-69000
2015/08/03,0,3000,-274000,-271000
2015/08/04,0,1000,-50000,-49000
2015/08/05,0,0,-100000,-100000
2015/08/06,0,1000,-921000,-920000
2015/08/07,0,1000,-114000,-113000
2015/08/10,0,1000,-50000,-49000
2015/08/11,0,1000,-96000,-95000
2015/08/12,0,0,-74390,-74390
2015/08/13,0,2000,0,2000
2015/08/14,0,200000,-217000,-17000
2015/08/17,0,1000,0,1000
2015/08/18,0,0,0,0
2015/08/19,0,0,-1000,-1000
2015/08/20,0,1300000,-200622,1099378
2015/08/21,0,0,0,0
2015/08/24,0,0,0,0
2015/08/25,0,1003140,0,1003140
2015/08/26,0,47000,-72000,-25000
2015/08/27,0,3000,0,3000
2015/08/28,0,1000,0,1000
2015/08/31,0,19000,-18000,1000
2015/09/01,0,33000,-26000,7000
2015/09/02,0,0,-600000,-600000
2015/09/03,0,8000,-150000,-142000
2015/09/04,0,3000,-401348,-398348
2015/09/07,0,41000,0,41000
2015/09/08,0,303000,0,303000
2015/09/09,0,0,0,0
2015/09/10,0,0,0,0
2015/09/11,0,3000,0,3000
2015/09/14,0,1000,0,1000
2015/09/15,0,2000,0,2000
2015/09/16,0,0,-60000,-60000
2015/09/17,0,0,-76000,-76000
2015/09/18,0,5000,-452000,-447000
2015/09/21,0,2000,-48000,-46000
2015/09/22,0,726,0,726
2015/09/23,0,0,0,0
2015/09/24,0,0,0,0
2015/09/25,0,0,0,0
2015/09/28,0,0,0,0
2015/09/29,0,0,0,0
2015/09/30,0,0,0,0
2015/10/01,0,1000,-2000,-1000
2015/10/02,0,15000,0,15000
2015/10/05,0,0,0,0
2015/10/06,0,0,0,0
2015/10/07,0,1000,0,1000
2015/10/08,0,16000,0,16000
2015/10/09,0,0,0,0
2015/10/12,0,0,0,0
2015/10/13,0,0,0,0
2015/10/14,0,0,0,0
2015/10/15,0,0,0,0
2015/10/16,0,2000,0,2000
2015/10/19,0,0,0,0
2015/10/20,0,0,0,0
2015/10/21,0,0,0,0
2015/10/22,0,0,0,0
2015/10/23,0,8000,-100000,-92000
2015/10/26,0,0,0,0
2015/10/27,0,0,0,0
2015/10/28,0,0,0,0
2015/10/29,0,0,0,0
2015/10/30,0,0,0,0
2015/11/02,0,0,0,0
2015/11/03,0,1000,0,1000
2015/11/04,0,18000,-2609,15391
2015/11/05,0,0,0,0
2015/11/06,0,0,-15000,-15000
2015/11/09,0,47000,-24000,23000
2015/11/10,0,0,-2000,-2000
2015/11/11,0,0,-4000,-4000
2015/11/12,0,0,-22000,-22000
2015/11/13,0,0,0,0
2015/11/16,0,0,0,0
2015/11/17,0,28000,-2000,26000
2015/11/18,0,0,0,0
2015/11/19,0,0,0,0
2015/11/20,0,0,0,0
2015/11/23,0,0,0,0
2015/11/24,0,0,0,0
2015/11/25,0,205000,0,205000
2015/11/26,0,109000,0,109000
2015/11/27,0,12000,0,12000
2015/11/30,0,112000,0,112000
2015/12/01,0,80000,-6000,74000
2015/12/02,0,0,-66000,-66000
2015/12/03,0,21000,0,21000
2015/12/04,0,0,-148751,-148751
2015/12/07,0,0,0,0
2015/12/08,0,0,0,0
2015/12/09,0,0,0,0
2015/12/10,0,0,0,0
2015/12/11,0,0,0,0
2015/12/14,0,0,-2268,-2268
2015/12/15,0,0,0,0
2015/12/16,0,178000,-29000,149000
2015/12/17,0,126000,0,126000
2015/12/18,0,180000,-68000,112000
2015/12/21,0,34000,0,34000
2015/12/22,0,0,0,0
2015/12/23,0,0,0,0
2015/12/24,0,0,0,0
2015/12/25,0,0,0,0
2015/12/28,0,31000,0,31000
2015/12/29,0,25000,0,25000
2015/12/30,0,0,0,0
2015/12/31,0,0,0,0
2016/01/01,0,0,0,0
2016/01/04,0,0,-26826,-26826
2016/01/05,0,0,-16000,-16000
2016/01/06,0,0,-15000,-15000
2016/01/07,0,0,0,0
2016/01/08,0,0,0,0
2016/01/11,0,0,-82000,-82000
2016/01/12,0,0,0,0
2016/01/13,0,0,0,0
2016/01/14,0,0,0,0
2016/01/15,0,0,-14000,-14000
2016/01/18,0,0,0,0
2016/01/19,0,0,-1150000,-1150000
2016/01/20,0,0,-169000,-169000
2016/01/21,0,0,-938000,-938000
2016/01/22,0,0,-666228,-666228
2016/01/25,0,0,-1000000,-1000000
2016/01/26,0,0,-1400000,-1400000
2016/01/27,0,0,-378000,-378000
2016/01/28,0,0,-155804,-155804
2016/01/29,0,0,0,0
2016/02/01,0,0,-45000,-45000
2016/02/02,0,0,0,0
2016/02/03,0,14000,-30000,-16000
2016/02/04,0,0,0,0
2016/02/05,0,0,0,0
2016/02/08,0,0,0,0
2016/02/09,0,0,0,0
2016/02/10,0,0,0,0
2016/02/11,0,0,0,0
2016/02/12,0,0,0,0
2016/02/15,0,21209,0,21209
2016/02/16,0,11000,0,11000
2016/02/17,0,17000,-15668,1332
2016/02/18,0,0,0,0
2016/02/19,0,9000,-71000,-62000
2016/02/22,0,10000,-137000,-127000
2016/02/23,0,0,0,0
2016/02/24,0,0,0,0
2016/02/25,0,0,0,0
2016/02/26,0,0,-1000,-1000
2016/02/29,0,0,0,0
2016/03/01,0,0,0,0
2016/03/02,0,0,-6915,-6915
2016/03/03,0,0,-5000,-5000
2016/03/04,0,0,-5000,-5000
2016/03/07,0,0,0,0
2016/03/08,0,1000,0,1000
2016/03/09,0,0,-1000,-1000
2016/03/10,0,0,0,0
2016/03/11,0,0,0,0
2016/03/14,0,0,0,0
2016/03/15,0,0,0,0
2016/03/16,0,0,0,0
2016/03/17,0,0,0,0
2016/03/18,0,0,-3734000,-3734000
2016/03/21,0,171000,0,171000
2016/03/22,0,0,0,0
2016/03/23,0,0,0,0
2016/03/24,0,0,0,0
2016/03/25,0,0,0,0
2016/03/28,0,0,0,0
2016/03/29,0,0,0,0
2016/03/30,0,0,0,0
2016/03/31,0,0,0,0
2016/04/01,0,0,0,0
2016/04/04,0,0,0,0
2016/04/05,0,0,0,0
2016/04/06,0,11000,0,11000
2016/04/07,0,0,0,0
2016/04/08,0,0,0,0
2016/04/11,0,0,0,0
2016/04/12,0,1000,0,1000
2016/04/13,0,0,0,0
2016/04/14,0,0,-20000,-20000
2016/04/15,0,0,-115000,-115000
2016/04/18,0,0,0,0
2016/04/19,0,0,0,0
2016/04/20,0,0,-150000,-150000
2016/04/21,0,0,0,0
2016/04/22,0,0,0,0
2016/04/25,0,0,0,0
2016/04/26,0,0,0,0
2016/04/27,0,0,0,0
2016/04/28,0,0,0,0
2016/04/29,0,0,0,0
2016/05/02,0,0,0,0
2016/05/03,0,0,0,0
2016/05/04,0,0,0,0
2016/05/05,0,0,0,0
2016/05/06,0,0,0,0
2016/05/09,0,0,0,0
2016/05/10,0,2121,0,2121
2016/05/11,0,0,0,0
2016/05/12,0,0,0,0
2016/05/13,0,0,0,0
2016/05/16,0,0,0,0
2016/05/17,0,0,0,0
2016/05/18,0,0,0,0
2016/05/19,0,0,0,0
2016/05/20,0,0,0,0
2016/05/23,0,0,-125784,-125784
2016/05/24,0,0,0,0
2016/05/25,0,0,-120000,-120000
2016/05/26,0,34000,0,34000
2016/05/27,0,0,0,0
2016/05/30,0,0,0,0
2016/05/31,0,0,-5000,-5000
2016/06/01,0,0,0,0
2016/06/02,0,0,0,0
2016/06/03,0,0,0,0
2016/06/06,0,0,0,0
2016/06/07,0,0,0,0
2016/06/08,0,0,0,0
2016/06/09,0,0,0,0
2016/06/10,0,0,0,0
2016/06/13,0,0,0,0
2016/06/14,0,0,0,0
2016/06/15,0,0,0,0
2016/06/16,0,0,0,0
2016/06/17,0,77000,0,77000
2016/06/20,0,0,0,0
2016/06/21,0,0,0,0
2016/06/22,0,0,0,0
2016/06/23,0,0,0,0
2016/06/24,0,0,0,0
2016/06/27,0,0,0,0
2016/06/28,0,0,-1000,-1000
2016/06/29,0,0,0,0
2016/06/30,0,0,0,0
2016/07/01,0,0,0,0
2016/07/04,0,0,0,0
2016/07/05,0,0,0,0
2016/07/06,0,16000,0,16000
2016/07/07,0,0,0,0
2016/07/08,0,0,0,0
2016/07/11,0,0,0,0
2016/07/12,0,0,0,0
2016/07/13,0,0,0,0
2016/07/14,0,0,-1000,-1000
2016/07/15,0,0,0,0
2016/07/18,0,0,-18000,-18000
2016/07/19,0,15000,-1000,14000
2016/07/20,0,0,-4000,-4000
2016/07/21,0,1000,-5000,-4000
2016/07/22,0,0,-5000,-5000
2016/07/25,0,15000,0,15000
2016/07/26,0,6000,0,6000
2016/07/27,0,0,-1000,-1000
2016/07/28,0,0,0,0
2016/07/29,0,0,-4823,-4823
2016/08/01,0,0,0,0
2016/08/02,0,0,-1000,-1000
2016/08/03,0,0,-2000,-2000
2016/08/04,0,0,-1000,-1000
2016/08/05,0,0,-1000,-1000
2016/08/08,0,5000,-1000,4000
2016/08/09,0,9000,0,9000
2016/08/10,0,0,0,0
2016/08/11,0,1000,-1000,0
2016/08/12,0,21000,-2000,19000
2016/08/15,0,19000,0,19000
2016/08/16,0,0,-3000,-3000
2016/08/17,0,5000,0,5000
2016/08/18,0,0,-1000,-1000
2016/08/19,0,0,-1000,-1000
2016/08/22,0,0,-20000,-20000
2016/08/23,0,6000,-7000,-1000
2016/08/24,0,0,-2000,-2000
2016/08/25,0,0,0,0
2016/08/26,0,0,0,0
2016/08/29,0,8000,-1000,7000
2016/08/30,0,11000,0,11000
2016/08/31,0,0,-276000,-276000
2016/09/01,0,0,-35422,-35422
2016/09/02,0,0,0,0
2016/09/05,0,0,0,0
2016/09/06,0,0,0,0
2016/09/07,0,0,0,0
2016/09/08,0,172000,-2000,170000
2016/09/09,0,151000,0,151000
2016/09/12,0,0,0,0
2016/09/13,0,1002000,0,1002000
2016/09/14,0,991000,0,991000
2016/09/15,0,0,0,0
2016/09/16,0,0,0,0
2016/09/19,0,0,0,0
2016/09/20,0,0,0,0
2016/09/21,0,0,0,0
2016/09/22,0,0,0,0
2016/09/23,0,555000,0,555000
2016/09/26,0,94000,0,94000
2016/09/27,0,0,0,0
2016/09/28,0,0,0,0
2016/09/29,0,0,0,0
2016/09/30,0,1200,0,1200
2016/10/03,0,663000,0,663000
2016/10/04,0,0,0,0
2016/10/05,0,0,0,0
2016/10/06,0,0,0,0
2016/10/07,0,0,0,0
2016/10/10,0,0,0,0
2016/10/11,0,1000,0,1000
2016/10/12,0,0,0,0
2016/10/13,0,0,0,0
2016/10/14,0,0,0,0
2016/10/17,0,0,0,0
2016/10/18,0,0,0,0
2016/10/19,0,0,0,0
2016/10/20,0,206000,-43000,163000
2016/10/21,0,0,-44000,-44000
2016/10/24,0,0,0,0
2016/10/25,0,0,-54000,-54000
2016/10/26,0,0,0,0
2016/10/27,0,0,0,0
2016/10/28,0,0,0,0
2016/10/31,0,0,0,0
2016/11/01,0,0,0,0
2016/11/02,0,0,-874,-874
2016/11/03,0,0,0,0
2016/11/04,0,0,0,0
2016/11/07,0,0,0,0
2016/11/08,0,0,0,0
2016/11/09,0,0,0,0
2016/11/10,0,0,0,0
2016/11/11,0,0,0,0
2016/11/14,0,0,0,0
2016/11/15,0,0,0,0
2016/11/16,0,0,0,0
2016/11/17,0,0,0,0
2016/11/18,0,0,0,0
2016/11/21,0,0,0,0
2016/11/22,0,1000,0,1000
2016/11/23,0,0,0,0
2016/11/24,0,73000,0,73000
2016/11/25,0,0,0,0
2016/11/28,0,0,0,0
2016/11/29,0,5000,0,5000
2016/11/30,0,0,0,0
2016/12/01,0,0,0,0
2016/12/02,0,0,0,0
2016/12/05,0,0,0,0
2016/12/06,0,0,0,0
2016/12/07,0,0,0,0
2016/12/08,0,0,0,0
2016/12/09,0,0,0,0
2016/12/12,0,0,0,0
2016/12/13,0,0,0,0
2016/12/14,0,0,0,0
2016/12/15,0,0,0,0
2016/12/16,0,0,0,0
2016/12/19,0,0,0,0
2016/12/20,0,0,0,0
2016/12/21,0,0,0,0
2016/12/22,0,0,0,0
2016/12/23,0,0,0,0
2016/12/26,0,0,0,0
2016/12/27,0,0,0,0
2016/12/28,0,0,0,0
2016/12/29,0,0,0,0
2016/12/30,0,0,0,0
2017/01/02,0,0,0,0
2017/01/03,0,0,0,0
2017/01/04,0,0,0,0
2017/01/05,0,87000,0,87000
2017/01/06,0,93000,0,93000
2017/01/09,0,0,0,0
2017/01/10,0,0,0,0
2017/01/11,0,0,0,0
2017/01/12,0,0,0,0
2017/01/13,0,0,0,0
2017/01/16,0,0,0,0
2017/01/17,0,0,0,0
2017/01/18,0,0,0,0
2017/01/19,0,0,0,0
2017/01/20,0,0,0,0
2017/01/23,0,211,0,211
2017/01/24,0,0,0,0
2017/01/25,0,0,0,0
2017/01/26,0,0,0,0
2017/01/27,0,0,0,0
2017/01/30,0,0,0,0
2017/01/31,0,0,0,0
2017/02/01,0,0,0,0
2017/02/02,0,0,0,0
2017/02/03,0,20000,0,20000
2017/02/06,0,0,0,0
2017/02/07,0,0,0,0
2017/02/08,0,0,0,0
2017/02/09,0,0,0,0
2017/02/10,0,0,0,0
2017/02/13,0,0,0,0
2017/02/14,0,0,0,0
2017/02/15,0,0,0,0
2017/02/16,0,0,0,0
2017/02/17,0,0,0,0
2017/02/20,0,0,0,0
2017/02/21,0,0,0,0
2017/02/22,0,0,0,0
2017/02/23,0,0,0,0
2017/02/24,0,0,0,0
2017/02/27,0,0,0,0
2017/02/28,0,0,0,0
2017/03/01,0,0,0,0
2017/03/02,0,0,0,0
2017/03/03,0,0,0,0
2017/03/06,0,0,0,0
2017/03/07,0,0,0,0
2017/03/08,0,0,0,0
2017/03/09,0,0,0,0
2017/03/10,0,0,0,0
2017/03/13,0,0,0,0
2017/03/14,0,0,0,0
2017/03/15,0,0,0,0
2017/03/16,0,0,0,0
2017/03/17,0,97000,-4000,93000
2017/03/20,0,63000,-43000,20000
2017/03/21,0,0,-40000,-40000
2017/03/22,0,0,0,0
2017/03/23,0,0,0,0
2017/03/24,0,0,0,0
2017/03/27,0,0,0,0
2017/03/28,0,0,0,0
2017/03/29,0,0,0,0
2017/03/30,0,0,0,0
2017/03/31,0,0,0,0
2017/04/03,0,0,0,0
2017/04/04,0,0,0,0
2017/04/05,0,0,0,0
2017/04/06,0,0,0,0
2017/04/07,0,0,0,0
2017/04/10,0,0,0,0
2017/04/11,0,0,0,0
2017/04/12,0,0,0,0
2017/04/13,0,0,0,0
2017/04/14,0,0,-263000,-263000
2017/04/17,0,0,0,0
2017/04/18,0,0,0,0
2017/04/19,0,0,0,0
2017/04/20,0,0,0,0
2017/04/21,0,0,0,0
2017/04/24,0,0,0,0
2017/04/25,0,108,0,108
2017/04/26,0,0,0,0
2017/04/27,0,0,0,0
2017/04/28,0,0,0,0
2017/05/01,0,0,0,0
2017/05/02,0,0,0,0
2017/05/03,0,0,0,0
2017/05/04,0,0,0,0
2017/05/05,0,0,0,0
2017/05/08,0,0,0,0
2017/05/09,0,0,0,0
2017/05/10,0,0,0,0
2017/05/11,0,0,0,0
2017/05/12,0,0,0,0
2017/05/15,0,0,0,0
2017/05/16,0,0,-292000,-292000
2017/05/17,0,0,-223000,-223000
2017/05/18,0,9000,0,9000
2017/05/19,0,45000,0,45000
2017/05/22,0,31000,0,31000
2017/05/23,0,0,0,0
2017/05/24,0,0,0,0
2017/05/25,0,0,-347000,-347000
2017/05/26,0,0,0,0
2017/05/29,0,0,0,0
2017/05/30,0,0,0,0
2017/05/31,0,0,-194000,-194000
2017/06/01,0,0,0,0
2017/06/02,0,0,-119000,-119000
2017/06/05,0,72000,0,72000
2017/06/06,0,107000,0,107000
2017/06/07,0,0,0,0
2017/06/08,0,0,0,0
2017/06/09,0,0,0,0
2017/06/12,0,0,-1126000,-1126000
2017/06/13,0,0,0,0
2017/06/14,0,0,-1000000,-1000000
2017/06/15,0,0,-1748000,-1748000
2017/06/16,0,0,-4077883,-4077883
2017/06/19,0,0,0,0
2017/06/20,0,0,0,0
2017/06/21,0,0,0,0
2017/06/22,0,0,0,0
2017/06/23,0,0,0,0
2017/06/26,0,0,0,0
2017/06/27,0,0,-132000,-132000
2017/06/28,0,0,0,0
2017/06/29,0,0,0,0
2017/06/30,0,0,0,0
2017/07/03,0,0,0,0
2017/07/04,0,0,0,0
2017/07/05,0,0,0,0
2017/07/06,0,0,0,0
2017/07/07,0,0,0,0
2017/07/10,0,0,0,0
2017/07/11,0,0,0,0
2017/07/12,0,0,0,0
2017/07/13,0,0,0,0
2017/07/14,0,0,0,0
2017/07/17,0,439,0,439
2017/07/18,0,0,0,0
2017/07/19,0,0,0,0
2017/07/20,0,0,0,0
2017/07/21,0,0,-147000,-147000
2017/07/24,0,0,0,0
2017/07/25,0,0,0,0
2017/07/26,0,0,0,0
2017/07/27,0,0,0,0
2017/07/28,0,0,0,0
2017/07/31,0,0,0,0
2017/08/01,0,0,-8000,-8000
2017/08/02,0,0,0,0
2017/08/03,0,0,0,0
2017/08/04,0,0,0,0
2017/08/07,0,0,0,0
2017/08/08,0,0,0,0
2017/08/09,0,0,0,0
2017/08/10,0,0,0,0
2017/08/11,0,0,0,0
2017/08/14,0,0,0,0
2017/08/15,0,0,0,0
2017/08/16,0,0,0,0
2017/08/17,0,0,0,0
2017/08/18,0,0,-1000,-1000
