Date,Open,Buy,Sell,Total
2007/04/23,0,1626000,-598000,1028000
2007/04/24,0,202000,-106000,96000
2007/04/25,0,104000,-261000,-157000
2007/04/26,0,84000,-393000,-309000
2007/04/27,0,147000,-1149000,-1002000
2007/04/30,0,153000,-1064000,-911000
2007/05/01,0,0,0,0
2007/05/02,0,171000,-607000,-436000
2007/05/03,0,83000,-702000,-619000
2007/05/04,0,631000,-815000,-184000
2007/05/07,0,608000,-449000,159000
2007/05/08,0,124000,-155000,-31000
2007/05/09,0,219000,-444000,-225000
2007/05/10,0,124000,-499000,-375000
2007/05/11,0,22000,-72000,-50000
2007/05/14,0,85000,-691000,-606000
2007/05/15,0,288000,-1599000,-1311000
2007/05/16,0,119000,-66000,53000
2007/05/17,0,225000,-52000,173000
2007/05/18,0,265000,-238000,27000
2007/05/21,0,340000,0,340000
2007/05/22,0,143000,-10000,133000
2007/05/23,0,617000,0,617000
2007/05/24,0,449000,-175000,274000
2007/05/25,0,178000,-41000,137000
2007/05/28,0,34000,-287000,-253000
2007/05/29,0,130000,-49000,81000
2007/05/30,0,54000,-49000,5000
2007/05/31,0,54000,-73000,-19000
2007/06/01,0,200000,-4000,196000
2007/06/04,0,75000,-33000,42000
2007/06/05,0,267000,-26000,241000
2007/06/06,0,1150000,-316000,834000
2007/06/07,0,1059000,-29000,1030000
2007/06/08,0,457000,-261000,196000
2007/06/11,0,528000,-97000,431000
2007/06/12,0,528000,-210000,318000
2007/06/13,0,2444000,-523000,1921000
2007/06/14,0,339000,-416000,-77000
2007/06/15,0,376000,-23000,353000
2007/06/18,0,0,0,0
2007/06/19,0,0,0,0
2007/06/20,0,2783000,-1195000,1588000
2007/06/21,0,154000,-108000,46000
2007/06/22,0,525000,-324000,201000
2007/06/25,0,1634000,-485000,1149000
2007/06/26,0,1389000,-1164000,225000
2007/06/27,0,367000,-725000,-358000
2007/06/28,0,722000,-842000,-120000
2007/06/29,0,417000,-980000,-563000
2007/07/02,0,492000,-659000,-167000
2007/07/03,0,90000,-191000,-101000
2007/07/04,0,536000,-385000,151000
2007/07/05,0,470000,-375000,95000
2007/07/06,0,351000,-918000,-567000
2007/07/09,0,554000,-381000,173000
2007/07/10,0,1634000,-1328000,306000
2007/07/11,0,351000,-210000,141000
2007/07/12,0,285000,-961260,-676260
2007/07/13,0,366000,-264000,102000
2007/07/16,0,254000,-310260,-56260
2007/07/17,0,471000,-186000,285000
2007/07/18,0,643000,-747000,-104000
2007/07/19,0,481000,-2144242,-1663242
2007/07/20,0,521000,-808000,-287000
2007/07/23,0,145000,-287000,-142000
2007/07/24,0,345000,-1270000,-925000
2007/07/25,0,1038000,-3976000,-2938000
2007/07/26,0,1155000,-894000,261000
2007/07/27,0,3819000,-1207000,2612000
2007/07/30,0,1540000,-2628000,-1088000
2007/07/31,0,419000,-2735000,-2316000
2007/08/01,0,653000,-875000,-222000
2007/08/02,0,1183000,-789386,393614
2007/08/03,0,327000,-465000,-138000
2007/08/06,0,142000,-38000,104000
2007/08/07,0,1671000,-1323000,348000
2007/08/08,0,516000,-903000,-387000
2007/08/09,0,842000,-539000,303000
2007/08/10,0,400000,-547120,-147120
2007/08/13,0,465000,-219000,246000
2007/08/14,0,171000,-630000,-459000
2007/08/15,0,40000,-2040000,-2000000
2007/08/16,0,172000,-590000,-418000
2007/08/17,0,706000,-1391000,-685000
2007/08/20,0,564000,-86000,478000
2007/08/21,0,1629000,-128000,1501000
2007/08/22,0,466000,-273000,193000
2007/08/23,0,389000,-308000,81000
2007/08/24,0,93000,-539000,-446000
2007/08/27,0,18000,-821000,-803000
2007/08/28,0,300000,-19000,281000
2007/08/29,0,247000,-193000,54000
2007/08/30,0,189000,-56000,133000
2007/08/31,0,639000,-25000,614000
2007/09/03,0,375000,-518000,-143000
2007/09/04,0,118000,-801000,-683000
2007/09/05,0,42000,-38000,4000
2007/09/06,0,29000,-125000,-96000
2007/09/07,0,18000,-11000,7000
2007/09/10,0,336000,-43000,293000
2007/09/11,0,64000,-46000,18000
2007/09/12,0,3000,-96000,-93000
2007/09/13,0,60000,-16000,44000
2007/09/14,0,59000,-55000,4000
2007/09/17,0,24000,-31000,-7000
2007/09/18,0,0,0,0
2007/09/19,0,142000,-70000,72000
2007/09/20,0,239000,-131000,108000
2007/09/21,0,223000,-17000,206000
2007/09/24,0,0,0,0
2007/09/25,0,0,0,0
2007/09/26,0,293000,-53000,240000
2007/09/27,0,69000,-10000,59000
2007/09/28,0,60000,-26000,34000
2007/10/01,0,1143000,-752000,391000
2007/10/02,0,221000,-762000,-541000
2007/10/03,0,1767000,-1113000,654000
2007/10/04,0,188000,-993000,-805000
2007/10/05,0,64000,-240000,-176000
2007/10/08,0,0,-47000,-47000
2007/10/09,0,28000,-1113000,-1085000
2007/10/10,0,0,0,0
2007/10/11,0,31000,-139000,-108000
2007/10/12,0,4000,-81000,-77000
2007/10/15,0,548000,-1107000,-559000
2007/10/16,0,193000,-93308,99692
2007/10/17,0,64000,-107000,-43000
2007/10/18,0,106000,-8000,98000
2007/10/19,0,119000,-57000,62000
2007/10/22,0,220000,-128000,92000
2007/10/23,0,168000,-22000,146000
2007/10/24,0,12000,-7000,5000
2007/10/25,0,10000,-300000,-290000
2007/10/26,0,7000,-3000,4000
2007/10/29,0,77000,-350000,-273000
2007/10/30,0,58000,-257000,-199000
2007/10/31,0,20000,-72000,-52000
2007/11/01,0,29000,-172000,-143000
2007/11/02,0,471000,-488000,-17000
2007/11/05,0,30000,-2340000,-2310000
2007/11/06,0,5000,-34000,-29000
2007/11/07,0,97000,-17000,80000
2007/11/08,0,22000,-93000,-71000
2007/11/09,0,28000,-42000,-14000
2007/11/12,0,29000,-318000,-289000
2007/11/13,0,22000,-395000,-373000
2007/11/14,0,159000,-69000,90000
2007/11/15,0,15000,-13000,2000
2007/11/16,0,72000,-74000,-2000
2007/11/19,0,51000,-50000,1000
2007/11/20,0,38000,-272000,-234000
2007/11/21,0,0,-76000,-76000
2007/11/22,0,13000,-333000,-320000
2007/11/23,0,17000,-336000,-319000
2007/11/26,0,45000,-147000,-102000
2007/11/27,0,677000,-28000,649000
2007/11/28,0,355000,-54000,301000
2007/11/29,0,43000,-10000,33000
2007/11/30,0,308000,-12000,296000
2007/12/03,0,620000,-11000,609000
2007/12/04,0,50000,-1305000,-1255000
2007/12/05,0,157000,-56000,101000
2007/12/06,0,31000,-650000,-619000
2007/12/07,0,10000,0,10000
2007/12/10,0,3000,-15000,-12000
2007/12/11,0,5000,0,5000
2007/12/12,0,5000,-3000,2000
2007/12/13,0,12000,-100000,-88000
2007/12/14,0,95000,-143000,-48000
2007/12/17,0,4000,-116000,-112000
2007/12/18,0,12000,-113000,-101000
2007/12/19,0,16000,-33000,-17000
2007/12/20,0,75000,-29027,45973
2007/12/21,0,231000,-11000,220000
2007/12/24,0,218000,-52000,166000
2007/12/25,0,201000,-13000,188000
2007/12/26,0,100000,-13000,87000
2007/12/27,0,823000,-21000,802000
2007/12/28,0,46000,-391000,-345000
2007/12/31,0,84000,-1132000,-1048000
2008/01/01,0,0,0,0
2008/01/02,0,618000,-4000,614000
2008/01/03,0,437000,-44000,393000
2008/01/04,0,397000,-21000,376000
2008/01/07,0,1235000,-61000,1174000
2008/01/08,0,909000,-493000,416000
2008/01/09,0,84000,-192000,-108000
2008/01/10,0,555000,-266000,289000
2008/01/11,0,479000,-539000,-60000
2008/01/14,0,1367000,-509000,858000
2008/01/15,0,990000,-1907000,-917000
2008/01/16,0,293000,-425000,-132000
2008/01/17,0,378000,-450000,-72000
2008/01/18,0,565000,-327000,238000
2008/01/21,0,210000,-978000,-768000
2008/01/22,0,87000,-502000,-415000
2008/01/23,0,398000,-567000,-169000
2008/01/24,0,220000,-296000,-76000
2008/01/25,0,64000,-157000,-93000
2008/01/28,0,29000,-362000,-333000
2008/01/29,0,284000,-256000,28000
2008/01/30,0,444000,-474000,-30000
2008/01/31,0,92000,-501000,-409000
2008/02/01,0,448000,-41000,407000
2008/02/04,0,0,0,0
2008/02/05,0,0,0,0
2008/02/06,0,0,0,0
2008/02/07,0,0,0,0
2008/02/08,0,0,0,0
2008/02/11,0,0,0,0
2008/02/12,0,299000,-331000,-32000
2008/02/13,0,319000,-409000,-90000
2008/02/14,0,259000,-168000,91000
2008/02/15,0,136000,-218000,-82000
2008/02/18,0,641000,-12000,629000
2008/02/19,0,1355000,-93000,1262000
2008/02/20,0,462000,-244000,218000
2008/02/21,0,362000,-577000,-215000
2008/02/22,0,88000,-68000,20000
2008/02/25,0,369000,-753000,-384000
2008/02/26,0,173000,-297000,-124000
2008/02/27,0,279000,-444000,-165000
2008/02/28,0,0,0,0
2008/02/29,0,463000,-492000,-29000
2008/03/03,0,757000,-92000,665000
2008/03/04,0,1284000,-355000,929000
2008/03/05,0,573000,-1652000,-1079000
2008/03/06,0,138000,-286000,-148000
2008/03/07,0,239000,-187000,52000
2008/03/10,0,149000,-434000,-285000
2008/03/11,0,134000,-295000,-161000
2008/03/12,0,1080000,-311000,769000
2008/03/13,0,443000,-173000,270000
2008/03/14,0,561000,-449000,112000
2008/03/17,0,213000,-26000,187000
2008/03/18,0,169000,-34000,135000
2008/03/19,0,339000,-96000,243000
2008/03/20,0,1458000,-183000,1275000
2008/03/21,0,1997000,-186000,1811000
2008/03/24,0,1267000,-499000,768000
2008/03/25,0,310000,-535000,-225000
2008/03/26,0,131000,-1666000,-1535000
2008/03/27,0,66000,-1197000,-1131000
2008/03/28,0,43000,-239000,-196000
2008/03/31,0,51000,-73000,-22000
2008/04/01,0,550000,-190000,360000
2008/04/02,0,381000,-48000,333000
2008/04/03,0,21000,-46000,-25000
2008/04/04,0,0,0,0
2008/04/07,0,182000,-45000,137000
2008/04/08,0,582000,-924000,-342000
2008/04/09,0,1567000,-243000,1324000
2008/04/10,0,36000,-917389,-881389
2008/04/11,0,1138000,-692000,446000
2008/04/14,0,1293000,-678260,614740
2008/04/15,0,245000,-788000,-543000
2008/04/16,0,818000,-973000,-155000
2008/04/17,0,257000,-138000,119000
2008/04/18,0,80000,-127000,-47000
2008/04/21,0,180000,-896000,-716000
2008/04/22,0,443000,-1177000,-734000
2008/04/23,0,153000,-120000,33000
2008/04/24,0,408000,-256000,152000
2008/04/25,0,217000,-470000,-253000
2008/04/28,0,1096000,-29000,1067000
2008/04/29,0,1358000,-1202000,156000
2008/04/30,0,237000,-263000,-26000
2008/05/01,0,0,0,0
2008/05/02,0,80000,-90000,-10000
2008/05/05,0,39000,-109000,-70000
2008/05/06,0,38000,-32000,6000
2008/05/07,0,978000,-15000,963000
2008/05/08,0,112000,-108000,4000
2008/05/09,0,38000,-44000,-6000
2008/05/12,0,429000,-1000,428000
2008/05/13,0,24000,-348000,-324000
2008/05/14,0,143000,-4000,139000
2008/05/15,0,737000,-111000,626000
2008/05/16,0,80000,-136000,-56000
2008/05/19,0,78000,-1000,77000
2008/05/20,0,505000,-294000,211000
2008/05/21,0,42000,-93000,-51000
2008/05/22,0,47000,-168000,-121000
2008/05/23,0,269000,-117000,152000
2008/05/26,0,54000,-215000,-161000
2008/05/27,0,126000,-289000,-163000
2008/05/28,0,19000,-738000,-719000
2008/05/29,0,175000,-207000,-32000
2008/05/30,0,278000,-317000,-39000
2008/06/02,0,136000,-185000,-49000
2008/06/03,0,327000,-165000,162000
2008/06/04,0,124000,-40000,84000
2008/06/05,0,49000,-28000,21000
2008/06/06,0,649000,-435000,214000
2008/06/09,0,38000,-108000,-70000
2008/06/10,0,382000,-2302000,-1920000
2008/06/11,0,497000,-1612000,-1115000
2008/06/12,0,493000,-2597000,-2104000
2008/06/13,0,0,-793000,-793000
2008/06/16,0,20000,-39000,-19000
2008/06/17,0,22000,-18000,4000
2008/06/18,0,115000,-53000,62000
2008/06/19,0,142000,-29000,113000
2008/06/20,0,66000,-305000,-239000
2008/06/23,0,102000,-101000,1000
2008/06/24,0,28000,-95000,-67000
2008/06/25,0,30000,-16000,14000
2008/06/26,0,29000,-9000,20000
2008/06/27,0,433000,-552000,-119000
2008/06/30,0,40000,-54000,-14000
2008/07/01,0,430000,-427000,3000
2008/07/02,0,21000,-8000,13000
2008/07/03,0,97000,-71000,26000
2008/07/04,0,1000,-35000,-34000
2008/07/07,0,18000,-4000,14000
2008/07/08,0,55000,-68000,-13000
2008/07/09,0,184000,-6000,178000
2008/07/10,0,249000,-100000,149000
2008/07/11,0,338000,-49000,289000
2008/07/14,0,206000,-33000,173000
2008/07/15,0,133000,-84000,49000
2008/07/16,0,345000,-213000,132000
2008/07/17,0,125000,-535000,-410000
2008/07/18,0,100000,-419000,-319000
2008/07/21,0,105000,-52000,53000
2008/07/22,0,583000,0,583000
2008/07/23,0,1403000,-85000,1318000
2008/07/24,0,30000,-1025000,-995000
2008/07/25,0,9000,-27000,-18000
2008/07/28,0,0,0,0
2008/07/29,0,50000,-517000,-467000
2008/07/30,0,52000,-56000,-4000
2008/07/31,0,109000,-20000,89000
2008/08/01,0,23000,-101000,-78000
2008/08/04,0,147000,-20000,127000
2008/08/05,0,31000,-540000,-509000
2008/08/06,0,212000,-60000,152000
2008/08/07,0,115000,-101000,14000
2008/08/08,0,265000,-12000,253000
2008/08/11,0,72000,-55000,17000
2008/08/12,0,0,-91000,-91000
2008/08/13,0,7000,-13000,-6000
2008/08/14,0,118000,-63000,55000
2008/08/15,0,0,-19000,-19000
2008/08/18,0,0,-345000,-345000
2008/08/19,0,1000,-38000,-37000
2008/08/20,0,19000,-9000,10000
2008/08/21,0,50000,-67000,-17000
2008/08/22,0,25000,-56000,-31000
2008/08/25,0,118000,-16000,102000
2008/08/26,0,1000,-2000,-1000
2008/08/27,0,112000,0,112000
2008/08/28,0,76000,-10000,66000
2008/08/29,0,12000,-92000,-80000
2008/09/01,0,22000,0,22000
2008/09/02,0,182000,-54000,128000
2008/09/03,0,67000,-369000,-302000
2008/09/04,0,23000,-225000,-202000
2008/09/05,0,8000,-228000,-220000
2008/09/08,0,19000,-232000,-213000
2008/09/09,0,9000,-6000,3000
2008/09/10,0,5000,-4000,1000
2008/09/11,0,25000,-33000,-8000
2008/09/12,0,44000,-33000,11000
2008/09/15,0,0,-32000,-32000
2008/09/16,0,50000,-7000,43000
2008/09/17,0,18000,-61000,-43000
2008/09/18,0,0,0,0
2008/09/19,0,19000,-228000,-209000
2008/09/22,0,200000,-88000,112000
2008/09/23,0,129000,-127000,2000
2008/09/24,0,42000,-7000,35000
2008/09/25,0,42000,-142000,-100000
2008/09/26,0,19000,-83000,-64000
2008/09/29,0,0,0,0
2008/09/30,0,0,-54000,-54000
2008/10/01,0,19000,-46000,-27000
2008/10/02,0,0,-24000,-24000
2008/10/03,0,19000,-2000,17000
2008/10/06,0,19000,-22000,-3000
2008/10/07,0,0,-9000,-9000
2008/10/08,0,3000,-15000,-12000
2008/10/09,0,19000,-5000,14000
2008/10/10,0,0,0,0
2008/10/13,0,0,-2000,-2000
2008/10/14,0,0,-31000,-31000
2008/10/15,0,2000,0,2000
2008/10/16,0,0,0,0
2008/10/17,0,0,-1000,-1000
2008/10/20,0,10000,-24511,-14511
2008/10/21,0,0,-22000,-22000
2008/10/22,0,10000,0,10000
2008/10/23,0,0,0,0
2008/10/24,0,0,0,0
2008/10/27,0,0,-5000,-5000
2008/10/28,0,5000,-8000,-3000
2008/10/29,0,19000,-4000,15000
2008/10/30,0,20000,-49000,-29000
2008/10/31,0,1000,-45000,-44000
2008/11/03,0,12000,-1000,11000
2008/11/04,0,31000,-3000,28000
2008/11/05,0,20000,-10000,10000
2008/11/06,0,18000,-21000,-3000
2008/11/07,0,9000,-39000,-30000
2008/11/10,0,15000,-23000,-8000
2008/11/11,0,180000,-4000,176000
2008/11/12,0,68000,-50422,17578
2008/11/13,0,11000,-9000,2000
2008/11/14,0,1000,-45000,-44000
2008/11/17,0,229000,-26000,203000
2008/11/18,0,162000,-147000,15000
2008/11/19,0,69000,-88000,-19000
2008/11/20,0,37000,-25000,12000
2008/11/21,0,50000,-84000,-34000
2008/11/24,0,0,-19000,-19000
2008/11/25,0,0,-64000,-64000
2008/11/26,0,81000,0,81000
2008/11/27,0,89000,-13000,76000
2008/11/28,0,61000,-44000,17000
2008/12/01,0,594000,0,594000
2008/12/02,0,86000,-123000,-37000
2008/12/03,0,294000,-32000,262000
2008/12/04,0,37000,-214000,-177000
2008/12/05,0,70000,-67000,3000
2008/12/08,0,346000,-97000,249000
2008/12/09,0,283000,-170000,113000
2008/12/10,0,165000,-221000,-56000
2008/12/11,0,126000,-63000,63000
2008/12/12,0,23000,-288000,-265000
2008/12/15,0,479000,-18000,461000
2008/12/16,0,1000,-189000,-188000
2008/12/17,0,111000,-176000,-65000
2008/12/18,0,247000,-125000,122000
2008/12/19,0,74000,-173000,-99000
2008/12/22,0,243000,-243000,0
2008/12/23,0,550000,-382000,168000
2008/12/24,0,71000,-330000,-259000
2008/12/25,0,0,-32000,-32000
2008/12/26,0,23000,-9000,14000
2008/12/29,0,1000,-10000,-9000
2008/12/30,0,62000,-516470,-454470
2008/12/31,0,674000,-262000,412000
2009/01/01,0,0,0,0
2009/01/02,0,0,0,0
2009/01/05,0,384000,-438000,-54000
2009/01/06,0,388000,-38000,350000
2009/01/07,0,974000,-157000,817000
2009/01/08,0,54000,-274000,-220000
2009/01/09,0,519000,-7000,512000
2009/01/12,0,458000,-10000,448000
2009/01/13,0,373000,-8000,365000
2009/01/14,0,5000,-6000,-1000
2009/01/15,0,515000,-193000,322000
2009/01/16,0,0,-162000,-162000
2009/01/19,0,345000,-9000,336000
2009/01/20,0,562000,-88000,474000
2009/01/21,0,223000,-70000,153000
2009/01/22,0,0,0,0
2009/01/23,0,0,0,0
2009/01/26,0,0,0,0
2009/01/27,0,0,0,0
2009/01/28,0,0,0,0
2009/01/29,0,0,0,0
2009/01/30,0,0,0,0
2009/02/02,0,303000,-3000,300000
2009/02/03,0,121000,-24000,97000
2009/02/04,0,271000,-43000,228000
2009/02/05,0,55000,-12000,43000
2009/02/06,0,711000,-21000,690000
2009/02/09,0,131000,-30000,101000
2009/02/10,0,265000,-236000,29000
2009/02/11,0,339000,-458000,-119000
2009/02/12,0,24000,-262000,-238000
2009/02/13,0,150000,-232000,-82000
2009/02/16,0,492000,-935000,-443000
2009/02/17,0,508000,-227000,281000
2009/02/18,0,229000,-257000,-28000
2009/02/19,0,515000,-37000,478000
2009/02/20,0,140000,-60662,79338
2009/02/23,0,267000,-40000,227000
2009/02/24,0,126000,-71000,55000
2009/02/25,0,118000,-2207000,-2089000
2009/02/26,0,138000,-716000,-578000
2009/02/27,0,179000,-581000,-402000
2009/03/02,0,39000,-28000,11000
2009/03/03,0,47000,-39000,8000
2009/03/04,0,379000,-57000,322000
2009/03/05,0,334000,-113000,221000
2009/03/06,0,243000,-36000,207000
2009/03/09,0,72000,-97000,-25000
2009/03/10,0,111000,-1978000,-1867000
2009/03/11,0,132000,-427000,-295000
2009/03/12,0,280000,-122000,158000
2009/03/13,0,595000,-97000,498000
2009/03/16,0,534000,-464000,70000
2009/03/17,0,40000,-222000,-182000
2009/03/18,0,38000,-261000,-223000
2009/03/19,0,191000,-132000,59000
2009/03/20,0,549000,-486000,63000
2009/03/23,0,345000,-704000,-359000
2009/03/24,0,124000,-328000,-204000
2009/03/25,0,157000,-293000,-136000
2009/03/26,0,619000,-102000,517000
2009/03/27,0,325000,-182000,143000
2009/03/30,0,296000,-666000,-370000
2009/03/31,0,87000,-43000,44000
2009/04/01,0,319000,-135000,184000
2009/04/02,0,466000,-44000,422000
2009/04/03,0,341000,-127000,214000
2009/04/06,0,333000,-222000,111000
2009/04/07,0,228000,-59000,169000
2009/04/08,0,465000,-163000,302000
2009/04/09,0,133000,-725000,-592000
2009/04/10,0,411000,-1431000,-1020000
2009/04/13,0,289000,-302000,-13000
2009/04/14,0,712000,-342000,370000
2009/04/15,0,929000,-530000,399000
2009/04/16,0,148000,-145000,3000
2009/04/17,0,565000,-656000,-91000
2009/04/20,0,228000,-151000,77000
2009/04/21,0,134000,-311000,-177000
2009/04/22,0,284000,-468114,-184114
2009/04/23,0,620000,-269000,351000
2009/04/24,0,292000,-122000,170000
2009/04/27,0,720000,-163000,557000
2009/04/28,0,651000,-685193,-34193
2009/04/29,0,312000,-408000,-96000
2009/04/30,0,0,-130000,-130000
2009/05/01,0,0,0,0
2009/05/04,0,227000,-267000,-40000
2009/05/05,0,356000,-452000,-96000
2009/05/06,0,636000,-318000,318000
2009/05/07,0,726000,-602000,124000
2009/05/08,0,157000,-156000,1000
2009/05/11,0,457000,-407313,49687
2009/05/12,0,136000,-467000,-331000
2009/05/13,0,45000,-590000,-545000
2009/05/14,0,903000,-848000,55000
2009/05/15,0,437000,-315000,122000
2009/05/18,0,316000,-381000,-65000
2009/05/19,0,287000,-1179000,-892000
2009/05/20,0,141000,-328000,-187000
2009/05/21,0,416000,-209000,207000
2009/05/22,0,138000,-98000,40000
2009/05/25,0,102000,-147303,-45303
2009/05/26,0,259000,-84000,175000
2009/05/27,0,274000,-58000,216000
2009/05/28,0,0,0,0
2009/05/29,0,0,0,0
2009/06/01,0,22000,-61626,-39626
2009/06/02,0,584000,-105000,479000
2009/06/03,0,440000,-220303,219697
2009/06/04,0,406000,-311000,95000
2009/06/05,0,121000,-198000,-77000
2009/06/08,0,182000,-345000,-163000
2009/06/09,0,701000,-184000,517000
2009/06/10,0,118000,-117000,1000
2009/06/11,0,282000,-58000,224000
2009/06/12,0,371000,-344000,27000
2009/06/15,0,164000,-128000,36000
2009/06/16,0,27000,-107697,-80697
2009/06/17,0,161000,-53000,108000
2009/06/18,0,215000,-73000,142000
2009/06/19,0,472000,-21000,451000
2009/06/22,0,116000,-260000,-144000
2009/06/23,0,215000,-248000,-33000
2009/06/24,0,79000,-593000,-514000
2009/06/25,0,485693,-461000,24693
2009/06/26,0,292000,-1434000,-1142000
2009/06/29,0,921000,-337000,584000
2009/06/30,0,845000,-582000,263000
2009/07/01,0,218000,-556000,-338000
2009/07/02,0,1039000,-980000,59000
2009/07/03,0,764000,-720000,44000
2009/07/06,0,234000,-995000,-761000
2009/07/07,0,545000,-229000,316000
2009/07/08,0,230280,-307000,-76720
2009/07/09,0,167000,-98975,68025
2009/07/10,0,53000,-116000,-63000
2009/07/13,0,125000,-109000,16000
2009/07/14,0,160000,-148000,12000
2009/07/15,0,969208,-145000,824208
2009/07/16,0,987463,-138000,849463
2009/07/17,0,508000,-38000,470000
2009/07/20,0,295000,-95000,200000
2009/07/21,0,347000,-148000,199000
2009/07/22,0,363000,-846000,-483000
2009/07/23,0,315000,-264000,51000
2009/07/24,0,132761,-250000,-117239
2009/07/27,0,742000,-584000,158000
2009/07/28,0,385000,-48000,337000
2009/07/29,0,691000,-119000,572000
2009/07/30,0,242000,-311000,-69000
2009/07/31,0,377000,-179000,198000
2009/08/03,0,29112,-446000,-416888
2009/08/04,0,743000,-249000,494000
2009/08/05,0,1282000,-287000,995000
2009/08/06,0,196000,-629000,-433000
2009/08/07,0,0,0,0
2009/08/10,0,124000,-298000,-174000
2009/08/11,0,109000,-659000,-550000
2009/08/12,0,56000,-405000,-349000
2009/08/13,0,5000,-47000,-42000
2009/08/14,0,246000,-33000,213000
2009/08/17,0,95000,-186000,-91000
2009/08/18,0,233000,-196000,37000
2009/08/19,0,80000,-892000,-812000
2009/08/20,0,82000,-84000,-2000
2009/08/21,0,188000,-1268000,-1080000
2009/08/24,0,200000,-263000,-63000
2009/08/25,0,10000,-290000,-280000
2009/08/26,0,213000,-27000,186000
2009/08/27,0,30000,-75000,-45000
2009/08/28,0,604000,-1202000,-598000
2009/08/31,0,14000,-219000,-205000
2009/09/01,0,26000,-646000,-620000
2009/09/02,0,209000,-265000,-56000
2009/09/03,0,127000,-99000,28000
2009/09/04,0,27000,-19000,8000
2009/09/07,0,24000,-91000,-67000
2009/09/08,0,226000,-114000,112000
2009/09/09,0,153000,-86000,67000
2009/09/10,0,239000,-57000,182000
2009/09/11,0,8000,-48000,-40000
2009/09/14,0,0,-130000,-130000
2009/09/15,0,10000,-27000,-17000
2009/09/16,0,19000,-119000,-100000
2009/09/17,0,28000,-20000,8000
2009/09/18,0,120000,-28000,92000
2009/09/21,0,109000,-274000,-165000
2009/09/22,0,16000,-44000,-28000
2009/09/23,0,5000,-191000,-186000
2009/09/24,0,1075000,-139000,936000
2009/09/25,0,1197000,-129000,1068000
2009/09/28,0,177000,-58307,118693
2009/09/29,0,188000,-108000,80000
2009/09/30,0,145000,-312000,-167000
2009/10/01,0,1299000,-210000,1089000
2009/10/02,0,244000,-493000,-249000
2009/10/05,0,235000,-496000,-261000
2009/10/06,0,178000,-79000,99000
2009/10/07,0,670000,-126000,544000
2009/10/08,0,66000,-1210000,-1144000
2009/10/09,0,157000,-558000,-401000
2009/10/12,0,54000,-452000,-398000
2009/10/13,0,911000,-560000,351000
2009/10/14,0,129000,-306000,-177000
2009/10/15,0,33000,-621000,-588000
2009/10/16,0,32000,-275000,-243000
2009/10/19,0,275000,-44000,231000
2009/10/20,0,139000,-893000,-754000
2009/10/21,0,49000,-517000,-468000
2009/10/22,0,71000,-317000,-246000
2009/10/23,0,387000,-54000,333000
2009/10/26,0,177000,-172000,5000
2009/10/27,0,101000,-102000,-1000
2009/10/28,0,739000,-153000,586000
2009/10/29,0,347000,-253000,94000
2009/10/30,0,242000,-328000,-86000
2009/11/02,0,59000,-115000,-56000
2009/11/03,0,101000,-231000,-130000
2009/11/04,0,138000,-12000,126000
2009/11/05,0,34000,-206000,-172000
2009/11/06,0,388000,-264000,124000
2009/11/09,0,176000,-292000,-116000
2009/11/10,0,144000,-73000,71000
2009/11/11,0,173000,-50000,123000
2009/11/12,0,110000,-85000,25000
2009/11/13,0,230000,-26000,204000
2009/11/16,0,30000,-103000,-73000
2009/11/17,0,102000,-183000,-81000
2009/11/18,0,21000,-125000,-104000
2009/11/19,0,121000,-289000,-168000
2009/11/20,0,127000,-119000,8000
2009/11/23,0,322000,-72000,250000
2009/11/24,0,486000,-5000,481000
2009/11/25,0,196000,0,196000
2009/11/26,0,235000,-65000,170000
2009/11/27,0,95000,-63000,32000
2009/11/30,0,308000,-120000,188000
2009/12/01,0,122000,-25000,97000
2009/12/02,0,481000,-682000,-201000
2009/12/03,0,34000,-499000,-465000
2009/12/04,0,32000,-347000,-315000
2009/12/07,0,592000,-38000,554000
2009/12/08,0,529000,-128000,401000
2009/12/09,0,291000,-550000,-259000
2009/12/10,0,43000,-691000,-648000
2009/12/11,0,284000,-20000,264000
2009/12/14,0,841000,-281000,560000
2009/12/15,0,150000,-916000,-766000
2009/12/16,0,219000,-187000,32000
2009/12/17,0,46000,-424000,-378000
2009/12/18,0,320000,-137000,183000
2009/12/21,0,67000,-83000,-16000
2009/12/22,0,36000,-283000,-247000
2009/12/23,0,64000,-70000,-6000
2009/12/24,0,141000,-62000,79000
2009/12/25,0,177000,-29000,148000
2009/12/28,0,281000,-20000,261000
2009/12/29,0,16000,-96000,-80000
2009/12/30,0,155000,-50000,105000
2009/12/31,0,491000,-519000,-28000
2010/01/01,0,0,0,0
2010/01/04,0,52000,-604000,-552000
2010/01/05,0,338000,-119000,219000
2010/01/06,0,100000,-100000,0
2010/01/07,0,175000,-82000,93000
2010/01/08,0,158000,-16000,142000
2010/01/11,0,339000,-240000,99000
2010/01/12,0,82000,-112000,-30000
2010/01/13,0,207000,-734000,-527000
2010/01/14,0,124000,-364000,-240000
2010/01/15,0,535000,-62000,473000
2010/01/18,0,465000,-281000,184000
2010/01/19,0,23000,-464000,-441000
2010/01/20,0,38000,-215000,-177000
2010/01/21,0,11034,-124000,-112966
2010/01/22,0,40000,-239000,-199000
2010/01/25,0,37000,-54000,-17000
2010/01/26,0,26000,-146000,-120000
2010/01/27,0,31000,-120000,-89000
2010/01/28,0,53000,-434000,-381000
2010/01/29,0,28000,-82000,-54000
2010/02/01,0,104000,-60000,44000
2010/02/02,0,148000,-77000,71000
2010/02/03,0,178000,-21000,157000
2010/02/04,0,265000,-36000,229000
2010/02/05,0,91000,-243000,-152000
2010/02/08,0,66000,-4000,62000
2010/02/09,0,311000,-9000,302000
2010/02/10,0,246000,-114000,132000
2010/02/11,0,0,0,0
2010/02/12,0,0,0,0
2010/02/15,0,0,0,0
2010/02/16,0,0,0,0
2010/02/17,0,0,0,0
2010/02/18,0,0,0,0
2010/02/19,0,0,0,0
2010/02/22,0,120000,-60000,60000
2010/02/23,0,55000,-55000,0
2010/02/24,0,53000,-64000,-11000
2010/02/25,0,65000,-97000,-32000
2010/02/26,0,25000,-24000,1000
2010/03/01,0,310000,-12000,298000
2010/03/02,0,527000,-60000,467000
2010/03/03,0,177000,-172000,5000
2010/03/04,0,102000,-151000,-49000
2010/03/05,0,123000,-156000,-33000
2010/03/08,0,90000,-124000,-34000
2010/03/09,0,155000,-83000,72000
2010/03/10,0,49000,-35000,14000
2010/03/11,0,65000,-31000,34000
2010/03/12,0,17000,-33000,-16000
2010/03/15,0,21000,-165000,-144000
2010/03/16,0,70000,-3000,67000
2010/03/17,0,285000,-57000,228000
2010/03/18,0,667000,-69000,598000
2010/03/19,0,443000,-82000,361000
2010/03/22,0,876000,-237000,639000
2010/03/23,0,808000,-593000,215000
2010/03/24,0,176000,-403000,-227000
2010/03/25,0,413000,-295000,118000
2010/03/26,0,577000,-27000,550000
2010/03/29,0,927000,-273000,654000
2010/03/30,0,730000,-1541000,-811000
2010/03/31,0,1497000,-235000,1262000
2010/04/01,0,755000,-311000,444000
2010/04/02,0,475000,-1324000,-849000
2010/04/05,0,0,0,0
2010/04/06,0,470000,-223000,247000
2010/04/07,0,212000,-88000,124000
2010/04/08,0,187000,-545000,-358000
2010/04/09,0,441000,-612000,-171000
2010/04/12,0,125000,-261000,-136000
2010/04/13,0,462000,-380000,82000
2010/04/14,0,299000,-664000,-365000
2010/04/15,0,310000,-727000,-417000
2010/04/16,0,446000,-625000,-179000
2010/04/19,0,178000,-377000,-199000
2010/04/20,0,335000,-458000,-123000
2010/04/21,0,437000,-279000,158000
2010/04/22,0,143000,-157000,-14000
2010/04/23,0,738000,-375000,363000
2010/04/26,0,255000,-643000,-388000
2010/04/27,0,51000,-311000,-260000
2010/04/28,0,297000,-293000,4000
2010/04/29,0,263000,-413000,-150000
2010/04/30,0,472000,-1092000,-620000
2010/05/03,0,135000,-184000,-49000
2010/05/04,0,135000,-230000,-95000
2010/05/05,0,324000,-252000,72000
2010/05/06,0,832000,-452000,380000
2010/05/07,0,610000,-63000,547000
2010/05/10,0,78000,-113000,-35000
2010/05/11,0,856000,-287969,568031
2010/05/12,0,665000,-1381000,-716000
2010/05/13,0,268000,-263000,5000
2010/05/14,0,315000,-159000,156000
2010/05/17,0,79000,-266000,-187000
2010/05/18,0,28000,-765000,-737000
2010/05/19,0,501000,-86000,415000
2010/05/20,0,26000,-363000,-337000
2010/05/21,0,152000,-135000,17000
2010/05/24,0,331000,-193000,138000
2010/05/25,0,426000,-128000,298000
2010/05/26,0,229000,-1436000,-1207000
2010/05/27,0,171000,-94000,77000
2010/05/28,0,164000,-224000,-60000
2010/05/31,0,351000,-153000,198000
2010/06/01,0,136000,-124000,12000
2010/06/02,0,187000,-68000,119000
2010/06/03,0,268000,-77000,191000
2010/06/04,0,169000,-82000,87000
2010/06/07,0,237000,-50000,187000
2010/06/08,0,374000,-414000,-40000
2010/06/09,0,321000,-363000,-42000
2010/06/10,0,65000,-406000,-341000
2010/06/11,0,222000,-71000,151000
2010/06/14,0,38000,-82000,-44000
2010/06/15,0,187000,-162000,25000
2010/06/16,0,0,0,0
2010/06/17,0,279000,-28000,251000
2010/06/18,0,17000,-216000,-199000
2010/06/21,0,718000,-484000,234000
2010/06/22,0,159000,-116000,43000
2010/06/23,0,633000,-308000,325000
2010/06/24,0,450000,-235028,214972
2010/06/25,0,182000,-477000,-295000
2010/06/28,0,218000,-33000,185000
2010/06/29,0,284000,-147000,137000
2010/06/30,0,344000,-182000,162000
2010/07/01,0,282000,-147000,135000
2010/07/02,0,53000,-67000,-14000
2010/07/05,0,192000,-20000,172000
2010/07/06,0,221000,-267000,-46000
2010/07/07,0,105000,-256000,-151000
2010/07/08,0,244000,-87000,157000
2010/07/09,0,140000,-231000,-91000
2010/07/12,0,223000,-661000,-438000
2010/07/13,0,277000,-145000,132000
2010/07/14,0,347000,-275000,72000
2010/07/15,0,210000,-198000,12000
2010/07/16,0,282000,-141000,141000
2010/07/19,0,275000,-209000,66000
2010/07/20,0,211000,-82000,129000
2010/07/21,0,366000,-270000,96000
2010/07/22,0,210000,-63000,147000
2010/07/23,0,167000,-277921,-110921
2010/07/26,0,42000,-73000,-31000
2010/07/27,0,275000,-443000,-168000
2010/07/28,0,261000,-236000,25000
2010/07/29,0,80000,-212000,-132000
2010/07/30,0,355000,-146000,209000
2010/08/02,0,1451000,-240000,1211000
2010/08/03,0,1336000,-218000,1118000
2010/08/04,0,1149000,-1378000,-229000
2010/08/05,0,236000,-444000,-208000
2010/08/06,0,108000,-136000,-28000
2010/08/09,0,701000,-317000,384000
2010/08/10,0,391000,-622000,-231000
2010/08/11,0,47000,-440000,-393000
2010/08/12,0,9000,-303000,-294000
2010/08/13,0,121000,-751000,-630000
2010/08/16,0,243000,-321000,-78000
2010/08/17,0,78000,-189000,-111000
2010/08/18,0,94000,-653000,-559000
2010/08/19,0,42000,-59000,-17000
2010/08/20,0,77000,-240961,-163961
2010/08/23,0,250000,-42000,208000
2010/08/24,0,96000,-246000,-150000
2010/08/25,0,81000,-174746,-93746
2010/08/26,0,85000,-76000,9000
2010/08/27,0,248000,-68000,180000
2010/08/30,0,162000,-153000,9000
2010/08/31,0,59000,-250000,-191000
2010/09/01,0,267000,-167000,100000
2010/09/02,0,86000,-98000,-12000
2010/09/03,0,72000,-97000,-25000
2010/09/06,0,598000,-232000,366000
2010/09/07,0,118000,-352000,-234000
2010/09/08,0,28000,-185000,-157000
2010/09/09,0,14000,-292000,-278000
2010/09/10,0,225000,-193000,32000
2010/09/13,0,84000,-220000,-136000
2010/09/14,0,85000,-34000,51000
2010/09/15,0,63000,-73000,-10000
2010/09/16,0,302000,-221000,81000
2010/09/17,0,262000,-142000,120000
2010/09/20,0,154000,-21000,133000
2010/09/21,0,69000,-194000,-125000
2010/09/22,0,0,0,0
2010/09/23,0,117000,-299000,-182000
2010/09/24,0,124000,-36000,88000
2010/09/27,0,31000,-82000,-51000
2010/09/28,0,20000,-67000,-47000
2010/09/29,0,295000,-137000,158000
2010/09/30,0,84000,-234000,-150000
2010/10/01,0,170000,-155000,15000
2010/10/04,0,448000,-211000,237000
2010/10/05,0,340000,-75000,265000
2010/10/06,0,144000,-159000,-15000
2010/10/07,0,292000,-173327,118673
2010/10/08,0,73000,-788000,-715000
2010/10/11,0,93000,-192000,-99000
2010/10/12,0,22000,-233372,-211372
2010/10/13,0,1000,-28000,-27000
2010/10/14,0,232000,-129000,103000
2010/10/15,0,104000,-229000,-125000
2010/10/18,0,13000,-77000,-64000
2010/10/19,0,36000,-32000,4000
2010/10/20,0,96000,-85000,11000
2010/10/21,0,121000,-129000,-8000
2010/10/22,0,103000,-150000,-47000
2010/10/25,0,28000,0,28000
2010/10/26,0,81000,-3000,78000
2010/10/27,0,356000,-197286,158714
2010/10/28,0,186000,-359000,-173000
2010/10/29,0,37000,-141000,-104000
2010/11/01,0,499000,-65623,433377
2010/11/02,0,420000,-159000,261000
2010/11/03,0,117000,-139000,-22000
2010/11/04,0,50000,-547000,-497000
2010/11/05,0,842000,-590000,252000
2010/11/08,0,332000,-324000,8000
2010/11/09,0,291000,-84000,207000
2010/11/10,0,89000,-119000,-30000
2010/11/11,0,131000,-43000,88000
2010/11/12,0,148000,-551000,-403000
2010/11/15,0,26000,-224377,-198377
2010/11/16,0,109000,-135000,-26000
2010/11/17,0,35000,-134000,-99000
2010/11/18,0,39000,-20000,19000
2010/11/19,0,406000,-21000,385000
2010/11/22,0,32000,-38000,-6000
2010/11/23,0,15000,-10000,5000
2010/11/24,0,65000,-3000,62000
2010/11/25,0,145000,-52000,93000
2010/11/26,0,81000,-89000,-8000
2010/11/29,0,42000,-42000,0
2010/11/30,0,81000,-40000,41000
2010/12/01,0,145000,-64000,81000
2010/12/02,0,39000,-85000,-46000
2010/12/03,0,46000,-65000,-19000
2010/12/06,0,115000,-62000,53000
2010/12/07,0,65000,-106000,-41000
2010/12/08,0,66000,-173000,-107000
2010/12/09,0,82000,-237000,-155000
2010/12/10,0,54000,-130000,-76000
2010/12/13,0,60000,-350000,-290000
2010/12/14,0,64000,-158000,-94000
2010/12/15,0,49000,-57000,-8000
2010/12/16,0,18000,-92000,-74000
2010/12/17,0,36000,-62000,-26000
2010/12/20,0,68000,-78000,-10000
2010/12/21,0,61000,-72000,-11000
2010/12/22,0,35000,-112000,-77000
2010/12/23,0,75000,-73000,2000
2010/12/24,0,52000,-147000,-95000
2010/12/27,0,24000,-61000,-37000
2010/12/28,0,32000,-52000,-20000
2010/12/29,0,15000,-63000,-48000
2010/12/30,0,51000,-367000,-316000
2010/12/31,0,43000,-122000,-79000
2011/01/03,0,237000,-95000,142000
2011/01/04,0,12000,-121000,-109000
2011/01/05,0,68000,-40000,28000
2011/01/06,0,149000,-250000,-101000
2011/01/07,0,164000,-34000,130000
2011/01/10,0,27000,-14000,13000
2011/01/11,0,32000,-26000,6000
2011/01/12,0,68000,-6000,62000
2011/01/13,0,36000,-41000,-5000
2011/01/14,0,73000,-108000,-35000
2011/01/17,0,284000,-45000,239000
2011/01/18,0,234000,-180000,54000
2011/01/19,0,84000,-117000,-33000
2011/01/20,0,93000,-54000,39000
2011/01/21,0,47000,-39000,8000
2011/01/24,0,94000,-67000,27000
2011/01/25,0,32000,-5000,27000
2011/01/26,0,37000,-39000,-2000
2011/01/27,0,60000,-18000,42000
2011/01/28,0,38000,-19000,19000
2011/01/31,0,0,0,0
2011/02/01,0,0,0,0
2011/02/02,0,0,0,0
2011/02/03,0,0,0,0
2011/02/04,0,0,0,0
2011/02/07,0,0,0,0
2011/02/08,0,76000,-15000,61000
2011/02/09,0,7000,-84000,-77000
2011/02/10,0,8000,-60000,-52000
2011/02/11,0,4000,-112000,-108000
2011/02/14,0,37000,-69000,-32000
2011/02/15,0,67000,-52000,15000
2011/02/16,0,193000,-377000,-184000
2011/02/17,0,135000,-94000,41000
2011/02/18,0,23000,-120000,-97000
2011/02/21,0,3000,-30000,-27000
2011/02/22,0,34000,-66000,-32000
2011/02/23,0,12000,-19000,-7000
2011/02/24,0,7000,-4000,3000
2011/02/25,0,97000,-7000,90000
2011/02/28,0,0,0,0
2011/03/01,0,58000,-27000,31000
2011/03/02,0,24000,-45000,-21000
2011/03/03,0,30000,-1000,29000
2011/03/04,0,30000,-11000,19000
2011/03/07,0,15000,-33000,-18000
2011/03/08,0,105000,-28000,77000
2011/03/09,0,266000,-45000,221000
2011/03/10,0,29000,-67000,-38000
2011/03/11,0,57000,-87000,-30000
2011/03/14,0,43000,-113000,-70000
2011/03/15,0,97000,-167000,-70000
2011/03/16,0,119000,-30000,89000
2011/03/17,0,215000,-93000,122000
2011/03/18,0,212000,-135000,77000
2011/03/21,0,107000,-50000,57000
2011/03/22,0,66000,-136000,-70000
2011/03/23,0,64000,-59000,5000
2011/03/24,0,104000,-73000,31000
2011/03/25,0,74000,-257000,-183000
2011/03/28,0,67000,-25000,42000
2011/03/29,0,44000,-50000,-6000
2011/03/30,0,18000,-22000,-4000
2011/03/31,0,38000,-79000,-41000
2011/04/01,0,61000,-15000,46000
2011/04/04,0,0,0,0
2011/04/05,0,0,0,0
2011/04/06,0,48000,-15000,33000
2011/04/07,0,139000,-15000,124000
2011/04/08,0,213000,-126000,87000
2011/04/11,0,71000,-73000,-2000
2011/04/12,0,76000,-95000,-19000
2011/04/13,0,43000,-159000,-116000
2011/04/14,0,57000,-26000,31000
2011/04/15,0,33000,-56000,-23000
2011/04/18,0,30000,-85000,-55000
2011/04/19,0,23000,-88000,-65000
2011/04/20,0,27000,-99000,-72000
2011/04/21,0,254000,-61000,193000
2011/04/22,0,24000,-98000,-74000
2011/04/25,0,262000,-3000,259000
2011/04/26,0,23000,-38414,-15414
2011/04/27,0,108000,-83000,25000
2011/04/28,0,59000,-93000,-34000
2011/04/29,0,42000,-139000,-97000
2011/05/02,0,0,0,0
2011/05/03,0,139000,-112000,27000
2011/05/04,0,74000,-211000,-137000
2011/05/05,0,139000,-55000,84000
2011/05/06,0,71000,-129000,-58000
2011/05/09,0,101200,-95000,6200
2011/05/10,0,9000,-36200,-27200
2011/05/11,0,12000,-133922,-121922
2011/05/12,0,50370,-40000,10370
2011/05/13,0,22000,-115370,-93370
2011/05/16,0,66000,-103000,-37000
2011/05/17,0,2000,-60000,-58000
2011/05/18,0,21000,-51000,-30000
2011/05/19,0,59000,-41052,17948
2011/05/20,0,91000,-117000,-26000
2011/05/23,0,390000,-156000,234000
2011/05/24,0,72000,-55000,17000
2011/05/25,0,228000,-115000,113000
2011/05/26,0,505000,-31000,474000
2011/05/27,0,110000,-192000,-82000
2011/05/30,0,97000,-23000,74000
2011/05/31,0,146000,-126000,20000
2011/06/01,0,29000,-52400,-23400
2011/06/02,0,35000,-117000,-82000
2011/06/03,0,46000,-181330,-135330
2011/06/06,0,0,0,0
2011/06/07,0,54000,-271000,-217000
2011/06/08,0,16000,-16000,0
2011/06/09,0,34000,-86080,-52080
2011/06/10,0,93000,-175000,-82000
2011/06/13,0,8000,-82009,-74009
2011/06/14,0,21000,-44000,-23000
2011/06/15,0,2000,-63050,-61050
2011/06/16,0,51200,-55000,-3800
2011/06/17,0,164080,-42000,122080
2011/06/20,0,6000,-158000,-152000
2011/06/21,0,31060,-5000,26060
2011/06/22,0,15000,-5000,10000
2011/06/23,0,1000,-31000,-30000
2011/06/24,0,99000,-54000,45000
2011/06/27,0,14000,-6000,8000
2011/06/28,0,15000,-11000,4000
2011/06/29,0,176000,-27000,149000
2011/06/30,0,237040,-30000,207040
2011/07/01,0,183110,-84000,99110
2011/07/04,0,90000,-86000,4000
2011/07/05,0,58200,-43084,15116
2011/07/06,0,140290,-18000,122290
2011/07/07,0,59000,-14000,45000
2011/07/08,0,90000,-21120,68880
2011/07/11,0,90000,-69000,21000
2011/07/12,0,11000,-52200,-41200
2011/07/13,0,36270,-9000,27270
2011/07/14,0,63000,-82100,-19100
2011/07/15,0,137000,-242000,-105000
2011/07/18,0,421000,-30500,390500
2011/07/19,0,407000,-268000,139000
2011/07/20,0,184000,-122000,62000
2011/07/21,0,376000,-41000,335000
2011/07/22,0,156000,-95000,61000
2011/07/25,0,49650,-286000,-236350
2011/07/26,0,107000,-97034,9966
2011/07/27,0,258000,-245100,12900
2011/07/28,0,62000,-142000,-80000
2011/07/29,0,112000,-226550,-114550
2011/08/01,0,95000,-106000,-11000
2011/08/02,0,353000,-162000,191000
2011/08/03,0,223000,-270500,-47500
2011/08/04,0,128000,-288500,-160500
2011/08/05,0,103000,-73000,30000
2011/08/08,0,155000,-764730,-609730
2011/08/09,0,540000,-486150,53850
2011/08/10,0,94250,-113000,-18750
2011/08/11,0,94000,-89000,5000
2011/08/12,0,14000,-468000,-454000
2011/08/15,0,147000,-50000,97000
2011/08/16,0,85000,-5000,80000
2011/08/17,0,57000,-109000,-52000
2011/08/18,0,5000,-94000,-89000
2011/08/19,0,16000,-192000,-176000
2011/08/22,0,73000,-69086,3914
2011/08/23,0,59000,-45000,14000
2011/08/24,0,51000,-225000,-174000
2011/08/25,0,62000,-467000,-405000
2011/08/26,0,71000,-245000,-174000
2011/08/29,0,29000,-32000,-3000
2011/08/30,0,55000,-80331,-25331
2011/08/31,0,82000,-17000,65000
2011/09/01,0,162000,-75000,87000
2011/09/02,0,29000,-18000,11000
2011/09/05,0,58000,-83000,-25000
2011/09/06,0,79000,-65000,14000
2011/09/07,0,125000,-23000,102000
2011/09/08,0,167000,-53500,113500
2011/09/09,0,268000,-18000,250000
2011/09/12,0,0,0,0
2011/09/13,0,27000,-181000,-154000
2011/09/14,0,23000,-176000,-153000
2011/09/15,0,87000,-17000,70000
2011/09/16,0,87000,-206000,-119000
2011/09/19,0,29000,-14000,15000
2011/09/20,0,38000,-43000,-5000
2011/09/21,0,35000,-10000,25000
2011/09/22,0,3000,-124000,-121000
2011/09/23,0,22000,-90000,-68000
2011/09/26,0,38000,-122000,-84000
2011/09/27,0,27000,-37000,-10000
2011/09/28,0,28000,-30000,-2000
2011/09/29,0,8000,-31000,-23000
2011/09/30,0,2000,-9000,-7000
2011/10/03,0,2000,-48000,-46000
2011/10/04,0,59000,-16000,43000
2011/10/05,0,21000,-2000,19000
2011/10/06,0,109000,-6354,102646
2011/10/07,0,17000,-32000,-15000
2011/10/10,0,0,0,0
2011/10/11,0,184000,-34000,150000
2011/10/12,0,101000,-27000,74000
2011/10/13,0,60000,-61000,-1000
2011/10/14,0,8000,-18000,-10000
2011/10/17,0,94000,-2000,92000
2011/10/18,0,64000,-58115,5885
2011/10/19,0,43000,-64000,-21000
2011/10/20,0,0,-47000,-47000
2011/10/21,0,19060,0,19060
2011/10/24,0,99000,-40000,59000
2011/10/25,0,279000,-97000,182000
2011/10/26,0,346000,-21000,325000
2011/10/27,0,374000,-463000,-89000
2011/10/28,0,124000,-335000,-211000
2011/10/31,0,151000,-108000,43000
2011/11/01,0,143500,-6000,137500
2011/11/02,0,87000,-122000,-35000
2011/11/03,0,119000,-140000,-21000
2011/11/04,0,106000,-131000,-25000
2011/11/07,0,11000,-46000,-35000
2011/11/08,0,118000,-13000,105000
2011/11/09,0,342000,-184000,158000
2011/11/10,0,294000,-285000,9000
2011/11/11,0,665000,-52000,613000
2011/11/14,0,451000,-411000,40000
2011/11/15,0,67000,-180000,-113000
2011/11/16,0,127000,-470000,-343000
2011/11/17,0,334000,-157601,176399
2011/11/18,0,61000,-253000,-192000
2011/11/21,0,17000,-508000,-491000
2011/11/22,0,110000,-144000,-34000
2011/11/23,0,210000,-659000,-449000
2011/11/24,0,260000,-3059000,-2799000
2011/11/25,0,43000,-375000,-332000
2011/11/28,0,33000,-94000,-61000
2011/11/29,0,53000,-49000,4000
2011/11/30,0,163000,-123000,40000
2011/12/01,0,31000,-13000,18000
2011/12/02,0,288000,-87000,201000
2011/12/05,0,132000,-157000,-25000
2011/12/06,0,101000,-278000,-177000
2011/12/07,0,42000,-63000,-21000
2011/12/08,0,188000,-83062,104938
2011/12/09,0,179000,-48558,130442
2011/12/12,0,159000,-173000,-14000
2011/12/13,0,196000,-342000,-146000
2011/12/14,0,130000,-419000,-289000
2011/12/15,0,144000,-56000,88000
2011/12/16,0,69000,-170000,-101000
2011/12/19,0,45000,-77000,-32000
2011/12/20,0,75000,-79000,-4000
2011/12/21,0,245000,-180000,65000
2011/12/22,0,27000,-80000,-53000
2011/12/23,0,592000,-11000,581000
2011/12/26,0,10000,-440000,-430000
2011/12/27,0,69000,-16000,53000
2011/12/28,0,14000,-61000,-47000
2011/12/29,0,43000,-54000,-11000
2011/12/30,0,47000,-32000,15000
2012/01/02,0,25000,-69000,-44000
2012/01/03,0,270000,-25000,245000
2012/01/04,0,16000,-325000,-309000
2012/01/05,0,28000,-40000,-12000
2012/01/06,0,185000,-32000,153000
2012/01/09,0,358000,-35000,323000
2012/01/10,0,530000,-101000,429000
2012/01/11,0,64000,-132000,-68000
2012/01/12,0,94000,-65000,29000
2012/01/13,0,255000,-416000,-161000
2012/01/16,0,79000,-530688,-451688
2012/01/17,0,17000,-94231,-77231
2012/01/18,0,517000,-106000,411000
2012/01/19,0,0,0,0
2012/01/20,0,0,0,0
2012/01/23,0,0,0,0
2012/01/24,0,0,0,0
2012/01/25,0,0,0,0
2012/01/26,0,0,0,0
2012/01/27,0,0,0,0
2012/01/30,0,57000,-129000,-72000
2012/01/31,0,38000,-35000,3000
2012/02/01,0,61000,-190000,-129000
2012/02/02,0,318000,-33000,285000
2012/02/03,0,207000,-93000,114000
2012/02/06,0,38000,-367000,-329000
2012/02/07,0,38000,-199000,-161000
2012/02/08,0,223000,-8000,215000
2012/02/09,0,1074000,-57000,1017000
2012/02/10,0,248000,-482000,-234000
2012/02/13,0,414000,-112500,301500
2012/02/14,0,157000,-438000,-281000
2012/02/15,0,608000,-51000,557000
2012/02/16,0,1971000,-526000,1445000
2012/02/17,0,83000,-1034879,-951879
2012/02/20,0,109000,-127000,-18000
2012/02/21,0,61000,-65000,-4000
2012/02/22,0,247000,-4500,242500
2012/02/23,0,1649000,-256000,1393000
2012/02/24,0,405000,-392000,13000
2012/02/27,0,0,0,0
2012/02/28,0,0,0,0
2012/02/29,0,199000,-340000,-141000
2012/03/01,0,252000,-297000,-45000
2012/03/02,0,634000,-431000,203000
2012/03/05,0,755000,-469000,286000
2012/03/06,0,291000,-446000,-155000
2012/03/07,0,134000,-165000,-31000
2012/03/08,0,199000,-45000,154000
2012/03/09,0,229000,-404000,-175000
2012/03/12,0,65000,-112000,-47000
2012/03/13,0,411000,-184000,227000
2012/03/14,0,245000,-472000,-227000
2012/03/15,0,60000,-130000,-70000
2012/03/16,0,362000,-115000,247000
2012/03/19,0,17000,-364000,-347000
2012/03/20,0,104000,-98000,6000
2012/03/21,0,49000,-83000,-34000
2012/03/22,0,304000,-13000,291000
2012/03/23,0,57000,-382000,-325000
2012/03/26,0,392000,-1384000,-992000
2012/03/27,0,603000,-210000,393000
2012/03/28,0,250000,-386000,-136000
2012/03/29,0,281000,-324910,-43910
2012/03/30,0,653000,-406000,247000
2012/04/02,0,765777,-687000,78777
2012/04/03,0,788000,-328000,460000
2012/04/04,0,0,0,0
2012/04/05,0,352000,-384000,-32000
2012/04/06,0,253000,-690026,-437026
2012/04/09,0,846000,-755000,91000
2012/04/10,0,289000,-566000,-277000
2012/04/11,0,346000,-216000,130000
2012/04/12,0,512000,-207000,305000
2012/04/13,0,120000,-347000,-227000
2012/04/16,0,368000,-124000,244000
2012/04/17,0,411000,-315000,96000
2012/04/18,0,285000,-326000,-41000
2012/04/19,0,406000,-255000,151000
2012/04/20,0,214000,-468000,-254000
2012/04/23,0,175000,-194000,-19000
2012/04/24,0,230000,-84000,146000
2012/04/25,0,447000,-168000,279000
2012/04/26,0,185000,-261000,-76000
2012/04/27,0,105000,-389088,-284088
2012/04/30,0,349000,-282000,67000
2012/05/01,0,0,0,0
2012/05/02,0,216000,-230000,-14000
2012/05/03,0,177000,-142000,35000
2012/05/04,0,124000,-146000,-22000
2012/05/07,0,184000,-103000,81000
2012/05/08,0,195000,-135264,59736
2012/05/09,0,292000,-289000,3000
2012/05/10,0,71000,-165000,-94000
2012/05/11,0,84000,-188000,-104000
2012/05/14,0,53000,-214000,-161000
2012/05/15,0,202000,-323000,-121000
2012/05/16,0,140000,-182000,-42000
2012/05/17,0,28000,-582000,-554000
2012/05/18,0,121000,-251000,-130000
2012/05/21,0,112000,-329000,-217000
2012/05/22,0,417000,-227000,190000
2012/05/23,0,130000,-248000,-118000
2012/05/24,0,49000,-293000,-244000
2012/05/25,0,342000,-720000,-378000
2012/05/28,0,153000,-49000,104000
2012/05/29,0,237000,-297000,-60000
2012/05/30,0,339000,-100000,239000
2012/05/31,0,154000,-312000,-158000
2012/06/01,0,219000,-83000,136000
2012/06/04,0,78000,-314000,-236000
2012/06/05,0,17000,-123000,-106000
2012/06/06,0,38000,-34000,4000
2012/06/07,0,51000,-42000,9000
2012/06/08,0,57000,-84680,-27680
2012/06/11,0,591000,-16000,575000
2012/06/12,0,263000,-177000,86000
2012/06/13,0,261000,-97000,164000
2012/06/14,0,206000,-82000,124000
2012/06/15,0,83000,-105000,-22000
2012/06/18,0,95000,-63000,32000
2012/06/19,0,20000,-59000,-39000
2012/06/20,0,80000,-155000,-75000
2012/06/21,0,177000,-35000,142000
2012/06/22,0,238000,-28000,210000
2012/06/25,0,181000,-20000,161000
2012/06/26,0,144000,-264020,-120020
2012/06/27,0,245000,-313000,-68000
2012/06/28,0,146000,-403000,-257000
2012/06/29,0,50000,-175000,-125000
2012/07/02,0,144000,-132000,12000
2012/07/03,0,14000,-153000,-139000
2012/07/04,0,458000,-183000,275000
2012/07/05,0,160000,-44000,116000
2012/07/06,0,238000,-439000,-201000
2012/07/09,0,72000,-106000,-34000
2012/07/10,0,71000,-125000,-54000
2012/07/11,0,187000,-210000,-23000
2012/07/12,0,34000,-225000,-191000
2012/07/13,0,16000,-83000,-67000
2012/07/16,0,0,-84000,-84000
2012/07/17,0,41000,-40000,1000
2012/07/18,0,297000,-30000,267000
2012/07/19,0,179000,-437000,-258000
2012/07/20,0,50000,-160000,-110000
2012/07/23,0,111000,-140000,-29000
2012/07/24,0,80000,-116000,-36000
2012/07/25,0,119000,-217000,-98000
2012/07/26,0,270000,-391000,-121000
2012/07/27,0,203000,-75000,128000
2012/07/30,0,649000,-212000,437000
2012/07/31,0,272000,-34000,238000
2012/08/01,0,426000,-132000,294000
2012/08/02,0,0,0,0
2012/08/03,0,1096000,-135000,961000
2012/08/06,0,1759000,-322000,1437000
2012/08/07,0,67000,-2111000,-2044000
2012/08/08,0,209000,-435000,-226000
2012/08/09,0,221000,-284000,-63000
2012/08/10,0,251000,-483000,-232000
2012/08/13,0,381000,-326000,55000
2012/08/14,0,158000,-160000,-2000
2012/08/15,0,59000,-124000,-65000
2012/08/16,0,586000,-331000,255000
2012/08/17,0,288000,-382000,-94000
2012/08/20,0,144000,-90000,54000
2012/08/21,0,240000,-449000,-209000
2012/08/22,0,240000,-66000,174000
2012/08/23,0,129000,-171000,-42000
2012/08/24,0,24000,-251000,-227000
2012/08/27,0,138000,-242000,-104000
2012/08/28,0,60000,-157000,-97000
2012/08/29,0,143000,-245000,-102000
2012/08/30,0,122000,-296000,-174000
2012/08/31,0,28000,-58000,-30000
2012/09/03,0,230000,-161000,69000
2012/09/04,0,80000,-492000,-412000
2012/09/05,0,65000,-64000,1000
2012/09/06,0,18000,-100000,-82000
2012/09/07,0,262000,-49000,213000
2012/09/10,0,529000,-260000,269000
2012/09/11,0,376000,-282000,94000
2012/09/12,0,553000,-253000,300000
2012/09/13,0,372000,-373000,-1000
2012/09/14,0,423000,-217000,206000
2012/09/17,0,323000,-162000,161000
2012/09/18,0,104000,-20000,84000
2012/09/19,0,418000,-153274,264726
2012/09/20,0,71000,-237000,-166000
2012/09/21,0,29000,-77000,-48000
2012/09/24,0,264000,-68000,196000
2012/09/25,0,26000,-160000,-134000
2012/09/26,0,184000,-96000,88000
2012/09/27,0,166006,-12000,154006
2012/09/28,0,155000,-294006,-139006
2012/10/01,0,255000,-192000,63000
2012/10/02,0,296000,-68000,228000
2012/10/03,0,164000,-150000,14000
2012/10/04,0,69000,-154000,-85000
2012/10/05,0,1147000,-140000,1007000
2012/10/08,0,119000,-555000,-436000
2012/10/09,0,21000,-264471,-243471
2012/10/10,0,0,0,0
2012/10/11,0,47000,-308000,-261000
2012/10/12,0,204000,-769000,-565000
2012/10/15,0,170000,-377000,-207000
2012/10/16,0,139000,-416000,-277000
2012/10/17,0,197000,-213000,-16000
2012/10/18,0,83000,-265000,-182000
2012/10/19,0,99000,-87000,12000
2012/10/22,0,102000,-312000,-210000
2012/10/23,0,134000,-357000,-223000
2012/10/24,0,228000,-159000,69000
2012/10/25,0,438000,-183000,255000
2012/10/26,0,519000,-181000,338000
2012/10/29,0,531000,-191000,340000
2012/10/30,0,85000,-92000,-7000
2012/10/31,0,167000,-673000,-506000
2012/11/01,0,540000,-527000,13000
2012/11/02,0,616000,-320000,296000
2012/11/05,0,61000,-539000,-478000
2012/11/06,0,228000,-404000,-176000
2012/11/07,0,338000,-452000,-114000
2012/11/08,0,142000,-420796,-278796
2012/11/09,0,161000,-88000,73000
2012/11/12,0,51000,-168000,-117000
2012/11/13,0,139000,-319000,-180000
2012/11/14,0,145000,-134000,11000
2012/11/15,0,223000,-259000,-36000
2012/11/16,0,490000,-142000,348000
2012/11/19,0,176000,-66625,109375
2012/11/20,0,184000,-156000,28000
2012/11/21,0,160000,-71000,89000
2012/11/22,0,301000,-200000,101000
2012/11/23,0,666000,-149000,517000
2012/11/26,0,463000,-485000,-22000
2012/11/27,0,162000,-118000,44000
2012/11/28,0,236000,-78000,158000
2012/11/29,0,717000,-411000,306000
2012/11/30,0,409000,-141000,268000
2012/12/03,0,90000,-316000,-226000
2012/12/04,0,188000,-23000,165000
2012/12/05,0,1534000,-540000,994000
2012/12/06,0,360000,-1157000,-797000
2012/12/07,0,1019000,-393000,626000
2012/12/10,0,448000,-247000,201000
2012/12/11,0,171000,-310000,-139000
2012/12/12,0,271000,-497000,-226000
2012/12/13,0,317000,-524000,-207000
2012/12/14,0,442000,-394000,48000
2012/12/17,0,788000,-734000,54000
2012/12/18,0,352000,-605000,-253000
2012/12/19,0,538000,-539000,-1000
2012/12/20,0,205000,-610000,-405000
2012/12/21,0,193000,-863000,-670000
2012/12/24,0,196000,-350000,-154000
2012/12/25,0,684000,-140000,544000
2012/12/26,0,115000,-364000,-249000
2012/12/27,0,33000,-145000,-112000
2012/12/28,0,151000,-526000,-375000
2012/12/31,0,0,0,0
2013/01/01,0,0,0,0
2013/01/02,0,1174000,-669864,504136
2013/01/03,0,1245000,-701000,544000
2013/01/04,0,1187000,-909000,278000
2013/01/07,0,371000,-200000,171000
2013/01/08,0,317000,-279000,38000
2013/01/09,0,651000,-134000,517000
2013/01/10,0,858000,-475000,383000
2013/01/11,0,119000,-509372,-390372
2013/01/14,0,720002,-281000,439002
2013/01/15,0,307000,-923000,-616000
2013/01/16,0,643000,-497000,146000
2013/01/17,0,670000,-1499000,-829000
2013/01/18,0,340000,-1102000,-762000
2013/01/21,0,262000,-523000,-261000
2013/01/22,0,174000,-364440,-190440
2013/01/23,0,143000,-96000,47000
2013/01/24,0,101000,-239000,-138000
2013/01/25,0,361000,-186000,175000
2013/01/28,0,195000,-32000,163000
2013/01/29,0,321000,-162000,159000
2013/01/30,0,1495000,-487000,1008000
2013/01/31,0,358000,-878000,-520000
2013/02/01,0,106000,-138000,-32000
2013/02/04,0,664000,-401000,263000
2013/02/05,0,78000,-433000,-355000
2013/02/06,0,411000,-420000,-9000
2013/02/07,0,0,0,0
2013/02/08,0,0,0,0
2013/02/11,0,0,0,0
2013/02/12,0,0,0,0
2013/02/13,0,0,0,0
2013/02/14,0,0,0,0
2013/02/15,0,0,0,0
2013/02/18,0,293000,-594000,-301000
2013/02/19,0,237000,-324000,-87000
2013/02/20,0,240000,-264000,-24000
2013/02/21,0,178000,-253000,-75000
2013/02/22,0,262000,-203000,59000
2013/02/25,0,102000,-339000,-237000
2013/02/26,0,143000,-227000,-84000
2013/02/27,0,96000,-489000,-393000
2013/02/28,0,0,0,0
2013/03/01,0,613000,-158000,455000
2013/03/04,0,474000,-256000,218000
2013/03/05,0,396000,-562000,-166000
2013/03/06,0,1077000,-599000,478000
2013/03/07,0,874000,-403100,470900
2013/03/08,0,260000,-478000,-218000
2013/03/11,0,415000,-190000,225000
2013/03/12,0,401000,-998000,-597000
2013/03/13,0,272000,-494000,-222000
2013/03/14,0,492000,-775000,-283000
2013/03/15,0,922000,-1140000,-218000
2013/03/18,0,175000,-233000,-58000
2013/03/19,0,381000,-628000,-247000
2013/03/20,0,712000,-293995,418005
2013/03/21,0,1502000,-726000,776000
2013/03/22,0,210000,-1074005,-864005
2013/03/25,0,193000,-388000,-195000
2013/03/26,0,162000,-207000,-45000
2013/03/27,0,257000,-394000,-137000
2013/03/28,0,171000,-159000,12000
2013/03/29,0,176000,-183000,-7000
2013/04/01,0,110000,-171000,-61000
2013/04/02,0,111000,-121000,-10000
2013/04/03,0,189000,-127000,62000
2013/04/04,0,0,0,0
2013/04/05,0,0,0,0
2013/04/08,0,315000,-1512000,-1197000
2013/04/09,0,782000,-310000,472000
2013/04/10,0,502000,-340000,162000
2013/04/11,0,124000,-311000,-187000
2013/04/12,0,140000,-140000,0
2013/04/15,0,384000,-616000,-232000
2013/04/16,0,528000,-397000,131000
2013/04/17,0,692000,-330000,362000
2013/04/18,0,334000,-74000,260000
2013/04/19,0,211000,-52000,159000
2013/04/22,0,445000,-385000,60000
2013/04/23,0,311000,-590000,-279000
2013/04/24,0,193000,-128000,65000
2013/04/25,0,65000,-185000,-120000
2013/04/26,0,219000,-231000,-12000
2013/04/29,0,64000,-278000,-214000
2013/04/30,0,423000,-42000,381000
2013/05/01,0,0,0,0
2013/05/02,0,485000,-279000,206000
2013/05/03,0,1175000,-566000,609000
2013/05/06,0,375000,-823000,-448000
2013/05/07,0,443000,-189000,254000
2013/05/08,0,464000,-1075000,-611000
2013/05/09,0,662000,-140000,522000
2013/05/10,0,174000,-99000,75000
2013/05/13,0,394000,-199000,195000
2013/05/14,0,155000,-667000,-512000
2013/05/15,0,190000,-328000,-138000
2013/05/16,0,449000,-477000,-28000
2013/05/17,0,316000,-211000,105000
2013/05/20,0,138000,-179000,-41000
2013/05/21,0,1233000,-321000,912000
2013/05/22,0,207000,-985000,-778000
2013/05/23,0,389000,-775000,-386000
2013/05/24,0,45000,-281000,-236000
2013/05/27,0,60000,-127000,-67000
2013/05/28,0,106000,-50000,56000
2013/05/29,0,146000,-161000,-15000
2013/05/30,0,64000,-127000,-63000
2013/05/31,0,64000,-329000,-265000
2013/06/03,0,73000,-89000,-16000
2013/06/04,0,113000,-164000,-51000
2013/06/05,0,33000,-156232,-123232
2013/06/06,0,64000,-79000,-15000
2013/06/07,0,6000,-110000,-104000
2013/06/10,0,59000,-63000,-4000
2013/06/11,0,388000,-83000,305000
2013/06/12,0,0,0,0
2013/06/13,0,42000,-169000,-127000
2013/06/14,0,79000,-89000,-10000
2013/06/17,0,60000,-509000,-449000
2013/06/18,0,20000,-88000,-68000
2013/06/19,0,90000,-556000,-466000
2013/06/20,0,188000,-378000,-190000
2013/06/21,0,300000,-247000,53000
2013/06/24,0,102000,-68000,34000
2013/06/25,0,263000,-172000,91000
2013/06/26,0,160000,-411847,-251847
2013/06/27,0,141000,-89000,52000
2013/06/28,0,10000,-107000,-97000
2013/07/01,0,217000,-16000,201000
2013/07/02,0,282000,-49000,233000
2013/07/03,0,1113000,-267453,845547
2013/07/04,0,595000,-1045000,-450000
2013/07/05,0,59000,-496000,-437000
2013/07/08,0,10000,-149000,-139000
2013/07/09,0,19000,-37000,-18000
2013/07/10,0,218000,-250000,-32000
2013/07/11,0,527000,-498000,29000
2013/07/12,0,437000,-194000,243000
2013/07/15,0,135000,-222000,-87000
2013/07/16,0,273000,-474000,-201000
2013/07/17,0,110000,-344000,-234000
2013/07/18,0,376000,-201000,175000
2013/07/19,0,328000,-229000,99000
2013/07/22,0,157000,-97000,60000
2013/07/23,0,221000,-145000,76000
2013/07/24,0,88000,-492000,-404000
2013/07/25,0,74000,-53000,21000
2013/07/26,0,97000,-159000,-62000
2013/07/29,0,22000,-148000,-126000
2013/07/30,0,323000,-81000,242000
2013/07/31,0,96000,-78000,18000
2013/08/01,0,162000,-279000,-117000
2013/08/02,0,149000,-111000,38000
2013/08/05,0,918000,-50000,868000
2013/08/06,0,634000,-419000,215000
2013/08/07,0,117000,-305000,-188000
2013/08/08,0,146000,-468000,-322000
2013/08/09,0,719000,-649396,69604
2013/08/12,0,205000,-442761,-237761
2013/08/13,0,215000,-498580,-283580
2013/08/14,0,43000,-535000,-492000
2013/08/15,0,978000,-553000,425000
2013/08/16,0,313000,-407000,-94000
2013/08/19,0,675000,-105000,570000
2013/08/20,0,140000,-1143000,-1003000
2013/08/21,0,0,0,0
2013/08/22,0,85000,-531000,-446000
2013/08/23,0,271000,-490000,-219000
2013/08/26,0,168000,-324000,-156000
2013/08/27,0,22000,-248296,-226296
2013/08/28,0,162000,-96000,66000
2013/08/29,0,246000,-323000,-77000
2013/08/30,0,591000,-341914,249086
2013/09/02,0,1034000,-506000,528000
2013/09/03,0,58000,-777000,-719000
2013/09/04,0,696000,-191000,505000
2013/09/05,0,504000,-790000,-286000
2013/09/06,0,411000,-896000,-485000
2013/09/09,0,1656000,-362000,1294000
2013/09/10,0,245000,-2261000,-2016000
2013/09/11,0,210000,-282000,-72000
2013/09/12,0,124000,-195000,-71000
2013/09/13,0,1044000,-120000,924000
2013/09/16,0,243000,-328000,-85000
2013/09/17,0,22000,-53000,-31000
2013/09/18,0,202000,-366000,-164000
2013/09/19,0,0,0,0
2013/09/20,0,0,0,0
2013/09/23,0,107000,-175000,-68000
2013/09/24,0,26000,-194000,-168000
2013/09/25,0,179000,-548000,-369000
2013/09/26,0,282000,-100000,182000
2013/09/27,0,190000,-411000,-221000
2013/09/30,0,123000,-144000,-21000
2013/10/01,0,101000,-57000,44000
2013/10/02,0,222000,-59000,163000
2013/10/03,0,550000,-223000,327000
2013/10/04,0,141000,-242000,-101000
2013/10/07,0,418000,-39000,379000
2013/10/08,0,116000,-150000,-34000
2013/10/09,0,30000,-67000,-37000
2013/10/10,0,0,0,0
2013/10/11,0,487000,-90000,397000
2013/10/14,0,992000,-495875,496125
2013/10/15,0,287000,-965000,-678000
2013/10/16,0,72000,-199000,-127000
2013/10/17,0,90000,-434000,-344000
2013/10/18,0,97000,-102000,-5000
2013/10/21,0,403000,-66000,337000
2013/10/22,0,213000,-35000,178000
2013/10/23,0,96000,-562000,-466000
2013/10/24,0,53000,-107000,-54000
2013/10/25,0,24000,-462000,-438000
2013/10/28,0,43000,-82351,-39351
2013/10/29,0,45000,-39000,6000
2013/10/30,0,86000,-104618,-18618
2013/10/31,0,34000,-42000,-8000
2013/11/01,0,18000,-10000,8000
2013/11/04,0,38000,-182000,-144000
2013/11/05,0,19000,-50000,-31000
2013/11/06,0,5000,-142000,-137000
2013/11/07,0,42000,-88000,-46000
2013/11/08,0,11000,-196000,-185000
2013/11/11,0,25000,-7000,18000
2013/11/12,0,182000,-188000,-6000
2013/11/13,0,11000,-262000,-251000
2013/11/14,0,361000,-306000,55000
2013/11/15,0,495000,-502000,-7000
2013/11/18,0,249000,-347000,-98000
2013/11/19,0,159000,-123000,36000
2013/11/20,0,912000,-325830,586170
2013/11/21,0,110000,-268000,-158000
2013/11/22,0,87000,-601000,-514000
2013/11/25,0,35000,-53000,-18000
2013/11/26,0,177000,-46000,131000
2013/11/27,0,55000,-114000,-59000
2013/11/28,0,45000,-199000,-154000
2013/11/29,0,20000,-45000,-25000
2013/12/02,0,31000,-88000,-57000
2013/12/03,0,115000,-32000,83000
2013/12/04,0,5000,-16000,-11000
2013/12/05,0,105000,-34000,71000
2013/12/06,0,42000,-50000,-8000
2013/12/09,0,118000,-41000,77000
2013/12/10,0,22000,-339586,-317586
2013/12/11,0,18000,-106000,-88000
2013/12/12,0,9000,-247447,-238447
2013/12/13,0,33000,-13000,20000
2013/12/16,0,52000,-152000,-100000
2013/12/17,0,244000,-389000,-145000
2013/12/18,0,205000,-40805,164195
2013/12/19,0,45000,-45000,0
2013/12/20,0,57000,-119000,-62000
2013/12/23,0,82000,-8000,74000
2013/12/24,0,64000,-39869,24131
2013/12/25,0,2000,-59000,-57000
2013/12/26,0,47000,-59000,-12000
2013/12/27,0,40000,-12000,28000
2013/12/30,0,164000,-12000,152000
2013/12/31,0,107000,-42000,65000
2014/01/02,0,40000,-43000,-3000
2014/01/03,0,51000,-23000,28000
2014/01/06,0,283000,-297000,-14000
2014/01/07,0,172000,-97000,75000
2014/01/08,0,291000,-31000,260000
2014/01/09,0,87000,-39000,48000
2014/01/10,0,216000,-165000,51000
2014/01/13,0,155000,-91000,64000
2014/01/14,0,92000,-49000,43000
2014/01/15,0,38000,-21000,17000
2014/01/16,0,81000,-4000,77000
2014/01/17,0,67000,-46000,21000
2014/01/20,0,247000,-270000,-23000
2014/01/21,0,203999,-152000,51999
2014/01/22,0,255000,-454000,-199000
2014/01/23,0,155000,-81000,74000
2014/01/24,0,208000,-88000,120000
2014/01/27,0,151000,-36000,115000
2014/02/05,0,103000,-109000,-6000
2014/02/06,0,172000,-302000,-130000
2014/02/07,0,33000,-93000,-60000
2014/02/10,0,362000,-62000,300000
2014/02/11,0,119000,-130000,-11000
2014/02/12,0,189000,-64000,125000
2014/02/13,0,27000,-78000,-51000
2014/02/14,0,119000,-3000,116000
2014/02/17,0,35000,-405000,-370000
2014/02/18,0,43000,-34000,9000
2014/02/19,0,50000,-118000,-68000
2014/02/20,0,32000,-63000,-31000
2014/02/21,0,63001,-38000,25001
2014/02/24,0,16000,-20000,-4000
2014/02/25,0,38000,-65000,-27000
2014/02/26,0,41000,-67000,-26000
2014/02/27,0,179000,-22000,157000
2014/03/03,0,212000,-159000,53000
2014/03/04,0,31000,-135000,-104000
2014/03/05,0,7000,-40000,-33000
2014/03/06,0,67000,-25000,42000
2014/03/07,0,50000,-35000,15000
2014/03/10,0,2000,-8000,-6000
2014/03/11,0,8000,-27000,-19000
2014/03/12,0,27000,-66000,-39000
2014/03/13,0,35000,-45000,-10000
2014/03/14,0,21000,-67000,-46000
2014/03/17,0,29000,-72000,-43000
2014/03/18,0,23000,-4000,19000
2014/03/19,0,539000,-235000,304000
2014/03/20,0,334000,-167000,167000
2014/03/21,0,44000,-267000,-223000
2014/03/24,0,221000,-15000,206000
2014/03/25,0,73000,-189000,-116000
2014/03/26,0,27069,-159000,-131931
2014/03/27,0,178000,-61477,116523
2014/03/28,0,22000,-198000,-176000
2014/03/31,0,199000,-201000,-2000
2014/04/01,0,114000,-61000,53000
2014/04/02,0,22000,-51000,-29000
2014/04/03,0,18000,-211000,-193000
2014/04/07,0,59000,-38000,21000
2014/04/08,0,146000,-24000,122000
2014/04/09,0,85000,-154000,-69000
2014/04/10,0,15000,-80000,-65000
2014/04/11,0,23000,-174000,-151000
2014/04/14,0,17000,-155000,-138000
2014/04/15,0,25000,-140000,-115000
2014/04/16,0,66000,-125289,-59289
2014/04/17,0,16000,-32000,-16000
2014/04/18,0,5000,-42000,-37000
2014/04/21,0,19000,-30000,-11000
2014/04/22,0,65000,-37000,28000
2014/04/23,0,20000,-83000,-63000
2014/04/24,0,34000,-10000,24000
2014/04/25,0,115000,-62000,53000
2014/04/28,0,102000,-84000,18000
2014/04/29,0,7000,-329000,-322000
2014/04/30,0,0,-115605,-115605
2014/05/02,0,0,-14000,-14000
2014/05/05,0,1000,-22000,-21000
2014/05/06,0,23000,-26000,-3000
2014/05/07,0,69000,-7000,62000
2014/05/08,0,8000,-19093,-11093
2014/05/09,0,11000,-8000,3000
2014/05/12,0,38000,-5000,33000
2014/05/13,0,15000,-31000,-16000
2014/05/14,0,93000,-2000,91000
2014/05/15,0,35000,-1000,34000
2014/05/16,0,128000,-37000,91000
2014/05/19,0,2000,-65422,-63422
2014/05/20,0,11000,-40000,-29000
2014/05/21,0,21000,-61000,-40000
2014/05/22,0,0,-30000,-30000
2014/05/23,0,59000,-23000,36000
2014/05/26,0,296000,-31000,265000
2014/05/27,0,145000,-145000,0
2014/05/28,0,154000,-141000,13000
2014/05/29,0,196000,-59000,137000
2014/05/30,0,285000,-175000,110000
2014/06/03,0,51000,-323000,-272000
2014/06/04,0,182000,-322000,-140000
2014/06/05,0,69000,-36000,33000
2014/06/06,0,3000,-37000,-34000
2014/06/09,0,51000,-44000,7000
2014/06/10,0,1000,-9000,-8000
2014/06/11,0,276000,-152000,124000
2014/06/12,0,451000,-126000,325000
2014/06/13,0,379000,-123000,256000
2014/06/16,0,24000,-139000,-115000
2014/06/17,0,87000,-154000,-67000
2014/06/18,0,59000,-164000,-105000
2014/06/19,0,78000,-192000,-114000
2014/06/20,0,239000,-194000,45000
2014/06/23,0,59000,-25000,34000
2014/06/24,0,32000,-24000,8000
2014/06/25,0,365000,-13000,352000
2014/06/26,0,165000,-138000,27000
2014/06/27,0,1000,-79000,-78000
2014/06/30,0,162000,-1000,161000
2014/07/01,0,309000,-81000,228000
2014/07/02,0,148794,-136000,12794
2014/07/03,0,514000,-26000,488000
2014/07/04,0,102000,-216000,-114000
2014/07/07,0,0,-16000,-16000
2014/07/08,0,159000,-24000,135000
2014/07/09,0,1456000,-129000,1327000
2014/07/10,0,308000,-700000,-392000
2014/07/11,0,780000,-353000,427000
2014/07/14,0,60000,-376000,-316000
2014/07/15,0,35000,-102000,-67000
2014/07/16,0,368000,-209170,158830
2014/07/17,0,1009000,-183000,826000
2014/07/18,0,53000,-354000,-301000
2014/07/21,0,637000,-220000,417000
2014/07/22,0,3064000,-281000,2783000
2014/07/23,0,0,0,0
2014/07/24,0,1595000,-232000,1363000
2014/07/25,0,315000,-5419000,-5104000
2014/07/28,0,131000,-318000,-187000
2014/07/29,0,242000,-556000,-314000
2014/07/30,0,1214000,-362000,852000
2014/07/31,0,742000,-1066000,-324000
2014/08/01,0,357000,-125000,232000
2014/08/04,0,291000,-144000,147000
2014/08/05,0,125000,-382000,-257000
2014/08/06,0,163000,-571000,-408000
2014/08/07,0,59000,-331000,-272000
2014/08/08,0,161000,-139000,22000
2014/08/11,0,51000,-116000,-65000
2014/08/12,0,262000,-93000,169000
2014/08/13,0,36000,-78000,-42000
2014/08/14,0,136000,-221000,-85000
2014/08/15,0,619000,-439000,180000
2014/08/18,0,42000,-126000,-84000
2014/08/19,0,15000,-55000,-40000
2014/08/20,0,16000,-176000,-160000
2014/08/21,0,64000,-110000,-46000
2014/08/22,0,11000,-265000,-254000
2014/08/25,0,33000,-164226,-131226
2014/08/26,0,21000,-58000,-37000
2014/08/27,0,76000,-16000,60000
2014/08/28,0,287000,-432000,-145000
2014/08/29,0,20000,-107000,-87000
2014/09/01,0,1000,-98000,-97000
2014/09/02,0,47000,-56000,-9000
2014/09/03,0,64000,-33794,30206
2014/09/04,0,31000,-17000,14000
2014/09/05,0,242000,-250000,-8000
2014/09/09,0,1000,-177000,-176000
2014/09/10,0,52000,-27000,25000
2014/09/11,0,145000,-78000,67000
2014/09/12,0,56000,-121000,-65000
2014/09/15,0,18000,-40000,-22000
2014/09/16,0,38000,0,38000
2014/09/17,0,365000,-59000,306000
2014/09/18,0,23000,-143000,-120000
2014/09/19,0,184000,-25000,159000
2014/09/22,0,45000,-141000,-96000
2014/09/23,0,90000,-728545,-638545
2014/09/24,0,89000,-16000,73000
2014/09/25,0,56000,-64000,-8000
2014/09/26,0,27000,-28000,-1000
2014/09/29,0,21000,-55000,-34000
2014/09/30,0,37000,-90000,-53000
2014/10/01,0,3000,-3000,0
2014/10/02,0,154000,-132000,22000
2014/10/03,0,132000,-251000,-119000
2014/10/06,0,42000,-49000,-7000
2014/10/07,0,68000,-55717,12283
2014/10/08,0,2000,-135000,-133000
2014/10/09,0,36000,-199000,-163000
2014/10/13,0,229000,-59000,170000
2014/10/14,0,46000,-1317618,-1271618
2014/10/15,0,156000,-116000,40000
2014/10/16,0,228000,-189000,39000
2014/10/17,0,105247,-80000,25247
2014/10/20,0,42000,0,42000
2014/10/21,0,48000,-118262,-70262
2014/10/22,0,36000,-3000,33000
2014/10/23,0,76000,-31000,45000
2014/10/24,0,136000,-27000,109000
2014/10/27,0,31167,-11000,20167
2014/10/28,0,12000,-60000,-48000
2014/10/29,0,75000,-13000,62000
2014/10/30,0,47000,-26000,21000
2014/10/31,0,91000,-45000,46000
2014/11/03,0,29000,-4000,25000
2014/11/04,0,703000,-8000,695000
2014/11/05,0,937000,-34000,903000
2014/11/06,0,462000,-88066,373934
2014/11/07,0,327000,-69000,258000
2014/11/10,0,103000,-32000,71000
2014/11/11,0,159000,-125000,34000
2014/11/12,0,43000,-205000,-162000
2014/11/13,0,42000,-10000,32000
2014/11/14,0,198000,-28000,170000
2014/11/17,0,1615000,-183000,1432000
2014/11/18,0,154000,-917000,-763000
2014/11/19,0,264000,-998000,-734000
2014/11/20,0,135000,-157000,-22000
2014/11/21,0,173000,-50000,123000
2014/11/24,0,103000,-621000,-518000
2014/11/25,0,189000,-72000,117000
2014/11/26,0,32000,-86000,-54000
2014/11/27,0,87000,-511000,-424000
2014/11/28,0,143000,-95000,48000
2014/12/01,0,611000,-138000,473000
2014/12/02,0,421000,-135000,286000
2014/12/03,0,558000,-36000,522000
2014/12/04,0,416000,-129202,286798
2014/12/05,0,832000,-114000,718000
2014/12/08,0,466000,-309000,157000
2014/12/09,0,19000,-199000,-180000
2014/12/10,0,33000,-279000,-246000
2014/12/11,0,67000,-46000,21000
2014/12/12,0,22000,-46000,-24000
2014/12/15,0,59000,-69000,-10000
2014/12/16,0,167000,-383000,-216000
2014/12/17,0,125000,-62000,63000
2014/12/18,0,498000,-235441,262559
2014/12/19,0,439000,-102000,337000
2014/12/22,0,290000,-88000,202000
2014/12/23,0,128000,-39000,89000
2014/12/24,0,412000,-77000,335000
2014/12/25,0,78000,-36000,42000
2014/12/26,0,35000,-77000,-42000
2014/12/29,0,73000,-132000,-59000
2014/12/30,0,270000,-76000,194000
2014/12/31,0,589000,-233000,356000
2015/01/01,0,0,0,0
2015/01/02,0,0,0,0
2015/01/05,0,74000,-57000,17000
2015/01/06,0,30000,-59000,-29000
2015/01/07,0,39000,-131000,-92000
2015/01/08,0,120000,-87000,33000
2015/01/09,0,138000,-108000,30000
2015/01/12,0,96000,-154000,-58000
2015/01/13,0,32000,-123000,-91000
2015/01/14,0,287000,-96000,191000
2015/01/15,0,33000,-259000,-226000
2015/01/16,0,75000,-121134,-46134
2015/01/19,0,34000,-64000,-30000
2015/01/20,0,79000,-167000,-88000
2015/01/21,0,40000,-287000,-247000
2015/01/22,0,77000,-103000,-26000
2015/01/23,0,169000,-123000,46000
2015/01/26,0,140000,-52000,88000
2015/01/27,0,55000,-75000,-20000
2015/01/28,0,28000,-103000,-75000
2015/01/29,0,71000,-115000,-44000
2015/01/30,0,5000,-40000,-35000
2015/02/02,0,7000,-39000,-32000
2015/02/03,0,52000,-20000,32000
2015/02/04,0,207000,-49102,157898
2015/02/05,0,153000,-66101,86899
2015/02/06,0,65000,-86000,-21000
2015/02/09,0,35000,-59000,-24000
2015/02/10,0,38000,-85000,-47000
2015/02/11,0,15000,-103000,-88000
2015/02/12,0,122000,-112000,10000
2015/02/13,0,140000,-146000,-6000
2015/02/16,0,0,0,0
2015/02/17,0,0,0,0
2015/02/18,0,0,0,0
2015/02/19,0,0,0,0
2015/02/20,0,0,0,0
2015/02/23,0,0,0,0
2015/02/24,0,40000,-122000,-82000
2015/02/25,0,20000,-38067,-18067
2015/02/26,0,63000,-264000,-201000
2015/02/27,0,0,0,0
2015/03/02,0,2000,0,2000
2015/03/03,0,0,0,0
2015/03/04,0,36000,-20000,16000
2015/03/05,0,142000,-50329,91671
2015/03/06,0,72000,-44000,28000
2015/03/09,0,159000,-34000,125000
2015/03/10,0,0,-107547,-107547
2015/03/11,0,57000,-45000,12000
2015/03/12,0,10000,-44352,-34352
2015/03/13,0,11000,-10000,1000
2015/03/16,0,102000,-9000,93000
2015/03/17,0,111000,-47068,63932
2015/03/18,0,36000,-53000,-17000
2015/03/19,0,296000,-61000,235000
2015/03/20,0,618000,-25000,593000
2015/03/23,0,75000,-104000,-29000
2015/03/24,0,184000,-114000,70000
2015/03/25,0,780000,-93000,687000
2015/03/26,0,164000,-74000,90000
2015/03/27,0,1131000,-933000,198000
2015/03/30,0,141000,-296000,-155000
2015/03/31,0,29000,-98000,-69000
2015/04/01,0,55000,-76000,-21000
2015/04/02,0,70000,-81000,-11000
2015/04/03,0,0,0,0
2015/04/06,0,0,0,0
2015/04/07,0,89000,-59000,30000
2015/04/08,0,92000,-37000,55000
2015/04/09,0,1639000,-371000,1268000
2015/04/10,0,331000,-875000,-544000
2015/04/13,0,190000,-633000,-443000
2015/04/14,0,2280000,-746000,1534000
2015/04/15,0,44000,-1753000,-1709000
2015/04/16,0,941000,-595000,346000
2015/04/17,0,152000,-207000,-55000
2015/04/20,0,27000,-647000,-620000
2015/04/21,0,82000,-99000,-17000
2015/04/22,0,355000,-455933,-100933
2015/04/23,0,305000,-707000,-402000
2015/04/24,0,282000,-287000,-5000
2015/04/27,0,495000,-160000,335000
2015/04/28,0,74000,-30000,44000
2015/04/29,0,103000,-203000,-100000
2015/04/30,0,150000,-20000,130000
2015/05/01,0,0,0,0
2015/05/04,0,69000,-119000,-50000
2015/05/05,0,70000,-106000,-36000
2015/05/06,0,359000,-205000,154000
2015/05/07,0,80000,-180000,-100000
2015/05/08,0,40000,-142000,-102000
2015/05/11,0,18000,-432000,-414000
2015/05/12,0,42000,-190000,-148000
2015/05/13,0,109000,-9000,100000
2015/05/14,0,131000,-346000,-215000
2015/05/15,0,103000,-225000,-122000
2015/05/18,0,15000,-86000,-71000
2015/05/19,0,96000,-246640,-150640
2015/05/20,0,4000,-329000,-325000
2015/05/21,0,73000,-819000,-746000
2015/05/22,0,6000,-139000,-133000
2015/05/25,0,17000,-80000,-63000
2015/05/26,0,23000,-34973,-11973
2015/05/27,0,227000,-29000,198000
2015/05/28,0,251000,-333549,-82549
2015/05/29,0,54000,-107000,-53000
2015/06/01,0,58000,-133000,-75000
2015/06/02,0,4000,-56000,-52000
2015/06/03,0,2000,-24000,-22000
2015/06/04,0,60000,-42000,18000
2015/06/05,0,90000,-62000,28000
2015/06/08,0,28000,-40000,-12000
2015/06/09,0,89000,-29000,60000
2015/06/10,0,146000,-7000,139000
2015/06/11,0,44000,-10000,34000
2015/06/12,0,35000,-19000,16000
2015/06/15,0,12000,-63000,-51000
2015/06/16,0,54000,-204000,-150000
2015/06/17,0,105000,-155000,-50000
2015/06/18,0,30000,-24000,6000
2015/06/19,0,0,0,0
2015/06/22,0,17000,-89000,-72000
2015/06/23,0,268000,-12000,256000
2015/06/24,0,0,0,0
2015/06/25,0,25000,-193000,-168000
2015/06/26,0,2000,0,2000
2015/06/29,0,171000,-45000,126000
2015/06/30,0,245000,-36871,208129
2015/07/01,0,105000,-170000,-65000
2015/07/02,0,41000,-76000,-35000
2015/07/03,0,47000,-10000,37000
2015/07/06,0,55000,-15000,40000
2015/07/07,0,103000,-132000,-29000
2015/07/08,0,301000,-83000,218000
2015/07/09,0,343000,-434000,-91000
2015/07/10,0,0,0,0
2015/07/13,0,160000,-230000,-70000
2015/07/14,0,217000,-680000,-463000
2015/07/15,0,51000,-558000,-507000
2015/07/16,0,109000,-214000,-105000
2015/07/17,0,25000,-93000,-68000
2015/07/20,0,167000,-100000,67000
2015/07/21,0,82000,-90000,-8000
2015/07/22,0,151000,-417000,-266000
2015/07/23,0,150000,-12000,138000
2015/07/24,0,156000,-8000,148000
2015/07/27,0,346000,-42000,304000
2015/07/28,0,493000,-579000,-86000
2015/07/29,0,48000,-435000,-387000
2015/07/30,0,91000,-81000,10000
2015/07/31,0,50000,-90000,-40000
2015/08/03,0,103000,-14000,89000
2015/08/04,0,125000,-57000,68000
2015/08/05,0,289000,-22000,267000
2015/08/06,0,235000,-89000,146000
2015/08/07,0,93000,-20000,73000
2015/08/10,0,39000,-6000,33000
2015/08/11,0,82000,-28000,54000
2015/08/12,0,124000,-27000,97000
2015/08/13,0,39000,-5000,34000
2015/08/14,0,167000,-37000,130000
2015/08/17,0,184000,-333000,-149000
2015/08/18,0,197000,-1228000,-1031000
2015/08/19,0,535000,-275048,259952
2015/08/20,0,151000,-16000,135000
2015/08/21,0,317000,-40000,277000
2015/08/24,0,370000,-161000,209000
2015/08/25,0,297000,-557772,-260772
2015/08/26,0,263000,-58000,205000
2015/08/27,0,164000,-338651,-174651
2015/08/28,0,177000,-319000,-142000
2015/08/31,0,84000,-151000,-67000
2015/09/01,0,63000,-233000,-170000
2015/09/02,0,89000,-243000,-154000
2015/09/03,0,200000,-97000,103000
2015/09/04,0,73000,-80000,-7000
2015/09/07,0,322000,-7000,315000
2015/09/08,0,99000,-215000,-116000
2015/09/09,0,608000,-99000,509000
2015/09/10,0,492000,-206000,286000
2015/09/11,0,121000,-642000,-521000
2015/09/14,0,69000,-78777,-9777
2015/09/15,0,652000,-59284,592716
2015/09/16,0,166000,-106000,60000
2015/09/17,0,175000,-694829,-519829
2015/09/18,0,75000,-124000,-49000
2015/09/21,0,6000,-165000,-159000
2015/09/22,0,259000,-10000,249000
2015/09/23,0,106000,-185000,-79000
2015/09/24,0,83000,-107000,-24000
2015/09/25,0,88000,-70000,18000
2015/09/28,0,0,0,0
2015/09/29,0,0,0,0
2015/09/30,0,331000,-29950,301050
2015/10/01,0,76000,-207000,-131000
2015/10/02,0,88000,-42000,46000
2015/10/05,0,28000,-109000,-81000
2015/10/06,0,399000,-25000,374000
2015/10/07,0,50000,-187000,-137000
2015/10/08,0,59000,-35000,24000
2015/10/09,0,0,0,0
2015/10/12,0,117000,-101000,16000
2015/10/13,0,1105000,-296000,809000
2015/10/14,0,104000,-865000,-761000
2015/10/15,0,45000,-263000,-218000
2015/10/16,0,120000,-331000,-211000
2015/10/19,0,20000,-146000,-126000
2015/10/20,0,839000,-254000,585000
2015/10/21,0,41000,-531000,-490000
2015/10/22,0,96000,-110000,-14000
2015/10/23,0,71000,-89000,-18000
2015/10/26,0,49000,-131000,-82000
2015/10/27,0,36000,-61000,-25000
2015/10/28,0,624000,-264000,360000
2015/10/29,0,78000,-569475,-491475
2015/10/30,0,104000,-53000,51000
2015/11/02,0,127000,-184000,-57000
2015/11/03,0,324000,-394000,-70000
2015/11/04,0,2329000,-642000,1687000
2015/11/05,0,105000,-1377000,-1272000
2015/11/06,0,144000,-269000,-125000
2015/11/09,0,43000,-268000,-225000
2015/11/10,0,72000,-124000,-52000
2015/11/11,0,233000,-200000,33000
2015/11/12,0,169000,-319000,-150000
2015/11/13,0,275000,-100000,175000
2015/11/16,0,486000,-760000,-274000
2015/11/17,0,1314000,-933000,381000
2015/11/18,0,64000,-1087000,-1023000
2015/11/19,0,435000,-251028,183972
2015/11/20,0,28000,-426000,-398000
2015/11/23,0,162000,-333000,-171000
2015/11/24,0,12000,-120000,-108000
2015/11/25,0,143000,-57000,86000
2015/11/26,0,2388000,-282000,2106000
2015/11/27,0,55000,-801000,-746000
2015/11/30,0,166000,-401000,-235000
2015/12/01,0,624000,-571000,53000
2015/12/02,0,350000,-468000,-118000
2015/12/03,0,76000,-175000,-99000
2015/12/04,0,75000,-57000,18000
2015/12/07,0,284000,-401000,-117000
2015/12/08,0,4000,-399000,-395000
2015/12/09,0,225000,-167000,58000
2015/12/10,0,60000,-159000,-99000
2015/12/11,0,53000,-420000,-367000
2015/12/14,0,85000,-194000,-109000
2015/12/15,0,214000,-94000,120000
2015/12/16,0,10000,-215000,-205000
2015/12/17,0,186000,-73000,113000
2015/12/18,0,0,-354000,-354000
2015/12/21,0,2000,-107000,-105000
2015/12/22,0,16000,-110000,-94000
2015/12/23,0,26000,-79000,-53000
2015/12/24,0,58000,-41000,17000
2015/12/25,0,41000,-36000,5000
2015/12/28,0,22000,-34000,-12000
2015/12/29,0,17000,-113000,-96000
2015/12/30,0,48000,-69000,-21000
2015/12/31,0,10000,-126000,-116000
2016/01/01,0,0,0,0
2016/01/04,0,102000,-74000,28000
2016/01/05,0,68000,-22000,46000
2016/01/06,0,143000,-82000,61000
2016/01/07,0,180000,-261592,-81592
2016/01/08,0,161000,-63000,98000
2016/01/11,0,159000,-66000,93000
2016/01/12,0,44000,-76000,-32000
2016/01/13,0,71000,-21000,50000
2016/01/14,0,135000,-99000,36000
2016/01/15,0,202000,-18000,184000
2016/01/18,0,172000,-84000,88000
2016/01/19,0,46000,-23000,23000
2016/01/20,0,155000,-456344,-301344
2016/01/21,0,127000,-38829,88171
2016/01/22,0,125000,-138000,-13000
2016/01/25,0,246000,-12000,234000
2016/01/26,0,35000,-67000,-32000
2016/01/27,0,49000,-64000,-15000
2016/01/28,0,145000,-14000,131000
2016/01/29,0,65000,-156000,-91000
2016/02/01,0,101000,-267000,-166000
2016/02/02,0,307000,-186000,121000
2016/02/03,0,26000,-286000,-260000
2016/02/04,0,0,0,0
2016/02/05,0,0,0,0
2016/02/08,0,0,0,0
2016/02/09,0,0,0,0
2016/02/10,0,0,0,0
2016/02/11,0,0,0,0
2016/02/12,0,0,0,0
2016/02/15,0,84000,-37000,47000
2016/02/16,0,378000,-59000,319000
2016/02/17,0,8000,-328000,-320000
2016/02/18,0,1864000,-405000,1459000
2016/02/19,0,71000,-475000,-404000
2016/02/22,0,122000,-1012000,-890000
2016/02/23,0,263000,-185000,78000
2016/02/24,0,90000,-279000,-189000
2016/02/25,0,352000,-177000,175000
2016/02/26,0,97000,-426000,-329000
2016/02/29,0,0,0,0
2016/03/01,0,472000,-42000,430000
2016/03/02,0,11000,-386000,-375000
2016/03/03,0,566000,-117000,449000
2016/03/04,0,5000,-403000,-398000
2016/03/07,0,38000,-123000,-85000
2016/03/08,0,46000,-104000,-58000
2016/03/09,0,328000,-44000,284000
2016/03/10,0,358000,-82000,276000
2016/03/11,0,708000,-219000,489000
2016/03/14,0,35000,-270000,-235000
2016/03/15,0,60000,-437827,-377827
2016/03/16,0,75000,-94000,-19000
2016/03/17,0,69000,-103000,-34000
2016/03/18,0,251000,-259018,-8018
2016/03/21,0,1105000,-34000,1071000
2016/03/22,0,27000,-817000,-790000
2016/03/23,0,115000,-332000,-217000
2016/03/24,0,116000,-15000,101000
2016/03/25,0,1006000,-31000,975000
2016/03/28,0,1033000,-226000,807000
2016/03/29,0,29000,-250997,-221997
2016/03/30,0,688000,-1895000,-1207000
2016/03/31,0,1544000,-358462,1185538
2016/04/01,0,185000,-663000,-478000
2016/04/04,0,0,0,0
2016/04/05,0,0,0,0
2016/04/06,0,162000,-649000,-487000
2016/04/07,0,84000,-273000,-189000
2016/04/08,0,91000,-223000,-132000
2016/04/11,0,96000,-216000,-120000
2016/04/12,0,79000,-181000,-102000
2016/04/13,0,61000,-46000,15000
2016/04/14,0,74000,-79000,-5000
2016/04/15,0,72000,-125000,-53000
2016/04/18,0,2000,-84000,-82000
2016/04/19,0,10000,-15000,-5000
2016/04/20,0,629000,-398000,231000
2016/04/21,0,155000,-59000,96000
2016/04/22,0,90000,-128000,-38000
2016/04/25,0,17000,-143000,-126000
2016/04/26,0,49000,-86000,-37000
2016/04/27,0,90000,-20000,70000
2016/04/28,0,34000,-48985,-14985
2016/04/29,0,92000,-42000,50000
2016/05/02,0,0,0,0
2016/05/03,0,281000,-255000,26000
2016/05/04,0,226000,-72000,154000
2016/05/05,0,165000,-37000,128000
2016/05/06,0,248000,-277000,-29000
2016/05/09,0,74223,-83000,-8777
2016/05/10,0,179000,-47000,132000
2016/05/11,0,74000,-52000,22000
2016/05/12,0,47000,-126000,-79000
2016/05/13,0,278000,-45000,233000
2016/05/16,0,164000,-24000,140000
2016/05/17,0,241000,-105000,136000
2016/05/18,0,206000,-1000,205000
2016/05/19,0,181000,-96000,85000
2016/05/20,0,14000,-58000,-44000
2016/05/23,0,260000,-37000,223000
2016/05/24,0,38000,-172000,-134000
2016/05/25,0,208000,-31000,177000
2016/05/26,0,48000,-138000,-90000
2016/05/27,0,169000,-89000,80000
2016/05/30,0,372000,-137000,235000
2016/05/31,0,48000,-343000,-295000
2016/06/01,0,20000,-134000,-114000
2016/06/02,0,54000,-127000,-73000
2016/06/03,0,15000,-61000,-46000
2016/06/06,0,9000,-89000,-80000
2016/06/07,0,33000,-120000,-87000
2016/06/08,0,25000,-66000,-41000
2016/06/09,0,0,0,0
2016/06/10,0,0,0,0
2016/06/13,0,2000,-98000,-96000
2016/06/14,0,25000,-15000,10000
2016/06/15,0,155000,-105000,50000
2016/06/16,0,14000,-24000,-10000
2016/06/17,0,83000,-44000,39000
2016/06/20,0,270930,-133000,137930
2016/06/21,0,290000,-257000,33000
2016/06/22,0,0,-208000,-208000
2016/06/23,0,34000,-72000,-38000
2016/06/24,0,55000,-218000,-163000
2016/06/27,0,20000,-33000,-13000
2016/06/28,0,127070,-64000,63070
2016/06/29,0,23000,-129000,-106000
2016/06/30,0,354000,-61000,293000
2016/07/01,0,191000,-349000,-158000
2016/07/04,0,75000,-205000,-130000
2016/07/05,0,1000,-57000,-56000
2016/07/06,0,34000,-94000,-60000
2016/07/07,0,16000,-40000,-24000
2016/07/08,0,0,0,0
2016/07/11,0,54000,-138000,-84000
2016/07/12,0,0,-124000,-124000
2016/07/13,0,31000,-125000,-94000
2016/07/14,0,0,-75000,-75000
2016/07/15,0,539000,-111000,428000
2016/07/18,0,407000,-652000,-245000
2016/07/19,0,38000,-364000,-326000
2016/07/20,0,12000,-146000,-134000
2016/07/21,0,122000,-162000,-40000
2016/07/22,0,116000,-119000,-3000
2016/07/25,0,37000,-221000,-184000
2016/07/26,0,94000,-113000,-19000
2016/07/27,0,596000,-102000,494000
2016/07/28,0,62000,-570000,-508000
2016/07/29,0,15000,-145000,-130000
2016/08/01,0,51000,-111000,-60000
2016/08/02,0,1315000,-128000,1187000
2016/08/03,0,128000,-537000,-409000
2016/08/04,0,19000,-303000,-284000
2016/08/05,0,579000,-134000,445000
2016/08/08,0,31000,-441000,-410000
2016/08/09,0,37000,-335000,-298000
2016/08/10,0,331000,-585000,-254000
2016/08/11,0,94000,-482000,-388000
2016/08/12,0,170000,-23000,147000
2016/08/15,0,28000,-369000,-341000
2016/08/16,0,54000,-294000,-240000
2016/08/17,0,13000,-162000,-149000
2016/08/18,0,110000,-106000,4000
2016/08/19,0,20000,-96000,-76000
2016/08/22,0,33000,-151000,-118000
2016/08/23,0,16000,-49000,-33000
2016/08/24,0,42000,-72000,-30000
2016/08/25,0,52000,-45000,7000
2016/08/26,0,19000,-90000,-71000
2016/08/29,0,26000,-88171,-62171
2016/08/30,0,74171,-68000,6171
2016/08/31,0,13000,-127000,-114000
2016/09/01,0,8000,-52586,-44586
2016/09/02,0,2000,-31000,-29000
2016/09/05,0,125000,-26000,99000
2016/09/06,0,100000,-125000,-25000
2016/09/07,0,244000,-109000,135000
2016/09/08,0,14000,-191000,-177000
2016/09/09,0,9000,-43000,-34000
2016/09/12,0,4000,-13000,-9000
2016/09/13,0,126000,-41000,85000
2016/09/14,0,14000,-40000,-26000
2016/09/15,0,0,0,0
2016/09/16,0,0,0,0
2016/09/19,0,74000,-27000,47000
2016/09/20,0,4000,-82000,-78000
2016/09/21,0,384000,-67000,317000
2016/09/22,0,134000,-327000,-193000
2016/09/23,0,209000,-31000,178000
2016/09/26,0,85000,-161000,-76000
2016/09/27,0,0,0,0
2016/09/28,0,0,0,0
2016/09/29,0,62000,-77073,-15073
2016/09/30,0,167000,-1268,165732
2016/10/03,0,528000,-125000,403000
2016/10/04,0,185000,-200000,-15000
2016/10/05,0,433000,-24000,409000
2016/10/06,0,235000,-68000,167000
2016/10/07,0,318000,-44000,274000
2016/10/10,0,0,0,0
2016/10/11,0,168000,-88000,80000
2016/10/12,0,135000,-65000,70000
2016/10/13,0,315000,-62000,253000
2016/10/14,0,331000,-202000,129000
2016/10/17,0,386000,-61000,325000
2016/10/18,0,225000,-45000,180000
2016/10/19,0,273000,-34000,239000
2016/10/20,0,150000,-151000,-1000
2016/10/21,0,103000,-21000,82000
2016/10/24,0,102000,-6000,96000
2016/10/25,0,103000,-28000,75000
2016/10/26,0,196000,-33000,163000
2016/10/27,0,36000,-85000,-49000
2016/10/28,0,30000,-80000,-50000
2016/10/31,0,43000,-10000,33000
2016/11/01,0,41000,-12000,29000
2016/11/02,0,138000,-1081952,-943952
2016/11/03,0,60000,-346000,-286000
2016/11/04,0,47000,-4000,43000
2016/11/07,0,239000,-14000,225000
2016/11/08,0,295000,0,295000
2016/11/09,0,904000,-215007,688993
2016/11/10,0,399000,-65189,333811
2016/11/11,0,1147000,-210000,937000
2016/11/14,0,498000,-169000,329000
2016/11/15,0,472000,-370000,102000
2016/11/16,0,167000,-55000,112000
2016/11/17,0,583000,-84000,499000
2016/11/18,0,138000,-198000,-60000
2016/11/21,0,177000,-156000,21000
2016/11/22,0,500000,-226000,274000
2016/11/23,0,70000,-283000,-213000
2016/11/24,0,883000,-101000,782000
2016/11/25,0,169000,-651000,-482000
2016/11/28,0,321000,-164324,156676
2016/11/29,0,619000,-186000,433000
2016/11/30,0,363000,-142000,221000
2016/12/01,0,131000,-141000,-10000
2016/12/02,0,228000,-154000,74000
2016/12/05,0,88000,-74000,14000
2016/12/06,0,264000,-98000,166000
2016/12/07,0,79000,-103000,-24000
2016/12/08,0,68000,-40000,28000
2016/12/09,0,69000,-57000,12000
2016/12/12,0,102000,-339990,-237990
2016/12/13,0,21000,-52000,-31000
2016/12/14,0,0,-87000,-87000
2016/12/15,0,13000,-33000,-20000
2016/12/16,0,36000,-61000,-25000
2016/12/19,0,53000,-30000,23000
2016/12/20,0,260000,-144000,116000
2016/12/21,0,435000,-173000,262000
2016/12/22,0,449000,-173000,276000
2016/12/23,0,216000,-15000,201000
2016/12/26,0,180000,-16000,164000
2016/12/27,0,216000,-6000,210000
2016/12/28,0,88000,-40000,48000
2016/12/29,0,261000,-12000,249000
2016/12/30,0,7000,-8000,-1000
2017/01/02,0,0,0,0
2017/01/03,0,150000,-100000,50000
2017/01/04,0,20000,-110000,-90000
2017/01/05,0,62000,-95000,-33000
2017/01/06,0,3000,-131000,-128000
2017/01/09,0,25000,-275000,-250000
2017/01/10,0,11000,-39000,-28000
2017/01/11,0,344000,-124000,220000
2017/01/12,0,113000,-74000,39000
2017/01/13,0,100000,-72000,28000
2017/01/16,0,4000,-3000,1000
2017/01/17,0,7000,-52000,-45000
2017/01/18,0,4000,-112000,-108000
2017/01/19,0,5000,-59000,-54000
2017/01/20,0,51000,-22000,29000
2017/01/23,0,0,-10000,-10000
2017/01/24,0,88000,-184000,-96000
2017/01/25,0,0,0,0
2017/01/26,0,0,0,0
2017/01/27,0,0,0,0
2017/01/30,0,0,0,0
2017/01/31,0,0,0,0
2017/02/01,0,0,0,0
2017/02/02,0,50000,-12936,37064
2017/02/03,0,72000,-27000,45000
2017/02/06,0,304000,-385000,-81000
2017/02/07,0,44000,-100000,-56000
2017/02/08,0,292000,-13000,279000
2017/02/09,0,146000,-11000,135000
2017/02/10,0,6000,-13000,-7000
2017/02/13,0,88000,-25000,63000
2017/02/14,0,252000,-60000,192000
2017/02/15,0,804000,-162000,642000
2017/02/16,0,412000,-246000,166000
2017/02/17,0,203000,-546000,-343000
2017/02/20,0,236000,-311000,-75000
2017/02/21,0,152000,0,152000
2017/02/22,0,62000,-23000,39000
2017/02/23,0,70000,-38000,32000
2017/02/24,0,600000,0,600000
2017/02/27,0,0,0,0
2017/02/28,0,0,0,0
2017/03/01,0,43000,-15000,28000
2017/03/02,0,80000,-15000,65000
2017/03/03,0,4000,0,4000
2017/03/06,0,8000,0,8000
2017/03/07,0,11000,0,11000
2017/03/08,0,0,0,0
2017/03/09,0,17000,-15000,2000
2017/03/10,0,17000,-26000,-9000
2017/03/13,0,14000,0,14000
2017/03/14,0,82000,-24000,58000
2017/03/15,0,1000,-13000,-12000
2017/03/16,0,56000,-68000,-12000
2017/03/17,0,0,-20000,-20000
2017/03/20,0,0,-48000,-48000
2017/03/21,0,293000,-219000,74000
2017/03/22,0,121000,-20000,101000
2017/03/23,0,21000,-13000,8000
2017/03/24,0,80000,-31000,49000
2017/03/27,0,49000,-1322000,-1273000
2017/03/28,0,57000,-315000,-258000
2017/03/29,0,71000,-584000,-513000
2017/03/30,0,22000,0,22000
2017/03/31,0,0,-75000,-75000
2017/04/03,0,0,0,0
2017/04/04,0,0,0,0
2017/04/05,0,3000,-74000,-71000
2017/04/06,0,3000,-12000,-9000
2017/04/07,0,0,-114000,-114000
2017/04/10,0,0,-104000,-104000
2017/04/11,0,35000,-45000,-10000
2017/04/12,0,36000,-1000,35000
2017/04/13,0,12000,-2000,10000
2017/04/14,0,108000,0,108000
2017/04/17,0,146000,-104000,42000
2017/04/18,0,24000,-10000,14000
2017/04/19,0,76000,-494000,-418000
2017/04/20,0,99000,-300000,-201000
2017/04/21,0,48000,-400000,-352000
2017/04/24,0,12000,-404000,-392000
2017/04/25,0,14000,-400000,-386000
2017/04/26,0,180000,-241000,-61000
2017/04/27,0,4000,-200000,-196000
2017/04/28,0,24000,-35000,-11000
2017/05/01,0,0,0,0
2017/05/02,0,36000,-201000,-165000
2017/05/03,0,28000,0,28000
2017/05/04,0,16000,-36000,-20000
2017/05/05,0,31000,-171000,-140000
2017/05/08,0,18000,-189000,-171000
2017/05/09,0,8000,-215262,-207262
2017/05/10,0,3000,-151000,-148000
2017/05/11,0,2000,-12000,-10000
2017/05/12,0,0,-57000,-57000
2017/05/15,0,0,-71000,-71000
2017/05/16,0,70000,-38000,32000
2017/05/17,0,3000,-308000,-305000
2017/05/18,0,0,-275000,-275000
2017/05/19,0,0,-34000,-34000
2017/05/22,0,0,-38000,-38000
2017/05/23,0,0,-45000,-45000
2017/05/24,0,0,-2000,-2000
2017/05/25,0,3000,-12000,-9000
2017/05/26,0,1000,-25000,-24000
2017/05/29,0,0,0,0
2017/05/30,0,0,0,0
2017/05/31,0,3000,-6000,-3000
2017/06/01,0,35000,-4000,31000
2017/06/02,0,8000,0,8000
2017/06/05,0,0,-55000,-55000
2017/06/06,0,12000,-60148,-48148
2017/06/07,0,20000,-47000,-27000
2017/06/08,0,0,-13000,-13000
2017/06/09,0,0,-48000,-48000
2017/06/12,0,3000,-148000,-145000
2017/06/13,0,2000,-36000,-34000
2017/06/14,0,5000,-35000,-30000
2017/06/15,0,0,-6000,-6000
2017/06/16,0,0,-2937,-2937
2017/06/19,0,201000,-2000,199000
2017/06/20,0,101000,-221000,-120000
2017/06/21,0,72000,-38000,34000
2017/06/22,0,4000,-20000,-16000
2017/06/23,0,12000,-12197,-197
2017/06/26,0,91000,0,91000
2017/06/27,0,34000,-7000,27000
2017/06/28,0,41000,0,41000
2017/06/29,0,10000,0,10000
2017/06/30,0,0,-36000,-36000
2017/07/03,0,0,-257000,-257000
2017/07/04,0,2000,-204000,-202000
2017/07/05,0,112000,-252000,-140000
2017/07/06,0,37000,-250000,-213000
2017/07/07,0,4000,-250000,-246000
2017/07/10,0,10000,-252000,-242000
2017/07/11,0,55000,-259000,-204000
2017/07/12,0,39000,-293000,-254000
2017/07/13,0,4000,-313000,-309000
2017/07/14,0,28000,-260000,-232000
2017/07/17,0,24000,-9000,15000
2017/07/18,0,0,-7000,-7000
2017/07/19,0,9000,-50000,-41000
2017/07/20,0,20000,0,20000
2017/07/21,0,61000,0,61000
2017/07/24,0,0,0,0
2017/07/25,0,0,-5000,-5000
2017/07/26,0,0,-100000,-100000
2017/07/27,0,0,-3000,-3000
2017/07/28,0,19000,-4000,15000
2017/07/31,0,12000,0,12000
2017/08/01,0,20000,0,20000
2017/08/02,0,0,-10000,-10000
2017/08/03,0,0,-4000,-4000
2017/08/04,0,1000,-25000,-24000
2017/08/07,0,4000,-2000,2000
2017/08/08,0,0,-7000,-7000
2017/08/09,0,11000,-169000,-158000
2017/08/10,0,10000,-134000,-124000
2017/08/11,0,0,-106000,-106000
2017/08/14,0,1000,0,1000
2017/08/15,0,11000,-34000,-23000
2017/08/16,0,4000,-8000,-4000
2017/08/17,0,396000,-14000,382000
2017/08/18,0,54000,-1000,53000
