Date,Open,Buy,Sell,Total
2007/01/02,0,753000,-2000,751000
2007/01/03,0,212000,-1550000,-1338000
2007/01/04,0,27000,-777000,-750000
2007/01/05,0,10000,-198000,-188000
2007/01/08,0,0,-438000,-438000
2007/01/09,0,20000,-2000,18000
2007/01/10,0,5000,-24000,-19000
2007/01/11,0,10000,-42000,-32000
2007/01/12,0,41000,-23000,18000
2007/01/15,0,0,-64000,-64000
2007/01/16,0,43000,-10000,33000
2007/01/17,0,0,-57000,-57000
2007/01/18,0,1000,-33000,-32000
2007/01/19,0,47000,-56000,-9000
2007/01/22,0,29000,-10000,19000
2007/01/23,0,6000,-21000,-15000
2007/01/24,0,33000,0,33000
2007/01/25,0,87000,-9000,78000
2007/01/26,0,30000,-28000,2000
2007/01/29,0,112000,0,112000
2007/01/30,0,1147000,-73000,1074000
2007/01/31,0,1430000,-68000,1362000
2007/02/01,0,8000,-10000,-2000
2007/02/02,0,86000,0,86000
2007/02/05,0,0,-30000,-30000
2007/02/06,0,0,0,0
2007/02/07,0,6000,-3000,3000
2007/02/08,0,26000,-1000,25000
2007/02/09,0,129000,-9000,120000
2007/02/12,0,2483000,-127000,2356000
2007/02/13,0,114000,-76000,38000
2007/02/14,0,119000,-1000,118000
2007/02/15,0,0,0,0
2007/02/16,0,0,0,0
2007/02/19,0,0,0,0
2007/02/20,0,0,0,0
2007/02/21,0,0,0,0
2007/02/22,0,0,0,0
2007/02/23,0,0,0,0
2007/02/26,0,4479000,-177000,4302000
2007/02/27,0,488000,-221000,267000
2007/02/28,0,0,0,0
2007/03/01,0,269000,-423000,-154000
2007/03/02,0,29000,-63000,-34000
2007/03/05,0,63000,-1104000,-1041000
2007/03/06,0,26000,-67000,-41000
2007/03/07,0,48000,-128000,-80000
2007/03/08,0,33000,-81000,-48000
2007/03/09,0,123000,-49000,74000
2007/03/12,0,600000,-53000,547000
2007/03/13,0,1000,-78000,-77000
2007/03/14,0,1000,-13000,-12000
2007/03/15,0,27000,-5000,22000
2007/03/16,0,4000,-25000,-21000
2007/03/19,0,0,-41000,-41000
2007/03/20,0,0,0,0
2007/03/21,0,0,0,0
2007/03/22,0,77000,0,77000
2007/03/23,0,43000,-11000,32000
2007/03/26,0,5000,-329000,-324000
2007/03/27,0,236000,-37000,199000
2007/03/28,0,634000,0,634000
2007/03/29,0,463000,-12000,451000
2007/03/30,0,125000,-11000,114000
2007/04/02,0,40000,-21000,19000
2007/04/03,0,0,-6000,-6000
2007/04/04,0,785000,-34000,751000
2007/04/05,0,0,0,0
2007/04/06,0,0,0,0
2007/04/09,0,34000,-1000,33000
2007/04/10,0,249000,-1000,248000
2007/04/11,0,60000,-783000,-723000
2007/04/12,0,127000,-20000,107000
2007/04/13,0,0,-358000,-358000
2007/04/16,0,1278000,-63000,1215000
2007/04/17,0,167000,-2508000,-2341000
2007/04/18,0,0,-13000,-13000
2007/04/19,0,32000,-71000,-39000
2007/04/20,0,1000,-41000,-40000
2007/04/23,0,2000,-15000,-13000
2007/04/24,0,157000,-2000,155000
2007/04/25,0,2000,-73000,-71000
2007/04/26,0,0,-1000,-1000
2007/04/27,0,0,-82000,-82000
2007/04/30,0,76000,-337000,-261000
2007/05/01,0,0,0,0
2007/05/02,0,0,-7000,-7000
2007/05/03,0,75000,0,75000
2007/05/04,0,86000,0,86000
2007/05/07,0,0,-19000,-19000
2007/05/08,0,0,-207000,-207000
2007/05/09,0,391000,-5000,386000
2007/05/10,0,353000,0,353000
2007/05/11,0,140000,-16000,124000
2007/05/14,0,163000,0,163000
2007/05/15,0,324000,-50000,274000
2007/05/16,0,351000,-2000,349000
2007/05/17,0,316000,-94000,222000
2007/05/18,0,19000,-20000,-1000
2007/05/21,0,308000,0,308000
2007/05/22,0,453000,-5000,448000
2007/05/23,0,3008000,-252000,2756000
2007/05/24,0,3000,-42000,-39000
2007/05/25,0,133000,-60000,73000
2007/05/28,0,483000,-4000,479000
2007/05/29,0,141000,-2000,139000
2007/05/30,0,1532000,-35000,1497000
2007/05/31,0,33000,0,33000
2007/06/01,0,1857000,0,1857000
2007/06/04,0,1146000,-605000,541000
2007/06/05,0,21000,-112000,-91000
2007/06/06,0,329000,-63000,266000
2007/06/07,0,124000,-184000,-60000
2007/06/08,0,162000,-266000,-104000
2007/06/11,0,226000,-297000,-71000
2007/06/12,0,741000,-224000,517000
2007/06/13,0,471000,-651000,-180000
2007/06/14,0,467000,-47000,420000
2007/06/15,0,723000,-21000,702000
2007/06/18,0,0,0,0
2007/06/19,0,0,0,0
2007/06/20,0,1118000,-64000,1054000
2007/06/21,0,465000,-106000,359000
2007/06/22,0,1043500,-43000,1000500
2007/06/25,0,670000,-1385000,-715000
2007/06/26,0,174000,-347000,-173000
2007/06/27,0,186000,-163000,23000
2007/06/28,0,221000,-99000,122000
2007/06/29,0,9086000,-178000,8908000
2007/07/02,0,23000,-144000,-121000
2007/07/03,0,63000,-16000,47000
2007/07/04,0,962000,-2000,960000
2007/07/05,0,5421000,-8000,5413000
2007/07/06,0,503100,-11000,492100
2007/07/09,0,177000,-54000,123000
2007/07/10,0,179000,-1012000,-833000
2007/07/11,0,30000,-7000,23000
2007/07/12,0,131000,-85000,46000
2007/07/13,0,648000,-57000,591000
2007/07/16,0,212000,-74000,138000
2007/07/17,0,231000,-240000,-9000
2007/07/18,0,2570000,-1261000,1309000
2007/07/19,0,920000,-746000,174000
2007/07/20,0,129000,-131000,-2000
2007/07/23,0,106000,-160000,-54000
2007/07/24,0,304000,-398000,-94000
2007/07/25,0,1691000,-560000,1131000
2007/07/26,0,2915000,-286000,2629000
2007/07/27,0,5504000,-341000,5163000
2007/07/30,0,608000,-5024000,-4416000
2007/07/31,0,1139000,-548000,591000
2007/08/01,0,2030000,-7728000,-5698000
2007/08/02,0,454000,-3185000,-2731000
2007/08/03,0,514000,-340000,174000
2007/08/06,0,193000,-3194000,-3001000
2007/08/07,0,310000,-143000,167000
2007/08/08,0,167000,-618000,-451000
2007/08/09,0,37050,-130000,-92950
2007/08/10,0,80000,-413000,-333000
2007/08/13,0,147000,-2613000,-2466000
2007/08/14,0,40000,-2234000,-2194000
2007/08/15,0,524000,-1127000,-603000
2007/08/16,0,79000,-3135000,-3056000
2007/08/17,0,3033000,-216000,2817000
2007/08/20,0,158000,-389000,-231000
2007/08/21,0,145000,-154000,-9000
2007/08/22,0,12000,-131000,-119000
2007/08/23,0,4351000,-229000,4122000
2007/08/24,0,4542000,-9000,4533000
2007/08/27,0,700000,0,700000
2007/08/28,0,1503000,0,1503000
2007/08/29,0,393000,-151000,242000
2007/08/30,0,4231000,-151000,4080000
2007/08/31,0,364000,-451000,-87000
2007/09/03,0,319050,-315000,4050
2007/09/04,0,173000,-3521000,-3348000
2007/09/05,0,498200,-1020000,-521800
2007/09/06,0,1446000,-13000,1433000
2007/09/07,0,1111000,-39000,1072000
2007/09/10,0,3210000,-79000,3131000
2007/09/11,0,1922000,-96000,1826000
2007/09/12,0,656000,-33000,623000
2007/09/13,0,1640000,-100000,1540000
2007/09/14,0,179000,-60000,119000
2007/09/17,0,965000,-280000,685000
2007/09/18,0,0,0,0
2007/09/19,0,433000,-1422000,-989000
2007/09/20,0,399300,-6000,393300
2007/09/21,0,3568000,-158000,3410000
2007/09/24,0,0,0,0
2007/09/25,0,0,0,0
2007/09/26,0,765000,-426000,339000
2007/09/27,0,725000,-608000,117000
2007/09/28,0,25000,-1711000,-1686000
2007/10/01,0,217000,-607000,-390000
2007/10/02,0,3868000,-1200672,2667328
2007/10/03,0,508000,-501000,7000
2007/10/04,0,895000,-57000,838000
2007/10/05,0,676000,-7000,669000
2007/10/08,0,7000,-538000,-531000
2007/10/09,0,31000,-1030000,-999000
2007/10/10,0,0,0,0
2007/10/11,0,206000,0,206000
2007/10/12,0,118000,-1887000,-1769000
2007/10/15,0,3310000,-442000,2868000
2007/10/16,0,1519000,-443000,1076000
2007/10/17,0,2359000,-1160000,1199000
2007/10/18,0,819000,-216000,603000
2007/10/19,0,437000,-34000,403000
2007/10/22,0,3275000,-680000,2595000
2007/10/23,0,1412000,-357000,1055000
2007/10/24,0,889000,-1568000,-679000
2007/10/25,0,393000,-1268000,-875000
2007/10/26,0,128000,-1840000,-1712000
2007/10/29,0,296000,-22000,274000
2007/10/30,0,732000,-3494000,-2762000
2007/10/31,0,744000,-1000,743000
2007/11/01,0,973000,-30000,943000
2007/11/02,0,367000,-31000,336000
2007/11/05,0,946000,-1180000,-234000
2007/11/06,0,20000,-114000,-94000
2007/11/07,0,273000,-93000,180000
2007/11/08,0,3000,-463000,-460000
2007/11/09,0,320000,-170000,150000
2007/11/12,0,12000,-475000,-463000
2007/11/13,0,254000,-117000,137000
2007/11/14,0,65000,-27000,38000
2007/11/15,0,119000,-1000,118000
2007/11/16,0,438000,-206000,232000
2007/11/19,0,62000,-7000,55000
2007/11/20,0,424000,-251000,173000
2007/11/21,0,54000,-173000,-119000
2007/11/22,0,729000,-116000,613000
2007/11/23,0,428000,-120000,308000
2007/11/26,0,233000,-76000,157000
2007/11/27,0,145000,-57000,88000
2007/11/28,0,809000,-464000,345000
2007/11/29,0,1001000,-309000,692000
2007/11/30,0,2406000,-134000,2272000
2007/12/03,0,75000,-2064000,-1989000
2007/12/04,0,317000,-119000,198000
2007/12/05,0,306000,-94000,212000
2007/12/06,0,1531000,-229000,1302000
2007/12/07,0,2807000,-242690,2564310
2007/12/10,0,3484000,-337000,3147000
2007/12/11,0,3010000,-436000,2574000
2007/12/12,0,2326000,-1572000,754000
2007/12/13,0,1084000,-1777000,-693000
2007/12/14,0,180000,-3953000,-3773000
2007/12/17,0,433000,-1300000,-867000
2007/12/18,0,1391000,-789000,602000
2007/12/19,0,77000,-1431000,-1354000
2007/12/20,0,204000,-1626000,-1422000
2007/12/21,0,65000,-648000,-583000
2007/12/24,0,7000,-114000,-107000
2007/12/25,0,3000,-36000,-33000
2007/12/26,0,67000,-78000,-11000
2007/12/27,0,80000,-3022000,-2942000
2007/12/28,0,627000,-114000,513000
2007/12/31,0,45000,-51000,-6000
2008/01/01,0,0,0,0
2008/01/02,0,73000,-293000,-220000
2008/01/03,0,1356000,-2273000,-917000
2008/01/04,0,4222000,-1386000,2836000
2008/01/07,0,3411000,-1119000,2292000
2008/01/08,0,163000,-363000,-200000
2008/01/09,0,172000,-346000,-174000
2008/01/10,0,99613,-29000,70613
2008/01/11,0,2436000,-2266000,170000
2008/01/14,0,7653000,-160000,7493000
2008/01/15,0,8533722,-7402000,1131722
2008/01/16,0,3263000,-121000,3142000
2008/01/17,0,1741000,-1865000,-124000
2008/01/18,0,2377000,-1654000,723000
2008/01/21,0,1640000,-268000,1372000
2008/01/22,0,856000,-1151000,-295000
2008/01/23,0,1289000,-964000,325000
2008/01/24,0,614000,-1196000,-582000
2008/01/25,0,192000,-2769000,-2577000
2008/01/28,0,1887000,-228000,1659000
2008/01/29,0,2575000,-513000,2062000
2008/01/30,0,1841000,-1586000,255000
2008/01/31,0,5146000,-217000,4929000
2008/02/01,0,2779000,-1183000,1596000
2008/02/04,0,0,0,0
2008/02/05,0,0,0,0
2008/02/06,0,0,0,0
2008/02/07,0,0,0,0
2008/02/08,0,0,0,0
2008/02/11,0,0,0,0
2008/02/12,0,5472000,-473000,4999000
2008/02/13,0,2667000,-1258000,1409000
2008/02/14,0,1748000,-756000,992000
2008/02/15,0,2902000,-1036000,1866000
2008/02/18,0,1533000,-34000,1499000
2008/02/19,0,2303000,-920000,1383000
2008/02/20,0,2178000,-1065000,1113000
2008/02/21,0,337000,-483000,-146000
2008/02/22,0,933000,-1525000,-592000
2008/02/25,0,4231000,-83000,4148000
2008/02/26,0,3445000,-1355000,2090000
2008/02/27,0,430000,-732000,-302000
2008/02/28,0,0,0,0
2008/02/29,0,352000,-22000,330000
2008/03/03,0,504000,-492000,12000
2008/03/04,0,1558000,-1456000,102000
2008/03/05,0,1472000,-877000,595000
2008/03/06,0,1090000,-1527000,-437000
2008/03/07,0,1453000,-918000,535000
2008/03/10,0,1822000,-551000,1271000
2008/03/11,0,302000,-1391170,-1089170
2008/03/12,0,1083000,-63000,1020000
2008/03/13,0,276000,-955000,-679000
2008/03/14,0,157000,-1734000,-1577000
2008/03/17,0,138000,-1119000,-981000
2008/03/18,0,1510000,-1618000,-108000
2008/03/19,0,189000,-701000,-512000
2008/03/20,0,510000,-2853000,-2343000
2008/03/21,0,1150000,-117000,1033000
2008/03/24,0,1273000,-1328000,-55000
2008/03/25,0,1517000,-1282000,235000
2008/03/26,0,472000,-527000,-55000
2008/03/27,0,768000,-2931000,-2163000
2008/03/28,0,78000,-2611000,-2533000
2008/03/31,0,2336000,-203000,2133000
2008/04/01,0,2136000,-1295000,841000
2008/04/02,0,2444000,-3596925,-1152925
2008/04/03,0,1000,-2425000,-2424000
2008/04/04,0,0,0,0
2008/04/07,0,989000,-1000,988000
2008/04/08,0,2091000,-2501000,-410000
2008/04/09,0,3491000,-319000,3172000
2008/04/10,0,816000,-556000,260000
2008/04/11,0,1068000,-70000,998000
2008/04/14,0,4762000,-1296000,3466000
2008/04/15,0,273000,-219000,54000
2008/04/16,0,921000,-2430000,-1509000
2008/04/17,0,2578000,-2446000,132000
2008/04/18,0,435000,-1777000,-1342000
2008/04/21,0,1204000,-4402000,-3198000
2008/04/22,0,3340000,-1682000,1658000
2008/04/23,0,484000,-419000,65000
2008/04/24,0,228000,-612000,-384000
2008/04/25,0,521000,-2537000,-2016000
2008/04/28,0,2549000,-1709500,839500
2008/04/29,0,1994000,-2710000,-716000
2008/04/30,0,1198000,-748613,449387
2008/05/01,0,0,0,0
2008/05/02,0,218000,-117000,101000
2008/05/05,0,129000,-395000,-266000
2008/05/06,0,114000,-1152500,-1038500
2008/05/07,0,202000,-233000,-31000
2008/05/08,0,287000,-401000,-114000
2008/05/09,0,247000,-1580000,-1333000
2008/05/12,0,19000,-1953000,-1934000
2008/05/13,0,599000,-212000,387000
2008/05/14,0,138000,-993000,-855000
2008/05/15,0,930000,-79000,851000
2008/05/16,0,2334000,-2529000,-195000
2008/05/19,0,594000,-2381000,-1787000
2008/05/20,0,252000,-616000,-364000
2008/05/21,0,726000,-442000,284000
2008/05/22,0,870000,-1970000,-1100000
2008/05/23,0,1044000,-3591000,-2547000
2008/05/26,0,44000,-74000,-30000
2008/05/27,0,1522000,-16000,1506000
2008/05/28,0,2409000,-1832000,577000
2008/05/29,0,414000,-163000,251000
2008/05/30,0,65000,-878000,-813000
2008/06/02,0,560000,-139000,421000
2008/06/03,0,1400000,-2883000,-1483000
2008/06/04,0,678000,-391000,287000
2008/06/05,0,159000,-1418000,-1259000
2008/06/06,0,581000,-439000,142000
2008/06/09,0,69000,-81000,-12000
2008/06/10,0,222000,-1705755,-1483755
2008/06/11,0,932000,-1414000,-482000
2008/06/12,0,2178000,-2147000,31000
2008/06/13,0,632000,-1819000,-1187000
2008/06/16,0,586000,-186000,400000
2008/06/17,0,300000,-109000,191000
2008/06/18,0,1299000,-465000,834000
2008/06/19,0,39000,-927000,-888000
2008/06/20,0,264000,-2785000,-2521000
2008/06/23,0,609000,-135000,474000
2008/06/24,0,22000,-402000,-380000
2008/06/25,0,789000,-282000,507000
2008/06/26,0,831000,-265000,566000
2008/06/27,0,1124000,-858000,266000
2008/06/30,0,120000,-904000,-784000
2008/07/01,0,438000,-784000,-346000
2008/07/02,0,502000,-3282000,-2780000
2008/07/03,0,335000,-909000,-574000
2008/07/04,0,68000,-3020000,-2952000
2008/07/07,0,99000,-824000,-725000
2008/07/08,0,2000,-3639000,-3637000
2008/07/09,0,2212000,-5272000,-3060000
2008/07/10,0,446000,-5142000,-4696000
2008/07/11,0,55000,-3347000,-3292000
2008/07/14,0,371000,-838000,-467000
2008/07/15,0,319000,-1819000,-1500000
2008/07/16,0,1685000,-2503000,-818000
2008/07/17,0,888000,-1577000,-689000
2008/07/18,0,604000,-975000,-371000
2008/07/21,0,762000,-39000,723000
2008/07/22,0,639000,-67000,572000
2008/07/23,0,1207000,-310000,897000
2008/07/24,0,946000,-363000,583000
2008/07/25,0,1272000,-954000,318000
2008/07/28,0,0,0,0
2008/07/29,0,191000,-1399000,-1208000
2008/07/30,0,663000,-3696000,-3033000
2008/07/31,0,1902110,-1984000,-81890
2008/08/01,0,711000,-1312000,-601000
2008/08/04,0,653000,-2287000,-1634000
2008/08/05,0,143000,-465000,-322000
2008/08/06,0,350000,-2517000,-2167000
2008/08/07,0,476000,-100000,376000
2008/08/08,0,461000,-1262000,-801000
2008/08/11,0,583000,-333000,250000
2008/08/12,0,1109000,-23000,1086000
2008/08/13,0,1321000,-35000,1286000
2008/08/14,0,267000,-410000,-143000
2008/08/15,0,916000,-217000,699000
2008/08/18,0,208000,-275000,-67000
2008/08/19,0,1328000,-322310,1005690
2008/08/20,0,1622000,-542000,1080000
2008/08/21,0,107000,-2526000,-2419000
2008/08/22,0,228000,-126000,102000
2008/08/25,0,220000,-89000,131000
2008/08/26,0,285000,-218000,67000
2008/08/27,0,221000,-273000,-52000
2008/08/28,0,232000,-78000,154000
2008/08/29,0,1001000,-191000,810000
2008/09/01,0,866000,-650000,216000
2008/09/02,0,455000,-1445000,-990000
2008/09/03,0,500000,-1024000,-524000
2008/09/04,0,779000,-430000,349000
2008/09/05,0,401000,-1078000,-677000
2008/09/08,0,319000,-50000,269000
2008/09/09,0,42000,-363000,-321000
2008/09/10,0,584000,-23000,561000
2008/09/11,0,22000,-289000,-267000
2008/09/12,0,119000,-265000,-146000
2008/09/15,0,20000,-409000,-389000
2008/09/16,0,38000,-28627,9373
2008/09/17,0,21000,-122000,-101000
2008/09/18,0,0,0,0
2008/09/19,0,3136000,-400000,2736000
2008/09/22,0,2222000,-160000,2062000
2008/09/23,0,1115000,-477000,638000
2008/09/24,0,609000,-875000,-266000
2008/09/25,0,1483000,-1961000,-478000
2008/09/26,0,2000,-408000,-406000
2008/09/29,0,0,0,0
2008/09/30,0,16000,-18000,-2000
2008/10/01,0,64000,-80000,-16000
2008/10/02,0,33000,-146000,-113000
2008/10/03,0,9000,-2250000,-2241000
2008/10/06,0,1015000,-769000,246000
2008/10/07,0,857000,-196000,661000
2008/10/08,0,1522000,-1213000,309000
2008/10/09,0,96000,0,96000
2008/10/10,0,0,0,0
2008/10/13,0,0,-75000,-75000
2008/10/14,0,75000,-37000,38000
2008/10/15,0,79000,-170000,-91000
2008/10/16,0,0,0,0
2008/10/17,0,0,-585000,-585000
2008/10/20,0,200000,-99000,101000
2008/10/21,0,99000,-1427000,-1328000
2008/10/22,0,0,-627000,-627000
2008/10/23,0,0,0,0
2008/10/24,0,22000,0,22000
2008/10/27,0,0,-18000,-18000
2008/10/28,0,0,-2431000,-2431000
2008/10/29,0,113000,-62000,51000
2008/10/30,0,142000,-821000,-679000
2008/10/31,0,162000,-120000,42000
2008/11/03,0,117000,-234000,-117000
2008/11/04,0,299000,-167000,132000
2008/11/05,0,159000,-48200,110800
2008/11/06,0,193000,-194000,-1000
2008/11/07,0,57000,-352000,-295000
2008/11/10,0,469000,-17000,452000
2008/11/11,0,191000,-3903000,-3712000
2008/11/12,0,95000,-502000,-407000
2008/11/13,0,16000,-1738000,-1722000
2008/11/14,0,90000,-1006000,-916000
2008/11/17,0,272000,-2862000,-2590000
2008/11/18,0,87000,-2800000,-2713000
2008/11/19,0,107000,-1317000,-1210000
2008/11/20,0,91000,-1749000,-1658000
2008/11/21,0,40000,-91000,-51000
2008/11/24,0,72000,-33000,39000
2008/11/25,0,51000,-156000,-105000
2008/11/26,0,190000,-73000,117000
2008/11/27,0,23000,-155000,-132000
2008/11/28,0,166000,-1349000,-1183000
2008/12/01,0,12000,-1717000,-1705000
2008/12/02,0,27000,-8000,19000
2008/12/03,0,25000,-269000,-244000
2008/12/04,0,40000,-99000,-59000
2008/12/05,0,74000,-108000,-34000
2008/12/08,0,502000,-213000,289000
2008/12/09,0,132000,-1505000,-1373000
2008/12/10,0,49000,-145000,-96000
2008/12/11,0,158000,-136000,22000
2008/12/12,0,88000,-151000,-63000
2008/12/15,0,100000,-62000,38000
2008/12/16,0,120000,-92000,28000
2008/12/17,0,140000,-164000,-24000
2008/12/18,0,379890,-153000,226890
2008/12/19,0,142000,-349000,-207000
2008/12/22,0,171000,-165000,6000
2008/12/23,0,28000,-95000,-67000
2008/12/24,0,196000,-44000,152000
2008/12/25,0,35000,-32000,3000
2008/12/26,0,46000,-160000,-114000
2008/12/29,0,16000,-23000,-7000
2008/12/30,0,135000,-1000,134000
2008/12/31,0,39000,-105000,-66000
2009/01/01,0,0,0,0
2009/01/02,0,0,0,0
2009/01/05,0,251000,-76000,175000
2009/01/06,0,0,-266000,-266000
2009/01/07,0,228000,0,228000
2009/01/08,0,113000,-200000,-87000
2009/01/09,0,1058000,-66000,992000
2009/01/12,0,101000,-1226000,-1125000
2009/01/13,0,16000,-1361000,-1345000
2009/01/14,0,183000,-16000,167000
2009/01/15,0,101000,-1455000,-1354000
2009/01/16,0,30000,-112000,-82000
2009/01/19,0,22000,-30000,-8000
2009/01/20,0,5000,-705000,-700000
2009/01/21,0,108000,-23000,85000
2009/01/22,0,0,0,0
2009/01/23,0,0,0,0
2009/01/26,0,0,0,0
2009/01/27,0,0,0,0
2009/01/28,0,0,0,0
2009/01/29,0,0,0,0
2009/01/30,0,0,0,0
2009/02/02,0,47000,-1268000,-1221000
2009/02/03,0,402000,-2352000,-1950000
2009/02/04,0,346000,-1023000,-677000
2009/02/05,0,255000,-530000,-275000
2009/02/06,0,136000,-1261000,-1125000
2009/02/09,0,45000,-1176000,-1131000
2009/02/10,0,4000,-2195000,-2191000
2009/02/11,0,0,-450000,-450000
2009/02/12,0,97000,-47000,50000
2009/02/13,0,0,0,0
2009/02/16,0,565000,-1000,564000
2009/02/17,0,36000,-384000,-348000
2009/02/18,0,65000,-44000,21000
2009/02/19,0,212000,-70000,142000
2009/02/20,0,4000,-237000,-233000
2009/02/23,0,0,0,0
2009/02/24,0,0,0,0
2009/02/25,0,83000,-35000,48000
2009/02/26,0,182500,-14000,168500
2009/02/27,0,574000,-12000,562000
2009/03/02,0,4000,-352000,-348000
2009/03/03,0,0,-128000,-128000
2009/03/04,0,333000,-28000,305000
2009/03/05,0,0,-8000,-8000
2009/03/06,0,134000,-153000,-19000
2009/03/09,0,252000,0,252000
2009/03/10,0,62000,-162000,-100000
2009/03/11,0,151000,-10000,141000
2009/03/12,0,55000,-14000,41000
2009/03/13,0,106000,-7000,99000
2009/03/16,0,447000,-12000,435000
2009/03/17,0,1096000,-8000,1088000
2009/03/18,0,3000000,-1181000,1819000
2009/03/19,0,371000,-2000,369000
2009/03/20,0,1750000,0,1750000
2009/03/23,0,13000,-225000,-212000
2009/03/24,0,250000,-229000,21000
2009/03/25,0,261000,-417000,-156000
2009/03/26,0,7000,-78000,-71000
2009/03/27,0,84000,-15000,69000
2009/03/30,0,0,-22000,-22000
2009/03/31,0,4000,-26000,-22000
2009/04/01,0,159000,0,159000
2009/04/02,0,212000,-8000,204000
2009/04/03,0,20500,-11000,9500
2009/04/06,0,209000,-12000,197000
2009/04/07,0,128000,-4000,124000
2009/04/08,0,25000,-100000,-75000
2009/04/09,0,81000,-27000,54000
2009/04/10,0,151000,-70000,81000
2009/04/13,0,210000,0,210000
2009/04/14,0,95000,-70000,25000
2009/04/15,0,200000,-25000,175000
2009/04/16,0,112000,-144000,-32000
2009/04/17,0,240000,-35000,205000
2009/04/20,0,80000,-164000,-84000
2009/04/21,0,676000,-88000,588000
2009/04/22,0,176000,-396000,-220000
2009/04/23,0,140000,-240000,-100000
2009/04/24,0,121000,-367000,-246000
2009/04/27,0,115000,-413000,-298000
2009/04/28,0,67000,-30000,37000
2009/04/29,0,192000,-9000,183000
2009/04/30,0,2973000,-5000,2968000
2009/05/01,0,0,0,0
2009/05/04,0,585000,-28000,557000
2009/05/05,0,2458000,-1658000,800000
2009/05/06,0,2762000,-96000,2666000
2009/05/07,0,3453000,-510000,2943000
2009/05/08,0,702000,-1828000,-1126000
2009/05/11,0,833000,-451000,382000
2009/05/12,0,142000,-662000,-520000
2009/05/13,0,74000,-108000,-34000
2009/05/14,0,45000,-269000,-224000
2009/05/15,0,54000,-842000,-788000
2009/05/18,0,252000,-220000,32000
2009/05/19,0,1619000,-62000,1557000
2009/05/20,0,101000,-1616000,-1515000
2009/05/21,0,69000,-98000,-29000
2009/05/22,0,247000,-175000,72000
2009/05/25,0,242000,-139000,103000
2009/05/26,0,162000,-112000,50000
2009/05/27,0,628000,-61000,567000
2009/05/28,0,0,0,0
2009/05/29,0,0,0,0
2009/06/01,0,216000,-77000,139000
2009/06/02,0,54000,-273000,-219000
2009/06/03,0,459000,-164000,295000
2009/06/04,0,441000,-25000,416000
2009/06/05,0,427000,-443000,-16000
2009/06/08,0,202000,-1462000,-1260000
2009/06/09,0,327000,-373000,-46000
2009/06/10,0,66000,-669000,-603000
2009/06/11,0,163000,-693000,-530000
2009/06/12,0,231000,-533000,-302000
2009/06/15,0,131000,-318000,-187000
2009/06/16,0,121000,-837000,-716000
2009/06/17,0,435000,-218000,217000
2009/06/18,0,101000,-559000,-458000
2009/06/19,0,166000,-941000,-775000
2009/06/22,0,42000,-125000,-83000
2009/06/23,0,20000,-220000,-200000
2009/06/24,0,254000,-289000,-35000
2009/06/25,0,6199000,-210000,5989000
2009/06/26,0,1078000,-836000,242000
2009/06/29,0,218000,-102000,116000
2009/06/30,0,31000,-411000,-380000
2009/07/01,0,789000,-21000,768000
2009/07/02,0,526000,-519000,7000
2009/07/03,0,312000,-876000,-564000
2009/07/06,0,2960000,-376000,2584000
2009/07/07,0,309000,-797000,-488000
2009/07/08,0,406000,-15000,391000
2009/07/09,0,479000,-212000,267000
2009/07/10,0,386000,-59000,327000
2009/07/13,0,154000,-77000,77000
2009/07/14,0,681000,-563000,118000
2009/07/15,0,378000,-686000,-308000
2009/07/16,0,256000,-227000,29000
2009/07/17,0,19000,-144000,-125000
2009/07/20,0,904000,-158000,746000
2009/07/21,0,227000,-837000,-610000
2009/07/22,0,459000,-206000,253000
2009/07/23,0,385000,-110000,275000
2009/07/24,0,1973000,-277000,1696000
2009/07/27,0,60000,-200000,-140000
2009/07/28,0,645000,-315000,330000
2009/07/29,0,33000,-640000,-607000
2009/07/30,0,58000,-542000,-484000
2009/07/31,0,11000,-30000,-19000
2009/08/03,0,2200000,-20000,2180000
2009/08/04,0,1185000,-291000,894000
2009/08/05,0,38000,-781000,-743000
2009/08/06,0,125000,-599000,-474000
2009/08/07,0,0,0,0
2009/08/10,0,93000,-253000,-160000
2009/08/11,0,301000,-523000,-222000
2009/08/12,0,384000,-882000,-498000
2009/08/13,0,1066000,-138000,928000
2009/08/14,0,19000,-158000,-139000
2009/08/17,0,31000,-1184000,-1153000
2009/08/18,0,387000,-3292000,-2905000
2009/08/19,0,1810000,-1947000,-137000
2009/08/20,0,1114000,-421000,693000
2009/08/21,0,893000,-615000,278000
2009/08/24,0,884000,-13000,871000
2009/08/25,0,1415000,0,1415000
2009/08/26,0,1095000,-83000,1012000
2009/08/27,0,3000,0,3000
2009/08/28,0,114000,-3000,111000
2009/08/31,0,63000,-291000,-228000
2009/09/01,0,358000,-14000,344000
2009/09/02,0,1041100,-354000,687100
2009/09/03,0,3000,-190000,-187000
2009/09/04,0,6000,-346000,-340000
2009/09/07,0,435000,0,435000
2009/09/08,0,762000,-11000,751000
2009/09/09,0,24000,-40000,-16000
2009/09/10,0,343000,0,343000
2009/09/11,0,713000,-4000,709000
2009/09/14,0,3000,-57000,-54000
2009/09/15,0,937000,0,937000
2009/09/16,0,234000,-66000,168000
2009/09/17,0,498000,-302000,196000
2009/09/18,0,53000,-851000,-798000
2009/09/21,0,14000,-42000,-28000
2009/09/22,0,23000,-117000,-94000
2009/09/23,0,3347000,-38000,3309000
2009/09/24,0,5257000,-158000,5099000
2009/09/25,0,410000,-209000,201000
2009/09/28,0,183000,-733000,-550000
2009/09/29,0,34000,-148000,-114000
2009/09/30,0,198109,-1000,197109
2009/10/01,0,437000,-162000,275000
2009/10/02,0,2801000,-300000,2501000
2009/10/05,0,6647000,-855000,5792000
2009/10/06,0,1282000,-338000,944000
2009/10/07,0,1079000,-121000,958000
2009/10/08,0,2234000,-1076000,1158000
2009/10/09,0,1335000,-1023000,312000
2009/10/12,0,166000,-233000,-67000
2009/10/13,0,235000,-221000,14000
2009/10/14,0,36000,-853000,-817000
2009/10/15,0,222000,-1404000,-1182000
2009/10/16,0,269000,-1086400,-817400
2009/10/19,0,179000,-392000,-213000
2009/10/20,0,339000,-877000,-538000
2009/10/21,0,67000,-112000,-45000
2009/10/22,0,309000,-951000,-642000
2009/10/23,0,800000,-884000,-84000
2009/10/26,0,1071000,-361000,710000
2009/10/27,0,32000,-1580000,-1548000
2009/10/28,0,1310000,-2940000,-1630000
2009/10/29,0,1079000,-2778000,-1699000
2009/10/30,0,253000,-1707000,-1454000
2009/11/02,0,1008000,-90000,918000
2009/11/03,0,58000,-936000,-878000
2009/11/04,0,103000,-4218000,-4115000
2009/11/05,0,421000,-203000,218000
2009/11/06,0,1525000,-467000,1058000
2009/11/09,0,579000,-909233,-330233
2009/11/10,0,2246000,-698999,1547001
2009/11/11,0,323000,0,323000
2009/11/12,0,1000,-2905000,-2904000
2009/11/13,0,315000,-1859000,-1544000
2009/11/16,0,132000,-1801000,-1669000
2009/11/17,0,143000,-921000,-778000
2009/11/18,0,1097000,-238000,859000
2009/11/19,0,24000,-301000,-277000
2009/11/20,0,165000,-289000,-124000
2009/11/23,0,0,-771234,-771234
2009/11/24,0,45000,-803000,-758000
2009/11/25,0,119000,0,119000
2009/11/26,0,43000,-190000,-147000
2009/11/27,0,401000,-82000,319000
2009/11/30,0,58000,-69000,-11000
2009/12/01,0,155000,-121000,34000
2009/12/02,0,3246000,-188000,3058000
2009/12/03,0,78000,-242000,-164000
2009/12/04,0,472000,-4000,468000
2009/12/07,0,12000,-172000,-160000
2009/12/08,0,90000,-69000,21000
2009/12/09,0,92000,-181000,-89000
2009/12/10,0,11000,-290000,-279000
2009/12/11,0,60000,-309000,-249000
2009/12/14,0,566000,-1271000,-705000
2009/12/15,0,79000,-650000,-571000
2009/12/16,0,7000,-277000,-270000
2009/12/17,0,48000,-136000,-88000
2009/12/18,0,21000,-756000,-735000
2009/12/21,0,55000,-23000,32000
2009/12/22,0,43000,-358000,-315000
2009/12/23,0,206000,-29000,177000
2009/12/24,0,53000,-2000,51000
2009/12/25,0,13000,-100000,-87000
2009/12/28,0,325000,-28000,297000
2009/12/29,0,47000,-200000,-153000
2009/12/30,0,44000,-39000,5000
2009/12/31,0,557000,-92000,465000
2010/01/01,0,0,0,0
2010/01/04,0,295000,-44000,251000
2010/01/05,0,110000,-11000,99000
2010/01/06,0,275000,-32000,243000
2010/01/07,0,246000,-543000,-297000
2010/01/08,0,238000,-1000,237000
2010/01/11,0,230000,-6000,224000
2010/01/12,0,192000,-205000,-13000
2010/01/13,0,357000,-407000,-50000
2010/01/14,0,261000,-239000,22000
2010/01/15,0,211000,-31000,180000
2010/01/18,0,434000,-253000,181000
2010/01/19,0,81000,-451000,-370000
2010/01/20,0,84000,-269000,-185000
2010/01/21,0,774000,-229000,545000
2010/01/22,0,583000,-215000,368000
2010/01/25,0,1000,-996000,-995000
2010/01/26,0,67000,-3036000,-2969000
2010/01/27,0,99000,-132000,-33000
2010/01/28,0,64000,-124000,-60000
2010/01/29,0,127000,-164000,-37000
2010/02/01,0,0,-158000,-158000
2010/02/02,0,56000,-264000,-208000
2010/02/03,0,20000,-94000,-74000
2010/02/04,0,455000,-105000,350000
2010/02/05,0,0,-139000,-139000
2010/02/08,0,139000,-231000,-92000
2010/02/09,0,244000,-73000,171000
2010/02/10,0,201000,-231000,-30000
2010/02/11,0,0,0,0
2010/02/12,0,0,0,0
2010/02/15,0,0,0,0
2010/02/16,0,0,0,0
2010/02/17,0,0,0,0
2010/02/18,0,0,0,0
2010/02/19,0,0,0,0
2010/02/22,0,1637000,-181000,1456000
2010/02/23,0,250000,-6000,244000
2010/02/24,0,79000,-52000,27000
2010/02/25,0,191000,-68000,123000
2010/02/26,0,163000,-130000,33000
2010/03/01,0,421000,-1629000,-1208000
2010/03/02,0,45000,-3434000,-3389000
2010/03/03,0,94000,-1003000,-909000
2010/03/04,0,35000,-131000,-96000
2010/03/05,0,148000,-8000,140000
2010/03/08,0,41000,-52000,-11000
2010/03/09,0,95000,-24000,71000
2010/03/10,0,471000,-30000,441000
2010/03/11,0,1194000,-2000,1192000
2010/03/12,0,1153000,-18000,1135000
2010/03/15,0,591000,-188000,403000
2010/03/16,0,510000,-1000,509000
2010/03/17,0,209000,0,209000
2010/03/18,0,425000,-148000,277000
2010/03/19,0,47000,-58000,-11000
2010/03/22,0,174000,-289000,-115000
2010/03/23,0,1578000,-646000,932000
2010/03/24,0,1369000,-54000,1315000
2010/03/25,0,1519000,-158000,1361000
2010/03/26,0,2111000,-1110000,1001000
2010/03/29,0,63000,-65000,-2000
2010/03/30,0,2564000,-2933000,-369000
2010/03/31,0,1998000,-1186000,812000
2010/04/01,0,3054000,-1588000,1466000
2010/04/02,0,2681000,-1713000,968000
2010/04/05,0,0,0,0
2010/04/06,0,2244000,-18000,2226000
2010/04/07,0,1432000,-41000,1391000
2010/04/08,0,880000,-117000,763000
2010/04/09,0,403000,-153000,250000
2010/04/12,0,672000,-434000,238000
2010/04/13,0,298000,-60000,238000
2010/04/14,0,131000,-255000,-124000
2010/04/15,0,186000,-1067000,-881000
2010/04/16,0,1205000,-599000,606000
2010/04/19,0,557000,-60000,497000
2010/04/20,0,566000,-198000,368000
2010/04/21,0,194000,-294000,-100000
2010/04/22,0,429000,-131000,298000
2010/04/23,0,4648000,-489000,4159000
2010/04/26,0,1302000,-846000,456000
2010/04/27,0,749000,-169000,580000
2010/04/28,0,117000,-102000,15000
2010/04/29,0,1341000,-146000,1195000
2010/04/30,0,3322000,-2300000,1022000
2010/05/03,0,3103000,-77000,3026000
2010/05/04,0,2869000,-1158000,1711000
2010/05/05,0,691000,-1283000,-592000
2010/05/06,0,1724000,-807000,917000
2010/05/07,0,2752000,-1514000,1238000
2010/05/10,0,2742000,-4708000,-1966000
2010/05/11,0,302000,-284000,18000
2010/05/12,0,5814000,-1838000,3976000
2010/05/13,0,3393000,-1723000,1670000
2010/05/14,0,1736116,-1830000,-93884
2010/05/17,0,4384000,-1466000,2918000
2010/05/18,0,2412000,-595000,1817000
2010/05/19,0,1328000,-1572000,-244000
2010/05/20,0,3021000,-554000,2467000
2010/05/21,0,1424000,-348000,1076000
2010/05/24,0,1637000,-1085000,552000
2010/05/25,0,2447000,-984000,1463000
2010/05/26,0,22777000,-16660116,6116884
2010/05/27,0,3085409,-3218850,-133441
2010/05/28,0,3139000,-770950,2368050
2010/05/31,0,459515,-517000,-57485
2010/06/01,0,737000,-574000,163000
2010/06/02,0,641000,-382000,259000
2010/06/03,0,1388000,-180109,1207891
2010/06/04,0,1189000,-184000,1005000
2010/06/07,0,161000,-1539000,-1378000
2010/06/08,0,644000,-435947,208053
2010/06/09,0,127000,-1572000,-1445000
2010/06/10,0,161000,-169000,-8000
2010/06/11,0,165000,-27000,138000
2010/06/14,0,524000,-315000,209000
2010/06/15,0,2105000,-85870,2019130
2010/06/16,0,0,0,0
2010/06/17,0,1646980,-1949000,-302020
2010/06/18,0,1249000,-1216010,32990
2010/06/21,0,3297116,-563632,2733484
2010/06/22,0,215990,-19000,196990
2010/06/23,0,167000,-96788,70212
2010/06/24,0,59000,-525950,-466950
2010/06/25,0,694000,-445190,248810
2010/06/28,0,132000,-136000,-4000
2010/06/29,0,641000,-1868000,-1227000
2010/06/30,0,1102000,-1201000,-99000
2010/07/01,0,195000,-561870,-366870
2010/07/02,0,226000,-291580,-65580
2010/07/05,0,536000,-280000,256000
2010/07/06,0,1306000,-489000,817000
2010/07/07,0,3183116,-1275000,1908116
2010/07/08,0,1795000,-271000,1524000
2010/07/09,0,1135522,-129000,1006522
2010/07/12,0,387000,-242256,144744
2010/07/13,0,202000,-210000,-8000
2010/07/14,0,1310600,-522078,788522
2010/07/15,0,310000,-1007000,-697000
2010/07/16,0,799951,-201000,598951
2010/07/19,0,676000,-215000,461000
2010/07/20,0,517000,-127000,390000
2010/07/21,0,246000,-489000,-243000
2010/07/22,0,1316000,-193000,1123000
2010/07/23,0,2728000,-102000,2626000
2010/07/26,0,1199490,-100000,1099490
2010/07/27,0,2061860,-427000,1634860
2010/07/28,0,2199000,-176000,2023000
2010/07/29,0,1581000,-159487,1421513
2010/07/30,0,1350201,-446000,904201
2010/08/02,0,1316000,-782000,534000
2010/08/03,0,3658000,-633000,3025000
2010/08/04,0,255000,-235000,20000
2010/08/05,0,1442000,-192000,1250000
2010/08/06,0,1160000,-103000,1057000
2010/08/09,0,714000,-182000,532000
2010/08/10,0,1145000,-950000,195000
2010/08/11,0,1432000,-54615,1377385
2010/08/12,0,143000,-284000,-141000
2010/08/13,0,202726,-142000,60726
2010/08/16,0,194000,-245000,-51000
2010/08/17,0,85000,-52000,33000
2010/08/18,0,1320000,-411000,909000
2010/08/19,0,583000,-79000,504000
2010/08/20,0,157000,-82000,75000
2010/08/23,0,725000,-55000,670000
2010/08/24,0,657000,-263000,394000
2010/08/25,0,1366000,-1162000,204000
2010/08/26,0,1078000,-1071000,7000
2010/08/27,0,177000,-258000,-81000
2010/08/30,0,508529,-327000,181529
2010/08/31,0,1310000,-705317,604683
2010/09/01,0,735000,-204000,531000
2010/09/02,0,875000,-406892,468108
2010/09/03,0,780000,-177000,603000
2010/09/06,0,363000,-518921,-155921
2010/09/07,0,325438,-106600,218838
2010/09/08,0,753690,-57000,696690
2010/09/09,0,1489000,-766000,723000
2010/09/10,0,1004830,-136000,868830
2010/09/13,0,980000,-487380,492620
2010/09/14,0,221804,-486000,-264196
2010/09/15,0,405695,-34000,371695
2010/09/16,0,919000,-25000,894000
2010/09/17,0,892000,-333000,559000
2010/09/20,0,138000,-68000,70000
2010/09/21,0,802000,-83000,719000
2010/09/22,0,0,0,0
2010/09/23,0,172476,-41000,131476
2010/09/24,0,737220,-886000,-148780
2010/09/27,0,1588940,-830000,758940
2010/09/28,0,766130,-836000,-69870
2010/09/29,0,1933000,-1044000,889000
2010/09/30,0,1069000,-1164000,-95000
2010/10/01,0,1634940,-1329000,305940
2010/10/04,0,1467890,-849000,618890
2010/10/05,0,1778900,-1034100,744800
2010/10/06,0,228530,-1002000,-773470
2010/10/07,0,234430,-1326000,-1091570
2010/10/08,0,239270,-17000,222270
2010/10/11,0,421210,-47000,374210
2010/10/12,0,159500,-265000,-105500
2010/10/13,0,558930,-85000,473930
2010/10/14,0,577020,-285000,292020
2010/10/15,0,250140,-175000,75140
2010/10/18,0,283000,-302000,-19000
2010/10/19,0,1254000,-808000,446000
2010/10/20,0,342000,-670000,-328000
2010/10/21,0,2534000,-1051000,1483000
2010/10/22,0,1190000,-907000,283000
2010/10/25,0,1079000,-156000,923000
2010/10/26,0,998882,-73000,925882
2010/10/27,0,1804050,-370000,1434050
2010/10/28,0,1613727,-448000,1165727
2010/10/29,0,358000,-52000,306000
2010/11/01,0,1296000,-132000,1164000
2010/11/02,0,1457000,-191000,1266000
2010/11/03,0,1736000,-1263000,473000
2010/11/04,0,1847000,-694000,1153000
2010/11/05,0,4074000,-169163,3904837
2010/11/08,0,915000,-345000,570000
2010/11/09,0,190000,-99000,91000
2010/11/10,0,379000,-353731,25269
2010/11/11,0,169000,-620341,-451341
2010/11/12,0,98000,-356000,-258000
2010/11/15,0,369570,-123000,246570
2010/11/16,0,221000,-346000,-125000
2010/11/17,0,354000,-850000,-496000
2010/11/18,0,68000,-103790,-35790
2010/11/19,0,28790,-392000,-363210
2010/11/22,0,116710,-31000,85710
2010/11/23,0,19790,-165000,-145210
2010/11/24,0,149000,-172000,-23000
2010/11/25,0,6000,-569000,-563000
2010/11/26,0,21000,-482000,-461000
2010/11/29,0,308000,-170000,138000
2010/11/30,0,381195,-346513,34682
2010/12/01,0,217000,-535000,-318000
2010/12/02,0,484000,-8799,475201
2010/12/03,0,125000,-133000,-8000
2010/12/06,0,123000,-305000,-182000
2010/12/07,0,76370,-151000,-74630
2010/12/08,0,114000,-542959,-428959
2010/12/09,0,381000,-314000,67000
2010/12/10,0,252000,-665000,-413000
2010/12/13,0,54000,-825000,-771000
2010/12/14,0,95000,-1464000,-1369000
2010/12/15,0,588000,-854000,-266000
2010/12/16,0,131000,-938000,-807000
2010/12/17,0,277000,-581000,-304000
2010/12/20,0,220820,-688000,-467180
2010/12/21,0,174000,-643873,-469873
2010/12/22,0,782000,-839524,-57524
2010/12/23,0,817000,-602000,215000
2010/12/24,0,183000,-574000,-391000
2010/12/27,0,200000,-416000,-216000
2010/12/28,0,287000,-272000,15000
2010/12/29,0,305950,-445835,-139885
2010/12/30,0,654000,-1185000,-531000
2010/12/31,0,483000,-1940340,-1457340
2011/01/03,0,447000,-605000,-158000
2011/01/04,0,173000,-1278000,-1105000
2011/01/05,0,40000,-608480,-568480
2011/01/06,0,795000,-1024000,-229000
2011/01/07,0,559000,-659000,-100000
2011/01/10,0,110000,-146000,-36000
2011/01/11,0,318000,-539000,-221000
2011/01/12,0,493000,-1875000,-1382000
2011/01/13,0,197004,-1463000,-1265996
2011/01/14,0,346000,-681000,-335000
2011/01/17,0,365992,-1310000,-944008
2011/01/18,0,676000,-3316850,-2640850
2011/01/19,0,615000,-665000,-50000
2011/01/20,0,1218000,-309000,909000
2011/01/21,0,15000,-443000,-428000
2011/01/24,0,341000,-283616,57384
2011/01/25,0,115000,-1311000,-1196000
2011/01/26,0,139000,-890300,-751300
2011/01/27,0,293000,-1435590,-1142590
2011/01/28,0,594650,-1276000,-681350
2011/01/31,0,0,0,0
2011/02/01,0,0,0,0
2011/02/02,0,0,0,0
2011/02/03,0,0,0,0
2011/02/04,0,0,0,0
2011/02/07,0,0,0,0
2011/02/08,0,821000,-565000,256000
2011/02/09,0,352000,-752610,-400610
2011/02/10,0,45000,-1213830,-1168830
2011/02/11,0,124000,-1431000,-1307000
2011/02/14,0,537000,-842480,-305480
2011/02/15,0,716000,-653000,63000
2011/02/16,0,45000,-578000,-533000
2011/02/17,0,132000,-1213430,-1081430
2011/02/18,0,215000,-739918,-524918
2011/02/21,0,71000,-352000,-281000
2011/02/22,0,118000,-883000,-765000
2011/02/23,0,27000,-441650,-414650
2011/02/24,0,144000,-1754000,-1610000
2011/02/25,0,418000,-882889,-464889
2011/02/28,0,0,0,0
2011/03/01,0,80000,-372000,-292000
2011/03/02,0,32000,-727364,-695364
2011/03/03,0,306000,-546000,-240000
2011/03/04,0,100000,-42000,58000
2011/03/07,0,83000,-179000,-96000
2011/03/08,0,1551000,-969043,581957
2011/03/09,0,1425000,-342306,1082694
2011/03/10,0,238000,-696540,-458540
2011/03/11,0,583000,-1020200,-437200
2011/03/14,0,1039000,-344000,695000
2011/03/15,0,1400000,-512190,887810
2011/03/16,0,884000,-243360,640640
2011/03/17,0,275000,-584930,-309930
2011/03/18,0,82000,-803800,-721800
2011/03/21,0,153000,-219000,-66000
2011/03/22,0,395000,-323000,72000
2011/03/23,0,708000,-338000,370000
2011/03/24,0,30000,-215000,-185000
2011/03/25,0,422000,-80000,342000
2011/03/28,0,687000,-691000,-4000
2011/03/29,0,249450,-582000,-332550
2011/03/30,0,332000,-691000,-359000
2011/03/31,0,400001,-697604,-297603
2011/04/01,0,1092000,-652000,440000
2011/04/04,0,0,0,0
2011/04/05,0,0,0,0
2011/04/06,0,648401,-756000,-107599
2011/04/07,0,886000,-2422000,-1536000
2011/04/08,0,596994,-2352000,-1755006
2011/04/11,0,232000,-759000,-527000
2011/04/12,0,259780,-491000,-231220
2011/04/13,0,266000,-73000,193000
2011/04/14,0,198000,-32000,166000
2011/04/15,0,521000,-167000,354000
2011/04/18,0,345000,-61759,283241
2011/04/19,0,621000,-514000,107000
2011/04/20,0,494000,-780000,-286000
2011/04/21,0,837000,-749000,88000
2011/04/22,0,769000,-758000,11000
2011/04/25,0,274000,-559000,-285000
2011/04/26,0,350000,-585000,-235000
2011/04/27,0,424000,-891000,-467000
2011/04/28,0,186001,-804000,-617999
2011/04/29,0,274000,-230000,44000
2011/05/02,0,0,0,0
2011/05/03,0,169000,-235000,-66000
2011/05/04,0,578000,-374000,204000
2011/05/05,0,340000,-165000,175000
2011/05/06,0,297000,-118000,179000
2011/05/09,0,293000,-263000,30000
2011/05/10,0,93000,-151000,-58000
2011/05/11,0,953000,-63000,890000
2011/05/12,0,644000,-328000,316000
2011/05/13,0,747000,-227000,520000
2011/05/16,0,113000,-378000,-265000
2011/05/17,0,916000,-251600,664400
2011/05/18,0,872000,-47000,825000
2011/05/19,0,238000,-237000,1000
2011/05/20,0,773000,-145000,628000
2011/05/23,0,544000,-613000,-69000
2011/05/24,0,660000,-150623,509377
2011/05/25,0,183000,-2078000,-1895000
2011/05/26,0,490462,-2531441,-2040979
2011/05/27,0,729000,-1912000,-1183000
2011/05/30,0,142000,-1187000,-1045000
2011/05/31,0,1231000,-3238379,-2007379
2011/06/01,0,361224,-2186034,-1824810
2011/06/02,0,553000,-2354000,-1801000
2011/06/03,0,237000,-359000,-122000
2011/06/06,0,0,0,0
2011/06/07,0,90000,-369000,-279000
2011/06/08,0,236000,-444000,-208000
2011/06/09,0,524000,-373803,150197
2011/06/10,0,341566,-282000,59566
2011/06/13,0,156000,-361019,-205019
2011/06/14,0,240000,-322000,-82000
2011/06/15,0,1032000,-854170,177830
2011/06/16,0,273000,-198000,75000
2011/06/17,0,150000,-322000,-172000
2011/06/20,0,503000,-293527,209473
2011/06/21,0,308000,-353000,-45000
2011/06/22,0,64000,-479000,-415000
2011/06/23,0,93429,-95009,-1580
2011/06/24,0,414000,-142790,271210
2011/06/27,0,749000,-305033,443967
2011/06/28,0,555000,-377023,177977
2011/06/29,0,1185000,-326000,859000
2011/06/30,0,508000,-765000,-257000
2011/07/01,0,375796,-101000,274796
2011/07/04,0,235165,-293974,-58809
2011/07/05,0,703448,-255000,448448
2011/07/06,0,315000,-127000,188000
2011/07/07,0,442000,-171000,271000
2011/07/08,0,221000,-711000,-490000
2011/07/11,0,645000,-680000,-35000
2011/07/12,0,424959,-154000,270959
2011/07/13,0,1003000,-313000,690000
2011/07/14,0,225000,-495000,-270000
2011/07/15,0,462890,-557000,-94110
2011/07/18,0,344000,-227000,117000
2011/07/19,0,98000,-866100,-768100
2011/07/20,0,578366,-155000,423366
2011/07/21,0,308887,-262000,46887
2011/07/22,0,816000,-78000,738000
2011/07/25,0,274415,-198000,76415
2011/07/26,0,968586,-156000,812586
2011/07/27,0,1218000,-861000,357000
2011/07/28,0,165000,-680000,-515000
2011/07/29,0,992066,-1163000,-170934
2011/08/01,0,804726,-1403000,-598274
2011/08/02,0,117000,-431000,-314000
2011/08/03,0,188000,-2986000,-2798000
2011/08/04,0,389000,-1280000,-891000
2011/08/05,0,50000,-52000,-2000
2011/08/08,0,189000,-1513000,-1324000
2011/08/09,0,927000,-1826905,-899905
2011/08/10,0,2354275,-1392000,962275
2011/08/11,0,642000,-3111000,-2469000
2011/08/12,0,291344,-696000,-404656
2011/08/15,0,836307,-377000,459307
2011/08/16,0,407000,-712000,-305000
2011/08/17,0,764000,-325000,439000
2011/08/18,0,252634,-980000,-727366
2011/08/19,0,1603000,-1994000,-391000
2011/08/22,0,2795000,-555000,2240000
2011/08/23,0,578000,-1438883,-860883
2011/08/24,0,100000,-2743000,-2643000
2011/08/25,0,615000,-1482000,-867000
2011/08/26,0,1167000,-182000,985000
2011/08/29,0,1214000,-131000,1083000
2011/08/30,0,2666000,-1141000,1525000
2011/08/31,0,2252000,-1164053,1087947
2011/09/01,0,1847000,-656529,1190471
2011/09/02,0,749000,-566000,183000
2011/09/05,0,2189000,-904000,1285000
2011/09/06,0,1279000,-902725,376275
2011/09/07,0,820000,-401000,419000
2011/09/08,0,1671000,-326000,1345000
2011/09/09,0,1271000,-406919,864081
2011/09/12,0,0,0,0
2011/09/13,0,23000,-1054000,-1031000
2011/09/14,0,709000,-589222,119778
2011/09/15,0,1045000,-122000,923000
2011/09/16,0,1010000,-80000,930000
2011/09/19,0,271000,-429000,-158000
2011/09/20,0,355881,-241000,114881
2011/09/21,0,624571,-706000,-81429
2011/09/22,0,219395,-804000,-584605
2011/09/23,0,931000,-910000,21000
2011/09/26,0,349000,-2109000,-1760000
2011/09/27,0,805000,-2040000,-1235000
2011/09/28,0,393342,-1460000,-1066658
2011/09/29,0,876000,-2275000,-1399000
2011/09/30,0,492000,-1539000,-1047000
2011/10/03,0,417000,-2005000,-1588000
2011/10/04,0,812000,-2376000,-1564000
2011/10/05,0,858000,-1505000,-647000
2011/10/06,0,945000,-2029000,-1084000
2011/10/07,0,972000,-4037000,-3065000
2011/10/10,0,0,0,0
2011/10/11,0,1208000,-3100000,-1892000
2011/10/12,0,375000,-4693000,-4318000
2011/10/13,0,1102000,-4637000,-3535000
2011/10/14,0,1012000,-2498000,-1486000
2011/10/17,0,532000,-2652000,-2120000
2011/10/18,0,500000,-1430000,-930000
2011/10/19,0,1005000,-1269000,-264000
2011/10/20,0,1118571,-1643000,-524429
2011/10/21,0,1180000,-1521000,-341000
2011/10/24,0,1175000,-1845000,-670000
2011/10/25,0,617000,-2347000,-1730000
2011/10/26,0,745000,-3031000,-2286000
2011/10/27,0,216000,-581000,-365000
2011/10/28,0,1048000,-238000,810000
2011/10/31,0,775000,-968000,-193000
2011/11/01,0,652000,-1194000,-542000
2011/11/02,0,2241000,-687000,1554000
2011/11/03,0,2404000,-1578000,826000
2011/11/04,0,2332000,-1605312,726688
2011/11/07,0,273000,-400000,-127000
2011/11/08,0,1571000,-135557,1435443
2011/11/09,0,1684143,-345000,1339143
2011/11/10,0,1699143,-418000,1281143
2011/11/11,0,1025000,-589000,436000
2011/11/14,0,929000,-1620000,-691000
2011/11/15,0,1055000,-71000,984000
2011/11/16,0,484000,-667000,-183000
2011/11/17,0,234571,-717351,-482780
2011/11/18,0,76000,-993000,-917000
2011/11/21,0,849000,-315000,534000
2011/11/22,0,964000,-559000,405000
2011/11/23,0,518000,-1328000,-810000
2011/11/24,0,3634892,-454892,3180000
2011/11/25,0,872000,-1463217,-591217
2011/11/28,0,1526824,-349000,1177824
2011/11/29,0,1363000,-555384,807616
2011/11/30,0,1393000,-1667505,-274505
2011/12/01,0,253000,-294000,-41000
2011/12/02,0,1542012,-732693,809319
2011/12/05,0,220000,-1730000,-1510000
2011/12/06,0,231000,-1242000,-1011000
2011/12/07,0,1011000,-751000,260000
2011/12/08,0,321390,-1655000,-1333610
2011/12/09,0,318000,-502000,-184000
2011/12/12,0,90000,-743000,-653000
2011/12/13,0,301000,-802186,-501186
2011/12/14,0,709000,-911000,-202000
2011/12/15,0,130000,-871000,-741000
2011/12/16,0,352000,-804000,-452000
2011/12/19,0,144000,-472000,-328000
2011/12/20,0,480000,-267000,213000
2011/12/21,0,455000,-1354000,-899000
2011/12/22,0,217000,-549000,-332000
2011/12/23,0,696000,-110000,586000
2011/12/26,0,760000,-212000,548000
2011/12/27,0,196000,-397000,-201000
2011/12/28,0,493000,-98000,395000
2011/12/29,0,582099,-60000,522099
2011/12/30,0,393000,-71000,322000
2012/01/02,0,250000,-111000,139000
2012/01/03,0,773841,-231000,542841
2012/01/04,0,1611000,-638039,972961
2012/01/05,0,2022695,-579000,1443695
2012/01/06,0,199357,-483000,-283643
2012/01/09,0,3103000,-1167000,1936000
2012/01/10,0,1542000,-834000,708000
2012/01/11,0,1818000,-1027000,791000
2012/01/12,0,325000,-557000,-232000
2012/01/13,0,977000,-95000,882000
2012/01/16,0,526000,-386000,140000
2012/01/17,0,351000,-342000,9000
2012/01/18,0,669000,-223000,446000
2012/01/19,0,0,0,0
2012/01/20,0,0,0,0
2012/01/23,0,0,0,0
2012/01/24,0,0,0,0
2012/01/25,0,0,0,0
2012/01/26,0,0,0,0
2012/01/27,0,0,0,0
2012/01/30,0,2248379,-394000,1854379
2012/01/31,0,905000,-132500,772500
2012/02/01,0,773000,-359300,413700
2012/02/02,0,1365000,-425000,940000
2012/02/03,0,1107000,-207000,900000
2012/02/06,0,584000,-503000,81000
2012/02/07,0,1439000,-184000,1255000
2012/02/08,0,913000,-319000,594000
2012/02/09,0,555000,-2568561,-2013561
2012/02/10,0,1156000,-35000,1121000
2012/02/13,0,764000,-553000,211000
2012/02/14,0,561571,-1859600,-1298029
2012/02/15,0,788000,-1963000,-1175000
2012/02/16,0,1858000,-7093000,-5235000
2012/02/17,0,986000,-1061000,-75000
2012/02/20,0,621000,-580000,41000
2012/02/21,0,330000,-227000,103000
2012/02/22,0,624000,-326000,298000
2012/02/23,0,1196000,-509000,687000
2012/02/24,0,416000,-2289000,-1873000
2012/02/27,0,0,0,0
2012/02/28,0,0,0,0
2012/02/29,0,2542000,-613000,1929000
2012/03/01,0,1023615,-675000,348615
2012/03/02,0,374838,-986000,-611162
2012/03/05,0,292001,-1339831,-1047830
2012/03/06,0,1113000,-257000,856000
2012/03/07,0,504000,-586000,-82000
2012/03/08,0,552000,-785000,-233000
2012/03/09,0,925000,-170000,755000
2012/03/12,0,352000,-319000,33000
2012/03/13,0,861000,-502000,359000
2012/03/14,0,377000,-840434,-463434
2012/03/15,0,489000,-718781,-229781
2012/03/16,0,110000,-310000,-200000
2012/03/19,0,247000,-410708,-163708
2012/03/20,0,247000,-345000,-98000
2012/03/21,0,819000,-371000,448000
2012/03/22,0,600000,-512000,88000
2012/03/23,0,0,-115940,-115940
2012/03/26,0,1389428,-1900000,-510572
2012/03/27,0,111000,-330000,-219000
2012/03/28,0,93000,-67000,26000
2012/03/29,0,696868,-519000,177868
2012/03/30,0,2571000,-439000,2132000
2012/04/02,0,92000,-316000,-224000
2012/04/03,0,432164,-2206000,-1773836
2012/04/04,0,0,0,0
2012/04/05,0,390000,-1418000,-1028000
2012/04/06,0,3492000,-972392,2519608
2012/04/09,0,251000,-1405000,-1154000
2012/04/10,0,477000,-1318146,-841146
2012/04/11,0,805000,-761000,44000
2012/04/12,0,587000,-795000,-208000
2012/04/13,0,1333211,-890480,442731
2012/04/16,0,1020000,-1735983,-715983
2012/04/17,0,679000,-2579000,-1900000
2012/04/18,0,904000,-287000,617000
2012/04/19,0,730000,-263000,467000
2012/04/20,0,1687000,-181331,1505669
2012/04/23,0,296000,-241000,55000
2012/04/24,0,533000,-192000,341000
2012/04/25,0,138000,-1160000,-1022000
2012/04/26,0,84000,-1024000,-940000
2012/04/27,0,544000,-566000,-22000
2012/04/30,0,1053000,-2121761,-1068761
2012/05/01,0,0,0,0
2012/05/02,0,832000,-240000,592000
2012/05/03,0,532000,-433000,99000
2012/05/04,0,346000,-341000,5000
2012/05/07,0,626000,-878000,-252000
2012/05/08,0,384000,-483000,-99000
2012/05/09,0,271000,-946430,-675430
2012/05/10,0,630000,-742172,-112172
2012/05/11,0,391714,-658000,-266286
2012/05/14,0,963026,-99000,864026
2012/05/15,0,2117263,-549000,1568263
2012/05/16,0,868571,-966000,-97429
2012/05/17,0,1528000,-412000,1116000
2012/05/18,0,1182000,-697000,485000
2012/05/21,0,2122000,-363000,1759000
2012/05/22,0,540000,-276000,264000
2012/05/23,0,964571,-312000,652571
2012/05/24,0,1462000,-66000,1396000
2012/05/25,0,2920000,-237700,2682300
2012/05/28,0,1594000,-172000,1422000
2012/05/29,0,1793000,-669417,1123583
2012/05/30,0,1751000,-1688463,62537
2012/05/31,0,6455406,-4238572,2216834
2012/06/01,0,906000,-1313244,-407244
2012/06/04,0,2241482,-401258,1840224
2012/06/05,0,1136000,-608000,528000
2012/06/06,0,596000,-999000,-403000
2012/06/07,0,1229303,-1468000,-238697
2012/06/08,0,2312570,-1532000,780570
2012/06/11,0,3279000,-539000,2740000
2012/06/12,0,2733000,-881000,1852000
2012/06/13,0,2038000,-958258,1079742
2012/06/14,0,1237000,-409534,827466
2012/06/15,0,1127000,-440017,686983
2012/06/18,0,1018000,-516000,502000
2012/06/19,0,2572571,-137000,2435571
2012/06/20,0,1674571,-451000,1223571
2012/06/21,0,1100195,-1063000,37195
2012/06/22,0,743571,-808000,-64429
2012/06/25,0,217000,-987000,-770000
2012/06/26,0,418000,-353000,65000
2012/06/27,0,607000,-308000,299000
2012/06/28,0,2415000,-1969000,446000
2012/06/29,0,1982000,-448000,1534000
2012/07/02,0,252000,-425000,-173000
2012/07/03,0,695571,-154000,541571
2012/07/04,0,1279000,-589000,690000
2012/07/05,0,332000,-55032,276968
2012/07/06,0,558000,-565000,-7000
2012/07/09,0,611000,-74000,537000
2012/07/10,0,1387000,-228000,1159000
2012/07/11,0,1057000,-1174880,-117880
2012/07/12,0,485000,-1139000,-654000
2012/07/13,0,338000,-246868,91132
2012/07/16,0,224000,-176000,48000
2012/07/17,0,334000,-467000,-133000
2012/07/18,0,391000,-3198571,-2807571
2012/07/19,0,844000,-386571,457429
2012/07/20,0,913000,-765143,147857
2012/07/23,0,418000,-799000,-381000
2012/07/24,0,183000,-335108,-152108
2012/07/25,0,1012000,-1923000,-911000
2012/07/26,0,4374000,-3438866,935134
2012/07/27,0,1386000,-811000,575000
2012/07/30,0,748012,-632000,116012
2012/07/31,0,2592000,-1597537,994463
2012/08/01,0,804000,-1866000,-1062000
2012/08/02,0,0,0,0
2012/08/03,0,1408111,-1336659,71452
2012/08/06,0,1093000,-202000,891000
2012/08/07,0,1762000,-3515000,-1753000
2012/08/08,0,1012502,-571251,441251
2012/08/09,0,1269000,-1757132,-488132
2012/08/10,0,782000,-776000,6000
2012/08/13,0,810000,-1097000,-287000
2012/08/14,0,1376000,-348000,1028000
2012/08/15,0,463000,-665000,-202000
2012/08/16,0,3153000,-2595000,558000
2012/08/17,0,991000,-360084,630916
2012/08/20,0,831000,-497000,334000
2012/08/21,0,1303759,-419000,884759
2012/08/22,0,355323,-123000,232323
2012/08/23,0,393890,-197000,196890
2012/08/24,0,777000,-634000,143000
2012/08/27,0,496000,-460000,36000
2012/08/28,0,1204686,-207000,997686
2012/08/29,0,3146000,-1367600,1778400
2012/08/30,0,2069000,-1268000,801000
2012/08/31,0,1538650,-1084877,453773
2012/09/03,0,673000,-742000,-69000
2012/09/04,0,1522000,-1508000,14000
2012/09/05,0,1023000,-1217000,-194000
2012/09/06,0,196000,-373000,-177000
2012/09/07,0,1085000,-220256,864744
2012/09/10,0,796000,-760085,35915
2012/09/11,0,130000,-155000,-25000
2012/09/12,0,2783000,-196000,2587000
2012/09/13,0,1620000,-982000,638000
2012/09/14,0,2605000,-442000,2163000
2012/09/17,0,2164000,-2599000,-435000
2012/09/18,0,579000,-2236000,-1657000
2012/09/19,0,1763583,-1974695,-211112
2012/09/20,0,795000,-343000,452000
2012/09/21,0,1974000,-88000,1886000
2012/09/24,0,1469000,-1223000,246000
2012/09/25,0,1265000,-74000,1191000
2012/09/26,0,1283000,-989000,294000
2012/09/27,0,566000,-345153,220847
2012/09/28,0,2442000,-290140,2151860
2012/10/01,0,938000,-271000,667000
2012/10/02,0,608000,-1471217,-863217
2012/10/03,0,778000,-22000,756000
2012/10/04,0,673000,-68600,604400
2012/10/05,0,665000,-1649033,-984033
2012/10/08,0,341700,-744000,-402300
2012/10/09,0,1237000,-760829,476171
2012/10/10,0,0,0,0
2012/10/11,0,1548000,-411000,1137000
2012/10/12,0,1929000,-1861400,67600
2012/10/15,0,952000,-365000,587000
2012/10/16,0,2176000,-340000,1836000
2012/10/17,0,1555000,-426000,1129000
2012/10/18,0,733000,-803000,-70000
2012/10/19,0,802000,-816000,-14000
2012/10/22,0,346000,-1945000,-1599000
2012/10/23,0,922600,-2378000,-1455400
2012/10/24,0,1129000,-598453,530547
2012/10/25,0,1643000,-1238000,405000
2012/10/26,0,1358000,-654000,704000
2012/10/29,0,1762000,-166000,1596000
2012/10/30,0,1452000,-1722000,-270000
2012/10/31,0,2571000,-1577900,993100
2012/11/01,0,2576000,-1172600,1403400
2012/11/02,0,1109000,-3127000,-2018000
2012/11/05,0,247000,-320000,-73000
2012/11/06,0,3318000,-2766000,552000
2012/11/07,0,1833000,-1495000,338000
2012/11/08,0,1468000,-1294000,174000
2012/11/09,0,1410000,-2015000,-605000
2012/11/12,0,1115000,-1024000,91000
2012/11/13,0,1064000,-841000,223000
2012/11/14,0,809000,-172000,637000
2012/11/15,0,916000,-267000,649000
2012/11/16,0,2061000,-737000,1324000
2012/11/19,0,1882000,-802000,1080000
2012/11/20,0,1156000,-675000,481000
2012/11/21,0,2934000,-1652000,1282000
2012/11/22,0,1625378,-193000,1432378
2012/11/23,0,1775000,-496000,1279000
2012/11/26,0,1648000,-1664000,-16000
2012/11/27,0,935000,-261463,673537
2012/11/28,0,579100,-667000,-87900
2012/11/29,0,2436000,-1211000,1225000
2012/11/30,0,2629000,-1715751,913249
2012/12/03,0,2666000,-392000,2274000
2012/12/04,0,724330,-450000,274330
2012/12/05,0,1318000,-2359000,-1041000
2012/12/06,0,1460000,-969500,490500
2012/12/07,0,519000,-745000,-226000
2012/12/10,0,828000,-432000,396000
2012/12/11,0,1091611,-1166500,-74889
2012/12/12,0,2835000,-1910000,925000
2012/12/13,0,1160338,-570000,590338
2012/12/14,0,1570016,-614100,955916
2012/12/17,0,2602000,-3319589,-717589
2012/12/18,0,1660000,-640000,1020000
2012/12/19,0,548000,-745898,-197898
2012/12/20,0,1584000,-1354000,230000
2012/12/21,0,665000,-966407,-301407
2012/12/24,0,97000,-153000,-56000
2012/12/25,0,224245,-110000,114245
2012/12/26,0,224000,-211000,13000
2012/12/27,0,1004000,-803000,201000
2012/12/28,0,716000,-695000,21000
2012/12/31,0,0,0,0
2013/01/01,0,0,0,0
2013/01/02,0,2202000,-388204,1813796
2013/01/03,0,5754000,-3537000,2217000
2013/01/04,0,796000,-2203000,-1407000
2013/01/07,0,750000,-2206200,-1456200
2013/01/08,0,263000,-1814000,-1551000
2013/01/09,0,1518000,-2031000,-513000
2013/01/10,0,1065000,-943800,121200
2013/01/11,0,1299000,-1494600,-195600
2013/01/14,0,522000,-2059840,-1537840
2013/01/15,0,1761712,-2306000,-544288
2013/01/16,0,965000,-1511000,-546000
2013/01/17,0,1668300,-1797000,-128700
2013/01/18,0,2379000,-2154000,225000
2013/01/21,0,541000,-483000,58000
2013/01/22,0,1630000,-526347,1103653
2013/01/23,0,466000,-1474623,-1008623
2013/01/24,0,479000,-1401100,-922100
2013/01/25,0,660000,-660009,-9
2013/01/28,0,413000,-631250,-218250
2013/01/29,0,1118100,-1993960,-875860
2013/01/30,0,2162000,-331000,1831000
2013/01/31,0,1106000,-1572420,-466420
2013/02/01,0,876000,-291421,584579
2013/02/04,0,1161000,-984000,177000
2013/02/05,0,2676000,-647497,2028503
2013/02/06,0,747730,-1477000,-729270
2013/02/07,0,0,0,0
2013/02/08,0,0,0,0
2013/02/11,0,0,0,0
2013/02/12,0,0,0,0
2013/02/13,0,0,0,0
2013/02/14,0,0,0,0
2013/02/15,0,0,0,0
2013/02/18,0,1710921,-1278200,432721
2013/02/19,0,208183,-558920,-350737
2013/02/20,0,1845831,-510132,1335699
2013/02/21,0,3233238,-2660238,573000
2013/02/22,0,2124831,-752831,1372000
2013/02/25,0,1236000,-1085013,150987
2013/02/26,0,2109000,-874039,1234961
2013/02/27,0,435000,-713761,-278761
2013/02/28,0,0,0,0
2013/03/01,0,2105000,-790000,1315000
2013/03/04,0,1708000,-2004000,-296000
2013/03/05,0,721000,-1725000,-1004000
2013/03/06,0,2477000,-250000,2227000
2013/03/07,0,517210,-388000,129210
2013/03/08,0,965300,-990700,-25400
2013/03/11,0,396000,-157000,239000
2013/03/12,0,551000,-117669,433331
2013/03/13,0,1446000,-1185000,261000
2013/03/14,0,188000,-1157748,-969748
2013/03/15,0,566000,-1338279,-772279
2013/03/18,0,501000,-643000,-142000
2013/03/19,0,451000,-2979000,-2528000
2013/03/20,0,816000,-8068772,-7252772
2013/03/21,0,2628000,-5129000,-2501000
2013/03/22,0,1977708,-3194261,-1216553
2013/03/25,0,760000,-786000,-26000
2013/03/26,0,189000,-933000,-744000
2013/03/27,0,772300,-393600,378700
2013/03/28,0,186000,-647700,-461700
2013/03/29,0,132000,-154060,-22060
2013/04/01,0,195456,-96000,99456
2013/04/02,0,591000,-626000,-35000
2013/04/03,0,468000,-1688000,-1220000
2013/04/04,0,0,0,0
2013/04/05,0,0,0,0
2013/04/08,0,3423000,-741000,2682000
2013/04/09,0,3417000,-1358961,2058039
2013/04/10,0,764000,-2239800,-1475800
2013/04/11,0,289601,-900000,-610399
2013/04/12,0,186000,-1011000,-825000
2013/04/15,0,994048,-1618000,-623952
2013/04/16,0,2628228,-2311100,317128
2013/04/17,0,677000,-1658000,-981000
2013/04/18,0,1002000,-1062000,-60000
2013/04/19,0,530000,-1360000,-830000
2013/04/22,0,2071000,-2097000,-26000
2013/04/23,0,378000,-873000,-495000
2013/04/24,0,388000,-378000,10000
2013/04/25,0,2890000,-3586708,-696708
2013/04/26,0,1174000,-3733500,-2559500
2013/04/29,0,1063000,-1337296,-274296
2013/04/30,0,1669000,-1330000,339000
2013/05/01,0,0,0,0
2013/05/02,0,596000,-1851854,-1255854
2013/05/03,0,345000,-1629783,-1284783
2013/05/06,0,1267000,-246000,1021000
2013/05/07,0,740341,-1402100,-661759
2013/05/08,0,1201934,-2363501,-1161567
2013/05/09,0,2748868,-2155040,593828
2013/05/10,0,1762000,-733000,1029000
2013/05/13,0,1565000,-496490,1068510
2013/05/14,0,486000,-611000,-125000
2013/05/15,0,366000,-1686510,-1320510
2013/05/16,0,1009000,-842000,167000
2013/05/17,0,338000,-1658700,-1320700
2013/05/20,0,76000,-858000,-782000
2013/05/21,0,1670000,-2618266,-948266
2013/05/22,0,871000,-324540,546460
2013/05/23,0,309000,-1785460,-1476460
2013/05/24,0,66195,-641000,-574805
2013/05/27,0,526125,-384000,142125
2013/05/28,0,227000,-733000,-506000
2013/05/29,0,292000,-943000,-651000
2013/05/30,0,125000,-2046000,-1921000
2013/05/31,0,1866000,-3710748,-1844748
2013/06/03,0,514000,-1468000,-954000
2013/06/04,0,379000,-1073000,-694000
2013/06/05,0,351000,-720921,-369921
2013/06/06,0,130075,-1385657,-1255582
2013/06/07,0,694000,-796241,-102241
2013/06/10,0,958000,-1226000,-268000
2013/06/11,0,335000,-1923000,-1588000
2013/06/12,0,0,0,0
2013/06/13,0,198000,-1921500,-1723500
2013/06/14,0,399000,-1202000,-803000
2013/06/17,0,168000,-2450964,-2282964
2013/06/18,0,394000,-880000,-486000
2013/06/19,0,871000,-3548623,-2677623
2013/06/20,0,523000,-2332724,-1809724
2013/06/21,0,2743000,-1800757,942243
2013/06/24,0,215000,-840000,-625000
2013/06/25,0,392000,-802476,-410476
2013/06/26,0,2116000,-1074000,1042000
2013/06/27,0,389000,-1669000,-1280000
2013/06/28,0,1401000,-522000,879000
2013/07/01,0,995000,-811000,184000
2013/07/02,0,482549,-560529,-77980
2013/07/03,0,535000,-1062900,-527900
2013/07/04,0,1294000,-508947,785053
2013/07/05,0,904000,-520000,384000
2013/07/08,0,375000,-677000,-302000
2013/07/09,0,820000,-100000,720000
2013/07/10,0,1717000,-901000,816000
2013/07/11,0,3418646,-1500000,1918646
2013/07/12,0,2701000,-2416000,285000
2013/07/15,0,1777000,-203000,1574000
2013/07/16,0,1509000,-217000,1292000
2013/07/17,0,2919000,-1272000,1647000
2013/07/18,0,3988000,-1512000,2476000
2013/07/19,0,6087795,-3205000,2882795
2013/07/22,0,1601437,-1358000,243437
2013/07/23,0,1817000,-767245,1049755
2013/07/24,0,403000,-460000,-57000
2013/07/25,0,1188000,-461000,727000
2013/07/26,0,780000,-371606,408394
2013/07/29,0,680000,-235000,445000
2013/07/30,0,2183000,-635000,1548000
2013/07/31,0,264000,-499000,-235000
2013/08/01,0,861000,-1423000,-562000
2013/08/02,0,1291000,-269000,1022000
2013/08/05,0,628617,-399000,229617
2013/08/06,0,133000,-2003000,-1870000
2013/08/07,0,1953000,-1415000,538000
2013/08/08,0,1417466,-1061000,356466
2013/08/09,0,423000,-569000,-146000
2013/08/12,0,424000,-295732,128268
2013/08/13,0,683000,-1141241,-458241
2013/08/14,0,757596,-401000,356596
2013/08/15,0,596000,-953565,-357565
2013/08/16,0,760517,-528625,231892
2013/08/19,0,516000,-520000,-4000
2013/08/20,0,193000,-1868640,-1675640
2013/08/21,0,0,0,0
2013/08/22,0,1148000,-1677281,-529281
2013/08/23,0,1931404,-616000,1315404
2013/08/26,0,1389934,-304000,1085934
2013/08/27,0,1114752,-1015901,98851
2013/08/28,0,833000,-525000,308000
2013/08/29,0,597869,-282600,315269
2013/08/30,0,1975500,-935792,1039708
2013/09/02,0,688000,-1710175,-1022175
2013/09/03,0,1840000,-305000,1535000
2013/09/04,0,1632000,-1021424,610576
2013/09/05,0,1530360,-316000,1214360
2013/09/06,0,790431,-367000,423431
2013/09/09,0,1858000,-1325015,532985
2013/09/10,0,1624000,-2318758,-694758
2013/09/11,0,2515039,-305870,2209169
2013/09/12,0,899000,-411000,488000
2013/09/13,0,3361000,-510899,2850101
2013/09/16,0,1202000,-1190000,12000
2013/09/17,0,2072000,-607620,1464380
2013/09/18,0,1502334,-3026229,-1523895
2013/09/19,0,0,0,0
2013/09/20,0,0,0,0
2013/09/23,0,2043000,-343168,1699832
2013/09/24,0,1820000,-242465,1577535
2013/09/25,0,2708376,-1449376,1259000
2013/09/26,0,2701204,-538468,2162736
2013/09/27,0,2740000,-557948,2182052
2013/09/30,0,2214000,-1149518,1064482
2013/10/01,0,1235000,-584992,650008
2013/10/02,0,1372000,-869238,502762
2013/10/03,0,2372409,-878109,1494300
2013/10/04,0,1356000,-274700,1081300
2013/10/07,0,1549000,-749000,800000
2013/10/08,0,640026,-1074000,-433974
2013/10/09,0,196000,-247829,-51829
2013/10/10,0,0,0,0
2013/10/11,0,2596000,-901163,1694837
2013/10/14,0,2433000,-226209,2206791
2013/10/15,0,3450000,-1649000,1801000
2013/10/16,0,1206649,-1118400,88249
2013/10/17,0,418000,-884500,-466500
2013/10/18,0,684000,-303000,381000
2013/10/21,0,340000,-102000,238000
2013/10/22,0,659958,-603000,56958
2013/10/23,0,727360,-172000,555360
2013/10/24,0,564000,-571000,-7000
2013/10/25,0,214000,-781000,-567000
2013/10/28,0,390000,-665660,-275660
2013/10/29,0,422914,-831966,-409052
2013/10/30,0,349000,-1896000,-1547000
2013/10/31,0,1111567,-1433838,-322271
2013/11/01,0,416000,-456000,-40000
2013/11/04,0,129000,-389000,-260000
2013/11/05,0,487273,-974477,-487204
2013/11/06,0,310052,-1011837,-701785
2013/11/07,0,532000,-761000,-229000
2013/11/08,0,184000,-198000,-14000
2013/11/11,0,213000,-792000,-579000
2013/11/12,0,803204,-1664892,-861688
2013/11/13,0,168387,-1029000,-860613
2013/11/14,0,134015,-862000,-727985
2013/11/15,0,871000,-2925070,-2054070
2013/11/18,0,2063000,-2032139,30861
2013/11/19,0,1206000,-1020000,186000
2013/11/20,0,1415000,-1324812,90188
2013/11/21,0,564000,-1710000,-1146000
2013/11/22,0,1414000,-2206241,-792241
2013/11/25,0,1029436,-815250,214186
2013/11/26,0,1579183,-3137593,-1558410
2013/11/27,0,450000,-1305001,-855001
2013/11/28,0,549000,-769945,-220945
2013/11/29,0,437000,-1051000,-614000
2013/12/02,0,237000,-99000,138000
2013/12/03,0,274000,-1061761,-787761
2013/12/04,0,606000,-261000,345000
2013/12/05,0,286975,-1107000,-820025
2013/12/06,0,651000,-948892,-297892
2013/12/09,0,906000,-2247770,-1341770
2013/12/10,0,424771,-407000,17771
2013/12/11,0,569152,-579209,-10057
2013/12/12,0,562166,-693044,-130878
2013/12/13,0,169000,-284000,-115000
2013/12/16,0,91000,-815390,-724390
2013/12/17,0,902000,-1592747,-690747
2013/12/18,0,1265003,-824965,440038
2013/12/19,0,1442598,-247858,1194740
2013/12/20,0,542000,-313211,228789
2013/12/23,0,130000,-305000,-175000
2013/12/24,0,50000,-178000,-128000
2013/12/25,0,58000,-101000,-43000
2013/12/26,0,59000,-263000,-204000
2013/12/27,0,389000,-184000,205000
2013/12/30,0,490000,-345001,144999
2013/12/31,0,182000,-261000,-79000
2014/01/02,0,428000,-88000,340000
2014/01/03,0,151000,-298000,-147000
2014/01/06,0,222000,-738262,-516262
2014/01/07,0,1428000,-131000,1297000
2014/01/08,0,598000,-399000,199000
2014/01/09,0,324000,-930000,-606000
2014/01/10,0,537000,-3500000,-2963000
2014/01/13,0,1509000,-56000,1453000
2014/01/14,0,917000,-1216732,-299732
2014/01/15,0,390414,-475000,-84586
2014/01/16,0,163578,-250869,-87291
2014/01/17,0,159000,-404036,-245036
2014/01/20,0,247000,-2406210,-2159210
2014/01/21,0,2264000,-548933,1715067
2014/01/22,0,401000,-2920000,-2519000
2014/01/23,0,149000,-927388,-778388
2014/01/24,0,563000,-2060466,-1497466
2014/01/27,0,858000,-1336806,-478806
2014/02/05,0,2066000,-5236067,-3170067
2014/02/06,0,1585000,-4057109,-2472109
2014/02/07,0,653000,-554001,98999
2014/02/10,0,444000,-900000,-456000
2014/02/11,0,192000,-557442,-365442
2014/02/12,0,235553,-290000,-54447
2014/02/13,0,364000,-945053,-581053
2014/02/14,0,1067000,-1009612,57388
2014/02/17,0,667000,-1444000,-777000
2014/02/18,0,1477000,-2097834,-620834
2014/02/19,0,680000,-1567368,-887368
2014/02/20,0,258001,-957163,-699162
2014/02/21,0,602000,-82758,519242
2014/02/24,0,328000,-871651,-543651
2014/02/25,0,277346,-2095474,-1818128
2014/02/26,0,861000,-915523,-54523
2014/02/27,0,2054345,-1804406,249939
2014/03/03,0,3970000,-1271416,2698584
2014/03/04,0,388346,-2629000,-2240654
2014/03/05,0,135000,-409612,-274612
2014/03/06,0,394000,-825500,-431500
2014/03/07,0,457000,-277000,180000
2014/03/10,0,473000,-435934,37066
2014/03/11,0,157000,-476830,-319830
2014/03/12,0,415000,-671940,-256940
2014/03/13,0,871001,-901117,-30116
2014/03/14,0,732000,-2469941,-1737941
2014/03/17,0,851000,-1062000,-211000
2014/03/18,0,723000,-381937,341063
2014/03/19,0,642000,-383000,259000
2014/03/20,0,254000,-1840256,-1586256
2014/03/21,0,1316000,-3093000,-1777000
2014/03/24,0,488000,-2619000,-2131000
2014/03/25,0,1243000,-298017,944983
2014/03/26,0,446000,-862771,-416771
2014/03/27,0,2825000,-1457000,1368000
2014/03/28,0,1774000,-647000,1127000
2014/03/31,0,2646200,-313500,2332700
2014/04/01,0,943000,-555226,387774
2014/04/02,0,792000,-679000,113000
2014/04/03,0,914000,-1259832,-345832
2014/04/07,0,486000,-1408000,-922000
2014/04/08,0,186934,-861000,-674066
2014/04/09,0,328000,-1100000,-772000
2014/04/10,0,1814034,-837221,976813
2014/04/11,0,409000,-736239,-327239
2014/04/14,0,648000,-362000,286000
2014/04/15,0,524000,-248000,276000
2014/04/16,0,735000,-304000,431000
2014/04/17,0,946000,-1087026,-141026
2014/04/18,0,210000,-1003000,-793000
2014/04/21,0,484000,-1403000,-919000
2014/04/22,0,451000,-823251,-372251
2014/04/23,0,898000,-431000,467000
2014/04/24,0,127000,-550534,-423534
2014/04/25,0,266120,-940950,-674830
2014/04/28,0,380000,-780000,-400000
2014/04/29,0,225560,-272000,-46440
2014/04/30,0,127000,-354000,-227000
2014/05/02,0,414000,-181000,233000
2014/05/05,0,98000,-86575,11425
2014/05/06,0,203000,-956000,-753000
2014/05/07,0,278560,-330000,-51440
2014/05/08,0,713000,-723000,-10000
2014/05/09,0,238000,-664000,-426000
2014/05/12,0,458934,-1306591,-847657
2014/05/13,0,423592,-189000,234592
2014/05/14,0,934000,-478000,456000
2014/05/15,0,1023000,-814000,209000
2014/05/16,0,1245766,-1646000,-400234
2014/05/19,0,643120,-193518,449602
2014/05/20,0,407831,-272351,135480
2014/05/21,0,279000,-214604,64396
2014/05/22,0,593000,-376000,217000
2014/05/23,0,402000,-508320,-106320
2014/05/26,0,415000,-235000,180000
2014/05/27,0,185000,-58211,126789
2014/05/28,0,1059000,-220000,839000
2014/05/29,0,651240,-546436,104804
2014/05/30,0,3380390,-1963700,1416690
2014/06/03,0,943000,-481000,462000
2014/06/04,0,354000,-551000,-197000
2014/06/05,0,550925,-842633,-291708
2014/06/06,0,263000,-819720,-556720
2014/06/09,0,439000,-1437143,-998143
2014/06/10,0,843403,-68000,775403
2014/06/11,0,571166,-2128734,-1557568
2014/06/12,0,806546,-2135000,-1328454
2014/06/13,0,384169,-2988904,-2604735
2014/06/16,0,395000,-701415,-306415
2014/06/17,0,344000,-118000,226000
2014/06/18,0,1015000,-717000,298000
2014/06/19,0,174617,-627000,-452383
2014/06/20,0,881000,-1041547,-160547
2014/06/23,0,336000,-496371,-160371
2014/06/24,0,322000,-196546,125454
2014/06/25,0,902000,-694083,207917
2014/06/26,0,405000,-131900,273100
2014/06/27,0,505000,-394378,110622
2014/06/30,0,1355000,-1599070,-244070
2014/07/01,0,925000,-132000,793000
2014/07/02,0,1489869,-925000,564869
2014/07/03,0,744000,-1162000,-418000
2014/07/04,0,353000,-623000,-270000
2014/07/07,0,829000,-531134,297866
2014/07/08,0,1332876,-137108,1195768
2014/07/09,0,1565000,-275000,1290000
2014/07/10,0,2157000,-914000,1243000
2014/07/11,0,941000,-969000,-28000
2014/07/14,0,432000,-1437000,-1005000
2014/07/15,0,936000,-851000,85000
2014/07/16,0,1992000,-1086635,905365
2014/07/17,0,1110000,-2378000,-1268000
2014/07/18,0,747000,-1707000,-960000
2014/07/21,0,606000,-1038612,-432612
2014/07/22,0,1555000,-2151000,-596000
2014/07/23,0,0,0,0
2014/07/24,0,3224000,-2742000,482000
2014/07/25,0,1242000,-3285000,-2043000
2014/07/28,0,715000,-1815040,-1100040
2014/07/29,0,1788636,-741000,1047636
2014/07/30,0,9457000,-1584000,7873000
2014/07/31,0,3061000,-1239000,1822000
2014/08/01,0,1123000,-927726,195274
2014/08/04,0,2310527,-788657,1521870
2014/08/05,0,2428000,-1980384,447616
2014/08/06,0,1568000,-422000,1146000
2014/08/07,0,842000,-301155,540845
2014/08/08,0,1743000,-368400,1374600
2014/08/11,0,1798000,-150000,1648000
2014/08/12,0,1495000,-523432,971568
2014/08/13,0,2579000,-260000,2319000
2014/08/14,0,1562000,-366000,1196000
2014/08/15,0,3413000,-1711000,1702000
2014/08/18,0,1818000,-421000,1397000
2014/08/19,0,1680670,-667000,1013670
2014/08/20,0,1013670,-165000,848670
2014/08/21,0,1440000,-925000,515000
2014/08/22,0,2970612,-967000,2003612
2014/08/25,0,1029600,-866000,163600
2014/08/26,0,829884,-746712,83172
2014/08/27,0,1268000,-2445286,-1177286
2014/08/28,0,938000,-1353000,-415000
2014/08/29,0,1502000,-508000,994000
2014/09/01,0,259000,-266255,-7255
2014/09/02,0,233000,-239000,-6000
2014/09/03,0,764125,-531000,233125
2014/09/04,0,376672,-766806,-390134
2014/09/05,0,326000,-962000,-636000
2014/09/09,0,624000,-79000,545000
2014/09/10,0,288000,-686000,-398000
2014/09/11,0,439000,-599000,-160000
2014/09/12,0,385000,-967000,-582000
2014/09/15,0,929000,-473000,456000
2014/09/16,0,783054,-573000,210054
2014/09/17,0,1540000,-800000,740000
2014/09/18,0,610000,-744000,-134000
2014/09/19,0,1044000,-2373672,-1329672
2014/09/22,0,1548000,-2520000,-972000
2014/09/23,0,579000,-1165000,-586000
2014/09/24,0,1278213,-1718000,-439787
2014/09/25,0,1348054,-1902255,-554201
2014/09/26,0,390000,-456943,-66943
2014/09/29,0,1055000,-1457000,-402000
2014/09/30,0,970000,-1638000,-668000
2014/10/01,0,270000,-979000,-709000
2014/10/02,0,917000,-1301000,-384000
2014/10/03,0,1308934,-595100,713834
2014/10/06,0,693000,-1305000,-612000
2014/10/07,0,758000,-821000,-63000
2014/10/08,0,1689296,-1142090,547206
2014/10/09,0,868838,-1210000,-341162
2014/10/13,0,1270000,-1685000,-415000
2014/10/14,0,2959000,-1514000,1445000
2014/10/15,0,3063000,-1924523,1138477
2014/10/16,0,1715800,-1492172,223628
2014/10/17,0,8129000,-7246208,882792
2014/10/20,0,1012861,-1225267,-212406
2014/10/21,0,873000,-1275525,-402525
2014/10/22,0,521934,-1151000,-629066
2014/10/23,0,699934,-1583000,-883066
2014/10/24,0,1524000,-1574000,-50000
2014/10/27,0,967000,-624000,343000
2014/10/28,0,1211000,-905746,305254
2014/10/29,0,1318803,-1297288,21515
2014/10/30,0,693000,-560000,133000
2014/10/31,0,599546,-787000,-187454
2014/11/03,0,522000,-624000,-102000
2014/11/04,0,822000,-724000,98000
2014/11/05,0,1192706,-1506000,-313294
2014/11/06,0,626000,-1750000,-1124000
2014/11/07,0,523790,-888000,-364210
2014/11/10,0,1501218,-816136,685082
2014/11/11,0,575000,-341000,234000
2014/11/12,0,575000,-517000,58000
2014/11/13,0,664000,-295000,369000
2014/11/14,0,1195000,-387000,808000
2014/11/17,0,1581000,-936000,645000
2014/11/18,0,1088000,-1262173,-174173
2014/11/19,0,2094000,-1553666,540334
2014/11/20,0,2815000,-909956,1905044
2014/11/21,0,1257000,-937602,319398
2014/11/24,0,818000,-733978,84022
2014/11/25,0,1535000,-2276435,-741435
2014/11/26,0,971000,-339000,632000
2014/11/27,0,2076000,-562000,1514000
2014/11/28,0,2422000,-628200,1793800
2014/12/01,0,987000,-2097073,-1110073
2014/12/02,0,2007000,-2709954,-702954
2014/12/03,0,1521000,-1720900,-199900
2014/12/04,0,2876000,-992000,1884000
2014/12/05,0,1203000,-1569000,-366000
2014/12/08,0,933000,-3545000,-2612000
2014/12/09,0,1267000,-763000,504000
2014/12/10,0,829000,-1985000,-1156000
2014/12/11,0,1166000,-1137000,29000
2014/12/12,0,1826000,-4722131,-2896131
2014/12/15,0,1269000,-1336000,-67000
2014/12/16,0,944000,-1887430,-943430
2014/12/17,0,1511000,-4169869,-2658869
2014/12/18,0,330145,-783000,-452855
2014/12/19,0,1062000,-1395414,-333414
2014/12/22,0,634000,-773692,-139692
2014/12/23,0,278000,-634100,-356100
2014/12/24,0,459243,-562000,-102757
2014/12/25,0,218000,-30000,188000
2014/12/26,0,238000,-73000,165000
2014/12/29,0,531000,-140469,390531
2014/12/30,0,1390000,-532000,858000
2014/12/31,0,552000,-264000,288000
2015/01/01,0,0,0,0
2015/01/02,0,0,0,0
2015/01/05,0,372000,-904000,-532000
2015/01/06,0,872000,-1467985,-595985
2015/01/07,0,1627000,-1282000,345000
2015/01/08,0,1420000,-1030000,390000
2015/01/09,0,809000,-1340575,-531575
2015/01/12,0,1008000,-457000,551000
2015/01/13,0,2187000,-724200,1462800
2015/01/14,0,1009000,-1270900,-261900
2015/01/15,0,876250,-838000,38250
2015/01/16,0,570000,-1258758,-688758
2015/01/19,0,599000,-411479,187521
2015/01/20,0,562750,-364000,198750
2015/01/21,0,590000,-998903,-408903
2015/01/22,0,543000,-1004400,-461400
2015/01/23,0,768000,-815355,-47355
2015/01/26,0,615000,-1984000,-1369000
2015/01/27,0,534000,-1021808,-487808
2015/01/28,0,419000,-1062000,-643000
2015/01/29,0,503000,-1718200,-1215200
2015/01/30,0,509000,-1254000,-745000
2015/02/02,0,445000,-1021000,-576000
2015/02/03,0,452000,-872000,-420000
2015/02/04,0,875000,-2237360,-1362360
2015/02/05,0,1133000,-1329000,-196000
2015/02/06,0,259000,-2183000,-1924000
2015/02/09,0,391000,-969000,-578000
2015/02/10,0,558000,-788000,-230000
2015/02/11,0,817001,-838000,-20999
2015/02/12,0,1081000,-1344722,-263722
2015/02/13,0,2115000,-914485,1200515
2015/02/16,0,0,0,0
2015/02/17,0,0,0,0
2015/02/18,0,0,0,0
2015/02/19,0,0,0,0
2015/02/20,0,0,0,0
2015/02/23,0,0,0,0
2015/02/24,0,1241000,-959008,281992
2015/02/25,0,768000,-631000,137000
2015/02/26,0,846000,-1061275,-215275
2015/02/27,0,0,0,0
2015/03/02,0,834000,-464000,370000
2015/03/03,0,289680,-644501,-354821
2015/03/04,0,184000,-1208000,-1024000
2015/03/05,0,296000,-1186000,-890000
2015/03/06,0,284000,-343000,-59000
2015/03/09,0,120000,-835100,-715100
2015/03/10,0,443000,-758525,-315525
2015/03/11,0,545044,-1211000,-665956
2015/03/12,0,1277000,-1257000,20000
2015/03/13,0,1241000,-2067000,-826000
2015/03/16,0,1476000,-2351139,-875139
2015/03/17,0,960000,-1105499,-145499
2015/03/18,0,1744000,-1576000,168000
2015/03/19,0,3555000,-1881000,1674000
2015/03/20,0,4092000,-2744000,1348000
2015/03/23,0,135000,-1650000,-1515000
2015/03/24,0,628000,-1851000,-1223000
2015/03/25,0,1408000,-3793000,-2385000
2015/03/26,0,1411000,-1066000,345000
2015/03/27,0,739000,-538775,200225
2015/03/30,0,645670,-1093670,-448000
2015/03/31,0,1617000,-1390877,226123
2015/04/01,0,1032000,-1519000,-487000
2015/04/02,0,466000,-430000,36000
2015/04/03,0,0,0,0
2015/04/06,0,0,0,0
2015/04/07,0,505000,-367000,138000
2015/04/08,0,240000,-615000,-375000
2015/04/09,0,4856000,-413000,4443000
2015/04/10,0,4968000,-710000,4258000
2015/04/13,0,2286000,-623352,1662648
2015/04/14,0,5365000,-265000,5100000
2015/04/15,0,2241000,-1616000,625000
2015/04/16,0,4472000,-1771000,2701000
2015/04/17,0,1648680,-1279344,369336
2015/04/20,0,1729000,-481000,1248000
2015/04/21,0,2089000,-1022000,1067000
2015/04/22,0,2801000,-797145,2003855
2015/04/23,0,4163000,-1201000,2962000
2015/04/24,0,3631000,-805000,2826000
2015/04/27,0,1207000,-474000,733000
2015/04/28,0,1995000,-369000,1626000
2015/04/29,0,2911000,-322000,2589000
2015/04/30,0,2494000,-1970466,523534
2015/05/01,0,0,0,0
2015/05/04,0,1072000,-919000,153000
2015/05/05,0,846000,-637000,209000
2015/05/06,0,2276298,-452000,1824298
2015/05/07,0,299298,-1336000,-1036702
2015/05/08,0,1113405,-957000,156405
2015/05/11,0,580702,-628000,-47298
2015/05/12,0,1969000,-372000,1597000
2015/05/13,0,620000,-763000,-143000
2015/05/14,0,2334697,-2547000,-212303
2015/05/15,0,549000,-3608000,-3059000
2015/05/18,0,862000,-2986000,-2124000
2015/05/19,0,1902450,-2702000,-799550
2015/05/20,0,868000,-2150000,-1282000
2015/05/21,0,720000,-4237214,-3517214
2015/05/22,0,1477000,-1514000,-37000
2015/05/25,0,128000,-1773000,-1645000
2015/05/26,0,935000,-1569000,-634000
2015/05/27,0,2537000,-2533555,3445
2015/05/28,0,1370000,-919970,450030
2015/05/29,0,1883000,-3935823,-2052823
2015/06/01,0,970000,-1813000,-843000
2015/06/02,0,1475000,-1145000,330000
2015/06/03,0,993000,-980000,13000
2015/06/04,0,815000,-1778000,-963000
2015/06/05,0,1272000,-1223000,49000
2015/06/08,0,698000,-3547000,-2849000
2015/06/09,0,361000,-945380,-584380
2015/06/10,0,211000,-1200000,-989000
2015/06/11,0,481000,-845000,-364000
2015/06/12,0,211000,-903000,-692000
2015/06/15,0,652000,-637000,15000
2015/06/16,0,404000,-1221000,-817000
2015/06/17,0,309000,-2508524,-2199524
2015/06/18,0,622000,-1040728,-418728
2015/06/19,0,0,0,0
2015/06/22,0,1226145,-843970,382175
2015/06/23,0,1084000,-1423000,-339000
2015/06/24,0,430187,-200000,230187
2015/06/25,0,1480680,-1218685,261995
2015/06/26,0,314000,-198000,116000
2015/06/29,0,158000,-1191997,-1033997
2015/06/30,0,1899000,-2296840,-397840
2015/07/01,0,983000,-765000,218000
2015/07/02,0,531000,-2268043,-1737043
2015/07/03,0,819000,-1447000,-628000
2015/07/06,0,413000,-1522146,-1109146
2015/07/07,0,614000,-986237,-372237
2015/07/08,0,2146000,-3445711,-1299711
2015/07/09,0,1842285,-1523435,318850
2015/07/10,0,0,0,0
2015/07/13,0,928000,-2679300,-1751300
2015/07/14,0,1516000,-1068859,447141
2015/07/15,0,1931000,-1615000,316000
2015/07/16,0,1438000,-1346000,92000
2015/07/17,0,1272000,-913000,359000
2015/07/20,0,1278000,-2332100,-1054100
2015/07/21,0,2487000,-1644100,842900
2015/07/22,0,1656000,-1079700,576300
2015/07/23,0,815000,-839000,-24000
2015/07/24,0,1003000,-616000,387000
2015/07/27,0,1054000,-1442000,-388000
2015/07/28,0,911000,-2101000,-1190000
2015/07/29,0,827000,-2078328,-1251328
2015/07/30,0,694000,-1422000,-728000
2015/07/31,0,2399642,-2832000,-432358
2015/08/03,0,412000,-1523600,-1111600
2015/08/04,0,393000,-1444535,-1051535
2015/08/05,0,568000,-2466000,-1898000
2015/08/06,0,530000,-1912000,-1382000
2015/08/07,0,351000,-1396000,-1045000
2015/08/10,0,848000,-1469000,-621000
2015/08/11,0,1383950,-1160259,223691
2015/08/12,0,466000,-633000,-167000
2015/08/13,0,364000,-798318,-434318
2015/08/14,0,480754,-1004000,-523246
2015/08/17,0,490350,-802495,-312145
2015/08/18,0,841204,-2078548,-1237344
2015/08/19,0,1228034,-1330260,-102226
2015/08/20,0,2025615,-1306085,719530
2015/08/21,0,1260557,-1256586,3971
2015/08/24,0,1722209,-1610000,112209
2015/08/25,0,1197000,-2920626,-1723626
2015/08/26,0,832000,-3113264,-2281264
2015/08/27,0,2956910,-2653723,303187
2015/08/28,0,382000,-2466708,-2084708
2015/08/31,0,2299971,-2184000,115971
2015/09/01,0,475000,-1318017,-843017
2015/09/02,0,744000,-930307,-186307
2015/09/03,0,246000,-1899000,-1653000
2015/09/04,0,421307,-575638,-154331
2015/09/07,0,700000,-1543000,-843000
2015/09/08,0,428000,-1521588,-1093588
2015/09/09,0,2754191,-1394341,1359850
2015/09/10,0,1576000,-1548539,27461
2015/09/11,0,481000,-663000,-182000
2015/09/14,0,451000,-415000,36000
2015/09/15,0,312720,-1359252,-1046532
2015/09/16,0,1250000,-873264,376736
2015/09/17,0,2098000,-1004147,1093853
2015/09/18,0,2287323,-1917998,369325
2015/09/21,0,531000,-2600850,-2069850
2015/09/22,0,805000,-2375857,-1570857
2015/09/23,0,345000,-2247405,-1902405
2015/09/24,0,638000,-974613,-336613
2015/09/25,0,490552,-622775,-132223
2015/09/28,0,0,0,0
2015/09/29,0,0,0,0
2015/09/30,0,1998000,-1463546,534454
2015/10/01,0,1083832,-1403000,-319168
2015/10/02,0,977000,-493670,483330
2015/10/05,0,1104670,-892542,212128
2015/10/06,0,1289000,-314000,975000
2015/10/07,0,1267000,-427000,840000
2015/10/08,0,737000,-1206000,-469000
2015/10/09,0,0,0,0
2015/10/12,0,1573000,-936000,637000
2015/10/13,0,3200000,-1028616,2171384
2015/10/14,0,1225000,-1749286,-524286
2015/10/15,0,1004000,-796382,207618
2015/10/16,0,1608000,-1747387,-139387
2015/10/19,0,1003000,-384613,618387
2015/10/20,0,3275242,-447000,2828242
2015/10/21,0,680000,-867000,-187000
2015/10/22,0,1413000,-497070,915930
2015/10/23,0,1203000,-560000,643000
2015/10/26,0,930000,-381000,549000
2015/10/27,0,874000,-780344,93656
2015/10/28,0,1964000,-495995,1468005
2015/10/29,0,543000,-1196326,-653326
2015/10/30,0,607956,-603000,4956
2015/11/02,0,1095320,-241000,854320
2015/11/03,0,1165000,-388613,776387
2015/11/04,0,3039000,-897777,2141223
2015/11/05,0,394000,-1402000,-1008000
2015/11/06,0,305000,-1368000,-1063000
2015/11/09,0,1071453,-492000,579453
2015/11/10,0,458268,-1045000,-586732
2015/11/11,0,550000,-988000,-438000
2015/11/12,0,228000,-1054000,-826000
2015/11/13,0,1344000,-1035000,309000
2015/11/16,0,2330000,-1259000,1071000
2015/11/17,0,1981000,-1254957,726043
2015/11/18,0,1264000,-2804000,-1540000
2015/11/19,0,1879000,-701000,1178000
2015/11/20,0,889000,-1105000,-216000
2015/11/23,0,1388780,-1823254,-434474
2015/11/24,0,1651000,-427000,1224000
2015/11/25,0,520377,-870000,-349623
2015/11/26,0,1989000,-228000,1761000
2015/11/27,0,296000,-2875754,-2579754
2015/11/30,0,2218987,-3730389,-1511402
2015/12/01,0,1433000,-3791645,-2358645
2015/12/02,0,603006,-1287000,-683994
2015/12/03,0,1127000,-537000,590000
2015/12/04,0,633428,-1052000,-418572
2015/12/07,0,1045000,-550000,495000
2015/12/08,0,1703000,-1421210,281790
2015/12/09,0,2556000,-1521000,1035000
2015/12/10,0,1876000,-3174296,-1298296
2015/12/11,0,3574430,-2414000,1160430
2015/12/14,0,551000,-1710000,-1159000
2015/12/15,0,1793000,-1502618,290382
2015/12/16,0,1350582,-1075546,275036
2015/12/17,0,1019842,-502000,517842
2015/12/18,0,1055000,-1183579,-128579
2015/12/21,0,884685,-362000,522685
2015/12/22,0,1202717,-620000,582717
2015/12/23,0,1350680,-239000,1111680
2015/12/24,0,882000,-481000,401000
2015/12/25,0,181000,-331000,-150000
2015/12/28,0,538000,-740000,-202000
2015/12/29,0,900902,-424000,476902
2015/12/30,0,354000,-1220271,-866271
2015/12/31,0,665002,-380000,285002
2016/01/01,0,0,0,0
2016/01/04,0,630080,-1394000,-763920
2016/01/05,0,1483680,-854000,629680
2016/01/06,0,552336,-1151000,-598664
2016/01/07,0,908580,-1354252,-445672
2016/01/08,0,1028000,-1092630,-64630
2016/01/11,0,507000,-1695000,-1188000
2016/01/12,0,782000,-1493000,-711000
2016/01/13,0,1987000,-2136000,-149000
2016/01/14,0,565000,-1156000,-591000
2016/01/15,0,513000,-2879470,-2366470
2016/01/18,0,856628,-1882000,-1025372
2016/01/19,0,605000,-2219000,-1614000
2016/01/20,0,861680,-3383000,-2521320
2016/01/21,0,916000,-1754000,-838000
2016/01/22,0,993000,-1726000,-733000
2016/01/25,0,1408000,-474000,934000
2016/01/26,0,440681,-1127000,-686319
2016/01/27,0,477000,-583370,-106370
2016/01/28,0,1082000,-909904,172096
2016/01/29,0,2606127,-1947401,658726
2016/02/01,0,1365680,-1021000,344680
2016/02/02,0,2295000,-3035423,-740423
2016/02/03,0,568000,-2870389,-2302389
2016/02/04,0,0,0,0
2016/02/05,0,0,0,0
2016/02/08,0,0,0,0
2016/02/09,0,0,0,0
2016/02/10,0,0,0,0
2016/02/11,0,0,0,0
2016/02/12,0,0,0,0
2016/02/15,0,954590,-3607330,-2652740
2016/02/16,0,2072000,-499366,1572634
2016/02/17,0,1175000,-671190,503810
2016/02/18,0,1424000,-3275308,-1851308
2016/02/19,0,566000,-2571000,-2005000
2016/02/22,0,1728000,-1080000,648000
2016/02/23,0,1359184,-1615970,-256786
2016/02/24,0,871000,-1488274,-617274
2016/02/25,0,2534900,-4344000,-1809100
2016/02/26,0,2292000,-1692375,599625
2016/02/29,0,0,0,0
2016/03/01,0,1373828,-2115000,-741172
2016/03/02,0,1407000,-1331000,76000
2016/03/03,0,2139726,-1434382,705344
2016/03/04,0,1406000,-387000,1019000
2016/03/07,0,1264047,-440000,824047
2016/03/08,0,1202000,-422000,780000
2016/03/09,0,1776000,-325852,1450148
2016/03/10,0,1850000,-283279,1566721
2016/03/11,0,1447000,-595834,851166
2016/03/14,0,690000,-1530000,-840000
2016/03/15,0,1590000,-1426000,164000
2016/03/16,0,1792000,-552000,1240000
2016/03/17,0,2343528,-804000,1539528
2016/03/18,0,4282000,-3822000,460000
2016/03/21,0,3183000,-488000,2695000
2016/03/22,0,1147515,-713515,434000
2016/03/23,0,1437000,-251000,1186000
2016/03/24,0,951000,-398000,553000
2016/03/25,0,839000,-216000,623000
2016/03/28,0,323000,-320000,3000
2016/03/29,0,1001000,0,1001000
2016/03/30,0,4674000,-2807461,1866539
2016/03/31,0,3300000,-3050000,250000
2016/04/01,0,1220000,-3011000,-1791000
2016/04/04,0,0,0,0
2016/04/05,0,0,0,0
2016/04/06,0,7572265,-4018880,3553385
2016/04/07,0,3923000,-2694182,1228818
2016/04/08,0,2622000,-3818278,-1196278
2016/04/11,0,975965,-341440,634525
2016/04/12,0,3231947,-1603000,1628947
2016/04/13,0,1797000,-2963000,-1166000
2016/04/14,0,1561000,-1882487,-321487
2016/04/15,0,782000,-734000,48000
2016/04/18,0,1175405,-1053000,122405
2016/04/19,0,1761244,-1617000,144244
2016/04/20,0,3853000,-1160000,2693000
2016/04/21,0,1129000,-1283000,-154000
2016/04/22,0,603515,-1155000,-551485
2016/04/25,0,861992,-232000,629992
2016/04/26,0,421496,-938679,-517183
2016/04/27,0,458000,-1393000,-935000
2016/04/28,0,575000,-1067000,-492000
2016/04/29,0,492000,-845000,-353000
2016/05/02,0,0,0,0
2016/05/03,0,1140000,-1270000,-130000
2016/05/04,0,1665244,-1288484,376760
2016/05/05,0,168000,-1680000,-1512000
2016/05/06,0,1534526,-1330000,204526
2016/05/09,0,1341000,-1082000,259000
2016/05/10,0,1387263,-1689000,-301737
2016/05/11,0,720287,-2393000,-1672713
2016/05/12,0,220000,-1213135,-993135
2016/05/13,0,819748,-2284256,-1464508
2016/05/16,0,565000,-2369000,-1804000
2016/05/17,0,1967496,-2405268,-437772
2016/05/18,0,1867852,-2749000,-881148
2016/05/19,0,413000,-2269000,-1856000
2016/05/20,0,526000,-870000,-344000
2016/05/23,0,1598197,-683000,915197
2016/05/24,0,692263,-637000,55263
2016/05/25,0,728263,-1492000,-763737
2016/05/26,0,383000,-685000,-302000
2016/05/27,0,1879000,-439000,1440000
2016/05/30,0,1016000,-1150000,-134000
2016/05/31,0,2797358,-3282342,-484984
2016/06/01,0,1030892,-1272000,-241108
2016/06/02,0,2010784,-1156000,854784
2016/06/03,0,841471,-550000,291471
2016/06/06,0,899000,-615272,283728
2016/06/07,0,3431000,-235000,3196000
2016/06/08,0,1561000,-1627000,-66000
2016/06/09,0,0,0,0
2016/06/10,0,0,0,0
2016/06/13,0,841000,-737000,104000
2016/06/14,0,1496000,-1025913,470087
2016/06/15,0,1458000,-332000,1126000
2016/06/16,0,1138000,-1598268,-460268
2016/06/17,0,2531000,-4019432,-1488432
2016/06/20,0,4623000,-1697000,2926000
2016/06/21,0,1742338,-1220804,521534
2016/06/22,0,1413952,-442000,971952
2016/06/23,0,520200,-656000,-135800
2016/06/24,0,664000,-1310000,-646000
2016/06/27,0,254000,-891000,-637000
2016/06/28,0,1381000,-1095000,286000
2016/06/29,0,955000,-940000,15000
2016/06/30,0,1258000,-881000,377000
2016/07/01,0,1349000,-1117000,232000
2016/07/04,0,401000,-1263000,-862000
2016/07/05,0,302000,-574000,-272000
2016/07/06,0,247000,-3043000,-2796000
2016/07/07,0,333000,-1184000,-851000
2016/07/08,0,0,0,0
2016/07/11,0,1723774,-639000,1084774
2016/07/12,0,1472000,-1556019,-84019
2016/07/13,0,1333000,-1428000,-95000
2016/07/14,0,854784,-475000,379784
2016/07/15,0,2175200,-2875000,-699800
2016/07/18,0,1072000,-1260000,-188000
2016/07/19,0,2127000,-1175000,952000
2016/07/20,0,1198000,-1288220,-90220
2016/07/21,0,1901000,-804426,1096574
2016/07/22,0,828000,-498381,329619
2016/07/25,0,889000,-587000,302000
2016/07/26,0,1144000,-1182000,-38000
2016/07/27,0,1644610,-992000,652610
2016/07/28,0,1117805,-796000,321805
2016/07/29,0,1107000,-999000,108000
2016/08/01,0,1304487,-636104,668383
2016/08/02,0,1757016,-806471,950545
2016/08/03,0,656062,-1187741,-531679
2016/08/04,0,622000,-1025000,-403000
2016/08/05,0,1052000,-516000,536000
2016/08/08,0,732660,-755000,-22340
2016/08/09,0,604800,-148000,456800
2016/08/10,0,1334359,-473000,861359
2016/08/11,0,982000,-537000,445000
2016/08/12,0,1052000,-593000,459000
2016/08/15,0,710220,-459000,251220
2016/08/16,0,842000,-894000,-52000
2016/08/17,0,2276039,-412800,1863239
2016/08/18,0,2179000,-1192180,986820
2016/08/19,0,194200,-1567659,-1373459
2016/08/22,0,312000,-1239000,-927000
2016/08/23,0,1166610,-1371000,-204390
2016/08/24,0,466805,-1495000,-1028195
2016/08/25,0,1080000,-704790,375210
2016/08/26,0,385764,-775670,-389906
2016/08/29,0,518000,-403000,115000
2016/08/30,0,750200,-739000,11200
2016/08/31,0,2229663,-3793477,-1563814
2016/09/01,0,122000,-1001922,-879922
2016/09/02,0,643800,-711000,-67200
2016/09/05,0,1407000,-359000,1048000
2016/09/06,0,1054400,-1190400,-136000
2016/09/07,0,432712,-480000,-47288
2016/09/08,0,632568,-527000,105568
2016/09/09,0,226000,-1165671,-939671
2016/09/12,0,674000,-1438202,-764202
2016/09/13,0,1425000,-1640252,-215252
2016/09/14,0,806000,-2014000,-1208000
2016/09/15,0,0,0,0
2016/09/16,0,0,0,0
2016/09/19,0,953617,-1096252,-142635
2016/09/20,0,483000,-547057,-64057
2016/09/21,0,1325000,-425000,900000
2016/09/22,0,337000,-850262,-513262
2016/09/23,0,652000,-2151523,-1499523
2016/09/26,0,218598,-307000,-88402
2016/09/27,0,0,0,0
2016/09/28,0,0,0,0
2016/09/29,0,1771800,-2286976,-515176
2016/09/30,0,1176800,-1940220,-763420
2016/10/03,0,187846,-392190,-204344
2016/10/04,0,1375000,-1255503,119497
2016/10/05,0,768658,-457000,311658
2016/10/06,0,260800,-826000,-565200
2016/10/07,0,939005,-880000,59005
2016/10/10,0,0,0,0
2016/10/11,0,672254,-656000,16254
2016/10/12,0,1001847,-714912,286935
2016/10/13,0,418000,-1090000,-672000
2016/10/14,0,512000,-981000,-469000
2016/10/17,0,486000,-1190262,-704262
2016/10/18,0,1832488,-363000,1469488
2016/10/19,0,680134,-584000,96134
2016/10/20,0,1446838,-1300353,146485
2016/10/21,0,890000,-1572333,-682333
2016/10/24,0,532000,-519000,13000
2016/10/25,0,377000,-274000,103000
2016/10/26,0,574000,-636000,-62000
2016/10/27,0,505120,-515000,-9880
2016/10/28,0,653000,-336000,317000
2016/10/31,0,369731,-770000,-400269
2016/11/01,0,324000,-1549000,-1225000
2016/11/02,0,307360,-1056000,-748640
2016/11/03,0,1026000,-844000,182000
2016/11/04,0,736000,-460000,276000
2016/11/07,0,210000,-312202,-102202
2016/11/08,0,948560,-791000,157560
2016/11/09,0,398000,-1647000,-1249000
2016/11/10,0,447000,-952000,-505000
2016/11/11,0,1607000,-2675742,-1068742
2016/11/14,0,902000,-1557573,-655573
2016/11/15,0,1305000,-3794402,-2489402
2016/11/16,0,2897000,-2684202,212798
2016/11/17,0,778000,-2341134,-1563134
2016/11/18,0,772000,-1366358,-594358
2016/11/21,0,1921000,-636000,1285000
2016/11/22,0,2446000,-3735009,-1289009
2016/11/23,0,1771000,-3439688,-1668688
2016/11/24,0,234000,-1728000,-1494000
2016/11/25,0,2329000,-1576000,753000
2016/11/28,0,1908000,-2327000,-419000
2016/11/29,0,877000,-2039604,-1162604
2016/11/30,0,3288000,-4107277,-819277
2016/12/01,0,602960,-1318000,-715040
2016/12/02,0,297000,-1444000,-1147000
2016/12/05,0,275000,-695000,-420000
2016/12/06,0,1159000,-1478000,-319000
2016/12/07,0,512000,-512000,0
2016/12/08,0,1218000,-1422000,-204000
2016/12/09,0,893360,-332844,560516
2016/12/12,0,540000,-2851350,-2311350
2016/12/13,0,1497000,-1317754,179246
2016/12/14,0,898000,-1973000,-1075000
2016/12/15,0,961000,-563000,398000
2016/12/16,0,1968000,-3163100,-1195100
2016/12/19,0,277000,-829000,-552000
2016/12/20,0,452211,-1856902,-1404691
2016/12/21,0,331000,-296000,35000
2016/12/22,0,73000,-1146850,-1073850
2016/12/23,0,130000,-942000,-812000
2016/12/26,0,57000,-344000,-287000
2016/12/27,0,226000,-175000,51000
2016/12/28,0,135000,-441000,-306000
2016/12/29,0,764338,-504460,259878
2016/12/30,0,797000,-610682,186318
2017/01/02,0,0,0,0
2017/01/03,0,724000,-772000,-48000
2017/01/04,0,1617000,-1164000,453000
2017/01/05,0,984840,-1523447,-538607
2017/01/06,0,1479000,-639000,840000
2017/01/09,0,1668000,-613000,1055000
2017/01/10,0,712000,-487000,225000
2017/01/11,0,1072863,-494000,578863
2017/01/12,0,1351000,-271000,1080000
2017/01/13,0,740080,-574000,166080
2017/01/16,0,208000,-464000,-256000
2017/01/17,0,462000,-752000,-290000
2017/01/18,0,404000,-797874,-393874
2017/01/19,0,349000,-1729738,-1380738
2017/01/20,0,406120,-237000,169120
2017/01/23,0,928000,-305967,622033
2017/01/24,0,1929056,-1002779,926277
2017/01/25,0,0,0,0
2017/01/26,0,0,0,0
2017/01/27,0,0,0,0
2017/01/30,0,0,0,0
2017/01/31,0,0,0,0
2017/02/01,0,0,0,0
2017/02/02,0,1561000,-1900353,-339353
2017/02/03,0,911000,-1432760,-521760
2017/02/06,0,2991000,-616000,2375000
2017/02/07,0,1170000,-1041000,129000
2017/02/08,0,297000,-1760218,-1463218
2017/02/09,0,1181328,-1538000,-356672
2017/02/10,0,3969056,-2892899,1076157
2017/02/13,0,1886720,-398000,1488720
2017/02/14,0,2094056,-589000,1505056
2017/02/15,0,2105000,-1079000,1026000
2017/02/16,0,1557688,-683000,874688
2017/02/17,0,977000,-1878000,-901000
2017/02/20,0,1110000,-1365000,-255000
2017/02/21,0,803000,-1075000,-272000
2017/02/22,0,614584,-1371000,-756416
2017/02/23,0,597000,-1652000,-1055000
2017/02/24,0,979931,-2105000,-1125069
2017/02/27,0,0,0,0
2017/02/28,0,0,0,0
2017/03/01,0,691000,-1057000,-366000
2017/03/02,0,545206,-1745332,-1200126
2017/03/03,0,806000,-602717,203283
2017/03/06,0,52593,-1242360,-1189767
2017/03/07,0,149000,-687368,-538368
2017/03/08,0,135128,-519840,-384712
2017/03/09,0,622572,-1543000,-920428
2017/03/10,0,378000,-601000,-223000
2017/03/13,0,542680,-229414,313266
2017/03/14,0,471320,-575480,-104160
2017/03/15,0,398000,-478840,-80840
2017/03/16,0,1215266,-1381195,-165929
2017/03/17,0,2145000,-2050440,94560
2017/03/20,0,418000,-189000,229000
2017/03/21,0,955601,-1601000,-645399
2017/03/22,0,592000,-347400,244600
2017/03/23,0,2227000,-2201528,25472
2017/03/24,0,667813,-60600,607213
2017/03/27,0,1069000,-2419000,-1350000
2017/03/28,0,1611000,-1434840,176160
2017/03/29,0,637960,-1505000,-867040
2017/03/30,0,1015000,-905000,110000
2017/03/31,0,756000,-829000,-73000
2017/04/03,0,0,0,0
2017/04/04,0,0,0,0
2017/04/05,0,2662144,-1375000,1287144
2017/04/06,0,1971000,-1668000,303000
2017/04/07,0,1097000,-1675000,-578000
2017/04/10,0,821000,-1127000,-306000
2017/04/11,0,2561240,-1551000,1010240
2017/04/12,0,1187256,-969000,218256
2017/04/13,0,774000,-208000,566000
2017/04/14,0,287000,-380000,-93000
2017/04/17,0,409000,-204000,205000
2017/04/18,0,2641000,-1320800,1320200
2017/04/19,0,681000,-995280,-314280
2017/04/20,0,808000,-522000,286000
2017/04/21,0,957785,-532534,425251
2017/04/24,0,733000,-335000,398000
2017/04/25,0,1699000,-796000,903000
2017/04/26,0,2241000,-1594000,647000
2017/04/27,0,363000,-634000,-271000
2017/04/28,0,345000,-489000,-144000
2017/05/01,0,0,0,0
2017/05/02,0,945023,-694023,251000
2017/05/03,0,206000,-209000,-3000
2017/05/04,0,694000,-646000,48000
2017/05/05,0,146040,-600000,-453960
2017/05/08,0,667256,-599056,68200
2017/05/09,0,976945,-364229,612716
2017/05/10,0,990440,-492000,498440
2017/05/11,0,729520,-377000,352520
2017/05/12,0,771000,-257000,514000
2017/05/15,0,410240,-473000,-62760
2017/05/16,0,890155,-2902000,-2011845
2017/05/17,0,563000,-603000,-40000
2017/05/18,0,198640,-862000,-663360
2017/05/19,0,301000,-983000,-682000
2017/05/22,0,218200,-1137447,-919247
2017/05/23,0,559400,-987000,-427600
2017/05/24,0,456000,-1378308,-922308
2017/05/25,0,697000,-1788476,-1091476
2017/05/26,0,0,0,0
2017/05/29,0,0,0,0
2017/05/30,0,0,0,0
2017/05/31,0,7035028,-7948320,-913292
2017/06/01,0,754000,-3437903,-2683903
2017/06/02,0,509964,-1007000,-497036
2017/06/05,0,585000,-1186000,-601000
2017/06/06,0,671324,-1198000,-526676
2017/06/07,0,516952,-1146000,-629048
2017/06/08,0,739000,-1291000,-552000
2017/06/09,0,656000,-1028000,-372000
2017/06/12,0,521368,-610000,-88632
2017/06/13,0,432000,-843000,-411000
2017/06/14,0,1340000,-1469040,-129040
2017/06/15,0,1467000,-1249000,218000
2017/06/16,0,5039000,-1819088,3219912
2017/06/19,0,1393720,-1299000,94720
2017/06/20,0,531000,-1265000,-734000
2017/06/21,0,1372000,-1198000,174000
2017/06/22,0,719000,-743000,-24000
2017/06/23,0,624000,-719761,-95761
2017/06/26,0,1526000,-375500,1150500
2017/06/27,0,874000,-692000,182000
2017/06/28,0,811000,-648373,162627
2017/06/29,0,479000,-782536,-303536
2017/06/30,0,788000,-876000,-88000
2017/07/03,0,829000,-393000,436000
2017/07/04,0,333000,-1040319,-707319
2017/07/05,0,852000,-666293,185707
2017/07/06,0,365000,-1168655,-803655
2017/07/07,0,215865,-267862,-51997
2017/07/10,0,115150,-592855,-477705
2017/07/11,0,846519,-1294972,-448453
2017/07/12,0,388000,-983823,-595823
2017/07/13,0,286000,-2220093,-1934093
2017/07/14,0,720000,-1279906,-559906
2017/07/17,0,1036000,-558717,477283
2017/07/18,0,1077000,-2211000,-1134000
2017/07/19,0,1008266,-900000,108266
2017/07/20,0,781560,-1780000,-998440
2017/07/21,0,775100,-1086732,-311632
2017/07/24,0,1054000,-1724000,-670000
2017/07/25,0,700000,-1646120,-946120
2017/07/26,0,749000,-1787000,-1038000
2017/07/27,0,600000,-1161000,-561000
2017/07/28,0,382000,-624360,-242360
2017/07/31,0,713000,-1770000,-1057000
2017/08/01,0,1372000,-1062000,310000
2017/08/02,0,292000,-276000,16000
2017/08/03,0,594159,-520034,74125
2017/08/04,0,230000,-470000,-240000
2017/08/07,0,590184,-819000,-228816
2017/08/08,0,504000,-820000,-316000
2017/08/09,0,298080,-1266000,-967920
2017/08/10,0,648387,-1390000,-741613
2017/08/11,0,235000,-566000,-331000
2017/08/14,0,374000,-475000,-101000
2017/08/15,0,551000,-591000,-40000
2017/08/16,0,1034000,-1359000,-325000
2017/08/17,0,625000,-1742741,-1117741
2017/08/18,0,191000,-1387000,-1196000
