Date,shares,TotalM,Open,High,Low,Close,Diff,Count
2011/04/29,34000,60380,1.73,1.80,1.73,1.74,0.08,4
2011/05/03,60000,123160,1.94,2.09,1.94,2.04,0.30,16
2011/05/04,675000,1457890,2.19,2.36,2.09,2.15,0.11,29
2011/05/05,656000,1328020,2.20,2.20,1.90,1.90,-0.25,45
2011/05/06,639000,1250650,1.93,1.99,1.93,1.96,0.06,19
2011/05/09,558000,1059240,1.88,2.00,1.85,2.00,0.04,18
2011/05/10,602000,1289340,2.02,2.31,2.02,2.21,0.21,17
2011/05/11,393000,866780,2.21,2.23,2.15,2.22,0.01,22
2011/05/12,855000,1833060,2.31,2.31,1.89,1.89,-0.33,46
2011/05/13,741000,1479580,1.98,2.08,1.95,2.08,0.19,24
2011/05/16,570000,1332870,2.08,2.44,2.08,2.29,0.21,28
2011/05/17,522000,1176870,2.35,2.44,2.18,2.21,-0.08,21
2011/05/18,631000,1360600,2.21,2.23,2.14,2.15,-0.06,22
2011/05/19,2159000,4331920,2.11,2.11,1.95,2.06,-0.09,72
2011/05/20,1247000,2496920,2.00,2.05,1.95,2.03,-0.03,45
2011/05/23,1901000,3948360,2.01,2.15,1.99,2.08,0.05,48
2011/05/24,1035000,2246890,2.15,2.21,2.10,2.21,0.13,39
2011/05/25,2378000,5270000,2.25,2.27,2.17,2.27,0.06,47
2011/05/26,2248000,5028730,2.20,2.36,2.07,2.07,-0.20,62
2011/05/27,1890000,3976890,2.00,2.20,2.00,2.14,0.07,54
2011/05/30,1488000,3412770,2.40,2.42,2.22,2.26,0.12,50
2011/05/31,5048000,9971560,2.11,2.12,1.92,1.92,-0.34,140
2011/06/01,3051000,5495070,1.92,1.92,1.78,1.78,-0.14,115
2011/06/02,4403000,8453850,1.85,1.97,1.84,1.95,0.17,90
2011/06/03,3207000,6072750,1.94,1.95,1.85,1.85,-0.10,74
2011/06/07,4253000,7409850,1.85,1.89,1.60,1.61,-0.24,129
2011/06/08,3706000,6204160,1.62,1.71,1.62,1.70,0.09,96
2011/06/09,1378000,2319790,1.65,1.73,1.64,1.72,0.02,44
2011/06/10,8522000,17711020,1.72,2.25,1.72,2.25,0.53,201
2011/06/13,4784000,12207640,2.26,2.70,2.26,2.64,0.39,128
2011/06/14,1603000,3756830,2.21,2.62,2.21,2.22,-0.42,64
2011/06/15,796000,2090050,2.33,2.80,2.33,2.80,0.58,45
2011/06/16,5002000,15926650,3.00,3.30,2.96,3.27,0.47,91
2011/06/17,5147000,16435190,3.61,3.61,2.80,3.19,-0.08,82
2011/06/20,572000,1787180,3.18,3.29,3.07,3.29,0.10,22
2011/06/21,1243000,4098190,3.17,3.69,3.13,3.17,-0.12,49
2011/06/22,2703000,7818310,2.87,2.98,2.73,2.73,-0.44,78
2011/06/23,1769000,4765670,2.75,2.75,2.60,2.62,-0.11,61
2011/06/24,3289000,9199450,3.19,3.19,2.71,2.78,0.16,80
2011/06/27,3110000,8912780,2.89,2.95,2.66,2.73,-0.05,62
2011/06/28,2275000,6352090,2.66,2.91,2.63,2.88,0.15,53
2011/06/29,3480000,10862330,2.84,3.46,2.80,3.30,0.42,116
2011/06/30,2758000,9499200,3.27,3.54,3.24,3.53,0.23,64
2011/07/01,644000,2122360,3.43,3.43,3.19,3.19,-0.34,34
2011/07/04,1198000,3472420,2.89,3.03,2.74,2.79,-0.40,68
2011/07/05,233000,652510,2.79,2.86,2.70,2.80,0.01,19
2011/07/06,1067000,2606040,2.74,2.74,2.33,2.50,-0.30,65
2011/07/07,1541000,4574430,2.72,3.25,2.72,3.25,0.75,67
2011/07/08,1092000,3661840,3.43,3.61,3.20,3.41,0.16,65
2011/07/11,893000,3306410,3.39,3.84,3.39,3.42,0.01,40
2011/07/12,325000,1191930,3.45,4.09,3.45,3.91,0.49,22
2011/07/13,543000,2212190,3.83,4.45,3.83,4.36,0.45,27
2011/07/14,88000,351320,4.06,4.06,3.86,3.86,-0.50,8
2011/07/15,19000,74870,3.89,4.51,3.89,4.23,0.37,4
2011/07/18,137000,582520,4.51,4.52,4.16,4.26,0.03,11
2011/07/19,127000,522880,4.31,4.31,4.05,4.13,-0.13,9
2011/07/20,13000,47330,3.66,3.66,3.51,3.62,-0.51,4
2011/07/21,1000,3300,3.30,3.30,3.30,3.30,-0.32,1
2011/07/22,0,0,--,--,--,--,,0
2011/07/25,12000,44320,3.80,3.80,3.17,3.17,0.01,6
2011/07/26,10000,29000,2.90,2.90,2.90,2.90,-0.27,2
2011/07/27,7000,20060,3.32,3.32,2.79,2.79,-0.11,3
2011/07/28,21000,64560,3.00,3.29,3.00,3.29,0.50,5
2011/07/29,60000,220900,3.68,3.72,3.62,3.62,0.33,4
2011/08/01,0,0,--,--,--,--,,0
2011/08/02,6000,21700,3.68,3.68,3.30,3.30,-0.34,2
2011/08/03,11000,39520,3.60,3.60,3.52,3.52,0.22,2
2011/08/04,5000,17960,3.52,3.70,3.52,3.70,0.18,2
2011/08/05,89000,383760,4.27,4.34,4.22,4.34,0.64,19
2011/08/08,118000,492650,4.10,4.39,4.10,4.30,-0.04,7
2011/08/09,52000,238760,4.71,4.88,4.26,4.26,-0.04,8
2011/08/10,2000,8220,4.11,4.11,4.11,4.11,-0.15,1
2011/08/11,23000,97400,4.30,4.30,4.05,4.05,-0.06,4
2011/08/12,0,0,--,--,--,--,,0
2011/08/15,0,0,--,--,--,--,,0
2011/08/16,0,0,--,--,--,--,,0
2011/08/17,0,0,--,--,--,--,,0
2011/08/18,0,0,--,--,--,--,,0
2011/08/19,5000,25500,5.10,5.10,5.10,5.10,0.52,1
2011/08/22,5000,26500,5.30,5.30,5.30,5.30,0.20,1
2011/08/23,10000,47900,4.79,4.79,4.79,4.79,-0.51,1
2011/08/24,10000,48200,4.82,4.82,4.82,4.82,0.03,1
2011/08/25,0,0,--,--,--,--,,0
2011/08/26,20000,91800,4.59,4.59,4.59,4.59,-0.21,1
2011/08/29,0,0,--,--,--,--,,0
2011/08/30,0,0,--,--,--,--,,0
2011/08/31,0,0,--,--,--,--,,0
2011/09/01,0,0,--,--,--,--,,0
2011/09/02,110000,524780,4.77,4.85,4.77,4.85,0.22,2
2011/09/05,0,0,--,--,--,--,,0
2011/09/06,0,0,--,--,--,--,,0
2011/09/07,0,0,--,--,--,--,,0
2011/09/08,0,0,--,--,--,--,,0
2011/09/09,0,0,--,--,--,--,,0
2011/09/13,0,0,--,--,--,--,,0
2011/09/14,1000,4430,4.43,4.43,4.43,4.43,-0.12,1
2011/09/15,0,0,--,--,--,--,,0
2011/09/16,0,0,--,--,--,--,,0
2011/09/19,0,0,--,--,--,--,,0
2011/09/20,0,0,--,--,--,--,,0
2011/09/21,0,0,--,--,--,--,,0
2011/09/22,0,0,--,--,--,--,,0
2011/09/23,0,0,--,--,--,--,,0
2011/09/26,5000,29000,5.80,5.80,5.80,5.80,0.25,1
2011/09/27,0,0,--,--,--,--,,0
2011/09/28,0,0,--,--,--,--,,0
2011/09/29,0,0,--,--,--,--,,0
2011/09/30,0,0,--,--,--,--,,0
2011/10/03,0,0,--,--,--,--,,0
2011/10/04,0,0,--,--,--,--,,0
2011/10/05,0,0,--,--,--,--,,0
2011/10/06,0,0,--,--,--,--,,0
2011/10/07,0,0,--,--,--,--,,0
2011/10/11,0,0,--,--,--,--,,0
2011/10/12,0,0,--,--,--,--,,0
2011/10/13,0,0,--,--,--,--,,0
2011/10/14,0,0,--,--,--,--,,0
2011/10/17,0,0,--,--,--,--,,0
2011/10/18,0,0,--,--,--,--,,0
2011/10/19,4000,22400,5.60,5.60,5.60,5.60,0.35,1
2011/10/20,0,0,--,--,--,--,,0
2011/10/21,0,0,--,--,--,--,,0
2011/10/24,0,0,--,--,--,--,,0
2011/10/25,0,0,--,--,--,--,,0
2011/10/26,0,0,--,--,--,--,,0
2013/05/27,0,0,--,--,--,--,,0
2013/05/28,0,0,--,--,--,--,,0
2013/05/29,0,0,--,--,--,--,,0
2013/05/30,0,0,--,--,--,--,,0
2013/05/31,0,0,--,--,--,--,,0
2013/06/03,0,0,--,--,--,--,,0
2013/06/04,0,0,--,--,--,--,,0
2013/06/05,0,0,--,--,--,--,,0
2013/06/06,0,0,--,--,--,--,,0
2013/06/07,272000,250240,0.92,0.92,0.92,0.92,X,3
2013/06/10,272000,217600,0.80,0.80,0.80,0.80,-0.12,3
2013/06/11,0,0,--,--,--,--,,0
2013/06/13,0,0,--,--,--,--,,0
2013/06/14,60000,42600,0.71,0.71,0.71,0.71,X,1
2013/06/17,0,0,--,--,--,--,,0
2013/06/18,0,0,--,--,--,--,,0
2013/06/19,0,0,--,--,--,--,,0
2013/06/20,0,0,--,--,--,--,,0
2013/06/21,679000,501900,0.71,0.75,0.71,0.73,X,8
2013/06/24,619000,343670,0.56,0.56,0.55,0.55,-0.18,7
2013/06/25,0,0,--,--,--,--,,0
2013/06/26,0,0,--,--,--,--,,0
2013/06/27,0,0,--,--,--,--,,0
2013/06/28,0,0,--,--,--,--,,0
2013/07/01,0,0,--,--,--,--,,0
2013/07/02,30000,15100,0.50,0.51,0.50,0.51,X,3
2013/07/03,30000,15100,0.51,0.51,0.50,0.50,-0.01,2
2013/07/04,0,0,--,--,--,--,,0
2013/07/05,110000,28600,0.26,0.26,0.26,0.26,X,2
2013/07/08,0,0,--,--,--,--,,0
2013/07/09,35000,6750,0.19,0.20,0.19,0.19,X,4
2013/07/10,183000,36970,0.19,0.24,0.19,0.22,0.03,6
2013/07/11,206000,40130,0.20,0.20,0.19,0.19,-0.03,6
2013/07/12,0,0,--,--,--,--,,0
2013/07/15,2000,360,0.18,0.18,0.18,0.18,X,1
2013/07/16,0,0,--,--,--,--,,0
2013/07/17,0,0,--,--,--,--,,0
2013/07/18,0,0,--,--,--,--,,0
2013/07/19,16000,3520,0.22,0.22,0.22,0.22,X,2
2013/07/22,0,0,--,--,--,--,,0
2013/07/23,0,0,--,--,--,--,,0
2013/07/24,34000,6120,0.18,0.18,0.18,0.18,X,1
2013/07/25,0,0,--,--,--,--,,0
2013/07/26,34000,9180,0.27,0.27,0.27,0.27,X,1
2013/07/29,193000,58670,0.28,0.34,0.27,0.27,,5
2013/07/30,19000,4680,0.27,0.27,0.22,0.22,-0.05,2
2013/07/31,10000,2000,0.20,0.20,0.20,0.20,-0.02,1
2013/08/01,120000,26750,0.21,0.23,0.21,0.21,0.01,6
2013/08/02,6000,1260,0.21,0.21,0.21,0.21,,1
2013/08/05,57000,11690,0.21,0.21,0.20,0.20,-0.01,3
2013/08/06,79000,18960,0.24,0.24,0.24,0.24,0.04,4
2013/08/07,125000,23750,0.19,0.19,0.19,0.19,-0.05,5
2013/08/08,216000,34960,0.18,0.18,0.16,0.16,-0.03,6
2013/08/09,0,0,--,--,--,--,,0
2013/08/12,60000,12900,0.22,0.22,0.21,0.21,X,3
2013/08/13,102000,22960,0.22,0.24,0.21,0.24,0.03,5
2013/08/14,35000,6650,0.19,0.19,0.19,0.19,-0.05,1
2013/08/15,2000,400,0.20,0.20,0.20,0.20,0.01,1
2013/08/16,0,0,--,--,--,--,,0
2013/08/19,23000,4140,0.18,0.18,0.18,0.18,X,1
2013/08/20,20000,3600,0.18,0.18,0.18,0.18,,1
2013/08/22,0,0,--,--,--,--,,0
2013/08/23,0,0,--,--,--,--,,0
2013/08/26,0,0,--,--,--,--,,0
2013/08/27,6000,1140,0.19,0.19,0.19,0.19,X,1
2013/08/28,0,0,--,--,--,--,,0
2013/08/29,0,0,--,--,--,--,,0
2013/08/30,0,0,--,--,--,--,,0
2013/09/02,29000,4060,0.14,0.14,0.14,0.14,X,1
2013/09/03,0,0,--,--,--,--,,0
2013/09/04,0,0,--,--,--,--,,0
2013/09/05,0,0,--,--,--,--,,0
2013/09/06,0,0,--,--,--,--,,0
2013/09/09,0,0,--,--,--,--,,0
2013/09/10,0,0,--,--,--,--,,0
2013/09/11,0,0,--,--,--,--,,0
2013/09/12,99000,15840,0.16,0.16,0.16,0.16,X,1
2013/09/13,0,0,--,--,--,--,,0
2013/09/16,0,0,--,--,--,--,,0
2013/09/17,0,0,--,--,--,--,,0
2013/09/18,0,0,--,--,--,--,,0
2013/09/23,0,0,--,--,--,--,,0
2013/09/24,0,0,--,--,--,--,,0
2013/09/25,0,0,--,--,--,--,,0
2013/09/26,0,0,--,--,--,--,,0
2013/09/27,0,0,--,--,--,--,,0
2013/09/30,0,0,--,--,--,--,,0
2013/10/01,0,0,--,--,--,--,,0
2013/10/02,0,0,--,--,--,--,,0
2013/10/03,0,0,--,--,--,--,,0
2013/10/04,0,0,--,--,--,--,,0
2013/10/07,0,0,--,--,--,--,,0
2013/10/08,0,0,--,--,--,--,,0
2013/10/09,0,0,--,--,--,--,,0
2013/10/11,0,0,--,--,--,--,,0
2013/10/14,0,0,--,--,--,--,,0
2013/10/15,0,0,--,--,--,--,,0
2013/10/16,0,0,--,--,--,--,,0
2013/10/17,0,0,--,--,--,--,,0
2013/10/18,0,0,--,--,--,--,,0
2013/10/21,0,0,--,--,--,--,,0
2013/10/22,0,0,--,--,--,--,,0
2013/10/23,0,0,--,--,--,--,,0
2013/10/24,0,0,--,--,--,--,,0
2013/10/25,0,0,--,--,--,--,,0
2013/10/28,0,0,--,--,--,--,,0
2013/10/29,0,0,--,--,--,--,,0
2013/10/30,0,0,--,--,--,--,,0
2013/10/31,0,0,--,--,--,--,,0
2013/11/01,0,0,--,--,--,--,,0
2013/11/04,0,0,--,--,--,--,,0
2013/11/05,0,0,--,--,--,--,,0
2013/11/06,0,0,--,--,--,--,,0
2013/11/07,0,0,--,--,--,--,,0
2013/11/08,0,0,--,--,--,--,,0
2013/11/11,0,0,--,--,--,--,,0
2013/11/12,0,0,--,--,--,--,,0
2013/11/13,0,0,--,--,--,--,,0
2013/11/14,0,0,--,--,--,--,,0
2013/11/15,0,0,--,--,--,--,,0
2013/11/18,0,0,--,--,--,--,,0
2013/11/19,0,0,--,--,--,--,,0
2013/11/20,0,0,--,--,--,--,,0
2013/11/21,0,0,--,--,--,--,,0
2013/11/22,0,0,--,--,--,--,,0
2015/01/14,6000,15850,2.64,2.65,2.64,2.65,0.33,2
2015/01/15,6000,15940,2.66,2.66,2.64,2.64,-0.01,2
2015/01/16,0,0,--,--,--,--,,0
2015/01/19,85000,215950,2.55,2.55,2.54,2.54,X,2
2015/01/20,23000,56160,2.52,2.52,2.43,2.43,-0.11,2
2015/01/21,102000,238700,2.35,2.35,2.32,2.34,-0.09,7
2015/01/22,147000,325320,2.26,2.26,2.18,2.21,-0.13,10
2015/01/23,103000,209390,2.06,2.06,2.00,2.00,-0.21,7
2015/01/26,20000,40000,2.00,2.00,2.00,2.00,,1
2015/01/27,51000,99900,1.90,1.96,1.90,1.96,-0.04,2
2015/01/28,56000,107100,1.92,1.92,1.90,1.90,-0.06,5
2015/01/29,199000,404940,2.02,2.04,2.00,2.04,0.14,8
2015/01/30,245000,497780,2.01,2.07,2.01,2.06,0.02,8
2015/02/02,140000,290800,2.08,2.08,2.07,2.08,0.02,4
2015/02/03,189000,376780,2.03,2.03,1.94,1.96,-0.12,7
2015/02/04,33000,59440,1.82,1.82,1.80,1.81,-0.15,3
2015/02/05,106000,200390,1.90,1.90,1.89,1.89,0.08,4
2015/02/06,100000,190000,1.90,1.90,1.90,1.90,0.01,2
2015/02/09,0,0,--,--,--,--,,0
2015/02/10,0,0,--,--,--,--,,0
2015/02/11,10000,18200,1.82,1.82,1.82,1.82,X,1
2015/02/12,0,0,--,--,--,--,,0
2015/02/13,152000,259930,1.73,1.73,1.70,1.71,X,4
2015/02/24,172000,265410,1.57,1.57,1.53,1.54,-0.17,5
2015/02/25,2000,2960,1.50,1.50,1.46,1.46,-0.08,2
2015/02/26,341000,514090,1.49,1.51,1.49,1.51,0.05,4
2015/03/02,51000,76010,1.46,1.51,1.46,1.51,,3
2015/03/03,53000,79150,1.48,1.56,1.48,1.52,0.01,6
2015/03/04,173000,259800,1.55,1.55,1.49,1.49,-0.03,11
2015/03/05,843000,1307770,1.50,1.58,1.50,1.52,0.03,20
2015/03/06,119000,176520,1.53,1.54,1.45,1.45,-0.07,7
2015/03/09,87000,132170,1.49,1.54,1.49,1.51,0.06,6
2015/03/10,129000,203620,1.51,1.60,1.51,1.56,0.05,6
2015/03/11,163000,262990,1.64,1.64,1.57,1.58,0.02,9
2015/03/12,56000,84190,1.55,1.55,1.49,1.49,-0.09,7
2015/03/13,98000,139210,1.40,1.43,1.40,1.42,-0.07,4
2015/03/16,33000,47660,1.42,1.46,1.42,1.46,0.04,6
2015/03/17,269000,372370,1.36,1.46,1.33,1.46,,13
2015/03/18,658000,883610,1.42,1.42,1.32,1.32,-0.14,13
2015/03/19,803000,948650,1.22,1.22,1.15,1.17,-0.15,15
2015/03/20,170000,198400,1.16,1.17,1.16,1.16,-0.01,4
2015/03/23,332000,381480,1.15,1.17,1.13,1.13,-0.03,7
2015/03/24,702000,835970,1.18,1.20,1.17,1.17,0.04,13
2015/03/25,846000,1013430,1.16,1.21,1.16,1.21,0.04,15
2015/03/26,547000,716410,1.35,1.35,1.29,1.31,0.10,19
2015/03/27,377000,513610,1.32,1.40,1.32,1.39,0.08,12
2015/03/30,129000,177010,1.37,1.39,1.34,1.37,-0.02,7
2015/03/31,169000,217620,1.28,1.33,1.28,1.29,-0.08,8
2015/04/01,343000,473280,1.36,1.41,1.36,1.38,0.09,5
2015/04/02,35000,43350,1.31,1.31,1.21,1.21,-0.17,4
2015/04/07,62000,72390,1.19,1.19,1.15,1.17,-0.04,8
2015/04/08,79000,97450,1.16,1.26,1.16,1.24,0.07,11
2015/04/09,20000,22980,1.21,1.21,1.10,1.14,-0.10,5
2015/04/10,106000,121000,1.13,1.15,1.13,1.15,0.01,7
2015/04/13,132000,139820,1.05,1.07,1.05,1.05,-0.10,8
2015/04/14,45000,47700,1.06,1.06,1.06,1.06,0.01,2
2015/04/15,135000,160350,1.16,1.22,1.16,1.22,0.16,4
2015/04/16,41000,44960,1.15,1.15,1.07,1.07,-0.15,5
2015/04/17,279000,315490,1.10,1.14,1.09,1.14,0.07,7
2015/04/20,36000,42810,1.19,1.19,1.18,1.18,0.04,3
2015/04/21,125000,142260,1.05,1.14,1.05,1.14,-0.04,3
2015/04/22,270000,275930,1.07,1.07,1.01,1.01,-0.13,10
2015/04/23,835000,713610,1.01,1.01,0.73,0.73,-0.28,27
2015/04/24,322000,204000,0.68,0.68,0.60,0.64,-0.09,22
2015/04/27,488000,274810,0.58,0.60,0.54,0.54,-0.10,25
2015/04/28,472000,262260,0.53,0.57,0.53,0.56,0.02,15
2015/04/29,647000,384970,0.55,0.64,0.55,0.61,0.05,23
2015/04/30,199000,125980,0.58,0.65,0.58,0.62,0.01,12
2015/05/04,35000,20690,0.59,0.65,0.58,0.59,-0.03,5
2015/05/05,235000,149300,0.64,0.65,0.62,0.62,0.03,5
2015/05/06,177000,106280,0.67,0.68,0.59,0.60,-0.02,7
2015/05/07,204000,141320,0.68,0.70,0.68,0.70,0.10,8
2015/05/08,121000,81920,0.67,0.68,0.67,0.68,-0.02,4
2015/05/11,57000,37410,0.61,0.73,0.61,0.73,0.05,8
2015/05/12,27000,18370,0.71,0.71,0.65,0.69,-0.04,4
2015/05/13,25000,16150,0.67,0.67,0.64,0.64,-0.05,2
2015/05/14,79000,59320,0.70,0.78,0.70,0.78,0.14,7
2015/05/15,104000,83950,0.74,0.83,0.74,0.80,0.02,11
2015/05/18,124000,96820,0.76,0.81,0.75,0.76,-0.04,10
2015/05/19,155000,96540,0.69,0.70,0.60,0.60,-0.16,12
2015/05/20,40000,25000,0.62,0.63,0.62,0.63,0.03,3
2015/05/21,50000,38700,0.74,0.80,0.74,0.80,0.17,4
2015/05/22,215000,140250,0.70,0.70,0.64,0.67,-0.13,7
2015/05/25,126000,80770,0.68,0.71,0.62,0.63,-0.04,4
2015/05/26,63000,34700,0.52,0.59,0.52,0.59,-0.04,4
2015/05/27,136000,71740,0.53,0.54,0.52,0.54,-0.05,4
2015/05/28,80000,38400,0.48,0.48,0.48,0.48,-0.06,1
2015/05/29,101000,47470,0.47,0.47,0.47,0.47,-0.01,1
2015/06/01,51000,26460,0.50,0.55,0.50,0.53,0.06,5
2015/06/02,0,0,--,--,--,--,,0
2015/06/03,0,0,--,--,--,--,,0
2015/06/04,72000,59120,0.59,0.90,0.59,0.90,X,5
2015/06/05,100000,92500,0.93,0.96,0.87,0.92,0.02,9
2015/06/08,25000,22500,0.93,0.93,0.78,0.78,-0.14,2
2015/06/09,156000,151340,0.80,1.02,0.80,1.02,0.24,8
2015/06/10,19000,16370,0.83,0.88,0.80,0.80,-0.22,9
2015/06/11,203000,182320,0.84,0.94,0.83,0.93,0.13,7
2015/06/12,211000,191690,0.91,0.91,0.89,0.90,-0.03,5
2015/06/15,0,0,--,--,--,--,,0
2015/06/16,64000,68740,1.00,1.09,1.00,1.09,X,3
2015/06/17,955000,938550,1.05,1.05,0.97,1.00,-0.09,7
2015/06/18,915000,867750,0.98,0.98,0.94,0.94,-0.06,5
2015/06/22,0,0,--,--,--,--,,0
2015/06/23,0,0,--,--,--,--,,0
2015/06/24,0,0,--,--,--,--,,0
2015/06/25,0,0,--,--,--,--,,0
2015/06/26,0,0,--,--,--,--,,0
2015/06/29,10000,5300,0.53,0.53,0.53,0.53,X,1
2015/06/30,0,0,--,--,--,--,,0
2015/07/01,10000,2600,0.26,0.26,0.26,0.26,X,1
2015/07/02,0,0,--,--,--,--,,0
2015/07/03,0,0,--,--,--,--,,0
2015/07/06,0,0,--,--,--,--,,0
2015/07/07,0,0,--,--,--,--,,0
2015/07/08,0,0,--,--,--,--,,0
2015/07/09,0,0,--,--,--,--,,0
2016/05/18,0,0,--,--,--,--,,0
2016/05/19,0,0,--,--,--,--,,0
2016/05/20,14000,19600,1.40,1.40,1.40,1.40,X,1
2016/05/23,14000,18760,1.34,1.34,1.34,1.34,-0.06,1
2016/05/24,0,0,--,--,--,--,,0
2016/05/25,0,0,--,--,--,--,,0
2016/05/26,63000,61110,0.97,0.97,0.97,0.97,X,2
2016/05/27,73000,73000,1.00,1.00,1.00,1.00,0.03,3
2016/05/30,128000,120320,0.94,0.94,0.94,0.94,-0.06,1
2016/05/31,128000,118410,0.93,0.93,0.92,0.92,-0.02,2
2016/06/01,0,0,--,--,--,--,,0
2016/06/02,499000,434130,0.87,0.87,0.87,0.87,X,2
2016/06/03,499000,421280,0.85,0.85,0.84,0.84,-0.03,9
2016/06/06,0,0,--,--,--,--,,0
2016/06/07,0,0,--,--,--,--,,0
2016/06/08,0,0,--,--,--,--,,0
2016/06/13,5000,3900,0.78,0.78,0.78,0.78,X,1
2016/06/14,0,0,--,--,--,--,,0
2016/06/15,499000,399200,0.80,0.80,0.80,0.80,X,2
2016/06/16,947000,724040,0.77,0.79,0.75,0.79,-0.01,17
2016/06/17,438000,332760,0.75,0.77,0.75,0.76,-0.03,14
2016/06/20,0,0,--,--,--,--,,0
2016/06/21,0,0,--,--,--,--,,0
2016/06/22,10000,6700,0.67,0.67,0.67,0.67,X,1
2016/06/23,5000,3550,0.71,0.71,0.71,0.71,0.04,1
2016/06/24,110000,87100,0.77,0.81,0.77,0.81,0.10,3
2016/06/27,50000,39500,0.79,0.79,0.79,0.79,-0.02,1
2016/06/28,10000,7900,0.79,0.79,0.79,0.79,,1
2016/06/29,70000,50400,0.72,0.72,0.72,0.72,-0.07,2
2016/06/30,316000,227520,0.72,0.72,0.72,0.72,,2
2016/07/01,316000,218040,0.69,0.69,0.69,0.69,-0.03,2
2016/07/04,0,0,--,--,--,--,,0
2016/07/05,452000,266680,0.59,0.59,0.59,0.59,X,2
2016/07/06,1374000,935230,0.67,0.69,0.67,0.69,0.10,10
2016/07/07,1107000,738570,0.65,0.67,0.64,0.67,-0.02,13
2016/07/11,185000,111400,0.60,0.61,0.60,0.60,-0.07,8
2016/07/12,10000,5300,0.53,0.53,0.53,0.53,-0.07,1
2016/07/13,0,0,--,--,--,--,,0
2016/07/14,0,0,--,--,--,--,,0
2016/07/15,0,0,--,--,--,--,,0
2016/07/18,0,0,--,--,--,--,,0
2016/07/19,0,0,--,--,--,--,,0
2016/07/20,0,0,--,--,--,--,,0
2016/07/21,0,0,--,--,--,--,,0
2016/07/22,0,0,--,--,--,--,,0
2016/07/25,0,0,--,--,--,--,,0
2016/07/26,0,0,--,--,--,--,,0
2016/07/27,0,0,--,--,--,--,,0
2016/07/28,0,0,--,--,--,--,,0
2016/07/29,0,0,--,--,--,--,,0
2016/08/01,0,0,--,--,--,--,,0
2016/08/02,0,0,--,--,--,--,,0
2016/08/03,0,0,--,--,--,--,,0
2016/08/04,0,0,--,--,--,--,,0
2016/08/05,0,0,--,--,--,--,,0
2016/08/08,0,0,--,--,--,--,,0
2016/08/09,0,0,--,--,--,--,,0
2016/08/10,0,0,--,--,--,--,,0
2016/08/11,0,0,--,--,--,--,,0
2016/08/12,0,0,--,--,--,--,,0
2016/08/15,0,0,--,--,--,--,,0
2016/08/16,50000,5500,0.11,0.11,0.11,0.11,X,1
2016/08/17,50000,5000,0.10,0.10,0.10,0.10,-0.01,5
2016/08/18,50000,3500,0.07,0.07,0.07,0.07,-0.03,5
2016/08/19,0,0,--,--,--,--,,0
2016/08/22,50000,4500,0.09,0.09,0.09,0.09,X,1
2016/08/23,50000,4000,0.08,0.08,0.08,0.08,-0.01,5
2016/08/24,0,0,--,--,--,--,,0
2016/08/25,0,0,--,--,--,--,,0
2016/08/26,0,0,--,--,--,--,,0
2016/08/29,100000,8000,0.08,0.08,0.08,0.08,X,1
2016/08/30,50000,4000,0.08,0.08,0.08,0.08,,1
2016/08/31,0,0,--,--,--,--,,0
2016/09/01,0,0,--,--,--,--,,0
2016/09/02,0,0,--,--,--,--,,0
2016/09/05,0,0,--,--,--,--,,0
2016/09/06,40000,2800,0.07,0.07,0.07,0.07,X,2
2016/09/07,60000,3600,0.06,0.06,0.06,0.06,-0.01,6
2016/09/08,60000,3600,0.06,0.06,0.06,0.06,,1
2016/09/09,40000,2400,0.06,0.06,0.06,0.06,,1
2016/09/12,0,0,--,--,--,--,,0
2016/09/13,0,0,--,--,--,--,,0
2016/09/14,0,0,--,--,--,--,,0
2016/09/19,0,0,--,--,--,--,,0
2016/09/20,0,0,--,--,--,--,,0
2016/09/21,0,0,--,--,--,--,,0
2016/09/22,0,0,--,--,--,--,,0
2016/09/23,0,0,--,--,--,--,,0
2016/09/26,0,0,--,--,--,--,,0
2016/09/29,0,0,--,--,--,--,,0
2016/09/30,0,0,--,--,--,--,,0
2016/10/03,0,0,--,--,--,--,,0
2016/10/04,0,0,--,--,--,--,,0
2016/10/05,0,0,--,--,--,--,,0
2016/10/06,0,0,--,--,--,--,,0
2016/10/07,0,0,--,--,--,--,,0
2016/10/11,0,0,--,--,--,--,,0
2016/10/12,0,0,--,--,--,--,,0
2016/10/13,0,0,--,--,--,--,,0
2016/10/14,0,0,--,--,--,--,,0
2016/10/17,0,0,--,--,--,--,,0
2016/10/18,0,0,--,--,--,--,,0
2016/10/19,0,0,--,--,--,--,,0
2016/10/20,0,0,--,--,--,--,,0
2016/10/21,0,0,--,--,--,--,,0
2016/10/24,0,0,--,--,--,--,,0
2016/10/25,0,0,--,--,--,--,,0
2016/10/26,0,0,--,--,--,--,,0
2016/10/27,0,0,--,--,--,--,,0
2016/10/28,0,0,--,--,--,--,,0
2016/10/31,0,0,--,--,--,--,,0
2016/11/01,0,0,--,--,--,--,,0
2016/11/02,0,0,--,--,--,--,,0
2016/11/03,0,0,--,--,--,--,,0
2016/11/04,0,0,--,--,--,--,,0
2016/11/07,0,0,--,--,--,--,,0
2016/11/08,0,0,--,--,--,--,,0
2016/11/09,0,0,--,--,--,--,,0
2016/11/10,0,0,--,--,--,--,,0
2016/11/11,0,0,--,--,--,--,,0
2016/11/14,0,0,--,--,--,--,,0
2016/11/15,0,0,--,--,--,--,,0
2017/07/14,0,0,--,--,--,--,0.00,0
2017/07/17,0,0,--,--,--,--,0.00,0
2017/07/18,0,0,--,--,--,--,0.00,0
2017/07/19,0,0,--,--,--,--,0.00,0
2017/07/20,0,0,--,--,--,--,0.00,0
2017/07/21,0,0,--,--,--,--,0.00,0
2017/07/24,50000,38000,0.76,0.76,0.76,0.76,0.00,2
2017/07/25,50000,37000,0.74,0.74,0.74,0.74,-0.02,2
2017/07/26,0,0,--,--,--,--,0.00,0
2017/07/27,1000,690,0.69,0.69,0.69,0.69,0.00,1
2017/07/28,0,0,--,--,--,--,0.00,0
2017/07/31,0,0,--,--,--,--,0.00,0
2017/08/01,0,0,--,--,--,--,0.00,0
2017/08/02,0,0,--,--,--,--,0.00,0
2017/08/03,0,0,--,--,--,--,0.00,0
2017/08/04,0,0,--,--,--,--,0.00,0
2017/08/07,0,0,--,--,--,--,0.00,0
2017/08/08,1000,490,0.49,0.49,0.49,0.49,0.00,1
2017/08/09,0,0,--,--,--,--,0.00,0
2017/08/10,109000,60790,0.51,0.56,0.51,0.56,0.00,4
2017/08/11,109000,64810,0.60,0.60,0.59,0.59,0.03,4
2017/08/14,371000,214470,0.57,0.60,0.57,0.60,0.01,3
2017/08/15,505000,265990,0.53,0.53,0.52,0.52,-0.08,3
2017/08/16,134000,76380,0.57,0.57,0.57,0.57,0.05,1
2017/08/17,0,0,--,--,--,--,0.00,0
2017/08/18,0,0,--,--,--,--,0.00,0
2017/08/21,0,0,--,--,--,--,0.00,0
