Date,shares,TotalM,Open,High,Low,Close,Diff,Count
2007/01/02,1098600,39660504,36.10,36.50,35.80,35.80,-0.20,429
2007/01/03,876529,31437980,35.85,36.10,35.65,35.80,,388
2007/01/04,1827676,66260725,35.85,36.50,35.85,36.50,0.70,654
2007/01/05,1721903,63222137,37.00,37.00,36.50,36.55,0.05,715
2007/01/08,825178,29855876,36.55,36.55,36.00,36.00,-0.55,336
2007/01/09,1141325,41043694,35.80,36.15,35.80,36.00,,374
2007/01/10,1019612,36823161,36.00,36.50,35.85,36.10,0.10,400
2007/01/11,1430994,51758078,36.00,36.55,35.60,35.90,-0.20,545
2007/01/12,1437756,51511091,36.10,36.30,35.15,35.80,-0.10,622
2007/01/15,762857,27005501,36.00,36.00,35.20,35.25,-0.55,355
2007/01/16,633432,22480864,35.50,35.75,35.25,35.50,0.25,246
2007/01/17,449465,15906291,35.50,35.65,35.25,35.35,-0.15,174
2007/01/18,1213603,43434358,35.35,36.20,35.35,36.20,0.85,519
2007/01/19,8197326,314981684,36.50,38.70,36.50,38.70,2.50,2391
2007/01/22,8668478,346292030,39.10,41.00,39.10,39.80,1.10,3429
2007/01/23,3350300,132790783,39.60,40.35,38.70,39.80,,1277
2007/01/24,8053394,332187385,40.20,42.50,39.30,41.65,1.85,2992
2007/01/25,3564210,146954746,41.65,41.70,40.60,40.70,-0.95,1352
2007/01/26,1659308,67104479,40.00,40.80,40.00,40.70,,679
2007/01/29,1194647,47756465,40.80,41.00,39.50,39.70,-1.00,519
2007/01/30,1143412,45176660,39.75,40.00,38.90,39.70,,477
2007/01/31,1337245,53564500,40.00,40.70,39.20,40.10,0.40,665
2007/02/01,4624622,190025882,40.20,41.80,40.20,40.60,0.50,1783
2007/02/02,2024798,82545073,41.30,41.50,40.20,40.60,,781
2007/02/05,2264585,92312419,40.60,41.20,40.30,40.30,-0.30,873
2007/02/06,7418000,314725350,40.30,43.10,40.30,43.10,2.80,2420
2007/02/07,7007582,302362583,43.60,43.60,42.60,42.75,-0.35,2488
2007/02/08,12144383,530328962,43.00,45.20,43.00,44.20,1.45,2572
2007/02/09,6745568,307214762,44.70,46.60,44.60,44.70,0.50,2649
2007/02/12,2686620,117415315,44.70,44.70,43.30,43.35,-1.35,1064
2007/02/13,1949539,82745091,43.00,43.35,41.90,42.20,-1.15,894
2007/02/14,2182357,93786354,42.30,43.35,42.20,43.30,1.10,910
2007/02/26,2490367,109464108,44.40,44.80,43.30,43.50,0.20,1053
2007/02/27,2241257,99343611,43.80,44.95,43.65,43.85,0.35,1013
2007/03/01,1634305,69396311,41.50,42.95,41.50,42.45,-1.40,703
2007/03/02,1377000,59196399,42.45,43.80,42.10,42.80,0.35,662
2007/03/05,4645907,194261660,41.50,42.90,40.10,40.70,-0.65,1878
2007/03/06,4438836,185882512,41.20,42.50,40.80,42.00,1.30,1712
2007/03/07,8013480,352353249,42.50,44.80,42.10,44.10,2.10,3265
2007/03/08,11062477,517638581,46.80,47.15,45.50,47.15,3.05,3252
2007/03/09,8503269,402144038,47.80,48.45,46.50,46.50,-0.65,3278
2007/03/12,7401204,356807501,46.95,49.30,46.90,47.80,1.30,3158
2007/03/13,2796797,132767129,47.80,47.90,47.15,47.30,-0.50,1285
2007/03/14,3556188,168158633,45.90,48.00,45.80,47.45,0.15,1696
2007/03/15,4815900,233546422,48.40,49.30,47.60,47.80,0.35,2143
2007/03/16,2631833,124541063,47.80,48.50,46.60,46.65,-1.15,1227
2007/03/19,1227983,57474155,47.00,47.20,46.50,46.70,0.05,647
2007/03/20,2004137,92815543,47.20,47.50,45.50,45.60,-1.10,958
2007/03/21,1654923,76500188,46.60,46.80,45.65,45.90,0.30,774
2007/03/22,1678548,78257865,46.40,47.25,46.15,46.20,0.30,791
2007/03/23,1361862,63121064,46.50,46.80,46.10,46.25,0.05,588
2007/03/26,1403698,65602481,46.80,47.00,46.25,46.90,0.65,691
2007/03/27,2662465,121589419,47.15,47.15,45.10,45.10,-1.80,1230
2007/03/28,1122898,50866866,45.05,45.70,45.00,45.40,0.30,541
2007/03/29,1070547,48714790,45.40,45.85,45.00,45.70,0.30,553
2007/03/30,1673508,76808106,46.70,46.70,45.40,45.40,-0.30,798
2007/04/02,1255100,56783782,45.40,45.80,45.00,45.50,0.10,548
2007/04/03,1615401,74624318,45.80,46.50,45.70,46.20,0.70,784
2007/04/04,2323151,106884868,46.90,46.95,45.25,45.70,-0.50,1035
2007/04/09,1145232,52035088,46.00,46.20,45.00,45.00,-0.70,585
2007/04/10,1290132,57310421,45.05,45.40,44.00,44.25,-0.75,619
2007/04/11,933430,41433328,44.60,44.90,44.20,44.20,-0.05,448
2007/04/12,1780460,79885493,44.20,45.30,44.20,44.55,0.35,795
2007/04/13,5030948,231313442,44.90,47.10,44.30,46.05,1.50,2093
2007/04/16,5385004,249721263,46.80,47.40,44.50,44.85,-1.15,2258
2007/04/17,2838646,125848199,45.30,45.30,43.00,43.35,-1.50,1240
2007/04/18,1647463,72464365,43.35,44.50,43.20,44.10,0.75,808
2007/04/19,898595,39505620,43.80,44.70,43.50,43.70,-0.40,480
2007/04/20,1159212,51068510,43.75,44.40,43.75,43.95,0.25,480
2007/04/23,1794822,80411360,44.50,45.25,44.30,44.30,0.35,824
2007/04/24,1007421,44624232,44.30,44.75,43.90,44.50,0.20,450
2007/04/25,588389,26058994,44.50,44.50,44.05,44.15,-0.35,257
2007/04/26,6412083,295137534,44.70,46.95,44.40,46.40,2.25,2232
2007/04/27,7177090,342922280,47.30,48.70,46.85,47.00,0.60,2685
2007/04/30,1506595,69625628,47.00,47.60,45.60,46.10,-0.90,662
2007/05/02,1622519,74858062,46.80,47.00,45.15,45.80,-0.30,748
2007/05/03,1563502,69445407,46.40,46.40,43.10,43.90,-1.90,757
2007/05/04,2511997,115346006,44.20,46.80,44.20,46.80,2.90,1093
2007/05/07,2231997,104173257,47.00,47.20,46.00,46.80,,824
2007/05/08,5403743,257087192,46.70,48.20,46.70,46.90,0.10,2074
2007/05/09,2256725,107165031,47.50,48.00,46.70,46.80,-0.10,1138
2007/05/10,1319676,61181873,47.00,47.10,46.00,46.00,-0.80,611
2007/05/11,753657,34724936,46.00,46.50,45.60,45.80,-0.20,410
2007/05/14,854749,39181701,46.10,46.50,45.40,45.40,-0.40,445
2007/05/15,694160,31215801,45.05,45.70,44.80,44.90,-0.50,378
2007/05/16,566332,25420871,45.20,45.45,44.50,44.70,-0.20,277
2007/05/17,989433,45188642,44.90,46.20,44.90,45.60,0.90,461
2007/05/18,2636109,123157173,46.00,47.10,46.00,46.65,1.05,1261
2007/05/21,7687644,368959236,47.20,48.80,46.65,48.80,2.15,2700
2007/05/22,8309860,410141791,49.20,50.30,48.50,49.00,0.20,2824
2007/05/23,4039325,198855588,49.50,49.80,48.60,48.85,-0.15,1502
2007/05/24,2320062,113632496,49.00,49.45,48.50,48.50,-0.35,838
2007/05/25,1743619,83623962,48.30,48.35,47.50,48.00,-0.50,791
2007/05/28,3450232,170020457,48.50,49.85,48.50,49.20,1.20,1463
2007/05/29,2374844,117431750,49.90,49.90,49.00,49.50,0.30,993
2007/05/30,2929640,145490799,49.40,50.30,49.10,49.30,-0.20,1170
2007/05/31,4176622,208090652,49.80,50.70,49.00,50.30,1.00,1653
2007/06/01,8066011,415736661,51.30,52.50,50.50,51.20,0.90,2932
2007/06/04,3318817,171014484,51.50,52.30,50.90,52.00,0.80,1490
2007/06/05,2435962,124723474,52.30,52.40,50.50,50.50,-1.50,1033
2007/06/06,4322685,217459270,51.30,51.60,48.80,48.80,-1.70,1575
2007/06/07,2899743,144350637,48.50,50.80,48.50,50.80,2.00,1114
2007/06/08,7917319,409615288,52.00,52.60,50.60,52.20,1.40,2826
2007/06/11,3656782,204048421,55.80,55.80,55.80,55.80,3.60,927
2007/06/12,15629552,908620358,59.50,59.70,56.40,57.00,1.20,5733
2007/06/13,4900626,274786892,57.00,57.60,54.60,55.00,-2.00,2175
2007/06/14,4378778,243083468,55.50,56.50,54.50,56.00,1.00,1743
2007/06/15,2600221,143989168,56.10,56.30,54.70,55.40,-0.60,1154
2007/06/20,2498643,136105601,55.40,56.00,53.40,53.50,-1.90,1137
2007/06/21,2742386,148938270,54.00,55.20,53.80,54.60,1.10,1062
2007/06/22,4207726,235357256,55.00,56.80,55.00,56.00,1.40,1717
2007/06/25,2339235,129474547,56.10,56.20,54.70,55.00,-0.70,1036
2007/06/26,1593939,86629618,55.00,55.60,53.80,54.00,-1.00,775
2007/06/27,1994939,107298037,54.00,54.50,53.50,53.70,-0.30,943
2007/06/28,1425384,76961836,54.50,54.50,53.70,54.10,0.40,606
2007/06/29,1452158,78826375,54.10,54.70,53.80,54.30,0.20,643
2007/07/02,1477908,80677900,54.80,54.80,54.20,54.60,0.30,641
2007/07/03,9057843,517915015,55.30,58.40,55.20,58.40,3.80,3707
2007/07/04,4867840,279655036,58.40,58.50,56.60,56.90,-1.50,1949
2007/07/05,4699539,271921862,57.10,58.80,56.70,58.10,1.20,1967
2007/07/06,6951593,412491147,58.50,60.40,58.20,59.30,1.20,2501
2007/07/09,4627979,274516549,60.30,60.40,58.50,59.10,-0.20,1694
2007/07/10,3767863,224862652,59.00,60.60,58.60,59.40,0.30,1521
2007/07/11,4719313,281523808,59.00,60.40,58.00,58.50,-0.90,1599
2007/07/12,4369558,259508622,59.40,60.50,58.60,59.00,0.50,1567
2007/07/13,3360137,197235867,59.50,59.70,57.70,58.50,-0.50,1388
2007/07/16,3110977,184394918,58.60,60.00,58.30,59.30,0.80,1233
2007/07/17,8449382,512432434,59.30,61.80,58.50,61.80,2.50,2928
2007/07/18,9032230,509109402,56.00,57.40,55.50,56.00,X,3245
2007/07/19,2267164,127291784,56.50,56.90,55.50,55.80,-0.20,983
2007/07/20,2488535,138917960,55.50,56.40,55.00,56.00,0.20,1023
2007/07/23,1967697,111373439,55.80,57.20,55.80,56.50,0.50,894
2007/07/24,4737989,274159473,57.00,59.00,56.70,57.00,0.50,1841
2007/07/25,5447436,327859636,58.50,60.90,58.40,60.90,3.90,1473
2007/07/26,14696801,954214265,65.10,65.10,63.10,65.00,4.10,3318
2007/07/27,10456088,695765371,63.00,69.40,62.90,66.80,1.80,3673
2007/07/30,5158026,333370809,66.80,67.20,62.30,66.00,-0.80,1861
2007/07/31,3653882,256267860,70.50,70.60,68.10,70.60,4.60,1158
2007/08/01,9192282,660860158,71.00,75.00,68.50,69.00,-1.60,3649
2007/08/02,3709546,250738508,72.00,72.00,64.30,66.70,-2.30,1807
2007/08/03,1918221,127763372,68.00,68.00,65.00,65.50,-1.20,1033
2007/08/06,2681382,166915192,63.20,64.70,61.00,61.50,-4.00,1109
2007/08/07,2805474,178734287,63.30,65.00,62.50,63.70,2.20,1269
2007/08/08,2381599,159638490,65.80,68.10,64.70,68.10,4.40,1068
2007/08/09,6539787,468967697,70.00,72.80,70.00,71.80,3.70,2713
2007/08/10,3072421,214915736,70.00,71.00,68.20,70.00,-1.80,1376
2007/08/13,2682570,189827652,72.00,72.00,69.00,69.00,-1.00,1405
2007/08/14,2010320,140355309,68.80,71.50,68.00,69.00,,1201
2007/08/15,2413488,164313608,68.00,70.00,65.60,66.80,-2.20,1233
2007/08/16,2198329,144098461,64.80,67.70,63.40,64.60,-2.20,1176
2007/08/17,6477089,440154190,65.00,69.10,65.00,69.10,4.50,2914
2007/08/20,3064984,226447056,73.90,73.90,72.90,73.90,4.80,1047
2007/08/21,11296291,872861257,75.10,79.00,74.00,75.10,1.20,4529
2007/08/22,6942183,527956028,77.00,78.90,73.00,76.10,1.00,3269
2007/08/23,5537906,423735652,78.00,78.90,75.20,75.70,-0.40,2559
2007/08/24,4098973,303925429,75.10,76.00,72.80,73.00,-2.70,1920
2007/08/27,4043408,295362885,73.40,74.60,71.50,74.50,1.50,1993
2007/08/28,5966460,454118544,74.60,77.70,74.00,75.40,0.90,3092
2007/08/29,1770208,129468382,73.10,74.40,72.10,73.50,-1.90,1035
2007/08/30,4015341,298546693,75.00,75.50,73.00,73.00,-0.50,2072
2007/08/31,2188366,160362747,73.10,74.50,72.20,73.50,0.50,1192
2007/09/03,4498019,337325706,74.00,76.70,73.30,74.20,0.70,2252
2007/09/04,4399882,323302840,74.50,75.90,71.30,72.50,-1.70,1982
2007/09/05,1612053,116888692,72.80,73.40,71.90,72.10,-0.40,965
2007/09/06,1301563,94242606,71.00,73.10,71.00,72.60,0.50,840
2007/09/07,3624529,268910276,72.60,75.20,72.50,74.30,1.70,2426
2007/09/10,1193975,88021903,73.60,74.30,73.00,73.60,-0.70,913
2007/09/11,2942106,221729644,74.00,76.50,73.90,74.60,1.00,1883
2007/09/12,6731071,530918093,76.50,79.80,75.80,79.80,5.20,3055
2007/09/13,10727141,879036262,82.00,83.30,80.00,80.10,0.30,4798
2007/09/14,4481263,383418644,85.50,85.70,84.40,85.70,5.60,1645
2007/09/17,7920710,684328957,88.80,88.80,84.70,85.40,-0.30,3858
2007/09/19,4271224,352819444,86.00,86.90,80.00,81.30,-4.10,2317
2007/09/20,4447589,370055984,83.00,85.50,80.60,81.70,0.40,2568
2007/09/21,3254168,271879630,82.00,85.40,81.30,85.00,3.30,1824
2007/09/26,3207414,272788890,86.80,86.80,83.80,84.50,-0.50,1383
2007/09/27,6717776,599007864,85.50,90.40,85.20,89.40,4.90,2877
2007/09/28,2509041,223104593,89.40,90.00,88.10,88.50,-0.90,1393
2007/10/01,2655295,238453364,89.40,92.00,87.50,88.50,-0.10,1569
2007/10/02,2398820,210803057,88.60,89.70,86.70,87.20,-1.30,1371
2007/10/03,4122483,362738670,87.70,89.60,85.00,87.00,-0.20,2330
2007/10/04,1751981,150603071,86.50,87.50,85.10,85.40,-1.60,1115
2007/10/05,1887259,162743934,86.40,87.30,85.40,85.60,0.20,1124
2007/10/08,1638176,139737603,86.50,87.00,84.00,84.00,-1.60,903
2007/10/09,2938502,250419054,84.20,86.90,84.20,84.50,0.50,1578
2007/10/11,1164813,99023105,86.00,86.00,84.00,85.40,0.90,713
2007/10/12,1665963,141026410,85.30,86.20,83.10,83.20,-2.20,981
2007/10/15,2265476,182905272,83.20,84.50,77.50,80.00,-3.20,1416
2007/10/16,1618697,131091595,78.50,82.30,78.00,82.20,2.20,1100
2007/10/17,1107996,89890968,82.00,82.00,80.40,80.50,-1.70,691
2007/10/18,4211279,355569476,80.60,86.10,80.60,86.10,5.60,2181
2007/10/19,2539479,217037320,86.70,86.90,84.10,84.40,-1.70,1306
2007/10/22,2608822,210814513,79.20,82.00,79.20,81.90,-2.50,1382
2007/10/23,1776943,147996484,82.00,84.00,82.00,83.00,1.10,1086
2007/10/24,1280237,105265821,84.00,84.20,81.00,81.00,-2.00,829
2007/10/25,2281484,190184476,82.90,85.40,81.60,81.60,0.60,1292
2007/10/26,2351332,192976408,81.60,83.00,81.40,81.70,0.10,1073
2007/10/29,1483753,122153908,83.40,83.50,81.60,81.80,0.10,885
2007/10/30,1204123,97597710,82.00,82.50,80.50,80.70,-1.10,758
2007/10/31,1192069,95532571,81.10,81.20,79.50,79.70,-1.00,684
2007/11/01,978921,77548151,80.00,80.70,78.00,78.00,-1.70,691
2007/11/02,1890644,144304044,76.00,77.70,75.50,75.80,-2.20,867
2007/11/05,1296404,98096553,75.80,77.00,75.00,75.90,0.10,640
2007/11/06,2045377,161094877,76.50,80.10,76.50,79.30,3.40,1225
2007/11/07,1024033,81073754,81.00,81.00,77.50,77.50,-1.80,643
2007/11/08,1842894,134024746,74.80,75.00,72.10,72.10,-5.40,997
2007/11/09,1978985,134027686,71.30,72.10,67.10,67.10,-5.00,1134
2007/11/12,1575868,99116545,62.60,66.00,62.50,62.50,-4.60,802
2007/11/13,1771688,112005660,61.00,66.00,60.80,65.80,3.30,1138
2007/11/14,1559405,106010235,68.00,68.80,67.10,67.50,1.70,886
2007/11/15,640340,42346240,67.30,67.30,65.60,66.00,-1.50,408
2007/11/16,965573,63655645,65.00,68.00,63.90,67.80,1.80,541
2007/11/19,666277,45548802,68.20,69.30,67.10,67.10,-0.70,458
2007/11/20,2953435,204393685,67.00,71.70,67.00,71.70,4.60,1685
2007/11/21,3707636,275858207,73.50,76.40,72.50,72.50,0.80,2020
2007/11/22,2082156,153840176,72.60,74.90,72.50,73.70,1.20,1213
2007/11/23,1563635,112900466,74.50,75.00,70.00,70.50,-3.20,938
2007/11/26,1124891,79591610,71.50,72.20,70.00,70.50,,679
2007/11/27,728753,50330680,68.90,70.10,67.40,69.30,-1.20,438
2007/11/28,1347023,94968369,71.40,71.80,68.30,68.30,-1.00,879
2007/11/29,1989694,142589008,70.50,72.80,70.00,71.50,3.20,1207
2007/11/30,2485482,182698168,72.00,74.80,71.10,74.00,2.50,1572
2007/12/03,1745938,131213612,76.00,76.30,73.80,74.00,,1083
2007/12/04,1815928,137215010,74.10,76.20,74.10,76.20,2.20,1157
2007/12/05,2809804,217929086,77.80,78.40,76.50,77.60,1.40,1516
2007/12/06,1957658,152851329,78.60,79.40,77.00,77.10,-0.50,1147
2007/12/07,1730002,135233247,79.00,79.00,77.50,77.90,0.80,1066
2007/12/10,1857645,146776598,77.90,80.20,77.70,78.40,0.50,1090
2007/12/11,1304508,102509666,80.20,80.20,77.80,78.10,-0.30,770
2007/12/12,1337058,104201714,77.50,78.80,77.20,78.10,,764
2007/12/13,1756504,132511636,78.10,78.40,72.80,73.00,-5.10,936
2007/12/14,1418568,102308371,73.20,73.90,70.10,73.50,0.50,938
2007/12/17,1348508,95511745,72.90,73.30,68.50,68.50,-5.00,716
2007/12/18,2394180,163780169,67.80,71.90,64.60,68.60,0.10,1384
2007/12/19,2315233,166853695,69.10,73.40,69.00,73.40,4.80,1298
2007/12/20,4482601,340331229,75.30,78.20,73.60,74.30,0.90,2660
2007/12/21,2304278,171172708,75.80,76.00,72.00,74.70,0.40,1466
2007/12/24,3310910,254479929,76.00,78.50,75.00,78.50,3.80,1937
2007/12/25,3535591,280071289,78.50,80.20,77.10,79.00,0.50,2040
2007/12/26,1308236,102325208,78.50,78.90,77.50,78.00,-1.00,802
2007/12/27,4184146,337208277,79.00,81.80,78.10,79.40,1.40,2526
2007/12/28,2620997,209836056,79.40,81.80,78.30,79.80,0.40,1575
2007/12/31,2432813,197347269,81.40,81.90,80.20,81.90,2.10,1244
2008/01/02,3481799,288333116,82.50,84.20,81.20,81.50,-0.40,1991
2008/01/03,2134701,173784982,81.00,82.80,80.00,82.00,0.50,1328
2008/01/04,1888299,153193849,81.80,82.80,79.10,79.10,-2.90,1160
2008/01/07,2471305,183915744,76.00,77.00,73.60,73.60,-5.50,1301
2008/01/08,1677689,123967313,72.50,75.20,72.40,73.90,0.30,1039
2008/01/09,2060430,152557580,70.00,76.00,70.00,76.00,2.10,1305
2008/01/10,2200468,172701135,78.90,80.00,77.00,78.50,2.50,1462
2008/01/11,2265924,180347907,80.50,81.00,78.50,78.80,0.30,1405
2008/01/14,1436040,111896899,79.80,80.00,76.90,77.30,-1.50,889
2008/01/15,2716267,214530726,78.40,80.50,77.60,78.00,0.70,1368
2008/01/16,1245422,94180839,76.10,77.00,74.10,74.40,-3.60,791
2008/01/17,3941225,278680035,75.00,76.20,69.20,70.00,-4.40,1994
2008/01/18,2721367,185605357,66.00,71.30,66.00,71.00,1.00,1409
2008/01/21,1252323,89060933,71.00,72.50,70.00,71.00,,811
2008/01/22,1343151,89513978,66.20,68.50,66.10,66.10,-4.90,781
2008/01/23,2632307,165574175,67.50,67.50,61.50,61.50,-4.60,1347
2008/01/24,3047920,178973981,63.80,63.80,57.20,57.20,-4.30,1538
2008/01/25,3180641,190246826,57.20,61.20,57.10,61.20,4.00,1749
2008/01/28,1573831,93532977,61.20,62.30,58.00,58.00,-3.20,945
2008/01/29,2840912,167301922,61.50,61.50,57.30,58.60,0.60,1668
2008/01/30,1840741,109336701,58.90,60.40,58.00,59.30,0.70,1164
2008/01/31,1952711,114859029,59.50,60.10,57.20,59.40,0.10,1152
2008/02/01,2095663,125298080,59.90,60.80,59.00,60.00,0.60,1204
2008/02/12,1304344,74505789,59.00,60.00,55.80,55.80,-4.20,731
2008/02/13,3345588,179647011,55.80,55.80,51.90,51.90,-3.90,1742
2008/02/14,2942708,162113491,53.10,55.50,53.10,55.50,3.60,1242
2008/02/15,3793152,219257297,54.00,59.30,54.00,59.00,3.50,2176
2008/02/18,3982587,248613238,59.90,63.10,59.90,63.10,4.10,1750
2008/02/19,3802405,242640720,63.70,66.00,61.60,64.50,1.40,2161
2008/02/20,2138938,137880500,64.00,65.20,63.00,64.50,,1342
2008/02/21,3647787,250457103,67.00,69.00,67.00,69.00,4.50,1870
2008/02/22,4794761,334525517,68.20,71.50,68.00,70.20,1.20,2732
2008/02/25,4297860,297445900,71.90,72.00,68.10,70.00,-0.20,2085
2008/02/26,4133409,291575354,70.00,71.90,68.60,68.80,-1.20,2188
2008/02/27,2106380,147277639,69.50,70.90,69.00,69.00,0.20,1286
2008/02/29,2035655,141582383,69.00,70.50,68.70,69.30,0.30,1291
2008/03/03,1866033,122045861,66.50,67.30,64.60,64.60,-4.70,1129
2008/03/04,2046909,135316374,64.60,67.30,64.20,66.20,1.60,1357
2008/03/05,1755025,114522109,66.20,66.90,64.50,64.60,-1.60,1107
2008/03/06,5255405,352614937,66.00,68.70,65.10,68.50,3.90,3269
2008/03/07,4732275,328292105,67.30,71.00,67.30,68.50,,2796
2008/03/10,1366664,92772484,68.80,69.50,67.00,67.00,-1.50,966
2008/03/11,1401950,93448789,66.00,67.80,66.00,66.20,-0.80,853
2008/03/12,2276505,156015336,69.70,69.80,67.30,67.60,1.40,1379
2008/03/13,6006444,415190345,68.70,70.30,67.60,67.90,0.30,3009
2008/03/14,5784593,404299310,70.00,71.00,68.60,69.90,2.00,3026
2008/03/17,5180684,361322347,69.90,70.50,68.80,70.10,0.20,2157
2008/03/18,4773075,340270500,70.50,72.50,70.40,72.00,1.90,2559
2008/03/19,4690317,341361745,74.00,74.40,70.50,70.50,-1.50,2494
2008/03/20,2918502,202799988,69.50,70.20,68.50,69.50,-1.00,1515
2008/03/21,3773801,264938483,70.20,71.20,69.20,70.40,0.90,1981
2008/03/24,2957120,212330069,75.00,75.00,70.20,70.60,0.20,1707
2008/03/25,4687914,334359780,71.50,72.80,70.50,71.10,0.50,2102
2008/03/26,2465784,172314116,71.50,71.50,69.00,69.00,-2.10,1251
2008/03/27,2990237,198704200,68.20,68.20,65.10,66.10,-2.90,1764
2008/03/28,1852619,123699333,65.50,67.50,65.50,67.10,1.00,1055
2008/03/31,1135651,77173040,67.20,68.60,67.20,67.50,0.40,801
2008/04/01,1567711,106593137,68.30,68.80,67.00,67.00,-0.50,899
2008/04/02,2483997,171277390,68.50,70.00,67.50,70.00,3.00,1414
2008/04/03,1813917,127332369,70.00,70.70,69.00,70.20,0.20,1037
2008/04/07,2104342,150075882,71.50,71.90,70.70,71.00,0.80,1072
2008/04/08,1268810,88906456,71.60,71.60,69.60,69.60,-1.40,693
2008/04/09,846568,59209643,69.20,71.00,69.20,69.80,0.20,520
2008/04/10,1584191,112091234,70.70,71.30,70.30,70.40,0.60,824
2008/04/11,2100869,148511270,71.00,71.30,70.20,70.40,,1013
2008/04/14,1358229,93583631,69.30,69.90,68.00,68.40,-2.00,772
2008/04/15,1506335,105457611,68.90,70.70,68.50,69.90,1.50,807
2008/04/16,1971297,138751116,71.00,71.00,69.80,70.80,0.90,930
2008/04/17,2393105,168651024,71.70,71.90,69.00,70.20,-0.60,1237
2008/04/18,3072982,208186976,69.90,69.90,66.80,67.90,-2.30,1414
2008/04/21,2476180,167735275,66.70,68.60,66.70,68.00,0.10,1283
2008/04/22,1954030,132259124,68.60,68.60,67.10,67.50,-0.50,905
2008/04/23,4250163,295006710,67.50,70.50,67.10,70.00,2.50,2162
2008/04/24,3805802,269263838,70.90,71.40,70.20,70.80,0.80,1657
2008/04/25,1856789,131360132,71.60,71.90,69.90,69.90,-0.90,1154
2008/04/28,1437264,101038550,70.60,70.90,69.80,69.90,,725
2008/04/29,2631372,186368100,69.90,71.90,69.90,69.90,,1379
2008/04/30,3575856,239587144,69.50,69.50,65.80,67.10,-2.80,1718
2008/05/02,1504978,100142826,67.60,68.00,66.00,66.80,-0.30,871
2008/05/05,2751142,183960683,66.10,68.00,66.00,66.10,-0.70,1586
2008/05/06,2072565,137266390,66.10,66.80,66.00,66.00,-0.10,1152
2008/05/07,3616827,240995610,66.60,67.40,66.00,66.40,0.40,1734
2008/05/08,6380533,401804480,65.50,65.50,61.80,62.00,-4.40,3276
2008/05/09,4250319,259600130,62.00,62.80,59.70,60.40,-1.60,1993
2008/05/12,1151340,68938300,60.60,60.80,58.80,60.10,-0.30,643
2008/05/13,2656509,166463266,61.00,63.50,60.60,63.40,3.30,1610
2008/05/14,2021497,127724008,64.20,64.20,62.50,62.70,-0.70,1287
2008/05/15,1124213,70659248,62.70,63.30,62.60,62.70,,672
2008/05/16,1728545,109496820,63.70,64.00,62.80,62.80,0.10,1093
2008/05/19,1371472,87049073,63.00,64.00,63.00,63.30,0.50,851
2008/05/20,1782306,112193485,63.80,64.10,61.50,61.50,-1.80,1011
2008/05/21,845762,52828344,61.50,63.40,61.50,62.20,0.70,616
2008/05/22,898300,55397600,61.00,62.60,61.00,61.60,-0.60,544
2008/05/23,1328786,80825546,61.70,62.50,59.90,60.00,-1.60,777
2008/05/26,1015528,58477789,59.50,59.70,56.80,56.90,-3.10,632
2008/05/27,916629,51914340,57.00,57.50,55.50,56.50,-0.40,504
2008/05/28,867891,48886381,56.80,57.50,55.10,55.10,-1.40,533
2008/05/29,733206,40587963,55.50,56.80,54.20,54.20,-0.90,474
2008/05/30,1037595,56062230,54.80,55.30,53.30,54.00,-0.20,634
2008/06/02,488530,26618050,54.00,55.00,54.00,54.60,0.60,294
2008/06/03,997265,53371675,54.20,54.20,52.90,53.00,-1.60,542
2008/06/04,1417791,76776096,53.00,56.00,52.80,56.00,3.00,787
2008/06/05,931752,52540611,56.90,57.00,55.50,56.80,0.80,654
2008/06/06,1075555,61923390,57.30,58.00,57.20,58.00,1.20,644
2008/06/09,678796,38788789,57.00,57.60,56.20,57.40,-0.60,371
2008/06/10,644990,36699239,57.40,57.60,56.00,56.00,-1.40,340
2008/06/11,807363,43944982,56.00,56.50,53.50,54.00,-2.00,434
2008/06/12,1189240,61938811,54.00,54.00,50.40,51.20,-2.80,639
2008/06/13,842144,43165500,51.20,52.50,50.60,51.40,0.20,414
2008/06/16,366900,19101637,52.00,52.70,51.20,51.40,,223
2008/06/17,480023,24810306,51.50,53.00,50.50,52.50,1.10,293
2008/06/18,315795,16710435,52.50,53.30,52.20,53.00,0.50,216
2008/06/19,322729,16776488,52.30,52.50,51.40,52.00,-1.00,225
2008/06/20,430398,22307518,52.10,52.40,51.10,51.10,-0.90,214
2008/06/23,451350,22423144,50.00,50.40,49.10,49.70,-1.40,252
2008/06/24,737591,37122598,50.00,51.30,49.15,49.15,-0.55,396
2008/06/25,606210,29715351,50.00,50.00,48.40,49.60,0.45,343
2008/06/26,547144,27536606,50.30,51.10,49.55,50.00,0.40,379
2008/06/27,559035,26026827,46.50,47.35,46.50,46.50,-3.50,314
2008/06/30,807325,35001706,43.25,44.15,43.25,43.25,-3.25,385
2008/07/01,1664211,67247792,40.50,42.00,40.25,40.25,-3.00,584
2008/07/02,3197550,130385111,38.95,43.00,38.95,40.80,0.55,1735
2008/07/03,1598356,66200929,40.70,43.40,38.75,43.15,2.35,926
2008/07/04,1581857,69170114,44.55,44.55,42.20,42.20,-0.95,866
2008/07/07,702180,30165880,42.00,43.40,42.00,43.40,1.20,381
2008/07/08,607693,25322634,43.35,43.35,40.40,40.60,-2.80,376
2008/07/09,1186542,50090942,41.20,43.00,41.20,41.50,0.90,574
2008/07/10,1122714,46311230,40.90,41.60,40.50,41.15,-0.35,559
2008/07/11,1290673,54008977,41.00,42.60,41.00,42.60,1.45,719
2008/07/14,2303705,99637070,42.65,44.20,42.10,42.90,0.30,1173
2008/07/15,2554132,104343035,42.80,42.80,39.90,39.90,-3.00,1046
2008/07/16,2121130,83929622,39.90,40.90,37.20,37.20,-2.70,1409
2008/07/17,1973571,75118425,37.90,38.40,37.75,37.80,0.60,985
2008/07/18,2306634,85537514,38.00,38.70,35.20,35.20,-2.60,1215
2008/07/21,2063392,72994731,35.00,36.90,34.80,35.80,0.60,848
2008/07/22,1495061,56118184,35.80,38.30,35.55,38.30,2.50,703
2008/07/23,2006979,81585685,40.20,40.95,39.50,40.95,2.65,695
2008/07/24,1351132,51949138,38.40,38.55,38.40,38.55,X,418
2008/07/25,4325132,168580588,38.05,39.70,38.00,39.60,1.05,2222
2008/07/29,5356592,224141721,40.50,42.35,40.00,42.35,2.75,2493
2008/07/30,4726928,202338846,43.00,43.80,41.75,42.00,-0.35,2391
2008/07/31,4679384,199603504,42.80,43.80,41.00,42.10,0.10,2396
2008/08/01,1665335,69786819,41.80,42.50,41.00,42.40,0.30,972
2008/08/04,1558555,65289142,42.40,42.50,41.50,41.50,-0.90,836
2008/08/05,2340401,97046249,42.20,42.45,40.50,40.65,-0.85,1337
2008/08/06,1525426,63281579,41.60,42.00,41.00,41.50,0.85,873
2008/08/07,2484579,104536420,41.30,43.50,40.80,43.30,1.80,1409
2008/08/08,4818252,212671998,42.90,45.60,42.30,44.65,1.35,2421
2008/08/11,3780332,171254206,45.00,46.40,44.20,44.20,-0.45,1889
2008/08/12,1983957,87347408,44.20,45.10,43.20,43.90,-0.30,1091
2008/08/13,1808300,80304500,43.60,45.00,43.60,44.35,0.45,1051
2008/08/14,1850648,83123274,44.70,45.40,44.50,44.95,0.60,970
2008/08/15,3749091,170906705,45.70,46.50,44.05,44.50,-0.45,1851
2008/08/18,1345976,58368970,44.80,45.15,42.50,42.50,-2.00,852
2008/08/19,844330,35386983,40.80,42.60,40.80,42.20,-0.30,608
2008/08/20,745686,31506080,42.20,42.70,41.35,42.25,0.05,562
2008/08/21,781518,32888284,42.60,43.00,41.50,41.50,-0.75,539
2008/08/22,2373406,93519534,41.70,42.50,38.60,38.95,-2.55,1244
2008/08/25,1443090,54760488,39.00,39.20,37.20,37.60,-1.35,875
2008/08/26,1457360,52937783,37.00,37.00,35.90,36.30,-1.30,674
2008/08/27,1284196,47619802,35.80,37.75,35.80,37.55,1.25,792
2008/08/28,724300,27280536,37.85,38.20,37.10,37.25,-0.30,486
2008/08/29,532061,19986265,37.50,38.00,37.25,37.25,,370
2008/09/01,622480,22229688,37.10,37.10,35.00,35.25,-2.00,391
2008/09/02,890544,31752134,35.00,36.25,35.00,35.95,0.70,548
2008/09/03,927579,32044114,35.95,36.00,33.70,33.90,-2.05,537
2008/09/04,1509577,49002999,33.90,34.80,31.55,31.55,-2.35,828
2008/09/05,1292250,39539518,29.95,31.55,29.35,31.20,-0.35,678
2008/09/08,899657,29753601,32.80,33.35,32.10,33.35,2.15,566
2008/09/09,529584,16799829,33.30,33.30,31.05,31.05,-2.30,336
2008/09/10,471837,14553166,30.10,31.85,30.10,30.55,-0.50,333
2008/09/11,633666,18881842,31.00,31.10,28.45,28.45,-2.10,446
2008/09/12,1407102,39544480,29.00,29.40,26.50,29.30,0.85,831
2008/09/15,1424764,39547998,29.60,29.60,27.25,27.30,-2.00,587
2008/09/16,2432988,62975426,25.45,27.00,25.40,27.00,-0.30,857
2008/09/17,1748449,49052044,28.80,28.85,27.10,27.40,0.40,906
2008/09/18,1227455,31460684,25.50,26.35,25.50,25.70,-1.70,611
2008/09/19,1948950,53151633,27.45,27.45,26.75,27.45,1.75,747
2008/09/22,1065378,30022474,27.50,28.80,27.50,28.25,0.80,639
2008/09/23,1784261,51808477,27.30,30.20,27.30,30.20,1.95,891
2008/09/24,2371556,73652247,30.30,31.45,30.20,30.80,0.60,1216
2008/09/25,1320200,40234350,30.70,31.30,29.00,29.00,-1.80,657
2008/09/26,1229189,35679131,29.60,29.75,28.60,28.65,-0.35,736
2008/09/30,464188,12370716,26.65,26.65,26.65,26.65,-2.00,223
2008/10/01,635640,17496220,26.85,28.00,26.85,28.00,1.35,412
2008/10/02,542380,15258784,28.00,29.20,27.50,27.65,-0.35,309
2008/10/03,787280,21952520,26.60,29.20,26.30,29.10,1.45,466
2008/10/06,1665802,50155575,29.35,31.00,29.35,29.60,0.50,1000
2008/10/07,1124018,33053493,29.60,30.45,28.30,30.45,0.85,729
2008/10/08,1017771,29135006,28.90,29.65,28.35,28.35,-2.10,575
2008/10/09,909484,24769369,28.30,28.70,26.40,26.40,-1.95,574
2008/10/13,803158,20548527,25.50,25.95,25.50,25.85,-0.55,416
2008/10/14,602845,16666509,27.65,27.65,27.45,27.65,1.80,300
2008/10/15,441209,11998978,27.65,27.65,26.75,27.65,,311
2008/10/16,125767,3357974,26.70,26.70,26.70,26.70,-0.95,75
2008/10/17,524400,13764356,27.50,27.50,25.80,25.80,-0.90,307
2008/10/20,787005,20599132,25.80,27.30,24.90,27.30,1.50,543
2008/10/21,992207,27585447,27.80,28.40,27.00,27.30,,587
2008/10/22,448073,12127324,26.60,27.80,26.50,26.60,-0.70,311
2008/10/23,353302,9088009,25.70,26.20,25.70,25.70,-0.90,234
2008/10/24,337790,8410281,24.90,25.25,24.85,24.85,-0.85,206
2008/10/27,679827,15756293,23.15,23.90,23.15,23.15,-1.70,316
2008/10/28,991832,21869669,21.55,23.60,21.55,23.05,-0.10,510
2008/10/29,650886,15256364,24.55,24.60,22.00,22.20,-0.85,421
2008/10/30,785072,18364057,22.50,23.75,22.20,23.75,1.55,480
2008/10/31,1006849,23216978,23.10,23.75,22.50,23.00,-0.75,558
2008/11/03,643288,15177512,23.10,24.00,22.60,23.80,0.80,400
2008/11/04,831561,19919364,24.40,24.40,23.20,24.10,0.30,490
2008/11/05,796832,19443848,24.90,24.90,23.80,23.80,-0.30,468
2008/11/06,579800,12872319,22.15,22.65,22.15,22.15,-1.65,337
2008/11/07,622225,13217345,20.60,22.10,20.60,21.90,-0.25,406
2008/11/10,414840,8764656,20.80,21.50,20.80,21.00,-0.90,273
2008/11/11,670323,13270145,20.70,20.70,19.55,19.55,-1.45,395
2008/11/12,578600,11471086,18.90,20.20,18.90,19.65,0.10,387
2008/11/13,392164,7183297,18.30,18.45,18.30,18.30,-1.35,235
2008/11/14,1040238,18354552,18.00,18.95,17.05,17.05,-1.25,514
2008/11/17,733685,11696087,15.90,16.30,15.90,15.90,-1.15,333
2008/11/18,302357,4474882,14.80,14.80,14.80,14.80,-1.10,158
2008/11/19,1111205,15704870,13.80,14.80,13.80,14.65,-0.15,495
2008/11/20,855742,12070759,13.65,14.80,13.65,14.20,-0.45,413
2008/11/21,897360,12889253,13.50,15.15,13.50,15.15,0.95,476
2008/11/24,768564,11523981,15.20,15.35,14.50,14.70,-0.45,342
2008/11/25,927614,14502727,15.40,15.70,15.20,15.70,1.00,402
2008/11/26,753048,11785693,15.60,15.90,15.35,15.55,-0.15,382
2008/11/27,1018525,16792112,15.95,16.60,15.85,16.60,1.05,449
2008/11/28,1155770,19363336,16.80,17.00,16.30,16.80,0.20,555
2008/12/01,1098402,18787643,17.00,17.50,16.60,16.90,0.10,481
2008/12/02,804949,12696844,15.80,15.90,15.75,15.75,-1.15,345
2008/12/03,543340,8512336,16.00,16.05,15.05,15.25,-0.50,313
2008/12/04,326771,4980315,15.35,15.80,14.70,15.00,-0.25,217
2008/12/05,225118,3306859,14.80,15.00,14.50,14.50,-0.50,145
2008/12/08,333812,5127386,14.70,15.50,14.70,15.50,1.00,208
2008/12/09,937924,14967697,16.10,16.20,15.60,15.90,0.40,411
2008/12/10,1217119,20436160,16.10,17.00,16.05,17.00,1.10,502
2008/12/11,1642597,28565003,17.30,17.80,17.00,17.20,0.20,659
2008/12/12,1070371,17845219,16.95,17.45,16.00,16.20,-1.00,513
2008/12/15,441910,7645039,17.30,17.30,17.30,17.30,1.10,177
2008/12/16,3234752,58893461,18.50,18.50,17.65,18.50,1.20,1357
2008/12/17,2700626,51734103,19.30,19.65,18.60,19.10,0.60,1217
2008/12/18,978759,18372395,19.00,19.10,18.50,19.10,,426
2008/12/19,960074,18199456,18.50,19.50,18.50,19.15,0.05,495
2008/12/22,3162530,64380230,19.60,20.45,19.40,20.45,1.30,1097
2008/12/23,2266817,44260840,20.60,20.60,19.05,19.20,-1.25,956
2008/12/24,1240420,23295130,18.60,19.30,17.90,18.45,-0.75,571
2008/12/25,690675,12743601,18.00,18.80,18.00,18.45,,372
2008/12/26,1018495,19209606,18.60,19.20,18.20,18.50,0.05,578
2008/12/29,470400,8887349,19.20,19.20,18.60,18.60,0.10,290
2008/12/30,980020,18850734,18.70,19.60,18.70,19.20,0.60,517
2008/12/31,1258200,24769530,19.60,20.10,19.35,19.50,0.30,641
2009/01/05,909436,18961733,20.85,20.85,20.85,20.85,1.35,297
2009/01/06,2793701,62254927,22.30,22.30,22.05,22.30,1.45,797
2009/01/07,4197472,96045899,22.95,23.70,22.35,23.00,0.70,1640
2009/01/08,1780593,39739334,22.00,23.00,21.60,21.65,-1.35,818
2009/01/09,1759369,39461102,22.65,22.75,21.80,22.60,0.95,793
2009/01/12,621160,13602840,22.05,22.60,21.40,21.40,-0.65,346
2009/01/13,908021,19998163,21.50,22.35,21.50,22.20,0.80,509
2009/01/14,1526952,34470077,22.20,23.20,22.20,22.25,0.05,858
2009/01/15,891360,19314712,20.80,22.25,20.80,21.60,-0.65,491
2009/01/16,1670976,36400531,22.00,22.15,21.35,21.70,0.10,798
2009/01/19,510639,11126788,21.90,22.10,21.60,21.65,-0.05,313
2009/01/20,922256,18925293,21.30,21.50,20.20,20.30,-1.35,488
2009/01/21,762875,15537261,19.85,20.70,19.85,20.30,,426
2009/02/02,746086,15614622,20.80,21.40,20.30,20.60,0.30,476
2009/02/03,680333,14815826,20.80,22.00,20.80,22.00,1.40,334
2009/02/04,4061409,95375073,23.40,23.50,23.00,23.45,1.45,1215
2009/02/05,3401545,79387348,23.25,23.85,22.90,23.00,-0.45,1350
2009/02/06,4902450,119024615,23.50,24.60,23.00,24.60,1.60,1581
2009/02/09,4116722,102843609,25.50,25.75,24.40,24.70,0.10,1697
2009/02/10,3340658,85128984,24.70,26.30,24.70,26.30,1.60,1544
2009/02/11,2399426,62094218,25.50,26.50,25.15,26.30,,1130
2009/02/12,1698627,42467456,26.50,26.50,24.50,24.50,-1.80,953
2009/02/13,1271609,31878682,24.80,25.40,24.60,25.35,0.85,692
2009/02/16,2303908,58358328,25.00,25.85,24.80,25.35,,1068
2009/02/17,1211435,30227987,25.35,25.50,24.45,24.80,-0.55,666
2009/02/18,1320856,31124263,23.10,24.20,23.10,24.20,-0.60,746
2009/02/19,1278503,31397020,23.90,25.15,23.70,24.55,0.35,762
2009/02/20,1297997,32051126,24.30,25.15,24.30,24.50,-0.05,667
2009/02/23,887454,21696017,24.20,24.80,23.90,24.70,0.20,511
2009/02/24,555960,13525933,24.00,24.60,24.00,24.10,-0.60,301
2009/02/25,2006646,50593461,24.55,25.60,24.55,25.20,1.10,1064
2009/02/26,943688,23612600,25.40,25.60,24.65,25.00,-0.20,523
2009/02/27,2136621,54567482,24.95,25.90,24.90,25.65,0.65,1061
2009/03/02,1503213,37326772,25.40,25.40,24.20,24.30,-1.35,695
2009/03/03,970929,23298343,23.65,24.70,23.50,24.60,0.30,529
2009/03/04,3012446,78105321,24.90,26.30,24.90,26.30,1.70,1277
2009/03/05,5731454,158558873,28.05,28.10,26.90,27.10,0.80,1918
2009/03/06,5455198,154568320,27.60,28.95,27.60,28.95,1.85,2076
2009/03/09,5974867,179679562,30.40,30.60,29.30,30.05,1.10,2472
2009/03/10,3020016,90503468,29.95,30.30,29.35,29.95,-0.10,1319
2009/03/11,2688169,81353631,30.60,30.90,29.70,29.80,-0.15,1214
2009/03/12,1817453,54670519,30.00,30.70,29.50,29.50,-0.30,952
2009/03/13,2228734,66539801,29.95,30.25,29.50,29.60,0.10,1092
2009/03/16,1372813,41006602,30.00,30.30,29.50,29.50,-0.10,786
2009/03/17,1997579,57693225,29.50,29.60,28.40,28.90,-0.60,1010
2009/03/18,6463964,198680649,29.40,30.90,29.00,30.65,1.75,2472
2009/03/19,3941065,120216614,30.90,30.95,29.80,29.80,-0.85,1799
2009/03/20,1917532,56400066,30.25,30.30,28.80,29.00,-0.80,986
2009/03/23,1528792,45484293,28.95,30.20,28.95,30.20,1.20,767
2009/03/24,2615333,78880240,30.70,31.00,29.40,30.20,,1229
2009/03/25,2237668,67990313,29.70,30.80,29.70,30.50,0.30,1165
2009/03/26,7635253,243200584,30.60,32.60,30.20,32.60,2.10,2702
2009/03/27,6560833,219228597,32.80,34.40,32.60,32.60,,2507
2009/03/30,2486054,77512179,32.50,32.50,30.35,30.35,-2.25,1122
2009/03/31,1083772,32869804,29.00,30.85,29.00,30.20,-0.15,683
2009/04/01,1279726,39699517,30.70,31.50,30.50,31.10,0.90,667
2009/04/02,2005825,62558239,31.60,31.85,30.60,30.85,-0.25,909
2009/04/03,1308102,40664062,31.40,31.50,30.80,31.20,0.35,592
2009/04/06,1324724,41070112,31.00,31.50,30.30,30.70,-0.50,637
2009/04/07,1297215,40138415,30.10,31.45,30.10,31.40,0.70,651
2009/04/08,1324358,41423218,30.95,31.70,30.80,31.40,,673
2009/04/09,2849947,92100006,31.50,32.75,31.50,32.00,0.60,1340
2009/04/10,4547182,150728920,32.50,33.60,32.40,33.00,1.00,2139
2009/04/13,4562408,158437249,33.80,35.30,33.50,34.60,1.60,1885
2009/04/14,3240434,111346075,34.60,35.10,33.60,33.80,-0.80,1532
2009/04/15,2597531,88314577,33.80,34.55,33.50,33.50,-0.30,1193
2009/04/16,3481297,120211842,33.75,35.00,33.75,34.00,0.50,1545
2009/04/17,3062032,100885151,34.45,34.55,31.65,31.65,-2.35,1266
2009/04/20,2053360,65307973,31.00,33.00,30.40,33.00,1.35,1032
2009/04/21,4856738,167275492,32.10,35.30,32.10,35.30,2.30,1935
2009/04/22,6192102,225859479,36.00,37.60,35.60,35.80,0.50,2703
2009/04/23,3673043,133239928,37.00,37.10,35.20,35.90,0.10,1735
2009/04/24,4923331,181650573,36.20,37.75,36.00,36.65,0.75,2133
2009/04/27,2525331,90780481,37.60,37.60,34.50,34.85,-1.80,1248
2009/04/28,2456867,86366465,34.65,36.10,33.90,34.85,,1237
2009/04/29,2203669,73322688,35.00,35.80,32.50,32.80,-2.05,1076
2009/04/30,1260382,43978725,34.95,35.05,34.00,35.05,2.25,630
2009/05/04,3357481,125891881,37.50,37.50,37.05,37.50,2.45,1067
2009/05/05,4480600,165287383,37.00,38.75,35.20,37.50,,1946
2009/05/06,4312564,162615659,35.30,38.60,35.30,37.60,0.10,2074
2009/05/07,2643937,99154118,38.00,38.00,36.50,37.15,-0.45,1140
2009/05/08,4907173,191732113,38.50,39.75,37.90,39.75,2.60,2034
2009/05/11,3826706,152752184,40.00,40.80,39.00,39.35,-0.40,1931
2009/05/12,3165321,118002124,38.90,38.90,36.60,36.70,-2.65,1470
2009/05/13,3716117,144391334,37.30,39.25,37.30,39.25,2.55,1649
2009/05/14,2338494,90332387,38.00,39.25,38.00,38.90,-0.35,1050
2009/05/15,2547217,99945820,39.30,39.60,38.60,38.80,-0.10,1328
2009/05/18,1367324,52826688,38.80,39.70,37.80,38.50,-0.30,698
2009/05/19,1992195,76812760,39.80,39.80,37.50,38.25,-0.25,1098
2009/05/20,5798713,230633422,39.70,40.65,38.70,39.30,1.05,2688
2009/05/21,5205017,212038847,39.90,41.35,39.90,41.10,1.80,2467
2009/05/22,6307950,267358020,40.10,43.70,40.10,42.50,1.40,2984
2009/05/25,4918190,218821443,43.10,45.20,43.10,45.00,2.50,2289
2009/05/26,3190677,137912273,45.50,45.90,41.85,41.85,-3.15,1650
2009/05/27,2658008,111183128,41.20,42.40,40.80,42.00,0.15,1290
2009/06/01,2891937,118068317,43.00,43.00,39.50,40.00,-2.00,1549
2009/06/02,3383786,134884741,40.20,41.00,38.35,39.00,-1.00,1581
2009/06/03,1590008,62463606,38.50,40.00,38.50,39.50,0.50,927
2009/06/04,2509354,100784234,39.85,41.20,39.05,39.90,0.40,1366
2009/06/05,3152257,129519247,41.00,41.45,40.50,41.25,1.35,1482
2009/06/08,2351297,94920499,41.30,41.65,38.90,38.90,-2.20,1233
2009/06/09,2666040,97997744,39.00,39.10,36.20,36.20,-2.70,1377
2009/06/10,1827502,65209022,36.50,36.70,34.80,35.00,-1.20,827
2009/06/11,2060929,75058588,35.00,37.45,35.00,37.45,2.45,1116
2009/06/12,2320927,88358699,38.00,39.00,37.00,37.00,-0.45,1214
2009/06/15,1335530,46982157,36.60,37.00,34.45,34.45,-2.55,746
2009/06/16,1317001,44359033,34.45,35.00,32.50,33.60,-0.85,785
2009/06/17,749999,25295812,33.60,34.45,33.10,33.35,-0.25,464
2009/06/18,1030999,33914864,33.80,34.20,31.10,32.00,-1.35,557
2009/06/19,1376663,45592124,32.20,33.90,32.20,33.90,1.90,731
2009/06/22,1548544,52649170,34.30,34.40,33.20,34.35,0.45,829
2009/06/23,534570,17948992,33.50,34.00,33.15,33.40,-0.95,349
2009/06/24,1027762,35120163,33.50,34.50,33.50,33.90,0.50,678
2009/06/25,1078588,37351185,34.10,34.95,34.10,34.60,0.70,633
2009/06/26,855220,29682058,35.00,35.10,34.25,34.60,,505
2009/06/29,876219,30346704,34.70,35.05,33.80,34.70,0.10,497
2009/06/30,933000,32802350,35.10,35.70,34.60,35.10,0.40,535
2009/07/01,981945,34834999,34.85,35.80,34.85,35.80,0.70,610
2009/07/02,1162730,41854742,36.15,36.50,35.30,35.40,-0.40,677
2009/07/03,771204,27070264,34.90,35.40,34.80,35.10,-0.30,354
2009/07/06,618399,21837562,35.00,35.85,35.00,35.40,0.30,335
2009/07/07,2087958,75518254,35.50,37.00,35.15,36.90,1.50,1015
2009/07/08,1210939,43926037,36.75,36.75,35.80,36.20,-0.70,581
2009/07/09,1922098,70640585,36.40,37.10,36.40,36.80,0.60,833
2009/07/10,4377367,167205551,37.40,38.90,36.20,38.50,1.70,1929
2009/07/13,2092614,79291944,38.50,38.80,37.20,37.70,-0.80,1004
2009/07/14,1387403,53228382,38.00,38.65,37.90,38.35,0.65,767
2009/07/15,1914360,74270863,38.80,39.50,38.30,38.30,-0.05,1056
2009/07/16,1821220,69257332,38.80,39.10,37.30,37.40,-0.90,968
2009/07/17,1971769,76134204,38.00,39.10,37.60,38.90,1.50,947
2009/07/20,2935076,115578347,38.90,40.10,38.55,38.90,,1317
2009/07/21,957483,37122693,39.40,39.50,38.40,38.50,-0.40,556
2009/07/22,2795939,108356012,38.50,39.40,38.10,38.50,,1217
2009/07/23,951450,36458979,39.00,39.00,38.05,38.05,-0.45,542
2009/07/24,2028318,77946465,38.50,38.90,37.60,38.00,-0.05,1010
2009/07/27,929060,35077347,38.00,38.30,37.35,37.50,-0.50,495
2009/07/28,1423314,54119482,37.50,38.40,37.50,38.20,0.70,654
2009/07/29,1231891,47240529,38.90,38.90,38.00,38.00,-0.20,643
2009/07/30,1618777,59955799,38.00,38.10,36.50,37.00,-1.00,853
2009/07/31,928957,34886665,37.50,38.00,37.05,37.05,0.05,493
2009/08/03,921137,34328077,37.10,37.50,36.80,37.15,0.10,406
2009/08/04,1011782,37895476,37.45,37.85,36.80,36.80,-0.35,520
2009/08/05,1372445,51220866,36.80,37.80,36.50,36.65,-0.15,631
2009/08/06,730219,26941832,36.80,37.35,36.60,37.30,0.65,427
2009/08/10,869209,32557007,37.30,37.75,37.00,37.75,0.45,452
2009/08/11,823940,31220370,37.90,38.10,37.45,38.00,0.25,453
2009/08/12,937276,35592307,38.00,38.20,37.60,38.10,0.10,441
2009/08/13,6269434,247925787,38.30,40.50,38.30,40.50,2.40,2664
2009/08/14,8190292,315895749,38.10,39.50,37.60,39.00,X,3404
2009/08/17,1973040,76579972,39.00,39.50,38.00,38.00,-1.00,978
2009/08/18,1509487,55637698,37.00,37.50,36.00,36.30,-1.70,768
2009/08/19,882503,32189008,36.70,37.00,36.00,36.00,-0.30,491
2009/08/20,1222340,43070149,35.50,36.00,34.30,35.50,-0.50,696
2009/08/21,1840055,67548580,35.55,37.80,35.55,36.20,0.70,969
2009/08/24,1110248,41414026,37.50,37.70,36.80,37.20,1.00,624
2009/08/25,806158,29664311,37.10,37.20,36.50,36.70,-0.50,438
2009/08/26,1259920,44795477,36.70,37.00,35.00,35.10,-1.60,754
2009/08/27,703306,24742273,34.50,35.80,34.50,35.05,-0.05,436
2009/08/28,1445849,51206282,34.40,36.40,34.40,35.00,-0.05,785
2009/08/31,829134,29025390,35.70,35.70,34.80,35.00,,462
2009/09/01,2614553,93121048,35.00,36.80,34.00,36.80,1.80,1425
2009/09/02,7429749,287769615,36.30,39.35,36.15,39.35,2.55,2586
2009/09/03,10143185,413114523,39.65,41.90,39.65,40.60,1.25,4155
2009/09/04,4664898,188616941,40.60,41.20,39.70,41.00,0.40,2171
2009/09/07,6200218,259353502,41.95,42.50,41.30,41.45,0.45,2906
2009/09/08,8732287,371946883,41.80,43.50,41.70,41.80,0.35,3779
2009/09/09,4894084,206133083,42.30,42.80,41.20,42.00,0.20,2073
2009/09/10,3836256,160231514,43.50,43.50,40.50,40.80,-1.20,1666
2009/09/11,2400873,100570816,40.80,42.50,40.80,42.00,1.20,1391
2009/09/14,2607428,107677298,41.50,41.80,40.60,41.00,-1.00,992
2009/09/15,2031831,84003398,40.95,41.65,40.80,41.50,0.50,1220
2009/09/16,1825933,76002860,41.70,42.00,41.30,41.70,0.20,1058
2009/09/17,3686806,152500091,42.35,42.35,40.80,41.70,,1647
2009/09/18,3024794,127275931,41.70,42.60,41.20,41.85,0.15,1556
2009/09/21,3801089,161452783,41.85,43.00,41.80,42.30,0.45,1795
2009/09/22,2548777,106842356,42.30,42.90,41.60,41.60,-0.70,1010
2009/09/23,2503463,101751159,41.60,41.90,39.80,39.90,-1.70,1190
2009/09/24,1309309,52319189,39.90,40.50,39.65,39.80,-0.10,652
2009/09/25,1175703,46922020,39.60,40.20,39.60,39.80,,559
2009/09/28,1029931,41224783,39.80,40.50,39.50,39.95,0.15,589
2009/09/29,1487240,60465868,40.50,41.20,40.15,40.15,0.20,781
2009/09/30,2415311,99809482,40.45,41.90,40.40,41.40,1.25,1364
2009/10/01,4013610,167321728,42.00,42.30,40.80,41.65,0.25,2226
2009/10/02,1604541,66400831,41.00,42.05,40.80,41.00,-0.65,848
2009/10/05,4440309,188046527,41.10,43.00,41.10,42.45,1.45,1981
2009/10/06,5764562,251465134,43.45,44.50,42.85,42.90,0.45,2734
2009/10/07,3420969,147019718,43.20,44.00,42.20,42.40,-0.50,1641
2009/10/08,2443116,102544306,42.90,43.10,41.00,41.00,-1.40,1303
2009/10/09,1971066,82072398,41.55,42.10,41.10,41.80,0.80,936
2009/10/12,1180963,49690426,42.05,42.50,41.70,42.50,0.70,561
2009/10/13,1204380,50802160,42.00,42.60,41.55,42.00,-0.50,749
2009/10/14,1501132,63118576,42.00,42.60,41.80,41.80,-0.20,796
2009/10/15,1218965,50877505,42.25,42.25,41.10,41.10,-0.70,720
2009/10/16,674933,27859853,41.50,41.75,41.05,41.05,-0.05,464
2009/10/19,966650,40277689,41.05,42.00,41.00,41.70,0.65,556
2009/10/20,1331835,56036298,42.50,42.50,41.70,41.70,,752
2009/10/21,1677595,70561440,41.85,42.50,41.40,42.00,0.30,841
2009/10/22,1172173,48564918,42.00,42.40,40.80,41.30,-0.70,635
2009/10/23,970374,40167701,41.50,41.75,41.00,41.00,-0.30,461
2009/10/26,1134015,45870243,41.00,41.20,40.20,40.30,-0.70,588
2009/10/27,780625,31541727,40.30,40.55,40.10,40.30,,503
2009/10/28,981396,39550190,40.30,40.95,39.70,40.00,-0.30,553
2009/10/29,2323867,87261727,39.00,39.15,37.20,37.25,-2.75,1165
2009/10/30,1383410,51218089,37.60,37.90,36.00,36.10,-1.15,886
2009/11/02,926146,33326309,35.00,36.70,34.90,36.35,0.25,531
2009/11/03,733699,26635489,36.00,36.85,36.00,36.05,-0.30,415
2009/11/04,2403782,92129235,36.50,38.55,36.50,38.55,2.50,1112
2009/11/05,1968543,76235843,38.20,39.30,38.05,38.40,-0.15,908
2009/11/06,1137100,43660950,38.90,39.00,38.00,38.00,-0.40,584
2009/11/09,546148,20822505,38.00,38.75,37.85,37.85,-0.15,353
2009/11/10,526631,20082478,38.05,38.50,37.85,37.85,,347
2009/11/11,509640,19350499,37.85,38.20,37.80,37.85,,354
2009/11/12,570991,21742903,38.00,38.35,37.85,37.85,,315
2009/11/13,384998,14486467,37.50,37.90,37.15,37.75,-0.10,291
2009/11/16,1013606,39175361,37.75,39.10,37.75,38.60,0.85,602
2009/11/17,550891,21146358,39.00,39.10,38.00,38.05,-0.55,341
2009/11/18,683249,26262506,38.10,38.60,38.10,38.60,0.55,467
2009/11/19,1373644,53328366,38.80,39.00,38.10,38.75,0.15,647
2009/11/20,537678,20693727,38.70,38.90,38.20,38.25,-0.50,321
2009/11/23,2598932,103497686,39.00,40.40,38.55,39.80,1.55,1350
2009/11/24,1701703,67382022,40.20,40.40,39.00,39.00,-0.80,821
2009/11/25,911056,35669178,39.65,39.65,38.70,39.30,0.30,513
2009/11/26,873295,34537905,39.80,39.80,39.00,39.00,-0.30,489
2009/11/27,812847,31024237,37.50,39.00,37.50,38.40,-0.60,440
2009/11/30,478505,18510639,38.80,39.00,38.20,38.20,-0.20,309
2009/12/01,1219912,46943132,38.00,39.10,37.80,38.95,0.75,635
2009/12/02,1396948,54849976,39.20,39.80,38.95,39.00,0.05,612
2009/12/03,1019908,39864305,38.50,39.60,38.50,38.70,-0.30,502
2009/12/04,1319241,51687444,38.75,39.70,38.60,38.60,-0.10,618
2009/12/07,2702827,108651130,39.10,41.00,39.00,40.00,1.40,1243
2009/12/08,3947382,163078664,41.90,41.90,40.55,40.80,0.80,2018
2009/12/09,5651973,239446571,40.60,43.50,40.55,42.80,2.00,2891
2009/12/10,4377045,185184949,43.20,43.40,41.10,41.30,-1.50,1903
2009/12/11,7543600,328962038,42.50,44.15,42.40,44.15,2.85,2919
2009/12/14,9567434,431960913,45.00,45.90,44.50,44.90,0.75,3865
2009/12/15,6843113,316916385,45.30,47.20,45.30,46.30,1.40,3104
2009/12/16,3685559,168662385,46.50,46.80,45.05,45.15,-1.15,1810
2009/12/17,3565750,156921198,45.30,46.00,43.10,43.15,-2.00,1847
2009/12/18,5377923,239099521,42.10,45.60,42.10,45.60,2.45,2454
2009/12/21,5516610,255346727,46.55,47.00,45.60,45.95,0.35,2288
2009/12/22,2909140,134122299,46.70,46.90,45.30,45.30,-0.65,1372
2009/12/23,3399025,154359667,46.20,46.20,45.00,45.30,,1345
2009/12/24,3112428,141721312,45.45,46.10,44.30,44.30,-1.00,1366
2009/12/25,5733401,267140767,45.65,47.40,45.20,47.40,3.10,2342
2009/12/28,7570164,373673960,48.50,50.30,48.40,49.10,1.70,3101
2009/12/29,4948274,242997976,48.60,50.20,48.55,49.10,,2060
2009/12/30,5556129,269359418,49.20,49.50,47.90,48.90,-0.20,2118
2009/12/31,3425176,166013454,49.10,49.30,48.00,48.30,-0.60,1758
2010/01/04,4834459,236378291,48.10,49.40,47.60,49.10,0.80,2165
2010/01/05,7841967,389062277,49.70,50.40,48.50,48.80,-0.30,3276
2010/01/06,2591924,126821975,48.80,49.40,48.40,48.50,-0.30,1318
2010/01/07,4600056,215258872,48.50,48.55,45.25,45.50,-3.00,2176
2010/01/08,3419403,150878685,43.10,45.00,43.10,44.60,-0.90,1585
2010/01/11,2730295,122001431,44.55,45.60,44.00,44.05,-0.55,1218
2010/01/12,2041699,91407573,44.50,45.20,44.10,44.75,0.70,1007
2010/01/13,2270335,102839530,44.75,45.80,44.50,45.35,0.60,1144
2010/01/14,2243384,101980645,45.40,45.90,45.00,45.00,-0.35,1025
2010/01/15,4848058,224221826,45.60,47.10,45.10,47.00,2.00,2071
2010/01/18,4096942,193045296,46.50,47.60,46.40,47.30,0.30,1977
2010/01/19,2415952,113839219,47.80,47.80,46.55,46.55,-0.75,1233
2010/01/20,1517546,70777259,47.20,47.20,45.55,45.55,-1.00,833
2010/01/21,1464954,66027361,45.55,46.00,44.25,44.25,-1.30,787
2010/01/22,1588289,69017281,43.00,44.00,43.00,43.10,-1.15,855
2010/01/25,1043897,44877109,42.00,43.95,42.00,42.55,-0.55,634
2010/01/26,2092260,86026050,42.55,43.20,39.60,39.65,-2.90,1003
2010/01/27,1805576,70840514,39.65,40.30,38.05,38.50,-1.15,971
2010/01/28,1462565,58051660,38.70,40.65,38.70,40.20,1.70,868
2010/01/29,673400,26446899,39.60,40.00,38.60,39.50,-0.70,516
2010/02/01,679776,26649199,40.00,40.00,38.60,38.60,-0.90,363
2010/02/02,2036265,80986155,39.50,40.60,38.80,38.90,0.30,1090
2010/02/03,1235987,49438021,39.50,40.40,39.30,40.30,1.40,713
2010/02/04,754889,30440561,40.45,40.60,40.00,40.45,0.15,423
2010/02/05,1504474,57571223,38.10,39.35,37.65,38.50,-1.95,793
2010/02/08,591559,22301927,37.25,38.00,37.25,37.75,0.50,482
2010/02/09,805412,31299388,37.75,39.45,37.60,39.30,1.55,519
2010/02/10,1059478,42426397,39.50,40.80,39.50,39.75,0.45,615
2010/02/22,884454,35715064,41.00,41.00,39.20,39.80,0.05,416
2010/02/23,388324,15378596,39.40,40.00,39.40,39.70,-0.10,250
2010/02/24,477578,18873155,38.70,40.05,38.60,39.20,-0.50,361
2010/02/25,696740,27284767,39.60,40.00,38.50,38.50,-0.70,363
2010/02/26,594752,22778034,37.90,38.70,37.90,38.00,-0.50,403
2010/03/01,698146,26935248,38.30,39.00,38.00,38.70,0.70,372
2010/03/02,1586096,63901513,39.10,40.95,39.10,40.30,1.60,988
2010/03/03,1339511,54570651,40.50,41.50,40.00,41.20,0.90,737
2010/03/04,2919676,122829516,41.20,42.80,41.20,41.90,0.70,1504
2010/03/05,2799159,118970858,43.10,43.35,41.85,41.90,,1382
2010/03/08,1725762,73058078,42.50,42.80,42.00,42.10,0.20,748
2010/03/09,961558,40772980,42.10,42.80,42.10,42.80,0.70,553
2010/03/10,2217877,95761011,43.00,43.80,42.80,43.00,0.20,981
2010/03/11,963473,41547688,43.50,43.70,42.70,43.10,0.10,474
2010/03/12,8807535,400273740,46.00,46.10,44.00,44.00,0.90,2658
2010/03/15,1379668,59530203,44.00,44.00,42.50,42.50,-1.50,774
2010/03/16,959244,40669932,42.50,43.00,41.80,42.55,0.05,524
2010/03/17,1230809,53123397,42.80,43.45,42.80,43.20,0.65,679
2010/03/18,2431289,107314521,43.80,44.80,43.30,44.40,1.20,1250
2010/03/19,3233469,145695469,46.00,46.00,44.40,44.40,,1461
2010/03/22,957512,42111320,43.85,44.40,43.60,44.00,-0.40,594
2010/03/23,1926861,85592266,44.00,45.00,43.80,45.00,1.00,940
2010/03/24,3507083,159422606,45.30,45.90,44.80,44.90,-0.10,1602
2010/03/25,1311642,58824528,44.90,45.30,44.35,44.60,-0.30,691
2010/03/26,2543473,115547636,44.60,46.10,44.35,44.70,0.10,1219
2010/03/29,1568862,70244424,45.00,45.25,44.30,44.55,-0.15,723
2010/03/30,1339870,59121417,44.55,44.95,43.65,43.65,-0.90,700
2010/03/31,953933,41664216,43.65,44.25,43.15,43.15,-0.50,518
2010/04/01,1187962,51929879,43.15,44.00,43.15,44.00,0.85,631
2010/04/02,731044,32249972,44.40,44.40,43.85,44.10,0.10,409
2010/04/06,9765046,451638929,44.20,47.15,44.20,46.80,2.70,4161
2010/04/07,3227445,149524167,46.80,47.00,45.80,46.00,-0.80,1630
2010/04/08,2185731,100059020,45.80,46.50,45.00,45.25,-0.75,1075
2010/04/09,999345,44765886,45.25,45.70,44.50,44.75,-0.50,597
2010/04/12,770381,34389425,44.75,45.00,44.35,44.50,-0.25,412
2010/04/13,1149091,51755694,44.60,45.40,44.30,45.10,0.60,656
2010/04/14,1309460,59065157,46.00,46.00,44.70,44.90,-0.20,592
2010/04/15,4579192,210150764,45.35,46.35,45.20,45.45,0.55,1829
2010/04/16,1317928,59469573,45.00,45.95,44.80,44.80,-0.65,675
2010/04/19,2463262,109818352,44.30,45.55,43.00,43.35,-1.45,1227
2010/04/20,1309281,57121877,44.10,44.20,43.00,43.30,-0.05,626
2010/04/21,1587424,69903207,43.50,44.50,43.50,44.00,0.70,797
2010/04/22,2641584,119352967,44.00,45.80,43.85,45.25,1.25,1485
2010/04/23,1518930,68436555,45.70,45.75,44.60,44.85,-0.40,799
2010/04/26,1488632,66894048,45.20,45.40,44.55,44.55,-0.30,772
2010/04/27,910848,40570113,44.60,44.95,44.15,44.20,-0.35,506
2010/04/28,886030,38705679,43.30,44.10,43.25,44.00,-0.20,432
2010/04/29,660395,29254830,44.00,44.70,44.00,44.20,0.20,412
2010/04/30,1037710,45783958,45.40,45.40,43.20,43.40,-0.80,565
2010/05/03,1025942,43608203,43.40,43.80,42.00,42.10,-1.30,516
2010/05/04,599492,25225464,42.60,43.00,41.50,41.80,-0.30,383
2010/05/05,879061,35014435,39.10,40.50,39.10,40.20,-1.60,501
2010/05/06,687492,27031532,39.20,40.20,38.50,38.90,-1.30,423
2010/05/07,1041897,39246511,37.10,38.90,36.50,38.70,-0.20,576
2010/05/10,755278,29743149,38.20,39.75,38.20,39.75,1.05,418
2010/05/11,682169,27451891,40.00,40.90,39.70,39.70,-0.05,377
2010/05/12,414225,16359947,40.00,40.40,38.80,38.90,-0.80,269
2010/05/13,409259,16150800,39.20,39.90,39.15,39.45,0.55,299
2010/05/14,255200,10121688,39.05,39.95,39.05,39.65,0.20,157
2010/05/17,3640637,151182083,39.70,42.30,39.70,41.50,1.85,2040
2010/05/18,3295715,141129360,42.45,43.90,42.00,42.40,0.90,1819
2010/05/19,1064466,43945444,42.40,42.40,40.70,41.25,-1.15,672
2010/05/20,914010,37054600,41.45,41.45,39.70,39.70,-1.55,558
2010/05/21,1187804,44819180,36.95,38.50,36.95,37.90,-1.80,684
2010/05/24,644319,24931942,38.00,39.15,38.00,38.85,0.95,422
2010/05/25,878216,32833618,38.60,38.70,36.55,37.10,-1.75,512
2010/05/26,538396,20112877,37.50,37.90,37.00,37.60,0.50,322
2010/05/27,701808,26981301,37.00,39.30,37.00,39.30,1.70,433
2010/05/28,778010,30849257,40.00,40.35,38.75,38.85,-0.45,465
2010/05/31,573581,21908680,37.00,38.90,37.00,38.85,,318
2010/06/01,429234,16600008,38.80,38.95,38.10,38.50,-0.35,275
2010/06/02,521202,20088631,38.50,38.75,38.25,38.50,,273
2010/06/03,888962,35382982,39.00,40.30,39.00,40.05,1.55,515
2010/06/04,471599,18599309,40.05,40.05,38.90,39.30,-0.75,328
2010/06/07,687623,26449728,38.40,38.95,37.65,38.75,-0.55,381
2010/06/08,647354,25056555,38.75,39.25,38.40,38.60,-0.15,380
2010/06/09,524000,20137650,38.80,39.20,37.50,37.80,-0.80,340
2010/06/10,329831,12530630,37.80,38.50,37.50,38.20,0.40,238
2010/06/11,1133997,44620329,38.70,39.85,38.70,39.50,1.30,689
2010/06/14,653105,26014559,40.30,40.35,39.40,39.65,0.15,374
2010/06/15,1793300,73130587,40.50,41.50,40.00,40.30,0.65,1037
2010/06/17,802009,32356865,40.30,41.00,39.80,39.80,-0.50,515
2010/06/18,444993,17750369,39.85,40.30,39.55,40.00,0.20,320
2010/06/21,567920,22818593,40.20,40.50,39.70,40.05,0.05,374
2010/06/22,297620,11891734,40.40,40.40,39.80,39.90,-0.15,217
2010/06/23,460308,18273536,39.45,40.40,39.45,39.45,-0.45,307
2010/06/24,326413,13014970,39.60,40.20,39.60,39.80,0.35,217
2010/06/25,278902,10892334,38.80,39.40,38.80,38.90,-0.90,186
2010/06/28,436339,17041951,39.20,39.40,38.85,39.00,0.10,242
2010/06/29,254222,9903056,39.60,39.60,38.60,38.75,-0.25,165
2010/06/30,308897,11724030,38.00,38.30,37.60,38.05,-0.70,190
2010/07/01,229248,8727948,38.10,38.65,37.80,37.90,-0.15,174
2010/07/02,287075,10921536,37.70,38.30,37.70,37.90,,189
2010/07/05,366607,14092068,38.00,38.80,37.85,38.70,0.80,222
2010/07/06,1213427,48246180,39.45,40.15,39.00,39.50,0.80,752
2010/07/07,596847,23775287,39.80,40.30,39.50,39.90,0.40,365
2010/07/08,2198899,89832396,40.30,41.30,40.00,40.80,0.90,1194
2010/07/09,738702,29829041,41.00,41.00,40.15,40.15,-0.65,437
2010/07/12,1428558,58833270,40.65,41.85,40.20,41.10,0.95,853
2010/07/13,763282,31185462,41.85,41.85,40.20,40.20,-0.90,465
2010/07/14,645561,26208340,40.80,41.00,40.20,40.20,,424
2010/07/15,625772,25404706,40.30,40.80,40.30,40.50,0.30,344
2010/07/16,574428,23158829,40.80,40.80,39.70,39.90,-0.60,340
2010/07/19,313940,12471290,39.50,40.25,39.40,39.80,-0.10,152
2010/07/20,248480,9921630,40.30,40.30,39.65,39.80,,171
2010/07/21,882144,35856178,40.50,41.30,40.15,40.15,0.35,503
2010/07/22,437377,17684958,40.35,40.70,40.10,40.40,0.25,282
2010/07/23,656667,26684211,40.80,41.00,40.40,40.70,0.30,373
2010/07/26,602804,24368734,41.00,41.00,40.10,40.20,-0.50,386
2010/07/27,316342,12671360,40.30,40.35,39.85,40.00,-0.20,193
2010/07/28,756510,30433750,40.20,40.70,39.70,40.20,0.20,345
2010/07/29,498120,19888571,40.20,40.20,39.80,39.90,-0.30,283
2010/07/30,458316,18316838,40.00,40.20,39.80,39.90,,253
2010/08/02,1540772,62012466,40.50,40.50,40.10,40.20,0.30,780
2010/08/03,1148254,45214126,39.50,39.65,39.15,39.30,X,593
2010/08/04,575206,22588389,39.05,39.60,39.05,39.05,-0.25,350
2010/08/05,1550109,59065335,39.50,39.50,37.20,37.40,-1.65,828
2010/08/06,906556,33810003,37.40,37.95,36.80,37.85,0.45,555
2010/08/09,524121,19725036,37.50,37.85,37.50,37.55,-0.30,319
2010/08/10,624944,23273468,37.55,38.00,37.00,37.05,-0.50,407
2010/08/11,346031,12794647,37.00,37.40,36.80,36.85,-0.20,212
2010/08/12,424572,15642773,36.50,37.05,36.50,36.95,0.10,236
2010/08/13,433500,16237100,37.20,37.80,36.95,37.65,0.70,270
2010/08/16,386560,14403819,37.30,37.65,37.20,37.20,-0.45,234
2010/08/17,678947,25650242,37.50,38.00,37.50,37.80,0.60,421
2010/08/18,667518,25257074,38.25,38.25,37.45,37.45,-0.35,325
2010/08/19,341553,12869410,38.00,38.00,37.50,37.70,0.25,193
2010/08/20,398310,14842791,37.60,37.60,37.10,37.25,-0.45,232
2010/08/23,464292,17251529,37.25,37.60,36.80,36.90,-0.35,255
2010/08/24,618399,22673410,36.90,37.05,36.40,36.40,-0.50,326
2010/08/25,622751,22199635,36.40,36.40,35.20,35.20,-1.20,396
2010/08/26,453807,16049035,35.20,35.65,35.20,35.30,0.10,290
2010/08/27,282841,9934406,35.00,35.40,34.80,35.10,-0.20,268
2010/08/30,528205,18955721,35.55,36.40,35.25,35.30,0.20,380
2010/08/31,657395,22699704,35.00,35.30,33.80,33.95,-1.35,347
2010/09/01,424303,14468402,33.95,34.45,33.95,33.95,,309
2010/09/02,713781,24555424,35.10,35.20,33.95,34.05,0.10,432
2010/09/03,596141,20784326,34.35,35.10,34.20,35.00,0.95,359
2010/09/06,642386,22669796,35.20,35.65,34.80,35.50,0.50,376
2010/09/07,294856,10397986,35.70,35.70,35.05,35.05,-0.45,225
2010/09/08,318691,11160212,35.05,35.35,34.75,34.85,-0.20,214
2010/09/09,395358,13825965,35.20,35.40,34.50,34.80,-0.05,271
2010/09/10,2371056,86672675,35.15,37.20,35.10,37.20,2.40,1395
2010/09/13,2205051,82918105,37.60,38.10,37.00,37.50,0.30,1199
2010/09/14,962511,36238805,37.55,38.25,37.10,37.10,-0.40,628
2010/09/15,551535,20403395,37.20,37.50,36.70,37.00,-0.10,404
2010/09/16,424466,15658337,37.00,37.40,36.70,36.70,-0.30,323
2010/09/17,1199220,45007735,37.00,37.90,37.00,37.25,0.55,714
2010/09/20,488231,18318205,37.50,37.85,37.15,37.50,0.25,341
2010/09/21,1765942,67272061,38.00,38.45,37.60,37.80,0.30,966
2010/09/23,798915,30393949,38.20,38.30,37.55,38.05,0.25,529
2010/09/24,649798,24354374,38.15,38.15,37.30,37.30,-0.75,400
2010/09/27,455511,16909055,37.95,37.95,36.80,36.80,-0.50,290
2010/09/28,292435,10780572,37.00,37.10,36.65,36.70,-0.10,214
2010/09/29,429527,15787128,36.70,36.95,36.50,36.65,-0.05,285
2010/09/30,352323,12961445,36.75,37.00,36.60,36.70,0.05,262
2010/10/01,290576,10690533,36.80,37.00,36.55,36.70,,201
2010/10/04,410919,14984705,37.00,37.00,36.15,36.30,-0.40,294
2010/10/05,333174,11927814,36.30,36.30,35.35,36.00,-0.30,240
2010/10/06,607033,21752369,36.30,36.30,35.50,35.95,-0.05,359
2010/10/07,580291,20592846,35.80,35.80,35.35,35.40,-0.55,339
2010/10/08,418026,14769008,35.50,35.70,35.20,35.35,-0.05,239
2010/10/11,304803,10741510,35.35,35.45,35.10,35.20,-0.15,217
2010/10/12,320167,11210345,35.20,35.45,34.80,35.00,-0.20,221
2010/10/13,213792,7507299,35.15,35.40,35.00,35.00,,180
2010/10/14,460824,16102469,35.25,35.30,34.70,34.75,-0.25,287
2010/10/15,542010,18583528,34.75,34.95,34.05,34.05,-0.70,358
2010/10/18,455714,15386967,34.05,34.25,33.30,33.50,-0.55,274
2010/10/19,819511,27195361,33.50,33.60,32.90,32.90,-0.60,453
2010/10/20,435470,14484340,32.60,33.60,32.60,33.55,0.65,268
2010/10/21,386239,13033278,34.30,34.30,33.40,33.60,0.05,236
2010/10/22,248499,8285528,33.60,33.60,33.15,33.35,-0.25,165
2010/10/25,313377,10613322,33.35,34.05,33.35,33.90,0.55,234
2010/10/26,265466,9000914,34.00,34.15,33.80,33.90,,198
2010/10/27,223755,7570422,34.00,34.30,33.55,33.75,-0.15,165
2010/10/28,293787,9875752,33.85,33.90,33.55,33.60,-0.15,200
2010/10/29,320273,10713893,33.60,33.85,33.30,33.50,-0.10,201
2010/11/01,292625,9801984,33.75,33.80,33.10,33.15,-0.35,200
2010/11/02,409564,13631712,33.30,33.80,32.95,32.95,-0.20,289
2010/11/03,543533,17753408,33.10,33.45,32.05,32.10,-0.85,329
2010/11/04,316677,10224326,32.00,32.60,32.00,32.20,0.10,215
2010/11/05,495004,16027327,32.40,32.75,32.20,32.45,0.25,223
2010/11/08,354329,11296422,32.45,32.80,31.45,31.50,-0.95,220
2010/11/09,324719,10221219,31.50,31.80,31.25,31.40,-0.10,212
2010/11/10,319030,9966331,31.15,31.65,31.10,31.35,-0.05,177
2010/11/11,658428,20981353,31.50,32.25,31.40,31.90,0.55,328
2010/11/12,209960,6668123,32.10,32.10,31.50,31.55,-0.35,143
2010/11/15,204505,6398123,31.60,31.60,31.15,31.25,-0.30,113
2010/11/16,231566,7286911,31.25,31.80,31.15,31.30,0.05,167
2010/11/17,441875,14007420,31.20,32.35,31.10,31.95,0.65,256
2010/11/18,185993,5891127,32.05,32.05,31.50,31.60,-0.35,117
2010/11/19,194957,6227188,31.95,32.20,31.70,31.70,0.10,151
2010/11/22,223689,7152008,31.75,32.15,31.75,31.80,0.10,137
2010/11/23,542133,17657908,32.00,32.75,32.00,32.60,0.80,333
2010/11/24,268578,8647046,32.60,32.60,32.10,32.15,-0.45,176
2010/11/25,313305,10161328,32.20,32.55,32.20,32.40,0.25,189
2010/11/26,490052,16005330,32.65,32.80,32.45,32.60,0.20,314
2010/11/29,248490,8117122,32.70,32.95,32.45,32.55,-0.05,157
2010/11/30,191830,6252307,32.50,32.80,32.40,32.50,-0.05,150
2010/12/01,182279,5960351,32.80,32.85,32.60,32.80,0.30,140
2010/12/02,315141,10370591,32.90,33.10,32.70,32.85,0.05,223
2010/12/03,245907,8093645,32.85,33.10,32.80,32.95,0.10,148
2010/12/06,358200,11742826,33.30,33.30,32.55,32.60,-0.35,198
2010/12/07,385957,12548198,32.55,32.70,32.20,32.50,-0.10,200
2010/12/08,193648,6306790,32.50,32.75,32.30,32.60,0.10,128
2010/12/09,450650,14781364,32.85,33.00,32.50,32.95,0.35,267
2010/12/10,452225,14954475,32.95,33.20,32.90,33.15,0.20,289
2010/12/13,357328,11859409,33.25,33.30,33.00,33.15,,223
2010/12/14,671782,22496790,33.30,33.80,33.20,33.20,0.05,376
2010/12/15,315837,10344986,33.50,33.50,32.50,32.70,-0.50,205
2010/12/16,314978,10270131,32.70,32.80,32.40,32.45,-0.25,233
2010/12/17,253633,8250351,32.60,32.65,32.45,32.55,0.10,156
2010/12/20,554980,18455177,32.75,33.55,32.70,33.15,0.60,375
2010/12/21,248948,8287669,33.45,33.50,33.10,33.20,0.05,210
2010/12/22,2186367,76354966,33.45,35.50,33.45,35.50,2.30,991
2010/12/23,7444563,281250365,37.95,37.95,37.15,37.95,2.45,3115
2010/12/24,4909857,186888134,37.95,38.50,37.45,37.95,,2164
2010/12/27,3496915,134674502,37.95,38.85,37.95,38.20,0.25,1843
2010/12/28,1779907,66535836,38.20,38.50,36.65,36.85,-1.35,1018
2010/12/29,1718530,62817193,37.30,37.50,36.00,36.45,-0.40,867
2010/12/30,1822268,67511016,36.60,37.45,36.50,37.45,1.00,868
2010/12/31,3675607,139974647,37.60,38.40,37.60,37.90,0.45,1645
2011/01/03,1244608,47046123,38.20,38.80,37.05,37.15,-0.75,720
2011/01/04,1585500,58454717,37.15,37.50,36.35,36.35,-0.80,754
2011/01/05,2685351,100440206,36.50,37.85,36.50,37.50,1.15,1465
2011/01/06,2365307,89746323,38.00,38.40,37.60,37.90,0.40,1285
2011/01/07,4128561,159680528,38.40,39.50,37.85,37.90,,2094
2011/01/10,1017156,37745947,37.75,37.80,36.80,37.15,-0.75,644
2011/01/11,898509,33262103,37.20,37.45,36.80,37.15,,523
2011/01/12,890176,33254945,37.20,37.70,37.10,37.40,0.25,503
2011/01/13,1097079,41563506,37.85,38.35,37.50,37.50,0.10,690
2011/01/14,574508,21387842,37.95,37.95,37.05,37.10,-0.40,350
2011/01/17,1655005,62802986,37.20,38.45,37.20,38.35,1.25,932
2011/01/18,1349713,51361296,38.35,38.50,37.65,37.80,-0.55,687
2011/01/19,965364,36602190,37.80,38.30,37.55,37.65,-0.15,542
2011/01/20,1029875,38462708,37.65,37.80,37.10,37.10,-0.55,483
2011/01/21,546871,20282277,36.80,37.45,36.80,36.85,-0.25,308
2011/01/24,367635,13626822,37.00,37.60,36.90,36.95,0.10,244
2011/01/25,576351,21109847,37.30,37.30,36.30,36.35,-0.60,354
2011/01/26,638722,23482649,36.35,37.00,36.35,36.70,0.35,398
2011/01/27,631416,23399001,37.20,37.45,36.75,36.85,0.15,351
2011/01/28,512241,18808350,36.85,37.30,36.50,36.55,-0.30,307
2011/02/08,548434,20196359,37.50,37.50,36.10,36.70,0.15,309
2011/02/09,374662,13546710,36.40,36.70,35.80,35.80,-0.90,245
2011/02/10,428452,15335530,35.80,36.00,35.60,35.80,,240
2011/02/11,862333,30322600,35.80,36.00,34.05,34.25,-1.55,466
2011/02/14,477597,16434984,34.25,34.75,34.15,34.40,0.15,300
2011/02/15,479215,16524240,34.40,34.85,34.00,34.65,0.25,280
2011/02/16,374624,13097178,34.90,35.30,34.65,34.65,,258
2011/02/17,468566,16310505,34.70,35.20,34.40,34.70,0.05,316
2011/02/18,591746,20910729,34.75,35.65,34.75,35.30,0.60,334
2011/02/21,498030,17469447,35.60,35.65,34.90,35.10,-0.20,258
2011/02/22,618570,21242752,34.90,34.90,34.05,34.75,-0.35,323
2011/02/23,545482,18578339,34.50,34.75,32.80,33.50,-1.25,283
2011/02/24,686177,22806341,33.50,33.85,32.80,32.85,-0.65,353
2011/02/25,383526,12760087,33.55,33.55,32.85,33.50,0.65,248
2011/03/01,675228,23454736,33.70,35.10,33.70,34.95,1.45,423
2011/03/02,596119,20904715,34.95,35.35,34.50,35.15,0.20,281
2011/03/03,529341,18784996,35.40,35.85,35.15,35.20,0.05,324
2011/03/04,1089736,39529607,35.60,37.30,35.35,35.70,0.50,665
2011/03/07,1973729,72649371,35.80,37.25,35.70,36.80,1.10,1091
2011/03/08,1574655,57590221,37.00,37.45,35.85,35.85,-0.95,797
2011/03/09,552848,19801737,35.90,36.30,35.55,35.55,-0.30,344
2011/03/10,391462,13899534,35.50,35.85,35.15,35.15,-0.40,260
2011/03/11,523802,18087479,35.00,35.10,34.15,35.00,-0.15,305
2011/03/14,450939,15501843,35.20,35.35,33.70,34.45,-0.55,293
2011/03/15,927964,30248835,34.05,34.40,32.05,32.05,-2.40,508
2011/03/16,768698,24927463,32.00,33.00,31.90,32.85,0.80,441
2011/03/17,527779,16945087,32.35,32.55,31.75,32.30,-0.55,299
2011/03/18,432406,14183425,32.50,33.00,32.50,32.85,0.55,261
2011/03/21,398062,13131596,32.90,33.20,32.80,33.00,0.15,249
2011/03/22,447216,15009319,33.30,33.70,33.30,33.60,0.60,307
2011/03/23,1321197,45718345,33.80,35.50,33.30,35.00,1.40,769
2011/03/24,1207708,42672341,35.50,35.80,34.95,35.15,0.15,607
2011/03/25,412885,14351235,35.20,35.50,34.40,34.45,-0.70,277
2011/03/28,822980,28821952,34.30,35.35,34.30,34.65,0.20,440
2011/03/29,772914,27072906,35.20,35.40,34.45,35.00,0.35,371
2011/03/30,495972,17270583,35.00,35.40,34.40,34.40,-0.60,255
2011/03/31,434663,14856382,34.40,34.80,33.85,34.05,-0.35,299
2011/04/01,281562,9527599,34.00,34.00,33.60,33.85,-0.20,171
2011/04/06,290006,9876799,33.85,34.30,33.80,34.10,0.25,172
2011/04/07,367156,12692598,34.25,34.75,34.25,34.70,0.60,217
2011/04/08,364977,12532414,34.90,34.90,34.10,34.10,-0.60,220
2011/04/11,475134,15997137,34.10,34.10,33.40,33.40,-0.70,279
2011/04/12,336988,11129724,33.30,33.45,32.80,33.35,-0.05,201
2011/04/13,184184,6191566,33.50,33.90,33.30,33.60,0.25,146
2011/04/14,287145,9567362,33.45,33.60,33.00,33.20,-0.40,187
2011/04/15,295646,9804531,33.20,33.40,32.90,33.10,-0.10,176
2011/04/18,230235,7603207,33.10,33.40,32.80,32.80,-0.30,113
2011/04/19,385839,12423220,32.80,32.80,32.05,32.30,-0.50,232
2011/04/20,264986,8641685,32.30,32.90,32.30,32.55,0.25,200
2011/04/21,352694,11581703,32.80,33.15,32.55,32.65,0.10,201
2011/04/22,331060,10909299,32.80,33.20,32.70,32.85,0.20,182
2011/04/25,291656,9492954,33.00,33.05,32.20,32.20,-0.65,207
2011/04/26,197923,6451785,32.20,32.75,32.20,32.65,0.45,144
2011/04/27,269188,8835657,33.05,33.05,32.60,32.60,-0.05,147
2011/04/28,214717,6985650,32.60,32.70,32.40,32.45,-0.15,150
2011/04/29,555944,17761282,33.00,33.00,31.45,31.50,-0.95,320
2011/05/03,890885,26556029,31.50,31.90,29.30,29.50,-2.00,482
2011/05/04,293711,8751430,29.00,30.15,29.00,30.15,0.65,208
2011/05/05,395577,11824064,30.15,30.15,29.60,29.85,-0.30,212
2011/05/06,209657,6294354,29.40,30.30,29.40,30.15,0.30,141
2011/05/09,360755,11032675,30.50,30.80,30.50,30.50,0.35,223
2011/05/10,380253,11748243,31.00,31.25,30.50,30.95,0.45,199
2011/05/11,275210,8447569,31.20,31.20,30.20,30.20,-0.75,146
2011/05/12,303520,9228009,30.20,30.60,29.85,30.55,0.35,156
2011/05/13,152508,4703345,31.00,31.00,30.55,30.85,0.30,112
2011/05/16,151386,4606380,30.80,30.80,30.00,30.15,-0.70,111
2011/05/17,167726,5027411,29.90,30.10,29.85,29.90,-0.25,108
2011/05/18,286376,8534664,30.00,30.45,29.50,29.85,-0.05,202
2011/05/19,213407,6397296,30.05,30.30,29.75,29.75,-0.10,129
2011/05/20,577709,16868555,29.85,30.00,28.80,29.50,-0.25,298
2011/05/23,264579,7652666,29.70,29.70,28.55,28.55,-0.95,178
2011/05/24,365070,10206081,28.55,28.65,27.55,28.00,-0.55,221
2011/05/25,184024,5135366,28.00,28.10,27.60,27.90,-0.10,149
2011/05/26,179941,5052348,27.95,28.20,27.95,28.10,0.20,117
2011/05/27,266296,7669335,28.30,29.00,28.30,28.65,0.55,198
2011/05/30,144963,4116942,28.20,28.60,28.20,28.40,-0.25,112
2011/05/31,306233,8947103,28.90,29.45,28.70,29.45,1.05,218
2011/06/01,234080,6889082,29.80,29.85,29.15,29.35,-0.10,171
2011/06/02,181880,5255879,28.60,29.20,28.60,28.90,-0.45,115
2011/06/03,166994,4873920,29.20,29.30,29.00,29.30,0.40,99
2011/06/07,106128,3101834,29.45,29.45,29.00,29.20,-0.10,82
2011/06/08,151427,4402533,29.00,29.20,29.00,29.00,-0.20,130
2011/06/09,183034,5255070,29.00,29.25,28.60,28.60,-0.40,119
2011/06/10,213050,6062117,28.70,28.80,28.05,28.20,-0.40,155
2011/06/13,138377,3867841,28.00,28.20,27.70,27.85,-0.35,98
2011/06/14,132184,3709338,27.80,28.50,27.80,28.10,0.25,95
2011/06/15,268403,7585084,28.45,28.70,28.00,28.15,0.05,194
2011/06/16,248250,6920400,27.90,28.00,27.60,28.00,-0.15,150
2011/06/17,521619,14800573,28.10,28.65,28.00,28.65,0.65,308
2011/06/20,534459,14612654,29.00,29.00,26.65,26.70,-1.95,256
2011/06/21,356477,9380092,27.05,27.25,26.00,26.45,-0.25,238
2011/06/22,268767,7116622,26.50,26.80,26.20,26.50,0.05,239
2011/06/23,265920,7047086,26.50,26.65,26.30,26.40,-0.10,175
2011/06/24,189611,5026929,27.00,27.00,26.25,26.70,0.30,125
2011/06/27,182511,4861493,26.65,26.80,26.40,26.80,0.10,109
2011/06/28,307167,8312899,27.00,27.35,26.70,26.80,,220
2011/06/29,254809,6897604,26.95,27.20,26.85,26.95,0.15,142
2011/06/30,206550,5596201,27.20,27.20,27.00,27.10,0.15,116
2011/07/01,243699,6670195,27.25,27.50,27.25,27.25,0.15,148
2011/07/04,363300,9791229,27.50,27.60,26.60,26.60,-0.65,132
2011/07/05,419904,11053842,26.50,26.60,26.20,26.25,-0.35,162
2011/07/06,393473,10295845,26.00,26.40,26.00,26.05,-0.20,168
2011/07/07,393583,10221428,26.05,26.30,25.70,25.85,-0.20,164
2011/07/08,341396,8847375,25.90,26.50,25.50,25.85,,150
2011/07/11,931852,22643479,25.80,25.80,24.05,24.05,-1.80,402
2011/07/12,788479,17939125,23.10,23.75,22.40,22.40,-1.65,365
2011/07/13,583529,13024306,22.00,22.65,22.00,22.05,-0.35,274
2011/07/14,990863,21199792,22.10,22.20,21.00,21.20,-0.85,418
2011/07/15,871140,18357170,20.40,21.60,20.40,21.60,X,365
2011/07/18,781472,16866556,21.60,21.90,21.10,21.15,-0.45,375
2011/07/19,286082,5989596,21.15,21.30,20.70,20.75,-0.40,184
2011/07/20,388060,8207763,21.10,21.30,21.00,21.20,0.45,223
2011/07/21,308574,6411735,21.30,21.30,20.60,20.90,-0.30,202
2011/07/22,438279,9346972,21.00,21.50,21.00,21.40,0.50,272
2011/07/25,201405,4253323,21.40,21.50,20.75,21.05,-0.35,106
2011/07/26,152040,3207337,21.05,21.35,20.90,21.05,,97
2011/07/27,175159,3714139,21.10,21.40,21.05,21.15,0.10,123
2011/07/28,219305,4638595,21.10,21.35,21.00,21.30,0.15,124
2011/07/29,1206401,26890867,21.35,22.70,21.35,22.35,1.05,672
2011/08/01,468791,10405006,22.50,22.65,21.80,22.30,-0.05,301
2011/08/02,389547,8439710,22.10,22.10,21.45,21.45,-0.85,188
2011/08/03,567636,11541736,21.10,21.10,19.95,20.65,-0.80,320
2011/08/04,241449,4959230,20.65,20.80,20.25,20.25,-0.40,169
2011/08/05,526532,9931722,18.85,19.00,18.85,18.85,-1.40,278
2011/08/08,606571,10679018,17.60,18.20,17.55,17.55,-1.30,265
2011/08/09,821420,13468795,16.35,16.70,16.35,16.40,-1.15,343
2011/08/10,674658,11562448,17.00,17.50,16.70,17.25,0.85,339
2011/08/11,333221,5570226,16.40,17.20,16.10,17.10,-0.15,211
2011/08/12,548285,9680085,17.50,18.00,17.30,17.40,0.30,293
2011/08/15,332038,5827817,17.70,18.05,17.30,17.70,0.30,191
2011/08/16,299424,5310210,17.80,17.95,17.50,17.70,,190
2011/08/17,181293,3224915,18.00,18.00,17.60,17.75,0.05,133
2011/08/18,242964,4188229,17.50,17.70,16.90,17.15,-0.60,140
2011/08/19,512323,8194045,16.20,16.20,15.95,15.95,-1.20,233
2011/08/22,399331,6060280,15.20,15.65,14.90,14.90,-1.05,217
2011/08/23,388575,5981904,15.40,15.80,15.15,15.75,0.85,166
2011/08/24,292557,4583248,15.80,15.95,15.20,15.80,0.05,161
2011/08/25,567782,9210781,15.95,16.80,15.35,16.00,0.20,344
2011/08/26,246023,3885663,16.10,16.10,15.45,15.75,-0.25,148
2011/08/29,213044,3438699,15.70,16.30,15.70,16.00,0.25,152
2011/08/30,277699,4545232,16.40,16.50,16.20,16.50,0.50,150
2011/08/31,587152,10097130,16.50,17.65,16.35,17.65,1.15,306
2011/09/01,959546,17188628,18.25,18.25,17.55,18.00,0.35,460
2011/09/02,248893,4433424,17.80,18.00,17.50,17.95,-0.05,145
2011/09/05,248205,4286265,17.50,17.50,17.10,17.10,-0.85,127
2011/09/06,185036,3117098,17.00,17.10,16.50,16.80,-0.30,130
2011/09/07,180500,3103950,17.50,17.50,17.00,17.35,0.55,107
2011/09/08,131817,2259620,17.40,17.40,17.00,17.20,-0.15,93
2011/09/09,157587,2730274,17.20,17.50,17.10,17.35,0.15,120
2011/09/13,159200,2664730,17.00,17.00,16.60,16.75,-0.60,59
2011/09/14,203017,3369676,16.85,17.30,16.25,16.25,-0.50,134
2011/09/15,210825,3498261,16.80,16.85,16.25,16.50,0.25,161
2011/09/16,183852,3147416,17.20,17.25,16.85,17.20,0.70,107
2011/09/19,72404,1233185,17.20,17.20,16.90,16.95,-0.25,61
2011/09/20,199107,3411649,16.60,17.45,16.60,17.40,0.45,131
2011/09/21,284038,4897267,16.35,17.75,16.35,17.60,0.20,165
2011/09/22,258171,4416630,17.40,17.40,16.80,17.15,-0.45,170
2011/09/23,221301,3674180,16.80,16.80,16.40,16.55,-0.60,154
2011/09/26,219233,3488287,16.50,16.50,15.40,15.50,-1.05,158
2011/09/27,183908,2937378,16.00,16.10,15.80,16.05,0.55,108
2011/09/28,120535,1963766,16.20,16.60,16.15,16.20,0.15,97
2011/09/29,127976,2038566,15.15,16.10,15.15,16.10,-0.10,83
2011/09/30,97504,1562562,16.25,16.25,15.90,15.95,-0.15,66
2011/10/03,81100,1266505,15.60,15.85,15.50,15.50,-0.45,56
2011/10/04,92294,1433741,15.25,15.85,15.25,15.85,0.35,78
2011/10/05,295130,4818131,15.90,16.50,15.90,16.45,0.60,195
2011/10/06,340637,5664042,16.50,16.90,16.50,16.50,0.05,151
2011/10/07,255225,4228812,16.55,16.70,16.40,16.45,-0.05,130
2011/10/11,470063,8213355,16.90,17.60,16.90,17.60,1.15,227
2011/10/12,1869044,34589473,17.60,18.80,17.50,18.80,1.20,952
2011/10/13,2585013,50621700,19.20,19.95,19.20,19.75,0.95,1275
2011/10/14,946810,18663674,19.70,19.90,19.40,19.80,0.05,524
2011/10/17,783378,15542462,20.30,20.35,19.50,19.80,,435
2011/10/18,490490,9545656,19.70,19.80,19.25,19.30,-0.50,290
2011/10/19,375677,7305398,19.45,19.65,19.20,19.30,,223
2011/10/20,325567,6251228,19.50,19.65,18.95,18.95,-0.35,178
2011/10/21,287981,5505630,19.00,19.40,18.95,19.30,0.35,194
2011/10/24,526402,10291506,19.70,19.85,19.30,19.35,0.05,315
2011/10/25,760449,15036893,19.60,20.10,19.30,19.80,0.45,438
2011/10/26,376335,7450879,19.70,20.05,19.65,19.70,-0.10,265
2011/10/27,691633,12958093,19.20,19.30,18.45,18.55,-1.15,415
2011/10/28,644985,11795880,18.55,18.90,17.90,18.20,-0.35,363
2011/10/31,189245,3403910,18.05,18.35,17.75,17.90,-0.30,121
2011/11/01,551270,10357112,18.35,19.15,18.10,19.15,1.25,332
2011/11/02,3242520,65481226,19.25,20.45,19.25,20.45,1.30,1296
2011/11/03,3331307,68630680,20.70,20.90,20.25,20.45,,1391
2011/11/04,2229548,48011568,20.90,21.85,20.55,21.85,1.40,957
2011/11/07,2841621,65852893,22.50,23.35,22.50,23.35,1.50,938
2011/11/08,4603025,107446773,23.80,24.00,22.70,23.00,-0.35,2061
2011/11/09,2188541,49269566,23.20,23.20,22.30,22.60,-0.40,903
2011/11/10,1431357,30751362,22.00,22.00,21.05,21.05,-1.55,724
2011/11/11,3221578,71692752,21.05,22.50,21.00,22.50,1.45,1185
2011/11/14,3726459,85963980,23.95,23.95,22.40,22.50,,1663
2011/11/15,2095988,47046383,22.30,23.00,21.80,21.95,-0.55,999
2011/11/16,1356500,28895150,22.10,22.40,20.80,20.80,-1.15,754
2011/11/17,1869706,41152355,21.00,22.25,21.00,22.25,1.45,909
2011/11/18,2809717,62253519,22.40,22.90,21.45,21.45,-0.80,1507
2011/11/21,2070425,42114577,21.30,21.65,19.95,19.95,-1.50,984
2011/11/22,4685411,97800400,19.80,21.30,19.60,21.30,1.35,2177
2011/11/23,2110000,43447998,21.30,21.30,20.00,20.30,-1.00,1068
2011/11/24,3682871,77614131,20.00,21.70,19.35,21.05,0.75,1804
2011/11/25,2789033,58972909,20.30,21.70,20.30,21.50,0.45,1581
2011/11/28,2879801,63744891,22.10,22.50,21.55,22.50,1.00,1556
2011/11/29,3996709,91289122,22.90,23.30,22.30,22.70,0.20,1935
2011/11/30,1703342,37808186,22.50,22.80,21.65,21.75,-0.95,873
2011/12/01,2614945,59912195,23.25,23.25,22.60,22.90,1.15,1169
2011/12/02,1561815,35146254,23.00,23.00,22.05,22.40,-0.50,804
2011/12/05,1332522,30082640,22.60,22.90,22.25,22.50,0.10,718
2011/12/06,1311591,28874038,22.60,22.80,21.10,21.20,-1.30,729
2011/12/07,1742200,37026520,21.60,21.75,20.50,21.00,-0.20,851
2011/12/08,1126514,23589685,20.70,21.30,20.50,20.50,-0.50,569
2011/12/09,1006999,20261729,19.50,20.80,19.50,20.10,-0.40,611
2011/12/12,641037,12927222,20.60,20.70,19.70,19.75,-0.35,401
2011/12/13,1059689,21173443,19.50,20.60,19.35,20.50,0.75,605
2011/12/14,2099531,45143574,20.50,21.90,20.20,21.90,1.40,1040
2011/12/15,7274892,162519289,22.00,22.80,21.60,22.45,0.55,3290
2011/12/16,1965623,43479806,22.45,22.50,21.80,21.95,-0.50,1023
2011/12/19,1522773,31983795,21.10,21.70,20.45,20.45,-1.50,794
2011/12/20,1835624,38343022,20.40,21.30,20.40,20.65,0.20,1075
2011/12/21,1953780,42559179,21.80,22.05,21.35,22.05,1.40,980
2011/12/22,2672220,59487484,22.30,22.70,21.60,22.20,0.15,1412
2011/12/23,3210630,75480952,22.60,23.75,22.60,23.75,1.55,1039
2011/12/26,7427001,179695274,24.20,24.70,23.80,24.00,0.25,2314
2011/12/27,4861609,116220994,24.00,24.30,23.00,23.90,-0.10,1792
2011/12/28,3987539,96414716,23.80,24.50,23.50,23.50,-0.40,1742
2011/12/29,2119656,50408780,23.50,24.15,23.50,23.75,0.25,1047
2011/12/30,1685572,39976441,24.30,24.30,23.15,23.15,-0.60,900
2012/01/02,1580110,35471742,23.15,23.20,22.00,22.00,-1.15,803
2012/01/03,1106454,24775113,22.10,22.75,22.10,22.60,0.60,599
2012/01/04,1668759,38721227,22.90,23.80,22.75,22.80,0.20,918
2012/01/05,1000834,22673161,23.00,23.00,22.40,22.80,,529
2012/01/06,1147055,26099680,22.80,23.20,22.50,22.50,-0.30,618
2012/01/09,962200,21083920,22.60,22.65,21.65,21.70,-0.80,545
2012/01/10,971082,21391477,21.70,22.30,21.70,21.90,0.20,563
2012/01/11,1323311,29790700,22.20,22.80,22.10,22.20,0.30,822
2012/01/12,859172,18965602,22.45,22.60,21.80,21.90,-0.30,465
2012/01/13,1202790,26212406,22.40,22.40,21.15,21.20,-0.70,709
2012/01/16,825627,17654791,21.70,21.70,21.05,21.35,0.15,493
2012/01/17,1225981,27016474,21.80,22.35,21.45,22.30,0.95,657
2012/01/18,2227419,50832011,22.55,23.20,22.30,22.40,0.10,1206
2012/01/30,1920556,44121902,23.20,23.35,22.75,22.85,0.45,870
2012/01/31,2553281,60160876,22.95,24.20,22.90,23.15,0.30,1205
2012/02/01,2610281,61760578,23.30,24.15,23.15,23.75,0.60,1262
2012/02/02,3303373,82908617,24.50,25.40,24.25,25.40,1.65,1076
2012/02/03,5880718,152292253,26.20,26.50,25.40,25.80,0.40,2208
2012/02/06,2429592,62783038,26.10,26.50,25.10,25.10,-0.70,1087
2012/02/07,1549963,39249008,24.80,25.85,24.80,25.35,0.25,892
2012/02/08,1967652,50322432,25.35,25.90,25.30,25.55,0.20,960
2012/02/09,1516940,38571229,25.55,25.80,25.10,25.35,-0.20,805
2012/02/10,3499431,91486566,25.45,26.70,25.35,25.90,0.55,1639
2012/02/13,1228244,31627320,25.60,26.10,25.35,25.50,-0.40,686
2012/02/14,1158368,29624105,26.00,26.00,25.20,25.45,-0.05,583
2012/02/15,2049950,52440926,25.55,25.90,25.30,25.50,0.05,874
2012/02/16,2198601,56305739,25.20,26.40,24.25,24.30,-1.20,1079
2012/02/17,1358668,33375576,24.65,25.15,24.05,24.45,0.15,703
2012/02/20,645120,16013565,25.00,25.00,24.65,24.75,0.30,345
2012/02/21,4516659,118067807,24.75,26.45,24.75,26.45,1.70,1696
2012/02/22,6761871,187043393,26.80,28.30,26.80,28.30,1.85,2644
2012/02/23,7810071,224734012,29.00,29.45,27.75,27.75,-0.55,3427
2012/02/24,2400007,65501939,27.75,27.90,27.00,27.15,-0.60,1105
2012/02/29,2233875,60037575,27.70,27.70,26.25,27.15,,986
2012/03/01,1602901,43377083,27.40,27.40,26.65,27.05,-0.10,672
2012/03/02,1801462,48824940,27.05,27.45,26.70,27.10,0.05,854
2012/03/05,2656181,75298243,28.95,28.95,27.60,27.60,-1.35,1470
2012/03/06,1921824,52257723,27.45,28.00,26.50,27.35,-0.25,1109
2012/03/07,7015936,197067866,27.50,28.75,27.35,27.80,0.45,3182
2012/03/08,7479485,212275549,28.00,28.85,27.70,28.05,0.25,3356
2012/03/09,8131177,234628619,28.60,29.50,28.30,28.40,0.35,3492
2012/03/12,2859090,80083725,28.60,28.85,27.40,27.40,-1.00,1461
2012/03/13,1725608,46858696,27.60,27.90,26.85,27.05,-0.35,980
2012/03/14,1313925,36033057,27.70,27.80,27.20,27.30,0.25,726
2012/03/15,1619393,44691901,27.30,27.95,27.25,27.70,0.40,785
2012/03/16,2953465,83339298,27.90,28.60,27.75,27.90,0.20,1585
2012/03/19,1600038,44629787,28.30,28.50,27.30,27.30,-0.60,880
2012/03/20,1026921,28059300,27.80,27.80,27.00,27.10,-0.20,544
2012/03/21,1220743,32541423,27.15,27.25,26.30,26.50,-0.60,667
2012/03/22,1063059,28416202,26.50,27.10,26.50,26.50,,603
2012/03/23,606131,16160133,26.50,26.80,26.50,26.70,0.20,378
2012/03/26,718084,19326497,26.80,27.15,26.75,26.90,0.20,430
2012/03/27,894357,23676223,27.10,27.30,26.15,26.25,-0.65,525
2012/03/28,1031371,26685719,26.25,26.45,25.60,25.70,-0.55,548
2012/03/29,1812032,43989411,25.20,25.25,23.95,23.95,-1.75,965
2012/03/30,1002815,23329522,23.55,23.85,22.40,23.70,-0.25,505
2012/04/02,414255,9768689,23.70,23.95,23.20,23.20,-0.50,263
2012/04/03,902616,20543847,23.50,23.85,22.05,22.20,-1.00,491
2012/04/05,987377,20971518,21.00,21.80,20.80,21.65,-0.55,534
2012/04/06,1037853,23358219,21.85,22.90,21.85,22.50,0.85,599
2012/04/09,447406,9792232,21.35,22.25,21.35,22.15,-0.35,258
2012/04/10,887898,20175792,22.70,23.05,22.20,22.60,0.45,531
2012/04/11,1032245,23406807,22.10,23.00,22.10,22.95,0.35,608
2012/04/12,2425733,56924422,23.25,23.80,23.00,23.80,0.85,1313
2012/04/13,6292237,157662820,24.45,25.45,24.45,25.20,1.40,2492
2012/04/16,1293647,31986135,25.00,25.00,24.50,24.50,-0.70,718
2012/04/17,1398577,33259471,24.70,24.70,23.30,23.35,-1.15,742
2012/04/18,2725286,65178320,24.05,24.50,23.40,23.50,0.15,1347
2012/04/19,1375101,31979892,23.50,23.65,23.00,23.00,-0.50,694
2012/04/20,905272,20712076,23.05,23.25,22.30,22.85,-0.15,519
2012/04/23,840238,18616659,22.10,22.85,21.80,22.10,-0.75,486
2012/04/24,650402,14353833,22.10,22.30,21.85,22.25,0.15,343
2012/04/25,1069625,24569275,22.95,23.20,22.70,23.15,0.90,640
2012/04/26,686421,15651542,23.15,23.30,22.35,22.35,-0.80,390
2012/04/27,681926,15249922,22.70,22.85,22.00,22.15,-0.20,425
2012/04/30,580331,12486315,22.00,22.00,20.90,21.80,-0.35,306
2012/05/02,1026120,23306360,22.00,23.15,22.00,23.15,1.35,569
2012/05/03,724361,16592143,23.10,23.25,22.65,22.70,-0.45,419
2012/05/04,629955,14479522,22.70,23.35,22.35,22.80,0.10,381
2012/05/07,454886,10219834,22.60,22.75,22.30,22.30,-0.50,232
2012/05/08,375292,8379280,22.00,22.60,22.00,22.20,-0.10,237
2012/05/09,372750,8253786,21.90,22.40,21.90,22.05,-0.15,223
2012/05/10,346510,7592617,22.20,22.35,21.65,21.65,-0.40,220
2012/05/11,378266,8025586,21.35,21.65,20.80,20.90,-0.75,218
2012/05/14,673743,13727295,20.70,21.00,19.90,20.00,-0.90,389
2012/05/15,579650,11384031,19.20,20.00,19.20,20.00,,329
2012/05/16,763513,14653897,19.90,20.10,18.75,18.85,-1.15,472
2012/05/17,775577,14820469,18.80,19.40,18.80,19.20,0.35,436
2012/05/18,776618,14269463,18.80,18.90,17.90,18.00,-1.20,431
2012/05/21,626216,11394792,18.20,18.60,17.90,18.15,0.15,339
2012/05/22,775478,14784572,18.50,19.40,18.50,19.40,1.25,412
2012/05/23,1977511,38651838,19.50,19.70,19.30,19.40,,871
2012/05/24,835284,15920558,19.40,19.60,18.70,18.90,-0.50,380
2012/05/25,588744,11115811,19.15,19.50,18.50,18.55,-0.35,336
2012/05/28,422690,7962561,18.70,19.10,18.55,19.00,0.45,229
2012/05/29,1244434,24818672,19.50,20.20,19.40,20.20,1.20,708
2012/05/30,926632,18810029,20.20,20.70,20.05,20.30,0.10,541
2012/05/31,681720,13697394,19.90,20.35,19.85,20.35,0.05,338
2012/06/01,573010,11367445,20.10,20.20,19.50,19.60,-0.75,320
2012/06/04,724170,13240450,18.30,18.80,18.25,18.25,-1.35,360
2012/06/05,613451,11415205,18.75,18.95,18.25,18.60,0.35,358
2012/06/06,473321,8947134,18.70,19.10,18.65,18.80,0.20,284
2012/06/07,726559,13978464,19.10,19.65,18.80,18.90,0.10,437
2012/06/08,178421,3356587,18.90,19.20,18.60,18.60,-0.30,134
2012/06/11,299592,5701237,19.00,19.20,18.90,18.95,0.35,164
2012/06/12,314000,5857000,18.80,18.80,18.40,18.40,-0.55,169
2012/06/13,474265,8984232,18.70,19.20,18.60,18.80,0.40,274
2012/06/14,256069,4792993,18.80,18.95,18.55,18.55,-0.25,183
2012/06/15,831395,15287347,18.70,19.05,17.90,17.90,-0.65,396
2012/06/18,835928,15936268,18.80,19.15,18.70,19.15,1.25,295
2012/06/19,2128755,41357022,19.25,19.80,19.15,19.60,0.45,954
2012/06/20,830497,16210140,19.70,19.75,19.30,19.70,0.10,414
2012/06/21,1334031,26660112,19.70,20.30,19.60,19.95,0.25,712
2012/06/22,368043,7214801,19.75,19.80,19.45,19.80,-0.15,215
2012/06/25,320775,6249379,19.75,19.75,19.30,19.35,-0.45,212
2012/06/26,528418,9988942,19.35,19.35,18.65,18.85,-0.50,297
2012/06/27,937077,18285135,19.10,19.90,19.10,19.40,0.55,480
2012/06/28,351659,6861371,19.60,19.80,19.25,19.35,-0.05,241
2012/06/29,575359,11259129,19.50,19.75,19.10,19.55,0.20,346
2012/07/02,607144,12093425,19.85,20.25,19.70,19.70,0.15,376
2012/07/03,484500,9508399,19.70,19.80,19.35,19.60,-0.10,268
2012/07/04,474741,9408293,19.80,19.95,19.70,19.90,0.30,265
2012/07/05,939330,18946050,20.00,20.40,19.90,20.00,0.10,522
2012/07/06,246563,4873983,20.00,20.15,19.60,19.70,-0.30,171
2012/07/09,259797,5069500,19.50,19.65,19.30,19.45,-0.25,131
2012/07/10,385186,7402311,19.40,19.50,19.00,19.00,-0.45,268
2012/07/11,259680,4970388,19.00,19.35,18.90,19.15,0.15,143
2012/07/12,528020,9934726,19.00,19.00,18.55,18.70,-0.45,270
2012/07/13,260241,4830082,18.60,18.80,18.40,18.50,-0.20,161
2012/07/16,375907,6839201,18.75,18.75,17.95,17.95,-0.55,220
2012/07/17,1023662,18194075,17.60,17.95,17.50,17.95,,432
2012/07/18,693516,11562112,16.95,16.95,16.50,16.50,X,387
2012/07/19,408241,6814761,16.50,16.85,16.50,16.60,0.10,249
2012/07/20,297844,4971109,16.70,16.90,16.50,16.65,0.05,196
2012/07/23,227010,3771266,16.65,16.80,16.50,16.50,-0.15,146
2012/07/24,282546,4601139,16.70,16.70,16.10,16.10,-0.40,168
2012/07/25,258200,4152119,15.95,16.20,15.80,16.00,-0.10,165
2012/07/26,213179,3442081,16.05,16.20,16.00,16.10,0.10,100
2012/07/27,321100,5307450,16.40,16.65,16.30,16.60,0.50,195
2012/07/30,235538,3937826,16.70,16.90,16.55,16.55,-0.05,132
2012/07/31,318314,5236797,16.55,16.60,16.30,16.45,-0.10,171
2012/08/01,189844,3167659,16.45,16.80,16.45,16.70,0.25,141
2012/08/03,123501,2043165,16.50,16.70,16.40,16.40,-0.30,77
2012/08/06,363161,6063956,16.80,16.85,16.55,16.55,0.15,190
2012/08/07,387781,6368266,16.75,16.90,16.10,16.30,-0.25,228
2012/08/08,307540,4982091,16.40,16.50,16.10,16.10,-0.20,199
2012/08/09,322697,5294549,16.15,16.50,16.15,16.50,0.40,187
2012/08/10,369250,6181686,16.50,16.90,16.40,16.75,0.25,217
2012/08/13,341159,5750124,16.90,17.00,16.65,16.95,0.20,201
2012/08/14,1425368,25489609,17.00,18.10,17.00,18.10,1.15,646
2012/08/15,2560979,46542413,18.10,18.30,17.85,18.20,0.10,849
2012/08/16,1740648,31852324,18.20,18.45,18.10,18.35,0.15,486
2012/08/17,1236438,22806215,18.40,18.60,18.30,18.30,-0.05,482
2012/08/20,493192,8833316,18.40,18.40,17.60,17.60,-0.70,235
2012/08/21,522271,9375707,17.80,18.15,17.80,17.80,0.20,292
2012/08/22,345141,6250922,18.30,18.35,17.90,18.00,0.20,203
2012/08/23,208423,3728555,18.00,18.00,17.80,17.80,-0.20,126
2012/08/24,188869,3364727,17.80,17.90,17.70,17.80,,102
2012/08/27,170925,3080865,17.95,18.25,17.90,17.90,0.10,120
2012/08/28,229100,4046520,17.85,17.85,17.55,17.55,-0.35,136
2012/08/29,173742,3060935,17.45,17.85,17.30,17.60,0.05,87
2012/08/30,224645,3946442,17.60,17.80,17.35,17.35,-0.25,124
2012/08/31,254165,4407920,17.40,17.50,17.20,17.25,-0.10,159
2012/09/03,516779,8813243,17.00,17.25,16.90,17.10,-0.15,283
2012/09/04,366262,6358002,17.10,17.55,17.10,17.25,0.15,246
2012/09/05,236699,4054183,17.25,17.25,17.00,17.10,-0.15,115
2012/09/06,217352,3744234,17.30,17.45,17.10,17.15,0.05,142
2012/09/07,203498,3537512,17.50,17.55,17.30,17.30,0.15,135
2012/09/10,470763,8151770,17.20,17.55,17.15,17.30,,203
2012/09/11,337327,5806203,17.30,17.35,17.10,17.20,-0.10,184
2012/09/12,413447,7188255,17.30,17.55,17.25,17.30,0.10,219
2012/09/13,428786,7552104,17.30,17.75,17.30,17.50,0.20,257
2012/09/14,375778,6647661,17.75,17.95,17.50,17.50,,239
2012/09/17,347542,6069826,17.65,17.75,17.30,17.35,-0.15,185
2012/09/18,409334,7187559,17.25,17.85,17.10,17.50,0.15,275
2012/09/19,1592709,28850437,17.50,18.45,17.50,18.00,0.50,776
2012/09/20,425946,7603345,17.80,18.20,17.65,17.70,-0.30,242
2012/09/21,329865,5869159,17.90,17.95,17.70,17.80,0.10,151
2012/09/24,443018,7942317,18.00,18.15,17.80,17.80,,239
2012/09/25,1720008,31297640,18.00,18.45,17.85,18.05,0.25,629
2012/09/26,582175,10383470,18.00,18.15,17.40,17.60,-0.45,245
2012/09/27,281307,4959686,17.65,17.75,17.60,17.60,,136
2012/09/28,520482,9274908,18.00,18.05,17.60,17.60,,276
2012/10/01,277556,4881913,17.70,17.80,17.40,17.45,-0.15,165
2012/10/02,512411,8955129,17.60,17.65,17.30,17.35,-0.10,208
2012/10/03,772281,13081680,17.30,17.35,16.70,16.90,-0.45,416
2012/10/04,577148,9518926,16.90,16.90,16.35,16.40,-0.50,292
2012/10/05,296906,4912110,16.70,16.70,16.40,16.40,,151
2012/10/08,863271,14637069,16.90,17.15,16.80,16.80,0.40,497
2012/10/09,449451,7409690,16.80,16.80,16.35,16.35,-0.45,256
2012/10/11,363685,5858460,16.35,16.35,16.00,16.00,-0.35,184
2012/10/12,406441,6469394,16.00,16.20,15.60,15.80,-0.20,202
2012/10/15,352315,5451150,15.80,15.80,15.30,15.40,-0.40,204
2012/10/16,241722,3765061,15.50,15.70,15.45,15.60,0.20,141
2012/10/17,232571,3663525,15.90,15.95,15.60,15.60,,158
2012/10/18,171005,2661226,15.80,15.80,15.50,15.50,-0.10,99
2012/10/19,216078,3316446,15.50,15.50,15.30,15.30,-0.20,107
2012/10/22,297120,4406926,15.00,15.00,14.70,14.90,-0.40,143
2012/10/23,248025,3739022,14.90,15.20,14.85,14.90,,126
2012/10/24,249841,3687027,14.70,14.90,14.65,14.65,-0.25,144
2012/10/25,715165,10216649,14.50,14.60,13.65,13.65,-1.00,286
2012/10/26,1477149,18955141,12.80,13.50,12.70,12.70,-0.95,567
2012/10/29,722090,8743514,12.05,12.50,11.85,11.85,-0.85,323
2012/10/30,554357,6737216,12.00,12.35,12.00,12.20,0.35,291
2012/10/31,322685,3879733,12.20,12.25,11.80,11.90,-0.30,159
2012/11/01,770152,9334203,11.80,12.50,11.65,12.25,0.35,426
2012/11/02,501375,6196900,12.40,12.60,12.05,12.05,-0.20,274
2012/11/05,240143,2881483,12.05,12.10,11.90,11.90,-0.15,116
2012/11/06,223455,2685210,11.95,12.10,11.90,12.10,0.20,138
2012/11/07,519311,6432855,12.15,12.50,12.15,12.40,0.30,284
2012/11/08,297999,3686485,12.40,12.50,12.20,12.30,-0.10,144
2012/11/09,682996,8891796,12.25,13.15,12.25,13.15,0.85,248
2012/11/12,1326040,17720773,13.85,13.85,13.10,13.10,-0.05,517
2012/11/13,549576,7122499,13.20,13.35,12.50,12.50,-0.60,292
2012/11/14,300175,3753737,12.35,12.75,12.35,12.50,,161
2012/11/15,198996,2458199,12.30,12.50,12.20,12.30,-0.20,104
2012/11/16,488621,6213979,12.30,13.10,12.30,12.50,0.20,288
2012/11/19,344062,4173533,12.50,12.55,11.85,11.85,-0.65,197
2012/11/20,322451,3888493,12.10,12.30,11.85,11.90,0.05,175
2012/11/21,564830,6885976,12.00,12.50,11.90,11.95,0.05,325
2012/11/22,238368,2888179,12.10,12.25,11.95,11.95,,145
2012/11/23,768814,9580923,12.10,12.65,12.10,12.55,0.60,384
2012/11/26,620715,7817807,12.80,12.80,12.40,12.60,0.05,310
2012/11/27,665185,8647575,12.65,13.30,12.65,12.85,0.25,366
2012/11/28,318677,4067764,12.85,12.95,12.60,12.85,,188
2012/11/29,562621,7376398,13.00,13.30,12.95,13.05,0.20,285
2012/11/30,2206552,28503336,13.05,13.25,12.40,12.40,-0.65,1028
2012/12/03,1257573,16441089,12.50,13.25,12.50,13.25,0.85,499
2012/12/04,3339283,46166749,13.80,14.15,13.45,14.15,0.90,1340
2012/12/05,2125934,30727300,14.60,14.75,14.20,14.35,0.20,846
2012/12/06,1289287,18515768,14.70,14.70,14.00,14.05,-0.30,586
2012/12/07,916849,12926324,14.10,14.30,13.85,14.05,,391
2012/12/10,804562,11094685,14.20,14.20,13.50,13.60,-0.45,341
2012/12/11,686300,9113040,13.65,13.80,13.10,13.25,-0.35,310
2012/12/12,1067147,14732412,13.55,14.05,13.50,13.75,0.50,533
2012/12/13,1148248,15894072,13.75,14.10,13.50,14.00,0.25,459
2012/12/14,533320,7411133,13.65,14.15,13.65,13.75,-0.25,238
2012/12/17,510200,6836139,13.60,13.80,13.15,13.35,-0.40,251
2012/12/18,224477,3028540,13.45,13.60,13.45,13.45,0.10,130
2012/12/19,347318,4676928,13.50,13.70,13.30,13.30,-0.15,167
2012/12/20,354230,4783170,13.35,13.75,13.20,13.35,0.05,176
2012/12/21,512057,6873701,13.35,13.70,13.20,13.30,-0.05,228
2012/12/24,434744,5947617,13.55,13.75,13.55,13.70,0.20,220
2012/12/25,1486283,21565039,13.90,14.65,13.90,14.65,0.95,535
2012/12/26,2239293,33048365,14.90,15.00,14.40,14.50,-0.15,887
2012/12/27,531779,7640348,14.30,14.55,14.30,14.30,-0.20,289
2012/12/28,453628,6530678,14.45,14.55,14.30,14.30,,208
2013/01/02,410220,5846133,14.30,14.35,14.15,14.20,-0.10,203
2013/01/03,538040,7743519,14.45,14.65,14.25,14.25,0.05,279
2013/01/04,749718,10861300,14.35,14.65,14.35,14.40,0.15,342
2013/01/07,459212,6609758,14.55,14.60,14.25,14.30,-0.10,219
2013/01/08,745071,10774326,14.30,14.60,14.20,14.55,0.25,377
2013/01/09,2358083,36107233,14.65,15.55,14.60,15.55,1.00,1016
2013/01/10,3680575,58349321,15.80,16.05,15.55,15.75,0.20,1391
2013/01/11,1171017,18463564,15.75,16.00,15.60,15.80,0.05,533
2013/01/14,849641,13460576,15.80,16.00,15.70,15.80,,363
2013/01/15,4853332,81250875,15.80,16.90,15.80,16.90,1.10,1761
2013/01/16,2151585,35666860,17.00,17.20,16.05,16.10,-0.80,941
2013/01/17,2397396,36819097,16.15,16.30,15.00,15.15,-0.95,905
2013/01/18,892113,13762827,15.45,15.70,15.25,15.40,0.25,459
2013/01/21,570596,8788817,15.40,15.55,15.30,15.30,-0.10,284
2013/01/22,401730,6170818,15.35,15.55,15.30,15.30,,195
2013/01/23,1776963,28355859,15.55,16.30,15.55,15.90,0.60,865
2013/01/24,1078140,17126183,15.90,16.10,15.65,15.65,-0.25,507
2013/01/25,662121,10217245,15.70,15.85,15.25,15.25,-0.40,354
2013/01/28,316700,4832593,15.30,15.40,15.20,15.20,-0.05,174
2013/01/29,351794,5437615,15.25,15.55,15.25,15.55,0.35,200
2013/01/30,724437,11412122,15.65,16.00,15.55,15.55,,408
2013/01/31,429084,6682538,15.70,15.80,15.40,15.40,-0.15,214
2013/02/01,396608,6086619,15.45,15.45,15.25,15.30,-0.10,217
2013/02/04,373332,5704528,15.35,15.40,15.15,15.15,-0.15,207
2013/02/05,479192,7086071,15.05,15.10,14.60,14.70,-0.45,245
2013/02/06,405004,5975904,14.90,14.95,14.65,14.70,,211
2013/02/18,476747,7200603,15.10,15.30,14.85,15.30,0.60,280
2013/02/19,475014,7311063,15.30,15.55,15.20,15.45,0.15,234
2013/02/20,302217,4631146,15.50,15.65,15.20,15.25,-0.20,185
2013/02/21,313110,4744855,15.20,15.35,15.05,15.05,-0.20,159
2013/02/22,288740,4353600,15.10,15.25,15.00,15.00,-0.05,163
2013/02/25,798852,12285913,15.00,15.60,15.00,15.15,0.25,455
2013/02/26,449556,6726825,15.10,15.15,14.80,14.90,-0.25,262
2013/02/27,364463,5499167,14.95,15.30,14.95,15.00,0.10,222
2013/03/01,2540279,40264318,15.25,16.05,15.25,16.05,1.05,935
2013/03/04,2052636,32653820,16.20,16.20,15.65,15.70,-0.35,857
2013/03/05,2720670,43518234,15.95,16.15,15.80,15.85,0.15,931
2013/03/06,2722029,43956664,16.00,16.30,15.95,16.05,0.20,906
2013/03/07,1574643,25659098,16.15,16.55,16.05,16.15,0.10,736
2013/03/08,891632,14301833,16.10,16.35,15.75,15.80,-0.35,415
2013/03/11,2708399,44057821,15.80,16.60,15.75,16.20,0.40,1148
2013/03/12,1042958,16736583,16.20,16.30,15.80,15.85,-0.35,475
2013/03/13,765909,12122144,15.85,16.00,15.60,16.00,0.15,320
2013/03/14,691481,10959194,16.00,16.10,15.55,16.00,,285
2013/03/15,450682,7169774,16.00,16.10,15.80,15.80,-0.20,246
2013/03/18,360143,5587366,15.75,15.75,15.40,15.50,-0.30,195
2013/03/19,390383,6071053,15.55,15.70,15.45,15.50,,173
2013/03/20,638868,10010715,15.50,15.90,15.35,15.50,,323
2013/03/21,235021,3700874,15.65,15.90,15.60,15.75,0.25,162
2013/03/22,230744,3602667,15.45,15.80,15.45,15.55,-0.20,151
2013/03/25,445607,7077776,15.70,16.05,15.70,15.75,0.20,223
2013/03/26,317785,4990094,15.90,15.95,15.60,15.60,-0.15,165
2013/03/27,273303,4284726,15.80,15.80,15.60,15.60,,133
2013/03/28,250045,3895490,15.60,15.70,15.50,15.50,-0.10,150
2013/03/29,250800,3905398,15.55,15.70,15.50,15.60,0.10,156
2013/04/01,344669,5368883,15.60,15.80,15.40,15.40,-0.20,173
2013/04/02,410850,6288868,15.20,15.45,15.20,15.30,-0.10,203
2013/04/03,220859,3392698,15.30,15.45,15.30,15.30,,112
2013/04/08,587723,8451737,14.60,14.60,14.25,14.30,-1.00,266
2013/04/09,317691,4484652,14.30,14.50,13.85,14.00,-0.30,158
2013/04/10,187687,2632018,14.10,14.15,13.85,14.00,,110
2013/04/11,249516,3548122,14.15,14.35,14.15,14.15,0.15,143
2013/04/12,245588,3478082,14.15,14.35,14.00,14.00,-0.15,133
2013/04/15,269027,3717023,13.80,14.00,13.70,13.85,-0.15,105
2013/04/16,221507,3008969,13.70,13.80,13.30,13.70,-0.15,116
2013/04/17,210081,2892455,13.70,13.95,13.60,13.70,,133
2013/04/18,213291,2922685,13.45,13.80,13.45,13.70,,93
2013/04/19,391482,5424699,13.80,13.95,13.75,13.80,0.10,182
2013/04/22,253141,3472131,13.95,13.95,13.55,13.65,-0.15,123
2013/04/23,234793,3222093,13.75,13.85,13.65,13.85,0.20,116
2013/04/24,338223,4752991,13.90,14.15,13.90,14.15,0.30,192
2013/04/25,161028,2253686,14.00,14.15,13.90,13.95,-0.20,99
2013/04/26,295446,4125802,14.10,14.15,13.85,13.85,-0.10,132
2013/04/29,248305,3432011,13.90,14.00,13.70,13.70,-0.15,127
2013/04/30,341982,4767550,13.85,14.05,13.85,13.85,0.15,208
2013/05/02,262609,3616860,13.95,13.95,13.65,13.70,-0.15,140
2013/05/03,296266,4080491,13.90,13.90,13.70,13.75,0.05,155
2013/05/06,222805,3087217,13.90,13.90,13.80,13.80,0.05,117
2013/05/07,253881,3515061,13.85,14.05,13.75,13.75,-0.05,103
2013/05/08,310073,4266751,13.85,13.90,13.70,13.75,,140
2013/05/09,3355356,49022202,13.80,14.70,13.80,14.45,0.70,1076
2013/05/10,1013874,14455264,14.30,14.45,14.10,14.15,-0.30,414
2013/05/13,435677,6143728,14.20,14.25,14.00,14.00,-0.15,202
2013/05/14,270482,3798498,14.15,14.15,13.95,14.05,0.05,141
2013/05/15,417224,5939549,14.15,14.40,14.05,14.40,0.35,276
2013/05/16,1275496,18668940,14.50,14.90,14.30,14.55,0.15,612
2013/05/17,688531,10120450,14.60,14.85,14.55,14.60,0.05,335
2013/05/20,532104,7885979,14.70,15.00,14.70,14.75,0.15,249
2013/05/21,569215,8433158,14.90,14.95,14.65,14.80,0.05,238
2013/05/22,3978980,62019532,15.00,15.80,14.90,15.80,1.00,1265
2013/05/23,2255723,34796636,15.65,15.65,15.15,15.30,-0.50,861
2013/05/24,915042,13991883,15.30,15.45,15.05,15.25,-0.05,383
2013/05/27,1106112,17183289,15.25,15.70,15.25,15.60,0.35,419
2013/05/28,2115617,33530821,15.80,16.20,15.50,15.65,0.05,761
2013/05/29,2696813,43366973,15.80,16.30,15.70,16.20,0.55,1007
2013/05/30,1204267,19474059,16.35,16.40,16.00,16.15,-0.05,513
2013/05/31,983978,15800600,16.40,16.40,15.80,15.85,-0.30,411
2013/06/03,796797,12782652,15.65,16.30,15.60,16.05,0.20,318
2013/06/04,577490,9210015,16.25,16.25,15.75,15.80,-0.25,240
2013/06/05,578792,8999617,15.90,15.90,15.30,15.35,-0.45,251
2013/06/06,369977,5656595,15.05,15.45,15.05,15.40,0.05,189
2013/06/07,370913,5685210,15.40,15.70,15.00,15.40,,197
2013/06/10,576748,8823191,15.60,15.60,15.10,15.40,,279
2013/06/11,272688,4157720,15.30,15.40,15.10,15.10,-0.30,149
2013/06/13,410179,6104298,15.10,15.10,14.80,14.85,-0.25,144
2013/06/14,561754,8121955,15.00,15.05,14.15,14.15,-0.70,245
2013/06/17,350233,5036443,14.25,14.55,14.25,14.35,0.20,175
2013/06/18,238317,3419947,14.40,14.50,14.25,14.30,-0.05,118
2013/06/19,318648,4596196,14.45,14.55,14.30,14.40,0.10,127
2013/06/20,247241,3521858,14.40,14.40,14.10,14.30,-0.10,139
2013/06/21,392260,5485741,14.00,14.25,13.90,14.10,-0.20,163
2013/06/24,1091316,16383304,14.50,15.05,14.40,15.05,0.95,382
2013/06/25,801591,11714792,14.85,14.90,14.20,14.30,-0.75,326
2013/06/26,597816,8687680,14.70,14.75,14.35,14.50,0.20,222
2013/06/27,413538,6013023,14.70,14.70,14.40,14.50,,163
2013/06/28,278626,4040426,14.60,14.60,14.40,14.40,-0.10,97
2013/07/01,267472,3893239,14.30,14.75,14.30,14.65,0.25,136
2013/07/02,279254,4056869,14.70,14.75,14.45,14.45,-0.20,102
2013/07/03,258010,3696393,14.50,14.50,14.20,14.35,-0.10,98
2013/07/04,211877,3016862,14.35,14.45,14.15,14.20,-0.15,118
2013/07/05,257110,3626248,14.00,14.20,14.00,14.20,,150
2013/07/08,189378,2648554,14.10,14.15,13.85,13.85,-0.35,96
2013/07/09,225594,3146556,13.85,14.05,13.85,13.95,0.10,87
2013/07/10,139445,1945930,14.00,14.10,13.85,13.90,-0.05,98
2013/07/11,280316,3968254,14.05,14.25,14.05,14.20,0.30,122
2013/07/12,258000,3624250,14.20,14.30,13.95,13.95,-0.25,116
2013/07/15,317751,4481062,13.95,14.25,13.95,14.25,0.30,127
2013/07/16,197459,2831535,14.30,14.45,14.25,14.40,0.15,120
2013/07/17,189481,2726224,14.40,14.60,14.20,14.40,,117
2013/07/18,237576,3367156,14.50,14.50,14.00,14.15,-0.25,115
2013/07/19,222110,3133201,14.30,14.30,13.90,14.20,0.05,123
2013/07/22,203931,2894724,14.30,14.45,14.15,14.15,-0.05,97
2013/07/23,310492,4427835,14.30,14.35,14.15,14.35,0.20,116
2013/07/24,491514,6991121,14.35,14.35,14.15,14.35,,131
2013/07/25,89585,1273806,14.35,14.35,14.15,14.25,-0.10,48
2013/07/26,152190,2164706,14.25,14.30,14.10,14.25,,74
2013/07/29,266580,3731798,14.25,14.30,13.80,13.95,-0.30,111
2013/07/30,122559,1711867,13.95,14.05,13.90,13.95,,69
2013/07/31,216591,2989845,14.00,14.00,13.60,13.60,-0.35,108
2013/08/01,109912,1508446,13.80,13.80,13.65,13.75,0.15,71
2013/08/02,164591,2253503,13.80,13.80,13.60,13.60,-0.15,97
2013/08/05,158699,2209864,13.70,14.05,13.70,13.95,0.35,95
2013/08/06,96221,1325049,13.85,13.90,13.65,13.85,-0.10,73
2013/08/07,145070,1974395,13.75,13.75,13.55,13.55,-0.30,77
2013/08/08,113346,1541268,13.55,13.75,13.55,13.65,0.10,73
2013/08/09,151532,2087784,13.75,13.90,13.65,13.70,0.05,78
2013/08/12,58584,798340,13.70,13.70,13.60,13.65,-0.05,38
2013/08/13,190579,2606522,13.65,13.80,13.60,13.70,0.05,98
2013/08/14,155078,2112153,13.75,13.80,13.55,13.55,-0.15,87
2013/08/15,118630,1614055,13.60,13.75,13.55,13.55,,53
2013/08/16,197129,2637552,13.40,13.65,13.25,13.25,-0.30,100
2013/08/19,273153,3573539,13.00,13.30,13.00,13.05,-0.20,119
2013/08/20,250400,3229989,13.05,13.10,12.60,12.75,-0.30,101
2013/08/22,270775,3415036,12.70,12.80,12.50,12.60,-0.15,149
2013/08/23,171286,2195581,12.75,12.95,12.65,12.80,0.20,106
2013/08/26,203264,2615132,12.95,13.05,12.60,13.05,0.25,110
2013/08/27,101140,1312304,13.05,13.15,12.85,12.85,-0.20,64
2013/08/28,172224,2186041,12.85,12.95,12.55,12.80,-0.05,69
2013/08/29,172250,2210149,12.60,13.00,12.60,12.85,0.05,89
2013/08/30,262199,3462087,13.00,13.50,13.00,13.10,0.25,149
2013/09/02,274401,3650330,13.15,13.40,13.15,13.35,0.25,150
2013/09/03,143245,1909594,13.35,13.50,13.20,13.30,-0.05,86
2013/09/04,201566,2681376,13.30,13.40,13.20,13.35,0.05,77
2013/09/05,260143,3483197,13.30,13.50,13.30,13.40,0.05,120
2013/09/06,217111,2900775,13.40,13.45,13.30,13.30,-0.10,104
2013/09/09,191212,2493931,13.30,13.30,12.90,12.90,-0.40,94
2013/09/10,340642,4457862,12.95,13.30,12.80,12.90,,184
2013/09/11,236665,3044826,12.90,13.00,12.80,12.80,-0.10,76
2013/09/12,186696,2395408,12.80,13.00,12.70,12.75,-0.05,107
2013/09/13,121211,1547899,12.85,12.85,12.70,12.75,,71
2013/09/16,154162,1984320,12.85,12.95,12.70,12.85,0.05,100
2013/09/17,91913,1181887,12.80,13.00,12.80,12.80,-0.05,67
2013/09/18,123769,1592442,12.80,12.95,12.80,12.90,0.10,79
2013/09/23,229562,2977842,12.90,13.10,12.85,12.85,-0.05,123
2013/09/24,104027,1344644,12.90,13.00,12.85,12.90,0.05,67
2013/09/25,452252,5947509,13.00,13.35,12.85,13.35,0.45,237
2013/09/26,172207,2269799,13.30,13.35,13.05,13.10,-0.25,85
2013/09/27,359361,4804114,13.20,13.55,13.20,13.25,0.15,181
2013/09/30,595298,8006622,13.35,13.60,13.25,13.60,0.35,301
2013/10/01,1394167,19253753,13.65,13.95,13.50,13.60,,519
2013/10/02,855846,11680070,13.75,13.85,13.50,13.55,-0.05,234
2013/10/03,809182,10943504,13.70,13.75,13.40,13.60,0.05,209
2013/10/04,361917,4909184,13.50,13.70,13.45,13.45,-0.15,167
2013/10/07,312027,4200806,13.45,13.55,13.40,13.40,-0.05,130
2013/10/08,205838,2741508,13.35,13.40,13.25,13.30,-0.10,96
2013/10/09,339103,4501958,13.25,13.40,13.20,13.30,,114
2013/10/11,184526,2443339,13.45,13.45,13.15,13.15,-0.15,103
2013/10/14,427250,5538883,13.10,13.20,12.75,12.75,-0.40,209
2013/10/15,283864,3646193,12.75,13.00,12.75,13.00,0.25,159
2013/10/16,253495,3260181,13.05,13.05,12.80,12.80,-0.20,127
2013/10/17,155225,1998130,13.00,13.00,12.75,12.85,0.05,95
2013/10/18,447240,5843907,12.95,13.20,12.90,13.00,0.15,188
2013/10/21,181977,2381450,13.25,13.25,13.00,13.00,,86
2013/10/22,169280,2197012,13.00,13.05,12.90,12.95,-0.05,78
2013/10/23,138579,1801196,13.05,13.15,12.95,12.95,,75
2013/10/24,117982,1530466,12.95,13.10,12.85,13.00,0.05,70
2013/10/25,150847,1950989,13.00,13.10,12.85,12.85,-0.15,76
2013/10/28,199090,2553994,12.85,13.00,12.80,12.80,-0.05,112
2013/10/29,124599,1597805,12.80,12.95,12.75,12.75,-0.05,66
2013/10/30,362735,4642320,12.75,12.85,12.75,12.80,0.05,97
2013/10/31,205856,2645654,12.90,12.95,12.75,12.80,,82
2013/11/01,191550,2441906,12.80,12.80,12.65,12.65,-0.15,72
2013/11/04,208100,2602164,12.65,12.65,12.40,12.40,-0.25,115
2013/11/05,209759,2617809,12.40,12.60,12.40,12.45,0.05,114
2013/11/06,234220,2950128,12.45,12.75,12.35,12.45,,122
2013/11/07,142714,1780651,12.55,12.65,12.35,12.45,,84
2013/11/08,163630,2022065,12.35,12.45,12.30,12.30,-0.15,67
2013/11/11,473900,5734693,12.30,12.30,12.00,12.05,-0.25,144
2013/11/12,690288,8215875,11.90,12.15,11.65,11.95,-0.10,259
2013/11/13,304939,3648387,11.90,12.15,11.65,11.65,-0.30,113
2013/11/14,469636,5607253,11.70,12.30,11.65,11.85,0.20,242
2013/11/15,625968,7699958,12.30,12.50,12.00,12.30,0.45,217
2013/11/18,244360,2962620,12.30,12.30,12.00,12.10,-0.20,126
2013/11/19,872450,10691483,12.10,12.45,12.10,12.40,0.30,200
2013/11/20,934691,11677698,12.40,12.65,12.30,12.35,-0.05,226
2013/11/21,166070,2039921,12.40,12.50,12.20,12.50,0.15,93
2013/11/22,141220,1749755,12.50,12.55,12.30,12.35,-0.15,81
2013/11/25,494366,6240912,12.35,12.75,12.35,12.75,0.40,183
2013/11/26,1253551,16154041,12.65,13.05,12.65,12.70,-0.05,417
2013/11/27,201155,2544687,12.70,12.75,12.55,12.60,-0.10,98
2013/11/28,873094,11225490,12.80,13.00,12.65,12.75,0.15,226
2013/11/29,221172,2828423,12.80,12.90,12.65,12.70,-0.05,106
2013/12/02,339756,4321062,12.80,12.85,12.65,12.70,,93
2013/12/03,594685,7674333,12.80,13.00,12.70,13.00,0.30,209
2013/12/04,640586,8279749,13.10,13.10,12.75,12.90,-0.10,201
2013/12/05,183656,2354928,12.90,12.95,12.75,12.75,-0.15,83
2013/12/06,1158860,15083691,12.95,13.10,12.75,12.95,0.20,346
2013/12/09,1707515,23089473,13.15,13.70,13.15,13.50,0.55,681
2013/12/10,555612,7415057,13.60,13.70,13.05,13.30,-0.20,256
2013/12/11,2180840,29851064,13.45,13.90,13.35,13.70,0.40,837
2013/12/12,3718360,52888768,13.75,14.65,13.60,14.65,0.95,1078
2013/12/13,6365833,99116031,15.60,15.65,15.30,15.65,1.00,1794
2013/12/16,12420890,201591287,16.15,16.45,15.95,16.45,0.80,3968
2013/12/17,7839250,129545928,16.45,16.80,16.20,16.75,0.30,2672
2013/12/18,3158749,52258128,16.75,16.90,16.30,16.45,-0.30,1335
2013/12/19,4468657,74222421,16.80,16.95,16.25,16.45,,1617
2013/12/20,2516274,41403386,16.45,16.75,16.25,16.25,-0.20,904
2013/12/23,2645179,43436366,16.30,16.60,16.20,16.40,0.15,1000
2013/12/24,1422152,23133425,16.40,16.45,16.15,16.30,-0.10,584
2013/12/25,1927163,31559419,16.50,16.60,16.15,16.45,0.15,729
2013/12/26,8598234,148957863,16.60,17.60,16.25,17.60,1.15,2563
2013/12/27,10652440,192629589,18.00,18.80,17.60,18.50,0.90,3516
2013/12/30,5859025,109184058,18.50,18.95,18.20,18.75,0.25,2154
2013/12/31,4986699,94513686,18.90,19.50,18.35,18.80,0.05,2062
2014/01/02,7732677,152247300,18.90,20.00,18.80,19.80,1.00,2894
2014/01/03,5515391,109735137,19.80,20.20,19.60,19.90,0.10,2067
2014/01/06,5397705,104012139,19.90,20.25,18.55,18.65,-1.25,2196
2014/01/07,2960782,56452281,18.65,19.45,18.65,19.15,0.50,1287
2014/01/08,3520866,67863602,19.30,19.70,18.75,18.95,-0.20,1407
2014/01/09,3325248,61968186,19.00,19.20,18.05,18.40,-0.55,1288
2014/01/10,1900385,35363520,18.40,18.85,18.40,18.50,0.10,756
2014/01/13,2329795,42157877,18.65,18.65,17.85,17.90,-0.60,974
2014/01/14,2824034,51871778,17.90,18.70,17.90,18.40,0.50,1203
2014/01/15,4797638,92088823,18.60,19.50,18.50,19.50,1.10,1989
2014/01/16,5775443,112549726,19.90,20.00,18.75,18.75,-0.75,2084
2014/01/17,1862990,34976093,18.75,18.95,18.65,18.70,-0.05,737
2014/01/20,2173089,41249978,18.95,19.20,18.60,19.00,0.30,911
2014/01/21,1729751,32943869,19.00,19.50,18.80,19.00,,712
2014/01/22,1952820,37072180,19.20,19.35,18.65,18.70,-0.30,847
2014/01/23,1360511,25786177,19.00,19.20,18.70,18.95,0.25,667
2014/01/24,1175184,21888630,18.70,19.00,18.40,18.60,-0.35,525
2014/01/27,1200606,21874045,18.60,18.60,18.05,18.10,-0.50,482
2014/02/05,1030010,18599793,17.60,18.40,17.60,18.40,0.30,526
2014/02/06,1200904,22566457,18.55,19.00,18.40,18.70,0.30,575
2014/02/07,1427019,27199656,19.40,19.40,18.80,18.80,0.10,690
2014/02/10,988838,18386448,18.85,19.00,18.30,18.35,-0.45,478
2014/02/11,682966,12581627,18.25,18.65,18.20,18.35,,335
2014/02/12,1042089,19151377,18.65,18.70,18.25,18.35,,449
2014/02/13,1657681,30416421,18.50,18.60,17.95,17.95,-0.40,635
2014/02/14,1000914,17913177,18.00,18.10,17.65,17.65,-0.30,434
2014/02/17,1526704,26345248,17.70,17.80,17.05,17.10,-0.55,642
2014/02/18,617325,10652685,17.10,17.60,17.10,17.60,0.50,321
2014/02/19,916190,15924530,17.50,17.70,17.15,17.15,-0.45,462
2014/02/20,1163152,20423401,17.20,17.90,17.20,17.55,0.40,554
2014/02/21,1059638,18705945,17.65,17.80,17.50,17.60,0.05,389
2014/02/24,481181,8575192,17.80,17.95,17.70,17.70,0.10,297
2014/02/25,857738,15029702,17.85,17.85,17.35,17.40,-0.30,381
2014/02/26,639997,11222396,17.40,17.70,17.40,17.50,0.10,328
2014/02/27,1235281,22068917,17.65,18.00,17.65,17.80,0.30,539
2014/03/03,696347,12272406,17.50,17.85,17.40,17.85,0.05,312
2014/03/04,3304777,61523240,17.95,18.85,17.85,18.80,0.95,1440
2014/03/05,1699570,31787941,18.95,19.05,18.50,18.65,-0.15,741
2014/03/06,1424071,26616108,18.80,19.00,18.50,18.50,-0.15,590
2014/03/07,2920853,54517128,18.80,19.05,17.90,17.95,-0.55,1135
2014/03/10,1500301,27736806,18.00,18.75,18.00,18.70,0.75,716
2014/03/11,1208998,22281111,18.90,18.90,18.20,18.20,-0.50,484
2014/03/12,814732,14877145,18.20,18.50,18.10,18.15,-0.05,379
2014/03/13,727187,13287231,18.50,18.50,18.15,18.15,,335
2014/03/14,1285290,22871673,18.00,18.10,17.55,17.60,-0.55,582
2014/03/17,1043414,18627121,17.60,18.15,17.50,18.15,0.55,496
2014/03/18,1345256,24783469,18.40,18.60,18.20,18.30,0.15,656
2014/03/19,1229796,21893558,18.45,18.50,17.55,17.70,-0.60,585
2014/03/20,562546,9951058,17.50,17.90,17.50,17.70,,292
2014/03/21,736200,12950750,17.90,18.00,17.35,17.60,-0.10,335
2014/03/24,824961,14210475,17.05,17.50,17.00,17.40,-0.20,309
2014/03/25,743209,13040856,17.10,17.70,17.10,17.60,0.20,311
2014/03/26,1845720,33163130,17.95,18.30,17.60,18.20,0.60,628
2014/03/27,733580,13157013,18.30,18.40,17.80,17.80,-0.40,292
2014/03/28,457979,8125575,17.60,18.05,17.60,17.65,-0.15,209
2014/03/31,245603,4360701,17.70,17.95,17.60,17.75,0.10,147
2014/04/01,481429,8525855,17.80,17.95,17.60,17.60,-0.15,247
2014/04/02,577679,10264066,17.75,17.95,17.65,17.80,0.20,267
2014/04/03,652877,11530530,17.90,17.90,17.50,17.70,-0.10,219
2014/04/07,310037,5421442,17.60,17.60,17.45,17.50,-0.20,131
2014/04/08,369215,6491861,17.45,17.70,17.45,17.60,0.10,194
2014/04/09,562965,9808246,17.35,17.70,17.30,17.40,-0.20,254
2014/04/10,818234,14132028,17.40,17.60,17.05,17.05,-0.35,299
2014/04/11,977746,16515067,17.05,17.30,16.60,16.65,-0.40,487
2014/04/14,707144,11769546,16.65,16.85,16.40,16.75,0.10,329
2014/04/15,521556,8734970,16.90,16.90,16.60,16.60,-0.15,270
2014/04/16,633366,10480296,16.70,16.70,16.40,16.45,-0.15,319
2014/04/17,486125,8097923,16.55,16.90,16.45,16.65,0.20,237
2014/04/18,271492,4522966,16.70,16.80,16.60,16.65,,146
2014/04/21,698129,11783214,16.80,17.00,16.70,16.90,0.25,263
2014/04/22,297990,5028382,17.10,17.10,16.80,16.80,-0.10,149
2014/04/23,448187,7492733,16.80,17.00,16.55,16.55,-0.25,210
2014/04/24,350360,5784532,16.60,16.70,16.35,16.35,-0.20,168
2014/04/25,957508,15001123,16.50,16.50,15.30,15.60,-0.75,446
2014/04/28,1065745,17073993,15.35,16.40,15.25,16.20,0.60,515
2014/04/29,516965,8342532,16.20,16.35,16.00,16.05,-0.15,264
2014/04/30,330575,5269172,16.05,16.20,15.75,15.75,-0.30,192
2014/05/02,814394,13180022,15.90,16.40,15.90,16.05,0.30,347
2014/05/05,337453,5423371,16.05,16.30,15.95,16.00,-0.05,153
2014/05/06,452439,7270814,16.20,16.20,15.95,16.15,0.15,169
2014/05/07,220531,3527368,16.10,16.10,15.95,16.00,-0.15,103
2014/05/08,959893,15645668,16.00,16.50,16.00,16.20,0.20,329
2014/05/09,318754,5088199,16.25,16.25,15.90,15.90,-0.30,162
2014/05/12,412166,6425305,15.90,15.90,15.40,15.45,-0.45,180
2014/05/13,738200,11148689,15.55,15.60,14.80,14.85,-0.60,284
2014/05/14,354683,5299776,14.95,15.10,14.80,15.10,0.25,168
2014/05/15,851450,13149940,15.00,15.70,15.00,15.25,0.15,251
2014/05/16,815169,12523334,15.20,15.60,15.05,15.40,0.15,218
2014/05/19,253762,3905984,15.40,15.70,15.30,15.40,,128
2014/05/20,299532,4598172,15.55,15.55,15.20,15.40,,141
2014/05/21,163442,2481140,15.20,15.35,15.05,15.10,-0.30,97
2014/05/22,698371,10815935,15.10,15.70,15.10,15.70,0.60,247
2014/05/23,2877141,46063657,15.85,16.20,15.65,15.85,0.15,638
2014/05/26,1026123,16432041,15.90,16.20,15.70,15.95,0.10,334
2014/05/27,412691,6599716,15.95,16.10,15.85,15.90,-0.05,179
2014/05/28,1326102,21587585,15.90,16.45,15.85,16.10,0.20,455
2014/05/29,372797,6012002,16.15,16.20,16.05,16.10,,167
2014/05/30,523502,8427254,16.10,16.30,15.90,16.00,-0.10,218
2014/06/03,4635553,77949248,16.20,17.10,16.00,17.10,1.10,1530
2014/06/04,3524630,60692041,17.20,17.45,16.90,16.95,-0.15,1587
2014/06/05,1332575,22672566,16.95,17.20,16.85,16.95,,501
2014/06/06,1143981,19572527,17.00,17.30,17.00,17.05,0.10,424
2014/06/09,482416,8236272,17.00,17.20,16.90,17.05,,217
2014/06/10,497878,8529109,17.20,17.25,17.05,17.10,0.05,217
2014/06/11,540999,9234433,17.25,17.25,16.95,17.05,-0.05,257
2014/06/12,1338756,23289911,17.05,17.60,17.00,17.25,0.20,607
2014/06/13,734060,12464770,17.20,17.40,16.50,17.00,-0.25,348
2014/06/16,316996,5364381,17.10,17.10,16.80,16.80,-0.20,150
2014/06/17,578646,9824850,16.90,17.20,16.85,16.85,0.05,275
2014/06/18,3812721,66817699,16.95,17.90,16.95,17.55,0.70,1417
2014/06/19,2205653,39257939,17.80,17.90,17.70,17.70,0.15,859
2014/06/20,800698,13953686,17.75,17.75,17.30,17.30,-0.40,388
2014/06/23,1227160,20641989,17.30,17.30,16.45,16.50,-0.80,549
2014/06/24,645868,10537710,16.15,16.45,16.15,16.30,-0.20,297
2014/06/25,376895,6183882,16.20,16.55,16.20,16.45,0.15,220
2014/06/26,639702,10517390,16.55,16.55,16.35,16.35,-0.10,334
2014/06/27,449900,7365659,16.35,16.50,16.30,16.35,,204
2014/06/30,426004,7022864,16.40,16.60,16.35,16.45,0.10,201
2014/07/01,1001859,16854143,16.55,17.00,16.55,16.75,0.30,487
2014/07/02,888479,14849022,16.85,17.10,16.35,16.40,-0.35,442
2014/07/03,948347,15969769,16.45,17.00,16.45,16.80,0.40,518
2014/07/04,781077,13245190,16.85,17.10,16.80,16.90,0.10,347
2014/07/07,680140,11502402,16.90,17.05,16.75,16.85,-0.05,186
2014/07/08,386071,6452730,16.85,16.85,16.60,16.70,-0.15,174
2014/07/09,483134,7969089,16.75,16.80,16.40,16.40,-0.30,200
2014/07/10,337091,5541731,16.40,16.60,16.35,16.40,,167
2014/07/11,661704,10477282,16.35,16.45,15.30,15.60,-0.80,327
2014/07/14,425174,6677796,15.40,16.00,15.40,15.60,,197
2014/07/15,409528,6436507,15.60,15.85,15.60,15.70,0.10,204
2014/07/16,232360,3638716,15.70,15.75,15.55,15.60,-0.10,144
2014/07/17,397638,6290709,15.65,15.95,15.50,15.85,0.25,183
2014/07/18,306070,4846400,15.75,16.00,15.75,15.80,-0.05,171
2014/07/21,753553,11955376,15.80,16.00,15.65,15.75,-0.05,253
2014/07/22,325197,5141960,15.60,15.95,15.60,15.85,0.10,184
2014/07/24,287299,4591353,16.00,16.10,15.90,15.95,0.10,165
2014/07/25,225840,3590313,16.05,16.05,15.85,15.90,-0.05,114
2014/07/28,299797,4683001,15.90,15.90,15.50,15.55,-0.35,175
2014/07/29,451195,6953142,15.80,15.80,15.15,15.40,-0.15,244
2014/07/30,163597,2540009,15.40,15.60,15.40,15.60,0.20,110
2014/07/31,269126,4195514,15.70,15.80,15.45,15.50,-0.10,134
2014/08/01,169178,2611308,15.35,15.60,15.25,15.50,,88
2014/08/04,179441,2777335,15.40,15.60,15.40,15.45,-0.05,88
2014/08/05,208874,3231765,15.40,15.55,15.40,15.40,-0.05,86
2014/08/06,690160,10405530,15.35,15.40,14.90,15.05,-0.35,291
2014/08/07,301653,4467230,14.75,14.90,14.70,14.70,X,169
2014/08/08,645050,9070853,14.70,14.70,13.70,14.15,-0.55,323
2014/08/11,211205,3030430,14.30,14.45,14.20,14.35,0.20,116
2014/08/12,364534,5289939,14.35,14.70,14.30,14.50,0.15,162
2014/08/13,180947,2597939,14.60,14.70,14.30,14.40,-0.10,86
2014/08/14,189444,2745993,14.55,14.65,14.40,14.40,,91
2014/08/15,234523,3325697,14.40,14.40,14.10,14.10,-0.30,128
2014/08/18,417426,5702407,14.00,14.10,13.20,13.40,-0.70,200
2014/08/19,256431,3514246,13.40,13.85,13.40,13.85,0.45,129
2014/08/20,135245,1863855,13.65,13.90,13.65,13.70,-0.15,78
2014/08/21,481824,6461748,13.70,13.70,13.30,13.40,-0.30,204
2014/08/22,218355,3022882,13.50,14.00,13.50,13.90,0.50,145
2014/08/25,130813,1835682,14.00,14.10,13.95,14.10,0.20,89
2014/08/26,167308,2337725,14.10,14.10,13.90,14.05,-0.05,90
2014/08/27,171672,2424957,14.20,14.20,14.05,14.15,0.10,114
2014/08/28,142122,2011970,14.20,14.20,14.05,14.20,0.05,77
2014/08/29,153499,2177585,14.20,14.35,14.10,14.30,0.10,107
2014/09/01,164050,2307500,13.95,14.20,13.95,14.10,-0.20,98
2014/09/02,345986,4858854,14.10,14.20,13.95,14.05,-0.05,164
2014/09/03,156161,2197254,14.10,14.20,14.00,14.10,0.05,82
2014/09/04,116050,1634005,14.10,14.15,14.00,14.05,-0.05,65
2014/09/05,195174,2734165,14.10,14.10,13.95,13.95,-0.10,101
2014/09/09,177779,2510632,14.00,14.25,14.00,14.10,0.15,98
2014/09/10,148060,2071186,14.00,14.05,13.95,13.95,-0.15,61
2014/09/11,116843,1636366,14.00,14.05,13.95,13.95,,60
2014/09/12,268094,3753406,14.20,14.20,13.90,13.95,,122
2014/09/15,138374,1924210,13.95,14.00,13.85,13.85,-0.10,65
2014/09/16,182185,2521093,13.90,13.90,13.75,13.80,-0.05,89
2014/09/17,262121,3625563,13.85,14.10,13.50,13.80,,137
2014/09/18,160790,2224999,13.85,13.95,13.70,13.85,0.05,80
2014/09/19,215007,2995597,13.95,14.05,13.80,13.90,0.05,88
2014/09/22,93407,1299117,13.90,14.00,13.85,14.00,0.10,46
2014/09/23,120687,1680412,13.90,14.00,13.90,13.90,-0.10,66
2014/09/24,265441,3726026,13.90,14.10,13.90,13.95,0.05,132
2014/09/25,208713,2907667,14.05,14.15,13.75,13.75,-0.20,116
2014/09/26,226155,3084649,13.70,13.70,13.55,13.60,-0.15,97
2014/09/29,77051,1054193,13.60,13.75,13.60,13.65,0.05,43
2014/09/30,139346,1907790,13.55,13.80,13.55,13.75,0.10,99
2014/10/01,186270,2580623,13.75,13.90,13.75,13.90,0.15,66
2014/10/02,75010,1030988,13.90,13.90,13.65,13.90,,46
2014/10/03,102574,1425577,13.90,14.00,13.80,13.95,0.05,72
2014/10/06,106534,1486218,13.95,14.10,13.80,13.95,,72
2014/10/07,73253,1010227,13.95,13.95,13.75,13.75,-0.20,36
2014/10/08,57100,780200,13.70,13.75,13.60,13.60,-0.15,36
2014/10/09,147253,1995261,13.65,13.70,13.25,13.35,-0.25,88
2014/10/13,838301,10555746,13.15,13.20,12.45,12.45,-0.90,265
2014/10/14,359265,4442394,12.45,12.55,12.25,12.25,-0.20,134
2014/10/15,536703,6361423,12.30,12.35,11.40,11.80,-0.45,243
2014/10/16,1022240,11581095,11.00,11.80,11.00,11.65,-0.15,368
2014/10/17,378561,4350721,11.65,11.80,11.30,11.45,-0.20,182
2014/10/20,338216,3927655,11.50,11.70,11.50,11.70,0.25,152
2014/10/21,167397,1963834,11.70,11.90,11.50,11.90,0.20,97
2014/10/22,258141,3128198,12.00,12.20,12.00,12.10,0.20,150
2014/10/23,212404,2552636,12.10,12.10,11.90,12.00,-0.10,97
2014/10/24,414240,4937394,12.00,12.10,11.60,11.70,-0.30,195
2014/10/27,427254,4799417,11.70,11.70,10.90,10.90,-0.80,183
2014/10/28,450953,5110308,11.00,11.60,11.00,11.60,0.70,253
2014/10/29,359416,4323233,11.70,12.20,11.70,12.10,0.50,194
2014/10/30,173157,2114531,12.30,12.30,12.15,12.30,0.20,100
2014/10/31,227130,2795229,12.40,12.40,12.20,12.20,-0.10,113
2014/11/03,383593,4787079,12.40,12.75,12.10,12.75,0.55,267
2014/11/04,281811,3562303,12.75,12.85,12.45,12.45,-0.30,180
2014/11/05,148478,1835728,12.50,12.50,12.30,12.35,-0.10,86
2014/11/06,131485,1604070,12.35,12.35,12.10,12.10,-0.25,80
2014/11/07,108244,1333963,12.15,12.40,12.15,12.35,0.25,78
2014/11/10,180101,2205921,12.30,12.40,12.15,12.20,-0.15,102
2014/11/11,152860,1837133,12.30,12.30,11.80,12.00,-0.20,96
2014/11/12,213211,2531049,12.00,12.00,11.75,11.90,-0.10,110
2014/11/13,165155,1988444,12.10,12.15,11.90,11.90,,67
2014/11/14,1265591,15850404,11.90,12.70,11.75,12.70,0.80,445
2014/11/17,2499389,33586620,13.00,13.55,13.00,13.55,0.85,1038
2014/11/18,3082611,42111899,13.80,13.85,13.35,13.75,0.20,1297
2014/11/19,849001,11584211,13.75,13.80,13.55,13.70,-0.05,412
2014/11/20,1008200,13825537,13.55,13.90,13.55,13.65,-0.05,449
2014/11/21,3920840,56149713,13.75,14.60,13.45,14.60,0.95,1340
2014/11/24,2646220,38661924,15.00,15.00,14.20,14.20,-0.40,1094
2014/11/25,849361,12057537,14.20,14.30,14.05,14.20,,426
2014/11/26,1051025,15213106,14.20,14.60,14.20,14.45,0.25,502
2014/11/27,1066506,15040580,14.30,14.45,13.90,14.00,-0.45,487
2014/11/28,618678,8583504,14.00,14.10,13.80,13.85,-0.15,260
2014/12/01,684120,9464324,13.50,14.05,13.45,14.00,0.15,331
2014/12/02,430557,5979941,14.00,14.00,13.80,14.00,,217
2014/12/03,861513,12277385,14.10,14.40,14.05,14.30,0.30,387
2014/12/04,681364,9649096,14.25,14.35,14.05,14.05,-0.25,286
2014/12/05,601381,8565760,14.15,14.35,14.10,14.20,0.15,274
2014/12/08,453275,6475203,14.30,14.35,14.20,14.25,0.05,193
2014/12/09,340819,4812636,14.20,14.25,14.05,14.15,-0.10,170
2014/12/10,353979,4944560,14.00,14.10,13.90,13.95,-0.20,166
2014/12/11,279433,3887173,13.90,14.10,13.75,13.85,-0.10,126
2014/12/12,219093,3040283,13.85,14.00,13.85,13.85,,115
2014/12/15,391761,5386975,14.00,14.00,13.65,13.65,-0.20,155
2014/12/16,359689,4983991,13.65,14.00,13.65,13.90,0.25,193
2014/12/17,937209,13299854,13.90,14.45,13.90,13.90,,415
2014/12/18,274211,3862904,14.25,14.30,14.00,14.00,0.10,155
2014/12/19,433096,6063069,14.20,14.30,13.80,13.80,-0.20,237
2014/12/22,435075,6108450,13.90,14.20,13.90,14.15,0.35,190
2014/12/23,179412,2533241,14.20,14.25,14.05,14.20,0.05,103
2014/12/24,851249,12198835,14.25,14.50,14.20,14.25,0.05,317
2014/12/25,244300,3472773,14.35,14.35,14.15,14.15,-0.10,119
2014/12/26,302168,4292568,14.25,14.35,14.15,14.15,,136
2014/12/29,943445,13769700,14.55,14.75,14.55,14.60,0.15,344
2014/12/30,650084,9476318,14.60,14.70,14.45,14.60,,206
2014/12/31,348292,5068097,14.60,14.70,14.50,14.50,-0.10,138
2015/01/05,688531,10031900,14.50,14.70,14.45,14.70,0.20,235
2015/01/06,1020205,14925466,14.70,14.80,14.40,14.80,0.10,347
2015/01/07,3589214,54730202,14.80,15.50,14.80,15.10,0.30,957
2015/01/08,1281486,19243341,15.25,15.25,14.85,14.85,-0.25,425
2015/01/09,510060,7569535,14.95,14.95,14.80,14.80,-0.05,196
2015/01/12,308542,4588315,14.80,15.00,14.80,14.80,,138
2015/01/13,299753,4464779,14.90,14.95,14.85,14.90,0.10,121
2015/01/14,594541,8882765,15.00,15.10,14.80,15.05,0.15,197
2015/01/15,672957,10075350,15.05,15.15,14.80,15.15,0.10,221
2015/01/16,1136205,17006690,15.20,15.40,14.60,14.65,-0.50,407
2015/01/19,655951,9551590,14.70,14.80,14.40,14.50,-0.15,208
2015/01/20,439178,6478666,14.50,14.90,14.50,14.80,0.30,185
2015/01/21,1699513,25643795,14.85,15.30,14.85,14.95,0.15,537
2015/01/22,579351,8715615,15.05,15.20,14.90,15.05,0.10,222
2015/01/23,1366655,20797005,15.20,15.30,15.10,15.30,0.25,437
2015/01/26,8424314,134939704,15.40,16.35,15.35,15.95,0.65,2185
2015/01/27,2364808,36447899,15.80,15.95,15.10,15.10,-0.85,1066
2015/01/28,749708,11324739,14.90,15.30,14.90,15.10,,350
2015/01/29,588251,8772613,15.20,15.20,14.80,14.80,-0.30,310
2015/01/30,935084,13638276,14.95,14.95,14.40,14.60,-0.20,384
2015/02/02,296210,4316895,14.65,14.70,14.45,14.45,-0.15,146
2015/02/03,430691,6254100,14.60,14.65,14.45,14.50,0.05,166
2015/02/04,263560,3830390,14.70,14.70,14.45,14.50,,118
2015/02/05,408966,5857962,14.50,14.50,14.25,14.35,-0.15,173
2015/02/06,484030,7014428,14.30,14.60,14.30,14.40,0.05,233
2015/02/09,358867,5232714,14.50,14.65,14.45,14.65,0.25,180
2015/02/10,276818,4050219,14.60,14.80,14.50,14.50,-0.15,177
2015/02/11,1409718,20846273,14.50,14.95,14.50,14.75,0.25,568
2015/02/12,229604,3390027,14.80,14.85,14.65,14.80,0.05,124
2015/02/13,292685,4287015,14.90,14.90,14.55,14.55,-0.25,145
2015/02/24,466730,6902667,14.75,14.95,14.60,14.80,0.25,239
2015/02/25,448969,6676889,14.80,14.95,14.80,14.80,,205
2015/02/26,239624,3534289,14.85,14.85,14.70,14.70,-0.10,117
2015/03/02,155280,2277415,14.80,14.85,14.60,14.60,-0.10,86
2015/03/03,363742,5289846,14.75,14.75,14.45,14.45,-0.15,157
2015/03/04,330788,4817196,14.40,14.70,14.40,14.50,0.05,146
2015/03/05,250913,3658582,14.50,14.70,14.50,14.55,0.05,131
2015/03/06,510967,7538213,14.55,14.85,14.55,14.70,0.15,184
2015/03/09,306707,4486520,14.65,14.70,14.50,14.70,,149
2015/03/10,301509,4435180,14.75,14.85,14.60,14.65,-0.05,140
2015/03/11,333568,4849007,14.65,14.65,14.50,14.50,-0.15,126
2015/03/12,1736166,25743175,14.55,14.95,14.55,14.65,0.15,504
2015/03/13,477731,7067893,14.75,14.90,14.70,14.70,0.05,203
2015/03/16,255921,3759448,14.80,14.80,14.60,14.60,-0.10,120
2015/03/17,2831968,42525365,14.80,15.20,14.65,15.10,0.50,1033
2015/03/18,1096009,16372680,15.20,15.25,14.80,14.85,-0.25,493
2015/03/19,852295,12508404,14.95,14.95,14.55,14.70,-0.15,418
2015/03/20,940224,13837306,14.70,14.90,14.65,14.65,-0.05,304
2015/03/23,396672,5835810,14.70,14.80,14.65,14.70,0.05,165
2015/03/24,352339,5192083,14.70,14.85,14.65,14.70,,176
2015/03/25,456500,6670072,14.85,14.85,14.50,14.55,-0.15,213
2015/03/26,577782,8336880,14.50,14.60,14.35,14.35,-0.20,256
2015/03/27,610887,8730294,14.40,14.50,14.15,14.25,-0.10,215
2015/03/30,326170,4616488,14.35,14.35,14.05,14.10,-0.15,166
2015/03/31,333679,4704989,14.20,14.25,14.05,14.10,,104
2015/04/01,1371307,18894263,14.10,14.10,13.50,14.10,,418
2015/04/02,535641,7523401,14.25,14.25,13.90,14.20,0.10,201
2015/04/07,356475,5047816,14.20,14.20,14.05,14.20,,141
2015/04/08,883051,12623042,14.25,14.60,14.00,14.55,0.35,221
2015/04/09,544154,7879874,14.60,14.70,14.40,14.40,-0.15,187
2015/04/10,1204818,17525140,14.45,14.75,14.30,14.70,0.30,299
2015/04/13,1638340,24115829,14.85,14.95,14.40,14.45,-0.25,466
2015/04/14,2051669,30043998,14.45,14.80,14.40,14.75,0.30,503
2015/04/15,1000111,14775390,14.65,14.90,14.60,14.80,0.05,330
2015/04/16,9641250,148824921,14.95,15.80,14.90,14.90,0.10,2437
2015/04/17,1505052,22326220,14.90,15.00,14.70,14.95,0.05,630
2015/04/20,604448,8939851,14.80,14.95,14.70,14.75,-0.20,249
2015/04/21,2277956,34141497,14.85,15.25,14.60,14.85,0.10,733
2015/04/22,1748933,26265237,14.95,15.25,14.70,15.15,0.30,477
2015/04/23,3839353,58788277,15.30,15.65,14.95,15.15,,1067
2015/04/24,3811649,58730027,15.25,15.70,15.10,15.35,0.20,1101
2015/04/27,5948134,93452377,15.30,16.10,15.30,15.65,0.30,1582
2015/04/28,1405065,21688234,15.65,15.75,15.20,15.35,-0.30,534
2015/04/29,1212226,18469660,15.45,15.55,14.95,15.15,-0.20,479
2015/04/30,2418477,37467495,15.30,15.65,15.15,15.45,0.30,696
2015/05/04,3527743,55425475,15.55,16.00,15.50,15.50,0.05,904
2015/05/05,3322780,52182784,15.60,15.90,15.40,15.80,0.30,874
2015/05/06,6851549,109721339,15.80,16.30,15.65,15.65,-0.15,1950
2015/05/07,1101604,17059039,15.50,15.65,15.40,15.40,-0.25,475
2015/05/08,999573,15386608,15.40,15.60,15.20,15.35,-0.05,368
2015/05/11,1258187,18824835,15.45,15.55,14.30,14.90,-0.45,519
2015/05/12,1129363,16831030,14.80,15.20,14.60,15.20,0.30,382
2015/05/13,893316,13584919,15.20,15.30,15.05,15.20,,289
2015/05/14,2897337,44700836,15.30,15.75,15.15,15.15,-0.05,774
2015/05/15,3179665,45846292,15.15,15.15,14.10,14.10,-1.05,964
2015/05/18,1137474,15773360,14.00,14.00,13.65,13.95,-0.15,371
2015/05/19,1106782,15656224,14.10,14.30,14.00,14.20,0.25,378
2015/05/20,563884,7982407,14.20,14.30,14.10,14.15,-0.05,200
2015/05/21,710135,10046553,14.10,14.30,14.00,14.10,-0.05,267
2015/05/22,610075,8679160,14.15,14.30,14.10,14.20,0.10,233
2015/05/25,575000,8201750,14.20,14.35,14.20,14.30,0.10,198
2015/05/26,430998,6182319,14.35,14.45,14.25,14.30,,163
2015/05/27,1274784,18510795,14.30,14.70,14.20,14.60,0.30,369
2015/05/28,3400136,50753854,14.75,15.15,14.75,14.80,0.20,899
2015/05/29,8327465,127925279,14.75,15.60,14.75,15.50,0.70,2165
2015/06/01,4429750,68208423,15.50,15.90,14.80,15.10,-0.40,1376
2015/06/02,1026734,15437434,15.10,15.20,14.85,15.00,-0.10,392
2015/06/03,804886,11943322,15.00,15.10,14.75,14.75,-0.25,341
2015/06/04,1209677,17345143,14.75,14.90,14.00,14.20,-0.55,520
2015/06/05,850040,12105772,14.15,14.45,14.00,14.35,0.15,352
2015/06/08,2054000,27985850,14.30,14.40,12.95,13.95,-0.40,665
2015/06/09,1746030,23060941,13.75,13.80,12.80,13.00,-0.95,479
2015/06/10,869020,11586765,13.05,13.60,13.05,13.30,0.30,310
2015/06/11,954092,12807272,13.40,13.60,13.25,13.40,0.10,337
2015/06/12,527225,7078314,13.25,13.55,13.25,13.40,,211
2015/06/15,331222,4441701,13.30,13.50,13.30,13.40,,147
2015/06/16,583464,7731701,13.40,13.50,13.10,13.15,-0.25,199
2015/06/17,877500,11702500,13.20,13.45,13.15,13.15,,355
2015/06/18,1265260,16994484,13.20,13.65,13.20,13.50,0.35,402
2015/06/22,1661534,22787838,13.65,13.90,13.50,13.65,0.15,551
2015/06/23,786436,10734235,13.65,13.80,13.55,13.55,-0.10,255
2015/06/24,616100,8265474,13.55,13.65,13.30,13.30,-0.25,232
2015/06/25,1775488,24301787,13.40,14.00,13.40,13.55,0.25,636
2015/06/26,957049,13090965,13.45,13.85,13.45,13.60,0.05,352
2015/06/29,493390,6567428,13.60,13.60,13.20,13.20,-0.40,255
2015/06/30,640100,8561590,13.25,13.50,13.25,13.45,0.25,238
2015/07/01,867811,11787607,13.25,13.75,13.25,13.55,0.10,335
2015/07/02,1990500,27542249,13.65,14.10,13.60,13.65,0.10,645
2015/07/03,613657,8375817,13.65,13.75,13.50,13.75,0.10,244
2015/07/06,682000,9173350,13.50,13.65,13.30,13.35,-0.40,269
2015/07/07,927500,12494999,13.40,13.60,13.35,13.45,0.10,330
2015/07/08,2859006,35380473,13.40,13.40,12.15,12.20,-1.25,790
2015/07/09,1028830,11870226,11.60,11.85,11.20,11.65,-0.55,456
2015/07/13,771102,8817112,11.60,11.60,11.30,11.45,X,345
2015/07/14,442020,5078075,11.40,11.60,11.40,11.40,-0.05,207
2015/07/15,348165,3959764,11.45,11.55,11.20,11.35,-0.05,165
2015/07/16,409542,4676278,11.40,11.55,11.25,11.45,0.10,199
2015/07/17,983900,11486550,11.50,11.85,11.45,11.50,0.05,402
2015/07/20,522219,5925424,11.60,11.60,11.20,11.20,-0.30,243
2015/07/21,380774,4245089,11.25,11.30,11.00,11.15,-0.05,187
2015/07/22,455000,5026650,11.00,11.20,10.95,11.00,-0.15,229
2015/07/23,2257311,23005157,11.10,11.10,9.90,9.90,-1.10,789
2015/07/24,943095,9257510,9.90,10.00,9.60,9.72,-0.18,365
2015/07/27,1273747,12231636,9.65,9.80,9.33,9.80,0.08,474
2015/07/28,1088260,10595064,9.72,10.00,9.52,10.00,0.20,388
2015/07/29,466190,4601679,9.99,9.99,9.82,9.82,-0.18,162
2015/07/30,628000,6329720,9.87,10.25,9.87,10.00,0.18,231
2015/07/31,299598,2946529,10.05,10.05,9.71,9.82,-0.18,173
2015/08/03,522000,5169080,10.00,10.05,9.82,9.85,0.03,231
2015/08/04,1081199,10377779,9.86,9.90,9.30,9.56,-0.29,349
2015/08/05,457000,4405340,9.56,9.86,9.47,9.64,0.08,201
2015/08/06,256592,2467448,9.80,9.80,9.53,9.61,-0.03,147
2015/08/07,336938,3275901,9.58,9.80,9.52,9.70,0.09,175
2015/08/10,267540,2582494,9.51,9.79,9.45,9.65,-0.05,159
2015/08/11,247121,2386969,9.80,9.81,9.52,9.52,-0.13,124
2015/08/12,194118,1844265,9.54,9.63,9.45,9.48,-0.04,120
2015/08/13,304343,2895742,9.51,9.65,9.41,9.61,0.13,125
2015/08/14,157002,1496419,9.61,9.63,9.50,9.52,-0.09,74
2015/08/17,290013,2723239,9.49,9.56,9.30,9.30,-0.22,140
2015/08/18,288446,2660314,9.31,9.43,9.10,9.10,-0.20,145
2015/08/19,1796200,15543948,9.02,9.03,8.19,9.00,-0.10,611
2015/08/20,321021,2816463,8.84,8.85,8.65,8.75,-0.25,190
2015/08/21,580070,4802658,8.60,8.60,8.15,8.20,-0.55,218
2015/08/24,1693349,12853183,7.99,8.40,7.38,8.00,-0.20,491
2015/08/25,665464,5173210,7.25,8.20,7.25,8.20,0.20,274
2015/08/26,830783,6815021,7.76,8.70,7.65,8.70,0.50,364
2015/08/27,646492,5789378,8.61,9.10,8.61,9.05,0.35,236
2015/08/28,448491,4127861,9.28,9.30,8.90,9.30,0.25,158
2015/08/31,143378,1315418,9.30,9.30,9.07,9.20,-0.10,75
2015/09/01,285113,2623218,9.15,9.35,9.03,9.30,0.10,108
2015/09/02,838491,7911855,9.03,9.53,9.03,9.41,0.11,185
2015/09/03,246321,2342422,9.50,9.58,9.33,9.45,0.04,160
2015/09/04,167650,1575785,9.50,9.50,9.31,9.31,-0.14,95
2015/09/07,67471,621103,9.20,9.35,9.11,9.17,-0.14,45
2015/09/08,168565,1576781,9.25,9.46,9.24,9.35,0.18,82
2015/09/09,918235,8919646,9.35,10.05,9.34,10.00,0.65,313
2015/09/10,533195,5326909,9.89,10.25,9.81,10.20,0.20,217
2015/09/11,176549,1769690,10.05,10.20,9.95,9.95,-0.25,125
2015/09/14,196318,1939524,10.10,10.10,9.82,9.82,-0.13,98
2015/09/15,258316,2587850,9.92,10.20,9.82,10.20,0.38,137
2015/09/16,136080,1368550,10.20,10.20,10.00,10.05,-0.15,72
2015/09/17,425414,4306709,10.10,10.20,10.05,10.10,0.05,185
2015/09/18,181278,1832130,10.20,10.20,10.05,10.05,-0.05,104
2015/09/21,307231,3032986,9.95,10.00,9.79,10.00,-0.05,152
2015/09/22,231040,2308646,10.00,10.05,9.85,10.00,,87
2015/09/23,195312,1909943,9.82,9.95,9.69,9.69,-0.31,122
2015/09/24,150696,1449811,9.73,9.80,9.56,9.56,-0.13,75
2015/09/25,276001,2711509,9.61,10.00,9.40,10.00,0.44,122
2015/09/30,125155,1234964,9.98,9.98,9.79,9.81,-0.19,70
2015/10/01,210020,2070826,9.86,9.93,9.83,9.83,0.02,94
2015/10/02,207071,2027425,9.90,9.90,9.71,9.72,-0.11,107
2015/10/05,132816,1302182,9.83,9.84,9.76,9.76,0.04,73
2015/10/06,613197,6110110,9.90,10.10,9.81,10.10,0.34,255
2015/10/07,621197,6376279,10.10,10.55,10.10,10.10,,274
2015/10/08,369050,3732005,10.20,10.35,9.93,9.94,-0.16,154
2015/10/12,253280,2508724,9.94,10.05,9.81,9.89,-0.05,103
2015/10/13,102570,1021032,9.98,9.98,9.90,9.92,0.03,55
2015/10/14,900155,9161525,10.00,10.30,9.95,10.20,0.28,370
2015/10/15,481022,4947123,10.35,10.40,10.20,10.25,0.05,186
2015/10/16,218150,2250430,10.35,10.45,10.20,10.25,,107
2015/10/19,300311,3121349,10.45,10.50,10.30,10.45,0.20,147
2015/10/20,632858,6754644,10.55,10.75,10.50,10.65,0.20,268
2015/10/21,406010,4320755,10.65,10.80,10.50,10.60,-0.05,160
2015/10/22,252448,2642414,10.60,10.70,10.35,10.35,-0.25,120
2015/10/23,184634,1917797,10.45,10.65,10.30,10.30,-0.05,107
2015/10/26,313385,3302742,10.35,10.65,10.30,10.55,0.25,172
2015/10/27,197283,2089962,10.55,10.70,10.45,10.55,,107
2015/10/28,297020,3142461,10.55,10.75,10.40,10.60,0.05,140
2015/10/29,359000,3824350,10.60,10.85,10.45,10.50,-0.10,191
2015/10/30,177865,1838907,10.55,10.55,10.25,10.35,-0.15,86
2015/11/02,103210,1071263,10.35,10.45,10.25,10.35,,58
2015/11/03,118919,1242157,10.45,10.50,10.40,10.45,0.10,81
2015/11/04,185926,1935186,10.50,10.50,10.35,10.40,-0.05,113
2015/11/05,252344,2648111,10.45,10.60,10.40,10.55,0.15,104
2015/11/06,131009,1359793,10.60,10.60,10.30,10.30,-0.25,81
2015/11/09,235033,2365596,10.30,10.40,9.99,9.99,-0.31,122
2015/11/10,119724,1188799,9.99,10.00,9.90,9.92,-0.07,70
2015/11/11,521441,5048451,9.92,9.99,9.25,9.96,0.04,248
2015/11/12,180155,1753478,9.70,9.86,9.66,9.67,-0.29,109
2015/11/13,185634,1765842,9.57,9.69,9.43,9.45,-0.22,75
2015/11/16,170227,1606518,9.20,9.60,9.20,9.40,-0.05,98
2015/11/17,211010,2068608,9.59,9.87,9.51,9.86,0.46,109
2015/11/18,81508,791541,9.75,9.86,9.60,9.60,-0.26,50
2015/11/19,98000,947220,9.64,9.74,9.59,9.66,0.06,64
2015/11/20,105466,1024936,9.70,9.76,9.67,9.70,0.04,58
2015/11/23,81463,792977,9.72,9.76,9.67,9.70,,43
2015/11/24,93126,888013,9.70,9.70,9.45,9.46,-0.24,63
2015/11/25,148130,1391199,9.46,9.46,9.32,9.32,-0.14,52
2015/11/26,177710,1682944,9.35,9.57,9.35,9.41,0.09,76
2015/11/27,160097,1519901,9.38,9.64,9.34,9.62,0.21,79
2015/11/30,106000,1003880,9.60,9.60,9.39,9.52,-0.10,69
2015/12/01,364000,3575230,9.60,10.05,9.52,10.00,0.48,164
2015/12/02,115202,1141511,10.00,10.10,9.86,9.89,-0.11,66
2015/12/03,222527,2189865,9.81,9.98,9.76,9.76,-0.13,103
2015/12/04,93255,912799,9.75,9.90,9.70,9.90,0.14,62
2015/12/07,99597,981299,9.90,9.98,9.80,9.81,-0.09,63
2015/12/08,112155,1093883,9.81,9.87,9.69,9.70,-0.11,48
2015/12/09,220600,2098315,9.70,9.70,9.40,9.41,-0.29,101
2015/12/10,117030,1092239,9.41,9.41,9.21,9.35,-0.06,55
2015/12/11,147438,1352175,9.30,9.30,8.96,8.96,-0.39,79
2015/12/14,395000,3685980,9.00,9.70,8.90,9.49,0.53,165
2015/12/15,268176,2518664,9.40,9.60,9.27,9.50,0.01,114
2015/12/16,510603,5000012,9.52,10.00,9.50,9.59,0.09,252
2015/12/17,143353,1383328,9.70,9.74,9.60,9.63,0.04,81
2015/12/18,84050,812005,9.84,9.84,9.58,9.58,-0.05,60
2015/12/21,314222,3072029,9.51,9.89,9.50,9.87,0.29,162
2015/12/22,312236,3037004,9.85,9.85,9.60,9.64,-0.23,140
2015/12/23,724060,7210258,9.71,10.15,9.71,9.81,0.17,335
2015/12/24,182667,1788010,9.85,9.90,9.72,9.81,,86
2015/12/25,123879,1216152,9.81,9.88,9.75,9.88,0.07,60
2015/12/28,115008,1126628,9.85,9.90,9.76,9.76,-0.12,41
2015/12/29,886739,8862824,9.72,10.15,9.68,9.94,0.18,305
2015/12/30,205716,2024005,9.97,9.97,9.76,9.78,-0.16,104
2015/12/31,186938,1821386,9.86,9.86,9.71,9.72,-0.06,96
2016/01/04,143008,1375366,9.85,9.85,9.50,9.52,-0.20,74
2016/01/05,159468,1504558,9.42,9.52,9.40,9.42,-0.10,83
2016/01/06,326165,3042178,9.42,9.52,9.15,9.50,0.08,132
2016/01/07,452309,4165838,9.30,9.48,8.70,9.48,-0.02,199
2016/01/08,173155,1612281,9.25,9.40,9.18,9.30,-0.18,89
2016/01/11,133010,1201930,9.10,9.14,9.00,9.00,-0.30,72
2016/01/12,303049,2752331,9.00,9.23,9.00,9.02,0.02,133
2016/01/13,151153,1366947,9.02,9.10,8.96,9.02,,84
2016/01/14,165980,1466441,8.80,8.91,8.80,8.84,-0.18,81
2016/01/15,105000,927120,8.92,8.95,8.79,8.80,-0.04,50
2016/01/18,295200,2669110,8.65,9.39,8.65,9.12,0.32,153
2016/01/19,67377,610343,9.05,9.10,8.94,9.06,-0.06,50
2016/01/20,265000,2410240,9.06,9.16,9.00,9.00,-0.06,102
2016/01/21,206499,1873213,9.00,9.20,8.99,9.20,0.20,106
2016/01/22,90936,831499,9.20,9.20,9.08,9.09,-0.11,65
2016/01/25,210902,1937473,9.06,9.40,9.05,9.37,0.28,133
2016/01/26,111175,1020391,9.20,9.30,9.12,9.15,-0.22,75
2016/01/27,62963,577503,9.20,9.24,9.08,9.08,-0.07,46
2016/01/28,153311,1395821,9.08,9.20,9.06,9.09,0.01,79
2016/01/29,247959,2260313,9.06,9.25,9.02,9.17,0.08,125
2016/02/01,258508,2349782,9.11,9.17,9.06,9.06,-0.05,113
2016/02/02,213110,1927380,9.06,9.13,9.01,9.01,-0.05,93
2016/02/03,106010,953169,9.01,9.08,8.95,8.95,-0.06,60
2016/02/15,48003,432204,8.95,9.08,8.95,8.97,0.02,31
2016/02/16,175000,1583390,8.98,9.10,8.98,9.04,0.07,84
2016/02/17,211000,1901890,9.15,9.15,8.92,8.92,-0.12,104
2016/02/18,337816,3040954,9.05,9.07,8.95,9.00,0.08,133
2016/02/19,443124,4082762,9.03,9.34,9.03,9.27,0.27,215
2016/02/22,228154,2072766,9.20,9.20,9.04,9.08,-0.19,99
2016/02/23,120101,1096474,9.15,9.18,9.08,9.18,0.10,73
2016/02/24,146155,1328945,9.13,9.27,9.00,9.06,-0.12,77
2016/02/25,155060,1408680,9.11,9.15,9.05,9.08,0.02,70
2016/02/26,295321,2697350,9.08,9.20,9.08,9.20,0.12,102
2016/03/01,164882,1525697,9.28,9.28,9.22,9.22,0.02,81
2016/03/02,236000,2172170,9.30,9.30,9.13,9.18,-0.04,99
2016/03/03,228929,2105505,9.22,9.22,9.16,9.19,0.01,93
2016/03/04,257652,2382118,9.19,9.28,9.19,9.25,0.06,112
2016/03/07,325233,3018582,9.29,9.39,9.22,9.23,-0.02,148
2016/03/08,410656,3791497,9.23,9.34,9.19,9.27,0.04,165
2016/03/09,376349,3491168,9.27,9.32,9.23,9.30,0.03,122
2016/03/10,558109,5212596,9.30,9.40,9.30,9.35,0.05,253
2016/03/11,1493585,14140207,9.35,9.59,9.31,9.52,0.17,388
2016/03/14,562317,5371843,9.60,9.64,9.50,9.56,0.04,215
2016/03/15,616100,5810015,9.64,9.66,9.20,9.20,-0.36,229
2016/03/16,200169,1850957,9.20,9.34,9.20,9.29,0.09,80
2016/03/17,223465,2065482,9.30,9.32,9.16,9.20,-0.09,102
2016/03/18,137403,1261595,9.13,9.24,9.13,9.20,,65
2016/03/21,161033,1477560,9.26,9.26,9.15,9.17,-0.03,81
2016/03/22,193538,1764954,9.16,9.18,9.07,9.12,-0.05,89
2016/03/23,199786,1815827,9.08,9.14,9.05,9.07,-0.05,90
2016/03/24,132350,1200172,9.08,9.08,9.05,9.06,-0.01,40
2016/03/25,147325,1334765,9.11,9.12,9.02,9.02,-0.04,65
2016/03/28,258795,2337872,9.02,9.10,9.00,9.00,-0.02,97
2016/03/29,435028,3820732,8.92,9.00,8.65,8.66,-0.34,217
2016/03/30,243467,2144867,8.70,8.86,8.70,8.83,0.17,93
2016/03/31,171806,1510701,8.90,8.90,8.75,8.75,-0.08,68
2016/04/01,83002,726897,8.75,8.80,8.70,8.71,-0.04,40
2016/04/06,156334,1342075,8.71,8.71,8.52,8.64,-0.07,71
2016/04/07,153140,1302299,8.56,8.56,8.45,8.49,-0.15,64
2016/04/08,413209,3580116,8.49,9.00,8.46,9.00,0.51,160
2016/04/11,132884,1175668,8.92,8.94,8.75,8.75,-0.25,79
2016/04/12,96571,841666,8.75,8.83,8.66,8.67,-0.08,48
2016/04/13,256180,2211346,8.66,8.71,8.61,8.65,-0.02,98
2016/04/14,63125,546190,8.69,8.70,8.63,8.65,,36
2016/04/15,144382,1242669,8.63,8.68,8.56,8.57,-0.08,57
2016/04/18,127175,1085857,8.60,8.66,8.50,8.50,-0.07,61
2016/04/19,80000,682100,8.52,8.55,8.50,8.52,0.02,37
2016/04/20,212287,1796648,8.55,8.55,8.40,8.43,-0.09,62
2016/04/21,104002,875286,8.43,8.45,8.37,8.45,0.02,38
2016/04/22,139402,1164624,8.45,8.45,8.30,8.32,-0.13,48
2016/04/25,161010,1330611,8.32,8.35,8.21,8.21,-0.11,59
2016/04/26,183020,1494442,8.16,8.28,8.12,8.16,-0.05,81
2016/04/27,82320,675291,8.15,8.27,8.13,8.20,0.04,46
2016/04/28,77010,627101,8.17,8.21,8.05,8.15,-0.05,42
2016/04/29,72111,586469,8.06,8.16,8.06,8.15,,37
2016/05/03,106187,862596,8.10,8.18,8.05,8.05,-0.10,52
2016/05/04,180243,1440628,8.05,8.05,7.92,8.00,-0.05,64
2016/05/05,115002,915775,8.00,8.00,7.92,7.92,-0.08,47
2016/05/06,65593,520113,7.94,8.06,7.88,7.95,0.03,49
2016/05/09,38518,304617,7.88,7.97,7.88,7.90,-0.05,29
2016/05/10,191100,1489991,7.85,7.92,7.70,7.80,-0.10,83
2016/05/11,121191,928683,7.85,7.85,7.54,7.54,-0.26,70
2016/05/12,312941,2308824,7.58,7.62,7.22,7.22,-0.32,124
2016/05/13,670010,4781232,7.30,7.40,6.95,7.22,,238
2016/05/16,170235,1229382,7.22,7.41,7.02,7.25,0.03,118
2016/05/17,498030,3792791,7.30,7.97,7.23,7.75,0.50,215
2016/05/18,253290,1966624,7.70,7.92,7.57,7.63,-0.12,108
2016/05/19,175511,1349977,7.70,7.96,7.45,7.69,0.06,107
2016/05/20,209308,1604674,7.57,7.78,7.57,7.73,0.04,81
2016/05/23,252060,1999090,7.79,8.08,7.70,8.04,0.31,125
2016/05/24,215442,1702661,7.81,8.00,7.81,7.97,-0.07,111
2016/05/25,128859,1030089,7.96,8.07,7.91,7.91,-0.06,65
2016/05/26,154546,1219497,7.86,8.06,7.82,7.82,-0.09,75
2016/05/27,178724,1425742,7.92,8.05,7.85,8.05,0.23,80
2016/05/30,184300,1460160,7.81,8.14,7.81,7.88,-0.17,81
2016/05/31,214521,1705614,7.99,8.03,7.88,7.90,0.02,82
2016/06/01,210480,1659686,7.90,7.99,7.85,7.89,-0.01,75
2016/06/02,277060,2192304,7.90,7.97,7.83,7.97,0.08,106
2016/06/03,263300,2095434,7.87,8.00,7.86,8.00,0.03,87
2016/06/06,94000,744290,7.96,8.05,7.85,7.87,-0.15,58
2016/06/07,237792,1885636,7.80,8.00,7.80,8.00,0.13,113
2016/06/08,109869,873025,8.09,8.09,7.89,7.89,-0.11,54
2016/06/13,96050,749964,7.81,7.89,7.78,7.78,-0.11,53
2016/06/14,207228,1632814,7.81,8.03,7.70,8.03,0.25,98
2016/06/15,74400,593709,8.00,8.03,7.96,7.96,-0.07,35
2016/06/16,77636,612140,8.00,8.00,7.83,7.85,-0.11,39
2016/06/17,83498,657608,7.96,7.96,7.83,7.93,0.08,52
2016/06/20,1376855,11479736,7.93,8.72,7.93,8.72,0.79,497
2016/06/21,1299424,11215702,8.66,8.68,8.57,8.57,-0.15,480
2016/06/22,660878,5734799,8.56,8.74,8.55,8.64,0.07,265
2016/06/23,551658,4832298,8.92,8.92,8.65,8.67,0.03,227
2016/06/24,560040,4717327,8.67,8.67,8.20,8.24,-0.43,228
2016/06/27,931522,7989214,8.16,8.70,8.16,8.63,0.39,247
2016/06/28,268500,2320058,8.60,8.81,8.51,8.81,0.18,122
2016/06/29,600316,5275963,8.85,8.90,8.70,8.78,-0.03,225
2016/06/30,635020,5608854,8.89,8.91,8.80,8.80,0.02,183
2016/07/01,981230,8707697,8.90,8.97,8.80,8.85,0.05,339
2016/07/04,294344,2586591,8.85,8.85,8.75,8.75,-0.10,133
2016/07/05,232804,2034323,8.80,8.80,8.69,8.78,0.03,91
2016/07/06,314155,2719593,8.73,8.73,8.60,8.69,-0.09,122
2016/07/07,510270,4485326,8.75,8.84,8.71,8.84,0.15,149
2016/07/11,852628,7642948,8.90,9.09,8.78,9.00,0.16,313
2016/07/12,2471155,23368365,9.25,9.65,9.20,9.45,0.45,967
2016/07/13,2229173,21515478,9.36,9.84,9.22,9.64,0.19,867
2016/07/14,968969,9368134,9.63,9.75,9.59,9.60,-0.04,395
2016/07/15,888130,8631960,9.70,9.78,9.66,9.75,0.15,380
2016/07/18,1000456,9825278,9.78,9.88,9.75,9.84,0.09,431
2016/07/19,2802619,28472330,9.98,10.45,9.89,10.05,0.21,1017
2016/07/20,1588110,16022590,10.00,10.30,9.99,10.10,0.05,559
2016/07/21,4620135,49704060,10.20,11.05,10.20,10.90,0.80,1428
2016/07/22,6002128,68222233,10.80,11.70,10.75,11.35,0.45,2121
2016/07/25,2813049,30789832,11.40,11.40,10.65,10.95,-0.40,1027
2016/07/26,2154274,23761631,10.95,11.30,10.75,11.15,0.20,740
2016/07/27,2417755,26584502,11.30,11.30,10.65,10.65,-0.50,770
2016/07/28,1416357,14928998,10.70,10.80,10.30,10.40,-0.25,523
2016/07/29,832406,8512200,10.45,10.45,10.15,10.20,-0.20,372
2016/08/01,596322,6166079,10.40,10.45,10.20,10.40,0.20,243
2016/08/02,438543,4538942,10.45,10.45,10.30,10.35,-0.05,173
2016/08/03,800157,8350481,10.30,10.60,10.30,10.45,0.10,309
2016/08/04,4416596,48454587,10.50,11.25,10.50,11.00,0.55,1484
2016/08/05,1363308,14736443,10.95,10.95,10.70,10.70,X,553
2016/08/08,1518432,16569792,10.85,11.10,10.75,10.80,0.10,532
2016/08/09,1612300,17230415,10.75,11.00,10.35,10.45,-0.35,565
2016/08/10,2097084,21066149,10.50,10.55,9.88,9.92,-0.53,861
2016/08/11,711077,7070047,9.87,10.10,9.86,9.94,0.02,331
2016/08/12,839808,8209613,9.96,9.99,9.62,9.64,-0.30,376
2016/08/15,2452773,24920407,10.10,10.35,9.95,10.05,0.41,770
2016/08/16,740866,7407420,10.05,10.10,9.93,9.94,-0.11,277
2016/08/17,544964,5405062,9.94,10.00,9.81,9.95,0.01,232
2016/08/18,2030232,20532772,9.98,10.30,9.98,10.15,0.20,603
2016/08/19,772723,7747978,10.10,10.25,9.96,9.97,-0.18,316
2016/08/22,1735934,17604370,10.05,10.30,9.99,10.05,0.08,557
2016/08/23,1256717,12693971,10.15,10.30,9.99,10.20,0.15,411
2016/08/24,1170361,11939982,10.25,10.30,10.10,10.30,0.10,375
2016/08/25,1450824,14862820,10.35,10.40,10.10,10.15,-0.15,453
2016/08/26,684500,6968349,10.20,10.25,10.10,10.20,0.05,253
2016/08/29,9402647,103062367,10.25,11.20,10.25,11.20,1.00,2488
2016/08/30,10027407,115376356,11.55,11.75,11.25,11.25,0.05,3089
2016/08/31,4946850,56270981,11.35,11.65,11.05,11.15,-0.10,1587
2016/09/01,2470231,27536241,11.35,11.35,10.95,11.05,-0.10,795
2016/09/02,2293397,24412197,11.05,11.05,10.45,10.45,-0.60,777
2016/09/05,991999,10425537,10.50,10.70,10.30,10.50,0.05,398
2016/09/06,1107468,11570520,10.50,10.60,10.35,10.40,-0.10,386
2016/09/07,1387065,14651987,10.50,10.65,10.40,10.65,0.25,491
2016/09/08,1624351,17484485,10.75,10.85,10.65,10.70,0.05,583
2016/09/09,680927,7247325,10.70,10.75,10.55,10.65,-0.05,276
2016/09/12,784831,8201709,10.50,10.70,10.35,10.35,-0.05,343
2016/09/13,2498831,26748757,10.60,10.85,10.50,10.60,0.25,822
2016/09/14,889031,9276572,10.60,10.65,10.35,10.45,-0.15,338
2016/09/19,684246,7199917,10.65,10.65,10.45,10.50,0.05,264
2016/09/20,696357,7393911,10.50,10.75,10.50,10.50,,253
2016/09/21,468978,4959519,10.60,10.70,10.50,10.60,0.10,206
2016/09/22,780733,8171035,10.65,10.65,10.40,10.40,-0.20,280
2016/09/23,769398,8132176,10.45,10.70,10.45,10.55,0.15,299
2016/09/26,378040,3951066,10.55,10.55,10.40,10.40,-0.15,132
2016/09/29,659186,6829396,10.50,10.50,10.25,10.30,-0.10,206
2016/09/30,585070,6003014,10.40,10.40,10.20,10.25,-0.05,202
2016/10/03,832030,8620115,10.30,10.50,10.25,10.50,0.25,235
2016/10/04,1094087,11557315,10.65,10.65,10.45,10.60,0.10,297
2016/10/05,543121,5724156,10.70,10.70,10.40,10.50,-0.10,167
2016/10/06,515830,5384497,10.50,10.50,10.35,10.50,,176
2016/10/07,707611,7360581,10.50,10.60,10.35,10.35,-0.15,203
2016/10/11,1084655,10908314,10.45,10.45,9.92,10.00,-0.35,409
2016/10/12,349413,3486977,9.93,10.05,9.91,10.00,,149
2016/10/13,432807,4300468,10.10,10.10,9.80,9.80,-0.20,169
2016/10/14,730400,7052960,9.82,9.86,9.54,9.54,-0.26,302
2016/10/17,327447,3133063,9.65,9.65,9.47,9.61,0.07,142
2016/10/18,357745,3441683,9.63,9.74,9.53,9.74,0.13,143
2016/10/19,742100,7234930,9.77,9.86,9.67,9.86,0.12,243
2016/10/20,700351,6969362,9.94,10.15,9.85,9.89,0.03,252
2016/10/21,208999,2063968,9.88,9.98,9.81,9.90,0.01,100
2016/10/24,553700,5521193,9.95,10.05,9.88,9.95,0.05,162
2016/10/25,785499,7846360,9.91,10.10,9.88,10.05,0.10,192
2016/10/26,612413,6116078,10.05,10.10,9.92,10.00,-0.05,175
2016/10/27,235076,2340249,10.05,10.05,9.92,9.98,-0.02,95
2016/10/28,314080,3097798,9.98,9.98,9.83,9.85,-0.13,87
2016/10/31,202010,1975088,9.80,9.81,9.73,9.80,-0.05,82
2016/11/01,872036,8658715,9.79,10.05,9.67,9.94,0.14,239
2016/11/02,752000,7403840,9.94,9.94,9.78,9.85,-0.09,204
2016/11/03,2734680,27761440,9.98,10.30,9.97,10.20,0.35,979
2016/11/04,2710963,27993873,10.40,10.45,10.20,10.20,,805
2016/11/07,1076006,10925159,10.20,10.25,10.05,10.15,-0.05,324
2016/11/08,980320,9758188,10.25,10.25,9.85,9.95,-0.20,358
2016/11/09,1174583,11503166,10.00,10.05,9.52,9.55,-0.40,382
2016/11/10,620342,6087835,9.70,9.85,9.70,9.79,0.24,212
2016/11/11,1689500,16955639,10.05,10.15,9.96,10.00,0.21,550
2016/11/14,630060,6298788,10.05,10.10,9.94,9.98,-0.02,185
2016/11/15,1945816,20120790,10.10,10.50,10.10,10.40,0.42,675
2016/11/16,3596223,38604208,10.55,11.10,10.40,10.85,0.45,1075
2016/11/17,1876483,20429791,10.95,11.05,10.80,10.80,-0.05,586
2016/11/18,1085214,11658745,10.80,10.85,10.65,10.75,-0.05,325
2016/11/21,1662789,18204557,10.80,11.15,10.75,11.15,0.40,514
2016/11/22,1874543,20887876,11.25,11.30,10.95,11.20,0.05,581
2016/11/23,1980335,22394067,11.20,11.55,11.10,11.20,,666
2016/11/24,1398330,15440896,11.20,11.30,10.85,10.95,-0.25,416
2016/11/25,1318345,14554445,10.90,11.20,10.85,11.05,0.10,310
2016/11/28,651515,7198537,11.20,11.20,10.95,10.95,-0.10,205
2016/11/29,787964,8685404,10.85,11.20,10.85,11.00,0.05,287
2016/11/30,1267080,14144091,11.00,11.30,11.00,11.05,0.05,365
2016/12/01,816216,9104046,11.20,11.20,11.10,11.20,0.15,230
2016/12/02,1334431,15005370,11.15,11.35,11.10,11.35,0.15,386
2016/12/05,7403027,90657678,11.60,12.45,11.55,12.45,1.10,2002
2016/12/06,5838022,72278168,12.60,12.60,12.10,12.35,-0.10,2158
2016/12/07,8385015,108762739,12.45,13.30,12.40,13.10,0.75,3110
2016/12/08,5444713,72688307,13.45,13.65,13.10,13.35,0.25,1710
2016/12/09,1984193,26067275,13.35,13.35,13.00,13.25,-0.10,786
2016/12/12,3227667,41791137,13.30,13.40,12.55,12.55,-0.70,1242
2016/12/13,4407016,57190058,12.55,13.15,12.55,13.05,0.50,1575
2016/12/14,1113515,14431065,13.30,13.30,12.80,12.85,-0.20,437
2016/12/15,1750742,22749054,12.75,13.15,12.75,13.15,0.30,596
2016/12/16,1684538,21993990,13.20,13.35,12.85,12.90,-0.25,612
2016/12/19,1508535,18902810,12.75,12.85,12.30,12.45,-0.45,623
2016/12/20,1776010,21634623,12.45,12.50,12.00,12.30,-0.15,686
2016/12/21,1033999,12907437,12.55,12.65,12.30,12.35,0.05,459
2016/12/22,1598296,19132291,12.30,12.35,11.80,11.80,-0.55,652
2016/12/23,1317005,15768610,11.75,12.15,11.65,12.00,0.20,501
2016/12/26,470391,5609981,12.00,12.10,11.85,11.90,-0.10,203
2016/12/27,2202847,26772697,12.00,12.30,11.85,12.20,0.30,689
2016/12/28,834104,10097918,12.15,12.30,12.00,12.30,0.10,366
2016/12/29,668050,8170262,12.30,12.30,12.15,12.30,,309
2016/12/30,2340220,29248308,12.50,12.70,12.25,12.60,0.30,770
2017/01/03,2004530,25521353,12.80,12.85,12.60,12.65,0.05,695
2017/01/04,1035987,13097083,12.70,12.75,12.60,12.65,,309
2017/01/05,3351485,43225906,12.85,13.10,12.65,12.90,0.25,1122
2017/01/06,1035203,13128243,12.95,12.95,12.55,12.55,-0.35,426
2017/01/09,908500,11499398,12.70,12.75,12.60,12.70,0.15,356
2017/01/10,1624217,20875453,12.90,13.00,12.65,12.75,0.05,474
2017/01/11,1110500,13874548,12.90,12.90,12.25,12.25,-0.50,467
2017/01/12,590229,7215328,12.35,12.35,12.15,12.15,-0.10,274
2017/01/13,406923,4950363,12.10,12.30,12.10,12.20,0.05,181
2017/01/16,999080,11840602,12.20,12.20,11.75,11.75,-0.45,365
2017/01/17,403815,4782755,11.70,11.95,11.70,11.85,0.10,202
2017/01/18,526171,6281436,11.85,12.00,11.85,12.00,0.15,258
2017/01/19,834260,10071821,12.05,12.25,11.90,12.25,0.25,348
2017/01/20,2560791,31878336,12.30,12.60,12.25,12.55,0.30,873
2017/01/23,794000,9763050,12.60,12.60,12.20,12.30,-0.25,333
2017/01/24,806410,9701310,12.30,12.30,11.95,12.00,-0.30,328
2017/02/02,412221,4954552,12.00,12.10,11.95,12.10,0.10,178
2017/02/03,609637,7362255,12.10,12.20,11.95,12.05,-0.05,235
2017/02/06,4164800,52590780,12.10,12.80,12.10,12.65,0.60,1161
2017/02/07,1585122,20100101,12.65,12.90,12.45,12.65,0.00,633
2017/02/08,1206200,14875718,12.50,12.50,12.25,12.35,-0.30,467
2017/02/09,685091,8370410,12.45,12.45,12.10,12.20,-0.15,263
2017/02/10,789178,9560019,12.30,12.30,12.05,12.05,-0.15,307
2017/02/13,2571468,32263346,12.10,12.70,12.10,12.60,0.55,1023
2017/02/14,822160,10225234,12.70,12.70,12.30,12.40,-0.20,375
2017/02/15,407686,5062204,12.40,12.55,12.35,12.40,0.00,218
2017/02/16,444190,5454618,12.45,12.50,12.20,12.20,-0.20,198
2017/02/17,6609427,85679313,12.30,13.20,12.30,12.80,0.60,2326
2017/02/20,6580591,88246961,13.15,13.90,12.90,13.05,0.15,2465
2017/02/21,2202747,29065521,13.15,13.40,13.00,13.25,0.20,883
2017/02/22,4053342,54657848,13.25,13.75,13.05,13.65,0.40,1590
2017/02/23,3131011,43084995,13.70,14.20,13.30,13.30,-0.35,1327
2017/02/24,1042167,13733036,13.30,13.40,13.00,13.20,-0.10,416
2017/03/01,818300,10713853,13.15,13.40,12.85,12.85,-0.35,373
2017/03/02,835574,10680539,13.00,13.05,12.65,12.70,-0.15,327
2017/03/03,449300,5701724,12.80,12.85,12.60,12.65,-0.05,201
2017/03/06,282462,3575816,12.65,12.75,12.55,12.70,0.05,134
2017/03/07,255748,3240008,12.65,12.75,12.60,12.65,-0.05,132
2017/03/08,1763791,23074833,12.85,13.35,12.80,13.00,0.35,729
2017/03/09,1480169,19446063,13.25,13.25,12.90,13.10,0.10,510
2017/03/10,921584,11727765,13.10,13.10,12.55,12.80,-0.30,409
2017/03/13,413042,5235726,12.80,12.80,12.60,12.70,-0.10,171
2017/03/14,3945709,52432636,13.15,13.60,12.90,13.60,0.90,1476
2017/03/15,3640356,49514403,13.70,13.80,13.30,13.75,0.15,1385
2017/03/16,3235606,48857642,15.10,15.10,15.10,15.10,1.35,815
2017/03/17,11307409,187702980,16.60,16.60,16.60,16.60,1.50,2677
2017/03/20,13334287,224242467,17.00,17.15,16.50,16.70,0.10,4308
2017/03/21,20982530,371478645,16.85,18.35,16.75,17.85,1.15,7472
2017/03/22,9059669,160714338,17.25,18.15,17.15,17.70,-0.15,3675
2017/03/23,14636748,275721094,18.00,19.35,18.00,18.75,1.05,5760
2017/03/24,7075895,132127812,18.65,19.20,18.10,18.50,-0.25,2900
2017/03/27,5468501,98199215,18.45,18.65,17.25,17.35,-1.15,2357
2017/03/28,9523220,172776986,17.65,19.05,17.10,18.95,1.60,3948
2017/03/29,12025917,228735375,19.10,19.55,18.30,18.85,-0.10,4891
2017/03/30,6606901,124283210,18.55,19.20,18.50,18.65,-0.20,2617
2017/03/31,3821495,70695160,18.55,18.90,18.15,18.15,-0.50,1608
2017/04/05,3415355,61645101,18.30,18.45,17.65,17.90,-0.25,1476
2017/04/06,5489546,102537431,18.40,19.25,18.20,18.20,0.30,2441
2017/04/07,3282457,59724248,18.15,18.50,17.95,17.95,-0.25,1293
2017/04/10,2291299,41384895,18.05,18.35,17.70,18.05,0.10,1034
2017/04/11,2508746,45358561,17.90,18.60,17.65,17.65,-0.40,1214
2017/04/12,1744297,30578351,17.90,18.00,17.25,17.35,-0.30,879
2017/04/13,10380395,192295666,17.50,19.05,17.45,19.05,1.70,4196
2017/04/14,29777887,576146013,19.30,20.45,17.50,17.50,-1.55,11887
2017/04/17,14222803,242694728,17.75,18.15,16.25,16.75,-0.75,5473
2017/04/18,4588790,78413980,17.00,17.40,16.80,17.00,0.25,1997
2017/04/19,4259025,73080880,16.75,17.60,16.60,17.30,0.30,1832
2017/04/20,3912220,66039754,17.25,17.45,16.50,16.50,-0.80,1602
2017/04/21,2230331,37189077,16.85,16.90,16.50,16.55,0.05,962
2017/04/24,1757170,28657736,16.75,16.80,16.10,16.10,-0.45,848
2017/04/25,2372370,39487310,16.40,16.80,16.35,16.65,0.55,1200
2017/04/26,3987948,68631611,16.85,17.50,16.85,17.10,0.45,1628
2017/04/27,1824550,31130555,17.30,17.40,16.95,17.05,-0.05,738
2017/04/28,1208520,20432911,17.20,17.20,16.80,16.85,-0.20,578
2017/05/02,888762,14945400,16.85,17.00,16.70,16.75,-0.10,387
2017/05/03,1519183,25659787,16.80,17.15,16.55,16.55,-0.20,700
2017/05/04,11158250,197633156,16.75,18.15,16.75,17.80,1.25,4549
2017/05/05,2777632,48570710,17.55,17.70,17.35,17.35,-0.45,1292
2017/05/08,4306684,72997471,17.50,17.85,16.45,16.80,-0.55,1828
2017/05/09,2027011,33317828,16.75,16.75,16.25,16.25,-0.55,861
2017/05/10,1018225,16750390,16.25,16.65,16.25,16.50,0.25,500
2017/05/11,922532,15084143,16.70,16.70,16.15,16.25,-0.25,488
2017/05/12,2268045,37827282,16.30,16.90,16.30,16.40,0.15,1077
2017/05/15,1264050,20759367,16.40,16.65,16.30,16.30,-0.10,564
2017/05/16,4330570,76526302,17.20,17.90,17.20,17.90,1.60,1510
2017/05/17,22520572,407973653,18.20,18.40,17.70,18.30,0.40,6939
2017/05/18,3089980,55684751,18.00,18.20,17.70,18.10,-0.20,1319
2017/05/19,4110000,74468300,18.30,18.80,17.80,17.95,-0.15,1677
2017/05/22,2985110,52854337,18.05,18.10,17.55,17.70,-0.25,979
2017/05/23,1675036,29902833,17.85,18.10,17.65,17.70,0.00,798
2017/05/24,1745566,30899667,17.90,17.90,17.60,17.85,0.15,575
2017/05/25,1582346,28356173,17.90,18.10,17.75,17.75,-0.10,698
2017/05/26,798398,14145123,17.80,17.90,17.65,17.70,-0.05,356
2017/05/31,3419380,61994490,17.85,18.40,17.85,17.85,0.15,1495
2017/06/01,1086626,19413111,17.90,18.05,17.75,17.80,-0.05,551
2017/06/02,1112431,20005434,18.05,18.10,17.90,18.00,0.20,467
2017/06/05,7780268,142873597,18.05,18.60,18.00,18.20,0.30,2766
2017/06/06,1737135,31203757,18.10,18.10,17.85,17.85,-0.35,804
2017/06/07,995380,17729825,17.90,18.00,17.70,17.75,-0.10,478
2017/06/08,1684246,29389579,17.60,17.70,17.25,17.40,-0.35,880
2017/06/09,1779187,30360079,17.40,17.45,16.90,16.95,-0.45,815
2017/06/12,2036496,35143430,17.10,17.45,17.10,17.10,0.15,873
2017/06/13,3404351,59210687,17.20,17.50,17.15,17.20,0.10,968
2017/06/14,1925750,32230361,17.30,17.40,16.50,16.60,-0.60,841
2017/06/15,728625,12200086,16.75,16.90,16.60,16.80,0.20,442
2017/06/16,797551,13456638,16.80,17.00,16.65,17.00,0.20,381
2017/06/19,634511,10815560,17.10,17.20,16.90,16.90,-0.10,376
2017/06/20,1320726,22486397,17.10,17.20,16.70,16.70,-0.20,534
2017/06/21,505030,8453104,16.70,16.85,16.65,16.80,0.10,290
2017/06/22,578210,9720556,16.95,16.95,16.70,16.70,-0.10,291
2017/06/23,472843,7876243,16.80,16.85,16.55,16.55,-0.15,276
2017/06/26,1078242,17711466,16.60,16.65,16.35,16.40,-0.15,542
2017/06/27,618351,10143633,16.55,16.55,16.30,16.30,-0.10,334
2017/06/28,540650,8766142,16.35,16.35,16.10,16.30,0.00,291
2017/06/29,592943,9635628,16.30,16.35,16.20,16.20,-0.10,271
2017/06/30,472960,7649920,16.10,16.25,16.10,16.20,0.00,235
2017/07/03,635768,10475671,16.35,16.60,16.20,16.60,0.40,345
2017/07/04,452942,7500292,16.70,16.70,16.45,16.50,-0.10,224
2017/07/05,392251,6431491,16.50,16.55,16.30,16.45,-0.05,182
2017/07/06,363006,5994599,16.50,16.55,16.45,16.50,0.05,163
2017/07/07,336904,5512334,16.45,16.50,16.25,16.30,-0.20,200
2017/07/10,394255,6449756,16.25,16.55,16.25,16.30,0.00,194
2017/07/11,257600,4206279,16.45,16.45,16.25,16.30,0.00,173
2017/07/12,357509,5853897,16.30,16.50,16.25,16.35,0.05,180
2017/07/13,318686,5224228,16.40,16.50,16.35,16.40,0.05,184
2017/07/14,1908605,31856847,16.40,16.85,16.40,16.80,0.40,806
2017/07/17,1457675,23366196,16.20,16.30,15.80,15.80,0.00,697
2017/07/18,2464801,40079535,15.85,16.40,15.85,16.25,0.45,938
2017/07/19,922004,14813464,16.25,16.25,15.90,16.05,-0.20,427
2017/07/20,1637401,25578013,16.05,16.05,15.45,15.50,-0.55,754
2017/07/21,681287,10595862,15.65,15.65,15.45,15.55,0.05,285
2017/07/24,563415,8633787,15.50,15.55,15.15,15.15,-0.40,290
2017/07/25,1521409,22431730,15.20,15.25,14.55,14.65,-0.50,753
2017/07/26,659911,9790222,14.70,14.90,14.70,14.85,0.20,355
2017/07/27,444267,6609587,14.90,15.00,14.80,14.80,-0.05,232
2017/07/28,1368700,20678239,14.85,15.25,14.85,15.00,0.20,486
2017/07/31,314182,4707780,15.20,15.20,14.90,14.95,-0.05,195
2017/08/01,393826,5915540,14.95,15.15,14.95,14.95,0.00,175
2017/08/02,303742,4531603,15.00,15.00,14.85,14.85,-0.10,152
2017/08/03,1455802,22067797,14.90,15.30,14.80,15.20,0.35,504
2017/08/04,383484,5797860,15.20,15.25,15.00,15.05,-0.15,204
2017/08/07,935600,14076170,15.10,15.20,14.90,14.95,-0.10,366
2017/08/08,6323915,102205949,15.10,16.40,15.10,16.40,1.45,2323
2017/08/09,2333879,36943198,15.80,16.05,15.70,15.70,-0.70,1108
2017/08/10,1631655,24719252,15.80,15.85,14.85,14.85,-0.85,808
2017/08/11,1921777,29386664,14.70,15.55,14.70,15.40,0.55,841
2017/08/14,989275,14774690,15.35,15.35,14.60,14.70,-0.70,465
2017/08/15,393010,5825048,14.90,15.00,14.70,14.75,0.05,211
2017/08/16,517795,7782784,15.10,15.15,14.90,14.95,0.20,297
2017/08/17,385430,5823010,15.10,15.15,15.00,15.15,0.20,231
2017/08/18,220285,3309653,14.95,15.15,14.90,15.15,0.00,146
2017/08/21,302450,4584143,15.10,15.25,15.05,15.15,0.00,160
