Date,shares,TotalM,Open,High,Low,Close,Diff,Count
2010/12/20,1378636,78550361,63.60,63.60,54.00,54.00,4.00,867
2010/12/21,813000,43149600,54.00,55.10,51.50,52.20,-1.80,594
2010/12/22,799000,41116900,52.40,52.40,50.70,51.90,-0.30,454
2010/12/23,406036,21414044,52.00,53.50,51.60,52.50,0.60,291
2010/12/24,314060,16446280,52.60,52.90,51.90,51.90,-0.60,210
2010/12/27,732000,38956400,52.00,53.80,52.00,53.20,1.30,416
2010/12/28,454036,24448440,52.80,54.70,52.60,53.40,0.20,228
2010/12/29,1151000,63942200,54.00,56.90,53.50,56.60,3.20,618
2010/12/30,1059221,61328607,56.80,59.30,56.70,57.70,1.10,460
2010/12/31,590004,33445922,59.00,59.00,55.00,55.60,-2.10,313
2011/01/03,424082,22750153,55.60,55.60,52.70,53.00,-2.60,282
2011/01/04,297000,16127900,53.50,55.00,53.50,55.00,2.00,171
2011/01/05,1027000,58262900,55.20,57.70,55.00,57.70,2.70,581
2011/01/06,657000,37654800,57.70,58.50,56.00,56.00,-1.70,317
2011/01/07,241000,13490700,55.80,57.00,55.30,55.50,-0.50,157
2011/01/10,132100,7379770,56.50,56.50,55.20,56.10,0.60,92
2011/01/11,206000,11485200,56.10,56.30,55.30,55.30,-0.80,139
2011/01/12,218000,12072700,55.00,56.00,55.00,55.20,-0.10,168
2011/01/13,223000,12309400,55.30,55.80,54.70,55.00,-0.20,140
2011/01/14,141000,7710900,55.00,55.10,54.30,54.40,-0.60,98
2011/01/17,109000,5832300,55.00,55.00,53.00,53.20,-1.20,89
2011/01/18,448000,24750700,53.50,55.80,53.50,55.50,2.30,204
2011/01/19,224304,12317346,55.50,55.50,54.50,55.00,-0.50,99
2011/01/20,301000,16652300,55.00,56.20,54.70,54.90,-0.10,108
2011/01/21,199000,10997800,55.10,55.70,54.90,55.60,0.70,113
2011/01/24,322000,17868800,55.60,56.40,54.70,54.80,-0.80,159
2011/01/25,339000,18312800,54.80,54.90,53.50,53.60,-1.20,158
2011/01/26,343000,18465400,53.60,54.40,53.30,53.60,0.00,152
2011/01/27,792000,44666600,53.90,57.30,53.90,57.30,3.70,362
2011/01/28,1083000,62875400,57.10,58.80,56.60,58.30,1.00,519
2011/02/08,698276,41159960,60.40,60.40,58.30,59.50,1.20,293
2011/02/09,539000,32348900,59.00,60.90,59.00,60.00,0.50,257
2011/02/10,1225086,77312995,60.00,64.20,60.00,64.20,4.20,586
2011/02/11,957086,59924278,62.90,64.30,62.00,64.30,0.10,517
2011/02/14,1895050,120758859,64.30,64.40,63.10,63.30,-1.00,466
2011/02/15,3081000,193400900,63.10,64.10,59.10,64.10,0.80,775
2011/02/16,400000,25394800,64.30,64.30,63.00,63.00,-1.10,238
2011/02/17,235000,14653400,63.00,63.00,61.80,62.20,-0.80,151
2011/02/18,810000,52000900,62.20,65.50,62.20,63.80,1.60,387
2011/02/21,239000,15088600,63.90,63.90,62.80,63.00,-0.80,165
2011/02/22,370000,23574100,62.50,64.40,62.50,63.30,0.30,201
2011/02/23,268000,16858100,63.50,63.90,61.70,62.00,-1.30,174
2011/02/24,277036,17249368,63.00,63.30,61.00,62.00,0.00,163
2011/02/25,235001,14536565,62.00,62.50,61.00,62.00,0.00,114
2011/03/01,287000,17931100,60.80,63.00,60.80,62.80,0.80,129
2011/03/02,167000,10388700,62.40,62.70,61.50,62.50,-0.30,83
2011/03/03,615040,39489140,62.50,65.60,61.90,64.00,1.50,342
2011/03/04,339000,21827700,64.10,65.40,63.20,63.80,-0.20,175
2011/03/07,195000,12406500,64.00,64.00,63.20,63.50,-0.30,116
2011/03/08,231000,14575500,63.50,64.10,62.40,62.90,-0.60,122
2011/03/09,291050,18126065,62.80,62.90,61.90,61.90,-1.00,127
2011/03/10,249050,15548845,62.10,63.60,61.50,62.20,0.30,105
2011/03/11,158000,9731300,62.00,62.00,61.30,61.40,-0.80,97
2011/03/14,147017,8937131,61.00,61.50,60.00,61.30,-0.10,85
2011/03/15,239000,14435200,62.00,62.00,57.40,62.00,0.70,139
2011/03/16,575160,36472968,63.00,64.60,61.50,64.60,2.60,255
2011/03/17,408050,25989164,64.40,64.50,63.00,63.70,-0.90,259
2011/03/18,296000,18897100,64.00,64.40,63.00,64.40,0.70,165
2011/03/21,391000,25537100,65.00,66.40,64.00,65.40,1.00,222
2011/03/22,1790000,122877100,65.60,69.90,65.60,69.90,4.50,888
2011/03/23,1073000,74539300,69.80,70.80,68.30,70.00,0.10,652
2011/03/24,1946320,143368939,70.00,74.90,70.00,72.10,2.10,833
2011/03/25,682343,48129075,70.50,72.60,69.30,70.10,-2.00,476
2011/03/28,479000,32461900,68.40,69.50,67.00,67.70,-2.40,312
2011/03/29,396050,27073729,67.80,69.50,66.50,68.80,1.10,274
2011/03/30,497050,34267350,69.30,69.60,68.30,68.70,-0.10,231
2011/03/31,1166020,82546148,69.00,72.40,69.00,71.70,3.00,484
2011/04/01,743014,52695601,71.70,71.70,70.30,70.40,-1.30,361
2011/04/06,513020,35760085,70.50,70.50,69.00,70.00,-0.40,241
2011/04/07,656000,45205300,70.30,70.30,68.50,68.50,-1.50,300
2011/04/08,430000,29665500,68.70,69.60,68.40,68.50,0.00,234
2011/04/11,206000,14139100,68.90,69.10,68.20,69.00,0.50,130
2011/04/12,353065,24506989,69.00,70.30,68.50,70.00,1.00,243
2011/04/13,295050,20353334,70.00,70.10,68.50,68.80,-1.20,198
2011/04/14,987060,70980180,69.00,73.40,69.00,72.60,3.80,542
2011/04/15,734000,53293300,72.20,74.00,71.80,72.20,-0.40,374
2011/04/18,710119,51722691,72.50,73.70,72.00,72.60,0.40,332
2011/04/19,512000,37269300,72.20,73.50,72.10,73.00,0.40,299
2011/04/20,701487,50799166,73.50,73.50,71.70,72.50,-0.50,284
2011/04/21,769050,55880824,72.50,74.00,71.90,74.00,1.50,322
2011/04/22,1411304,107932464,74.50,78.90,73.50,78.90,4.90,819
2011/04/25,923364,72774292,79.00,79.70,77.50,78.80,-0.10,499
2011/04/26,444000,34959600,79.00,79.60,78.00,78.00,-0.80,269
2011/04/27,1500010,122840397,78.70,83.40,78.70,80.00,2.00,820
2011/04/28,1092000,87049600,79.20,80.50,79.00,79.20,-0.80,475
2011/04/29,1018053,81205024,78.80,82.00,78.00,82.00,2.80,582
2011/05/03,1561286,123801237,82.00,82.00,77.10,80.20,-1.80,606
2011/05/04,462266,36675224,80.00,80.10,78.60,79.10,-1.10,268
2011/05/05,549000,43803700,78.80,80.90,78.60,79.70,0.60,274
2011/05/06,359300,28392929,80.00,80.60,78.40,78.40,-1.30,262
2011/05/09,372145,28926564,78.30,78.90,77.00,77.00,-1.40,252
2011/05/10,397024,30472760,78.00,78.00,75.50,77.50,0.50,295
2011/05/11,526530,41296505,78.00,80.30,77.50,77.50,0.00,325
2011/05/12,528000,41067100,78.70,78.70,77.30,77.50,0.00,319
2011/05/13,557303,42495025,78.10,78.10,75.00,75.00,-2.50,347
2011/05/16,398000,29923900,75.00,76.30,74.20,75.70,0.70,193
2011/05/17,896787,68149771,75.70,77.80,74.00,77.80,2.10,391
2011/05/18,852060,65918890,77.80,78.40,76.50,76.50,-1.30,305
2011/05/19,680000,51661800,76.80,76.90,74.60,76.90,0.40,234
2011/05/20,177000,13371300,76.90,76.90,75.00,75.00,-1.90,129
2011/05/23,517130,37786107,74.50,74.70,72.00,72.00,-3.00,226
2011/05/24,1655000,115887000,72.00,77.00,67.00,77.00,5.00,818
2011/05/25,582154,43852157,75.00,76.00,74.40,74.40,-2.60,269
2011/05/26,799100,60318100,75.00,76.80,74.00,76.00,1.60,350
2011/05/27,385060,28865912,75.50,76.20,74.00,74.10,-1.90,216
2011/05/30,206000,15058200,75.00,75.00,72.00,72.00,-2.10,150
2011/05/31,555000,40522900,72.00,73.80,71.00,73.80,1.80,210
2011/06/01,496228,36431698,73.80,74.00,72.70,73.00,-0.80,204
2011/06/02,902100,66672450,73.00,75.20,72.40,74.50,1.50,376
2011/06/03,1701057,131263391,74.90,79.10,74.80,78.50,4.00,961
2011/06/07,849000,65401700,78.00,78.00,76.40,76.50,-2.00,429
2011/06/08,1059000,79379200,76.50,76.50,74.00,75.70,-0.80,490
2011/06/09,1145000,85919400,75.20,75.80,73.70,73.70,-2.00,407
2011/06/10,1027000,75662700,74.00,74.80,72.50,73.10,-0.60,465
2011/06/13,489056,34460130,72.60,72.60,68.60,69.10,-4.00,370
2011/06/14,441046,31121299,69.20,71.20,69.20,70.50,1.40,218
2011/06/15,702158,48344459,70.70,71.00,68.00,68.00,-2.50,390
2011/06/16,1066245,71237223,66.00,70.30,65.00,70.30,2.30,688
2011/06/17,517000,35759700,70.30,70.30,68.00,68.00,-2.30,371
2011/06/20,569000,37288800,68.00,68.60,63.30,63.30,-4.70,371
2011/06/21,637030,39449610,64.20,64.40,60.10,64.00,0.70,420
2011/06/22,533000,34252200,64.00,65.80,63.00,64.30,0.30,314
2011/06/23,410100,26655470,64.20,65.90,63.80,64.60,0.30,267
2011/06/24,366410,23959750,64.60,65.80,64.30,65.10,0.50,264
2011/06/27,792017,51857847,65.00,65.70,64.10,65.70,0.60,223
2011/06/28,797120,52363220,65.90,66.00,65.20,65.90,0.20,228
2011/06/29,1044020,69449274,66.00,67.70,65.80,67.00,1.10,402
2011/06/30,449100,30061490,67.00,67.40,66.50,66.70,-0.30,255
2011/07/01,1199100,80896930,67.00,69.00,66.80,67.70,1.00,441
2011/07/04,1702518,117186030,68.10,69.20,67.70,67.70,0.00,607
2011/07/05,651100,43174049,65.80,67.30,65.70,66.10,,398
2011/07/06,393120,25893384,66.00,66.40,65.20,65.50,-0.60,250
2011/07/07,316000,20645900,65.60,65.80,64.70,64.70,-0.80,172
2011/07/08,170000,10969700,65.10,65.50,63.50,63.50,-1.20,130
2011/07/11,589019,36222206,63.90,63.90,60.70,60.70,-2.80,373
2011/07/12,865020,50047742,60.00,60.50,56.50,56.70,-4.00,442
2011/07/13,328845,18890025,56.70,58.70,56.50,56.50,-0.20,252
2011/07/14,574007,31491095,57.00,57.70,53.50,54.60,-1.90,375
2011/07/15,474000,27317300,55.50,58.40,55.10,58.40,3.80,277
2011/07/18,251017,14425763,58.40,58.40,56.50,56.50,-1.90,192
2011/07/19,285000,16584100,56.50,59.30,56.50,59.20,2.70,233
2011/07/20,495000,29888700,59.30,61.50,59.30,59.60,0.40,335
2011/07/21,312010,18394795,60.10,60.10,58.20,58.30,-1.30,206
2011/07/22,326382,19136656,58.90,59.30,58.00,58.10,-0.20,202
2011/07/25,125005,7150090,58.10,58.10,56.00,56.00,-2.10,106
2011/07/26,184260,10421997,56.30,57.30,55.80,56.60,0.60,129
2011/07/27,258102,14966105,56.20,58.50,56.20,58.00,1.40,188
2011/07/28,509190,30158472,58.00,60.30,58.00,58.90,0.90,315
2011/07/29,330095,19329900,59.50,59.80,57.50,57.50,-1.40,213
2011/08/01,202007,11699516,58.50,58.70,57.00,57.00,-0.50,129
2011/08/02,128337,7271709,56.00,57.80,56.00,56.50,-0.50,87
2011/08/03,398000,21762200,56.50,56.50,53.80,54.70,-1.80,277
2011/08/04,400303,21919816,54.20,55.60,54.10,54.80,0.10,284
2011/08/05,591500,27885174,47.10,48.40,47.10,47.10,,331
2011/08/08,550002,24372793,45.00,45.90,43.85,43.90,-3.20,302
2011/08/09,521344,21382732,40.85,42.00,40.85,41.70,-2.20,246
2011/08/10,500000,22100450,44.00,44.60,42.50,44.60,2.90,232
2011/08/11,430000,19454650,43.00,47.70,42.60,47.70,3.10,268
2011/08/12,1018000,50912400,48.50,51.00,48.50,51.00,3.30,466
2011/08/15,521908,27290622,51.50,53.90,50.20,53.10,2.10,347
2011/08/16,597054,32472640,53.90,56.00,52.00,55.90,2.80,343
2011/08/17,292012,16069069,55.90,55.90,54.00,54.00,-1.90,197
2011/08/18,396010,20508934,52.60,53.50,51.00,51.50,-2.50,233
2011/08/19,448972,21774355,48.50,49.70,47.90,47.90,-3.60,253
2011/08/22,235250,11102100,48.80,48.80,45.00,45.00,-2.90,171
2011/08/23,183121,8587525,46.30,47.80,46.00,47.60,2.60,131
2011/08/24,426180,20434470,49.00,49.00,46.75,49.00,1.40,235
2011/08/25,534001,26738852,49.50,51.00,49.00,49.45,0.45,269
2011/08/26,545000,26212850,50.60,50.60,47.00,47.60,-1.85,207
2011/08/29,508000,24895900,49.00,49.60,48.00,49.30,1.70,182
2011/08/30,645000,31885450,50.00,50.00,48.00,50.00,0.70,255
2011/08/31,257037,12822496,50.00,50.40,49.10,50.00,0.00,119
2011/09/01,258015,12937930,50.30,50.90,49.60,49.60,-0.40,122
2011/09/02,110000,5397550,50.00,50.00,48.50,48.50,-1.10,95
2011/09/05,224000,10461050,47.50,47.50,46.20,46.20,-2.30,141
2011/09/06,218000,9873750,45.20,46.20,44.50,44.50,-1.70,137
2011/09/07,603000,27354950,44.80,46.30,44.80,46.00,1.50,155
2011/09/08,387100,17683300,46.20,46.50,45.30,45.80,-0.20,108
2011/09/09,271701,12645447,46.00,47.50,45.80,47.50,1.70,161
2011/09/13,520000,24834300,47.00,49.00,46.50,48.35,0.85,242
2011/09/14,326095,15892460,48.90,49.85,47.70,47.70,-0.65,167
2011/09/15,442000,22081350,48.50,50.40,48.50,50.20,2.50,234
2011/09/16,450671,22999228,52.00,52.00,50.30,50.70,0.50,196
2011/09/19,118100,5872500,50.70,50.70,49.25,49.30,-1.40,82
2011/09/20,140000,7014000,49.40,50.70,49.30,50.60,1.30,83
2011/09/21,283501,14279749,50.60,50.90,49.70,50.10,-0.50,117
2011/09/22,145000,7102200,49.00,49.30,48.80,48.80,-1.30,92
2011/09/23,390839,18082572,47.00,48.50,45.40,48.50,-0.30,277
2011/09/26,204853,9369706,47.40,47.40,45.20,45.20,-3.30,136
2011/09/27,119745,5469408,45.40,46.70,45.00,45.20,0.00,132
2011/09/28,261576,12021460,45.40,46.45,45.40,45.70,0.50,132
2011/09/29,298136,13882353,45.30,46.90,45.30,46.40,0.70,130
2011/09/30,354286,16472642,47.40,47.40,45.70,47.30,0.90,153
2011/10/03,87253,4017109,46.30,46.70,45.50,46.70,-0.60,69
2011/10/04,52318,2406003,45.60,46.40,45.50,46.05,-0.65,57
2011/10/05,40723,1870324,46.00,46.10,45.60,46.10,0.05,53
2011/10/06,114479,5422662,46.30,48.10,46.30,47.40,1.30,76
2011/10/07,74674,3525652,47.80,47.80,46.80,46.80,-0.60,66
2011/10/11,699307,33717194,46.50,49.45,45.50,49.00,2.20,241
2011/10/12,326248,16084459,49.45,49.60,48.20,48.95,-0.05,115
2011/10/13,122383,5922824,49.00,49.10,48.10,48.15,-0.80,89
2011/10/14,144167,6872252,47.20,48.20,47.10,48.10,-0.05,88
2011/10/17,80574,3856040,48.10,48.50,47.50,47.50,-0.60,73
2011/10/18,64726,3072264,48.50,48.50,47.00,47.10,-0.40,56
2011/10/19,31616,1489358,47.10,47.50,46.70,47.10,0.00,36
2011/10/20,64231,2976867,47.10,47.10,46.15,46.15,-0.95,48
2011/10/21,67069,3085208,46.00,46.40,45.50,46.40,0.25,45
2011/10/24,42908,2010976,46.50,47.10,46.50,46.95,0.55,39
2011/10/25,174820,8265580,47.00,47.70,46.50,47.60,0.65,81
2011/10/26,70315,3303782,47.10,47.40,46.80,46.90,-0.70,63
2011/10/27,240540,11677153,46.80,49.00,46.80,48.90,2.00,153
2011/10/28,148112,7282242,50.00,50.10,48.20,48.65,-0.25,111
2011/10/31,398606,19817750,48.60,50.50,48.00,50.30,1.65,272
2011/11/01,251303,12665134,50.00,50.90,49.50,50.90,0.60,159
2011/11/02,223604,11242678,50.00,51.40,49.50,51.00,0.10,144
2011/11/03,254156,13026317,51.40,51.80,50.20,51.70,0.70,183
2011/11/04,528942,28151675,52.10,54.00,51.70,54.00,2.30,313
2011/11/07,282131,15067545,54.00,54.50,52.50,52.50,-1.50,165
2011/11/08,69678,3654485,52.70,52.70,52.20,52.30,-0.20,53
2011/11/09,233068,12058068,52.30,52.40,51.00,51.40,-0.90,92
2011/11/10,107544,5274038,51.00,51.00,48.50,48.60,-2.80,88
2011/11/11,137709,6721105,48.60,49.20,48.20,48.45,-0.15,74
2011/11/14,148410,7334924,48.80,49.65,48.60,48.60,0.15,75
2011/11/15,70918,3473765,48.50,49.50,48.50,49.00,0.40,52
2011/11/16,29560,1443059,49.00,49.50,48.25,49.00,0.00,36
2011/11/17,70990,3465862,48.45,49.00,48.30,48.40,-0.60,28
2011/11/18,258293,11810430,48.20,48.20,45.10,45.50,-2.90,155
2011/11/21,248397,10635579,43.50,45.30,42.35,42.40,-3.10,122
2011/11/22,509065,20473340,40.00,42.30,39.45,42.30,-0.10,224
2011/11/23,271862,10996615,40.85,41.70,39.35,39.35,-2.95,89
2011/11/24,348283,13045537,38.10,39.35,36.60,39.35,0.00,210
2011/11/25,200233,7800444,39.35,39.35,37.15,39.25,-0.10,91
2011/11/28,376201,14873397,39.30,41.00,38.70,41.00,1.75,107
2011/11/29,539028,22356109,41.75,41.75,40.40,41.65,0.65,131
2011/11/30,195657,8057020,41.35,41.75,40.85,41.00,-0.65,78
2011/12/01,297219,12485708,42.00,42.50,41.10,42.00,1.00,107
2011/12/02,44120,1825370,42.00,42.00,41.00,41.00,-1.00,25
2011/12/05,37684,1509478,40.60,40.60,39.60,40.10,-0.90,33
2011/12/06,36057,1379940,39.00,39.00,37.60,37.60,-2.50,42
2011/12/07,35822,1366027,38.30,39.10,37.60,37.60,0.00,31
2011/12/08,32293,1161302,37.65,37.65,35.50,35.70,-1.90,33
2011/12/09,66142,2257298,34.50,35.10,33.60,33.65,-2.05,58
2011/12/12,189968,6438913,33.70,34.80,33.60,33.85,0.20,90
2011/12/13,81349,2641787,32.00,33.30,32.00,32.00,-1.85,65
2011/12/14,119164,3798388,31.20,32.30,31.20,32.30,0.30,67
2011/12/15,229962,7102462,31.50,31.50,30.05,31.50,-0.80,116
2011/12/16,117904,3652812,31.00,31.70,30.45,31.40,-0.10,72
2011/12/19,73814,2233274,31.30,31.30,29.60,31.30,-0.10,64
2011/12/20,30500,945998,31.60,32.20,30.50,30.70,-0.60,21
2011/12/21,128918,4188807,31.35,32.80,31.35,32.80,2.10,73
2011/12/22,297000,9882398,32.80,35.05,32.40,34.90,2.10,105
2011/12/23,171911,6011135,34.60,35.10,34.60,34.90,0.00,80
2011/12/26,180278,6417873,34.70,36.50,34.60,34.80,-0.10,57
2011/12/27,79349,2724250,34.10,35.35,33.90,34.10,-0.70,33
2011/12/28,32082,1096729,33.65,34.80,33.60,34.80,0.70,30
2011/12/29,21411,727077,33.70,34.35,33.70,33.75,-1.05,23
2011/12/30,41822,1425486,34.40,34.50,33.75,33.80,0.05,32
2012/01/02,16125,535000,33.80,33.80,32.50,33.55,-0.25,18
2012/01/03,66000,2250900,33.80,34.50,32.85,34.50,0.95,41
2012/01/04,307493,10780302,35.00,35.60,34.50,35.50,1.00,112
2012/01/05,172315,6228269,36.00,36.80,35.50,36.50,1.00,88
2012/01/06,61135,2181799,36.00,36.10,35.20,35.90,-0.60,50
2012/01/09,182400,6414729,35.10,35.70,34.50,34.50,-1.40,44
2012/01/10,51042,1733636,34.90,34.90,33.15,33.35,-1.15,48
2012/01/11,49643,1681995,33.60,34.30,33.40,33.50,0.15,37
2012/01/12,116674,3940609,33.45,33.95,33.20,33.70,0.20,38
2012/01/13,190898,6440132,33.30,34.20,33.20,33.80,0.10,60
2012/01/16,156902,5457427,34.00,35.65,33.80,35.60,1.80,95
2012/01/17,206910,7714803,36.50,38.00,35.60,37.00,1.40,86
2012/01/18,68246,2541815,37.00,37.50,36.85,36.85,-0.15,33
2012/01/30,150699,5702580,37.50,38.30,37.20,38.00,1.15,77
2012/01/31,222847,8870183,37.80,40.65,37.80,39.20,1.20,105
2012/02/01,234822,9435693,39.30,40.60,39.20,40.60,1.40,99
2012/02/02,215051,8864181,41.00,42.15,40.40,41.20,0.60,125
2012/02/03,194688,8176151,39.90,42.80,39.90,42.00,0.80,85
2012/02/06,388388,15987582,41.40,41.65,40.50,41.60,-0.40,109
2012/02/07,164788,6838040,41.00,42.00,40.50,40.80,-0.80,66
2012/02/08,552614,23267621,41.80,43.25,41.00,43.00,2.20,169
2012/02/09,410673,17965573,42.70,44.30,42.00,44.00,1.00,138
2012/02/10,363330,16228660,44.00,45.20,44.00,44.75,0.75,129
2012/02/13,454221,20762043,44.80,46.15,44.30,46.00,1.25,139
2012/02/14,264329,12070405,46.15,46.30,44.70,45.90,-0.10,73
2012/02/15,275890,12655880,45.05,46.50,45.05,45.90,0.00,76
2012/02/16,329869,15049285,45.90,46.10,44.80,45.10,-0.80,100
2012/02/17,521592,23911599,45.50,46.40,45.15,46.25,1.15,125
2012/02/20,313999,14449402,46.25,47.00,45.30,47.00,0.75,97
2012/02/21,615278,28873366,47.30,47.30,46.20,47.30,0.30,116
2012/02/22,376500,17890747,47.00,48.00,47.00,47.40,0.10,84
2012/02/23,663770,31866691,47.40,48.70,46.50,48.65,1.25,184
2012/02/24,566287,27607492,48.65,49.20,47.70,48.00,-0.65,160
2012/02/29,263049,13070684,50.80,50.80,48.10,49.25,1.25,95
2012/03/01,566695,28522548,50.10,51.20,49.60,51.10,1.85,146
2012/03/02,487836,24843117,50.80,51.50,50.20,50.80,-0.30,86
2012/03/05,75328,3775701,50.30,50.60,49.80,49.90,-0.40,45
2012/03/06,93812,4524282,49.85,49.85,47.40,49.00,-0.90,82
2012/03/07,290460,14127112,46.50,48.90,46.50,48.85,-0.15,63
2012/03/08,357246,17901325,49.00,50.70,49.00,50.00,1.15,86
2012/03/09,456148,23463357,50.30,52.20,50.10,50.70,0.70,204
2012/03/12,130822,6614100,50.10,50.90,50.00,50.50,-0.20,64
2012/03/13,205625,10504562,50.00,51.60,50.00,51.00,0.50,81
2012/03/14,394548,20290420,51.50,52.00,50.60,51.80,0.80,122
2012/03/15,197494,10202242,51.80,51.80,50.40,51.20,-0.60,56
2012/03/16,322560,16638023,52.00,52.40,51.00,51.60,0.40,117
2012/03/19,323997,16632246,51.60,51.80,50.60,50.70,-0.90,112
2012/03/20,541605,27908635,51.00,52.20,50.90,51.60,0.90,153
2012/03/21,472539,24248617,51.40,52.10,50.10,50.50,-1.10,138
2012/03/22,36589,1845750,50.50,50.80,50.10,50.20,-0.30,30
2012/03/23,301980,15313290,50.00,50.90,49.70,50.70,0.50,71
2012/03/26,496574,25016082,50.70,50.90,49.80,49.80,-0.90,82
2012/03/27,421903,21132337,50.00,50.30,49.60,49.60,-0.20,92
2012/03/28,973488,49905763,50.00,53.00,49.60,52.70,3.10,282
2012/03/29,523562,26978341,52.50,52.50,50.00,50.90,-1.80,193
2012/03/30,608574,31509282,50.00,53.00,49.50,52.10,1.20,189
2012/04/02,909495,46845799,52.70,52.70,50.20,50.20,-1.90,182
2012/04/03,302125,15000850,50.50,51.30,47.00,48.50,-1.70,152
2012/04/05,451200,21611639,47.15,48.50,46.00,47.30,-1.20,86
2012/04/06,553229,27134371,48.00,49.45,48.00,49.00,1.70,69
2012/04/09,885986,42483852,48.00,50.10,46.20,46.40,-2.60,157
2012/04/10,313369,14916508,46.40,48.30,46.10,46.50,0.10,77
2012/04/11,141836,6622797,46.20,47.00,46.00,46.20,-0.30,35
2012/04/12,13480,626370,46.50,46.50,46.35,46.50,0.30,12
2012/04/13,95493,4535321,48.00,48.00,47.00,47.00,0.50,48
2012/04/16,363329,16939449,47.90,47.90,46.10,46.15,-0.85,53
2012/04/17,289243,13149308,46.25,46.25,45.00,46.00,-0.15,82
2012/04/18,352371,16386196,46.00,47.95,45.00,47.80,1.80,162
2012/04/19,803082,39493892,48.00,49.70,47.50,49.00,1.20,220
2012/04/20,644001,31740597,47.80,49.50,47.80,48.00,-1.00,170
2012/04/23,495451,24473040,48.90,49.75,48.50,49.00,1.00,222
2012/04/24,394493,19578608,49.00,49.85,48.70,49.15,0.15,105
2012/04/25,483328,24112508,49.60,50.10,49.00,49.00,-0.15,151
2012/04/26,532099,26513530,49.30,50.20,49.30,49.90,0.90,212
2012/04/27,252467,12553028,50.30,50.30,49.10,49.70,-0.20,155
2012/04/30,229219,11429538,49.70,50.10,49.50,50.00,0.30,159
2012/05/02,275643,13758950,49.50,51.00,49.40,50.00,0.00,188
2012/05/03,14000,692250,49.85,49.90,49.10,49.10,-0.90,13
2012/05/04,77822,3886352,49.85,50.20,49.00,50.20,1.10,42
2012/05/07,20082,995842,49.30,49.80,49.20,49.75,-0.45,14
2012/05/08,8493,420455,49.40,49.85,49.35,49.70,-0.05,9
2012/05/09,1000,49100,49.10,49.10,49.10,49.10,-0.60,1
2012/05/10,5460,267324,49.00,49.10,48.75,48.75,-0.35,8
2012/05/11,6821,328232,48.60,48.60,47.80,47.80,-0.95,9
2012/05/14,4164,199490,47.90,47.95,47.90,47.95,0.15,6
2012/05/15,10000,473400,47.50,47.50,47.20,47.35,-0.60,10
2012/05/16,11000,529300,47.50,50.30,46.05,46.05,-1.30,9
2012/05/17,16000,747150,47.50,48.00,46.10,47.00,0.95,16
2012/05/18,24082,1094256,45.50,47.00,45.00,45.00,-2.00,18
2012/05/21,52492,2368590,45.00,45.25,45.00,45.00,0.00,39
2012/05/22,4492,207307,46.00,46.90,45.85,45.85,0.85,8
2012/05/23,13398,607460,47.95,47.95,45.00,45.00,-0.85,10
2012/05/24,21204,937093,45.00,45.00,44.00,44.00,-1.00,17
2012/05/25,8904,388874,44.00,44.45,42.60,43.95,-0.05,10
2012/05/28,22069,929761,42.65,42.65,42.00,42.60,-1.35,17
2012/05/29,15178,665497,43.40,44.35,43.10,44.25,1.65,16
2012/05/30,3000,131200,44.05,44.05,43.20,43.95,-0.30,3
2012/05/31,27082,1176750,41.50,43.95,41.50,43.75,-0.20,20
2012/06/01,27000,1139600,43.10,43.20,41.50,42.65,-1.10,17
2012/06/04,42050,1675552,40.00,41.00,39.70,39.70,-2.95,20
2012/06/05,6677,271432,40.00,40.95,40.00,40.70,1.00,9
2012/06/06,6164,251224,41.20,41.20,40.20,40.70,0.00,7
2012/06/07,68082,2808453,41.30,41.40,40.80,41.20,0.50,27
2012/06/08,1411,58274,41.30,41.30,41.30,41.30,0.10,2
2012/06/11,26082,1079603,41.20,42.40,41.20,41.50,0.20,22
2012/06/12,1000,41700,41.70,41.70,41.70,41.70,0.20,1
2012/06/13,5246,222956,42.70,42.70,42.40,42.50,0.80,7
2012/06/14,6021,255390,42.40,42.50,42.40,42.50,0.00,4
2012/06/15,19727,827755,41.50,42.20,41.35,42.10,-0.40,14
2012/06/18,2013,84746,42.10,42.10,42.10,42.10,0.00,3
2012/06/19,12207,499804,40.30,41.05,40.30,41.00,-1.10,10
2012/06/20,8082,334444,42.00,42.45,41.00,42.45,1.45,9
2012/06/21,10493,430461,41.00,41.50,40.70,41.50,-0.95,11
2012/06/22,3012,124040,41.75,41.75,40.90,40.90,-0.60,4
2012/06/25,4006,163442,40.80,40.80,40.80,40.80,-0.10,4
2012/06/26,1000,41450,41.45,41.45,41.45,41.45,0.65,1
2012/06/27,3001,122641,41.10,41.10,40.75,40.75,-0.70,4
2012/06/28,58200,2494998,40.30,43.55,40.30,42.90,2.15,27
2012/06/29,23007,987193,42.85,43.60,42.10,43.00,0.10,16
2012/07/02,69,2911,---,---,---,---,---,1
2012/07/03,11337,484557,41.85,43.70,41.85,43.35,0.35,13
2012/07/04,58895,2477140,43.00,43.00,41.85,42.40,-0.95,14
2012/07/05,4082,173576,42.40,42.85,42.05,42.85,0.45,5
2012/07/06,2159,91378,42.30,42.40,42.30,42.40,-0.45,4
2012/07/09,58553,2538557,42.00,43.80,42.00,43.00,0.60,15
2012/07/10,20200,875100,43.80,43.80,42.25,42.25,-0.75,5
2012/07/11,668150,26798439,41.70,41.70,40.00,40.20,-2.05,135
2012/07/12,334001,13517040,41.10,41.10,40.10,40.45,0.25,73
2012/07/13,704082,27976710,40.85,40.85,38.70,39.40,-1.05,76
2012/07/16,626927,24959468,40.80,41.00,39.45,39.45,0.05,98
2012/07/17,25073,1006598,40.50,40.50,39.50,39.75,0.30,21
2012/07/18,23178,916398,39.75,39.75,39.25,39.25,-0.50,19
2012/07/19,17493,692427,39.70,39.80,39.35,39.35,0.10,20
2012/07/20,10000,395900,39.40,39.90,39.40,39.90,0.55,9
2012/07/23,4000,159200,39.80,39.80,39.80,39.80,-0.10,3
2012/07/24,23164,894532,39.00,39.75,38.00,38.05,-1.75,17
2012/07/25,16033,612213,38.00,38.80,37.50,38.70,0.65,14
2012/07/26,4069,161447,39.85,39.85,39.50,39.50,0.80,5
2012/07/27,53822,2121272,39.15,39.80,39.15,39.40,-0.10,47
2012/07/30,35382,1299795,36.50,37.10,36.35,36.90,,32
2012/07/31,74400,2634218,35.90,36.75,35.35,35.70,-1.20,17
2012/08/01,18318,648089,35.60,35.60,35.00,35.50,-0.20,16
2012/08/03,6657,236726,35.60,35.60,35.60,35.60,0.10,7
2012/08/06,13164,458023,34.50,35.30,34.50,35.30,-0.30,13
2012/08/07,33083,1128113,33.00,35.00,33.00,34.80,-0.50,21
2012/08/08,46100,1559334,34.00,34.90,33.55,34.05,-0.75,37
2012/08/09,36164,1238174,33.75,34.95,33.75,34.95,0.90,32
2012/08/10,20493,713060,35.00,35.65,34.35,34.55,-0.40,20
2012/08/13,28164,971858,34.50,34.85,34.45,34.50,-0.05,14
2012/08/14,21164,742204,34.80,35.80,34.60,35.70,1.20,13
2012/08/15,28246,986883,34.90,35.50,34.90,35.30,-0.40,18
2012/08/16,14181,495315,35.30,35.40,34.65,35.20,-0.10,17
2012/08/17,43329,1497016,34.90,35.00,34.40,35.00,-0.20,25
2012/08/20,388000,13941850,35.00,36.00,34.55,36.00,1.00,77
2012/08/21,180493,6701397,36.90,38.30,35.70,36.45,0.45,133
2012/08/22,26000,921950,35.70,36.35,35.10,35.45,-1.00,21
2012/08/23,882000,31279400,35.45,36.40,35.40,36.30,0.85,116
2012/08/24,1042082,37355359,36.40,36.50,35.55,36.30,0.00,164
2012/08/27,82297,2976073,36.60,36.60,35.95,35.95,-0.35,55
2012/08/28,72246,2535186,35.80,35.80,34.80,34.80,-1.15,46
2012/08/29,13164,457590,34.50,35.40,34.50,34.90,0.10,14
2012/08/30,9000,314300,35.20,35.20,34.80,34.90,0.00,7
2012/08/31,33100,1152500,34.50,35.00,34.40,34.50,-0.40,16
2012/09/03,233232,8166840,34.90,35.20,34.80,34.80,0.30,34
2012/09/04,114164,4068930,35.80,35.80,35.25,35.45,0.65,42
2012/09/05,347809,12546074,35.00,36.80,34.55,36.40,0.95,137
2012/09/06,54000,1928050,36.90,36.90,35.00,35.15,-1.25,41
2012/09/07,22000,784550,35.80,35.80,35.25,35.25,0.10,21
2012/09/10,47396,1665908,36.50,36.50,34.90,35.45,0.20,32
2012/09/11,17082,602795,35.40,35.50,35.10,35.10,-0.35,15
2012/09/12,26000,913550,35.50,35.50,34.65,34.65,-0.45,21
2012/09/13,15901,553914,35.30,35.30,34.65,34.65,0.00,20
2012/09/14,43000,1503350,34.90,35.00,34.70,34.70,0.05,18
2012/09/17,31246,1082924,34.80,34.80,34.55,34.70,0.00,26
2012/09/18,11246,387437,34.50,34.80,34.30,34.80,0.10,11
2012/09/19,11000,382900,34.85,34.90,34.60,34.60,-0.20,10
2012/09/20,41657,1427340,34.90,34.90,34.00,34.00,-0.60,33
2012/09/21,32164,1095009,34.10,34.30,33.90,34.20,0.20,23
2012/09/24,10739,364529,34.00,34.00,33.90,33.90,-0.30,11
2012/09/25,36000,1210600,33.90,33.90,33.50,33.55,-0.35,26
2012/09/26,25082,820998,33.45,33.45,32.00,32.30,-1.25,21
2012/09/27,28000,891500,31.30,32.20,31.10,32.20,-0.10,19
2012/09/28,20597,659282,32.00,32.15,31.60,32.15,-0.05,14
2012/10/01,41000,1349350,32.15,33.50,32.15,32.40,0.25,32
2012/10/02,22503,744747,33.75,33.85,32.60,33.15,0.75,20
2012/10/03,26726,866165,32.70,32.70,32.15,32.70,-0.45,28
2012/10/04,25328,806778,32.60,32.60,31.50,32.45,-0.25,28
2012/10/05,12200,389089,31.65,32.30,31.55,32.30,-0.15,12
2012/10/08,25128,795744,32.20,32.20,31.50,31.90,-0.40,21
2012/10/09,25246,794300,31.80,31.90,31.00,31.00,-0.90,17
2012/10/11,42411,1239862,30.00,30.50,29.00,30.50,-0.50,26
2012/10/12,22082,648427,30.30,30.30,29.00,29.90,-0.60,18
2012/10/15,13000,379400,29.05,29.75,28.55,29.75,-0.15,13
2012/10/16,18754,544628,29.30,29.30,29.00,29.25,-0.50,12
2012/10/17,23000,670100,29.10,29.35,28.50,29.20,-0.05,17
2012/10/18,23069,654832,28.40,28.90,28.00,28.30,-0.90,22
2012/10/19,36000,992900,27.80,28.10,27.00,27.45,-0.85,30
2012/10/22,10178,281012,27.40,27.70,27.40,27.70,0.25,11
2012/10/23,12100,332840,27.55,27.55,27.50,27.50,-0.20,7
2012/10/24,29219,790537,27.50,27.50,26.20,26.20,-1.30,21
2012/10/25,51411,1339157,26.30,26.30,25.50,25.50,-0.70,34
2012/10/26,58112,1436460,25.50,25.50,23.80,23.80,-1.70,31
2012/10/29,50416,1152274,22.60,23.20,22.30,23.20,-0.60,32
2012/10/30,30411,708544,23.20,23.60,23.20,23.30,0.10,24
2012/10/31,5082,119735,23.00,23.80,23.00,23.80,0.50,5
2012/11/01,19974,470827,23.50,24.15,23.50,24.15,0.35,14
2012/11/02,44100,1089850,25.00,25.75,24.50,24.50,0.35,18
2012/11/05,22082,531200,24.00,24.60,24.00,24.60,0.10,6
2012/11/06,17000,441300,26.30,26.30,25.50,25.95,1.35,14
2012/11/07,8000,205600,25.30,26.25,25.30,26.20,0.25,7
2012/11/08,46096,1177296,26.20,26.20,25.30,26.15,-0.05,8
2012/11/09,58000,1515700,26.80,26.90,25.70,26.80,0.65,13
2012/11/12,24001,671327,28.35,28.35,27.80,27.80,1.00,13
2012/11/13,26722,714004,28.20,28.20,26.50,26.50,-1.30,24
2012/11/14,19931,539364,27.95,27.95,26.30,27.20,0.70,19
2012/11/15,80082,2156789,26.60,27.25,26.60,27.00,-0.20,17
2012/11/16,134000,3603500,26.50,27.00,26.50,26.80,-0.20,25
2012/11/19,123000,3287650,26.50,27.00,26.50,27.00,0.20,29
2012/11/20,152903,4157689,26.80,27.70,26.70,27.70,0.70,42
2012/11/21,153000,4108300,27.70,27.70,26.65,26.70,-1.00,40
2012/11/22,49001,1298676,26.70,26.70,26.20,26.70,0.00,22
2012/11/23,117411,3204832,26.20,27.40,26.20,26.80,0.10,21
2012/11/26,119000,3255500,26.55,27.70,26.55,27.30,0.50,22
2012/11/27,127000,3497350,27.50,28.10,27.10,27.50,0.20,32
2012/11/28,126246,3495764,27.85,28.00,27.60,28.00,0.50,31
2012/11/29,180822,5113682,28.30,28.40,28.20,28.20,0.20,46
2012/11/30,152150,4305416,28.20,28.35,27.60,27.60,-0.60,35
2012/12/03,126283,3505987,28.20,28.20,27.60,27.70,0.10,29
2012/12/04,114000,3091350,27.50,27.50,27.10,27.20,-0.50,19
2012/12/05,150425,4130469,27.50,27.70,27.20,27.65,0.45,41
2012/12/06,177082,4958129,27.70,28.50,27.65,28.05,0.40,60
2012/12/07,167575,4734592,28.05,28.50,28.05,28.10,0.05,68
2012/12/10,31000,861500,28.10,28.10,27.50,28.10,0.00,28
2012/12/11,17000,471300,27.00,28.10,27.00,27.50,-0.60,14
2012/12/12,17000,469550,27.75,27.90,27.50,27.50,0.00,14
2012/12/13,103410,2839516,27.85,27.90,27.00,27.00,-0.50,64
2012/12/14,18000,487150,27.30,27.35,26.90,27.00,0.00,16
2012/12/17,16164,437912,27.50,27.50,26.80,26.80,-0.20,14
2012/12/18,14000,369450,26.00,27.00,26.00,26.30,-0.50,12
2012/12/19,69000,1802150,27.10,27.10,25.75,26.30,0.00,36
2012/12/20,65082,1681398,26.25,26.25,25.50,25.85,-0.45,33
2012/12/21,35100,885645,25.60,25.85,25.05,25.80,-0.05,14
2012/12/24,18001,466025,25.50,26.00,25.50,25.95,0.05,10
2012/12/25,64000,1732900,25.85,27.70,25.75,27.60,1.65,42
2012/12/26,106038,2944660,27.60,27.90,27.30,27.90,0.30,32
2012/12/27,159493,4601497,27.55,29.60,27.55,29.25,1.35,108
2012/12/28,120986,3499091,28.00,30.00,28.00,29.30,0.05,67
2013/01/02,9082,264228,29.20,29.30,28.80,29.25,-0.05,9
2013/01/03,71479,2103738,29.25,29.70,29.00,29.40,0.15,38
2013/01/04,69000,2057350,29.60,30.10,29.40,29.40,0.00,34
2013/01/07,18688,551630,29.45,29.80,29.40,29.80,0.40,16
2013/01/08,103411,3068474,29.70,29.80,29.00,29.75,-0.05,22
2013/01/09,38000,1096050,29.40,29.40,28.25,28.35,-1.40,20
2013/01/10,317000,9353450,28.35,30.00,28.00,29.95,1.60,114
2013/01/11,72001,2144079,30.00,30.00,29.35,29.35,-0.60,39
2013/01/14,27589,794322,29.00,29.20,28.50,29.10,-0.25,22
2013/01/15,9082,258746,29.00,29.00,28.30,28.30,-0.80,10
2013/01/16,11000,311250,28.25,28.30,28.25,28.30,0.00,6
2013/01/17,12398,347894,28.30,28.30,27.75,27.75,-0.55,11
2013/01/18,20164,558910,27.75,27.75,27.60,27.75,0.00,18
2013/01/21,8329,230479,27.90,27.90,27.50,27.75,0.00,7
2013/01/22,21290,587987,27.75,27.75,27.25,27.50,-0.25,20
2013/01/23,73000,2054300,27.40,28.80,27.40,28.75,1.25,43
2013/01/24,112000,3246650,28.70,29.35,28.00,29.35,0.60,68
2013/01/25,35410,1035721,29.35,29.60,28.90,29.50,0.15,22
2013/01/28,20000,575450,28.90,29.00,28.60,28.60,-0.90,16
2013/01/29,35999,1036220,27.60,29.35,27.60,29.00,0.40,28
2013/01/30,15986,460697,28.60,29.15,28.50,29.00,0.00,11
2013/01/31,54411,1570444,29.00,29.00,28.85,28.95,-0.05,19
2013/02/01,24317,696065,28.20,28.85,28.20,28.85,-0.10,13
2013/02/04,129300,3725859,28.90,28.95,28.10,28.95,0.10,28
2013/02/05,128246,3670108,28.95,28.95,28.25,28.90,-0.05,35
2013/02/06,208909,6124965,28.90,29.75,28.60,29.75,0.85,82
2013/02/18,174082,5341217,30.75,31.00,30.15,31.00,1.25,86
2013/02/19,143000,4505700,31.90,31.90,31.20,31.65,0.65,53
2013/02/20,161178,5136292,31.20,32.05,31.20,32.05,0.40,75
2013/02/21,158314,5062101,31.90,32.05,31.55,31.70,-0.35,66
2013/02/22,173647,5474523,31.70,32.20,31.00,32.15,0.45,58
2013/02/25,167364,5383048,32.20,32.40,31.90,32.30,0.10,51
2013/02/26,153212,5074047,32.30,33.75,32.30,32.60,0.30,66
2013/02/27,137611,4508885,32.60,33.45,32.50,32.60,0.00,42
2013/03/01,164658,5258346,32.30,32.30,31.35,31.35,-1.25,71
2013/03/04,34082,1050784,31.40,31.60,30.20,30.65,-0.70,32
2013/03/05,30904,940540,30.65,31.00,30.25,30.60,-0.05,23
2013/03/06,44000,1344650,30.70,31.30,30.25,30.25,-0.35,29
2013/03/07,47082,1425655,30.30,30.55,30.15,30.15,-0.10,18
2013/03/08,48918,1470990,30.20,30.40,29.90,29.95,-0.20,38
2013/03/11,22658,688655,30.70,30.70,30.00,30.45,0.50,17
2013/03/12,147246,4527516,30.65,31.15,30.30,30.30,-0.15,69
2013/03/13,50000,1519350,30.30,30.70,29.80,30.20,-0.10,38
2013/03/14,26114,782235,30.20,30.20,29.75,29.80,-0.40,22
2013/03/15,22480,664670,29.80,29.90,29.30,29.30,-0.50,21
2013/03/18,66164,1909424,29.05,29.15,28.45,28.80,-0.50,33
2013/03/19,68000,1956100,28.00,29.05,28.00,28.85,0.05,29
2013/03/20,11000,313500,28.85,28.85,28.25,28.25,-0.60,10
2013/03/21,26532,743896,28.25,28.50,27.75,27.75,-0.50,29
2013/03/22,330082,9093551,27.75,27.90,26.75,27.00,-0.75,90
2013/03/25,33246,918715,28.40,28.40,27.35,27.50,0.50,31
2013/03/26,70329,1909398,27.50,27.50,27.00,27.50,0.00,29
2013/03/27,35000,952850,27.50,27.50,27.10,27.10,-0.40,25
2013/03/28,9000,243050,27.10,27.10,26.85,26.85,-0.25,8
2013/03/29,69082,1859880,27.10,27.30,26.65,26.65,-0.20,46
2013/04/01,42493,1123018,26.80,26.80,25.90,25.90,-0.75,33
2013/04/02,76456,1986306,26.00,26.20,25.80,26.00,0.10,37
2013/04/03,22760,592836,26.00,26.40,25.80,26.40,0.40,17
2013/04/08,47082,1177141,26.10,26.10,24.80,25.80,-0.60,30
2013/04/09,31000,794350,25.60,25.80,25.15,25.20,-0.60,23
2013/04/10,50170,1255435,25.20,25.25,24.85,25.25,0.05,32
2013/04/11,103071,2585002,25.25,25.85,24.85,24.85,-0.40,53
2013/04/12,49674,1234495,25.10,25.10,24.50,24.60,-0.25,39
2013/04/15,8575,209222,24.60,24.60,24.20,24.55,-0.05,9
2013/04/16,14000,338700,23.60,24.55,23.60,24.55,0.00,13
2013/04/17,24351,595526,24.55,24.55,24.30,24.30,-0.25,22
2013/04/18,26410,650747,24.30,24.80,24.30,24.75,0.45,13
2013/04/19,24493,607526,24.75,25.25,24.35,24.80,0.05,22
2013/04/22,6000,148000,24.80,24.80,24.50,24.50,-0.30,6
2013/04/23,25329,619694,24.50,24.50,24.40,24.40,-0.10,16
2013/04/24,63000,1531550,24.40,24.40,24.20,24.35,-0.05,37
2013/04/25,33000,800750,24.40,24.40,24.10,24.15,-0.20,19
2013/04/26,44082,1062359,24.10,24.40,24.00,24.00,-0.15,26
2013/04/29,58658,1377516,23.90,23.90,23.25,23.25,-0.75,46
2013/04/30,52082,1254463,23.60,24.70,23.60,23.90,0.65,29
2013/05/02,77657,1814588,23.90,23.90,23.20,23.75,-0.15,46
2013/05/03,133056,3194095,23.70,24.70,23.40,24.20,0.45,81
2013/05/06,385282,9869797,24.30,25.85,24.30,25.85,1.65,164
2013/05/07,350242,9583738,26.60,27.65,26.20,27.65,1.80,219
2013/05/08,306657,8817796,29.50,29.50,27.85,28.15,0.50,240
2013/05/09,130600,3577900,27.90,27.90,27.00,27.20,-0.95,116
2013/05/10,140000,3796700,27.20,27.65,26.60,27.60,0.40,72
2013/05/13,32329,869733,26.80,27.45,26.65,27.00,-0.60,28
2013/05/14,95412,2628479,27.20,27.80,27.05,27.80,0.80,64
2013/05/15,69246,1897254,27.80,27.80,27.20,27.20,-0.60,35
2013/05/16,195100,5377109,27.20,28.60,26.95,28.60,1.40,68
2013/05/17,412050,11790250,28.10,29.10,27.90,29.00,0.40,81
2013/05/20,146000,4216700,28.40,29.40,28.40,29.40,0.40,39
2013/05/21,179100,5170364,29.30,29.75,27.80,27.80,-1.60,77
2013/05/22,177092,4928606,28.20,28.50,27.30,27.40,-0.40,60
2013/05/23,144000,3922600,27.50,27.80,27.10,27.10,-0.30,35
2013/05/24,130000,3529000,27.50,27.50,27.00,27.00,-0.10,29
2013/05/27,123822,3381626,27.00,27.50,27.00,27.35,0.35,27
2013/05/28,141000,3832700,27.35,27.40,27.00,27.00,-0.35,31
2013/05/29,146368,4058030,27.20,28.20,27.20,27.90,0.90,57
2013/05/30,135425,3747522,27.50,27.90,27.50,27.80,-0.10,37
2013/05/31,119112,3297252,28.20,28.20,27.40,27.40,-0.40,28
2013/06/03,119082,3213864,27.40,27.40,26.70,27.30,-0.10,39
2013/06/04,134164,3654370,27.25,27.70,26.80,26.80,-0.50,41
2013/06/05,124010,3338717,26.80,27.30,26.70,26.80,0.00,39
2013/06/06,121082,3262289,26.80,27.15,26.80,26.95,0.15,39
2013/06/07,60000,1616400,26.95,27.00,26.70,27.00,0.05,19
2013/06/10,163164,4335164,26.80,27.20,26.00,26.00,-1.00,52
2013/06/11,26164,684264,26.00,26.50,26.00,26.00,0.00,16
2013/06/13,33768,871600,26.30,26.30,25.10,25.10,-0.90,18
2013/06/14,12493,315048,25.20,25.30,25.20,25.30,0.20,13
2013/06/17,309369,7927199,24.60,25.80,24.60,25.65,0.35,23
2013/06/18,67164,1712050,25.65,25.85,25.25,25.25,-0.40,15
2013/06/19,14000,356800,25.25,25.85,25.25,25.70,0.45,13
2013/06/20,8000,205150,25.70,25.70,25.35,25.35,-0.35,7
2013/06/21,9022,227902,25.10,25.35,25.10,25.35,0.00,9
2013/06/24,10000,254050,25.35,25.60,25.30,25.30,-0.05,9
2013/06/25,6479,164067,25.25,25.55,25.25,25.55,0.25,8
2013/06/26,10050,255450,25.55,25.55,25.20,25.20,-0.35,8
2013/06/27,2443,62846,25.75,25.80,25.75,25.80,0.60,5
2013/06/28,13000,332600,25.80,25.80,25.30,25.30,-0.50,10
2013/07/01,92082,2378902,25.65,25.90,25.65,25.90,0.60,33
2013/07/02,53164,1448028,26.10,27.65,26.10,27.00,1.10,40
2013/07/03,51000,1363950,27.35,27.35,26.50,26.90,-0.10,28
2013/07/04,19000,505000,26.80,26.95,26.25,26.30,-0.60,16
2013/07/05,51051,1334876,26.30,26.70,25.90,26.00,-0.30,22
2013/07/08,13579,343425,25.65,25.65,25.20,25.20,-0.80,8
2013/07/09,22000,545200,25.20,25.20,24.65,24.65,-0.55,17
2013/07/10,144905,3622307,24.65,25.30,24.65,25.30,0.65,74
2013/07/11,72030,1782444,24.75,25.10,24.30,25.10,,45
2013/07/12,104000,2698200,25.75,26.30,25.20,26.30,1.20,57
2013/07/15,64086,1715652,26.95,27.05,26.00,27.05,0.75,47
2013/07/16,125087,3440701,27.05,27.90,27.00,27.90,0.85,58
2013/07/17,52751,1469302,28.30,28.30,27.30,28.00,0.10,31
2013/07/18,96794,2763282,28.70,29.35,28.10,28.10,0.10,55
2013/07/19,93000,2553900,27.70,27.75,27.05,27.50,-0.60,45
2013/07/22,105182,2962481,27.50,28.50,27.00,28.50,1.00,61
2013/07/23,131945,3844927,28.30,29.80,27.75,29.80,1.30,85
2013/07/24,123383,3736650,29.90,30.80,28.90,30.75,0.95,76
2013/07/25,172547,5383152,30.75,32.00,30.00,31.65,0.90,102
2013/07/26,115050,3686000,32.90,32.90,31.25,32.30,0.65,74
2013/07/29,76164,2445530,32.30,32.30,31.50,32.25,-0.05,47
2013/07/30,34493,1108374,32.25,32.50,32.00,32.50,0.25,18
2013/07/31,59114,1819013,31.65,32.00,30.25,32.00,-0.50,42
2013/08/01,61986,1933858,30.70,32.00,30.50,31.85,-0.15,45
2013/08/02,47000,1457750,30.80,31.75,30.75,30.90,-0.95,19
2013/08/05,31000,954700,30.70,31.00,30.40,31.00,0.10,22
2013/08/06,5000,153550,31.00,31.00,30.30,30.30,-0.70,4
2013/08/07,159000,4884900,31.00,31.10,30.30,30.50,0.20,82
2013/08/08,46245,1421672,30.70,30.90,30.50,30.85,0.35,27
2013/08/09,16000,494450,31.00,31.00,30.85,30.85,0.00,9
2013/08/12,58000,1798250,30.85,31.20,30.85,31.00,0.15,33
2013/08/13,19246,594901,31.10,31.15,30.60,31.00,0.00,19
2013/08/14,74431,2319161,31.00,31.50,30.60,31.30,0.30,36
2013/08/15,167082,5285908,31.20,32.15,31.00,31.50,0.20,83
2013/08/16,364000,11490350,31.50,31.90,31.35,31.60,0.10,110
2013/08/19,158924,5297226,31.90,33.80,31.90,33.80,2.20,111
2013/08/20,104854,3746919,35.00,36.15,34.80,36.15,2.35,79
2013/08/22,571370,21834771,38.25,38.65,37.15,38.65,2.50,347
2013/08/23,407458,16123093,38.20,40.45,38.00,39.60,0.95,239
2013/08/26,173953,6882767,40.30,40.30,38.80,39.40,-0.20,108
2013/08/27,131069,5092186,39.40,39.80,38.30,38.50,-0.90,92
2013/08/28,212378,8404107,38.50,40.65,38.50,40.55,2.05,152
2013/08/29,373050,15796952,42.00,43.25,41.00,43.25,2.70,223
2013/08/30,120536,5141914,43.30,43.30,42.05,42.50,-0.75,92
2013/09/02,75903,3227164,42.50,43.00,42.15,42.50,0.00,60
2013/09/03,162036,6712520,42.50,42.50,41.00,41.15,-1.35,94
2013/09/04,107657,4460383,41.15,41.80,41.15,41.70,0.55,51
2013/09/05,90082,3855973,42.00,43.20,42.00,42.00,0.30,69
2013/09/06,61111,2583375,42.00,43.00,41.80,42.10,0.10,39
2013/09/09,144658,6210730,42.50,43.30,42.50,43.00,0.90,60
2013/09/10,128328,5513522,43.00,43.80,42.50,43.00,0.00,50
2013/09/11,125164,5260220,42.80,42.90,41.00,42.90,-0.10,73
2013/09/12,123493,5282252,42.20,43.30,42.20,42.80,-0.10,60
2013/09/13,186111,8252939,42.85,44.90,42.85,44.90,2.10,128
2013/09/16,118548,5040484,42.25,43.40,42.00,42.20,-2.00,95
2013/09/17,56050,2373050,42.20,42.95,42.20,42.20,0.00,43
2013/09/18,54096,2283432,42.20,42.30,42.20,42.20,0.00,36
2013/09/23,105150,4244287,42.20,42.20,39.50,39.50,-2.70,79
2013/09/24,85646,3421631,39.00,40.15,39.00,40.00,0.50,52
2013/09/25,26000,1041850,40.05,40.40,39.60,40.10,0.10,16
2013/09/26,16600,659180,40.15,40.15,39.20,39.20,-0.90,11
2013/09/27,138100,5423119,39.40,40.00,39.10,39.25,0.05,19
2013/09/30,151999,6058459,40.00,40.45,39.30,39.85,0.60,26
2013/10/01,23285,931614,40.00,40.10,40.00,40.10,0.25,20
2013/10/02,14100,566970,40.10,40.40,40.10,40.40,0.30,14
2013/10/03,64999,2714958,41.00,42.20,41.00,42.00,1.60,50
2013/10/04,70632,3023673,42.00,43.80,41.65,43.00,1.00,54
2013/10/07,16164,693138,43.00,43.50,42.30,42.30,-0.70,12
2013/10/08,27644,1141876,41.30,41.75,41.05,41.05,-1.25,20
2013/10/09,21000,857850,41.50,41.50,40.35,40.90,-0.15,15
2013/10/11,77822,3231519,40.90,42.80,39.85,41.30,0.40,50
2013/10/14,47082,1950704,41.50,42.20,40.70,40.70,-0.60,23
2013/10/15,33164,1333544,40.70,41.10,40.00,40.00,-0.70,25
2013/10/16,20200,819640,40.50,40.90,40.00,40.00,0.00,14
2013/10/17,28246,1144891,40.05,41.05,40.00,40.00,0.00,14
2013/10/18,6664,269425,40.05,40.55,40.05,40.55,0.55,6
2013/10/21,13738,559508,40.80,41.40,40.55,41.00,0.45,15
2013/10/22,12098,504118,41.70,42.45,41.00,41.00,0.00,12
2013/10/23,4164,170007,41.00,41.30,40.50,41.30,0.30,5
2013/10/24,17329,698979,41.30,41.30,39.45,39.45,-1.85,13
2013/10/25,14093,555093,39.50,40.00,39.00,39.00,-0.45,18
2013/10/28,27533,1058347,39.05,39.05,37.80,38.85,-0.15,25
2013/10/29,13082,506590,38.80,38.80,38.70,38.70,-0.15,13
2013/10/30,34000,1369100,39.50,41.00,39.50,40.00,1.30,31
2013/10/31,18082,718294,40.00,40.50,38.70,38.70,-1.30,15
2013/11/01,26096,998685,38.70,39.00,37.80,38.05,-0.65,20
2013/11/04,144260,5751455,39.90,40.60,38.20,40.60,2.55,62
2013/11/05,254329,10466737,40.60,41.70,40.60,41.60,1.00,107
2013/11/06,22000,903300,41.60,41.60,40.50,40.75,-0.85,14
2013/11/07,56000,2329900,40.75,42.55,40.05,41.50,0.75,36
2013/11/08,41000,1712750,41.50,42.30,41.50,41.80,0.30,23
2013/11/11,48082,2009220,42.30,42.30,41.50,41.50,-0.30,36
2013/11/12,111025,4682772,42.10,43.00,40.80,42.90,1.40,80
2013/11/13,114898,4934154,43.45,43.45,42.05,43.00,0.10,87
2013/11/14,33847,1434550,43.00,43.00,41.75,41.90,-1.10,29
2013/11/15,20739,855826,41.60,41.60,41.00,41.10,-0.80,19
2013/11/18,10050,409865,40.75,41.10,40.70,40.70,-0.40,11
2013/11/19,31000,1278650,40.70,41.95,40.35,41.80,1.10,28
2013/11/20,227025,9833166,42.80,44.50,42.60,42.80,1.00,141
2013/11/21,45311,1935706,42.80,43.20,41.40,41.40,-1.40,29
2013/11/22,58000,2402900,41.55,41.60,41.20,41.40,0.00,31
2013/11/25,12000,492100,41.05,41.05,41.00,41.00,-0.40,6
2013/11/26,22151,892140,40.40,40.95,40.00,40.75,-0.25,24
2013/11/27,72164,2981140,41.95,41.95,40.40,41.50,0.75,45
2013/11/28,50082,2081298,41.50,41.80,40.50,41.70,0.20,32
2013/11/29,94068,3969606,41.00,42.60,41.00,42.40,0.70,68
2013/12/02,27250,1119748,41.50,41.50,40.95,41.00,-1.40,23
2013/12/03,63000,2535950,40.30,40.95,40.00,40.80,-0.20,45
2013/12/04,12000,482700,41.00,41.00,40.00,40.50,-0.30,12
2013/12/05,9000,366450,40.85,40.85,40.15,40.15,-0.35,7
2013/12/06,4000,162600,40.70,40.70,40.60,40.60,0.45,3
2013/12/09,45082,1821546,40.70,40.70,39.80,40.60,0.00,15
2013/12/10,38082,1569929,40.60,42.00,39.70,41.00,0.40,29
2013/12/11,34000,1383400,41.45,41.45,39.70,39.70,-1.30,23
2013/12/12,98082,4088420,40.50,42.30,40.50,41.50,1.80,76
2013/12/13,83246,3463308,41.50,42.00,41.00,41.70,0.20,51
2013/12/16,30000,1237800,41.70,41.70,40.70,41.40,-0.30,18
2013/12/17,25164,1027125,41.80,41.80,40.25,40.80,-0.60,23
2013/12/18,4000,164000,41.00,41.00,41.00,41.00,0.20,3
2013/12/19,7425,305387,41.00,41.30,41.00,41.00,0.00,9
2013/12/20,49328,2054080,42.00,42.00,41.30,41.50,0.50,37
2013/12/23,9246,382049,42.50,42.50,41.00,41.00,-0.50,10
2013/12/24,140139,5779253,41.00,42.00,40.50,41.80,0.80,96
2013/12/25,13223,546174,41.80,41.80,40.80,40.80,-1.00,12
2013/12/26,19105,774592,40.80,41.00,40.30,40.40,-0.40,19
2013/12/27,18411,746390,40.55,40.90,40.20,40.20,-0.20,17
2013/12/30,32001,1288790,40.30,40.70,39.80,40.20,0.00,27
2013/12/31,15240,601295,39.80,39.80,39.15,39.25,-0.95,13
2014/01/02,35594,1366964,39.05,39.05,37.60,38.45,-0.80,31
2014/01/03,281492,10722588,37.60,38.85,37.45,38.85,0.40,87
2014/01/06,48083,1886828,38.70,39.50,38.70,39.50,0.65,34
2014/01/07,30008,1185220,39.80,40.00,38.70,40.00,0.50,28
2014/01/08,96082,3757930,40.00,40.00,38.90,39.00,-1.00,47
2014/01/09,17164,664331,38.35,39.50,38.25,38.55,-0.45,15
2014/01/10,8411,321364,38.55,38.55,38.00,38.05,-0.50,10
2014/01/13,10082,385841,38.95,38.95,37.70,37.70,-0.35,9
2014/01/14,47246,1756102,37.70,37.70,36.75,36.80,-0.90,29
2014/01/15,52260,1866868,36.50,36.50,35.25,36.00,-0.80,42
2014/01/16,104891,3625309,35.15,35.15,34.00,34.00,-2.00,66
2014/01/17,229082,7328445,32.60,32.90,31.65,31.65,-2.35,158
2014/01/20,114115,3575130,31.05,32.20,30.65,31.55,-0.10,67
2014/01/21,36065,1136857,31.85,31.95,31.20,31.40,-0.15,25
2014/01/22,5000,158150,31.90,31.90,31.35,31.35,-0.05,5
2014/01/23,39701,1223755,31.40,31.40,30.60,31.00,-0.35,23
2014/01/24,47082,1418910,30.80,30.80,29.90,30.00,-1.00,39
2014/01/27,45082,1312678,30.00,30.00,29.00,29.00,-1.00,31
2014/02/05,27000,766250,28.80,28.80,28.10,28.50,-0.50,18
2014/02/06,51246,1490469,28.60,29.80,28.60,29.80,1.30,33
2014/02/07,22100,659455,29.90,30.00,29.50,30.00,0.20,18
2014/02/10,110105,3346002,30.00,30.40,30.00,30.40,0.40,6
2014/02/11,110001,3266180,30.40,30.40,29.30,29.70,-0.70,64
2014/02/12,112000,3319650,29.50,29.75,29.15,29.45,-0.25,47
2014/02/13,121411,3591792,29.45,29.75,29.40,29.60,0.15,15
2014/02/14,114082,3377510,29.60,29.95,29.35,29.65,0.05,54
2014/02/17,48000,1438800,29.70,30.05,29.65,30.00,0.35,14
2014/02/18,105411,3153986,29.10,30.10,29.10,29.85,-0.15,32
2014/02/19,107246,3202993,30.15,30.20,29.65,29.85,0.00,35
2014/02/20,337120,10320620,29.85,31.40,29.85,31.10,1.25,143
2014/02/21,530740,17263684,31.80,32.95,31.60,32.95,1.85,191
2014/02/24,209260,6941005,32.90,33.65,32.35,33.10,0.15,107
2014/02/25,210000,7047500,33.00,33.85,32.40,33.85,0.75,72
2014/02/26,213164,7329308,34.10,34.55,34.00,34.55,0.70,79
2014/02/27,183621,6412217,35.00,35.15,34.55,34.90,0.35,68
2014/03/03,74658,2457266,32.50,33.40,32.50,33.00,-1.90,47
2014/03/04,118000,3787750,33.00,33.00,31.65,31.75,-1.25,70
2014/03/05,126164,4050315,32.00,32.60,31.70,32.10,0.35,30
2014/03/06,112000,3650500,32.75,32.75,32.25,32.60,0.50,14
2014/03/07,120000,3775150,32.70,32.70,31.25,31.25,-1.35,28
2014/03/10,31327,969288,31.20,31.20,30.70,30.70,-0.55,27
2014/03/11,11000,339250,30.70,30.90,30.70,30.85,0.15,10
2014/03/12,25164,794964,30.90,32.50,30.90,32.40,1.55,24
2014/03/13,5000,162550,32.60,32.60,32.35,32.35,-0.05,4
2014/03/14,7000,224200,32.00,32.05,32.00,32.05,-0.30,6
2014/03/17,51164,1594990,32.30,32.30,31.00,31.30,-0.75,30
2014/03/18,25082,779029,31.25,31.50,30.65,31.05,-0.25,13
2014/03/19,4904,151092,30.85,30.85,30.80,30.80,-0.25,7
2014/03/20,14589,456858,31.75,31.75,30.95,30.95,0.15,17
2014/03/21,14000,431500,31.10,31.10,30.40,30.80,-0.15,7
2014/03/24,17000,511450,30.50,30.50,29.75,29.75,-1.05,15
2014/03/25,19000,575100,30.35,30.50,30.00,30.30,0.55,17
2014/03/26,15000,453550,30.30,30.80,30.10,30.55,0.25,12
2014/03/27,2082,62614,30.10,30.10,30.05,30.05,-0.50,3
2014/03/28,18745,564919,30.25,30.25,30.05,30.05,0.00,12
2014/03/31,10000,300250,29.20,30.80,29.20,30.80,0.75,10
2014/04/01,12019,361729,30.10,30.50,29.95,30.50,-0.30,13
2014/04/02,42008,1287348,30.50,31.20,30.15,31.20,0.70,26
2014/04/03,25082,773675,31.10,31.10,30.55,31.10,-0.10,19
2014/04/07,27017,812568,29.70,30.65,29.55,30.55,-0.55,18
2014/04/08,20246,613702,30.50,30.55,30.00,30.45,-0.10,17
2014/04/09,21082,638442,30.25,30.70,30.00,30.70,0.25,13
2014/04/10,30139,909299,30.60,30.70,29.65,29.85,-0.85,21
2014/04/11,170246,5083053,29.80,30.60,29.00,30.60,0.75,58
2014/04/14,19000,572050,30.20,30.30,30.00,30.20,-0.40,10
2014/04/15,6218,186090,30.00,30.00,29.55,30.00,-0.20,7
2014/04/16,13164,390804,29.95,29.95,29.50,29.90,-0.10,11
2014/04/17,28062,825866,29.55,29.90,29.20,29.55,-0.35,15
2014/04/18,44082,1292382,29.55,29.55,29.05,29.05,-0.50,27
2014/04/21,7750,223835,29.05,29.05,28.85,28.85,-0.20,10
2014/04/22,8000,230150,28.65,28.85,28.65,28.85,0.00,8
2014/04/23,45631,1313806,28.85,29.20,28.30,28.30,-0.55,32
2014/04/24,28002,785306,28.40,28.40,27.60,28.25,-0.05,23
2014/04/25,62000,1667300,28.00,28.00,26.30,27.60,-0.65,35
2014/04/28,5100,136255,26.00,27.55,26.00,27.55,-0.05,6
2014/04/29,17246,483864,27.55,28.50,27.55,28.00,0.45,14
2014/04/30,16575,471319,28.80,28.80,27.55,27.85,-0.15,17
2014/05/02,20736,587395,28.45,28.50,27.75,28.10,0.25,18
2014/05/05,34164,964108,28.75,28.75,27.55,28.30,0.20,25
2014/05/06,7000,199200,28.10,28.85,28.10,28.85,0.55,7
2014/05/07,9822,276998,27.65,28.85,27.65,28.20,-0.65,10
2014/05/08,16102,438480,27.80,27.80,27.10,27.10,-1.10,14
2014/05/09,29000,794550,27.50,27.80,26.80,26.80,-0.30,16
2014/05/12,33000,881950,26.80,27.35,26.30,26.80,0.00,8
2014/05/13,22000,573850,26.80,26.80,26.00,26.55,-0.25,9
2014/05/14,21653,574340,26.50,26.60,26.50,26.50,-0.05,17
2014/05/15,28000,745000,26.40,27.00,26.30,26.55,0.05,12
2014/05/16,28328,749025,26.05,26.55,26.00,26.55,0.00,14
2014/05/19,21104,548972,26.05,26.20,25.70,25.70,-0.85,16
2014/05/20,21000,546550,25.70,26.50,25.70,26.50,0.80,14
2014/05/21,91000,2413350,26.10,26.70,26.10,26.55,0.05,31
2014/05/22,140464,3770992,26.60,27.80,26.10,27.80,1.25,72
2014/05/23,236986,6770943,28.70,29.10,27.65,29.10,1.30,86
2014/05/26,24000,685550,29.10,29.10,28.25,28.40,-0.70,17
2014/05/27,57039,1623905,27.90,28.90,27.90,28.55,0.15,32
2014/05/28,84164,2422107,28.05,29.30,28.05,28.70,0.15,35
2014/05/29,60000,1706450,28.90,28.90,28.10,28.10,-0.60,24
2014/05/30,27932,777859,27.80,28.30,27.70,28.05,-0.05,21
2014/06/03,13246,372377,28.70,28.70,27.80,27.80,-0.25,11
2014/06/04,6164,170601,27.70,27.70,27.65,27.70,-0.10,6
2014/06/05,76493,2171625,27.05,28.60,27.05,28.60,0.90,44
2014/06/06,41163,1186761,28.90,28.90,28.75,28.85,0.25,16
2014/06/09,52999,1548221,28.85,29.30,28.85,29.30,0.45,27
2014/06/10,100164,2928730,29.30,29.40,28.80,29.10,-0.20,37
2014/06/11,71290,2065152,28.95,29.20,28.45,29.10,0.00,30
2014/06/12,35000,1022600,28.65,29.50,28.65,29.50,0.40,17
2014/06/13,18069,524257,29.50,29.50,28.90,29.35,-0.15,11
2014/06/16,154000,4505700,29.10,29.70,28.25,29.35,0.00,50
2014/06/17,61410,1779256,29.35,29.35,28.80,29.05,-0.30,27
2014/06/18,79350,2323219,28.50,29.50,28.50,29.50,0.45,39
2014/06/19,16082,462232,28.80,28.85,28.45,28.45,-1.05,16
2014/06/20,20000,564950,28.45,28.45,28.05,28.05,-0.40,14
2014/06/23,4329,122060,28.05,28.60,28.05,28.60,0.55,5
2014/06/24,5000,141050,28.25,28.25,28.20,28.20,-0.40,5
2014/06/25,48246,1384760,27.50,29.10,27.50,29.00,0.80,26
2014/06/26,96000,2774200,28.40,29.45,28.15,29.40,0.40,53
2014/06/27,43302,1265856,29.40,29.50,29.00,29.05,-0.35,26
2014/06/30,46823,1360887,29.40,29.50,28.85,28.90,-0.15,22
2014/07/01,17000,490850,29.00,29.00,28.55,29.00,0.10,14
2014/07/02,15000,431650,29.00,29.10,28.65,29.10,0.10,13
2014/07/03,22492,649218,29.10,29.15,28.20,29.05,-0.05,18
2014/07/04,8493,244398,28.70,29.10,28.70,29.10,0.05,6
2014/07/07,5000,145500,29.10,29.10,29.10,29.10,0.00,3
2014/07/08,25411,725990,28.60,28.90,28.50,28.50,-0.60,15
2014/07/09,25082,710766,28.50,29.00,28.10,28.40,-0.10,19
2014/07/10,7094,199132,28.10,28.10,28.00,28.00,-0.40,5
2014/07/11,27047,734747,27.80,27.80,26.80,27.60,-0.40,21
2014/07/14,21000,557750,26.65,27.45,26.15,27.45,-0.15,14
2014/07/15,23246,624055,27.25,27.25,26.50,26.65,-0.80,20
2014/07/16,4000,107700,27.00,27.05,26.65,26.65,0.00,4
2014/07/17,9000,241200,27.05,27.05,26.35,26.35,-0.30,9
2014/07/18,14000,371800,26.50,26.95,26.05,26.90,0.55,13
2014/07/21,8082,216323,26.85,26.85,26.70,26.80,-0.10,6
2014/07/22,18011,480594,26.50,27.10,26.50,27.00,0.20,11
2014/07/24,4164,112595,27.05,27.05,27.05,27.05,0.05,5
2014/07/25,6082,163527,27.00,27.05,26.55,26.55,-0.50,6
2014/07/28,16000,423700,26.55,26.75,26.25,26.75,0.20,10
2014/07/29,3000,79500,26.25,26.65,26.25,26.65,-0.10,3
2014/07/30,14050,367432,26.65,26.70,25.85,26.55,-0.10,11
2014/07/31,12000,314150,26.20,26.20,26.10,26.10,-0.45,12
2014/08/01,3000,78250,25.95,26.35,25.95,26.35,0.25,3
2014/08/04,24000,646600,27.25,27.25,26.40,27.00,0.65,21
2014/08/05,2001,52776,26.50,26.50,26.25,26.25,-0.75,3
2014/08/06,35000,904500,25.85,26.00,25.80,25.80,-0.45,9
2014/08/07,110000,2709500,25.40,25.40,24.25,24.70,-1.10,55
2014/08/08,26052,627568,23.30,24.70,23.30,24.65,-0.05,23
2014/08/11,6065,148642,24.40,24.75,24.10,24.75,0.10,7
2014/08/12,1101,28030,25.45,25.45,25.45,25.45,0.70,3
2014/08/13,12000,296900,25.00,25.00,24.50,24.50,-0.95,6
2014/08/14,3000,73500,24.50,24.50,24.50,24.50,0.00,3
2014/08/15,1000,24050,24.05,24.05,24.05,24.05,-0.45,1
2014/08/18,8000,190500,23.60,24.05,23.55,24.05,0.00,5
2014/08/19,31164,756200,23.75,24.80,23.25,24.60,0.55,20
2014/08/20,5000,121000,24.10,24.55,24.10,24.55,-0.05,5
2014/08/21,0,0,---,---,---,---,---,0
2014/08/22,6000,143550,24.00,24.25,23.80,24.25,0.05,6
2014/08/25,10000,240950,24.25,24.40,23.90,24.00,-0.25,8
2014/08/26,14160,344702,24.20,24.50,24.20,24.50,0.50,11
2014/08/27,5086,126600,24.35,25.25,24.35,25.25,0.75,5
2014/08/28,32904,856125,25.45,26.20,25.45,25.50,0.25,15
2014/08/29,13000,339300,25.95,26.15,25.95,26.15,0.65,10
2014/09/01,13411,346253,26.20,26.50,25.15,26.10,-0.05,13
2014/09/02,0,0,---,---,---,---,---,0
2014/09/03,34082,915830,25.75,27.45,25.75,27.45,1.45,30
2014/09/04,82000,2357350,27.80,29.35,27.80,28.50,1.05,59
2014/09/05,39164,1120657,28.50,28.90,28.00,28.70,0.20,23
2014/09/09,7000,195050,28.00,28.00,27.80,27.80,-0.90,6
2014/09/10,5000,136200,27.20,27.50,27.10,27.50,-0.30,5
2014/09/11,3328,90687,27.45,27.45,26.85,27.45,-0.05,6
2014/09/12,3000,81300,27.45,27.45,26.90,26.90,-0.55,3
2014/09/15,19000,490600,26.15,26.45,25.50,25.75,-1.15,17
2014/09/16,6000,156000,26.00,26.00,26.00,26.00,0.25,4
2014/09/17,82,2054,---,---,---,---,---,1
2014/09/18,7082,180462,26.00,26.00,25.15,25.15,-0.85,8
2014/09/19,2000,51150,25.90,25.90,25.25,25.25,0.10,2
2014/09/22,10740,273765,25.25,26.20,25.25,26.20,0.95,11
2014/09/23,11000,283550,26.05,26.20,25.55,25.55,-0.65,10
2014/09/24,9000,228900,25.60,25.60,25.25,25.55,0.00,9
2014/09/25,8020,204653,25.60,25.60,25.15,25.15,-0.40,7
2014/09/26,18763,458430,24.00,24.90,24.00,24.55,-0.60,20
2014/09/29,16000,397200,24.30,25.55,24.20,25.50,0.95,14
2014/09/30,8246,207125,25.50,25.50,24.90,24.90,-0.60,10
2014/10/01,30082,794431,26.60,26.60,25.55,26.60,1.70,16
2014/10/02,174270,4939678,27.95,28.45,27.85,28.45,1.85,91
2014/10/03,382541,11541545,29.45,30.40,29.30,30.40,1.95,200
2014/10/06,209265,6422757,31.50,31.60,29.70,30.30,-0.10,134
2014/10/07,51000,1520900,30.30,30.30,29.50,29.50,-0.80,32
2014/10/08,112082,3364617,29.45,30.60,29.45,30.40,0.90,63
2014/10/09,46164,1369047,30.40,30.40,29.00,29.20,-1.20,30
2014/10/13,53000,1481700,28.00,28.60,27.70,28.60,-0.60,25
2014/10/14,47000,1374500,28.60,29.70,28.60,28.95,0.35,18
2014/10/15,5082,145303,28.35,28.95,28.35,28.95,0.00,5
2014/10/16,95028,2930616,28.15,30.95,28.15,30.95,2.00,32
2014/10/17,221246,7322892,33.10,33.10,32.90,33.10,2.15,120
2014/10/20,118877,4208244,35.40,35.40,35.40,35.40,2.30,62
2014/10/21,634177,23141188,37.85,37.85,34.40,36.50,1.10,447
2014/10/22,196575,7208578,36.00,37.55,35.50,36.40,-0.10,161
2014/10/23,89094,3111643,36.00,36.00,34.50,34.50,-1.90,67
2014/10/24,168008,5569967,34.50,34.50,32.10,33.15,-1.35,103
2014/10/27,195000,6048700,33.00,33.00,30.85,30.85,-2.30,75
2014/10/28,289020,8570885,30.85,30.90,28.70,29.00,-1.85,129
2014/10/29,66493,1937922,29.00,29.45,29.00,29.05,0.05,55
2014/10/30,27000,784200,29.40,29.40,28.80,28.80,-0.25,18
2014/10/31,59020,1769016,29.15,30.80,28.90,30.80,2.00,48
2014/11/03,59000,1943550,32.95,32.95,32.90,32.95,2.15,41
2014/11/04,52000,1833000,35.25,35.25,35.25,35.25,2.30,38
2014/11/05,553994,20521125,37.70,37.70,35.35,37.70,2.45,372
2014/11/06,240152,8849674,38.40,38.40,36.00,36.00,-1.70,155
2014/11/07,77679,2853851,36.00,37.20,36.00,37.00,1.00,65
2014/11/10,93053,3448526,37.00,38.00,36.60,36.60,-0.40,64
2014/11/11,43000,1579100,36.50,37.60,36.35,37.45,0.85,35
2014/11/12,80082,2936675,36.80,37.30,36.35,37.30,-0.15,38
2014/11/13,129746,4875360,37.30,38.00,37.10,37.90,0.60,66
2014/11/14,65000,2460250,38.05,38.05,37.50,37.50,-0.40,28
2014/11/17,99007,3617157,37.50,37.50,36.00,36.90,-0.60,42
2014/11/18,73404,2681525,36.30,37.40,36.20,36.75,-0.15,32
2014/11/19,71000,2588650,37.15,37.15,36.35,36.75,0.00,15
2014/11/20,67529,2476034,36.70,37.10,36.45,36.90,0.15,24
2014/11/21,43000,1589600,37.15,37.40,36.45,37.20,0.30,27
2014/11/24,372569,14719345,38.20,39.80,37.80,39.80,2.60,177
2014/11/25,224188,8756482,39.80,40.00,38.55,39.30,-0.50,149
2014/11/26,53429,2044758,37.70,38.60,37.60,38.60,-0.70,40
2014/11/27,89000,3485400,39.10,39.50,38.60,39.25,0.65,49
2014/11/28,81415,3224149,39.20,41.00,38.30,41.00,1.75,52
2014/12/01,55999,2240509,40.00,40.80,39.50,40.50,-0.50,41
2014/12/02,59082,2347155,39.10,40.10,38.55,40.10,-0.40,28
2014/12/03,327531,13877726,40.50,42.90,40.50,42.75,2.65,189
2014/12/04,67529,2832796,42.10,42.50,41.60,42.45,-0.30,37
2014/12/05,106455,4631739,42.00,44.10,42.00,43.40,0.95,61
2014/12/08,43065,1837146,43.40,43.40,42.45,42.45,-0.95,31
2014/12/09,29580,1245982,42.65,42.70,41.60,41.60,-0.85,25
2014/12/10,81000,3379300,41.05,42.40,40.50,40.50,-1.10,56
2014/12/11,90986,3835958,40.55,43.30,40.55,42.50,2.00,64
2014/12/12,138449,5940589,43.50,44.75,41.60,42.25,-0.25,112
2014/12/15,440164,19710642,42.25,45.20,42.25,43.15,0.90,210
2014/12/16,144799,6282855,42.60,44.50,42.60,43.55,0.40,90
2014/12/17,77042,3446126,43.95,45.20,43.95,45.20,1.65,60
2014/12/18,672368,32445428,46.30,48.35,46.30,47.80,2.60,321
2014/12/19,559968,25902363,45.80,48.00,45.10,45.15,-2.65,368
2014/12/22,113000,5196200,46.00,47.80,45.05,45.50,0.35,106
2014/12/23,123300,5511045,46.20,46.20,43.25,44.15,-1.35,107
2014/12/24,128600,5725617,44.15,45.40,43.90,44.95,0.80,103
2014/12/25,141410,6369388,45.00,45.80,44.10,45.15,0.20,106
2014/12/26,390986,18082587,45.15,47.50,45.15,47.50,2.35,136
2014/12/29,767000,37490099,49.90,49.90,48.50,48.80,-0.50,176
2014/12/30,1149018,56379215,49.90,51.10,48.10,48.60,-0.20,608
2014/12/31,665778,32386237,48.60,49.60,47.90,49.00,0.40,527
2015/01/05,475064,23032634,49.10,49.45,47.80,48.40,-0.60,259
2015/01/06,490016,24463259,47.80,51.40,47.65,51.00,2.60,307
2015/01/07,571171,30112361,51.60,53.80,51.20,53.80,2.80,367
2015/01/08,465442,24732837,53.90,53.90,52.60,53.30,-0.50,264
2015/01/09,706330,37907290,54.20,54.30,53.10,53.10,-0.20,319
2015/01/12,373304,19842517,53.10,53.40,52.90,53.00,-0.10,207
2015/01/13,717709,39742088,53.00,56.70,52.80,56.70,3.70,423
2015/01/14,946321,55399415,57.80,60.50,56.00,60.50,3.80,612
2015/01/15,956554,58169851,60.50,61.90,59.50,61.60,1.10,640
2015/01/16,594454,36794198,61.50,62.90,60.60,62.20,0.60,340
2015/01/19,1568393,96558850,63.10,65.80,57.90,58.30,-3.90,1083
2015/01/20,912927,55420674,58.30,62.30,58.30,62.30,4.00,689
2015/01/21,962106,61413292,62.30,65.40,62.30,63.50,1.20,723
2015/01/22,451901,28723312,63.90,64.40,62.40,63.80,0.30,338
2015/01/23,379657,24126721,63.80,64.90,62.80,63.60,-0.20,271
2015/01/26,506772,31460406,63.50,64.00,60.80,60.90,-2.70,375
2015/01/27,582290,34579534,61.00,61.60,58.20,58.60,-2.30,438
2015/01/28,825574,46629144,58.00,58.00,55.20,56.40,-2.20,525
2015/01/29,440548,25314084,56.60,58.60,56.10,58.10,1.70,323
2015/01/30,192415,10971004,57.80,58.20,56.70,56.70,-1.40,142
2015/02/02,449553,24368952,56.00,56.60,53.00,53.20,-3.50,355
2015/02/03,165656,8958396,53.40,54.70,53.40,53.80,0.60,138
2015/02/04,265715,14499579,54.20,55.20,53.90,54.70,0.90,242
2015/02/05,467397,27076024,55.00,58.50,55.00,58.50,3.80,279
2015/02/06,1132162,68205103,59.50,61.90,58.90,59.60,1.10,720
2015/02/09,331275,19421707,59.60,59.60,57.50,59.60,0.00,230
2015/02/10,221178,13005157,59.40,59.40,58.30,58.60,-1.00,165
2015/02/11,149891,8825579,58.30,59.30,58.30,59.30,0.70,110
2015/02/12,250027,14724782,59.40,59.90,58.10,59.20,-0.10,175
2015/02/13,157022,9237884,59.20,59.20,58.50,58.70,-0.50,103
2015/02/24,244113,14318120,58.60,59.70,57.70,57.90,-0.80,128
2015/02/25,837999,46441644,57.90,57.90,53.90,54.50,-3.40,484
2015/02/26,263132,14431880,54.50,55.50,54.10,54.80,0.30,176
2015/03/02,156328,8488548,55.00,55.10,53.50,53.50,-1.30,97
2015/03/03,368149,19250417,53.50,53.80,51.50,52.00,-1.50,219
2015/03/04,571404,28858554,51.90,51.90,49.35,49.50,-2.50,354
2015/03/05,189086,9436810,49.30,50.50,49.30,49.55,0.05,143
2015/03/06,347285,16802066,49.60,50.00,47.50,47.80,-1.75,238
2015/03/09,337000,16668400,47.50,51.10,47.50,50.00,2.20,236
2015/03/10,158000,7899250,50.00,50.90,49.20,50.00,0.00,131
2015/03/11,233000,11584050,49.80,50.50,49.00,49.10,-0.90,114
2015/03/12,268000,12943100,49.05,49.85,47.60,47.60,-1.50,145
2015/03/13,77082,3734056,47.75,48.90,47.75,48.50,0.90,68
2015/03/16,136199,6703031,49.80,49.80,48.70,48.90,0.40,82
2015/03/17,75001,3691399,49.50,49.50,48.70,49.45,0.55,66
2015/03/18,321000,15977950,49.40,50.80,49.15,49.20,-0.25,175
2015/03/19,111081,5528735,50.20,50.20,49.45,49.45,0.25,79
2015/03/20,107430,5342063,49.60,49.90,49.50,49.90,0.45,75
2015/03/23,328312,16998024,50.60,53.10,50.50,52.20,2.30,230
2015/03/24,322460,17116480,52.40,53.90,52.40,53.30,1.10,223
2015/03/25,468086,24613186,53.60,54.40,50.60,51.20,-2.10,353
2015/03/26,178000,9023500,51.20,51.60,49.80,51.40,0.20,108
2015/03/27,583399,28811837,51.40,52.20,47.85,47.85,-3.55,383
2015/03/30,124007,5524511,44.55,44.55,44.55,44.55,-3.30,49
2015/03/31,107000,4435150,41.45,41.45,41.45,41.45,-3.10,55
2015/04/01,14000,539700,38.55,38.55,38.55,38.55,-2.90,9
2015/04/02,60010,2154359,35.90,35.90,35.90,35.90,-2.65,34
2015/04/07,1850513,66307309,33.40,38.40,33.40,37.65,1.75,792
2015/04/08,653000,25306100,38.40,39.80,37.80,39.60,1.95,357
2015/04/09,665000,24627850,36.85,38.60,36.85,37.10,-2.50,296
2015/04/10,535083,18688417,37.70,37.80,34.55,34.55,-2.55,252
2015/04/13,287015,9347386,34.60,34.60,32.15,32.15,-2.40,180
2015/04/14,471060,15282408,30.15,34.40,30.15,34.35,2.20,272
2015/04/15,205001,6867832,33.00,34.35,32.50,32.60,-1.75,145
2015/04/16,300001,10077083,32.60,34.00,32.05,33.80,1.20,172
2015/04/17,159000,5295200,34.00,34.20,32.60,32.70,-1.10,113
2015/04/20,87000,2826750,33.20,33.20,31.70,31.70,-1.00,64
2015/04/21,132000,4213600,32.20,33.25,31.70,31.70,0.00,83
2015/04/22,528082,15952677,31.70,32.00,29.50,29.85,-1.85,282
2015/04/23,337665,10323547,30.50,31.45,29.70,31.00,1.15,169
2015/04/24,189480,6063111,31.30,32.45,31.20,32.25,1.25,134
2015/04/27,231000,7953600,34.35,34.50,34.35,34.50,2.25,98
2015/04/28,940210,34386060,36.90,36.90,35.65,36.00,1.50,526
2015/04/29,365000,12578550,35.80,35.80,33.55,34.15,-1.85,237
2015/04/30,520300,16979459,32.60,33.80,31.85,31.90,-2.25,266
2015/05/04,301000,9171500,31.95,31.95,29.75,31.10,-0.80,183
2015/05/05,177001,5474681,30.50,32.20,30.20,31.30,0.20,85
2015/05/06,283011,8836847,31.30,31.30,30.85,31.30,0.00,64
2015/05/07,55000,1703700,31.50,31.95,30.65,31.30,0.00,36
2015/05/08,415000,12583750,31.30,31.30,30.25,30.25,-1.05,59
2015/05/11,118000,3523700,30.35,30.70,29.60,30.25,0.00,56
2015/05/12,31000,931900,30.25,30.60,29.50,30.45,0.20,25
2015/05/13,29082,886318,31.20,31.20,30.00,30.30,-0.15,21
2015/05/14,83001,2463880,30.10,30.15,29.15,29.90,-0.40,62
2015/05/15,192000,5571000,29.45,31.25,27.90,30.60,0.70,148
2015/05/18,239000,7302100,30.55,31.45,29.95,30.60,0.00,72
2015/05/19,45000,1378750,30.50,30.95,30.50,30.85,0.25,30
2015/05/20,320016,9902191,30.30,31.00,30.30,30.95,0.10,22
2015/05/21,114000,3514500,30.50,31.50,30.05,30.90,-0.05,62
2015/05/22,201329,6454595,30.90,32.50,30.90,32.25,1.35,144
2015/05/25,71082,2268808,33.00,33.00,31.55,31.55,-0.70,53
2015/05/26,19082,602208,32.25,32.25,31.50,31.50,-0.05,15
2015/05/27,83000,2587450,31.50,32.00,30.50,31.20,-0.30,42
2015/05/28,44000,1344050,30.55,30.70,30.50,30.50,-0.70,30
2015/05/29,46000,1381600,30.00,30.10,30.00,30.00,-0.50,39
2015/06/01,34000,976300,28.00,29.60,28.00,29.10,-0.90,28
2015/06/02,63000,1818400,29.10,29.20,28.50,29.15,0.05,42
2015/06/03,69000,1993950,29.05,29.15,28.70,29.15,0.00,39
2015/06/04,210000,6463400,29.70,31.60,29.60,30.35,1.20,166
2015/06/05,661082,21573627,30.40,33.35,30.00,32.20,1.85,362
2015/06/08,703480,24177192,32.00,35.40,31.90,35.40,3.20,441
2015/06/09,684174,23858137,36.10,37.00,31.90,31.90,-3.50,462
2015/06/10,204200,6752150,32.00,34.00,32.00,33.00,1.10,153
2015/06/11,275000,8674500,33.20,33.20,30.60,31.00,-2.00,173
2015/06/12,493000,14676800,31.00,31.95,28.60,29.20,-1.80,313
2015/06/15,2391000,65316750,28.20,29.05,27.15,27.20,-2.00,261
2015/06/16,243036,7160826,28.80,29.90,28.80,29.90,2.70,171
2015/06/17,497250,15722950,29.50,32.85,29.20,31.50,1.60,359
2015/06/18,249000,7690950,31.50,32.00,30.10,30.50,-1.00,171
2015/06/22,67290,2062395,30.60,31.40,30.25,30.25,-0.25,56
2015/06/23,112039,3537462,30.85,32.25,30.85,31.40,1.15,80
2015/06/24,164000,5356500,34.45,34.45,31.65,31.95,0.55,123
2015/06/25,74000,2334450,31.30,32.10,31.20,31.50,-0.45,53
2015/06/26,77000,2459900,31.95,32.40,31.70,32.20,0.70,56
2015/06/29,235000,7628400,31.25,34.80,30.50,32.20,0.00,178
2015/06/30,217082,7163714,32.50,33.85,32.35,33.45,1.25,162
2015/07/01,166000,5561450,33.45,34.30,33.10,33.50,0.05,103
2015/07/02,209000,6784400,33.90,33.95,32.00,32.20,-1.30,108
2015/07/03,250082,7896708,32.50,32.50,31.25,31.50,-0.70,62
2015/07/06,59000,1862300,31.35,32.45,30.20,30.20,-1.30,51
2015/07/07,93200,2839990,30.45,31.10,30.05,30.05,-0.15,63
2015/07/08,347000,9933650,30.05,30.05,28.00,29.20,-0.85,166
2015/07/09,158000,4352450,28.50,28.80,26.30,28.80,-0.40,116
2015/07/13,88000,2544500,29.00,29.60,28.50,28.70,-0.10,57
2015/07/14,150246,4198689,28.35,28.50,27.60,27.90,-0.80,94
2015/07/15,101083,2860982,28.10,29.00,27.80,27.80,-0.10,72
2015/07/16,150000,4135600,28.00,28.60,27.05,28.60,0.80,98
2015/07/17,37000,1046150,28.90,28.90,28.10,28.10,-0.50,29
2015/07/20,30000,839300,28.20,28.20,27.50,28.00,-0.10,25
2015/07/21,96000,2630550,27.75,28.25,27.00,27.90,-0.10,71
2015/07/22,45000,1241800,27.30,27.90,27.10,27.85,-0.05,25
2015/07/23,182000,5117850,27.25,29.00,27.10,28.70,0.85,104
2015/07/24,206000,6176350,28.40,31.40,28.20,31.30,2.60,145
2015/07/27,512000,16215800,31.30,32.80,30.55,31.60,0.30,198
2015/07/28,124082,3860509,31.00,31.90,30.25,30.90,-0.70,98
2015/07/29,169000,5377350,30.70,32.50,30.50,32.00,1.10,113
2015/07/30,99000,3202100,32.00,32.80,32.00,32.15,0.15,68
2015/07/31,109082,3426016,31.25,31.80,31.10,31.65,-0.50,80
2015/08/03,1227000,38714550,31.05,31.70,29.95,31.70,0.05,147
2015/08/04,1858200,57522330,31.70,31.80,28.55,31.20,-0.50,388
2015/08/05,160000,4855250,29.80,31.05,29.80,31.00,-0.20,106
2015/08/06,68000,2073150,30.30,31.00,30.15,31.00,0.00,49
2015/08/07,1289096,41214364,30.15,32.00,30.15,32.00,1.00,84
2015/08/10,664000,22359750,32.00,34.00,32.00,33.80,1.80,120
2015/08/11,210000,7024600,34.50,34.65,33.15,33.20,-0.60,78
2015/08/12,1166178,37590746,34.00,34.00,32.00,32.20,-1.00,79
2015/08/13,361010,12017950,32.20,35.20,31.20,35.20,3.00,180
2015/08/14,1470100,52524309,35.20,36.45,33.00,35.90,0.70,362
2015/08/17,1417215,49260730,35.65,37.50,33.70,33.70,-2.20,285
2015/08/18,202100,6653620,34.30,34.90,32.00,32.00,-1.70,145
2015/08/19,938008,27616900,31.50,31.50,28.80,31.00,-1.00,477
2015/08/20,430457,13817038,30.70,33.30,30.45,32.45,1.45,254
2015/08/21,1223149,39831635,31.50,33.15,31.50,32.15,-0.30,277
2015/08/24,106000,3349150,32.00,33.00,30.20,31.60,-0.55,70
2015/08/25,86000,2730300,31.65,32.45,31.35,31.55,-0.05,69
2015/08/26,50000,1573350,31.90,31.90,31.15,31.75,0.20,41
2015/08/27,106000,3301800,31.50,31.75,30.60,30.70,-1.05,81
2015/08/28,55000,1670800,30.90,30.90,30.15,30.25,-0.45,42
2015/08/31,116000,3425000,30.00,30.20,29.10,29.95,-0.30,74
2015/09/01,462411,14723493,30.40,32.30,30.00,32.25,2.30,185
2015/09/02,127000,4079000,32.00,32.80,31.20,31.20,-1.05,89
2015/09/03,484000,15711850,34.00,34.00,31.20,31.70,0.50,126
2015/09/04,90000,2801900,32.00,32.00,30.10,30.90,-0.80,67
2015/09/07,202000,5918450,30.50,30.50,28.65,29.20,-1.70,111
2015/09/08,77000,2255900,29.40,29.65,28.80,29.65,0.45,54
2015/09/09,80000,2383700,29.65,30.40,29.65,29.65,0.00,48
2015/09/10,79296,2311013,29.20,29.50,28.70,29.40,-0.25,48
2015/09/11,91001,2624678,29.00,29.40,28.50,28.60,-0.80,68
2015/09/14,48000,1400050,28.60,29.70,28.60,29.00,0.40,38
2015/09/15,28000,818850,29.05,29.35,29.00,29.30,0.30,16
2015/09/16,35030,1019605,29.50,29.50,28.80,28.80,-0.50,27
2015/09/17,21000,605650,29.25,29.30,28.65,28.65,-0.15,17
2015/09/18,55000,1555350,28.30,28.80,28.10,28.30,-0.35,41
2015/09/21,64000,1784150,28.30,28.30,27.00,28.15,-0.15,38
2015/09/22,77000,2124350,28.20,28.20,27.40,27.60,-0.55,41
2015/09/23,81000,2194700,27.60,27.60,26.65,27.40,-0.20,53
2015/09/24,42000,1135350,26.50,27.45,26.50,27.45,0.05,28
2015/09/25,106246,3022932,26.90,29.50,26.80,29.50,2.05,58
2015/09/30,60000,1734100,28.30,29.10,28.30,28.70,-0.80,36
2015/10/01,39000,1125300,28.70,29.30,28.15,28.55,-0.15,22
2015/10/02,39010,1101779,28.95,28.95,28.10,28.15,-0.40,25
2015/10/05,47000,1364750,29.20,29.30,28.25,28.60,0.45,28
2015/10/06,49000,1415850,28.60,29.20,28.60,28.60,0.00,44
2015/10/07,36000,1045750,29.00,29.20,29.00,29.20,0.60,28
2015/10/08,12000,343250,28.70,28.70,28.55,28.55,-0.65,11
2015/10/12,283000,8130600,28.60,29.90,28.60,28.80,0.25,51
2015/10/13,43000,1247450,28.90,29.40,28.80,28.80,0.00,30
2015/10/14,9082,256012,28.20,28.50,28.10,28.50,-0.30,10
2015/10/15,16164,456424,28.50,28.80,28.10,28.80,0.30,11
2015/10/16,44000,1233650,28.30,28.30,27.80,27.90,-0.90,37
2015/10/19,96016,2605546,27.60,27.90,26.50,27.90,0.00,79
2015/10/20,40200,1103050,26.85,27.90,26.85,27.80,-0.10,29
2015/10/21,29082,811272,27.25,28.50,27.15,27.35,-0.45,23
2015/10/22,22000,602850,27.35,27.65,27.15,27.40,0.05,17
2015/10/23,81282,2160257,27.45,27.45,26.35,27.05,-0.35,61
2015/10/26,28349,754033,27.00,27.00,26.30,26.90,-0.15,27
2015/10/27,96000,2500750,26.30,26.50,25.65,26.10,-0.80,73
2015/10/28,46000,1197950,26.10,26.60,25.20,25.55,-0.55,30
2015/10/29,131000,3303200,25.70,25.80,24.50,24.50,-1.05,72
2015/10/30,154020,3602180,24.15,24.50,22.85,23.80,-0.70,101
2015/11/02,66804,1565834,23.00,23.70,23.00,23.25,-0.55,42
2015/11/03,77000,1814950,23.25,24.10,23.25,24.10,0.85,43
2015/11/04,38082,932768,24.30,24.80,24.20,24.25,0.15,31
2015/11/05,41175,996287,23.90,24.70,23.60,24.70,0.45,30
2015/11/06,46000,1139000,24.65,25.15,24.20,25.00,0.30,29
2015/11/09,22000,547650,25.60,25.60,24.30,24.30,-0.70,14
2015/11/10,37012,882886,24.00,24.00,23.50,23.90,-0.40,30
2015/11/11,45200,1082810,23.90,24.50,23.50,24.50,0.60,36
2015/11/12,93188,2233124,24.30,24.30,23.90,24.00,-0.50,17
2015/11/13,37000,915200,24.00,25.15,23.70,25.15,1.15,26
2015/11/16,70000,1786400,24.10,26.00,24.10,26.00,0.85,40
2015/11/17,46200,1211980,27.00,27.00,25.90,26.20,0.20,38
2015/11/18,38000,974850,25.65,25.90,25.15,25.80,-0.40,16
2015/11/19,60088,1510357,25.70,26.10,24.50,25.40,-0.40,36
2015/11/20,35000,858850,24.80,24.80,24.40,24.40,-1.00,21
2015/11/23,31000,754950,24.7,25.05,24,24.25,-0.15,21
2015/11/24,66000,1608250,24.50,25.00,23.90,25.00,0.75,32
2015/11/25,29000,732700,24.90,25.70,24.20,25.70,0.70,24
2015/11/26,27000,677400,25.00,25.50,25.00,25.00,-0.70,18
2015/11/27,60000,1470600,25.00,25.00,24.00,25.00,0.00,37
2015/11/30,169000,4329850,24.90,26.10,24.25,26.10,1.10,61
2015/12/01,33000,844650,25.50,26.05,25.25,26.05,-0.05,21
2015/12/02,28034,724473,25.90,26.10,25.60,26.00,-0.05,21
2015/12/03,22000,559700,26.10,26.10,25.00,26.00,0.00,19
2015/12/04,22000,557600,24.80,26.00,24.80,26.00,0.00,18
2015/12/07,39164,984800,25.10,25.60,25.10,25.10,-0.90,26
2015/12/08,38000,938450,24.50,25.10,24.15,25.10,0.00,24
2015/12/09,75000,1845250,24.40,25.45,24.00,25.45,0.35,45
2015/12/10,27000,687700,25.10,26.00,24.70,26.00,0.55,25
2015/12/11,30000,771450,25.70,26.00,25.25,26.00,0.00,25
2015/12/14,92018,2408242,25.20,27.50,24.80,27.50,1.50,69
2015/12/15,38411,1023859,27.40,27.40,26.10,26.55,-0.95,33
2015/12/16,52164,1339665,26.35,26.35,25.45,25.45,-1.10,39
2015/12/17,29300,733660,25.15,25.65,24.75,24.75,-0.70,29
2015/12/18,45300,1096800,24.70,24.80,24.00,24.10,-0.65,43
2015/12/21,13800,342449,24.00,25.50,23.90,24.95,0.85,15
2015/12/22,7572,185856,24.90,24.90,24.40,24.40,-0.55,11
2015/12/23,16529,405963,24.40,24.90,24.30,24.85,0.45,17
2015/12/24,14000,338600,24.25,24.30,24.10,24.20,-0.65,11
2015/12/25,64428,1522921,23.70,24.20,23.30,23.30,-0.90,54
2015/12/28,6822,158956,23.60,23.60,23.20,23.20,-0.10,8
2015/12/29,10400,239470,23.20,23.20,22.80,23.00,-0.20,12
2015/12/30,23788,561545,23.20,24.10,23.20,23.60,0.60,23
2015/12/31,55870,1349427,24.00,24.60,23.65,24.60,1.00,42
2016/01/04,82000,1909400,24.80,24.80,22.30,24.20,-0.40,64
2016/01/05,108000,2567250,23.65,24.80,22.70,24.75,0.55,85
2016/01/06,23000,546950,24.30,24.30,23.60,23.60,-1.15,22
2016/01/07,103082,2424576,23.95,24.30,22.30,24.30,0.70,69
2016/01/08,22000,511550,23.80,23.85,22.65,23.75,-0.55,20
2016/01/11,177000,3886850,23.10,23.10,21.45,22.60,-1.15,94
2016/01/12,159100,3451580,21.30,22.20,20.70,22.00,-0.60,92
2016/01/13,41000,895450,21.80,22.00,21.30,22.00,0.00,27
2016/01/14,88000,1978100,21.50,23.50,21.35,23.50,1.50,47
2016/01/15,11000,254400,23.30,23.35,22.70,23.35,-0.15,9
2016/01/18,9000,205500,23.00,23.00,22.50,23.00,-0.35,6
2016/01/19,20000,455300,22.80,23.20,22.30,23.10,0.10,13
2016/01/20,16600,368390,22.20,22.50,22.00,22.15,-0.95,18
2016/01/21,33400,730320,21.60,22.00,21.30,22.00,-0.15,24
2016/01/22,22000,483050,21.90,22.40,21.60,22.40,0.40,18
2016/01/25,30000,658100,22.00,22.40,21.60,22.20,-0.20,24
2016/01/26,31000,702600,21.30,23.20,21.30,22.95,0.75,29
2016/01/27,31015,685683,22.60,22.60,22.00,22.05,-0.90,24
2016/01/28,130000,3064450,22.35,24.10,22.35,24.10,2.05,73
2016/01/29,29013,693419,23.40,24.40,23.40,24.40,0.30,24
2016/02/01,8040,194610,24.50,24.50,24.05,24.20,-0.20,9
2016/02/02,8000,194150,23.55,24.55,23.55,24.50,0.30,6
2016/02/03,99000,2470600,24.50,25.20,23.80,25.10,0.60,44
2016/02/15,2000,49600,24.80,24.80,24.80,24.80,-0.30,2
2016/02/16,18000,429600,23.70,24.20,23.70,23.70,-1.10,17
2016/02/17,27000,622800,23.25,23.65,22.90,22.90,-0.80,27
2016/02/18,3000,68950,22.90,23.05,22.90,23.05,0.15,3
2016/02/19,46164,1045490,22.50,23.00,22.50,22.50,-0.55,32
2016/02/22,37301,821891,22.30,22.40,21.90,21.90,-0.60,32
2016/02/23,57699,1311357,22.00,23.55,22.00,22.50,0.60,46
2016/02/24,18013,398987,22.20,22.35,22.00,22.00,-0.50,15
2016/02/25,43000,936149,22.05,22.05,21.30,21.85,-0.15,42
2016/02/26,52000,1121050,21.70,21.85,21.40,21.85,0.00,38
2016/03/01,32082,717590,22.35,22.60,22.00,22.00,0.15,24
2016/03/02,44050,957697,22.00,22.00,21.50,21.75,-0.25,36
2016/03/03,36001,782171,21.55,22.10,21.55,21.80,0.05,34
2016/03/04,22164,484024,21.70,22.10,21.65,22.05,0.25,21
2016/03/07,25000,565200,22.40,22.90,22.40,22.50,0.45,19
2016/03/08,39246,875461,22.30,22.50,21.90,22.45,-0.05,30
2016/03/09,18081,398232,21.75,22.25,21.75,22.25,-0.20,17
2016/03/10,8082,178145,22.20,22.20,21.95,22.00,-0.25,8
2016/03/11,65000,1425550,21.80,22.40,21.60,22.20,0.20,33
2016/03/14,22493,503296,22.80,22.80,22.00,22.00,-0.20,19
2016/03/15,30000,664950,22.30,22.40,21.80,21.85,-0.15,24
2016/03/16,18366,396055,21.55,21.80,21.50,21.80,-0.05,16
2016/03/17,40328,867901,21.80,21.80,21.30,21.35,-0.45,32
2016/03/18,39063,825079,21.35,21.35,20.80,21.30,-0.05,29
2016/03/21,48000,999900,20.90,21.30,20.60,21.30,0.00,35
2016/03/22,20000,415100,20.95,20.95,20.65,20.65,-0.65,20
2016/03/23,7300,149340,20.65,20.65,20.30,20.30,-0.35,8
2016/03/24,25001,502920,20.00,20.50,20.00,20.40,0.10,18
2016/03/25,9000,183599,20.30,20.65,20.05,20.65,0.25,10
2016/03/28,35005,713301,20.65,20.65,20.00,20.60,-0.05,33
2016/03/29,18000,362800,20.40,20.40,19.90,20.10,-0.50,13
2016/03/30,10000,200650,20.25,20.25,20.00,20.10,0.00,10
2016/03/31,11000,218900,19.90,20.10,19.20,20.05,-0.05,11
2016/04/01,15000,298200,20.00,20.00,19.65,19.95,-0.10,13
2016/04/06,63009,1243981,19.50,20.25,19.50,20.00,0.05,52
2016/04/07,110329,2288123,20.05,21.70,19.80,21.70,1.70,99
2016/04/08,67000,1394600,21.70,21.70,20.45,20.45,-1.25,60
2016/04/11,38001,761969,20.25,20.30,19.70,19.70,-0.75,29
2016/04/12,46095,894832,19.25,19.90,19.25,19.60,-0.10,36
2016/04/13,10001,195819,19.60,19.60,19.50,19.60,0.00,10
2016/04/14,7000,136000,19.85,19.85,19.10,19.10,-0.50,6
2016/04/15,83300,1514700,19.10,19.10,17.75,18.15,-0.95,73
2016/04/18,87000,1503950,17.55,17.70,16.70,17.70,-0.45,67
2016/04/19,23164,403236,17.30,17.70,17.20,17.50,-0.20,23
2016/04/20,6000,104350,17.20,17.50,17.20,17.50,0.00,6
2016/04/21,10133,181103,17.50,18.30,17.50,17.85,0.35,10
2016/04/22,26000,460450,18.15,18.20,17.50,17.50,-0.35,21
2016/04/25,14001,241617,17.25,17.75,17.00,17.65,0.15,12
2016/04/26,9001,158517,17.60,17.90,17.40,17.50,-0.15,10
2016/04/27,19164,333537,17.85,17.85,17.05,17.50,0.00,16
2016/04/28,12001,210767,17.60,17.85,17.40,17.80,0.30,10
2016/04/29,1,16,---,---,---,---,---,1
2016/05/03,11000,191850,17.15,17.90,17.15,17.50,-0.30,11
2016/05/04,27000,464700,17.25,17.80,16.70,17.50,0.00,23
2016/05/05,4082,71226,17.15,17.60,17.15,17.60,0.10,5
2016/05/06,26000,443850,17.30,17.50,16.50,17.50,-0.10,22
2016/05/09,26000,459450,17.50,17.85,17.50,17.85,0.35,12
2016/05/10,21000,374450,17.85,18.10,17.60,18.00,0.15,17
2016/05/11,91500,1664849,17.40,19.60,17.20,19.60,1.60,63
2016/05/12,124000,2482150,19.15,21.00,18.50,21.00,1.40,92
2016/05/13,37000,756550,20.80,20.80,20.10,20.50,-0.50,26
2016/05/16,36000,724300,20.00,20.60,19.85,20.55,0.05,28
2016/05/17,39082,795048,19.75,20.75,19.75,20.30,-0.25,40
2016/05/18,56082,1112157,19.95,20.45,19.30,19.80,-0.50,48
2016/05/19,26000,521800,19.90,20.50,19.75,20.15,0.35,21
2016/05/20,5000,100000,19.80,20.30,19.80,19.85,-0.30,4
2016/05/23,44001,864669,19.45,20.25,19.35,19.75,-0.10,35
2016/05/24,33002,634538,19.30,19.65,18.75,19.65,-0.10,31
2016/05/25,11164,221222,19.65,20.20,19.65,19.65,0.00,9
2016/05/26,56000,1072500,19.30,19.60,18.80,19.40,-0.25,56
2016/05/27,35329,694315,19.70,20.10,19.35,19.70,0.30,34
2016/05/30,8001,157019,19.35,20.05,19.35,19.60,-0.10,6
2016/05/31,20000,392600,19.50,19.95,19.50,19.80,0.20,16
2016/06/01,7000,139950,19.80,20.10,19.80,20.00,0.20,7
2016/06/02,18000,354000,19.90,19.90,19.40,19.50,-0.50,18
2016/06/03,54000,1017500,19.35,19.55,18.30,18.30,-1.20,45
2016/06/06,8000,147400,18.30,18.55,18.30,18.30,-0.30,7
2016/06/07,2000,37300,18.65,18.65,18.65,18.65,0.35,2
2016/06/08,5082,95133,18.55,18.90,18.50,18.90,0.25,6
2016/06/13,13000,239150,18.15,18.70,18.05,18.70,-0.20,13
2016/06/14,14000,255800,18.30,18.50,18.15,18.50,-0.20,11
2016/06/15,1000,18300,18.30,18.30,18.30,18.30,-0.20,1
2016/06/16,20129,364891,18.20,18.60,18.05,18.25,-0.05,18
2016/06/17,45001,803417,17.80,18.35,17.70,17.70,-0.55,42
2016/06/20,17088,300554,17.25,18.20,17.25,18.10,0.40,21
2016/06/21,22001,384267,17.70,17.70,17.30,17.50,-0.60,22
2016/06/22,42000,730200,17.60,17.60,17.20,17.55,0.05,28
2016/06/23,34000,588150,17.55,17.55,17.00,17.55,0.00,25
2016/06/24,55000,950900,17.10,17.90,16.85,17.90,0.35,38
2016/06/27,11000,192850,17.55,17.55,17.50,17.55,-0.35,8
2016/06/28,191411,3371500,17.60,17.80,17.40,17.55,0.00,20
2016/06/29,203000,3532600,17.45,17.60,17.35,17.60,0.05,7
2016/06/30,90000,1546650,17.55,17.60,16.60,17.55,-0.05,72
2016/07/01,219000,3698250,17.20,17.35,16.50,17.25,-0.30,163
2016/07/04,5000,86700,17.35,17.35,17.30,17.30,0.05,5
2016/07/05,24001,422967,17.40,17.80,17.35,17.80,0.50,21
2016/07/06,17030,296780,17.80,18.00,17.20,17.75,-0.05,16
2016/07/07,34026,605468,17.50,18.15,17.25,18.10,0.35,28
2016/07/11,6001,106917,17.80,17.90,17.75,17.75,-0.35,7
2016/07/12,26055,456868,17.55,17.75,17.50,17.60,-0.15,13
2016/07/13,26000,449650,17.50,17.50,17.10,17.20,-0.40,23
2016/07/14,21300,364010,17.15,17.20,17.00,17.20,0.00,17
2016/07/15,23164,400570,17.40,17.40,17.20,17.20,0.00,16
2016/07/18,38000,664650,17.35,17.50,17.35,17.50,0.30,21
2016/07/19,14000,243900,17.20,17.55,17.20,17.50,0.00,13
2016/07/20,49000,844300,17.50,17.50,16.80,17.50,0.00,33
2016/07/21,18493,320129,17.35,17.35,17.30,17.35,-0.15,15
2016/07/22,21020,361143,17.20,17.25,17.15,17.15,-0.20,8
2016/07/25,15000,255150,16.80,17.30,16.80,17.15,0.00,14
2016/07/26,14082,238894,16.85,17.20,16.85,17.20,0.05,12
2016/07/27,35328,602076,17.00,17.20,17.00,17.20,0.00,19
2016/07/28,25000,429200,17.60,17.60,17.00,17.40,0.20,21
2016/07/29,47000,800000,17.20,17.20,16.90,17.20,-0.20,37
2016/08/01,3000,51800,17.20,17.30,17.20,17.30,0.10,3
2016/08/02,4000,68600,17.10,17.30,17.10,17.30,0.00,4
2016/08/03,15000,255150,16.85,17.30,16.85,17.30,0.00,14
2016/08/04,1624000,28419700,17.40,17.50,17.40,17.50,0.20,12
2016/08/05,275071,5261066,17.85,19.25,17.85,19.25,1.75,115
2016/08/08,1054077,21900008,20.50,21.15,20.15,21.15,1.90,532
2016/08/09,252000,5113850,20.90,20.90,19.60,20.05,-1.10,144
2016/08/10,115000,2305650,20.00,20.30,19.60,20.00,-0.05,54
2016/08/11,180000,3645700,20.20,20.75,20.00,20.50,0.50,86
2016/08/12,55000,1099850,20.80,20.80,19.70,19.75,-0.75,41
2016/08/15,46000,905900,19.80,19.85,19.40,19.65,-0.10,30
2016/08/16,54000,1041000,19.55,19.55,18.85,18.85,-0.80,40
2016/08/17,35000,650450,18.75,18.75,18.45,18.75,-0.10,29
2016/08/18,1437214,28432218,19.15,19.80,18.75,19.80,1.05,51
2016/08/19,174660,3765554,21.35,21.75,20.90,21.75,1.95,95
2016/08/22,719453,16797139,22.20,23.90,22.20,23.65,1.90,373
2016/08/23,341152,7837784,24.10,24.10,22.40,22.85,-0.80,219
2016/08/24,143264,3277930,22.50,23.35,22.50,22.80,-0.05,102
2016/08/25,80050,1788366,22.80,22.80,22.05,22.30,-0.50,55
2016/08/26,43000,947450,22.00,22.35,21.80,22.00,-0.30,37
2016/08/29,47088,1012433,22.00,22.00,21.20,21.40,-0.60,42
2016/08/30,151000,3404800,21.50,23.40,21.50,22.30,0.90,106
2016/08/31,44000,980800,21.80,22.70,21.80,22.35,0.05,33
2016/09/01,55988,1240681,21.75,22.75,21.75,22.20,-0.15,32
2016/09/02,81000,1735900,22.30,22.30,20.75,20.80,-1.40,53
2016/09/05,96312,1973536,21.00,21.15,20.15,20.15,-0.65,71
2016/09/06,55000,1099800,19.70,20.55,19.70,20.30,0.15,45
2016/09/07,8000,163200,20.30,20.60,20.30,20.60,0.30,7
2016/09/08,15411,313370,20.60,20.60,20.20,20.20,-0.40,15
2016/09/09,34082,686023,20.65,20.65,19.80,19.85,-0.35,24
2016/09/12,42000,832750,20.00,20.35,19.30,20.00,0.00,27
2016/09/13,130020,2734774,20.20,21.50,20.20,21.30,1.30,84
2016/09/14,129005,2789811,21.30,22.60,20.80,22.60,1.30,72
2016/09/19,77000,1726500,22.55,22.70,22.15,22.25,-0.35,47
2016/09/20,111000,2511850,22.15,23.00,22.10,22.95,0.70,64
2016/09/21,97082,2247635,23.10,23.80,22.60,23.80,0.85,67
2016/09/22,118999,2844725,23.50,24.40,23.20,24.40,0.60,78
2016/09/23,82276,1998305,23.90,24.50,23.90,24.50,0.10,67
2016/09/26,14082,339301,24.10,24.50,23.70,24.00,-0.50,15
2016/09/29,101000,2386400,24.00,24.00,22.75,23.95,-0.05,52
2016/09/30,184012,4679357,23.75,26.00,22.90,26.00,2.05,82
2016/10/03,130012,3311151,25.35,25.85,24.80,25.40,-0.60,93
2016/10/04,73200,1830510,25.15,25.40,24.50,25.00,-0.40,52
2016/10/05,24011,588666,24.60,24.65,24.35,24.55,-0.45,22
2016/10/06,22000,537100,24.30,24.55,24.20,24.20,-0.35,17
2016/10/07,56000,1324700,24.00,24.05,23.50,23.55,-0.65,41
2016/10/11,164000,3832950,23.20,23.70,22.60,23.50,-0.05,50
2016/10/12,37000,855300,23.45,23.45,22.95,23.00,-0.50,28
2016/10/13,92000,2086050,22.10,23.00,22.00,23.00,0.00,48
2016/10/14,45246,1020786,23.25,23.25,22.35,22.35,-0.65,38
2016/10/17,65056,1488888,22.10,23.20,22.00,23.20,0.85,36
2016/10/18,46000,1051800,22.60,23.00,22.50,23.00,-0.20,16
2016/10/19,68000,1558750,22.60,23.00,22.60,23.00,0.00,22
2016/10/20,69000,1645000,23.30,24.10,23.10,24.00,1.00,52
2016/10/21,49088,1177053,24.50,24.50,23.45,24.00,0.00,20
2016/10/24,158000,3634650,23.05,23.40,22.60,23.00,-1.00,49
2016/10/25,162000,3735600,22.60,23.10,22.60,23.10,0.10,27
2016/10/26,53000,1204400,23.65,23.65,22.55,22.60,-0.50,28
2016/10/27,6000,136550,23.00,23.00,22.60,22.60,0.00,5
2016/10/28,4000,90750,22.60,22.95,22.60,22.95,0.35,4
2016/10/31,17000,384600,22.60,22.95,22.60,22.95,0.00,7
2016/11/01,11000,252750,22.95,23.00,22.95,23.00,0.05,9
2016/11/02,66009,1561420,22.60,24.30,22.50,24.30,1.30,53
2016/11/03,67082,1639175,24.30,25.10,23.70,24.95,0.65,52
2016/11/04,63000,1567650,24.90,24.95,24.30,24.90,-0.05,14
2016/11/07,275000,6786000,24.35,24.70,24.15,24.70,-0.20,27
2016/11/08,40000,989650,25.15,25.20,24.30,24.80,0.10,30
2016/11/09,155007,3904480,24.10,26.20,23.20,26.20,1.40,82
2016/11/10,69100,1769849,25.90,26.00,25.25,25.25,-0.95,50
2016/11/11,395000,10004750,24.60,25.50,23.80,25.45,0.20,59
2016/11/14,35000,876550,24.60,25.50,24.60,25.50,0.05,28
2016/11/15,42411,1079980,25.50,25.90,25.10,25.75,0.25,29
2016/11/16,46000,1166450,25.40,25.70,25.00,25.70,-0.05,34
2016/11/17,30000,761700,25.70,25.70,25.20,25.20,-0.50,11
2016/11/18,35000,861200,24.80,24.80,24.60,24.60,-0.60,15
2016/11/21,527000,12894550,23.95,24.50,23.95,24.50,-0.10,52
2016/11/22,6000,148600,24.80,24.90,24.65,24.65,0.15,6
2016/11/23,35000,856350,24.65,24.65,24.40,24.45,-0.20,15
2016/11/24,12000,293200,24.25,24.55,24.25,24.45,0.00,11
2016/11/25,65000,1562200,24.30,24.45,24.00,24.00,-0.45,22
2016/11/28,29000,696650,23.40,24.35,23.40,24.10,0.10,19
2016/11/29,32000,777900,24.30,24.55,24.10,24.30,0.20,20
2016/11/30,15523,373047,24.30,24.30,23.95,24.00,-0.30,14
2016/12/01,8000,191850,24.10,24.20,23.70,24.00,0.00,7
2016/12/02,64000,1528600,23.70,24.00,23.50,23.95,-0.05,17
2016/12/05,36000,869600,23.60,24.20,23.60,24.20,0.25,16
2016/12/06,5000,122250,24.35,24.60,24.35,24.45,0.25,5
2016/12/07,11192,272046,24.75,24.75,24.05,24.40,-0.05,12
2016/12/08,1082,26218,24.25,24.25,24.25,24.25,-0.15,2
2016/12/09,5000,121250,24.05,24.50,24.05,24.15,-0.10,5
2016/12/12,16000,384150,24.20,24.30,23.80,23.90,-0.25,13
2016/12/13,14000,333400,23.95,23.95,23.60,23.90,0.00,12
2016/12/14,1000082,23589818,23.90,23.90,22.80,23.60,-0.30,39
2016/12/15,1441000,34006800,23.50,23.60,23.50,23.60,0.00,15
2016/12/16,19082,455235,23.80,24.10,23.60,23.85,0.25,20
2016/12/19,18000,424200,23.85,23.85,23.40,23.70,-0.15,14
2016/12/20,9999,235726,23.45,23.70,23.45,23.70,0.00,9
2016/12/21,20000,467150,23.20,23.70,23.05,23.40,-0.30,19
2016/12/22,4000,93000,23.35,23.45,23.10,23.10,-0.30,4
2016/12/23,31000,716050,23.00,23.30,23.00,23.10,0.00,20
2016/12/26,18411,427344,23.55,23.60,23.00,23.30,0.20,17
2016/12/27,21000,483500,23.05,23.35,22.90,23.35,0.05,16
2016/12/28,12000,280350,23.55,23.60,23.20,23.30,-0.05,12
2016/12/29,2000,46950,23.40,23.55,23.40,23.55,0.25,2
2016/12/30,3000,70750,23.55,23.60,23.55,23.60,0.05,3
2017/01/03,65082,1536168,23.40,23.65,23.35,23.65,0.05,12
2017/01/04,1000,23650,23.65,23.65,23.65,23.65,0.00,1
2017/01/05,7000,163100,23.60,23.60,23.25,23.25,-0.40,7
2017/01/06,176007,4092361,23.30,23.30,23.25,23.25,0.00,14
2017/01/09,159000,3674150,23.30,23.55,23.05,23.10,-0.15,15
2017/01/10,16645,379549,22.05,23.40,22.05,23.35,0.25,13
2017/01/11,172000,4015800,23.15,23.35,23.15,23.35,0.00,4
2017/01/11,172000,4015800,23.15,23.35,23.15,23.35,0.00,4
2017/01/12,49218,1104078,22.60,22.90,22.20,22.20,-1.15,26
2017/01/13,56000,1237450,21.75,22.20,21.75,22.10,-0.10,23
2017/01/16,437000,9711100,22.10,22.40,21.40,22.30,0.20,49
2017/01/17,514000,11818250,22.45,23.00,22.40,23.00,0.70,20
2017/01/18,315102,7480797,23.00,23.75,23.00,23.75,0.75,13
2017/01/19,33000,807300,23.75,24.80,23.75,24.40,0.65,29
2017/01/20,16000,383900,23.90,24.40,23.75,24.35,-0.05,15
2017/01/23,83164,2004069,23.70,24.25,23.70,24.10,-0.25,16
2017/01/24,36000,862900,24.10,24.20,23.55,23.55,-0.55,29
2017/02/02,426000,9989850,23.55,23.55,23.45,23.45,-0.10,17
2017/02/03,700000,16757250,23.55,23.95,23.55,23.95,0.50,29
2017/02/06,1412398,33190773,23.95,23.95,23.30,23.50,-0.45,36
2017/02/07,841000,19883150,23.90,24.10,23.50,23.55,0.05,21
2017/02/08,899082,22759699,23.55,25.90,23.55,25.90,2.35,124
2017/02/09,799008,21988370,26.70,28.35,26.70,27.60,1.70,210
2017/02/10,192010,5024460,27.00,27.00,26.00,26.00,-1.60,101
2017/02/13,731000,18496350,24.90,25.55,24.90,25.30,-0.70,38
2017/02/14,859000,21721750,25.05,25.50,24.75,25.30,0.00,44
2017/02/15,59159,1535514,25.50,26.30,25.50,25.95,0.65,46
2017/02/16,32020,830560,26.15,26.25,25.50,25.50,-0.45,22
2017/02/17,361099,9175984,26.35,26.35,25.40,25.40,-0.10,18
2017/02/20,499000,12734600,26.30,26.30,25.50,25.50,-0.80,39
2017/02/21,108493,2768622,25.50,25.75,25.35,25.50,0.00,31
2017/02/22,9822,252314,25.75,26.35,25.50,25.50,0.00,9
2017/02/23,33188,847875,25.60,25.65,25.50,25.65,0.15,15
2017/02/24,194064,4929455,25.50,25.50,25.40,25.40,-0.25,10
2017/03/01,43164,1085435,25.40,25.40,24.45,24.55,-0.85,19
2017/03/02,34000,830650,24.40,24.80,24.25,24.25,-0.30,23
2017/03/03,21000,512300,24.40,24.50,24.25,24.25,0.00,15
2017/03/06,13082,314268,24.30,24.30,23.60,23.65,-0.60,9
2017/03/07,34082,795702,23.30,23.55,23.00,23.40,-0.25,25
2017/03/08,22000,508200,22.55,23.45,22.55,23.15,-0.25,16
2017/03/09,21000,489650,23.25,23.45,23.15,23.45,0.30,16
2017/03/10,22000,505700,23.30,23.30,22.75,22.80,-0.65,18
2017/03/13,4000,91700,23.10,23.10,22.80,22.80,0.00,4
2017/03/14,17000,387250,22.35,22.95,22.35,22.60,-0.20,13
2017/03/15,31000,700050,22.70,22.75,22.40,22.40,-0.20,20
2017/03/16,37000,824250,21.95,22.75,21.90,22.35,-0.05,34
2017/03/17,5000,114800,23.20,23.20,22.90,22.90,0.55,5
2017/03/20,10000,229750,22.95,23.35,22.70,22.70,-0.20,10
2017/03/21,12000,274400,23.50,23.50,22.40,22.40,-0.30,12
2017/03/22,1000,22600,22.60,22.60,22.60,22.60,0.20,1
2017/03/23,24000,546750,22.25,23.35,22.25,22.55,-0.05,20
2017/03/24,22000,503300,23.25,23.25,22.50,22.65,0.10,17
2017/03/27,10000,220950,22.00,22.55,22.00,22.20,-0.45,9
2017/03/28,34000,738350,22.60,22.65,21.30,21.75,-0.45,25
2017/03/29,13000,280100,21.75,22.00,21.10,22.00,0.25,13
2017/03/30,1000,21700,21.70,21.70,21.70,21.70,-0.30,1
2017/03/31,4000,87850,21.70,22.25,21.70,21.80,0.10,4
2017/04/05,12036,258230,21.55,21.90,21.00,21.90,0.10,14
2017/04/06,6000,128750,21.35,21.70,21.35,21.70,-0.20,5
2017/04/07,4164,89910,21.70,21.70,21.35,21.35,-0.35,5
2017/04/10,19000,422300,21.55,22.45,21.55,22.45,1.10,16
2017/04/11,11000,244550,22.45,22.50,22.05,22.40,-0.05,9
2017/04/12,96000,2219450,23.50,23.60,22.60,23.60,1.20,51
2017/04/13,26000,617700,23.75,23.95,23.70,23.75,0.15,15
2017/04/14,25000,588150,23.20,23.80,23.20,23.75,0.00,18
2017/04/17,28000,660650,23.60,24.20,22.75,23.60,-0.15,16
2017/04/18,1000,23500,23.50,23.50,23.50,23.50,-0.10,1
2017/04/19,24000,555100,23.05,23.75,22.85,23.15,-0.35,22
2017/04/20,7000,165500,24.50,24.50,23.15,23.75,0.60,7
2017/04/21,7164,167422,23.75,23.75,23.25,23.25,-0.50,6
2017/04/24,16000,370050,22.80,23.65,22.80,23.65,0.40,9
2017/04/25,3000,70500,23.65,23.65,23.20,23.20,-0.45,3
2017/04/26,15164,347939,23.10,23.10,22.80,23.00,-0.20,15
2017/04/27,10000,231950,23.85,23.85,23.00,23.00,0.00,8
2017/04/28,519000,12218000,23.75,23.75,23.00,23.55,0.55,16
2017/05/02,64000,1553150,25.25,25.25,23.75,23.95,0.40,51
2017/05/03,15000,357550,24.00,24.00,23.65,23.90,-0.05,11
2017/05/04,20000,465450,23.25,23.60,23.05,23.05,-0.85,14
2017/05/05,15000,351350,23.80,23.80,23.10,23.40,0.35,15
2017/05/08,20164,464706,24.15,24.15,22.70,22.80,-0.60,15
2017/05/09,3000,69300,23.30,23.30,23.00,23.00,0.20,2
2017/05/10,9000,207500,23.00,23.70,22.80,22.80,-0.20,8
2017/05/11,652082,14994519,22.60,23.10,22.60,23.00,0.20,22
2017/05/12,303082,6968119,22.85,23.10,22.65,23.00,0.00,26
2017/05/15,296000,6749850,22.85,23.30,22.80,22.80,-0.20,13
2017/05/16,3000,68200,22.65,22.85,22.65,22.85,0.05,3
2017/05/17,43000,991900,22.85,24.10,22.85,24.10,1.25,31
2017/05/18,4000,95400,24.00,24.00,23.80,23.80,-0.30,4
2017/05/19,10000,237700,23.75,23.85,23.60,23.85,0.05,9
2017/05/22,22467,538371,23.35,25.00,23.35,23.80,-0.05,21
2017/05/23,31000,737700,23.80,24.50,23.40,23.60,-0.20,31
2017/05/24,3822,89770,23.70,23.70,23.40,23.40,-0.20,4
2017/05/25,13000,303800,23.60,24.05,22.95,22.95,-0.45,13
2017/05/26,25000,579150,23.05,24.30,22.75,23.40,0.45,25
2017/05/31,37000,873900,23.95,23.95,23.20,23.80,0.40,33
2017/06/01,17003,407421,23.50,24.65,23.50,24.30,0.50,14
2017/06/02,31000,752600,24.10,24.80,23.80,23.80,-0.50,26
2017/06/05,26000,629300,24.40,24.85,23.80,24.00,-0.45,26
2017/06/06,25000,595400,24.00,24.45,23.50,23.50,-0.50,25
2017/06/07,6000,142350,24.05,24.05,23.50,23.85,0.35,5
2017/06/08,10000,236400,24.00,24.00,23.30,23.80,-0.05,10
2017/06/09,150000,3605200,25.30,25.30,23.45,23.50,-0.30,130
2017/06/12,27000,621150,23.50,23.60,22.60,22.60,-0.90,21
2017/06/13,19164,428658,22.55,22.75,22.00,22.50,-0.10,20
2017/06/14,27164,619041,22.80,23.90,22.35,22.35,-0.15,23
2017/06/15,45618,1009737,23.00,23.00,21.90,22.00,-0.35,33
2017/06/16,19000,413050,22.00,22.00,21.55,21.70,-0.30,16
2017/06/19,35015,768824,21.40,22.35,21.40,22.35,0.65,29
2017/06/20,20002,454644,22.30,23.00,22.30,23.00,0.65,21
2017/06/21,17076,392860,22.40,23.45,22.40,23.35,0.35,16
2017/06/22,21060,492968,23.35,23.50,23.25,23.50,0.15,21
2017/06/23,289246,7067540,24.00,25.00,23.50,24.45,0.95,45
2017/06/27,148000,3596350,24.30,24.40,24.15,24.30,0.00,9
2017/06/28,29246,705192,24.30,25.00,23.30,24.25,-0.05,19
2017/06/29,101082,2401536,24.25,24.65,22.60,23.45,-0.80,65
2017/06/30,172013,4134109,23.40,24.25,23.40,24.05,+0.60,23
2017/07/03,197000,4748300,24.10,24.40,24.00,24.10,+0.05,21
2017/07/04,207160,4992098,24.10,24.10,24.00,24.10,0.00,9
2017/07/05,206000,4964650,24.25,24.25,24.05,24.10,0.00,7
2017/07/06,184411,4480411,24.10,24.30,23.95,24.30,+0.20,8
2017/07/07,12165,291727,24.20,24.20,23.80,23.80,-0.50,13
2017/07/10,4000,95250,23.80,23.85,23.80,23.85,+0.05,3
2017/07/11,15329,363449,23.65,23.95,23.55,23.55,-0.30,14
2017/07/12,9000,212150,23.55,24.00,23.50,23.50,-0.05,6
2017/07/13,1000,23550,23.55,23.55,23.55,23.55,+0.05,1
2017/07/14,2164,50622,23.30,23.55,23.30,23.55,0.00,4
2017/07/17,22082,532185,23.55,24.30,23.55,24.05,+0.50,17
2017/07/18,122000,3044950,24.30,25.25,24.10,25.25,+1.20,83
2017/07/19,84246,2153100,25.50,25.95,25.25,25.55,+0.30,51
2017/07/20,53071,1375671,25.70,26.20,25.70,26.00,+0.45,35
2017/07/21,12110,313648,25.50,25.95,25.50,25.90,-0.10,10
2017/07/24,23000,591750,25.85,26.15,25.30,25.50,-0.40,12
2017/07/25,35000,865300,25.25,25.25,24.20,24.65,-0.85,27
2017/07/26,23328,563724,24.65,24.65,24.00,24.05,-0.60,17
2017/07/27,86087,2143084,24.40,25.30,24.00,25.25,+1.20,52
2017/07/28,59000,1493000,24.50,25.90,24.25,25.40,+0.15,47
2017/07/31,147000,3873950,26.00,26.55,25.75,26.55,+1.15,92
2017/08/01,37000,979650,26.40,26.65,25.70,26.65,+0.10,30
2017/08/02,15009,393734,26.65,26.65,26.00,26.40,-0.25,18
2017/08/03,53000,1403100,26.45,26.75,26.00,26.45,+0.05,28
2017/08/04,18082,479336,26.75,26.75,26.00,26.50,+0.05,13
2017/08/07,60005,1601980,26.90,26.90,26.40,26.85,+0.35,40
2017/08/08,31000,808150,26.90,26.90,25.20,26.15,-0.70,22
2017/08/09,30000,760950,25.60,25.60,25.20,25.60,-0.55,20
2017/08/10,26082,662862,25.65,25.65,24.40,25.60,0.00,23
2017/08/11,17000,434700,25.60,25.70,25.20,25.65,+0.05,12
2017/08/14,8164,208624,25.65,25.65,25.40,25.65,0.00,8
2017/08/15,7000,180200,25.65,26.00,25.65,25.65,0.00,5
2017/08/16,27082,700158,26.15,26.15,25.65,26.00,+0.35,18
2017/08/17,19575,507718,25.70,26.20,25.70,26.20,+0.20,14
2017/08/18,128056,3357942,26.20,26.50,25.70,26.00,-0.20,64
2017/08/21,75414,2050239,26.00,28.20,25.90,28.20,+2.20,67
